name,pos,team,expectation,salary,prob_0_5,prob_5_10,prob_10_15,prob_15_20,prob_20_25,prob_25+
DeMarco Murray,RB,TEN,15.149180500383151,8500,0.096857101298875481,0.18587011442497473,0.21770558590448058,0.22216525230951162,0.14495067339662768,0.13245127266552981
Mike Gillislee,RB,BUF,11.609554673475213,5600,0.26286356435948427,0.21331088253796573,0.2145413597427745,0.14715922446358404,0.072585185200182478,0.089539783696009123
Ezekiel Elliott,RB,DAL,11.52036487302866,8700,0.26553526552977219,0.22774601968172609,0.19368096983524086,0.14796355722948304,0.080296595053815173,0.084777592669962862
Frank Gore,RB,IND,11.309646192079031,6300,0.17600319646218779,0.34398254065213901,0.20189065284982599,0.15531089510321311,0.065830867908794333,0.056981847023839689
Jay Ajayi,RB,MIA,11.217351690015676,7600,0.26957880613346497,0.22193961114394736,0.21257017348881721,0.15989025725139783,0.063386151784502451,0.072635000197870017
Isaiah Crowell,RB,CLE,10.742595304655586,6200,0.29189680235559312,0.23301840078825375,0.22023000408293095,0.11395756011240893,0.071318191664289488,0.069579040996523414
Le'Veon Bell,RB,PIT,10.522583530945283,9100,0.28914410518687583,0.27096584305881788,0.18766479525924412,0.12216386089874325,0.058577288066075039,0.071484107530244131
Christine Michael,RB,GB,10.178003114446314,6600,0.2781189595348435,0.28200760947723741,0.22487098216905127,0.11083154822065658,0.049498098579102666,0.054672802019108506
LeSean McCoy,RB,BUF,10.077144853727914,7500,0.35207606850601414,0.22260029274506798,0.19442486658967401,0.088637660995362494,0.073239593984328763,0.069021517179552808
Theo Riddick,RB,DET,9.7974934379135217,6700,0.31112774913609953,0.29933861022054398,0.17296938880114421,0.10522044762426866,0.058159064202655597,0.05318474001528866
Matt Asiata,RB,MIN,9.7660960295904626,5800,0.2710730201085953,0.31561269845731466,0.22694032347751739,0.1048430831167261,0.038457763043669893,0.043073111796176962
LeGarrette Blount,RB,NE,9.7262498626134839,7300,0.36290280039246259,0.26361365959536659,0.14759937450742841,0.088356862987621285,0.066269537635996925,0.071257764881124314
Spencer Ware,RB,KC,9.5843388420939899,7700,0.3621592281598075,0.24044884938621233,0.18199198854317791,0.10490561278477237,0.054753502038238672,0.055740819087791577
Giovani Bernard,RB,CIN,9.483375873577339,6000,0.37431196076494117,0.2464108411677588,0.16470756137446582,0.096114226564242428,0.059770519536910226,0.058684890591681783
David Johnson,RB,ARI,9.4341199943039147,8300,0.37399624147692173,0.23682157221790798,0.17212337094705943,0.11295132902472912,0.053635733992339438,0.050471752341042189
Todd Gurley,RB,LARM,9.4093138509564476,6700,0.35508879627084133,0.25148507199928599,0.20568033966315957,0.087852733929376703,0.044006473609130257,0.055886584528206634
Jeremy Hill,RB,CIN,9.3297251882899168,5900,0.37565326431529245,0.25580932279788499,0.16594026170522136,0.086971874242613392,0.06078681597312581,0.054838460965862416
Jacquizz Rodgers,RB,TB,9.2565216415407132,6400,0.38637811262653199,0.23835341308508362,0.17984692256911497,0.086798303349403402,0.050254081812713229,0.058369166557153143
Darren Sproles,RB,PHI,9.1708022935877356,5300,0.36636123110332303,0.26877525391598284,0.16216014327672382,0.11649094074538034,0.03947005878097902,0.046742372177611839
Ty Montgomery,RB,GB,9.1266026665838833,5200,0.36669057965570367,0.27066234056293625,0.16997423149685723,0.10461047216472902,0.03943356733292927,0.048628808786844363
Charcandrick West,RB,KC,9.0297205890298162,5400,0.38485255802843238,0.26349537372787846,0.15286757750556615,0.10054510832716687,0.056118647969329132,0.04212073444162711
Jordan Howard,RB,CHI,8.8993752903712569,6800,0.4311945269227262,0.21851887350851718,0.15155287821698982,0.091124104118105148,0.053169970390869202,0.054439646842792455
T.J. Yeldon,RB,JAC,8.8890394846134146,5400,0.36367837415762061,0.29797818469574339,0.16424877418472775,0.091703334679739013,0.03573450159258118,0.046656830689588417
Rashad Jennings,RB,NYG,8.8338512997349632,5600,0.40032096859283028,0.26122755339263481,0.1684901909172638,0.066278823637757209,0.048686463491012168,0.054995999968501928
DuJuan Harris,RB,SF,8.7958091437617778,5300,0.39919809664767275,0.24050422994524959,0.1944404655766562,0.079946124513979172,0.039617122470354336,0.046293960846087757
Ryan Mathews,RB,PHI,8.7451534355335614,5500,0.40003751884991978,0.26197348155300287,0.15582622128698623,0.098735944513001522,0.037937239544718261,0.045489594252371833
Chris Ivory,RB,JAC,8.6644479490898085,5400,0.38857119209847252,0.27505291444339691,0.17894735647285595,0.07553829817964075,0.036124126138239405,0.045766112667394575
Terrance West,RB,BAL,8.2989780957105967,6200,0.44044140417137584,0.25885640906967539,0.1443444079730711,0.064686986381795764,0.040164527039494677,0.051506265364587155
Rob Kelley,RB,WAS,8.2652132256821744,5400,0.4781264076471064,0.20199355463090465,0.15318895696584334,0.070697735099205392,0.047388757008474051,0.048604588648466222
Derrick Henry,RB,TEN,8.1531164543554606,4900,0.4912922002675934,0.21681309544780428,0.11245059282659213,0.078083811630585517,0.05214392425877748,0.049216375568647379
Chris Thompson,RB,WAS,7.9382555310477718,5100,0.47916193034573445,0.23178648343421107,0.13084939038974108,0.07670094542642529,0.043443246302854462,0.038058004101033494
James White,RB,NE,7.798817012465709,5900,0.49647245795801231,0.23323915969196229,0.12960355391773837,0.049215074972716051,0.037676857250300982,0.053792896209270143
Matt Jones,RB,WAS,7.7310559557280527,5300,0.52991089901154553,0.20532084828300606,0.12337338488212576,0.040603601521086607,0.031623562976087878,0.069167703326148314
Jerick McKinnon,RB,MIN,7.5971532239130184,5400,0.50093907298915663,0.22499594448064217,0.14689108485773825,0.057625997673901988,0.019964962428025725,0.049582937570535231
Peyton Barber,RB,TB,7.295644705544345,5100,0.46939674641502155,0.28621743691387347,0.13565299874171596,0.05824886389891222,0.025560855137557188,0.024923098892919646
Paul Perkins,RB,NYG,7.2105609213370858,4500,0.54858086085444568,0.2082259145725853,0.11528504900261928,0.055011071644324352,0.026202562873507477,0.046694541052518072
Alfred Morris,RB,DAL,7.0583570924304651,4600,0.56066134728012773,0.19969646940589206,0.12360722833972923,0.046952122834613669,0.021510036801282818,0.047572795338354082
Damien Williams,RB,MIA,7.0209124040407227,4700,0.57007027397580423,0.20173844727489673,0.11280432893880188,0.041901158166860734,0.016297057063120516,0.057188734580515932
Mike Davis,RB,SF,6.8427355320862793,4700,0.58834046440329324,0.19270257012886763,0.10445550156137515,0.041607852958147215,0.022358080450386116,0.050535530497930414
Reggie Bush,RB,BUF,6.5645647568532439,5200,0.59159020646600691,0.20850129597315412,0.087703291732331545,0.053449838318742546,0.025121280572221114,0.033634086937543904
Ronnie Hillman,RB,MIN,6.5279806987463536,4600,0.5752033254599157,0.22484460698638514,0.10301743462823004,0.046779094861606196,0.016398311397709222,0.033757226666153987
Justin Forsett,RB,DET,6.4196400179084527,4500,0.62406543804259651,0.17918081530572844,0.093336862517050354,0.03796410026935898,0.023082756892542383,0.042370026972723039
Benny Cunningham,RB,LARM,6.3583983547107259,4500,0.61670522747855994,0.19649472279884125,0.095483937723182075,0.030595940168953291,0.011171606962236175,0.049548564868227042
Carlos Hyde,RB,SF,6.3081043161776034,6500,0.64190907605655634,0.1795990934884753,0.073297389905065777,0.03490570290723119,0.020733806998135897,0.049554930644535373
C.J. Prosise,RB,SEA,6.2608099151986316,4900,0.58596432065452475,0.24173703436692107,0.075766191660477156,0.052143558896897875,0.019482583444739285,0.024906310976440048
Doug Martin,RB,TB,6.2355653100462902,6500,0.64855208705501766,0.16747722325652212,0.080545097021543971,0.037986532039663387,0.022609254545608186,0.042829806081644987
Kenneth Dixon,RB,BAL,6.2285696232534589,4800,0.6205811623395584,0.20440214202029197,0.081537098613484585,0.038316988389198871,0.012526422951498044,0.04263618568596831
Dwayne Washington,RB,DET,6.1666327065347106,4500,0.63482298158517181,0.19277727616685525,0.074220599055210695,0.041906714099837615,0.014974220734472615,0.041298208358452396
Jonathan Williams,RB,BUF,6.1174770266495013,4500,0.64568051747569355,0.17652808334747289,0.085373417424131126,0.034017201780927202,0.01783501806749184,0.040565761904283244
Mike James,RB,TB,6.0955286847915211,4600,0.63276965154313392,0.20046772512290514,0.076669548672487958,0.035538104659189801,0.014090249498559871,0.040464720503722885
Robert Turbin,RB,IND,6.0509876550196235,4500,0.61528331414920256,0.21966526915973003,0.080839063421215801,0.038469531566102742,0.015268568215285451,0.030474253488462683
James Starks,RB,GB,6.0137699372023006,5500,0.64406807311300052,0.19206154112139359,0.074093887241441267,0.033594298048740708,0.019189224687158737,0.03699297578826536
Ka'Deem Carey,RB,CHI,5.9531851203206116,4500,0.67942652659991098,0.15128450780688429,0.076750145392325816,0.028926682589862918,0.018988510352080799,0.044623627258934914
Shaun Draughn,RB,SF,5.9144266763039388,4600,0.67969536443758272,0.16675058820836899,0.059474485633188204,0.028866115001094126,0.015479802816072604,0.049733643903693836
Duke Johnson Jr.,RB,CLE,5.8732838697025365,5000,0.66081950371998754,0.18618613473645543,0.065998394466233748,0.033212451756938099,0.012081081601156047,0.041702433719229173
DeAngelo Williams,RB,PIT,5.8699297015991645,4500,0.65536919742517685,0.17626648564853173,0.094129703380283258,0.026136941514887744,0.0094391367895312363,0.038658535241589319
Zach Zenner,RB,DET,5.8535340285701256,4500,0.65075236123610636,0.16840511930808971,0.10426956679666188,0.038603679158013007,0.011894852167067966,0.026074421334060224
Don Jackson,RB,GB,5.7743699210111767,4700,0.65036201362287616,0.1891708553178944,0.082563070110387798,0.03815926990267593,0.012624776275291551,0.027120014770874258
Isaiah Pead,RB,MIA,5.7681385305204351,4500,0.67131128677528973,0.17749391909251902,0.069988547645887397,0.031674013793369003,0.00652651312498965,0.043005719567945459
Daniel Thomas,RB,MIA,5.7681385305204351,4500,0.67131128677528973,0.17749391909251902,0.069988547645887397,0.031674013793369003,0.00652651312498965,0.043005719567945459
Aaron Ripkowski,RB,GB,5.7425792645664693,4600,0.64951567989927828,0.19200544352257429,0.0762259867251322,0.048001180167096084,0.011203652990425309,0.023048056695493199
Christian Powell,RB,PIT,5.7262259746460069,4500,0.65394957039650947,0.19612402871278545,0.075682925877962659,0.031669608873214426,0.010122842856792469,0.032451023282735497
Daryl Richardson,RB,PIT,5.7262259746460069,4500,0.65394957039650947,0.19612402871278545,0.075682925877962659,0.031669608873214426,0.010122842856792469,0.032451023282735497
Glenn Winston,RB,CLE,5.6641864707420995,4500,0.672156861667081,0.18401588364784632,0.06385319362903949,0.034491920948449807,0.0097714401407715552,0.035710699966811782
Patrick Skov,RB,CLE,5.6641864707420995,4500,0.672156861667081,0.18401588364784632,0.06385319362903949,0.034491920948449807,0.0097714401407715552,0.035710699966811782
George Atkinson III,RB,CLE,5.6641864707420995,4500,0.672156861667081,0.18401588364784632,0.06385319362903949,0.034491920948449807,0.0097714401407715552,0.035710699966811782
Dion Lewis,RB,NE,5.6560122586702839,4900,0.65760634872324752,0.20129448186193211,0.069091227721821302,0.025498094749154605,0.017318004538206481,0.029191842405638397
Sam Bergen,RB,TEN,5.6353504241358845,4500,0.66845515272060518,0.18556313763133547,0.070346245999055368,0.033723939897204611,0.0099149832528810759,0.031996540498918452
Jonas Gray,RB,JAC,5.6088461413182964,4500,0.68003044912578692,0.17558603584459567,0.070040417135665972,0.028153951978221476,0.0093052273655821055,0.03688391855014779
Corey Grant,RB,JAC,5.6088461413182964,4500,0.68003044912578692,0.17558603584459567,0.070040417135665972,0.028153951978221476,0.0093052273655821055,0.03688391855014779
Bronson Hill,RB,JAC,5.6088461413182964,4500,0.68003044912578692,0.17558603584459567,0.070040417135665972,0.028153951978221476,0.0093052273655821055,0.03688391855014779
Trey Williams,RB,IND,5.6015882025895118,4500,0.67887471322026738,0.1796401408341271,0.064303913805983673,0.033566441060149471,0.006703606506002718,0.036911184573469695
Thomas Rawls,RB,SEA,5.595690804047317,5100,0.68432322155243974,0.18581003336315755,0.049746848437014789,0.026897183835682029,0.012970684993301604,0.040252027818404736
Rod Smith,RB,DAL,5.586702268320491,4500,0.68174960817952279,0.17827888328793734,0.071688274283121009,0.017990980022724024,0.009749189391730112,0.040543064834965198
Malcolm Johnson,RB,CLE,5.5863617319423149,4500,0.70293324812404079,0.15873159294701081,0.063952002993113738,0.015582561036527706,0.010113910150890965,0.048686684748415622
Glenn Gronkowski,RB,NE,5.577832017419631,4500,0.66543009670664699,0.20109432366112473,0.061550482126904976,0.02547469225912315,0.017304987439381046,0.029145417806819514
D.J. Foster,RB,NE,5.577832017419631,4500,0.66543009670664699,0.20109432366112473,0.061550482126904976,0.02547469225912315,0.017304987439381046,0.029145417806819514
Donald Brown,RB,NE,5.577832017419631,4500,0.66543009670664699,0.20109432366112473,0.061550482126904976,0.02547469225912315,0.017304987439381046,0.029145417806819514
Joey Iosefa,RB,NE,5.577832017419631,4500,0.66543009670664699,0.20109432366112473,0.061550482126904976,0.02547469225912315,0.017304987439381046,0.029145417806819514
Rex Burkhead,RB,CIN,5.5687247523733339,4500,0.69726703066131501,0.15181742411415067,0.075398130515071909,0.026990732635020765,0.01247434294689837,0.036052339127543312
Bruce Miller,RB,SF,5.5518094427793194,4500,0.68409822812369925,0.1835637213504083,0.058562979237898542,0.024003756811036728,0.011195634088236154,0.038575680388720772
Kendall Gaskins,RB,SF,5.5518094427793194,4500,0.68409822812369925,0.1835637213504083,0.058562979237898542,0.024003756811036728,0.011195634088236154,0.038575680388720772
Ameer Abdullah,RB,DET,5.5442107052998306,4900,0.69283457687972827,0.16965222918671008,0.06040462816682346,0.028979022439202373,0.0092041284156773595,0.038925414911858525
Mack Brown,RB,WAS,5.5076963048380652,4500,0.66874843372962123,0.19968826403339929,0.062381873656597357,0.027700449684830226,0.013418993911233393,0.02806198498431893
Keith Marshall,RB,WAS,5.5076963048380652,4500,0.66874843372962123,0.19968826403339929,0.062381873656597357,0.027700449684830226,0.013418993911233393,0.02806198498431893
Silas Redd Jr.,RB,WAS,5.5076963048380652,4500,0.66874843372962123,0.19968826403339929,0.062381873656597357,0.027700449684830226,0.013418993911233393,0.02806198498431893
Shane Vereen,RB,NYG,5.479063254131729,4600,0.68769322606423566,0.18454505260902551,0.05750554040333334,0.022937455673164801,0.0091494758600432873,0.038169249390197266
Knile Davis,RB,KC,5.4785322239595597,4700,0.68790061089787591,0.16825502242185883,0.066722562238941255,0.036900764976495234,0.017801194361456229,0.022419845103372069
Zach Laskey,RB,LARM,5.4645638990689243,4500,0.6982793138720802,0.16808752403998975,0.060096119545178829,0.027238912476957453,0.0085743710764017659,0.037723758989391634
Tre Mason,RB,LARM,5.4645638990689243,4500,0.6982793138720802,0.16808752403998975,0.060096119545178829,0.027238912476957453,0.0085743710764017659,0.037723758989391634
Keith Smith,RB,DAL,5.4472938243848565,4500,0.68589435070022209,0.18080235514338902,0.072567679318355116,0.016201185931722793,0.0077546512298545629,0.036779777676456994
Will Johnson,RB,NYG,5.4438088562046616,4500,0.69130120428497566,0.18329711920401917,0.055518642521105457,0.022899885010650559,0.0091880329334930785,0.03779511604575566
Nikita Whitlock,RB,NYG,5.4438088562046616,4500,0.69130120428497566,0.18329711920401917,0.055518642521105457,0.022899885010650559,0.0091880329334930785,0.03779511604575566
Darren McFadden,RB,DAL,5.4313405257354521,4500,0.67855712933939694,0.19514595305777258,0.063132327707542082,0.020743065867517993,0.0094793210671728946,0.032942202960597598
Darius Jackson,RB,DAL,5.4313405257354521,4500,0.67855712933939694,0.19514595305777258,0.063132327707542082,0.020743065867517993,0.0094793210671728946,0.032942202960597598
C.J. Ham,RB,MIN,5.4041130693206165,4500,0.70023481593853598,0.17646026432549541,0.052656700991458465,0.023118750701126831,0.0079546447645856035,0.039574823278797591
Zac Brooks,RB,KC,5.3864899047339172,4500,0.7004391881466826,0.16966400920545854,0.059294638613514507,0.028560492991396721,0.0068451396746331628,0.035196531368314597
Bishop Sankey,RB,KC,5.3864899047339172,4500,0.7004391881466826,0.16966400920545854,0.059294638613514507,0.028560492991396721,0.0068451396746331628,0.035196531368314597
Raheem Mostert,RB,CHI,5.3788787886307166,4500,0.69946504132686704,0.16746921614529928,0.065026588353810602,0.026963497133508815,0.0080154117298769489,0.033060245310637684
Darrel Young,RB,CHI,5.3788787886307166,4500,0.69946504132686704,0.16746921614529928,0.065026588353810602,0.026963497133508815,0.0080154117298769489,0.033060245310637684
Paul Lasike,RB,CHI,5.3788787886307166,4500,0.69946504132686704,0.16746921614529928,0.065026588353810602,0.026963497133508815,0.0080154117298769489,0.033060245310637684
David Cobb,RB,CHI,5.3788787886307166,4500,0.69946504132686704,0.16746921614529928,0.065026588353810602,0.026963497133508815,0.0080154117298769489,0.033060245310637684
Jeremy Langford,RB,CHI,5.3723337905532285,4800,0.70303077291391702,0.16137664824504538,0.069432984524920138,0.025589676126776924,0.0053944785112719686,0.03517543967806832
Bobby Rainey,RB,NYG,5.3559230886482947,4500,0.7242115044194517,0.15079876633390984,0.047452217653856744,0.029920069231091535,0.0023660034136882028,0.045251438948001661
Wendell Smallwood,RB,PHI,5.3414346805555795,4500,0.70919704375228187,0.15849740782004962,0.057465538546433152,0.034585510128678811,0.010170577950616965,0.030083921801939133
Lance Dunbar,RB,DAL,5.3381067605956662,4500,0.70695487952995284,0.17095600414795842,0.052121649132713679,0.026638716289836578,0.0041378536614541548,0.039190897238084235
John Crockett,RB,GB,5.3354469053795626,4500,0.69391909097517535,0.17696523899190647,0.064032581610222142,0.027341681066998965,0.0086731011159220488,0.029068306239775295
Cedric Peerman,RB,CIN,5.2888673021551345,4500,0.71188200920901024,0.16477929719882503,0.053940742164227944,0.027208147150023322,0.0074607839358933762,0.034729020342020474
Brandon Cottom,RB,SEA,5.2837196832728672,4500,0.70413881832833636,0.1777582681821715,0.050465040308568215,0.025037569337203091,0.010058639374950011,0.032541664468771214
Tre Madden,RB,SEA,5.2837196832728672,4500,0.70413881832833636,0.1777582681821715,0.050465040308568215,0.025037569337203091,0.010058639374950011,0.032541664468771214
Troymaine Pope,RB,SEA,5.2716645584822723,4500,0.72130813030451413,0.15738192622134226,0.045706493781523853,0.029641000997048902,0.013197248556936157,0.032765200138634633
Roosevelt Nix,RB,PIT,5.268099726682161,4500,0.70242819503406784,0.17743697382592563,0.058931235439354746,0.018830683090798071,0.010036111689866969,0.032336800919986981
Kyle Juszczyk,RB,BAL,5.2532129159328207,4500,0.71449811657048579,0.16685931335062471,0.054295046540018779,0.021185106128297285,0.004174228681859393,0.038988188728714464
Kenjon Barner,RB,PHI,5.2282003631516174,4700,0.70171934285524984,0.17029637318299379,0.068206452490217478,0.026475113180261006,0.0070081365302736712,0.026294581761003511
Kenyan Drake,RB,MIA,5.1999511614631881,4500,0.74330306253724265,0.13207717233446403,0.053970110312495767,0.024711958897950331,0.0038515169499077923,0.042086178967939918
Byron Marshall,RB,PHI,5.1989983379431957,4500,0.71502285089108097,0.17070655706371643,0.054915685782627441,0.016637107603350968,0.004238577146505741,0.038479221512718417
Chris Johnson,RB,ARI,5.195424514798165,4500,0.70924179888175964,0.17479246239246532,0.054789605059329213,0.022421160644895709,0.0063251165939288076,0.032429856427621383
Andre Ellington,RB,ARI,5.1804881471877078,4500,0.72767594720276318,0.15614943886477869,0.05065329765118471,0.017578022779232292,0.013808940577509941,0.034134352924531347
Orleans Darkwa,RB,NYG,5.083606346099355,4500,0.75208843796314795,0.13661709141287987,0.042106020773915016,0.024507339283614368,0.00103543442389605,0.043645676142546774
Joique Bell,RB,CHI,5.0821103176735551,4600,0.73334622288937734,0.14698063073596807,0.059948253875680188,0.019845153830748211,0.009389229785992971,0.03049050888223323
Javorius Allen,RB,BAL,5.0714778372716331,4500,0.72930484496481485,0.15458328065357951,0.059418624651739284,0.019389807900393231,0.0038115953512787635,0.033491846478194767
Alex Collins,RB,SEA,4.8900844158553998,4500,0.76898080861422435,0.12810782520418623,0.039907237165652525,0.019520557057900199,0.0058849473282949431,0.037598624629741659
Lorenzo Taliaferro,RB,BAL,4.8348509514823332,4500,0.74944005849813355,0.15140983276374453,0.047094853008368256,0.018508722818215025,0.0018881814963541399,0.03165835141518477
Fitzgerald Toussaint,RB,PIT,4.8283800781867985,4500,0.74984663445352917,0.14561473964031091,0.055938872129105199,0.014446312030569815,0.0059226130852959684,0.028230828661189023
Brandon Bolden,RB,NE,4.8257914781556437,4500,0.75624400535514791,0.14412283299891748,0.045503219989412293,0.011712105136055216,0.017196475357115382,0.025221361163351878
James Develin,RB,NE,4.8257914781556437,4500,0.75624400535514791,0.14412283299891748,0.045503219989412293,0.011712105136055216,0.017196475357115382,0.025221361163351878
Antonio Andrews,RB,TEN,4.8197217677238005,4500,0.75366565433469856,0.14431096102935756,0.046828972476017784,0.022629649700976095,0.004737313834313959,0.027827448624636496
Malcolm Brown,RB,LARM,4.6796196227099207,4500,0.78704193219697249,0.11428739184874137,0.041995708912706015,0.022226498018499755,0.0012767243030717046,0.033171744720008903
Chase Reynolds,RB,LARM,4.6006532421036619,4500,0.79667764114729767,0.10695113274570311,0.041911776433577096,0.020902341736465119,0.0011366020863065724,0.032420505850650656
Jerome Felton,RB,BUF,4.4718373011179215,4500,0.78306184267175383,0.13252856565559931,0.038340569138178807,0.018571394136520817,0.0080445681076705237,0.019453060290276606
Will Tukuafu,RB,SEA,4.4560354585624813,4500,0.80784171696901153,0.10365002847579907,0.041042428043929928,0.015134720728755628,0.0015874839499547336,0.030743621832550198
Ryan Hewitt,RB,CIN,4.4442197008576194,4500,0.79641443797192857,0.11854371411138909,0.045174165871563796,0.0072762116782910105,0.0048340925520055618,0.027757377814822345
Stepfan Taylor,RB,ARI,4.3842632474953875,4500,0.80742543130929401,0.11290735776309384,0.035072939859626048,0.0098165187039817945,0.009538905915238139,0.025238846448766682
Kerwynn Williams,RB,ARI,4.3842632474953875,4500,0.80742543130929401,0.11290735776309384,0.035072939859626048,0.0098165187039817945,0.009538905915238139,0.025238846448766682
Josh Ferguson,RB,IND,4.3317460024310339,4500,0.78554426037989855,0.14134369723711906,0.038667339569930875,0.011426618535486448,0.0016994528850574359,0.021318631392507382
Jordan Todman,RB,IND,4.3074519607763069,4500,0.79609771475334057,0.12940544192278922,0.038551735825362539,0.010837580850266077,0.0030688972102600695,0.022038629437981735
Jalston Fowler,RB,TEN,4.3072350171501341,4500,0.80806025641264301,0.1163439087753826,0.035963604372325757,0.010977116022506422,0.0030310342432393286,0.025624080173903215
Zach Line,RB,MIN,4.2192827823962045,4500,0.8235741700433703,0.1005981208086148,0.034051644709094019,0.015086398294065688,0.0035523793540370393,0.023137286790818532
Denard Robinson,RB,JAC,4.1562694124398503,4500,0.84523838885815816,0.07865732208581748,0.035076043371207843,0.0097907455255231129,0.0031152637133006656,0.028122236445992942
Michael Burton,RB,DET,3.9571895838167235,4500,0.85607458363238076,0.076419693066882344,0.035565702695722942,0.0073694451636737131,0.0010743943927098857,0.023496181048631097
Anthony Sherman,RB,KC,3.9515763968008049,4500,0.84453459150331844,0.092773985991764202,0.030834827023685885,0.01040522999371947,0.002600878097694975,0.018850487389817299
