name,pos,team,expectation,salary,prob_0_5,prob_5_10,prob_10_15,prob_15_20,prob_20+
Marcus Mariota,QB,TEN,19.413939179345761,8000,0.022545682962270799,0.05667244211792296,0.1781487448114093,0.2480207875729171,0.49461234253547987
Tyrod Taylor,QB,BUF,18.710043906062211,7300,0.026916381006156141,0.075633861199775984,0.19182525286792293,0.26172390526055667,0.44390059966558892
Matthew Stafford,QB,DET,17.946430485544884,7900,0.03782549458466071,0.10191977180672282,0.19890007135357135,0.25768653170172851,0.4036681305533168
Andrew Luck,QB,IND,17.111401945512501,8100,0.040136042406603387,0.097135407281277744,0.26299113490847503,0.26643710487474975,0.33330031052889403
Aaron Rodgers,QB,GB,17.100034773191716,9100,0.032780727283902016,0.11497666211567539,0.21021807677284909,0.33634417549807483,0.30568035832949891
Tom Brady,QB,NE,16.42553685238715,9300,0.17340713313404427,0.082438003417205238,0.13448144002790813,0.20654927892625427,0.403124144494588
Russell Wilson,QB,SEA,16.331700649058728,7400,0.055707668361243662,0.12058370682728939,0.2675379269922179,0.2613917141244016,0.29477898369484795
Jameis Winston,QB,TB,15.677297410855088,7500,0.053318905903039331,0.17507496625629615,0.26070142598666363,0.24005966293440711,0.27084503891959394
Blake Bortles,QB,JAC,15.521882846227557,7200,0.062012054891662088,0.16723386914109992,0.25697657291888459,0.25920613963396433,0.25457136341438874
Nick Foles,QB,KC,15.067217670813642,6200,0.13370969804787661,0.15446231132511068,0.20752451301695879,0.21695563496102946,0.2873478426490248
Kirk Cousins,QB,WAS,15.059870009225516,7600,0.21293607065978259,0.099167830696473599,0.14773258848623536,0.20892986768842023,0.33123364246908849
Ben Roethlisberger,QB,PIT,15.027754450140876,8400,0.21929948492190693,0.097032860236878501,0.1615214606331396,0.17612184360754657,0.34602435060052844
Andy Dalton,QB,CIN,15.013852133445997,7500,0.20567645796780545,0.087115444263511782,0.18227575055286546,0.2073947207674805,0.31753762644833666
Dak Prescott,QB,DAL,14.887043676952654,7500,0.16872222189825184,0.10748752178800304,0.22113998779971952,0.22285664687335113,0.27979362164067456
Eli Manning,QB,NYG,14.412846915305037,7700,0.13524836978865767,0.20553007454056554,0.19474781888374698,0.20172542985912476,0.26274830692790524
Carson Wentz,QB,PHI,14.327941769563221,6300,0.069852946899984975,0.24105149879577017,0.24674970525040998,0.2396792507508026,0.20266659830303255
Sam Bradford,QB,MIN,14.256194466563052,6600,0.061132441881947178,0.26116636775786983,0.23970670400743985,0.24021071403165514,0.19778377232108788
Colin Kaepernick,QB,SF,13.969833662382282,7000,0.15371378111403186,0.19431606531399401,0.19449242761739954,0.23198930324528177,0.22548842270929284
Ryan Tannehill,QB,MIA,13.901624996933549,6900,0.14198556797431966,0.19490795351179402,0.21944022485376044,0.23330769686878133,0.21035855679134463
Cody Kessler,QB,CLE,13.612826370905065,6500,0.16403243266529305,0.19507837854708562,0.20425806978529362,0.23057951963142312,0.20605159937090461
Alex Smith,QB,KC,13.516377312682792,6700,0.23773108541410165,0.13503959448420763,0.19313028955912653,0.18098023233829449,0.25311879820426986
Joe Flacco,QB,BAL,13.408948190133707,7100,0.16520691712168201,0.19553025964481838,0.23097226486533681,0.20866177600365599,0.19962878236450687
Jimmy Garoppolo,QB,NE,13.158540776597086,6000,0.36464653986157408,0.085301966633292162,0.088325135568729271,0.13867512877676913,0.3230512291596353
Landry Jones,QB,PIT,12.935580537462474,6000,0.33881576699527666,0.10900649913580357,0.10250763543114336,0.16694740365039273,0.28272269478738371
Chad Henne,QB,JAC,12.8691873779762,5500,0.31357141761054697,0.14684384343462822,0.11175790385049719,0.14782862233990471,0.27999821276442299
Case Keenum,QB,LARM,12.670101568932168,6400,0.17405555103785811,0.22831277627163679,0.24327347845859026,0.18363419563066741,0.1707239986012476
Jacoby Brissett,QB,NE,12.653572276537218,6000,0.37072814775360496,0.11021013120352198,0.084871578755633476,0.13539631579994885,0.29879382648729075
Brandon Allen,QB,JAC,12.609754977292184,5000,0.33148827475878845,0.14800842624317745,0.1044483760509245,0.13813422409905532,0.27792069884805426
Jay Cutler,QB,CHI,12.604732678810063,6800,0.28173211110226848,0.17218803877286681,0.16071853522783117,0.13786966033544487,0.24749165456158859
Josh McCown,QB,CLE,12.580410610258111,6500,0.28742290880356952,0.15930082236617307,0.15262783808889926,0.16759487655230693,0.23305355418905108
Matt Cassel,QB,TEN,12.474466273768986,6000,0.40173030942199289,0.08772510542069277,0.087245148106073978,0.11477974240641686,0.30851969464482348
Scott Tolzien,QB,IND,12.446820033217353,5000,0.39344908461260475,0.089458031586963541,0.11032698431997268,0.10079636083033579,0.30596953865012316
Blaine Gabbert,QB,SF,12.443885266588245,6000,0.33802198601213446,0.1386318772799921,0.11374989541391582,0.14702513374198953,0.26257110755196811
Joe Callahan,QB,CLE,12.42942264917367,5000,0.36409038269143745,0.12132831813139189,0.10888013774498367,0.11923952682097749,0.28646163461120944
Jared Goff,QB,LARM,12.421610003143233,6000,0.31053617760053892,0.14973235958484191,0.15170758351184718,0.14328865522824236,0.24473522407452963
Drew Stanton,QB,ARI,12.414625468523901,6000,0.31499483403683726,0.14988070304657264,0.14474427517195926,0.14210333635769984,0.24827685138693098
Charlie Whitehurst,QB,CLE,12.413515225483376,6000,0.34661185302645453,0.12800638647587995,0.11679058731368054,0.14502986355633191,0.26356130962765295
Christian Ponder,QB,SF,12.374084235330171,5200,0.3512475237774289,0.13319613462432961,0.11697764098887103,0.12395914818546944,0.27461955242390096
Trevone Boykin,QB,SEA,12.351515678330712,6000,0.33753268925941893,0.14967504091594611,0.12677502279913158,0.11333304164188758,0.27268420538361565
EJ Manuel,QB,BUF,12.342275065001992,5000,0.40985627409474051,0.090529628948668353,0.081514228638519579,0.11103498710442099,0.30706488121365061
Cardale Jones,QB,BUF,12.342275065001992,5000,0.40985627409474051,0.090529628948668353,0.081514228638519579,0.11103498710442099,0.30706488121365061
Mike Glennon,QB,TB,12.335676253952352,6000,0.27853120251188745,0.15965119557912127,0.18947420141373708,0.1646730998965128,0.20767030059874145
Carson Palmer,QB,ARI,12.274387806790287,7400,0.26270252909073405,0.18629031398158369,0.17764881400527124,0.17788194918994524,0.19547639373246573
Ryan Mallett,QB,BAL,12.251629200509701,6000,0.31240199008260433,0.16551635063712272,0.12843677569262263,0.16231069204323631,0.23133419154441401
Sean Mannion,QB,LARM,12.236191481770028,5000,0.33708439652451727,0.14476940204325914,0.14119782821286309,0.11746296106806764,0.25948541215129284
David Fales,QB,BAL,12.23538787717826,5000,0.35257124550630958,0.13321764532973998,0.1335137658554332,0.11087043099552089,0.26982691231299621
AJ McCarron,QB,CIN,12.225769349811198,5900,0.39726505814997237,0.098125159009328819,0.098042436446949627,0.11907281380857282,0.28749453258517627
Jake Heaps,QB,SEA,12.175804552918681,5000,0.36321163301737158,0.13826595338080208,0.12130396372418677,0.09546399646321109,0.28175445341442834
Dustin Vaughan,QB,PIT,12.086396494853515,5000,0.41324267488600946,0.10041633590672136,0.081796611000301833,0.11145330724531638,0.29309107096165088
Zach Mettenberger,QB,PIT,12.086396494853515,5000,0.41324267488600946,0.10041633590672136,0.081796611000301833,0.11145330724531638,0.29309107096165088
Keith Wenning,QB,CIN,12.045753999996702,5000,0.41587630942568143,0.092315957541933988,0.099112992188314736,0.099011650478358124,0.29368309036571166
Jeff Driskel,QB,CIN,12.045753999996702,5000,0.41587630942568143,0.092315957541933988,0.099112992188314736,0.099011650478358124,0.29368309036571166
Matt Moore,QB,MIA,12.010537273454863,5500,0.38013572178198313,0.11574281161685106,0.12092785380238903,0.11990821475010129,0.26328539804867551
Tyler Bray,QB,KC,11.928414790927716,5000,0.37931061067036315,0.11717751470563283,0.12967779192223883,0.11540234168167339,0.2584317410200917
Chase Daniel,QB,PHI,11.891942034105327,5000,0.37571116257111553,0.12371325845049488,0.12760730913362675,0.11926445613207666,0.25370381371268608
Colt McCoy,QB,WAS,11.889666102335058,5500,0.41734674804951732,0.096790875002541299,0.091453175001939252,0.11773694219761158,0.27667225974839044
Brett Hundley,QB,GB,11.887835034829838,5000,0.3990402152735652,0.11365173902984871,0.10217679086178004,0.11568597369604565,0.26944528113876043
Brandon Doughty,QB,MIA,11.869496167561852,5000,0.40391373043602946,0.10279649669128557,0.11674548207988886,0.10455835727085031,0.27198593352194578
Nate Sudfeld,QB,WAS,11.834463008332859,5000,0.43251592130277322,0.086711469730021098,0.091685298360045672,0.10272157501050687,0.28636573559665307
Ryan Nassib,QB,NYG,11.787920888055075,5000,0.38136696471808973,0.13996733985187154,0.11208901923436587,0.10410416239341096,0.26247251380226194
Logan Thomas,QB,NYG,11.787920888055075,5000,0.38136696471808973,0.13996733985187154,0.11208901923436587,0.10410416239341096,0.26247251380226194
Josh Johnson,QB,NYG,11.787920888055075,5000,0.38136696471808973,0.13996733985187154,0.11208901923436587,0.10410416239341096,0.26247251380226194
Tony Romo,QB,DAL,11.772322042685051,6500,0.40157097366350269,0.1091910028331404,0.10651017596451047,0.12668150676663989,0.25604634077220656
Alex Tanney,QB,TEN,11.761247809398723,5000,0.43832100762786186,0.090949102406067905,0.089537894463769779,0.088759539476143109,0.29243245602615731
B.J. Daniels,QB,CHI,11.657684576091409,5000,0.38202490572571146,0.13855739965402117,0.11850534281318836,0.11209116879598158,0.24882118301109754
Josh Woodrum,QB,CHI,11.657684576091409,5000,0.38202490572571146,0.13855739965402117,0.11850534281318836,0.11209116879598158,0.24882118301109754
Kevin Hogan,QB,CLE,11.610993686246456,6000,0.35916828575197751,0.14615288672226431,0.13520036811901232,0.14133863536090271,0.21813982404584317
Jameill Showers,QB,DAL,11.604280747381017,5000,0.43207727828670517,0.099703328826770063,0.097066489344481324,0.095445482652482885,0.27570742088956046
Jake Rudock,QB,DET,11.568316693153445,5000,0.40058497583231206,0.12976855340037668,0.11203667825982806,0.099615091715345147,0.25799470079213799
Dan Orlovsky,QB,DET,11.568316693153445,5000,0.40058497583231206,0.12976855340037668,0.11203667825982806,0.099615091715345147,0.25799470079213799
Matt Barkley,QB,CHI,11.500128227115001,6000,0.36123757077352175,0.14120072788281257,0.13569674216100611,0.16064058873586173,0.20122437044679786
Brian Hoyer,QB,CHI,11.490544462925085,6000,0.35258333579798873,0.1538593303556203,0.13512677822013888,0.15929432968601015,0.19913622594024191
Shaun Hill,QB,MIN,11.447379308541972,6000,0.3319566399039004,0.18146818356889885,0.14834743022486643,0.14047469378049451,0.19775305252183983
Ryan Griffin,QB,TB,11.422968969376679,5000,0.39551587969913693,0.12506029880950847,0.13878195684078226,0.10061253969554186,0.24002932495503046
Taylor Heinicke,QB,MIN,11.095409890577528,5000,0.36952088922725923,0.17313484006366761,0.13775405158404519,0.11181130078591918,0.20777891833910886
Mark Sanchez,QB,DAL,10.811208778045231,5000,0.4798364662200244,0.10951190849215969,0.069897158254934463,0.08030638069396577,0.26044808633891564
