name,pos,team,expectation,prob_0_5,prob_5_10,prob_10_15,prob_15_20,prob_20+,salary
Mike Evans,WR,TB,11.850109319050016,0.18563599577567733,0.26208406495252329,0.22847515814563304,0.14423164193845209,0.17957313918771439,
Jordy Nelson,WR,GB,11.300428906074142,0.22782632277182452,0.24658960174329925,0.22322060970344734,0.14239890306108122,0.1599645627203477,
Doug Baldwin,WR,SEA,10.991686384704693,0.22060589950194298,0.27227302448648483,0.23428036971612942,0.13385931215957653,0.13898139413586633,
T.Y. Hilton,WR,IND,10.989113649962423,0.25077665821952932,0.26683823236066523,0.18775535442986727,0.12304523118766808,0.17158452380227018,
Golden Tate,WR,DET,10.816095939445832,0.23124032832382621,0.27174932303854121,0.23105276985609113,0.13446598998772363,0.13149158879381798,
Davante Adams,WR,GB,10.615639462059423,0.24966488230173223,0.26935048035493681,0.22153668450570671,0.12708776830496299,0.13236018453266132,
Antonio Brown,WR,PIT,10.429494961152084,0.31108375054054371,0.22198218656984722,0.19116761783151387,0.1214842102348387,0.15428223482325643,
Rishard Matthews,WR,TEN,10.237950402358264,0.2644395520325411,0.28262886720723551,0.20951600997334491,0.12773308982978701,0.11568248095709159,
Allen Robinson,WR,JAC,9.9048988382363845,0.2869766974337154,0.28293984936110239,0.20498665515278372,0.11232058422898586,0.11277621382341241,
Dez Bryant,WR,DAL,9.8345328291104206,0.30780577702621775,0.2669461178356316,0.18686678396641251,0.12729840463332387,0.11108291653841405,
Stefon Diggs,WR,MIN,9.7369688105315682,0.30799142969515136,0.26643429604950231,0.20837743240208506,0.10458276616040424,0.11261407569285704,
Jordan Matthews,WR,PHI,9.4997417162039106,0.30335982697013425,0.29137431912511091,0.20567690551238299,0.10113558047858269,0.098453367913789211,
A.J. Green,WR,CIN,9.4647270568444934,0.34499841634279721,0.24241448813171004,0.19176313496631309,0.11629118893215633,0.10453277162702339,
Cole Beasley,WR,DAL,9.3540728718383122,0.31651484040594996,0.299892784929571,0.17387372501917919,0.11570025918146577,0.094018390463833992,
Jeremy Maclin,WR,KC,9.3127243776105875,0.32054302643138621,0.2793015786629387,0.20544106461649747,0.10649615353052705,0.088218176758650679,
Donte Moncrief,WR,IND,9.1593060940362783,0.34990835633724104,0.26829356705768626,0.18454923730871509,0.09452618005329104,0.10272265924306652,
Alshon Jeffery,WR,CHI,9.1402566456682894,0.37246417426840361,0.23416228457407343,0.18105919729570952,0.11748672547908851,0.094827618382724937,
Julian Edelman,WR,NE,9.1346384530037845,0.36304830764577434,0.2371662603693559,0.19076973847208628,0.12784082076390571,0.081174872748877774,
Jamison Crowder,WR,WAS,9.0816706076706506,0.3619293278480234,0.25133189626573477,0.18858872858961098,0.10477542109734993,0.0933746261992809,
Randall Cobb,WR,GB,8.7680774910921162,0.41043183858682042,0.23223650568863949,0.15792609562419005,0.092095439119997569,0.10731012098035268,
Allen Hurns,WR,JAC,8.6856415150988813,0.37811123392998597,0.26657017141814071,0.17522709150415722,0.1002620639975432,0.079829439150172876,
Adam Thielen,WR,MIN,8.6767519745265442,0.38710328015069173,0.2520021049846633,0.18704674908816976,0.086136671361595599,0.08771119441487979,
Odell Beckham Jr.,WR,NYG,8.6555198539967169,0.44269113217034411,0.19843684388726884,0.15963949767542418,0.083541973506625331,0.11569055276033753,
Mike Wallace,WR,BAL,8.5592520618931385,0.41142704909727096,0.24000550010786803,0.1588141583970524,0.10479657411458022,0.084956718283228538,
Jarvis Landry,WR,MIA,8.4566085649048599,0.40079874465237603,0.26227346274565444,0.16321117549039188,0.092240569191777505,0.081476047919800343,
Anquan Boldin,WR,DET,8.3432696437240459,0.41549320759397063,0.24867174654857457,0.16747499023098814,0.088408020771608892,0.079952034854857884,
Larry Fitzgerald,WR,ARI,8.2914119836718818,0.42917746094818071,0.23228743493412898,0.16476377011775545,0.098617914435002299,0.075153419564932461,
DeSean Jackson,WR,WAS,8.1325288109356446,0.44077728607415073,0.23237590324752219,0.1537580183284139,0.10574134711687362,0.067347445233039496,
Robert Woods,WR,BUF,8.0364052244657547,0.41800324258563437,0.26210226076430554,0.17741692737064382,0.079565347730107247,0.062912221549309005,
Sterling Shepard,WR,NYG,7.9992499573901092,0.44071028775629528,0.24451877644359143,0.16165053271135851,0.080451462743306196,0.072668940345448685,
Terrance Williams,WR,DAL,7.9856448869403591,0.45411517635112797,0.23524348934314104,0.14148996719660217,0.097699914784788996,0.071451452324339859,
Cordarrelle Patterson,WR,MIN,7.9327403848472162,0.43225781172187006,0.25111295322954152,0.17500817966075707,0.081065457132938015,0.060555598254893345,
Pierre Garcon,WR,WAS,7.8988099935595981,0.46696266374184497,0.22164910437207916,0.14353734038479515,0.10036535243487284,0.067485539066407918,
Kenny Britt,WR,LARM,7.8908696701165493,0.45849030507912469,0.23754724528175544,0.14227743290635556,0.090668244002214043,0.071016772730550251,
Adam Humphries,WR,TB,7.4956650063309729,0.46514488646685587,0.2520681125054301,0.15462473191368792,0.074833651522715663,0.053328617591310398,
Kendall Wright,WR,TEN,7.3123991291335937,0.49172271250719995,0.23879476490284177,0.13777344693968696,0.078698135556582116,0.053010940093689125,
Brandon LaFell,WR,CIN,7.2991321137996827,0.49945971499773845,0.24026995996979386,0.11852841984283152,0.084467997654064875,0.057273907535571274,
Brice Butler,WR,DAL,7.2877732973750682,0.50689553667037091,0.23349658876103646,0.11597274229266975,0.082427942975054055,0.061207189300868853,
Marquise Goodwin,WR,BUF,7.2553852025491841,0.48448105742937697,0.25714488934518798,0.1344491621899194,0.0706657373572529,0.053259153678262824,
Tyreek Hill,WR,KC,7.223857474626711,0.49360745597982492,0.24720753011900051,0.13315276476969531,0.072870561258965114,0.05316168787251397,
DeVante Parker,WR,MIA,7.1385782396504389,0.50971843575110976,0.22564461856225837,0.14607759862852143,0.064321556121654744,0.054237790936455615,
Kenny Stills,WR,MIA,7.1213657529984919,0.49496496973247495,0.24449028538100506,0.14754453061745967,0.067307053092467373,0.045693161176592938,
Justin Hunter,WR,BUF,7.0220501398478143,0.511979288036983,0.22901782443689783,0.14786996579981565,0.064879414972180846,0.04625350675412282,
Chris Hogan,WR,NE,7.0206000975504814,0.51381005896720255,0.23658250646109655,0.1325748772359604,0.065742470765883299,0.051290086569857236,
Cameron Meredith,WR,CHI,7.0148296184777594,0.5304048813040414,0.22034838961111489,0.11876622034780902,0.076836941559319888,0.053643567177714818,
Phillip Dorsett,WR,IND,6.8954051203511249,0.53606758158837009,0.22560735245563296,0.12157741365360546,0.056671764902184334,0.060075887400207036,
Eli Rogers,WR,PIT,6.8562661421251097,0.55441323901040096,0.19091726181817209,0.13567255788319377,0.066996914312470887,0.052000026975762392,
John Brown,WR,ARI,6.7624208751093873,0.54273341700582445,0.21958756589871245,0.12110355290644657,0.075612353445793715,0.04096311074322271,
J.J. Nelson,WR,ARI,6.7036422619242151,0.55742869373929471,0.20525212674781501,0.12610864518327311,0.06158310204798631,0.049627432281630732,
Nelson Agholor,WR,PHI,6.6793561113110504,0.53924996825785454,0.23192809902602132,0.12535015133598507,0.060644304956337394,0.042827476423801629,
Tavon Austin,WR,LARM,6.5024918795068789,0.553791715146285,0.23490324677104205,0.1034593194397699,0.072706384320818135,0.035139334322084902,
Tyler Lockett,WR,SEA,6.4771051482092492,0.5608011077706041,0.21746127481950731,0.12593900246829404,0.057112709880623218,0.038685905060971207,
Marqise Lee,WR,JAC,6.4762188599176005,0.53759809219894195,0.24985796190255827,0.12645527251055022,0.051879428491936573,0.034209244896012937,
Tajae Sharpe,WR,TEN,6.4542201661604794,0.56118742177717373,0.22332493962678623,0.11725213328450901,0.059927194209832287,0.038308311101698723,
Chris Conley,WR,KC,6.4072975791028295,0.56357951646393711,0.22911874081198622,0.10985785477124869,0.057150486345229651,0.040293401607598325,
Victor Cruz,WR,NYG,6.3294788470401908,0.57504212450150372,0.22512215684472114,0.10197657105514775,0.054616119941488489,0.043243027657139013,
Kamar Aiken,WR,BAL,6.2722524788556555,0.55962927302866783,0.24413586278543556,0.10945237501562988,0.055720073726630598,0.03106241544363603,
Breshad Perriman,WR,BAL,6.2643309585682925,0.58096798985896037,0.2189037260969231,0.10066376615999571,0.065223138239739631,0.034241379644381266,
Jermaine Kearse,WR,SEA,6.2109118657319744,0.58101594004526536,0.21951476395777297,0.11266528646597962,0.049879001867265661,0.036925007663716404,
Jeremy Kerley,WR,SF,6.1958142368821081,0.5797199353151854,0.23031849659087406,0.099944422800730418,0.051113075988753941,0.038904069304456272,
Corey Coleman,WR,CLE,6.1079019521634024,0.60116033032095695,0.20265601695524668,0.10950763395645328,0.046794969504846184,0.039881049262497123,
Russell Shepard,WR,TB,6.0924305791977087,0.61518385868153747,0.19413873821271921,0.096170767992276432,0.046020698811598183,0.048485936301868794,
Jeff Janis,WR,GB,6.0770290742435371,0.59398611941558532,0.21684020448229155,0.10475123055651966,0.04862663292903676,0.035795812616566565,
Torrey Smith,WR,SF,5.9055504345340673,0.59921999481591093,0.2327407809514683,0.089793704571990568,0.044200181831156218,0.034045337829473839,
Andrew Hawkins,WR,CLE,5.7291316113046271,0.6218342091848692,0.21241994396381778,0.094282671448387242,0.041011666211369306,0.030451509191556324,
Albert Wilson,WR,KC,5.4901969894386147,0.65118700512313732,0.19733263301848603,0.084632072240968345,0.035950538082331999,0.030897751535076082,
Paul Richardson,WR,SEA,5.4572972364894987,0.6635508858491983,0.18033482736460857,0.088120056998566079,0.037092413214349931,0.030901816573277299,
Geronimo Allison,WR,GB,5.455769338923381,0.67397515637284966,0.1622130747862435,0.091681708205209211,0.042942865954776678,0.029187194680921045,
Quinton Patton,WR,SF,5.4554327409817871,0.65288589581771395,0.19768199887692675,0.083666024697299779,0.036991822507407041,0.028774258100652494,
Michael Floyd,WR,ARI,5.4496254560120638,0.66084360074725357,0.18890304630534854,0.08317475575337864,0.033641855385770886,0.033436741808248557,
Brian Quick,WR,LARM,5.4486202447578203,0.65264884016711311,0.1973889251502837,0.083769834560721373,0.039974145807689404,0.026218254314192335,
Harry Douglas,WR,TEN,5.4321930249454518,0.67788849622221137,0.16234886256607289,0.083427909621751992,0.048105003180342318,0.028229728409621634,
Andre Roberts,WR,DET,5.321394869926924,0.66471807076333445,0.19666217766175351,0.074918886638655258,0.037024436698706656,0.026676428237550214,
Marvin Jones Jr.,WR,DET,5.2166565869456267,0.72244991349262699,0.11484853500499273,0.096603766591995099,0.029115890441398378,0.036981894468986802,
Brandon Tate,WR,BUF,5.204673630360281,0.69287564788488409,0.16496996074492301,0.080308213555649349,0.032036373042340589,0.029809804772203144,
Roger Lewis,WR,NYG,5.1711276007585258,0.69010981810318017,0.17941548016310246,0.065855034393626666,0.035378698159014059,0.029240969181076753,
Bryce Treggs,WR,PHI,5.1346344431983102,0.7025554923081585,0.1559964086291025,0.077971221336304242,0.038919473567788757,0.024557404158646157,
Danny Amendola,WR,NE,5.0817188475002855,0.71016958193434476,0.15755178580222423,0.069468017130157392,0.031386511095576719,0.031424104037696979,
Sammy Watkins,WR,BUF,5.0770914422479816,0.71937354408742848,0.13141343987002488,0.093461139600139659,0.025924936390336332,0.029826940052070788,
Arrelious Benn,WR,JAC,5.0528684601299183,0.68736210393601327,0.18858827042043544,0.071556063863446762,0.031100953241764012,0.021392608538340636,
Darrius Heyward-Bey,WR,PIT,5.0057443317413046,0.72912648073769049,0.13993000338396716,0.067769480844866836,0.027016238859342314,0.036157796174133269,
Dorial Green-Beckham,WR,PHI,4.9816494676942034,0.71790221659129361,0.15159534658784257,0.073582379915376195,0.030110440501705648,0.026809616403782183,
Bryan Walters,WR,JAC,4.9493086471723196,0.70461333237031842,0.17616566182704613,0.063857614959531989,0.035472725684060152,0.019890665159043357,
Terrelle Pryor Sr.,WR,CLE,4.8931853790706494,0.73238080305736974,0.13088273609758561,0.08920472502734729,0.020782053608940101,0.026749682208757362,
Tyler Boyd,WR,CIN,4.8780168703145774,0.73680920770870695,0.1386192882028712,0.067878895744253889,0.025544139005135687,0.031148469339032328,
Steve Smith Sr.,WR,BAL,4.8421448864253893,0.75327398592180894,0.11689983397237963,0.076450870221969003,0.014873836666609814,0.038501473217232685,
Chester Rogers,WR,IND,4.8146986881693152,0.75746920144092056,0.12631016719673041,0.054072980515933587,0.020106993980396969,0.042040656866018607,
Sammie Coates,WR,PIT,4.8039334708084667,0.75309908516000479,0.12017303911006084,0.068521543777097224,0.029254760313911533,0.028951571638925831,
Trevor Davis,WR,GB,4.7937384785303001,0.73795016327225016,0.14123941471281617,0.067751412404355865,0.030230582257779651,0.022828427352798279,
Charles Johnson,WR,MIN,4.7191227531125328,0.7206965291240004,0.18050701139475234,0.056192078247290035,0.019484142202654205,0.023120239031302923,
Ricardo Louis,WR,CLE,4.6494605135253257,0.74528374554718935,0.14700849185129575,0.063715747895823127,0.020515943760644108,0.023476070945047719,
Rashard Higgins,WR,CLE,4.6439263546985305,0.73975619962567374,0.1554201895348494,0.062823188373459127,0.020282985206133541,0.021717437259884446,
Ryan Grant,WR,WAS,4.6133137941656059,0.75999699070840832,0.1309965443746979,0.06044946024603861,0.023460724717075263,0.025096279953780044,
Tanner McEvoy,WR,SEA,4.6036151045196947,0.76074855135082886,0.12754814197444148,0.063731604531415617,0.026175138706590415,0.021796563436723742,
Brittan Golden,WR,ARI,4.5886048723961066,0.74950804149994776,0.14592157136490769,0.062654953928320364,0.021172237569623466,0.020743195637200632,
Josh Huff,WR,TB,4.576844015383303,0.76064557912305786,0.13072802190274968,0.06547875768028931,0.018907299362280087,0.024240341931623059,
Cobi Hamilton,WR,PIT,4.5652629894429548,0.7738678137316769,0.12024566737474279,0.057428125091397456,0.015882894877679216,0.032575498924503871,
Devin Street,WR,IND,4.5191583383921561,0.79612203873413412,0.099860069755841246,0.048330528564555122,0.015438910988399239,0.040248451957070476,
Laquon Treadwell,WR,MIN,4.4808693530086039,0.75780711117619015,0.14975018563546905,0.052153031521119518,0.019041064744872081,0.021248606922349152,
Chris Moore,WR,BAL,4.4102152555896694,0.77045029751142724,0.13917451721358856,0.053574484449341063,0.011483238296910631,0.025317462528732765,
Freddie Martino,WR,TB,4.2650721993821943,0.79475401786985922,0.11238576071842331,0.056930956302179682,0.016950293884495916,0.018978971225042062,
Eddie Royal,WR,CHI,4.2627238328757864,0.79639579911736935,0.11445368660410034,0.052012453927805374,0.014486069287454275,0.022651991063270812,
De'Anthony Thomas,WR,KC,4.252062147533417,0.78410185463938931,0.13729707224799373,0.044653476823133899,0.01198198154551096,0.021965614743972225,
Cody Core,WR,CIN,4.2398589749397821,0.82439959097577642,0.093050381827137818,0.032901088158728518,0.009476519310069079,0.040172419728288514,
Daniel Anthrop,WR,IND,4.2099833791001151,0.82558494620190581,0.093313336745279404,0.033467325254662235,0.0087888786271926016,0.038845513170960293,
Joshua Stangby,WR,IND,4.2099833791001151,0.82558494620190581,0.093313336745279404,0.033467325254662235,0.0087888786271926016,0.038845513170960293,
Brian Tyms,WR,IND,4.2099833791001151,0.82558494620190581,0.093313336745279404,0.033467325254662235,0.0087888786271926016,0.038845513170960293,
Tevaun Smith,WR,IND,4.2099833791001151,0.82558494620190581,0.093313336745279404,0.033467325254662235,0.0087888786271926016,0.038845513170960293,
Mekale McKay,WR,IND,4.2099833791001151,0.82558494620190581,0.093313336745279404,0.033467325254662235,0.0087888786271926016,0.038845513170960293,
Marcus Leak,WR,IND,4.2099833791001151,0.82558494620190581,0.093313336745279404,0.033467325254662235,0.0087888786271926016,0.038845513170960293,
Quan Bray,WR,IND,4.2099833791001151,0.82558494620190581,0.093313336745279404,0.033467325254662235,0.0087888786271926016,0.038845513170960293,
Percy Harvin,WR,BUF,4.171713121526917,0.80799357803372152,0.10913849081001485,0.045747631448647512,0.014772328232391652,0.022347971475224635,
Jared Abbrederis,WR,GB,4.1637241347732274,0.82332128268671678,0.098371541349668162,0.034707052526502677,0.0094413131964788295,0.034158810240633823,
Aaron Burbridge,WR,SF,4.1611437701893346,0.80090459212674259,0.12267721444968155,0.041630827559048421,0.012859578988022089,0.02192778687650556,
Jordan Payton,WR,CLE,4.1439272812605452,0.81190313374000966,0.10461180189392094,0.048888434902938621,0.011989733300213072,0.022606896162917889,
Hunter Sharp,WR,PHI,4.1368118374823224,0.82734713146106342,0.095779602391188198,0.033325483171637416,0.0092593331424435342,0.034288449833667654,
Chris Givens,WR,PHI,4.1368118374823224,0.82734713146106342,0.095779602391188198,0.033325483171637416,0.0092593331424435342,0.034288449833667654,
Cayleb Jones,WR,PHI,4.1368118374823224,0.82734713146106342,0.095779602391188198,0.033325483171637416,0.0092593331424435342,0.034288449833667654,
Xavier Rush,WR,PHI,4.1368118374823224,0.82734713146106342,0.095779602391188198,0.033325483171637416,0.0092593331424435342,0.034288449833667654,
Pharoh Cooper,WR,LARM,4.1003665019931832,0.80909378089729245,0.1154153487029092,0.043452096436571969,0.010401337030323038,0.021637436932903573,
Kashif Moore,WR,KC,4.0991023771010386,0.83054552155961103,0.09399352686679624,0.033712569092598135,0.0085917195557642084,0.033156662925230646,
Devin Hester,WR,BAL,4.0750755385926194,0.81376826198745955,0.11457006724356437,0.039502580355029335,0.0071964818908868836,0.024962608523060033,
Markus Wheaton,WR,PIT,4.0163052273538522,0.82449518325680282,0.10236773643668728,0.039983077589784803,0.011688857012386341,0.021465145704338648,
Lucky Whitehead,WR,DAL,4.0052639630788036,0.82793565390907131,0.099030543992998071,0.038959133747053884,0.012194692274853614,0.02187997607602345,
Mike Thomas,WR,LARM,3.9911580332043695,0.83017454172304339,0.099082751895148938,0.037953983041956144,0.0079140046975936795,0.024874718642257924,
Bradley Marquez,WR,LARM,3.9911580332043695,0.83017454172304339,0.099082751895148938,0.037953983041956144,0.0079140046975936795,0.024874718642257924,
Jaron Brown,WR,ARI,3.9109091371785167,0.83722197497788098,0.093723191142685375,0.039189337237696617,0.0093820247493249329,0.02048347189241246,
Donteea Dye,WR,TB,3.9101923639682394,0.83495337633798306,0.09680412160845428,0.039202589335677704,0.0093304783577031706,0.019709434360182129,
Vincent Jackson,WR,TB,3.9101923639682394,0.83495337633798306,0.09680412160845428,0.039202589335677704,0.0093304783577031706,0.019709434360182129,
Cecil Shorts III,WR,TB,3.9101923639682394,0.83495337633798306,0.09680412160845428,0.039202589335677704,0.0093304783577031706,0.019709434360182129,
Jarius Wright,WR,MIN,3.9024067021869877,0.83560068135890975,0.096452641732664851,0.039207089718210221,0.0093438294925496327,0.019395757697665814,
Isaac Fruechte,WR,MIN,3.9024067021869877,0.83560068135890975,0.096452641732664851,0.039207089718210221,0.0093438294925496327,0.019395757697665814,
Marcus Easley,WR,BUF,3.8969033140344589,0.83659162489061645,0.097831486639292878,0.035480605492391341,0.0097971667279825123,0.020299116249717121,
Walt Powell,WR,BUF,3.8969033140344589,0.83659162489061645,0.097831486639292878,0.035480605492391341,0.0097971667279825123,0.020299116249717121,
Kolby Listenbee,WR,BUF,3.8969033140344589,0.83659162489061645,0.097831486639292878,0.035480605492391341,0.0097971667279825123,0.020299116249717121,
Greg Salas,WR,BUF,3.8969033140344589,0.83659162489061645,0.097831486639292878,0.035480605492391341,0.0097971667279825123,0.020299116249717121,
Levi Norwood,WR,PIT,3.8851366103242806,0.83919193228992794,0.095761980490091644,0.034779790290997495,0.0093594267231629606,0.020906870205820119,
Canaan Severin,WR,PIT,3.8851366103242806,0.83919193228992794,0.095761980490091644,0.034779790290997495,0.0093594267231629606,0.020906870205820119,
Duke Williams,WR,LARM,3.8830480265352163,0.83768742656306794,0.095424223948894993,0.038617934494689352,0.00913214760462225,0.019138267388725705,
Paul McRoberts,WR,LARM,3.8830480265352163,0.83768742656306794,0.095424223948894993,0.038617934494689352,0.00913214760462225,0.019138267388725705,
Nelson Spruce,WR,LARM,3.8830480265352163,0.83768742656306794,0.095424223948894993,0.038617934494689352,0.00913214760462225,0.019138267388725705,
Shaq Evans,WR,NE,3.8825884008584164,0.83812113590822024,0.09709306807560239,0.035244619965997426,0.0092293320366354861,0.020311844013544834,
DeAndre Carter,WR,NE,3.8825884008584164,0.83812113590822024,0.09709306807560239,0.035244619965997426,0.0092293320366354861,0.020311844013544834,
DeAndrew White,WR,NE,3.8825884008584164,0.83812113590822024,0.09709306807560239,0.035244619965997426,0.0092293320366354861,0.020311844013544834,
Rashad Ross,WR,WAS,3.8778057878923051,0.8401236063368599,0.095510696193776723,0.033995211067261943,0.0094219063582472676,0.020948580043854602,
Josh Doctson,WR,WAS,3.8778057878923051,0.8401236063368599,0.095510696193776723,0.033995211067261943,0.0094219063582472676,0.020948580043854602,
Deshon Foxx,WR,SEA,3.8641638603245543,0.84023633534620989,0.095095546306856862,0.035848628446851431,0.0092379907359780526,0.01958149916410417,
Kevin Smith,WR,SEA,3.8641638603245543,0.84023633534620989,0.095095546306856862,0.035848628446851431,0.0092379907359780526,0.01958149916410417,
Chris Brown,WR,DAL,3.8536129722247412,0.84373061338629507,0.092896095882685437,0.033048732667146058,0.0095691990275245404,0.020755359036349241,
Demarcus Robinson,WR,KC,3.840174167554625,0.84529312021049663,0.089263117710216305,0.036263252931760082,0.010476826652920591,0.018703682494606653,
Rashad Greene Sr.,WR,JAC,3.8334120724315088,0.84160754240856983,0.095915238562494162,0.035451505477927914,0.0082386892360817258,0.018787024314926636,
Tony Washington,WR,JAC,3.8334120724315088,0.84160754240856983,0.095915238562494162,0.035451505477927914,0.0082386892360817258,0.018787024314926636,
Keshawn Martin,WR,SF,3.8323774261650452,0.84229911246417244,0.095055823603420325,0.035212351450350551,0.0087358911993405102,0.018696821282716495,
Chris Harper,WR,SF,3.8323774261650452,0.84229911246417244,0.095055823603420325,0.035212351450350551,0.0087358911993405102,0.018696821282716495,
Mose Frazier,WR,SF,3.8323774261650452,0.84229911246417244,0.095055823603420325,0.035212351450350551,0.0087358911993405102,0.018696821282716495,
Aaron Dobson,WR,DET,3.8268801548788174,0.84447200443346249,0.093241647167548111,0.034121925817744335,0.0087671581522554363,0.019397264428990039,
Quinshad Davis,WR,DET,3.8268801548788174,0.84447200443346249,0.093241647167548111,0.034121925817744335,0.0087671581522554363,0.019397264428990039,
Dwayne Bowe,WR,CLE,3.8245917643837939,0.84294641748509913,0.094704343727630882,0.035216851832883062,0.0087492423341869723,0.018383144620200183,
Rannell Hall,WR,CLE,3.8245917643837939,0.84294641748509913,0.094704343727630882,0.035216851832883062,0.0087492423341869723,0.018383144620200183,
Josh Boyce,WR,CLE,3.8245917643837939,0.84294641748509913,0.094704343727630882,0.035216851832883062,0.0087492423341869723,0.018383144620200183,
Rashawn Scott,WR,MIA,3.8227172258022475,0.84564011379369064,0.092621078107023164,0.033051877116813351,0.0089291111100935801,0.019757819872379682,
Tyler Murphy,WR,MIA,3.8227172258022475,0.84564011379369064,0.092621078107023164,0.033051877116813351,0.0089291111100935801,0.019757819872379682,
Rod Streater,WR,SF,3.8176430262454981,0.84619962781574753,0.093402822525913171,0.032200911506999351,0.0070625928961736417,0.021134045255166649,
Daniel Braverman,WR,CHI,3.8144638694706248,0.84557360542485671,0.092888496433346457,0.033635578915737881,0.0088761572749347806,0.019026161951124564,
Marquess Wilson,WR,CHI,3.8144638694706248,0.84557360542485671,0.092888496433346457,0.033635578915737881,0.0088761572749347806,0.019026161951124564,
Kevin White,WR,CHI,3.8144638694706248,0.84557360542485671,0.092888496433346457,0.033635578915737881,0.0088761572749347806,0.019026161951124564,
Joshua Bellamy,WR,CHI,3.8144638694706248,0.84557360542485671,0.092888496433346457,0.033635578915737881,0.0088761572749347806,0.019026161951124564,
Kieran Duncan,WR,CHI,3.8144638694706248,0.84557360542485671,0.092888496433346457,0.033635578915737881,0.0088761572749347806,0.019026161951124564,
Kadron Boone,WR,NYG,3.8129228807104996,0.84590260896766889,0.092425054372651083,0.03389696683496593,0.0087358911993405102,0.019039478625373835,
Tavarres King,WR,NYG,3.8129228807104996,0.84590260896766889,0.092425054372651083,0.03389696683496593,0.0087358911993405102,0.019039478625373835,
Marc Mariani,WR,TEN,3.8092791358698075,0.8563166219581464,0.077342658405757811,0.036421649563502266,0.0080064106491760066,0.021912659423417732,
Dwayne Harris,WR,NYG,3.7668564040825334,0.85865237092678359,0.078236625824988276,0.035544057015349836,0.0062212439706957525,0.021345702262182849,
Deonte Thompson,WR,CHI,3.7427834801274806,0.86364066284293073,0.072310013053488276,0.035747646198131373,0.0084553210460545543,0.019846356859395307,
Leonte Carroo,WR,MIA,3.7253189346715838,0.86206977577594102,0.076018699935029299,0.03559250637710526,0.0074159974026223449,0.01890302050930243,
Jakeem Grant,WR,MIA,3.7253189346715838,0.86206977577594102,0.076018699935029299,0.03559250637710526,0.0074159974026223449,0.01890302050930243,
Malcolm Mitchell,WR,NE,3.7178296314066994,0.86969121556152673,0.067567546800167633,0.0339975465416468,0.0069714779887576914,0.02177221310790135,
Matthew Slater,WR,NE,3.704397687505864,0.86835445618396856,0.070893850429396887,0.033107084043897832,0.0068069183869679181,0.020837690955769098,
Alex Erickson,WR,CIN,3.6699803533673312,0.87523572581806552,0.063417184641710048,0.033369202949605423,0.0080710662299326164,0.019906820360686837,
James Wright,WR,CIN,3.6699803533673312,0.87523572581806552,0.063417184641710048,0.033369202949605423,0.0080710662299326164,0.019906820360686837,
