name,pos,team,expectation,salary,prob_0_5,prob_5_10,prob_10_15,prob_15_20,prob_20_25,prob_25+
Delanie Walker,TE,TEN,10.072074204660334,6400,0.25145964816743188,0.32027028907311972,0.21627897175748625,0.11878689861014451,0.060795049445546798,0.032409142946270807
Jimmy Graham,TE,SEA,9.9746877395794193,6500,0.26897423494536876,0.30730292726430358,0.21178985406126474,0.11731970591947188,0.060970594277319455,0.03364268353227149
Travis Kelce,TE,KC,8.7387701977420686,6100,0.32221317033137181,0.34176888702745761,0.18103671466505811,0.099055622738163027,0.032883171213396699,0.023042434024552777
Cameron Brate,TE,TB,8.5625489702317967,5600,0.35233438232497577,0.31211801238967868,0.17921211452822999,0.10641719193363151,0.026875517318094282,0.02304278150538977
Rob Gronkowski,TE,NE,8.1021184600196783,8400,0.41171911133101796,0.26089627954700212,0.19031243353085839,0.088719093770735405,0.029020145018920075,0.019332936801466069
Jason Witten,TE,DAL,7.8258690210276063,5500,0.43404722197083517,0.26961187657729424,0.16862597519069095,0.076979492681038666,0.026305668696976009,0.02442976488316501
Jack Doyle,TE,IND,7.7780150151422038,5000,0.39002331970058174,0.33864612036855207,0.15402131434198313,0.077937332389507896,0.021757309189476624,0.01761460400989848
Julius Thomas,TE,JAC,7.7751819369278916,5900,0.38713636064559087,0.34425478720524116,0.1530812076305689,0.074068523889733159,0.024881989894328927,0.016577130734536868
Eric Ebron,TE,DET,7.5346108480643732,5400,0.42583689706823691,0.30074573653846753,0.16241048067961408,0.075494572510981836,0.022689811831265803,0.012822501371434019
Gary Barnidge,TE,CLE,7.1077796887707514,4700,0.43259990332929454,0.33973151521802664,0.13908517117196012,0.061103654480590769,0.017055662250208107,0.010424093549919718
Zach Miller,TE,CHI,7.0368421975537867,5500,0.47054373246029063,0.27846019128305666,0.15819278891379651,0.0676817362523916,0.016130293809390763,0.0089912572810739652
Kyle Rudolph,TE,MIN,6.9927195501145105,4900,0.49124624972490699,0.26139880725317455,0.14720979850300897,0.069136302946639472,0.019727610937558288,0.011281230634711656
Zach Ertz,TE,PHI,6.9763300591292499,4700,0.45752486776668488,0.31123840731218289,0.14973792164779168,0.053340392805790858,0.016261469537037779,0.011896940930511983
Tyler Eifert,TE,CIN,6.9600775029510595,6300,0.48408522738899451,0.27188469896062761,0.15180615485643401,0.063065777434480816,0.018469547184042229,0.010688594175420962
Jesse James,TE,PIT,6.7340453146307961,4800,0.55444404420080329,0.22457548377347972,0.11358358388170293,0.061881589194375843,0.018154850942044713,0.02736044800759347
Martellus Bennett,TE,NE,6.6103619677691539,5200,0.5450521245401535,0.21828883571708069,0.15169572946578122,0.051752216384693711,0.020920019710347897,0.012291074181942942
Charles Clay,TE,BUF,6.4223378509711226,4800,0.53932256442753623,0.25922236697824941,0.12330652881468331,0.047925703478268238,0.016259146354510021,0.013963689946752756
Dennis Pitta,TE,BAL,6.3656149748079081,4800,0.53100898249848594,0.27691447295852145,0.1130750613742629,0.055597245069455695,0.013754526450203041,0.0096497116490710175
Jordan Reed,TE,WAS,5.9043165176083914,6900,0.596602864084955,0.22489787074667628,0.10382852201130593,0.057065478467539073,0.010914370097846014,0.0066908945916777773
Lance Kendricks,TE,LARM,5.8823071459290448,4900,0.59788772030805248,0.22885619751005737,0.10869915073175385,0.038422655334178123,0.015732416370081971,0.010401859745876343
Richard Rodgers,TE,GB,5.6575063760697892,4600,0.6188019514029659,0.21905033970426124,0.10247874099947557,0.04153250515284021,0.0077863756500590785,0.010350087090397747
Dwayne Allen,TE,IND,5.5745701293790422,5300,0.61118842543061702,0.24260189734775156,0.093114821752345436,0.036324184030642949,0.006743424261778712,0.010027247176864467
Vernon Davis,TE,WAS,5.5641263306193505,4500,0.62152142012596101,0.21167773706784437,0.12132459460551698,0.029575174416278927,0.0097325523258368039,0.0061685214585615999
Vance McDonald,TE,SF,5.5534276907240496,4700,0.63379304532411029,0.20909708114129574,0.095996266459750568,0.043135961283756796,0.0097001887226901735,0.0082774570683963912
Dominique Jones,TE,MIA,5.3432490350027928,4800,0.65834568362279033,0.19758162673321666,0.083940993273564399,0.045617314890756336,0.0062376583504184747,0.0082767231292540273
Erik Swoope,TE,IND,5.2838169008633429,4500,0.66098424395907174,0.19083583732082837,0.10042293063079075,0.032401727203067707,0.0088998044501525826,0.0064554564360890434
Marcedes Lewis,TE,JAC,5.136357943987214,4500,0.65397691958023851,0.22167621762092804,0.085952250200274652,0.02551558091849802,0.007251030379831166,0.0056280013002294052
Will Tye,TE,NYG,5.1299721621851395,4500,0.65786584748757959,0.21357885596551168,0.091849042373435275,0.025109539827634621,0.0045946994874513517,0.0070020148583873178
Garrett Celek,TE,SF,4.8635221833735551,4500,0.68702067153379587,0.20815927702104792,0.064588260475031953,0.030778179057299609,0.0042339580324239727,0.0052196538804008975
Jermaine Gresham,TE,ARI,4.6674703667759614,4500,0.72146789281105483,0.16453402806572473,0.086253161284548852,0.018380618880129925,0.0055096287127297909,0.0038546702458121455
Trey Burton,TE,PHI,4.5990392470091805,4500,0.72891163507093737,0.17002995332481585,0.068938179267985261,0.021647978156695582,0.0054036678268653462,0.0050685863527003099
Jerell Adams,TE,NYG,4.5230592350967997,4500,0.71995270506908038,0.18866790946931566,0.06993673236121685,0.014030322867172507,0.0030821469399783278,0.0043301832932359507
Ben Koyack,TE,JAC,4.5102267323368386,4500,0.75689357077980546,0.15095394926760311,0.055129564828692572,0.020344005615475266,0.003594296846164061,0.013084612662259482
Ifeanyi Momah,TE,ARI,4.497216831870503,4500,0.7443667707013768,0.15956565325771321,0.067688287820677845,0.014503313071091118,0.0083886774839450114,0.005487297665195727
Xavier Grimble,TE,PIT,4.4837580709146483,4500,0.77115798023714743,0.14091544391797581,0.048320905314367002,0.016105182401376338,0.0066236282135748101,0.016876859915558342
David Johnson,TE,PIT,4.4146452260841311,4500,0.77564039930222317,0.14100915939697509,0.045837872392391781,0.016154842584080967,0.0050090183388181555,0.016348707985510469
Phillip Supernaw,TE,TEN,4.3710982645291869,4500,0.75825849043168947,0.14524115372780227,0.073030593313989534,0.014701148126154943,0.0050292038302280177,0.0037394105701357961
Tyler Higbee,TE,LARM,4.34673101194105,4500,0.75718285562173804,0.15868940191850575,0.055762118655019899,0.018649482844234705,0.0053965901755488564,0.0043195507849529899
Nick O'Leary,TE,BUF,4.3220020528066305,4500,0.759909462085819,0.15201666921008128,0.064936229946432625,0.014312345570774279,0.0045522211884070221,0.0042730719984857401
Geoff Swaim,TE,DAL,4.2855925033071234,4500,0.76741075637123868,0.14650835819464259,0.062781662502411947,0.013739529145230023,0.0039702389061136026,0.0055894548803628128
Gavin Escobar,TE,DAL,4.2198233647520267,4500,0.76767794819881741,0.16010575279790523,0.049482243690917367,0.012635945576556116,0.0035039526380219402,0.0065941570977818553
Darren Waller,TE,BAL,4.1620597891806934,4500,0.77113039733529476,0.1597464540366256,0.047943672756603585,0.01221433593600873,0.004690549199056219,0.0042745907364109808
Larry Donnell,TE,NYG,4.0973917661363535,4500,0.78367761529254043,0.14744709231530054,0.04591230494683872,0.01535885249570264,0.0038905812169007536,0.0037135537327163855
C.J. Uzomah,TE,CIN,4.0375206444861647,4500,0.7968374082689883,0.13626240313160021,0.045722560718633565,0.010799783470874064,0.0044919681337742172,0.0058858762761293511
MyCole Pruitt,TE,MIN,4.0283149792459145,4500,0.8014327867009986,0.13704275834894886,0.039542733858054242,0.00904241455436125,0.0022890065671419789,0.010650299970494827
Kevin McDermott,TE,MIN,4.0283149792459145,4500,0.8014327867009986,0.13704275834894886,0.039542733858054242,0.00904241455436125,0.0022890065671419789,0.010650299970494827
David Morgan,TE,MIN,4.0283149792459145,4500,0.8014327867009986,0.13704275834894886,0.039542733858054242,0.00904241455436125,0.0022890065671419789,0.010650299970494827
Anthony Fasano,TE,TEN,4.0277728504967349,4500,0.79809082234672279,0.13225210003584009,0.048202353028393832,0.013330388699175147,0.0037150815401460831,0.0044092543497219307
Crockett Gillmore,TE,BAL,4.0254275093182095,4500,0.78681323345719623,0.14991861641584506,0.044466935793619308,0.012596378078308075,0.0025803016495215313,0.0036245346055096138
Niles Paul,TE,WAS,4.0062271007090136,4500,0.79712545033717253,0.13599576811220984,0.047646330425639913,0.011511386696888545,0.0031824910527973064,0.0045385733752916465
Demetrius Harris,TE,KC,4.0046768095491352,4500,0.80036966478642246,0.12976182585169604,0.05005454631068295,0.011761496557101936,0.0044823787050232485,0.0035700877890732573
Anthony Denham,TE,PHI,3.9639599192734019,4500,0.80946216419288275,0.13642451054107946,0.030785182887727247,0.0097338795935280505,0.0023758451663497947,0.011218417618432626
Chris Pantale,TE,PHI,3.9639599192734019,4500,0.80946216419288275,0.13642451054107946,0.030785182887727247,0.0097338795935280505,0.0023758451663497947,0.011218417618432626
M.J. McFarland,TE,PHI,3.9639599192734019,4500,0.80946216419288275,0.13642451054107946,0.030785182887727247,0.0097338795935280505,0.0023758451663497947,0.011218417618432626
Justin Perillo,TE,GB,3.9626273721756835,4500,0.80750707393273846,0.12762521430103529,0.042251185600255134,0.014930351872538064,0.0028240381511873765,0.004862136142245497
Darion Griswold,TE,IND,3.9253960962937602,4500,0.80728532718506618,0.13139682790320228,0.042963434966009205,0.010403167092046134,0.0032101941209886865,0.0047410487326876322
Nick Truesdell,TE,IND,3.9253960962937602,4500,0.80728532718506618,0.13139682790320228,0.042963434966009205,0.010403167092046134,0.0032101941209886865,0.0047410487326876322
Mike Miller,TE,IND,3.9253960962937602,4500,0.80728532718506618,0.13139682790320228,0.042963434966009205,0.010403167092046134,0.0032101941209886865,0.0047410487326876322
Ben Braunecker,TE,CHI,3.9236434097470885,4500,0.81431424247177775,0.11886616480302567,0.046406724255051823,0.013137087727718384,0.0027410982589990414,0.004534682483427404
Rhett Ellison,TE,MIN,3.8913267536638134,4500,0.80380778641037987,0.1397557500052212,0.040104490310076228,0.010729412234423171,0.0019004217953786228,0.00370213924452098
Brandon Williams,TE,SEA,3.8810776314634134,4500,0.82093107865959769,0.116902738778351,0.04038746620871983,0.013192245291613112,0.0039712360865392718,0.0046152349751791269
Tyler Kroft,TE,CIN,3.8746321601343165,4500,0.81173770736703388,0.12924728635665794,0.042850190766415927,0.0090207355003988823,0.0028038424112892695,0.0043402375982039797
James Hanna,TE,DAL,3.8628750499032529,4500,0.80786545533645171,0.14435461836539212,0.0316063982195312,0.006842708835657115,0.002174627545614068,0.0071561916973537001
Chase Coffman,TE,IND,3.8291385811979932,4500,0.82652441691196088,0.1115604999745143,0.043725838579720754,0.010632894511399727,0.0028648945405783644,0.0046914554818260398
Luke Willson,TE,SEA,3.8087101144887208,4500,0.81916242417637231,0.13303632389327968,0.030998652658528112,0.0074763492487710994,0.0023519041741472662,0.0069743458489012243
Logan Paulsen,TE,CHI,3.7910009479689508,4500,0.82476243662325432,0.11678090282634106,0.044102118146878019,0.0082212858687842217,0.0021150898063704415,0.0040181667283717424
Dion Sims,TE,MIA,3.7811590541679481,4500,0.81515128498007539,0.13982684658275368,0.028968060614446189,0.0098008064456287756,0.0021985832004213853,0.0040544181766743502
MarQueis Gray,TE,MIA,3.7811590541679481,4500,0.81515128498007539,0.13982684658275368,0.028968060614446189,0.0098008064456287756,0.0021985832004213853,0.0040544181766743502
Thomas Duarte,TE,MIA,3.7811590541679481,4500,0.81515128498007539,0.13982684658275368,0.028968060614446189,0.0098008064456287756,0.0021985832004213853,0.0040544181766743502
Jordan Cameron,TE,MIA,3.7811590541679481,4500,0.81515128498007539,0.13982684658275368,0.028968060614446189,0.0098008064456287756,0.0021985832004213853,0.0040544181766743502
Troy Niklas,TE,ARI,3.7716935247918046,4500,0.82027776325653123,0.1324284800992882,0.030808209004418018,0.0098646178908846135,0.0024046955668068099,0.0042162341820711465
Alan Cross,TE,TB,3.7701059950419076,4500,0.83008733723818229,0.11773851726833018,0.033297564811954776,0.010704580906651889,0.0032861894782178634,0.0048858102966629459
Kivon Cartwright,TE,TB,3.7701059950419076,4500,0.83008733723818229,0.11773851726833018,0.033297564811954776,0.010704580906651889,0.0032861894782178634,0.0048858102966629459
Andrew DePaola,TE,TB,3.7701059950419076,4500,0.83008733723818229,0.11773851726833018,0.033297564811954776,0.010704580906651889,0.0032861894782178634,0.0048858102966629459
Andrew Quarless,TE,DET,3.7627909466181464,4500,0.8225928600466581,0.12973344694919248,0.030574237293536238,0.010701357377160608,0.0024182960113798054,0.0039798023220726716
Orson Charles,TE,DET,3.7627909466181464,4500,0.8225928600466581,0.12973344694919248,0.030574237293536238,0.010701357377160608,0.0024182960113798054,0.0039798023220726716
Je'Ron Hamm,TE,SF,3.7585205134794997,4500,0.82187491921599976,0.13133079744950196,0.030743372562922356,0.0094453665166433047,0.0024772607040397538,0.0041282835508928755
Khari Lee,TE,DET,3.7443537009470567,4500,0.82966867562672963,0.11740322245988301,0.036616807590690185,0.010474826843238276,0.0023729153788614476,0.0034635521005974522
Clay Harbor,TE,DET,3.744012172967714,4500,0.82996088115381317,0.11870608082013025,0.033666545057248844,0.011078584362895254,0.0034120324593322087,0.003175876146580099
E.J. Bibbs,TE,CLE,3.7430476485580284,4500,0.82353569717019326,0.1304907751312443,0.029896563843947909,0.009834651523813482,0.0023898893329809211,0.0038524229978202824
Danny Vitale,TE,CLE,3.7430476485580284,4500,0.82353569717019326,0.1304907751312443,0.029896563843947909,0.009834651523813482,0.0023898893329809211,0.0038524229978202824
John Peters,TE,CIN,3.7409582587502563,4500,0.82131439723050992,0.13396062718286156,0.030967672520261082,0.0070760621215795886,0.0023387115620100624,0.0043425293827777291
Connor Hamlett,TE,CLE,3.7405878665634655,4500,0.82050469024875883,0.13369161503998064,0.032850251465992894,0.0069794258184280797,0.0020829092487534952,0.003891108178085747
Matt LaCosse,TE,NYG,3.739019383068372,4500,0.82563202249943002,0.12761734807201014,0.030760491576209949,0.0094402442824922123,0.0024046553075194863,0.0041452382623379889
Ryan Malleck,TE,NYG,3.739019383068372,4500,0.82563202249943002,0.12761734807201014,0.030760491576209949,0.0094402442824922123,0.0024046553075194863,0.0041452382623379889
Matt Lengel,TE,NE,3.7326480950027126,4500,0.82242552037471139,0.13274832696202429,0.031213662470597158,0.007188841411132867,0.0023308010437452413,0.0040928477377888866
Kennard Backman,TE,NE,3.7326480950027126,4500,0.82242552037471139,0.13274832696202429,0.031213662470597158,0.007188841411132867,0.0023308010437452413,0.0040928477377888866
Bryce Williams,TE,LARM,3.7309474780978342,4500,0.82450297149284812,0.12998586027981385,0.030020014979263664,0.0094718049748998348,0.0023485509093472733,0.0036707973638274078
Temarrick Hemingway,TE,LARM,3.7309474780978342,4500,0.82450297149284812,0.12998586027981385,0.030020014979263664,0.0094718049748998348,0.0023485509093472733,0.0036707973638274078
Benson Browne,TE,LARM,3.7309474780978342,4500,0.82450297149284812,0.12998586027981385,0.030020014979263664,0.0094718049748998348,0.0023485509093472733,0.0036707973638274078
Justice Cunningham,TE,LARM,3.7309474780978342,4500,0.82450297149284812,0.12998586027981385,0.030020014979263664,0.0094718049748998348,0.0023485509093472733,0.0036707973638274078
Cole Wick,TE,DET,3.7295257022133224,4500,0.83649566312475232,0.1124817192889216,0.032831869620215309,0.010298762852315742,0.0025965322126092218,0.0052954529011856434
Jim Dray,TE,BUF,3.7256852787761829,4500,0.82376724272972102,0.13184778595841723,0.030561478596738797,0.0073534910863897567,0.0022441687994926877,0.0042258328292403644
Maxx Williams,TE,BAL,3.7228481712557246,4500,0.8280505711220123,0.12539612773229977,0.030600460987721748,0.0096925008787314988,0.0024066144889669568,0.003853724790267844
Nic Jacobs,TE,BAL,3.7228481712557246,4500,0.8280505711220123,0.12539612773229977,0.030600460987721748,0.0096925008787314988,0.0024066144889669568,0.003853724790267844
Mitchell Henry,TE,BAL,3.7228481712557246,4500,0.8280505711220123,0.12539612773229977,0.030600460987721748,0.0096925008787314988,0.0024066144889669568,0.003853724790267844
Matt Spaeth,TE,PIT,3.7226149671303403,4500,0.83505829095688322,0.11466565553138217,0.033766779002524852,0.0085079938137819448,0.0032066050288481209,0.0047946756665795745
Paul Lang,TE,PIT,3.7226149671303403,4500,0.83505829095688322,0.11466565553138217,0.033766779002524852,0.0085079938137819448,0.0032066050288481209,0.0047946756665795745
Ladarius Green,TE,PIT,3.7226149671303403,4500,0.83505829095688322,0.11466565553138217,0.033766779002524852,0.0085079938137819448,0.0032066050288481209,0.0047946756665795745
Tony Moeaki,TE,CHI,3.7225718406956432,4500,0.8288063637059806,0.12488441120630731,0.030020417166402004,0.0097992034908185154,0.0022565100248965577,0.0042330944055950972
Busta Anderson,TE,CHI,3.7225718406956432,4500,0.8288063637059806,0.12488441120630731,0.030020417166402004,0.0097992034908185154,0.0022565100248965577,0.0042330944055950972
Rob Housler,TE,CHI,3.7225718406956432,4500,0.8288063637059806,0.12488441120630731,0.030020417166402004,0.0097992034908185154,0.0022565100248965577,0.0042330944055950972
Wes Saxton,TE,WAS,3.7198733060611731,4500,0.82707626647511878,0.12743481801969037,0.03108104022101018,0.0076554085615929109,0.0023507965471937183,0.0044016701753940473
Derek Carrier,TE,WAS,3.7198733060611731,4500,0.82707626647511878,0.12743481801969037,0.03108104022101018,0.0076554085615929109,0.0023507965471937183,0.0044016701753940473
Luke Stocker,TE,TB,3.7137453203118729,4500,0.83358813026441425,0.11602360558334332,0.034040948990014336,0.010333302367415101,0.0024264105773046957,0.0035876022175077419
Darren Fells,TE,ARI,3.7097644632416436,4500,0.82298769230829327,0.13487298276521612,0.029456885819688562,0.0065848129832001799,0.0020764313238740878,0.0040211947997277307
Brandon Myers,TE,TB,3.698431354363048,4500,0.83332986870319981,0.12078621662289438,0.029284596714922152,0.01001333759418555,0.0026390537866735576,0.0039469265781240511
Ross Travis,TE,KC,3.6901130696077562,4500,0.83350240329389835,0.12097024440391152,0.029749093267285431,0.0095271270344724976,0.0022828581225090832,0.0039682738779230221
Nick Vannett,TE,SEA,3.6870880220768685,4500,0.84325299275046772,0.10323507074781492,0.037371783934265553,0.0092872312980897126,0.0026873344420511309,0.0041655868273108099
Neal Sterling,TE,JAC,3.6766966444640725,4500,0.83760893119949797,0.11575672387465127,0.030580266423644056,0.0097208529255958694,0.0024066144889669568,0.0039266110876439372
Jerome Cunningham,TE,TEN,3.6612841346786178,4500,0.83826655800462302,0.11619510728131088,0.031341973822590505,0.0076260641369990598,0.0023519041741472662,0.0042183925803291082
Beau Brinkley,TE,TEN,3.6612841346786178,4500,0.83826655800462302,0.11619510728131088,0.031341973822590505,0.0076260641369990598,0.0023519041741472662,0.0042183925803291082
Jace Amaro,TE,TEN,3.6612841346786178,4500,0.83826655800462302,0.11619510728131088,0.031341973822590505,0.0076260641369990598,0.0023519041741472662,0.0042183925803291082
Jared Cook,TE,GB,3.6472110499317871,4500,0.83997780266631494,0.11512790740905771,0.031119844111817185,0.0072228552681189283,0.0023519041741472662,0.0041996863705439083
Beau Sandland,TE,GB,3.6472110499317871,4500,0.83997780266631494,0.11512790740905771,0.031119844111817185,0.0072228552681189283,0.0023519041741472662,0.0041996863705439083
Seth DeValve,TE,CLE,3.5619861530853942,4500,0.85428843386090603,0.10236119725599555,0.029179132207383759,0.0087992487141529425,0.0015799170039535032,0.00379207095760854
Blake Bell,TE,SF,3.5275046123415073,4500,0.85428037728853878,0.10687943981679615,0.026926283260962736,0.0064597659045984102,0.00188105022973566,0.0035730834993683669
Brent Celek,TE,PHI,3.5212490016057849,4500,0.86115370709359296,0.096397341674582332,0.028867759221226929,0.0078743426885358129,0.0020403344717930243,0.0036665148502683111
Randall Telfer,TE,CLE,3.4480225399619826,4500,0.86685141208579597,0.097499236376887635,0.023704511180843057,0.0067049533655356552,0.0016180457974724327,0.0036218411934652046
James O'Shaughnessy,TE,KC,3.4362326075471565,4500,0.87140473836187804,0.091533045370644578,0.024859986435214407,0.006397099646514799,0.0022234465999268847,0.0035816835858212114
Cory Harkey,TE,LARM,3.4320876456748297,4500,0.86655207442066595,0.099015260060467472,0.023722049807468667,0.0060315685577802458,0.0015317719818677988,0.0031472751717498411
