name,pos,team,expectation,salary,prob_0_5,prob_5_10,prob_10_15,prob_15_20,prob_20_25,prob_25+
Ezekiel Elliott,RB,DAL,12.75888770350114,8900,0.22010362851152981,0.19405590183495117,0.20733707746572136,0.16092082600045912,0.12762782500423736,0.089954741183101455
DeMarco Murray,RB,TEN,12.053428905937718,7400,0.2036563657373433,0.246329003904427,0.21861194088111283,0.16742120695111262,0.095038137962468697,0.068943344563535652
Devonta Freeman,RB,ATL,11.478124701680816,7000,0.24387579073992482,0.23705799344559136,0.21441039117544636,0.15209105809405665,0.089350842467394193,0.063213924077586484
Matt Forte,RB,NYJ,10.430142485181927,7100,0.2899852229115944,0.267785214298148,0.17673077971782142,0.15122182715851076,0.0602685377425657,0.054008418171359873
Melvin Gordon,RB,SD,10.372572188745311,8300,0.25804773519355623,0.30639930826973566,0.19982231172560636,0.12998852990943208,0.05020565820853029,0.055536456693139301
Isaiah Crowell,RB,CLE,10.08819516032362,6000,0.31920660684133306,0.26473246733026701,0.17534348784835266,0.12414352490408952,0.05308055105430351,0.063493362021653871
Mark Ingram,RB,NO,9.8910992117605154,6300,0.34585790066011229,0.24033019086093346,0.18620407556360269,0.10465868451888587,0.063240295175021874,0.059708853221443862
Jay Ajayi,RB,MIA,9.5395895409260323,7800,0.39494262406924863,0.22195391476996804,0.15751607704817555,0.10224600032888692,0.052513080586377749,0.070828303197343095
Devontae Booker,RB,DEN,9.5349443292394547,7800,0.33080300144405622,0.27712169965471334,0.18624151820948021,0.11555147336201931,0.040681826960495944,0.049600480369235055
Tim Hightower,RB,NO,9.5116439627029621,6200,0.39308353624242659,0.20989758398012767,0.18285514452825807,0.090790511302733412,0.062516734136524366,0.060856489809930171
Christine Michael,RB,GB,9.2651848464955595,7000,0.36967283712582455,0.24337300613904134,0.18624314085292035,0.1128406590751537,0.040696079806528368,0.04717427700053111
Le'Veon Bell,RB,PIT,9.1483186727996486,8100,0.42327900641345162,0.21015030900717904,0.15608232201727687,0.10074775667662025,0.043597517939024846,0.066143087946447382
Jonathan Stewart,RB,CAR,9.1463871902185634,6800,0.34684498051627988,0.29184737739401156,0.18141443901292301,0.090371141386683077,0.044122549986704312,0.045399511703397795
David Johnson,RB,ARI,9.1340019888257267,9400,0.42007322475197129,0.22399020224762353,0.15290526252744038,0.077073959180211635,0.064008963541759195,0.061948387750993837
T.J. Yeldon,RB,JAC,9.1139019556215146,5500,0.35317222055293312,0.2779897573550098,0.1846771711214131,0.10250547862664508,0.040357006073462848,0.041298366270536034
Matt Asiata,RB,MIN,8.7992565969570116,5800,0.34736345794534373,0.32022028591457979,0.17059795559784338,0.08369468908128419,0.043267002267462114,0.034856609193486973
Ty Montgomery,RB,GB,8.6952628632834337,6200,0.40521883143776011,0.25937786897865511,0.1620353879869143,0.086235357877224625,0.038764914524700232,0.048367639194745682
Bilal Powell,RB,NYJ,8.5890194561708384,5400,0.40553698880628064,0.26334281331372555,0.15967758507792035,0.090472766669043969,0.041161622907677733,0.039808223225351741
Charcandrick West,RB,KC,8.5787273879262962,6000,0.37817345965025939,0.28780130639230955,0.17740076047992759,0.08865153113540751,0.032676654883607686,0.03529628745848825
Spencer Ware,RB,KC,8.4800048613057832,7300,0.44835838194555228,0.21799855067148283,0.15807623660594169,0.082947012296685094,0.050090180913956783,0.042529637566381631
Jordan Howard,RB,CHI,8.4782624223717331,6900,0.45455764063818554,0.22350912892863006,0.14685742585766023,0.071961936676477531,0.053026645694271679,0.050087222204775329
Terrance West,RB,BAL,8.4614628795165405,6500,0.43230891580639247,0.22806183969816737,0.18061376396649595,0.074016259660820968,0.044041675050928535,0.040957545817194359
Duke Johnson,RB,CLE,8.4434114297244953,5100,0.43794386767947813,0.24677803318643152,0.13387448553516029,0.10178177846801795,0.029299229370468284,0.050322605760443943
Lamar Miller,RB,HOU,8.4380765424692772,7500,0.46935831918574283,0.20822744897375906,0.13966074503325326,0.084412117628677369,0.044876829325279068,0.053464539853288327
Rashad Jennings,RB,NYG,8.4160152824214212,5600,0.46376937977742333,0.21149121032612408,0.15135702552561414,0.077339961221910086,0.043234204303437621,0.052808218845490272
Todd Gurley,RB,LARM,8.3025051206911122,7000,0.43967155228315719,0.22257732537430422,0.17484074393536794,0.095780217596334302,0.034749245950000722,0.032380914860835337
Derrick Henry,RB,TEN,7.8829415021954361,5300,0.5150435468830874,0.19381082641958777,0.13304431350125709,0.064466354645538335,0.044885009672276086,0.048749948878253208
Giovani Bernard,RB,CIN,7.8245057349998213,5900,0.50978207913728757,0.19406181848782353,0.14452393362388063,0.06564004111359617,0.045089300263471119,0.040902827373941256
DuJuan Harris,RB,SF,7.6685790925777342,5200,0.48830407865600967,0.23090762487799354,0.15318199755897688,0.058776453104369755,0.024034389806761307,0.044795455995889008
Ryan Mathews,RB,PHI,7.6308074947901021,5500,0.49586251868250525,0.22812898256304984,0.13566594948438929,0.070259050485665525,0.034494027952754892,0.035589470831635169
LeGarrette Blount,RB,NE,7.6084477535049704,6400,0.50834444729788641,0.22223003144582165,0.12162797996900063,0.071655846786325764,0.039472453546635047,0.036669240954330738
James White,RB,NE,7.5613717427973111,5400,0.51521245110956648,0.22270017891093299,0.11754535540861373,0.063341155863639961,0.041544302295852514,0.039656556411394386
Jerick McKinnon,RB,MIN,7.4849712788999527,5700,0.53085429830856057,0.21493990861447465,0.11938420063259422,0.045960068684914826,0.038901878951695452,0.049959644807760245
Darren Sproles,RB,PHI,7.4124770195624947,5100,0.53142628177598705,0.20512847774936271,0.12356596437514335,0.068704121948609309,0.031753139187467125,0.039422014963430611
Jeremy Hill,RB,CIN,7.3973778356069868,6100,0.54894223148939791,0.18982913713394436,0.12232034816214282,0.055150366542952217,0.039234949323505859,0.044522967348057399
Rob Kelley,RB,WAS,7.3883254980615245,5300,0.55036483744252906,0.21017931073318141,0.10078584304527678,0.045976231036474462,0.035483479033547156,0.057210298708991553
Peyton Barber,RB,TB,7.1915323708510979,5700,0.49375407992260451,0.26455945948499004,0.1332166349947107,0.05631961213725533,0.02239615901815362,0.029754054442285516
Chris Thompson,RB,WAS,7.1365753326391808,4900,0.57363990662416919,0.20069917975276705,0.089615782989178036,0.04912328825712739,0.034594755858462813,0.052327086518295901
Chris Ivory,RB,JAC,6.9019243005808155,5200,0.54029956416121006,0.23150163557198306,0.11951970111513562,0.05466674125536098,0.024218190933723804,0.029794166962586167
Paul Perkins,RB,NYG,6.7315515988273305,4500,0.59825644808930556,0.18581658970584838,0.10325346598730066,0.045547871310192355,0.018284940382322267,0.048840684525030174
Benny Cunningham,RB,LARM,6.6863564411552723,4500,0.59560832042419132,0.18764247280179633,0.1010044689416668,0.058756652454881431,0.013590506706040969,0.043397578671423222
Ronnie Hillman,RB,MIN,6.6274599308583548,4500,0.56619619827964285,0.22861934848445692,0.09701288337373612,0.061416639354496018,0.01517769966208235,0.03157723084558494
Terron Ward,RB,ATL,6.5695640238827293,5200,0.60560684694118205,0.186296999904635,0.097305946823264017,0.046137199032412347,0.028672722364389648,0.035980284934117375
Damien Williams,RB,MIA,6.4445103580820291,4500,0.61949752941654623,0.18726308354917837,0.085668177288106523,0.045257574189981428,0.017038266859865363,0.04527536869632174
Doug Martin,RB,TB,6.4222810978205453,6500,0.61473785918177515,0.18432943866048276,0.09727623932073913,0.040717001226172458,0.031274009470520732,0.031665452140309566
Carlos Hyde,RB,SF,6.3842985087170856,6800,0.62353972281927894,0.17080768344519298,0.10361062266910276,0.044963065423529132,0.021452951525049155,0.035625954117846914
James Starks,RB,GB,6.3678186513847246,5300,0.62103680900604796,0.17889787841934651,0.099172771792595205,0.042521085157529032,0.023100225322583018,0.035271230301897778
Kenyan Drake,RB,MIA,6.3586394572906393,4500,0.63464811596014092,0.17556067337246498,0.081638427947964581,0.045428227146125183,0.017017097115163169,0.045707458458141101
Mike James,RB,TB,6.3293710638230909,4800,0.62879310270535294,0.17868729470848912,0.08599910586850025,0.048870069782967519,0.019673637703224826,0.037976789231465358
Knile Davis,RB,KC,6.2551895992908104,4900,0.60520817191550291,0.20678834925453091,0.096129077489108469,0.045332411880220726,0.016715767318431315,0.029826222142205362
Kapri Bibbs,RB,DEN,6.1871521160278977,4600,0.62115391582452306,0.1911135732115225,0.097620870270185636,0.043391344981724408,0.01270040405170913,0.034019891660335227
C.J. Prosise,RB,SEA,6.1613586165642049,4700,0.60359109083009888,0.21994936046926,0.085001422258931689,0.049237604448613366,0.016495904985602178,0.025724617007493764
Akeem Hunt,RB,HOU,6.0957275545298089,4500,0.64456324787747921,0.17905490153149381,0.079069110334761508,0.03853616593986,0.027538980696660491,0.031237593619744673
John Kuhn,RB,NO,5.9547471899308047,4500,0.68086797189845472,0.1423106529220784,0.082106083670872423,0.036903985876901128,0.015341868066830086,0.04246943756486285
Andre Ellington,RB,ARI,5.8496574871685132,4500,0.66864412250338923,0.16837485605731903,0.077464342307809297,0.026264322142872176,0.02842679461089985,0.030825562377709892
Roosevelt Nix,RB,PIT,5.8482915492636467,4500,0.66099491879640782,0.17510536874274021,0.084435535810343174,0.028207091185984565,0.015224831391270429,0.036032254073253479
Travaris Cadet,RB,NO,5.8204708410934192,4500,0.69764271119576116,0.13521557194153078,0.073090868401886194,0.034722201541115216,0.01811297974849501,0.041215667171211057
Alfred Blue,RB,HOU,5.776302095505029,4500,0.69662788693975619,0.14687751115821096,0.055190622569739799,0.040249524873568927,0.028019184111016313,0.033035270347708541
Alfred Morris,RB,DAL,5.7171395166533294,4500,0.6843199669440303,0.15865681105537707,0.067523243537551292,0.035827011026505227,0.026121265062009329,0.027551702374526681
Kenneth Dixon,RB,BAL,5.7140474349722554,4600,0.65693553416459738,0.18845561533229313,0.087983709385526451,0.02353411594983347,0.0076710207971447718,0.035420004370605072
Jeremy Langford,RB,CHI,5.604623741831146,4900,0.68426174231977377,0.16126382947380594,0.076366900228635098,0.033805572682896273,0.015999376087982839,0.028302579206906528
Lance Dunbar,RB,DAL,5.5495070847395116,4500,0.68205425140165798,0.17321739918236498,0.069855399663111231,0.032023765268777524,0.013343999787458496,0.029505184696629706
Fozzy Whittaker,RB,CAR,5.5141617036990898,4600,0.67318573466899589,0.18128859549665791,0.080182537562371758,0.028222757033281812,0.0090914771748888176,0.028028898063803261
Tyler Ervin,RB,HOU,5.4986087667951749,4500,0.72013054831082168,0.1458647902660607,0.047315276224860467,0.027409885914292977,0.019400743519448954,0.039878755764515689
Jay Prosch,RB,HOU,5.4986087667951749,4500,0.72013054831082168,0.1458647902660607,0.047315276224860467,0.027409885914292977,0.019400743519448954,0.039878755764515689
Patrick DiMarco,RB,ATL,5.4862530559335827,4500,0.71599336907522526,0.13658293357850448,0.065333348109170089,0.031808590802180639,0.016833583191269482,0.033448175243650395
Kenjon Barner,RB,PHI,5.4763495737323433,4800,0.69329504401795849,0.16100372184253989,0.070785417649496279,0.0339294970366378,0.014024730771810276,0.026961588681556431
Paul Lasike,RB,CHI,5.4270763882032327,4500,0.69441926247481112,0.16358680749729937,0.072895450733058545,0.027070164012894353,0.015314499771134634,0.026713815510801726
Javorius Allen,RB,BAL,5.3873820578743503,4600,0.68679510791966802,0.17593346692393463,0.080210012471491787,0.019740368067261319,0.0047034075820530912,0.032617637035591125
Orleans Darkwa,RB,NYG,5.362573524744243,4500,0.71832196933505599,0.1395665853004138,0.069817430759638838,0.030823011292714961,0.0065107923098720712,0.034960211002304772
Bobby Rainey,RB,NYG,5.362573524744243,4500,0.71832196933505599,0.1395665853004138,0.069817430759638838,0.030823011292714961,0.0065107923098720712,0.034960211002304772
Fitzgerald Toussaint,RB,PIT,5.3430362694071976,4500,0.72366739388539225,0.14058681035772513,0.067799942171193728,0.020207176326680367,0.0068943560937560254,0.04084432116525237
Malcolm Brown,RB,LARM,5.3368721007143929,4500,0.70710486028391029,0.14876667626187501,0.072734129305941808,0.037278263008306861,0.0092756594556291164,0.024840411684336632
Chase Reynolds,RB,LARM,5.3368721007143929,4500,0.70710486028391029,0.14876667626187501,0.072734129305941808,0.037278263008306861,0.0092756594556291164,0.024840411684336632
Aaron Ripkowski,RB,GB,5.3360176524761878,4700,0.70950262644029938,0.14981552948571927,0.069908371919394488,0.033319720744158385,0.0096566621138853091,0.027797089296542638
Kyle Juszczyk,RB,BAL,5.3248951344907427,4500,0.69325753334525442,0.17470744874531224,0.074546649103963969,0.020818649220697524,0.0046262656410441137,0.032043453943727852
Lorenzo Taliaferro,RB,BAL,5.3116390982799926,4500,0.69657706952073339,0.16969288480682146,0.076857615109551455,0.020482706388392599,0.0044770354076091971,0.03191268876689192
Shaun Draughn,RB,SF,5.0933711547580449,4800,0.73441549484800261,0.13396887040557409,0.069986279519386296,0.0269557281976886,0.0095025182325434287,0.025171108796804599
Alex Collins,RB,SEA,5.0916577968070476,4500,0.73772268013925679,0.1464647549284227,0.049608724211905257,0.026742404689658588,0.0048850382135820205,0.034576397817174476
C.J. Spiller,RB,NYJ,5.0909840525005983,4500,0.71974008041036308,0.15751295957159639,0.06799712195376291,0.021954472259381141,0.0051506387816277737,0.027644727023268586
Derek Watt,RB,SD,5.0885045618583158,4500,0.7286763891239284,0.1449897407233062,0.059652891000639169,0.034549582583630119,0.010900340946290416,0.021231055622205383
James Develin,RB,NE,5.0098077916169537,4500,0.73462811979474862,0.16158958183351521,0.040705685769899032,0.020456096928387072,0.015510264202334903,0.027110251471115319
Brandon Bolden,RB,NE,5.0098077916169537,4500,0.73462811979474862,0.16158958183351521,0.040705685769899032,0.020456096928387072,0.015510264202334903,0.027110251471115319
George Atkinson,RB,CLE,5.0042804042078455,4500,0.77470631278084456,0.11187352976828145,0.044467882100246277,0.019767185555973742,0.0051802187683989169,0.044004871026255582
Stepfan Taylor,RB,ARI,4.962286455313409,4500,0.74826493553221851,0.13272613310526876,0.058102332415491918,0.022876898284906896,0.015252705038859124,0.022776995623254439
Kerwynn Williams,RB,ARI,4.962286455313409,4500,0.74826493553221851,0.13272613310526876,0.058102332415491918,0.022876898284906896,0.015252705038859124,0.022776995623254439
Wendell Smallwood,RB,PHI,4.8337300174797644,4600,0.75763090229576957,0.13328412844649903,0.052572773994676095,0.02298373900533492,0.0082771712445079467,0.025251285013212957
Ka'Deem Carey,RB,CHI,4.7487856417609686,4500,0.76208761789467094,0.13706516245952946,0.050912382294940946,0.016667271134628535,0.005472443182252127,0.027795123033977694
Rex Burkhead,RB,CIN,4.7365492481661891,4500,0.7776173064860985,0.12562306353949296,0.0384128073980438,0.016491041912444011,0.013890857759276537,0.027964922904643863
Ryan Hewitt,RB,CIN,4.7365492481661891,4500,0.7776173064860985,0.12562306353949296,0.0384128073980438,0.016491041912444011,0.013890857759276537,0.027964922904643863
Antonio Andrews,RB,TEN,4.6762504916707464,4500,0.77870560634773733,0.11983997192022189,0.051486870133518575,0.01631257214348248,0.0047762275587555445,0.028878751896284135
Kenneth Farrow,RB,SD,4.6762232935660188,4500,0.77018815016144704,0.12782958240670689,0.049126271580426192,0.024847672999895657,0.0054221001116633817,0.022586222739860773
Zach Line,RB,MIN,4.656855502486418,4500,0.7853587845045058,0.11817403042931091,0.043543496656796875,0.01450683922755795,0.0094946868374417726,0.02892216234438752
Anthony Sherman,RB,KC,4.5743162933501775,4500,0.78642063261842499,0.11951839444110701,0.043742220714878516,0.018346864185707908,0.007039609957359476,0.024932278082521988
Jalston Fowler,RB,TEN,4.492339880201567,4500,0.79822097202081566,0.10890534208657482,0.047514592413726256,0.014148264629478387,0.0039654890091735031,0.027245339840231385
Andy Janovich,RB,DEN,4.3539852161234274,4500,0.8118528154061273,0.1050797699127,0.038625405814318572,0.01521513520549308,0.00331331223993773,0.025913561421423582
Will Tukuafu,RB,SEA,4.2870550588420846,4500,0.8168925320310374,0.10145984955291507,0.039631472767436983,0.014506973737053898,0.0043785640883164008,0.023130607823240144
Denard Robinson,RB,JAC,4.2589782402396654,4500,0.82072462140902414,0.096171117147720378,0.042488901801200747,0.013872663219142526,0.0046847444741764267,0.022057951948735596
Mike Tolbert,RB,CAR,4.2542563469438406,4500,0.8152795806480706,0.10502656578241376,0.039656756978030117,0.015365249758979606,0.0029437937891749959,0.021728053043331048
