name,pos,team,expectation,salary,prob_0_5,prob_5_10,prob_10_15,prob_15_20,prob_20_25,prob_25+
Julio Jones,WR,ATL,12.925794725391205,8800,0.15517028131980726,0.24940606808120458,0.24523072573421345,0.15154126871608145,0.10259066136310047,0.096060994785592685
Mike Evans,WR,TB,12.129668403078416,8500,0.15276384678871313,0.30856730168149354,0.22617168078072167,0.15680318061605122,0.083856475140510617,0.071837514992509968
Doug Baldwin,WR,SEA,12.114744255597103,6900,0.16600835016395751,0.26787146430014419,0.26322630856737383,0.14869519240502205,0.088454230348050472,0.065744454215452164
Jordy Nelson,WR,GB,12.010238914994851,7700,0.18231015793557176,0.2806124864065711,0.22911186171245432,0.14577638613936303,0.085063124280798541,0.077125983525241387
Brandin Cooks,WR,NO,11.908754946668989,7300,0.19128209049316666,0.26864121916075578,0.24110718463652625,0.1424642666853049,0.079023594277158118,0.077481644747088393
Davante Adams,WR,GB,11.45590745684571,7200,0.20161599477045089,0.28720764889778666,0.23356193905872391,0.13737194285772125,0.076478236295843979,0.063764238119473515
Willie Snead,WR,NO,11.326600649804449,6400,0.2240425337281059,0.27949356198811004,0.21868457947621012,0.13153841673353311,0.077362381550445128,0.06887852652359587
Michael Thomas,WR,NO,11.254237758561802,6400,0.22716442235565049,0.27619788386461214,0.22034792453449564,0.13723625018450139,0.073022527078449195,0.066030991982291218
Antonio Brown,WR,PIT,10.81880529296159,8600,0.29366024979892996,0.24111207247767613,0.18615096183491578,0.13596332891982163,0.073109859157937218,0.070003527810719349
Mohamed Sanu,WR,ATL,10.796033054649881,5600,0.27450495566385819,0.24981713141751671,0.21742858213278041,0.11869614830235706,0.079322042077611524,0.060231140405876279
Stefon Diggs,WR,MIN,10.782948912460697,6700,0.25827852601066292,0.26554127518601561,0.22853710493789647,0.12226240762859643,0.059716356639600156,0.065664329597228163
Rishard Matthews,WR,TEN,10.768166741253932,5800,0.24748090974120959,0.2895826738926035,0.20411803992579267,0.13163558628885774,0.075006115117658714,0.052176675033877892
Demaryius Thomas,WR,DEN,10.461465209184805,7500,0.24592591064404531,0.29789091280545466,0.2335133314758186,0.10954084193065003,0.066892075432239767,0.046236927711791942
Emmanuel Sanders,WR,DEN,10.457354811835588,6900,0.25046830243655571,0.29344952432754151,0.23165475320444645,0.10970622288011649,0.068012722766367079,0.04670847438497306
Jordan Matthews,WR,PHI,10.253877199406803,5900,0.28340971692086475,0.26994513518867452,0.20975846746341292,0.13003176023142213,0.063056511906537785,0.043798408289088452
Cole Beasley,WR,DAL,10.2273170898162,6500,0.31354823547171712,0.2421517764981731,0.19533543705708695,0.13550464780453378,0.06117269190515294,0.052287211263335999
Adam Thielen,WR,MIN,10.11464860155524,5600,0.28243021609805485,0.2803399937680231,0.22184032258879541,0.11151162385317767,0.055015008653840604,0.048862835038107816
Randall Cobb,WR,GB,9.9874770837340865,6600,0.30742604182773342,0.26624659184895222,0.1987987969519226,0.12251257718070888,0.058966461501522807,0.046049530689160345
Tyrell Williams,WR,SD,9.9091887835175747,5900,0.2807061890601833,0.28932734195414905,0.22568139283593874,0.11542458388257622,0.049428583906001813,0.039431908361150528
Dez Bryant,WR,DAL,9.8714088838398872,7500,0.34528639884917695,0.24231244559319548,0.17187650036950758,0.13014499704404092,0.054116951416749395,0.056262706727329297
Allen Robinson,WR,JAC,9.8514514039079302,7000,0.30404472579257069,0.28931515661664098,0.18379606975355817,0.11741024778103484,0.066016758966253239,0.039417041089942123
Jeremy Maclin,WR,KC,9.8507973347876678,6500,0.32943925950285502,0.24675306838501723,0.20042790569727975,0.11760807449440161,0.059132095907482571,0.046639596012964302
Brandon Marshall,WR,NYJ,9.8497609188652113,7100,0.28512548276210964,0.31898274243345615,0.18229949093705825,0.11472544942898467,0.05214006101344193,0.046726773424949561
Quincy Enunwa,WR,NYJ,9.7298805657747653,5800,0.30334881854818813,0.30461920554842503,0.18211537032868177,0.1081958061057663,0.056065248712830099,0.04565555075610897
Jarvis Landry,WR,MIA,9.7153887267332824,6800,0.33212644256419688,0.2615954708742641,0.17730151981481071,0.12740416581411204,0.063195267262648083,0.038377133669968491
Cordarrelle Patterson,WR,MIN,9.6700105463727759,5500,0.31351165082394,0.28267141443346,0.20932240041991781,0.092074931979042401,0.055636913654063501,0.04678268868957567
Kelvin Benjamin,WR,CAR,9.6672614921467002,7000,0.33111794250764764,0.26238903630295624,0.19932939093416804,0.10644262297091112,0.05052842507626893,0.050192582208047745
Travis Benjamin,WR,SD,9.5166150742796898,5700,0.32206893583519058,0.27387379511697518,0.20347835995428157,0.11821467047005878,0.043972704697246852,0.038391533926247182
Dontrelle Inman,WR,SD,9.4942598659030573,5300,0.30325720144989254,0.2934861691071956,0.21865771694078837,0.10543125720062389,0.044081677917531009,0.035085977383968653
Jamison Crowder,WR,WAS,9.2108777484031172,6000,0.37660026167141536,0.24538719065671871,0.18746608707112031,0.086784334524830559,0.05730744907240231,0.046454677003512676
Julian Edelman,WR,NE,9.1788851330314838,6000,0.38512577908252166,0.23132280833859822,0.19007498956845026,0.094151999378704776,0.054773877163940096,0.044550546467784675
DeAndre Hopkins,WR,HOU,9.0829764611387027,7400,0.37592205688746738,0.25298750786519253,0.18401395441653839,0.094563016485332968,0.050676495653873506,0.04183696869159563
Alshon Jeffery,WR,CHI,8.9987653285900571,7200,0.38230245014306569,0.24005701697921966,0.20717771077749281,0.081774884425324532,0.043423714466652587,0.045264223208244504
Terrance Williams,WR,DAL,8.9912609535280037,5200,0.39808711147316977,0.23096302043516875,0.17229830730806764,0.11139101523715586,0.047783217789359053,0.039477327757078601
Kenny Britt,WR,LARM,8.9764846446448683,6400,0.33831061045457828,0.29374338371155617,0.20899748697348872,0.088808213247273129,0.03356759653689774,0.036572709076205953
Larry Fitzgerald,WR,ARI,8.952146293535149,7200,0.36449135144786909,0.2625223282992597,0.2042071859551918,0.090024841701199412,0.044353429588610278,0.034400863007869473
Will Fuller,WR,HOU,8.8067431706964587,6300,0.39280335048790493,0.25281693757408052,0.17439436984865248,0.098719088082807382,0.042745577413291512,0.03852067659326365
Adam Humphries,WR,TB,8.7577033560358739,5200,0.3571656850790193,0.29748268336240802,0.1872205950544451,0.084966095097518901,0.041106194589726544,0.032058746816882686
Allen Hurns,WR,JAC,8.7508777300851417,5600,0.38151725903373968,0.27685499494951488,0.16200933765812714,0.099542779747977261,0.049704606545878195,0.030371022064762908
Tavon Austin,WR,LARM,8.5148426866956228,5400,0.37580342626834945,0.29161998971206826,0.18274165768360726,0.083477615246154241,0.036354168927725666,0.030003142162095275
DeSean Jackson,WR,WAS,8.482606031913468,6100,0.43452629275246596,0.23375327364020512,0.16741064274834633,0.074192087380781493,0.045218132287553968,0.044899571190647108
Kenny Stills,WR,MIA,8.3469927610261951,5700,0.40887047684438871,0.2780413912353592,0.15109978592598686,0.090600362401519474,0.039583416050382146,0.031804567542363785
Tyler Lockett,WR,SEA,8.3370230062835589,4900,0.42072411567842682,0.24250394496151401,0.18841047995613994,0.07972650923414859,0.034274582168381786,0.034360368001388995
Nelson Agholor,WR,PHI,8.3204127623986768,5400,0.40942650169753664,0.27100038915929348,0.16917485491699141,0.078553807207158446,0.040151203230118497,0.03169324378890194
Pierre Garcon,WR,WAS,8.3181883620723767,5400,0.43809396298086933,0.23963231381565797,0.16704030990419938,0.071791277930167804,0.042659771845611774,0.040782363523493605
Chris Hogan,WR,NE,8.2961371854851258,5900,0.45130056900081222,0.21555736447492421,0.16706997686859573,0.087202723995272333,0.046424881402884859,0.032444484257510557
Brice Butler,WR,DAL,8.1557559474196157,5100,0.45514479297602534,0.22694341410875352,0.15545676631460928,0.086021114403383364,0.046938661450341833,0.029495250746886768
John Brown,WR,ARI,8.1393044634971545,6200,0.43723916835612325,0.25010745444360483,0.16774974235949472,0.075006396865911526,0.032251426935227839,0.037645811039638134
Jermaine Kearse,WR,SEA,8.1076533749221884,4500,0.43847313324959691,0.24843943571767083,0.16837309481342205,0.073862026494781213,0.039502578467066583,0.031349731257462557
Ted Ginn Jr.,WR,CAR,8.0968983492597246,5300,0.45385804118631851,0.23358436842893848,0.16346138309802816,0.072269681093334454,0.04206913901995462,0.034757387173425705
Taylor Gabriel,WR,ATL,8.0227802483138859,4600,0.44798775802662699,0.24916178882261561,0.16189000875960693,0.069297433486101928,0.034593111662601442,0.037069899242447198
Kendall Wright,WR,TEN,7.9593457087788995,4800,0.44374599936139308,0.25995693628121519,0.1448424497073644,0.090158625768287967,0.034728515653726956,0.026567473228012766
DeVante Parker,WR,MIA,7.9564768896309168,5600,0.46549462792834884,0.23932523627826702,0.13336824489325205,0.094171298932240952,0.035483204774766998,0.032157387193124255
J.J. Nelson,WR,ARI,7.9327493135229625,5600,0.43350918478018663,0.26792168231404401,0.16648856454362498,0.071026070533408744,0.032699649440603905,0.028354848388131376
Cameron Meredith,WR,CHI,7.6712160432599168,5300,0.47997737876336843,0.23835671917399742,0.15518252527349743,0.059919523684980963,0.027056397644728239,0.039507455459427097
Tyreek Hill,WR,KC,7.6711801729137497,4700,0.47926353155317686,0.23796607506746725,0.14069501891885217,0.080666111685252562,0.034164727254435985,0.027244535520815339
Eli Rogers,WR,PIT,7.6575121132193482,4900,0.49247526413966392,0.2150794187062347,0.15293160463534494,0.08221200062316858,0.022584766680500884,0.034716945215087128
Darrius Heyward-Bey,WR,PIT,7.6115517325533455,5200,0.5027672924563521,0.21201413263971255,0.15034935884447931,0.062799522713903932,0.039149538687476879,0.032920154658075712
Torrey Smith,WR,SF,7.5839884297928091,5200,0.46684102595392268,0.26082929228640128,0.13708154494007396,0.080760918023476208,0.032913544259044553,0.021573674537081186
Brandon Coleman,WR,NO,7.5350768889207975,4500,0.48987072847761132,0.24340261094749246,0.1307061230930838,0.072470474483263686,0.032961217792034155,0.030588845206514361
Jared Abbrederis,WR,GB,7.4785569738580424,4500,0.53644718055578722,0.21449208138481785,0.12283854269278532,0.043695262786283495,0.0081782232592617892,0.074348709321064466
Sammie Coates,WR,PIT,7.472215993544248,5400,0.53096628135149837,0.20473367926108024,0.12147590268478835,0.063719699015964831,0.039923571403044054,0.039180866283624383
Jeremy Kerley,WR,SF,7.4719710343871473,5100,0.48024180371297087,0.25389831689791192,0.13137190999500772,0.08254292421636511,0.029601928548312527,0.022343116629431396
Tevin Jones,WR,HOU,7.4492201387422048,4500,0.53753549937685774,0.20925516189025051,0.12521049404300208,0.049980360516832266,0.0098656246435987801,0.068152859529458848
Keith Mumphery,WR,HOU,7.4492201387422048,4500,0.53753549937685774,0.20925516189025051,0.12521049404300208,0.049980360516832266,0.0098656246435987801,0.068152859529458848
Robby Anderson,WR,NYJ,7.448315932055019,4700,0.48510359759880423,0.26227655820943541,0.12890857546859655,0.059529887024498108,0.029927092302446084,0.034254289396219335
Isaac Fruechte,WR,MIN,7.4448375966305491,4500,0.54313356687653691,0.20603741577779763,0.12179623329607868,0.046614136374633547,0.012598010542512559,0.069820637132440813
Jarius Wright,WR,MIN,7.4448375966305491,4500,0.54313356687653691,0.20603741577779763,0.12179623329607868,0.046614136374633547,0.012598010542512559,0.069820637132440813
Tajae Sharpe,WR,TEN,7.4418177783974038,4600,0.49653209001384424,0.24270687568056384,0.12177271028501348,0.078690002024493305,0.035450356625018678,0.024847965371067048
Russell Shepard,WR,TB,7.4324560878393218,4500,0.50194204235983275,0.23349164875425868,0.13681537641823602,0.063041704687582981,0.033302436986062521,0.031406790794026966
Paul McRoberts,WR,LARM,7.3929167193400627,4500,0.54055583499635118,0.20811291873900314,0.12822278823026267,0.046851125371330148,0.0078151907607711991,0.068442141902281761
Duke Williams,WR,LARM,7.3929167193400627,4500,0.54055583499635118,0.20811291873900314,0.12822278823026267,0.046851125371330148,0.0078151907607711991,0.068442141902281761
Nelson Spruce,WR,LARM,7.3929167193400627,4500,0.54055583499635118,0.20811291873900314,0.12822278823026267,0.046851125371330148,0.0078151907607711991,0.068442141902281761
Geronimo Allison,WR,GB,7.3698890903146452,5200,0.5339179825444863,0.19268608611723265,0.14099016886918159,0.067804181017481008,0.027109056103199896,0.037492525348418161
Devin Funchess,WR,CAR,7.3638364169724504,4800,0.50425942886072261,0.23114329802529293,0.14120179817817136,0.0689647243331626,0.019827536999884536,0.03460321360276572
Kenbrell Thompkins,WR,NYJ,7.3611726302391123,4500,0.54731720047511656,0.20352403315246814,0.12318461009910241,0.048467161059650612,0.010595186550114582,0.066911808663547845
Devin Smith,WR,NYJ,7.3611726302391123,4500,0.54731720047511656,0.20352403315246814,0.12318461009910241,0.048467161059650612,0.010595186550114582,0.066911808663547845
Chris Brown,WR,DAL,7.3594297396111141,4500,0.53170276047556375,0.2115296128563636,0.14512034768088355,0.039195573916713154,0.0097296073984275162,0.062722097672048518
Kyle Prater,WR,NO,7.3422015703167833,4500,0.54582852015171313,0.20219126180818106,0.13107928732958382,0.045649892202293305,0.0091143915520157225,0.066136646956213047
Vincent Brown,WR,NO,7.3422015703167833,4500,0.54582852015171313,0.20219126180818106,0.13107928732958382,0.045649892202293305,0.0091143915520157225,0.066136646956213047
Jared Dangerfield,WR,NO,7.3422015703167833,4500,0.54582852015171313,0.20219126180818106,0.13107928732958382,0.045649892202293305,0.0091143915520157225,0.066136646956213047
Brian Quick,WR,LARM,7.336701574473822,4500,0.47760620429924122,0.25903396889933944,0.15351136035868451,0.06660932506152914,0.014740056812561211,0.028499084568644726
Marqise Lee,WR,JAC,7.3272765996993794,5000,0.46658423619599909,0.27708891776144895,0.14889744108426353,0.062852161490397268,0.020871181800749917,0.023706061667141662
Cecil Shorts III,WR,TB,7.3239534740236687,4500,0.55170148322159585,0.19657185224768184,0.1258189294094976,0.052402699794991771,0.0081522922780843561,0.065352743048148781
Donteea Dye,WR,TB,7.3239534740236687,4500,0.55170148322159585,0.19657185224768184,0.1258189294094976,0.052402699794991771,0.0081522922780843561,0.065352743048148781
Vincent Jackson,WR,TB,7.3116484457137867,4800,0.54788349388945123,0.20102123961438811,0.12561583554012384,0.054449382662483475,0.008421611007097032,0.062608437286456556
Josh Doctson,WR,WAS,7.2826853943422076,4500,0.53964448782246155,0.21150495647377585,0.13521964185549862,0.042735331761889206,0.0080910670338721763,0.062804515052502466
Rashad Ross,WR,WAS,7.2826853943422076,4500,0.53964448782246155,0.21150495647377585,0.13521964185549862,0.042735331761889206,0.0080910670338721763,0.062804515052502466
Markus Wheaton,WR,PIT,7.2726674132315825,4900,0.5329387323248721,0.21440644180454052,0.1411677383853891,0.043958361388860709,0.011727150577274612,0.055801575519063354
Deshon Foxx,WR,SEA,7.2684371150020519,4500,0.55227820867240118,0.1989237568367227,0.12754999975219855,0.049395988102662075,0.0077845308287730706,0.064067515807242417
Kevin Smith,WR,SEA,7.2684371150020519,4500,0.55227820867240118,0.1989237568367227,0.12754999975219855,0.049395988102662075,0.0077845308287730706,0.064067515807242417
Tyler Murphy,WR,MIA,7.2431146711167571,4500,0.54149666761477044,0.20825091391728781,0.13601713730602757,0.045519029454790159,0.011800601205983771,0.056915650501140544
Rashawn Scott,WR,MIA,7.2431146711167571,4500,0.54149666761477044,0.20825091391728781,0.13601713730602757,0.045519029454790159,0.011800601205983771,0.056915650501140544
Canaan Severin,WR,PIT,7.2343578339783381,4500,0.54331670662886433,0.20931204971545239,0.13657074908948105,0.039248537960324674,0.01108737800910968,0.06046457859676807
Levi Norwood,WR,PIT,7.2343578339783381,4500,0.54331670662886433,0.20931204971545239,0.13657074908948105,0.039248537960324674,0.01108737800910968,0.06046457859676807
Chris Harper,WR,SF,7.2294479593470404,4500,0.55195049180691869,0.21345910947557159,0.10656793405658695,0.055922867697471276,0.0089719736290108619,0.063127623334440996
Keshawn Martin,WR,SF,7.2294479593470404,4500,0.55195049180691869,0.21345910947557159,0.10656793405658695,0.055922867697471276,0.0089719736290108619,0.063127623334440996
Cayleb Jones,WR,PHI,7.2254043991451207,4500,0.55452088130884924,0.20835138420064239,0.11389279988601381,0.047707731391323692,0.011815314383472398,0.063711888829698665
Hunter Sharp,WR,PHI,7.2254043991451207,4500,0.55452088130884924,0.20835138420064239,0.11389279988601381,0.047707731391323692,0.011815314383472398,0.063711888829698665
Xavier Rush,WR,PHI,7.2254043991451207,4500,0.55452088130884924,0.20835138420064239,0.11389279988601381,0.047707731391323692,0.011815314383472398,0.063711888829698665
Chris Givens,WR,PHI,7.2254043991451207,4500,0.55452088130884924,0.20835138420064239,0.11389279988601381,0.047707731391323692,0.011815314383472398,0.063711888829698665
Kashif Moore,WR,KC,7.2136504766298906,4500,0.55508730466319811,0.20595034954243358,0.11657950721443457,0.049386544763586004,0.0095203720178218109,0.063475921798526014
DeAndre Carter,WR,NE,7.1831296572025565,4500,0.56421521621684956,0.19247585019542235,0.11965922418048829,0.05180612679362917,0.009804660564828413,0.062038922048782266
DeAndrew White,WR,NE,7.1831296572025565,4500,0.56421521621684956,0.19247585019542235,0.11965922418048829,0.05180612679362917,0.009804660564828413,0.062038922048782266
Shaq Evans,WR,NE,7.1831296572025565,4500,0.56421521621684956,0.19247585019542235,0.11965922418048829,0.05180612679362917,0.009804660564828413,0.062038922048782266
Tony Washington,WR,JAC,7.1636818245701921,4500,0.5637594359119541,0.20338181209883768,0.1111197450545425,0.047202578788270555,0.0071748143906731638,0.067361613755722249
Rashad Greene Sr.,WR,JAC,7.1636818245701921,4500,0.5637594359119541,0.20338181209883768,0.1111197450545425,0.047202578788270555,0.0071748143906731638,0.067361613755722249
DeVier Posey,WR,DEN,7.1112181951843016,4500,0.55479307710354542,0.20740183890784078,0.12974877354752026,0.038811188421198302,0.0073149223290935803,0.061930199690801907
Marlon Brown,WR,DEN,7.1112181951843016,4500,0.55479307710354542,0.20740183890784078,0.12974877354752026,0.038811188421198302,0.0073149223290935803,0.061930199690801907
Bralon Addison,WR,DEN,7.1112181951843016,4500,0.55479307710354542,0.20740183890784078,0.12974877354752026,0.038811188421198302,0.0073149223290935803,0.061930199690801907
Durron Neal,WR,DEN,7.1112181951843016,4500,0.55479307710354542,0.20740183890784078,0.12974877354752026,0.038811188421198302,0.0073149223290935803,0.061930199690801907
Cody Latimer,WR,DEN,7.1112181951843016,4500,0.55479307710354542,0.20740183890784078,0.12974877354752026,0.038811188421198302,0.0073149223290935803,0.061930199690801907
Eddie Royal,WR,CHI,7.1017116235895958,5100,0.54005471487356049,0.22463389909232065,0.12573786747605981,0.046001100843700009,0.0116327004294163,0.051939717284942753
Chris Conley,WR,KC,7.0965378517285487,4500,0.50854652731291938,0.2470893761073458,0.13185301451371409,0.064003432100605509,0.026036380917956316,0.022471269047458827
Bryce Treggs,WR,PHI,7.0954527359565986,4500,0.52408074424832773,0.23574855849613055,0.12099067800779076,0.065194173266400077,0.024151117026346137,0.029834728955004611
Harry Douglas,WR,TEN,7.0374734531636349,4500,0.51851642299837042,0.23826934126436147,0.12954050145046878,0.07071431244810103,0.016795700070367091,0.026163721768331295
Kieran Duncan,WR,CHI,6.9948311497916045,4500,0.56471688066769021,0.20984348764974817,0.11390502382956016,0.044976370335387705,0.006407603944779054,0.060150633572834622
Marquess Wilson,WR,CHI,6.9948311497916045,4500,0.56471688066769021,0.20984348764974817,0.11390502382956016,0.044976370335387705,0.006407603944779054,0.060150633572834622
Joshua Bellamy,WR,CHI,6.9948311497916045,4500,0.56471688066769021,0.20984348764974817,0.11390502382956016,0.044976370335387705,0.006407603944779054,0.060150633572834622
Daniel Braverman,WR,CHI,6.9948311497916045,4500,0.56471688066769021,0.20984348764974817,0.11390502382956016,0.044976370335387705,0.006407603944779054,0.060150633572834622
Damiere Byrd,WR,CAR,6.9819773128181204,4500,0.5768782193726274,0.19567274181222596,0.10979246402460585,0.048433199476740463,0.01027868229703627,0.058944693016764006
Keyarris Garrett,WR,CAR,6.9819773128181204,4500,0.5768782193726274,0.19567274181222596,0.10979246402460585,0.048433199476740463,0.01027868229703627,0.058944693016764006
Jaron Brown,WR,ARI,6.9721326364044884,4500,0.59019192978542578,0.18157238191545616,0.1186031676107042,0.031187924950816653,0.010138943396401081,0.068305652341195802
Jeff Janis,WR,GB,6.9660107942295291,4800,0.52245871114373965,0.2404391957059305,0.13068967906315737,0.05782766115102321,0.025023143120154523,0.023561609815994582
Paul Richardson,WR,SEA,6.866479601876291,4500,0.5345714141939315,0.22563900291405989,0.13968754718526197,0.055593331478570526,0.021041692485919323,0.023467011742257113
Michael Floyd,WR,ARI,6.858096897033902,5000,0.52509138902699981,0.25443374916101963,0.12269647243519638,0.04924945166761218,0.018600358173325369,0.029928579535846038
Quinton Patton,WR,SF,6.6768310530168824,4500,0.54016952455672285,0.24538872684749935,0.11333747454837928,0.061068790966019963,0.020081253645831663,0.019954229435546467
Pharoh Cooper,WR,LARM,6.6720239699555535,4500,0.60619702781089968,0.17079998690225554,0.12104422900283841,0.038369266223666279,0.011538899889521529,0.052050590170818638
Jordan Norwood,WR,DEN,6.6383919196786616,4500,0.53478614256701951,0.2511730653929532,0.12450333040226078,0.052156186366760157,0.015876277717056055,0.021504997553950557
Corey Brown,WR,CAR,6.6164067454853512,4800,0.5882172148449043,0.1981495547381783,0.11436795196343412,0.041377075590675737,0.017176350654040256,0.040711852208767128
Jake Lampman,WR,NO,6.6065045530594073,4500,0.60344288427296644,0.16845728661469786,0.12010754801805265,0.059331098444058775,0.0086706806222180081,0.039990502028006039
Freddie Martino,WR,TB,6.5649757530969097,4500,0.58933683036848639,0.20311459244181018,0.10664582561136431,0.048223534560279807,0.011477781816289445,0.041201435201769249
Brittan Golden,WR,ARI,6.5280581341940138,4500,0.57393964311886791,0.21964758762346095,0.11924822360457493,0.03668239455652015,0.014990347146248334,0.035491803950327652
Dorial Green-Beckham,WR,PHI,6.4787704278093186,4900,0.59322714673660626,0.19372892307115852,0.11101223750243129,0.054695231355837433,0.020767313251500628,0.026569148082465584
Danny Amendola,WR,NE,6.4390604035419052,4600,0.60655662236110064,0.18133163883328055,0.11335818670400997,0.043133884870727959,0.027735922299504247,0.027883744931375968
Cobi Hamilton,WR,PIT,6.4136080262603432,4500,0.59995115044186287,0.19799793929502216,0.10466487426266208,0.045934348983831107,0.019667564602878582,0.031784122413742989
Demarcus Robinson,WR,KC,6.4081116165606904,4500,0.61983515377574627,0.173809382349116,0.11274387236752359,0.03936484321123758,0.0070030748876183484,0.047243673408757771
Charles Johnson,WR,MIN,6.3916275032609402,4600,0.58217347157936306,0.21459070728086513,0.11248986805872496,0.050286003239762324,0.014402701671836706,0.026057248169447829
Bradley Marquez,WR,LARM,6.3324161625063304,4500,0.62879178878071051,0.18359953267905835,0.092321496725940491,0.035315209957432724,0.0075647827862582893,0.052407189070599151
Mike Thomas,WR,LARM,6.3324161625063304,4500,0.62879178878071051,0.18359953267905835,0.092321496725940491,0.035315209957432724,0.0075647827862582893,0.052407189070599151
Laquon Treadwell,WR,MIN,6.3272192947376205,4500,0.57197450965263907,0.23558999895238747,0.11298949011625005,0.040139165611057667,0.01307679540886561,0.026230040258800179
Malcolm Mitchell,WR,NE,6.3093071288374301,4500,0.63959268507965994,0.17270233701193477,0.0869172318169259,0.038950213291059688,0.010713678753572762,0.051123854046845975
Albert Wilson,WR,KC,6.2901589174844457,4900,0.59527509960937863,0.19942244291241279,0.12126019453071704,0.044530321136082615,0.015061720942250256,0.024450220869158702
Jalin Marshall,WR,NYJ,6.1995645541160673,4500,0.60326772557598829,0.20395787123734402,0.10937715188595257,0.039696298075467554,0.020392924538679188,0.023308028686568935
Arrelious Benn,WR,JAC,6.1939819666243521,4500,0.58293550619715973,0.23577870369803558,0.098710621047587585,0.047190397169620063,0.012898603415187608,0.022486168472409775
Bryan Walters,WR,JAC,6.1697010164296424,4500,0.63157383553816937,0.16826821576722353,0.11319746303844093,0.043719252978204663,0.008086860882598251,0.035154371795363196
Charone Peake,WR,NYJ,6.1430116371831112,4500,0.64257016053613825,0.1708780101532546,0.10170378831092422,0.028304215876803526,0.013315032583289926,0.043228792539589764
Josh Huff,WR,PHI,6.1429533595676773,4500,0.60967115426108964,0.20691903232362985,0.1040055976294887,0.033927985661025728,0.015504663275982244,0.029971566848784399
Isaiah Burse,WR,SD,6.0611790810617272,4500,0.66418318898831996,0.14063736242437788,0.098561411145563799,0.049021226014430222,0.010572103682988743,0.037024707744318895
Braxton Miller,WR,HOU,6.0476755087096974,4500,0.64477371741916134,0.17745960093051411,0.090016685125723139,0.036966960898453631,0.012773930266121144,0.038009105360026718
Jakeem Grant,WR,MIA,6.013494927583003,4500,0.65796512477569669,0.16078406800461328,0.095300582884034354,0.035751562718642868,0.0069342444970739697,0.043264417119938843
Leonte Carroo,WR,MIA,6.013494927583003,4500,0.65796512477569669,0.16078406800461328,0.095300582884034354,0.035751562718642868,0.0069342444970739697,0.043264417119938843
Trevor Davis,WR,GB,5.9987388686132519,5100,0.6462728988010612,0.16582124719555713,0.094393366413030269,0.051992195747441211,0.018438252755840902,0.02308203908706908
Ryan Grant,WR,WAS,5.9673747468577867,4500,0.64717042680161918,0.17047434034903319,0.10133412520722326,0.034745560881794889,0.01528205783895571,0.030993488921373991
Jaelen Strong,WR,HOU,5.9342628512441458,4700,0.63056161192706917,0.19180703123912862,0.11046583329334252,0.025658222794074231,0.010397299691134291,0.031110001055251104
Aaron Burbridge,WR,SF,5.9203141643042176,4500,0.63638487573327818,0.1908420473324593,0.09334706919964704,0.041313551175442637,0.0079762891930991175,0.030136167366073205
Lucky Whitehead,WR,DAL,5.9084897688419442,4500,0.65860339505962762,0.16131769821634578,0.10019113790785947,0.032624931953400549,0.014191000437710257,0.033071836425056282
Rod Streater,WR,SF,5.7537571795435509,4500,0.67181500486557066,0.16163191369897295,0.087178421766074418,0.038830976609034867,0.0044486664512482553,0.036095016609098231
Tanner McEvoy,WR,SEA,5.684449515117783,5000,0.69140956101480644,0.128375509814255,0.10478079032461153,0.031583635529270918,0.015050610613013471,0.028799892704042415
Jordan Taylor,WR,DEN,5.5554873043471096,4500,0.66812918968469226,0.17337114901538786,0.09059059794205214,0.034976298713082221,0.013047603393244055,0.019885161251541394
Brenton Bersin,WR,CAR,5.5143110237236428,4500,0.7136037384248507,0.13369954646579343,0.080508538959978615,0.021483171660549787,0.0098289570668056766,0.040876047422021243
Tommylee Lewis,WR,NO,5.4890333343937936,4500,0.70855068755904382,0.14598853450989657,0.075431396983264398,0.020827375736595408,0.0075368148634510339,0.041665190347748612
Andre Johnson,WR,TEN,5.4364681037730662,4500,0.7287759211377719,0.12262614496649095,0.076375996329960144,0.019521302002167007,0.010151600696351301,0.04254903486725909
Matthew Slater,WR,NE,5.304834931528549,4500,0.72269028309020444,0.13764529697334407,0.075643743619642087,0.020495635981882445,0.00707790752719874,0.036447132807727878
Justin Hardy,WR,ATL,5.237346460132982,4500,0.7120539844512167,0.14827550162535647,0.079107919295494183,0.026326327875801362,0.0091823655778056831,0.025053901174324968
Deonte Thompson,WR,CHI,5.1652490283823269,4500,0.72040424461857133,0.14604654127376854,0.081557769139328634,0.015445160404983171,0.005179177907652455,0.031367106655696017
Bennie Fowler,WR,DEN,5.0476096062528244,4600,0.70877114304544786,0.16337917206741953,0.080082540503254307,0.021856365622751343,0.0091453224972519419,0.016765456263874965
De'Anthony Thomas,WR,KC,4.87713408599478,4500,0.75020962460134255,0.12726190371705245,0.071632794548273065,0.021387316958950499,0.0068044273634046111,0.022703932810977403
Griff Whalen,WR,SD,4.6314693361997534,4500,0.77901598582300213,0.1175825605361656,0.051916669507924743,0.024247919775317893,0.0040501134259673041,0.023186750931622542
Eric Weems,WR,ATL,4.5543155860289053,4500,0.79699695502216406,0.10703585528674585,0.047838039717201179,0.013433631744521408,0.0056273038957677674,0.029068214333599511
Aldrick Robinson,WR,ATL,4.5543155860289053,4500,0.79699695502216406,0.10703585528674585,0.047838039717201179,0.013433631744521408,0.0056273038957677674,0.029068214333599511
Marc Mariani,WR,TEN,4.5274529544407702,4500,0.79261767424930352,0.1058025369256778,0.057628351125948857,0.013554360165516127,0.0082171164537336045,0.022179961079819236
