name,pos,team,expectation,salary,prob_0_5,prob_5_10,prob_10_15,prob_15_20,prob_20_25,prob_25+
Jordy Nelson,WR,GB,12.087370225148046,7800,0.17975337046134413,0.27472172054324245,0.22946601956949531,0.15845682830102084,0.079560505180174088,0.078041555944723451
Mike Evans,WR,TB,11.807676668370611,8000,0.1762387380459213,0.29885320069354804,0.23000992801115641,0.14494393319401186,0.081940522900585233,0.068013677154776978
Doug Baldwin,WR,SEA,11.485853371642859,6700,0.20429291515521147,0.26653177525446697,0.25434033496051134,0.1348107535970347,0.082595136801897368,0.057429084230877718
Golden Tate,WR,DET,11.476288220022649,6600,0.19786417143852381,0.28508462202632612,0.23489558210144687,0.14523711534759842,0.079922033698008668,0.056996475388096032
Rishard Matthews,WR,TEN,11.287157173591929,6000,0.22987659544288794,0.27783090865432325,0.20800807463912041,0.13079282769846864,0.096252074135582677,0.057239519429616983
Davante Adams,WR,GB,11.241132497751938,7600,0.21677938586738615,0.27808834362038665,0.23808925395118616,0.1339301768088087,0.073395081159957978,0.059717758592274184
T.Y. Hilton,WR,IND,10.981638042953781,7900,0.23212745653692776,0.28251000764639245,0.22998862129481754,0.11806930307659358,0.086890608101395872,0.050414003343872936
Antonio Brown,WR,PIT,10.54536641393514,8900,0.30307410443859395,0.23283832891706646,0.20689887157461409,0.11973721835979786,0.08403182790829801,0.053419648801629492
Dez Bryant,WR,DAL,10.362839119910722,7400,0.3297698976169024,0.21532335021855467,0.20179975666974367,0.12471366463656064,0.06246268777677233,0.065930643081466289
Cole Beasley,WR,DAL,10.334472241869701,6400,0.3140114365450179,0.23794604251825643,0.19966951861358812,0.12678549339270687,0.058684656201767077,0.062902852728663694
Jamison Crowder,WR,WAS,10.097895818170665,6300,0.32465712802201041,0.23388312359720048,0.21338050221886584,0.10538585838923127,0.070689478431953834,0.052003909340738307
Stefon Diggs,WR,MIN,10.085567903939017,6800,0.3049453363636207,0.2684068707190973,0.19414547669904406,0.12298771294710395,0.056120398526364072,0.053394204744769996
A.J. Green,WR,CIN,10.064152908720262,8200,0.31463931832981029,0.25711603097335028,0.20222946501678529,0.11274689314531131,0.053326521372517005,0.059941771162225904
Allen Robinson,WR,JAC,10.061965049297116,7300,0.26407964479093621,0.31224423501820114,0.21551819916552453,0.11224169989107687,0.047193828834364487,0.048722392299896895
Julian Edelman,WR,NE,10.03946349850245,6100,0.34490391048542324,0.23012992649139369,0.18375446252322161,0.11579517703970807,0.064214300257739304,0.061202223202514353
Jeremy Maclin,WR,KC,9.9876620608037729,6400,0.31001772768807545,0.26350907374600219,0.20969437041816394,0.10372675406862986,0.061806035023107997,0.051246039056020674
Randall Cobb,WR,GB,9.8749570178378487,6500,0.33071489589901698,0.25656473733357177,0.18460030277558595,0.11597149663783919,0.059431266000622054,0.052717301353364075
Donte Moncrief,WR,IND,9.7003770574785531,6500,0.32033796497270339,0.27868729314325064,0.18546716998180943,0.11542445712417246,0.05623516687399481,0.043847947904068887
Jarvis Landry,WR,MIA,9.5173458415325349,6900,0.34747703865958007,0.25897536746135713,0.18722139654704748,0.10038538029442856,0.060809218320164921,0.045131598717421929
Chris Hogan,WR,NE,9.482796431030895,6000,0.38231527156656037,0.22113802188361495,0.17438153603292825,0.11519976441800847,0.053768131491757916,0.053197274607130085
Anquan Boldin,WR,DET,9.4538747544616317,5200,0.34759118195386868,0.25887691829158438,0.18821381611569268,0.10755568690081689,0.056008644023279396,0.041753752714757696
Jordan Matthews,WR,PHI,9.3861941447547146,5800,0.32259486576768259,0.27998615552467609,0.21438032933992529,0.098293087795880543,0.050115056500403057,0.034630505071432449
Mike Wallace,WR,BAL,9.3752775042045791,6800,0.33048254972902769,0.29051663932524219,0.19230270915986813,0.090843010766498478,0.051871044200375319,0.043984046818988133
Adam Thielen,WR,MIN,9.1988727423197378,5900,0.35200685503357793,0.2694193586137057,0.18369758982447032,0.11672893904673587,0.037963094346457664,0.040184163135052561
Sterling Shepard,WR,NYG,9.0653562625918589,5900,0.36123617476052355,0.26668864200765469,0.1954986747639417,0.082131000796635711,0.06323527976329793,0.031210227907946912
Robert Woods,WR,BUF,9.0633560759785166,5400,0.37944592060503352,0.24847957165760651,0.17911616795160742,0.10723306337414237,0.044366264545596314,0.041359011866013901
Odell Beckham Jr.,WR,NYG,9.0543087073771868,9000,0.39156735433733131,0.2555646527505479,0.16165764441403599,0.082268064117514972,0.059533814358579351,0.049408470021990961
Alshon Jeffery,WR,CHI,9.0280783934757416,6900,0.37527850035085275,0.24397586968616872,0.20714653321722215,0.086444753092200857,0.047759234969844182,0.039395108683711259
Pierre Garcon,WR,WAS,9.011212236469726,5700,0.39553243044956593,0.2313292279301285,0.18536804902289111,0.092355747024337395,0.053962847620364039,0.04145169795271321
Kenny Britt,WR,LARM,9.0056193113558649,6800,0.34948664695928106,0.29984429782341332,0.17847120641576034,0.082572649298984252,0.051506793793520217,0.038118405709041008
Marquise Goodwin,WR,BUF,8.9538066006323849,5300,0.38846656118726997,0.25302479781326198,0.17151200279453091,0.091076710058110716,0.05811725418431183,0.03780267396251475
DeSean Jackson,WR,WAS,8.8821372176232742,6000,0.40373300115549571,0.23402375590848143,0.17753567819879185,0.092342826112399953,0.051519840242766686,0.040844898382064607
Terrance Williams,WR,DAL,8.8751770276123594,5300,0.41696214429254447,0.22212021010422436,0.1644053121728484,0.11070239380793873,0.037052308463485277,0.048757631158958668
Allen Hurns,WR,JAC,8.7488151185219909,5400,0.36037315465863951,0.29086377844307393,0.19506149015302698,0.083743355831394695,0.032244907108237693,0.03771331380562714
Cordarrelle Patterson,WR,MIN,8.6923223923302189,5300,0.38390122274621519,0.26183612915966675,0.18636951829750381,0.098070925488550481,0.039434485294602112,0.030387719013461868
Adam Humphries,WR,TB,8.6668253669438187,5300,0.35704562220624464,0.30922712426445215,0.17211937962284024,0.095556532409120348,0.037027114835444408,0.029024226661898408
Eli Rogers,WR,PIT,8.5108478283928193,5500,0.4262812286915772,0.24816322091272491,0.16756237629643198,0.066013853905331821,0.039056570512692075,0.052922749681242262
Larry Fitzgerald,WR,ARI,8.5006907589133007,7000,0.40690648509938748,0.25412736621104376,0.18388512483594088,0.079330790530651021,0.038503002307104135,0.03724723101587301
Brandon LaFell,WR,CIN,8.3831819073444436,5300,0.42901107194115107,0.25372419401700064,0.15917245706721206,0.066001268397189963,0.053891574761334472,0.038199433816111301
Tyreek Hill,WR,KC,8.3134956134771372,5400,0.41996104940874329,0.2471432217358123,0.18053665878281297,0.087398224559445029,0.032516317850274902,0.032444527662910956
Tyler Lockett,WR,SEA,8.2239446904460429,5000,0.43265048924119437,0.24583834791873993,0.16842364360222004,0.084370924919180246,0.034592443384841035,0.034124150933824725
Tavon Austin,WR,LARM,8.1789554572325223,5100,0.41140142142541275,0.2861955231167736,0.15994769393499547,0.068567507846225423,0.045441611461900108,0.02844624221469267
Kenny Stills,WR,MIA,8.1788932459859023,5900,0.415420789778979,0.28120905537674212,0.15665962821951521,0.076049649809524805,0.040202996123360028,0.030457880691878703
Victor Cruz,WR,NYG,8.1357252474799218,4900,0.40978070356234186,0.28296553052881557,0.16744596498567321,0.074296388321186221,0.04115863897765306,0.024352773624330266
Jeremy Kerley,WR,SF,8.1146601064545827,5300,0.42923970195001887,0.26655631049706335,0.16340453169261521,0.066204765439119809,0.042021101014651722,0.032573589406531225
Tajae Sharpe,WR,TEN,8.0964669850682096,5100,0.43008093850452228,0.27338465279480967,0.14061522363093737,0.089108989597667554,0.036699649196362462,0.030110546275700974
Brice Butler,WR,DAL,8.083812475926365,4700,0.47838343424314805,0.21330775979900476,0.13927197102880118,0.094247577768091076,0.031778225780381447,0.043011031380573377
DeVante Parker,WR,MIA,7.9922396325669096,5800,0.45206313742160636,0.2604110132057475,0.13883762787608853,0.071463616362149929,0.040152217203027973,0.037072387931379187
Kamar Aiken,WR,BAL,7.9309386999748455,4900,0.439444506437981,0.25624067580254972,0.17063773619427594,0.069398209181681145,0.040917397658738523,0.023361474724774001
Corey Coleman,WR,CLE,7.9192248606523705,5400,0.45082861367309807,0.24548382819791584,0.16584747096446295,0.071029938000199841,0.040474357818583218,0.026335791345739993
Kendall Wright,WR,TEN,7.9133274196631103,4700,0.45311868284471635,0.24793286079555335,0.15269251595483938,0.082106819926912211,0.037718470943239706,0.026430649534738893
Jermaine Kearse,WR,SEA,7.9082612228269626,4600,0.45542775856451129,0.24862759302265788,0.15112172522115921,0.079318621166253003,0.034696172525436123,0.030808129499982562
John Brown,WR,ARI,7.8873759255364373,5900,0.45907060209530837,0.23910849304064866,0.16074175627460793,0.079752863097948878,0.029006837233854867,0.032319448257631361
Russell Shepard,WR,TB,7.8577715502356194,4500,0.46394426482087558,0.24487486818737222,0.14706935208034791,0.080629626984831615,0.026757582888301993,0.036724305038270615
J.J. Nelson,WR,ARI,7.8372380403021324,5800,0.47178790962804978,0.23424798262238183,0.1547153650762661,0.069648883588819294,0.033177050903361788,0.036422808181121445
Torrey Smith,WR,SF,7.8047403109672411,4900,0.45582339622703405,0.25850822191488537,0.1512534997434388,0.068560233647452076,0.035021102486620694,0.030833545980569203
Phillip Dorsett,WR,IND,7.7981458222574425,4700,0.46053328569729512,0.24741683552528845,0.1575948512009217,0.072179440058516411,0.030893631241080053,0.031381956276897535
Breshad Perriman,WR,BAL,7.7842281766268062,5100,0.43540923413080079,0.27806695846085805,0.16086129360327295,0.071326906931718739,0.028602665503947515,0.025732941369402212
Marqise Lee,WR,JAC,7.7511734438052482,4800,0.43518144690885313,0.27792981611293904,0.16122942172844038,0.077126456859451964,0.024197633338702691,0.024335225051612633
Cameron Meredith,WR,CHI,7.7165236103989168,5600,0.46799719509420334,0.24222844700902857,0.16690122719481534,0.055908691579776466,0.035274449669083614,0.031689989453092121
Terrelle Pryor Sr.,WR,CLE,7.5862346707355579,7200,0.52735271056482291,0.20359393398756326,0.13993287718985398,0.044123764596120413,0.02356761631671983,0.061429097344919963
Sammy Watkins,WR,BUF,7.5317589841976469,5800,0.5379543778521243,0.19816566941665989,0.12982101666586582,0.049148955683266667,0.023452674869082125,0.061457305513001839
Quinton Patton,WR,SF,7.514351765202643,4600,0.49479029224889298,0.23091806954056612,0.15020009128111914,0.060010015046751568,0.028885603615881991,0.035195928266788301
Justin Hunter,WR,BUF,7.5026725145548401,5000,0.49254820913410197,0.24608440312071131,0.12229224094349291,0.073546294338818416,0.038417527427565115,0.027111325035310926
Marvin Jones Jr.,WR,DET,7.4336564609502105,6500,0.52933181298976095,0.20952382759674637,0.13319604359815868,0.049472650044473307,0.029980901590746914,0.048494764180114142
Eddie Royal,WR,CHI,7.3978801870127118,5200,0.5343999312998442,0.20115564816748549,0.13506166722289914,0.059650664485003953,0.019315382789592758,0.050416706035175091
Steve Smith Sr.,WR,BAL,7.373940236101145,5500,0.52057049656046506,0.21845487882507844,0.14296021509810486,0.046270190492467937,0.027118928397883112,0.044625290626000881
Nelson Agholor,WR,PHI,7.3562170096783905,5200,0.47998095213362602,0.25674932375073278,0.14982352205117735,0.062489003047667316,0.027405970144396625,0.023551228872400371
Brian Quick,WR,LARM,7.3082945944786069,4500,0.48280516091650844,0.26434863313945389,0.13795392139236318,0.064752199574545602,0.023554580637740522,0.026585504339388447
Harry Douglas,WR,TEN,7.3009922181381741,4500,0.51819438312166755,0.23522531879752723,0.11926486253667058,0.059892343809422564,0.030349090345063206,0.037074001389649197
Geronimo Allison,WR,GB,7.2156072199037489,5200,0.5393177894149136,0.19573641314122142,0.14297835363485698,0.057666308214904816,0.033076279045415366,0.03122485654868775
Chris Conley,WR,KC,7.2137627399787911,4800,0.49343719435744576,0.25771082684360597,0.13921616830829123,0.060846168120917837,0.019877331675881831,0.02891231069385777
Chris Brown,WR,DAL,7.1995646032315284,4500,0.54646298937299576,0.20320106978723021,0.12541499114201846,0.061946603408984342,0.014829673095773982,0.048144673192997839
Bryce Treggs,WR,PHI,7.1830778269040696,4500,0.53249696945810032,0.21002826119571272,0.13205406697145333,0.070634554775558092,0.02335523208035897,0.031430915518816847
Jarius Wright,WR,MIN,7.1593786715103107,4500,0.54871612526154478,0.21214049695378004,0.11644158714176672,0.058470919253653872,0.0097150516424875204,0.054515819746767342
Isaac Fruechte,WR,MIN,7.1593786715103107,4500,0.54871612526154478,0.21214049695378004,0.11644158714176672,0.058470919253653872,0.0097150516424875204,0.054515819746767342
Rashawn Scott,WR,MIA,7.1140427118173371,4500,0.55732766696265412,0.19730143442126621,0.12843124484315793,0.052809129845529997,0.010435390917665634,0.053695133009726531
Tyler Murphy,WR,MIA,7.1140427118173371,4500,0.55732766696265412,0.19730143442126621,0.12843124484315793,0.052809129845529997,0.010435390917665634,0.053695133009726531
Roger Lewis,WR,NYG,7.0552950899551075,4500,0.50874045232774612,0.24918545460471447,0.13720955403725521,0.05503968090913703,0.026788878021352932,0.023035980099794681
Percy Harvin,WR,BUF,7.0516510203238836,4900,0.5683512999269581,0.19785096623526841,0.1178237345853495,0.046428382285934648,0.010181463031445695,0.059364153935044468
Darrius Heyward-Bey,WR,PIT,6.9605662563068051,4800,0.54643300248723137,0.20714103822480992,0.14324580404452403,0.042758001963084463,0.031904167343504305,0.028517985936846419
Sammie Coates,WR,PIT,6.922670352551048,5000,0.5439618527050446,0.21549620557400678,0.13234006602623533,0.052484503699107815,0.031682638191618887,0.024034733803986651
Markus Wheaton,WR,PIT,6.8988314985841939,4800,0.56259343632545988,0.2062488788861748,0.12716476167578222,0.04334549408122023,0.014085729921378009,0.046561699109985304
Duke Williams,WR,LARM,6.8958291822046665,4500,0.57169576634386055,0.20025214184490298,0.11925137070884752,0.047104484595334097,0.0093836831429415443,0.052312553364113383
Paul McRoberts,WR,LARM,6.8958291822046665,4500,0.57169576634386055,0.20025214184490298,0.11925137070884752,0.047104484595334097,0.0093836831429415443,0.052312553364113383
Nelson Spruce,WR,LARM,6.8958291822046665,4500,0.57169576634386055,0.20025214184490298,0.11925137070884752,0.047104484595334097,0.0093836831429415443,0.052312553364113383
Deshon Foxx,WR,SEA,6.8913575276587036,4500,0.57335748166772638,0.19059386383829444,0.12798648568591575,0.048108166960675873,0.012389839797355124,0.047564162050033283
Kevin Smith,WR,SEA,6.8913575276587036,4500,0.57335748166772638,0.19059386383829444,0.12798648568591575,0.048108166960675873,0.012389839797355124,0.047564162050033283
Jeff Janis,WR,GB,6.8634202939312043,4600,0.52833604253998523,0.24183056733158395,0.12794501869137992,0.058073590663431519,0.018331221786495763,0.025483558987123872
Paul Richardson,WR,SEA,6.8311115269225517,4500,0.54849033653412027,0.21903310624046746,0.12653410269874732,0.057743587142592222,0.020104104601593238,0.028094762782479712
Marcus Easley,WR,BUF,6.8258720303931426,4500,0.59135593534117459,0.18722851210028432,0.11137342418251765,0.043488310466500875,0.0080349753338098909,0.058518842575713291
Walt Powell,WR,BUF,6.8258720303931426,4500,0.59135593534117459,0.18722851210028432,0.11137342418251765,0.043488310466500875,0.0080349753338098909,0.058518842575713291
Kolby Listenbee,WR,BUF,6.8258720303931426,4500,0.59135593534117459,0.18722851210028432,0.11137342418251765,0.043488310466500875,0.0080349753338098909,0.058518842575713291
Greg Salas,WR,BUF,6.8258720303931426,4500,0.59135593534117459,0.18722851210028432,0.11137342418251765,0.043488310466500875,0.0080349753338098909,0.058518842575713291
Dwayne Bowe,WR,CLE,6.8231711709645895,4500,0.58789238698719259,0.18647608567956764,0.12072696745774084,0.038874728239556393,0.010069129300512467,0.055960702335429935
Rannell Hall,WR,CLE,6.8231711709645895,4500,0.58789238698719259,0.18647608567956764,0.12072696745774084,0.038874728239556393,0.010069129300512467,0.055960702335429935
Josh Boyce,WR,CLE,6.8231711709645895,4500,0.58789238698719259,0.18647608567956764,0.12072696745774084,0.038874728239556393,0.010069129300512467,0.055960702335429935
Keshawn Martin,WR,SF,6.8222558545720204,4500,0.58124826857783851,0.19394606386557231,0.12165325879671432,0.039903789549735655,0.0087558752445007302,0.054492743965638621
Chris Harper,WR,SF,6.8222558545720204,4500,0.58124826857783851,0.19394606386557231,0.12165325879671432,0.039903789549735655,0.0087558752445007302,0.054492743965638621
Mose Frazier,WR,SF,6.8222558545720204,4500,0.58124826857783851,0.19394606386557231,0.12165325879671432,0.039903789549735655,0.0087558752445007302,0.054492743965638621
Daniel Braverman,WR,CHI,6.7923184371682455,4500,0.58198350966697732,0.18734487461696625,0.12444539903558402,0.050269358303145932,0.0083643520505570657,0.047592506326769722
Marquess Wilson,WR,CHI,6.7923184371682455,4500,0.58198350966697732,0.18734487461696625,0.12444539903558402,0.050269358303145932,0.0083643520505570657,0.047592506326769722
Kevin White,WR,CHI,6.7923184371682455,4500,0.58198350966697732,0.18734487461696625,0.12444539903558402,0.050269358303145932,0.0083643520505570657,0.047592506326769722
Joshua Bellamy,WR,CHI,6.7923184371682455,4500,0.58198350966697732,0.18734487461696625,0.12444539903558402,0.050269358303145932,0.0083643520505570657,0.047592506326769722
Kieran Duncan,WR,CHI,6.7923184371682455,4500,0.58198350966697732,0.18734487461696625,0.12444539903558402,0.050269358303145932,0.0083643520505570657,0.047592506326769722
Charles Johnson,WR,MIN,6.7664034118723624,4600,0.56070949835380735,0.22212406018029779,0.10524079730259367,0.062426814323868055,0.014099564579780798,0.035399265259652084
Hunter Sharp,WR,PHI,6.7203035937360216,4500,0.58843298802771316,0.19244256517804961,0.10970095266822177,0.052413851745095032,0.010073518907178072,0.046936123473742722
Chris Givens,WR,PHI,6.7203035937360216,4500,0.58843298802771316,0.19244256517804961,0.10970095266822177,0.052413851745095032,0.010073518907178072,0.046936123473742722
Cayleb Jones,WR,PHI,6.7203035937360216,4500,0.58843298802771316,0.19244256517804961,0.10970095266822177,0.052413851745095032,0.010073518907178072,0.046936123473742722
Xavier Rush,WR,PHI,6.7203035937360216,4500,0.58843298802771316,0.19244256517804961,0.10970095266822177,0.052413851745095032,0.010073518907178072,0.046936123473742722
Levi Norwood,WR,PIT,6.7155046817380004,4500,0.58001746099656237,0.20026653923964161,0.12247483638701281,0.038148481020507968,0.012024130508968481,0.047068551847306975
Canaan Severin,WR,PIT,6.7155046817380004,4500,0.58001746099656237,0.20026653923964161,0.12247483638701281,0.038148481020507968,0.012024130508968481,0.047068551847306975
Daniel Anthrop,WR,IND,6.7111064032102128,4500,0.59788877103287508,0.18594924263076371,0.10943954538481498,0.041233936149915391,0.013751385216253494,0.051737119585377689
Joshua Stangby,WR,IND,6.7111064032102128,4500,0.59788877103287508,0.18594924263076371,0.10943954538481498,0.041233936149915391,0.013751385216253494,0.051737119585377689
Brian Tyms,WR,IND,6.7111064032102128,4500,0.59788877103287508,0.18594924263076371,0.10943954538481498,0.041233936149915391,0.013751385216253494,0.051737119585377689
Tevaun Smith,WR,IND,6.7111064032102128,4500,0.59788877103287508,0.18594924263076371,0.10943954538481498,0.041233936149915391,0.013751385216253494,0.051737119585377689
Mekale McKay,WR,IND,6.7111064032102128,4500,0.59788877103287508,0.18594924263076371,0.10943954538481498,0.041233936149915391,0.013751385216253494,0.051737119585377689
Marcus Leak,WR,IND,6.7111064032102128,4500,0.59788877103287508,0.18594924263076371,0.10943954538481498,0.041233936149915391,0.013751385216253494,0.051737119585377689
Quan Bray,WR,IND,6.7111064032102128,4500,0.59788877103287508,0.18594924263076371,0.10943954538481498,0.041233936149915391,0.013751385216253494,0.051737119585377689
Michael Floyd,WR,ARI,6.7102732766575457,4900,0.54675945255092195,0.22263780356875879,0.14106461132423542,0.043748987069934381,0.02290505952626936,0.02288408595987983
Laquon Treadwell,WR,MIN,6.6982301662635031,4500,0.56065697301725537,0.21064693300526446,0.13339369141903779,0.047861787909875525,0.018576719563102802,0.028863895085464511
Rashad Ross,WR,WAS,6.6961395537544668,4500,0.58253746566424436,0.20186242886262212,0.11536415337237735,0.041361790472342098,0.011819004415583669,0.047055157212831031
Josh Doctson,WR,WAS,6.6961395537544668,4500,0.58253746566424436,0.20186242886262212,0.11536415337237735,0.041361790472342098,0.011819004415583669,0.047055157212831031
Bryan Walters,WR,JAC,6.6926430399480026,4500,0.5809621916160016,0.19073176988272983,0.12753159820563703,0.048386967327234104,0.014364625128097514,0.038022847840300751
Cody Core,WR,CIN,6.6911177408630884,4500,0.59823243850536822,0.18014726412307169,0.11995589836647821,0.039371842181124245,0.011413823346573258,0.050878733477384711
Pharoh Cooper,WR,LARM,6.6769485314534016,4500,0.58420298833277506,0.19220570059599348,0.123202777731984,0.045154777542596156,0.014854661380327403,0.040379094416324139
Donteea Dye,WR,TB,6.6768755423855826,4500,0.58827543303429786,0.18869805778308721,0.12688758821526583,0.03981132277926739,0.0081700850147158385,0.048157513173366362
Vincent Jackson,WR,TB,6.6768755423855826,4500,0.58827543303429786,0.18869805778308721,0.12688758821526583,0.03981132277926739,0.0081700850147158385,0.048157513173366362
Cecil Shorts III,WR,TB,6.6768755423855826,4500,0.58827543303429786,0.18869805778308721,0.12688758821526583,0.03981132277926739,0.0081700850147158385,0.048157513173366362
Shaq Evans,WR,NE,6.5947570132527655,4500,0.58969679384440243,0.19694228195317784,0.11981338195657087,0.036948531522107461,0.011458291400798565,0.045140719322943328
DeAndre Carter,WR,NE,6.5947570132527655,4500,0.58969679384440243,0.19694228195317784,0.11981338195657087,0.036948531522107461,0.011458291400798565,0.045140719322943328
DeAndrew White,WR,NE,6.5947570132527655,4500,0.58969679384440243,0.19694228195317784,0.11981338195657087,0.036948531522107461,0.011458291400798565,0.045140719322943328
Rashad Greene Sr.,WR,JAC,6.5691315758371633,4500,0.57598121694217197,0.20953306630615959,0.12954517518871386,0.035269240997362346,0.0089613273362044513,0.040709973229388054
Tony Washington,WR,JAC,6.5691315758371633,4500,0.57598121694217197,0.20953306630615959,0.12954517518871386,0.035269240997362346,0.0089613273362044513,0.040709973229388054
Danny Amendola,WR,NE,6.5297074224195724,4500,0.59597688414093852,0.1857849270858965,0.12068469123377458,0.045871123028390672,0.017238066709700177,0.03444430780129925
Brandon Tate,WR,BUF,6.5242020966361576,4500,0.58416178665320717,0.21244121962982268,0.099993003388855431,0.05544558621547975,0.013715586289915566,0.034242817822719263
Jared Abbrederis,WR,GB,6.5231168974068892,4500,0.59470930735907712,0.20065091341433633,0.11003522291537876,0.039611338680050498,0.00989808395965645,0.04509513367150126
Freddie Martino,WR,TB,6.4984657101889622,4500,0.613622700763094,0.17096722231928152,0.11680062574546954,0.039040336001334844,0.019841915630535122,0.0397271995402853
Arrelious Benn,WR,JAC,6.4938283242154995,4500,0.55426871287621438,0.24459418782878931,0.11295178033132901,0.049739715214151055,0.013179248038383648,0.025266355711132928
Kashif Moore,WR,KC,6.4891546483913745,4500,0.60085731646665608,0.19086899875987273,0.11690352796820654,0.037554992808692914,0.0085859234269499637,0.045229240569622062
Aaron Dobson,WR,DET,6.4845074757833743,4500,0.59788927719456952,0.19981300693990228,0.10848604136517903,0.039077586841681264,0.010786793331971736,0.043947294326696702
Quinshad Davis,WR,DET,6.4845074757833743,4500,0.59788927719456952,0.19981300693990228,0.10848604136517903,0.039077586841681264,0.010786793331971736,0.043947294326696702
Josh Huff,WR,TB,6.4766612769334531,4500,0.60515351099068959,0.19389354583780016,0.10310595071225778,0.041070159251182119,0.011867835669524141,0.044908997538546387
Kadron Boone,WR,NYG,6.3807933264734595,4500,0.61536365580463681,0.18581246288096723,0.10459884061122145,0.041062881468225794,0.0078509193881428612,0.045311239846806545
Tavarres King,WR,NYG,6.3807933264734595,4500,0.61536365580463681,0.18581246288096723,0.10459884061122145,0.041062881468225794,0.0078509193881428612,0.045311239846806545
Lucky Whitehead,WR,DAL,6.3773659418366337,4500,0.61741961838170811,0.17048677248874658,0.11349117624921456,0.049932368506239694,0.015143364009027179,0.033526700365064568
Brittan Golden,WR,ARI,6.3114662819547913,4500,0.6009038273405275,0.19581340149019805,0.11365571427213778,0.051117559734259264,0.0067317386606804436,0.031777758502197023
Andre Roberts,WR,DET,6.3074702383114234,4500,0.5685412789194203,0.23589318259469363,0.11583551355222935,0.045228745291804505,0.014262796121546337,0.020238483520306612
Tyler Boyd,WR,CIN,6.2440715265627054,4500,0.61604052896358119,0.19142042659067357,0.10016201993228177,0.0430587149488827,0.018697853812246125,0.030620455752334279
Andrew Hawkins,WR,CLE,6.2307358142200684,4500,0.58174557739884936,0.23816059991614189,0.089770156774693133,0.051875703105209996,0.019420673962669589,0.019027288842435503
Cobi Hamilton,WR,PIT,6.173611071939801,4500,0.60978755891751724,0.19051697952092297,0.12304840232682317,0.033696686103583319,0.017733493753127699,0.025216879378026011
Chris Moore,WR,BAL,6.1458889757934481,4500,0.61454344508052616,0.19653276842590839,0.11234785898285159,0.031545282474504874,0.011839763837480945,0.033190881198727956
Jaron Brown,WR,ARI,6.0054648540200146,4500,0.65781385114839785,0.16488950201408328,0.094800541861486037,0.029566997047163337,0.0067441457188875302,0.046184962209981535
Malcolm Mitchell,WR,NE,5.9960174605900374,4500,0.6366680496947229,0.17903596336635219,0.11028358304133171,0.032111965630967965,0.0062377255570411185,0.035662712709584661
Mike Thomas,WR,LARM,5.9910812753644338,4500,0.64595216885871909,0.17173561180598138,0.10314940098198461,0.032193214110729923,0.011245822242180332,0.035723782000404943
Bradley Marquez,WR,LARM,5.9910812753644338,4500,0.64595216885871909,0.17173561180598138,0.10314940098198461,0.032193214110729923,0.011245822242180332,0.035723782000404943
Albert Wilson,WR,KC,5.9866043743394579,4800,0.61450914867259054,0.21306960359855953,0.095945986140824599,0.038359692006270381,0.013297624939903475,0.024817944641851587
Ryan Grant,WR,WAS,5.9433805826336226,4500,0.64931724087763742,0.16933730691062712,0.09962291648076492,0.037321762953497574,0.013876176093289479,0.030524596684183388
Demarcus Robinson,WR,KC,5.9222077086054741,4500,0.64943986834696066,0.16722451543459629,0.10536901490597012,0.03565336856750552,0.012047272952794598,0.030265959792172697
Devin Hester,WR,BAL,5.908523763983685,4500,0.64504086807465988,0.1810858108878558,0.10124758042573644,0.026922501639312407,0.011159918722706982,0.034543320249728608
Dorial Green-Beckham,WR,PHI,5.8661291468344627,4800,0.63487203849195539,0.19028393345231626,0.098821926872967564,0.04029978694463076,0.014212889855901923,0.021509424382228241
Chester Rogers,WR,IND,5.8652703324709865,4500,0.63071388302804576,0.20744235820874143,0.089964482889008449,0.030856411339381103,0.012000814184821972,0.029022050350001525
Aaron Burbridge,WR,SF,5.85965193488917,4500,0.64989720625933367,0.18636157063957751,0.085857476393715881,0.032093680800528303,0.011377508384981647,0.034412557521862668
Leonte Carroo,WR,MIA,5.6561723839670552,4500,0.66501051492331387,0.17621806033164128,0.089602258811532179,0.032821719951335433,0.0043904909261877397,0.031956955055989611
Jakeem Grant,WR,MIA,5.6561723839670552,4500,0.66501051492331387,0.17621806033164128,0.089602258811532179,0.032821719951335433,0.0043904909261877397,0.031956955055989611
Rod Streater,WR,SF,5.6519407139159661,4500,0.68691442279824966,0.15604548866222806,0.081597774413453103,0.028866609339072837,0.0083312466581408427,0.038244458128855456
Tanner McEvoy,WR,SEA,5.6010639866497396,5000,0.68149803762551397,0.14752820832443547,0.10065864021327792,0.034384735458012419,0.011438789688882824,0.024491588689877559
Trevor Davis,WR,GB,5.5989480818709367,4700,0.68527102396303985,0.15418063185581901,0.082982275669620215,0.037900633486081942,0.01238464240631559,0.027280792619123865
Dwayne Harris,WR,NYG,5.5563723407056367,4500,0.68093715080961237,0.16456215397653515,0.086927593151544261,0.027714236826304892,0.0095799087974303612,0.030278956438573465
Deonte Thompson,WR,CHI,5.3698718751258054,4500,0.69403755028915459,0.16202592216913753,0.086919725035774442,0.020412788748488238,0.0061494322482171281,0.03045458150922823
Jordan Payton,WR,CLE,5.359105141509735,4500,0.69082682626251235,0.17775853941975964,0.074670581117295964,0.016764481661500515,0.0054699760315629446,0.034509595507368464
Alex Erickson,WR,CIN,5.3387883726481595,4500,0.72156421213358102,0.13420184863664414,0.078916904634876842,0.018086234137559224,0.014690688076136472,0.032540112381202121
James Wright,WR,CIN,5.3387883726481595,4500,0.72156421213358102,0.13420184863664414,0.078916904634876842,0.018086234137559224,0.014690688076136472,0.032540112381202121
Rashard Higgins,WR,CLE,5.280062909343167,4500,0.69323037021464051,0.16781196970772824,0.078086962764078102,0.031571996331559736,0.009182807271897582,0.020115893710095933
Ricardo Louis,WR,CLE,5.1722801563297853,4500,0.71099864346909036,0.15614334571892291,0.074407381231828176,0.027384638943737133,0.0079859469299406113,0.023080043706480823
Matthew Slater,WR,NE,5.1594638204598349,4500,0.73945310669026365,0.12055723840214341,0.078035890821139819,0.023158907711849377,0.0081872609610235837,0.030607595413580282
Devin Street,WR,IND,4.8920978537073196,4500,0.72589230610360234,0.16029342199484534,0.068854811763997908,0.017287578742915491,0.0098056179833160024,0.017866263411322473
Marc Mariani,WR,TEN,4.8063130630517481,4500,0.78921244994637041,0.098451485108674838,0.0555353170581789,0.01192360854259761,0.0084160289633666181,0.036461110380811547
De'Anthony Thomas,WR,KC,4.7113596700967904,4500,0.76482364199725927,0.12796664335812938,0.060556064799884866,0.017586416388085387,0.0049022553860003006,0.024164978070640348
