name,pos,team,expectation,salary,prob_0_5,prob_5_10,prob_10_15,prob_15_20,prob_20_25,prob_25_30,prob_30+,label
Jay Ajayi,RB,MIA,19.697254651334703,6400.0,0.015172618815175062,0.086514686014617648,0.24970727054934486,0.18857876425411094,0.21449371806287967,0.11076905789025671,0.1347638844136152,2.0
Matt Jones,RB,WAS,19.564840693345644,6700.0,0.015106487966102842,0.09185032138831406,0.22696298750370847,0.15418401504388979,0.26785178510757235,0.16870397515082844,0.075340427839584001,4.0
Spencer Ware,RB,KC,18.970598929594946,7000.0,0.019252648332837522,0.12263411191280145,0.19401308992512123,0.23189078067719221,0.17339549735179852,0.19205666932296209,0.066757202477286851,3.0
LeSean McCoy,RB,BUF,18.455640687520869,9000.0,0.010252681721911915,0.13121266566105622,0.2933993328829248,0.15696658909867917,0.19322660507002568,0.11187546511599097,0.10306666044941122,2.0
Antone Smith,RB,TB,18.358895911642502,0.0,0.1384489174978345,0.12392241369934105,0.13155191945278885,0.13976249724280446,0.17072550823296609,0.1591756200796125,0.13641312379465251,4.0
Le'Veon Bell,RB,PIT,18.319435439914365,8600.0,0.025387767675775868,0.16253840069902029,0.12099348802747235,0.24135017425802005,0.25953578053204729,0.15939697394877206,0.030797414858892033,4.0
Terrance West,RB,BAL,17.475795324056353,6900.0,0.020028851203241795,0.16413396058437432,0.25078541954177164,0.23523550261481305,0.16922077195521662,0.064670694783826171,0.095924799316756376,2.0
Giovani Bernard,RB,CIN,17.292580077254957,6300.0,0.096833027422962001,0.1685133642241407,0.12362792378912511,0.13862370591621262,0.30718041195783097,0.11719076360973206,0.048030803079996638,4.0
Mark Ingram,RB,NO,17.277686876864131,6600.0,0.1135018500462707,0.19794540319628598,0.15061488102167483,0.1159362847187356,0.14895462299888254,0.17471357542434832,0.098333382593801894,1.0
Jordan Howard,RB,CHI,16.160730379542279,7000.0,0.071442663419942709,0.23540550113167599,0.19340048109716576,0.16037814423875232,0.15656162327604439,0.12381108511647333,0.059000501719945725,1.0
Chris Thompson,RB,WAS,15.467500408897845,4900.0,0.23985288789005096,0.15033710555698468,0.13976280510587202,0.093700988883498079,0.15072564589358159,0.12460124504604143,0.10101932162397115,0.0
Frank Gore,RB,IND,15.311170150810392,6400.0,0.043348778583524712,0.23321889489957223,0.29096558543404205,0.12441125878290914,0.22501923824445227,0.04397490086190789,0.039061343193591724,2.0
David Johnson,RB,ARI,15.027007612668442,8500.0,0.039765217408126628,0.20876879358863665,0.34795382367372746,0.19105765582858716,0.10373119937922372,0.062716132797399196,0.046007177324299153,2.0
DeMarco Murray,RB,TEN,14.487330096167232,8700.0,0.10165961601537619,0.24518108003188638,0.21716640201144452,0.17871304119541692,0.15821582886726582,0.063311007391739657,0.035753024486870573,1.0
T.J. Yeldon,RB,JAC,14.059014657011005,6300.0,0.24418296407101028,0.22731130747208941,0.14873229846358207,0.093648022742617965,0.059685638549241152,0.13634539465423604,0.090094374047222897,0.0
Melvin Gordon,RB,SD,13.692131194883626,8000.0,0.11542527649726264,0.30307992614604012,0.22067837466088613,0.10227234703205487,0.17603680938231483,0.035514630630586908,0.046992635650854479,1.0
Duke Johnson,RB,CLE,13.222956468519708,5300.0,0.3405395448612285,0.16426585421767712,0.1713788662834991,0.061173362656164472,0.072110340510539703,0.0485679651014519,0.14196406636943917,0.0
Lamar Miller,RB,HOU,13.156402503161633,7700.0,0.086461230637496805,0.26109264036686264,0.37125442657115626,0.13706914226804812,0.061190987493413514,0.044898394642862667,0.038033178020159972,2.0
Jacquizz Rodgers,RB,TB,12.961913399342587,5600.0,0.1831774345663435,0.14858536646184814,0.328391512603733,0.15506730354805023,0.14381448268055352,0.013140602715818447,0.027823297423653255,2.0
James White,RB,NE,12.960376050837557,6100.0,0.21243507659490146,0.29064319120846155,0.13594747197358933,0.083298225467562992,0.16062305941048161,0.082462785850175899,0.034590189494827145,1.0
DeAndre Washington,RB,OAK,12.84291764476335,5600.0,0.31770354221342312,0.18310388766501534,0.1201715061212148,0.13660459608779704,0.10472771839383298,0.052376603110105044,0.085312146408611747,0.0
Mike Gillislee,RB,BUF,12.81668222891572,5300.0,0.36235955960391891,0.19110379497704114,0.12055922939182977,0.060369172259710356,0.076482470124349944,0.056827155956374463,0.13229861768677537,0.0
Isaiah Crowell,RB,CLE,12.319546661782404,6400.0,0.34041859940952318,0.18874608275419438,0.18893693502498549,0.063427588163713022,0.064105744065536194,0.035192793322852321,0.11917225725919538,0.0
Rob Kelley,RB,WAS,11.779999165712255,4900.0,0.43935651673726783,0.13057324072055304,0.12486893645967835,0.062671451282718962,0.079292178874271105,0.06035949557234694,0.1028781803531639,0.0
DuJuan Harris,RB,SF,11.596701221591312,4500.0,0.42984970695884206,0.14976054639147052,0.12202115760653424,0.07209049358081035,0.071808833811573089,0.0546797560033358,0.099789505647433996,0.0
Chris Ivory,RB,JAC,11.59012626861643,5500.0,0.37619611468328856,0.21143719445973977,0.12649008180776444,0.079091563878348814,0.048039764331330351,0.071780119179521859,0.086965161660006202,0.0
Devonta Freeman,RB,ATL,11.518714137299453,7500.0,0.2485770992184583,0.30642533406267103,0.16775331296913615,0.10478131909881046,0.092706537365378872,0.027850547770029082,0.051905849515516148,1.0
Bobby Rainey,RB,NYG,11.469099092755378,4900.0,0.30211598140726209,0.24637636686758288,0.14662759175766388,0.11605771271547985,0.095722271053043193,0.054682966322494184,0.038417109876474106,0.0
Ronnie Hillman,RB,SD,11.397725490809588,4500.0,0.45077618287328136,0.13220382750658399,0.10423969969135305,0.079722019398535029,0.086438992473688941,0.066056976123571476,0.080562301932986066,0.0
Christine Michael,RB,GB,11.298720940361996,7600.0,0.48087519235739212,0.19964755854939328,0.037008105526209145,0.033551292353048684,0.038625951846228385,0.090649741242471715,0.1196421581252568,0.0
Peyton Barber,RB,TB,10.950084370286618,4500.0,0.46911673074528509,0.13649626610084242,0.10520902510853336,0.075069132468656763,0.078269972575752869,0.052091602983739667,0.083747270017189901,0.0
Jalen Richard,RB,OAK,10.732448060840934,5100.0,0.44746680549292639,0.16206369781929786,0.079109440808383821,0.11495831162353358,0.091270902821847799,0.044734655164626436,0.06039618626938411,0.0
Tevin Coleman,RB,ATL,10.608894519609505,6200.0,0.3761074734806949,0.26171758559727654,0.069717526575494654,0.086616354503171414,0.1145800525414825,0.060493037309352439,0.030767969992527493,0.0
Ty Montgomery,RB,GB,10.533394647036337,5600.0,0.49168143877158149,0.18482706630400322,0.069521250620298083,0.047903779817604228,0.054658038585510355,0.042459266859135744,0.10894915904186693,0.0
Travaris Cadet,RB,NO,10.249314002111218,4800.0,0.50401655858854844,0.16587607308845179,0.070772715309084272,0.055723158888845825,0.065477089337024882,0.056340112280869971,0.081794292507174821,0.0
Knile Davis,RB,KC,10.200048802360755,4500.0,0.46903273221773739,0.10747294420301241,0.15289721589666669,0.11741355397105971,0.065561412365750249,0.038191897098601719,0.049430244247171788,0.0
Robert Turbin,RB,IND,10.169800384993664,4500.0,0.43984488107351455,0.22146778172926271,0.092906383596864164,0.063827572525598009,0.067783438621107195,0.05202771328948548,0.062142229164167895,0.0
Latavius Murray,RB,OAK,10.107571594710922,5900.0,0.44874596675296763,0.095201888955729175,0.19433929497528163,0.13258727321550198,0.06808390482231684,0.019489641472133029,0.04155202980606984,0.0
Don Jackson,RB,GB,10.055436737586895,4500.0,0.51357872138153537,0.13390768872829734,0.1007050517983676,0.065623769518840996,0.065189970926289087,0.045551881181789877,0.075442916464879689,0.0
John Kuhn,RB,NO,10.025161747127127,4500.0,0.51391016799008249,0.16238158526796365,0.073760022967623393,0.053050659231250664,0.064489929566477963,0.055087070056907446,0.077320564919694426,0.0
Lorenzo Taliaferro,RB,BAL,10.014570712788064,4500.0,0.50585651064792891,0.14649101793013516,0.10142058469631618,0.069765410649611087,0.05488290540859854,0.043692738457698624,0.077890832209711519,0.0
Kerwynn Williams,RB,ARI,9.6609903930329715,4500.0,0.50047606509130427,0.16754599803517792,0.11020346764758916,0.063301528972044704,0.047548197822627376,0.037908705822382607,0.073016036608874055,0.0
Kenneth Farrow,RB,SD,9.6604307942743688,4500.0,0.53330516087019753,0.17038484138617316,0.060397954649267178,0.051413923248794166,0.055010441357904123,0.050032024785099362,0.079455653702564702,0.0
Brandon Bolden,RB,NE,9.5243498451803106,4500.0,0.46350761909380639,0.14185161594792223,0.18149472190997354,0.082525313078622681,0.061952785736257315,0.027799873619947117,0.040868070613470781,0.0
Jerick McKinnon,RB,MIN,9.3910471630751875,6500.0,0.36472511405878172,0.18864448527323296,0.28744846479168262,0.084877232373714265,0.046747528862352269,0.0040502866490971399,0.023506887991138772,0.0
Tim Hightower,RB,NO,9.3101268906346135,4500.0,0.55636399706492601,0.15207655472117387,0.066468602415691566,0.049707079428173463,0.056906721252786674,0.046558198655611574,0.071918846461637029,0.0
Zach Zenner,RB,DET,9.2829309064646921,5400.0,0.39865860205841153,0.30127068790827627,0.11208455745306035,0.061306784444665731,0.052426563528187142,0.030082305944198248,0.044170498663200698,0.0
Bilal Powell,RB,NYJ,9.0260171737806729,5400.0,0.48635700217279793,0.24186896356660112,0.075627900867537831,0.063825416455519646,0.038669220438893863,0.028539459272599772,0.065112037226049899,0.0
Todd Gurley,RB,LARM,8.9797073437258437,8100.0,0.28033980301219091,0.42115081554039779,0.1589187269659815,0.067848336514172256,0.037333439318426483,0.013055519173877324,0.021353359474953634,1.0
Paul Perkins,RB,NYG,8.928272858499092,4500.0,0.46301457280621411,0.21780217116514641,0.12885000870356569,0.069632643283701265,0.053407456488813947,0.033187221180299306,0.034105926372259183,0.0
Charcandrick West,RB,KC,8.8936277320700707,4700.0,0.56561434548619915,0.18652436961019858,0.042684948650862461,0.039328785498006738,0.038484008045261989,0.06196942452302668,0.065394118186444458,0.0
Rashad Jennings,RB,NYG,8.8915104223522885,5800.0,0.58170606932132107,0.17558917452957318,0.042026241790450933,0.039342571083114702,0.027710382091046558,0.052516641968503336,0.081108919215990061,0.0
Matt Asiata,RB,MIN,8.8873709817033593,5400.0,0.4199159726968118,0.18756940330609292,0.22817443075553573,0.08501734338043751,0.051474343599150221,0.0056058424781483427,0.02224266378382344,0.0
Damien Williams,RB,MIA,8.8266552436804098,4700.0,0.6029197715348793,0.11975994553344196,0.053791433746715481,0.057995009521671706,0.058930962108120391,0.043092896931266125,0.063509980623904921,0.0
LeGarrette Blount,RB,NE,8.5999850813323224,7100.0,0.4176966141058655,0.28513247815194798,0.14445729713098329,0.05057595560970015,0.059804297876165452,0.013441290530604557,0.028892066594733049,0.0
Kyle Juszczyk,RB,BAL,8.5591180766760875,4500.0,0.54490447321905988,0.18334259941603773,0.081705771338096353,0.059494702088796377,0.045668345134965378,0.031889813855366884,0.052994294947677247,0.0
Roosevelt Nix,RB,PIT,8.1999736627814563,4500.0,0.64620574905118688,0.13511636547787792,0.030894000821332635,0.031601279982795938,0.031666509577772554,0.058489420601634708,0.066026674487399448,0.0
Troymaine Pope,RB,SEA,8.1340180487568965,4500.0,0.60025883877153829,0.13821734576463759,0.090139952554265504,0.054615987552088456,0.031389962148778011,0.024038592153111344,0.061339321055580973,0.0
Devontae Booker,RB,DEN,7.8679178481168099,5600.0,0.50132264159143602,0.25626246007190023,0.081075612139334355,0.067995763829220887,0.052546812202378015,0.016122180734420358,0.024674529431310235,0.0
Arian Foster,RB,MIA,7.802997850639116,5600.0,0.69563235331193829,0.11651238463442705,0.018973265121481623,0.019521414561025678,0.017680985595462551,0.052709939904210731,0.078969656871454144,0.0
Orleans Darkwa,RB,NYG,7.7461194217550817,4800.0,0.53489885343880528,0.15003140644388058,0.17931298224493067,0.064806880252261903,0.042346172622975367,0.0061086002085751975,0.022495104788570974,0.0
C.J. Prosise,RB,SEA,7.7124947459729691,4800.0,0.62557984988560167,0.13276953425803625,0.084894391989235901,0.050038297157039689,0.028627913020506556,0.021514001051552822,0.056576012638027119,0.0
Denard Robinson,RB,JAC,7.5745002992495447,4500.0,0.64034245259066869,0.14453925253893157,0.063997557595280807,0.037364925951313188,0.023025476464512057,0.034385445451321141,0.056344889407972651,0.0
Jeremy Hill,RB,CIN,7.2236277315834787,6800.0,0.61466950905265716,0.16816886892366095,0.067822380513509278,0.042508396494686275,0.063523526370279498,0.014803299862004014,0.028504018783202974,0.0
Ryan Mathews,RB,PHI,7.0889800654173616,5800.0,0.59777571690745435,0.22967656199697073,0.044575063348309879,0.028616442801079871,0.038364373353213098,0.024522978520352498,0.036468863072619616,0.0
Jamaal Charles,RB,KC,7.0878024882955799,6800.0,0.64497206536245133,0.15947500502188808,0.053067399792630678,0.048062732511907791,0.023375817814405037,0.031697428313358075,0.039349551183358845,0.0
Derrick Henry,RB,TEN,7.0729326210770544,5200.0,0.64219589835913049,0.1385035844052096,0.069138558869707836,0.055871995286261557,0.043639782646912345,0.022396978125804417,0.028253202306973757,0.0
Anthony Sherman,RB,KC,6.8898683160335139,4500.0,0.67858033774106985,0.1307540355729318,0.04966071331291274,0.045624750735295989,0.025804239501050517,0.029624339727298787,0.039951583409440231,0.0
Alex Collins,RB,SEA,6.8894578868358121,4500.0,0.6998549435975514,0.12507813978002486,0.046354519224268781,0.031910105628788051,0.011804231726832311,0.023553489954378826,0.061444570088155764,0.0
Mike Davis,RB,SF,6.8698676510562766,4500.0,0.70687854140446371,0.12290718016798691,0.045446013888138147,0.027042596733440793,0.015407797450823792,0.011767210030052872,0.070550660325093884,0.0
Justin Forsett,RB,DEN,6.7181403902025831,5200.0,0.66822631287234424,0.18538695645111203,0.029170763310602303,0.023368438277245135,0.016913146989338098,0.025287860977810207,0.05164652112154787,0.0
Ka'Deem Carey,RB,CHI,6.6861039295885281,4500.0,0.66996813809846545,0.16520450045846569,0.041143213030388689,0.027680649537902099,0.033088129680068405,0.02307633846742102,0.039839030727288831,0.0
C.J. Anderson,RB,DEN,6.5552156824354011,7200.0,0.55704297708712769,0.27220223942905764,0.072066414357719918,0.045968088869632523,0.030777429210278227,0.0059562979384158235,0.015986553107768215,0.0
Jamize Olawale,RB,OAK,6.4813674429232382,4500.0,0.71893194404458172,0.1035786610794969,0.049559756046388626,0.044079159598946607,0.026924371776786263,0.010919565960873732,0.046006541492926128,0.0
Alfred Blue,RB,HOU,6.3104214298680912,4500.0,0.66054356077746446,0.14654311964168712,0.098840448553000282,0.039378295414142742,0.01341372017066654,0.014836705385944319,0.026444150057094541,0.0
Jerome Felton,RB,BUF,6.220483238542303,4500.0,0.7559476683212818,0.099884190901868897,0.036216812268253788,0.017286947322420532,0.018908259658468485,0.014753225507428741,0.057002896020277659,0.0
Dexter McCluster,RB,SD,6.069255891576983,4500.0,0.71069368623406637,0.14470374127819244,0.042527392854814459,0.02219971373776972,0.034132159923380395,0.010911078930536368,0.034832227041240393,0.0
Benny Cunningham,RB,LARM,6.0077315968958471,4500.0,0.68034002398311255,0.17704421159708628,0.055454415464222459,0.031390461325668806,0.0092137096297969564,0.013369735095526908,0.033187442904586077,0.0
Darren Sproles,RB,PHI,5.8982557510118205,5100.0,0.70567418117208047,0.16522769075048446,0.035405866623993795,0.021965310077652404,0.025481380114855876,0.01653729178970282,0.029708279471230337,0.0
Matt Forte,RB,NYJ,5.8947050255855737,6700.0,0.68527689337707864,0.18005558500470531,0.051865584382161475,0.030234303685208574,0.012200650887544835,0.0044911003794510908,0.035875882283850156,0.0
Rex Burkhead,RB,CIN,5.7821993127854681,4500.0,0.75617807141389026,0.10046131242324337,0.036384850873912036,0.025608356735701384,0.040116692954541587,0.014808430020578656,0.026442285578132687,0.0
Shaun Draughn,RB,SF,5.6558323520158549,4500.0,0.78041310536839337,0.099343484098897483,0.032832508024108434,0.018519698294545556,0.010242863865543798,0.0077245282367191326,0.050923812111792172,0.0
Reggie Bush,RB,BUF,5.6396269494073259,4900.0,0.79719056010561029,0.095008145725498386,0.019172425665812707,0.0088902688468485824,0.012587601779000425,0.012620204689465359,0.054530793187764152,0.0
Josh Ferguson,RB,IND,5.4986655927466686,4500.0,0.71477013697043679,0.15680791480661066,0.051629394968834549,0.018992777903522533,0.031672417995391222,0.0092196097972714313,0.016907747557932982,0.0
Aaron Ripkowski,RB,GB,5.4837841536501317,4500.0,0.79012014083405757,0.098303139622984162,0.02716768934897076,0.015299838708152578,0.013421272762923908,0.011625177643982331,0.044062741078928568,0.0
Derek Watt,RB,SD,5.3439215773972144,4500.0,0.76396395219899815,0.12349230247493066,0.033508868237143115,0.017324245989256838,0.025290408007829848,0.0077276957105552194,0.028692527381286168,0.0
Kenyan Drake,RB,MIA,5.3357019727292965,4700.0,0.81681454773143725,0.066098071357179544,0.029457715049662256,0.020725457991617263,0.016004135289804391,0.0099443292111069392,0.040955743369192464,0.0
Andre Ellington,RB,ARI,5.1069125661556036,4500.0,0.78656473650709147,0.094405136724649882,0.05006119054233843,0.022391622568560293,0.011137722182268972,0.010152070400703553,0.025287521074387607,0.0
Zach Line,RB,MIN,5.0070495504976691,4500.0,0.76033744177371476,0.10411315779569456,0.081433867571303539,0.023802632189219085,0.012579457360425926,0.0017093935738689463,0.016024049735773288,0.0
Ryan Hewitt,RB,CIN,4.942663042580282,4500.0,0.81322183143366189,0.08287456999402594,0.026467636096829637,0.018399918604658297,0.028208219068698793,0.010460484649476919,0.020367340152648697,0.0
Patrick DiMarco,RB,ATL,4.8637259074890231,4500.0,0.79183676263415559,0.11529292057237267,0.031138357731499307,0.016476652415018726,0.014941581953162269,0.0073733000699444237,0.022940424623847079,0.0
Malcolm Johnson,RB,CLE,4.8294957045686431,4500.0,0.85125678359722046,0.054490157488500869,0.032538417864264521,0.0082624270278695965,0.0074115541955132435,0.0049104260280442942,0.04113023379858699,0.0
Javorius Allen,RB,BAL,4.7166431525102128,5100.0,0.80893782242733814,0.10138557232927321,0.031563968466925031,0.018321573032481168,0.010842237643087293,0.0051239453911280436,0.023824880709767134,0.0
George Atkinson,RB,CLE,4.6110034718191164,4500.0,0.86556075830154722,0.050016243222937046,0.028591486273895839,0.0074029072482698173,0.0063931625119757847,0.0040068460457006114,0.038028596395673686,0.0
Fitzgerald Toussaint,RB,PIT,4.4674180725556791,4500.0,0.84116615145190132,0.075514743518958094,0.023657101298911208,0.020687281125850169,0.01317142840865186,0.0078762005933536178,0.017927093602373757,0.0
James Develin,RB,NE,4.3463910304493023,4500.0,0.82274326303297318,0.1025003532730959,0.03037856307421619,0.011545634035027489,0.013681377317497091,0.0052146299623153812,0.013936179304874547,0.0
Jordan Todman,RB,IND,4.2317956439251985,4500.0,0.82673156409662352,0.10361132171532896,0.028993975251348825,0.01038176191160245,0.015121528598855108,0.0036070388891879549,0.011552809537053158,0.0
Michael Burton,RB,DET,4.221278568621182,4500.0,0.82956727159002908,0.10666338791393053,0.025074431753809336,0.011363317083282811,0.0072349649585280408,0.0041429482226696106,0.015953678477750536,0.0
Antonio Andrews,RB,TEN,4.1538271052678377,4500.0,0.85996606351644689,0.067771181315882806,0.023070789800429727,0.016646870263183868,0.013447356897276531,0.0073417843906027269,0.011755953816177528,0.0
Jalston Fowler,RB,TEN,4.1538271052678377,4500.0,0.85996606351644689,0.067771181315882806,0.023070789800429727,0.016646870263183868,0.013447356897276531,0.0073417843906027269,0.011755953816177528,0.0
Kapri Bibbs,RB,DEN,3.9116981376687177,4500.0,0.84793993708654047,0.10003776460671536,0.019865213502531075,0.012246941047691104,0.0078930917647203908,0.0025683948177990315,0.0094486571740024713,0.0
Kenneth Dixon,RB,BAL,3.8477958099637655,5300.0,0.86752654473212021,0.090399556338271417,0.011055161976421389,0.0069651877105196902,0.0061392586137310103,0.0032308033152877824,0.014683487313648729,0.0
Joique Bell,RB,DET,3.8366865345614016,4600.0,0.85970075956197811,0.10247158169278994,0.010419128651216107,0.0050239194776185341,0.0045768640081439707,0.0034013996680125648,0.014406346940240632,0.0
Stepfan Taylor,RB,ARI,3.827105618461828,4500.0,0.88536542111652028,0.058467761462831475,0.023237229485362495,0.0099292681846077056,0.004861036104183601,0.0044389262759749713,0.013700357370519488,0.0
Jay Prosch,RB,HOU,3.7808968422082669,4500.0,0.87297244443744415,0.07096784239392584,0.028694019846089769,0.010068421857072164,0.0035259097134275881,0.003999512971761052,0.0097718487802793651,0.0
Tyler Ervin,RB,HOU,3.7733623250645754,4500.0,0.87400220343918034,0.070489478734202665,0.028134673764688676,0.010144595237092553,0.0034890672939736586,0.0038575307256272593,0.0098824508052348606,0.0
Andy Janovich,RB,DEN,3.6806468999792492,4500.0,0.8702407411306462,0.087383190850534642,0.016440300988484993,0.0097555450151581482,0.0062245231561104961,0.0020074553903310839,0.0079482434687343801,0.0
Wendell Smallwood,RB,PHI,3.5837481386819858,5200.0,0.88979625385545413,0.075718644460819273,0.010685164358264323,0.0048860767677161932,0.0054084259138046532,0.0029444030566245323,0.010561031587316845,0.0
Kenjon Barner,RB,PHI,3.5582211824445902,4900.0,0.89570726519881561,0.069738737371237883,0.010574993021433433,0.004920142828827692,0.0052749406297688999,0.0031334427368010015,0.010650478213115343,0.0
Malcolm Brown,RB,LARM,3.4586629258346675,4500.0,0.8785943879449204,0.091273156714915357,0.014165975934618909,0.0063869146817755245,0.0029390023143467414,0.0013019549207896261,0.0053386074886336305,0.0
Chase Reynolds,RB,LARM,3.2819322808682534,4500.0,0.90316802514626571,0.071459201049123941,0.012867123773447047,0.0045734943343706353,0.0019602291854904394,0.00079060966060446865,0.0051813168506979175,0.0
