name,pos,team,expectation,salary,prob_0_5,prob_5_10,prob_10_15,prob_15_20,prob_20_25,prob_25_30,prob_30+,label
Odell Beckham Jr.,WR,NYG,16.590900205362043,8600.0,0.10234729472560919,0.26371660865138097,0.13154976871389176,0.14881807373710798,0.1497991058171376,0.052524142528868507,0.15124500582600423,1.0
Antonio Brown,WR,PIT,15.55058858273801,9000.0,0.09930312402766743,0.19458950435173333,0.22873969713774386,0.20641659017463648,0.12975793055520765,0.065325449479290851,0.075867704273720971,2.0
Julio Jones,WR,ATL,14.526270447527843,9200.0,0.10163028836888999,0.27131387957718117,0.21814273549483801,0.16999939032794939,0.11488117918531954,0.052053049722840639,0.07197947732298178,1.0
Amari Cooper,WR,OAK,13.885157524335836,7900.0,0.12053168630071563,0.25155082393175821,0.23370530393527919,0.17802792747584892,0.12511446117498423,0.045616823827885671,0.045452973353528943,1.0
A.J. Green,WR,CIN,13.753404684244476,8500.0,0.14132394081837105,0.22843485517394863,0.25678629597269398,0.16526202538812376,0.10525705340882827,0.051482460078233115,0.051453369159801345,2.0
T.Y. Hilton,WR,IND,13.119144587570412,7800.0,0.15048955741305503,0.24878679470334539,0.26201564692836293,0.15155839974577756,0.10107942439746408,0.044958811434100548,0.041111365377895233,2.0
Alshon Jeffery,WR,CHI,12.930805803651403,7300.0,0.15555862503773266,0.26560035648187236,0.24795921017972877,0.14665439666096092,0.099919893479479369,0.041999498702211743,0.042308019458014073,1.0
Jordy Nelson,WR,GB,12.627694567452528,8200.0,0.17423651297007464,0.26912954834588132,0.22956814543778409,0.15117910900721679,0.093789673299025225,0.043369011372542614,0.038727999567475628,1.0
Demaryius Thomas,WR,DEN,12.547264437275091,7300.0,0.16129477224070621,0.28067758791621095,0.24343274255320088,0.14417903236026355,0.096096916276830396,0.038725409332553175,0.035593539320235019,1.0
Marvin Jones,WR,DET,12.398219916535883,7700.0,0.184111895712818,0.26812657501457116,0.22946394714599749,0.14996898087134122,0.094682557993413838,0.036497961192765931,0.037148082069092606,1.0
DeAndre Hopkins,WR,HOU,12.036322998909451,7900.0,0.19057846743183648,0.28534636752662174,0.23590203202588103,0.12712950847332605,0.089428086186003813,0.036325134184428093,0.035290404171903419,1.0
Larry Fitzgerald,WR,ARI,11.971884386520994,7100.0,0.18593964248095046,0.27417207699777663,0.25018744397838771,0.14212237386369339,0.085718411326597146,0.034334125559796001,0.027525925792799617,1.0
Julian Edelman,WR,NE,11.862121341124137,6900.0,0.21457610933308283,0.27052344335968548,0.2185788654853629,0.13835723459292806,0.089045509458744121,0.036322062150417882,0.032596775619779347,1.0
Brandon Marshall,WR,NYJ,11.791076350516462,7400.0,0.21430690814313896,0.26180041649358993,0.23843796764884542,0.1366603069443362,0.080137117434478544,0.038175209293590404,0.030482074042020989,1.0
Jarvis Landry,WR,MIA,11.640362264412445,7000.0,0.1998235641041502,0.29109082621234517,0.23703729237406054,0.12922323964633717,0.081944695767515535,0.032175961605598248,0.02870442028999352,1.0
Brandin Cooks,WR,NO,11.580474270656323,7700.0,0.22242698440038045,0.30181135220641458,0.18128401621719673,0.14089631376688813,0.091706855506839491,0.026656666801594269,0.035217811100686579,1.0
Mike Evans,WR,TB,11.567536180525614,8000.0,0.26490164019465584,0.20978202994832065,0.22878130369781546,0.15076189135118886,0.08287425032840863,0.030975217149001491,0.031923667330609612,0.0
Michael Crabtree,WR,OAK,11.520723325560681,7200.0,0.22703627996050141,0.26151886234432203,0.22865951916633084,0.12985086421891981,0.10307863822285532,0.027082210452661123,0.022773625634410162,1.0
Emmanuel Sanders,WR,DEN,11.462229406429238,6700.0,0.20358870926198988,0.28782265546172225,0.24472938457195087,0.13238934963461202,0.07685403023367314,0.029615249061761204,0.025000621774290611,1.0
DeSean Jackson,WR,WAS,11.353257221508271,6500.0,0.2340936052891423,0.27500557881191462,0.20765255700928248,0.14607475614685914,0.082043698925587619,0.029601358322429359,0.025528445494784592,1.0
Allen Robinson,WR,JAC,11.261206968736136,8400.0,0.23113539735649916,0.28950315819538081,0.21331229461496259,0.1351669553389023,0.07140837136384813,0.027733703665217834,0.031740119465189669,1.0
Randall Cobb,WR,GB,11.158902833635498,6700.0,0.24995400392028158,0.26772225677946188,0.22312161682273829,0.12601757516484036,0.071025752124118713,0.032248550942983165,0.029910244245576843,1.0
Pierre Garcon,WR,WAS,10.985212675083782,6100.0,0.22823115060844096,0.29827897775998946,0.22396224532444303,0.1297052124872998,0.071581601446530349,0.025445504711045838,0.022795307662250869,1.0
Mike Wallace,WR,BAL,10.514853558160844,6900.0,0.24820671411248002,0.31207071791108532,0.21124681559129932,0.118052840034479,0.064821314921037265,0.027631867027751309,0.017969730401868011,1.0
Golden Tate,WR,DET,10.506047672950253,6600.0,0.27139318817120872,0.29657739216422413,0.18651887012333515,0.13367175506574486,0.061633014767965504,0.028193660125890547,0.022012119581631729,1.0
Sterling Shepard,WR,NYG,10.496126386484935,6400.0,0.27673241690449341,0.27810707312868294,0.21423842989360906,0.11225663218871912,0.069010139998354217,0.028619075625605596,0.021036232260535997,1.0
Doug Baldwin,WR,SEA,10.399809171215672,7100.0,0.27595946075521965,0.30541405117279402,0.18883797314010928,0.10172137970966763,0.080284658902856368,0.026678022684068121,0.021104453635285025,1.0
Travis Benjamin,WR,SD,10.341391241870173,6100.0,0.29006394087473114,0.26871416947271148,0.21068681176861306,0.11549672480566471,0.072965357140522394,0.022423747473607321,0.019649248464150205,0.0
Tyrell Williams,WR,SD,10.322417498737584,6100.0,0.26476037372382116,0.28842242940080665,0.23039384754246053,0.11641320269467548,0.057664255358068427,0.026581031717069558,0.015764859563098629,1.0
Jeremy Maclin,WR,KC,10.202056916065617,6800.0,0.28329317659406816,0.31062950831357999,0.17863176386440707,0.11427638135822546,0.064226305721173868,0.030229757836125734,0.018713106312419833,1.0
Jamison Crowder,WR,WAS,10.18674514972345,6200.0,0.25979852931932695,0.30411643964036167,0.22370013394880833,0.12197981531320154,0.054250138113817355,0.021409873204874114,0.014745070459610354,1.0
Anquan Boldin,WR,DET,10.163936114524512,5900.0,0.27601980769318407,0.28645472864167598,0.22483502970296837,0.11682858799045694,0.056357227143614665,0.024021506714130898,0.015483112113970089,1.0
Terrelle Pryor,WR,CLE,10.157625041527446,7300.0,0.28768835705042611,0.28845926439303632,0.19870193126981492,0.12393281920232103,0.060306711481767993,0.02218958671889102,0.018721329883743445,1.0
Jordan Matthews,WR,PHI,10.076300925215213,6400.0,0.27805416831085061,0.30071806350708358,0.21025579929641086,0.11466820703572399,0.056334185759290105,0.023408723860244045,0.016560852230397573,1.0
Mohamed Sanu,WR,ATL,9.9494695678662488,5600.0,0.31525793111089623,0.27440985260771317,0.18442976834925104,0.12119852111625493,0.063289720412990122,0.026214841568336859,0.015199364834557689,0.0
DeVante Parker,WR,MIA,9.6696691646895729,6200.0,0.31492161619235187,0.28355419455989866,0.20256724473431775,0.10742889624462307,0.0555256318390384,0.022106515982769383,0.013895900447001579,0.0
Michael Floyd,WR,ARI,9.662841434594764,5900.0,0.32118253792810292,0.29341275379979176,0.17891370876263399,0.10428650975269232,0.066281270170423137,0.020104947771459113,0.015818271814896624,0.0
Willie Snead,WR,NO,9.5556511560712831,6800.0,0.34712691497759474,0.27844564817534634,0.1578133666206363,0.11554836446532403,0.060543933276310608,0.023436331903134287,0.017085440581654111,0.0
Allen Hurns,WR,JAC,9.4518685070019401,6000.0,0.32812438309392311,0.29433393822027648,0.18626671089383226,0.098306953433826866,0.059161783421304223,0.018534769122458255,0.01527146181437824,0.0
Brandon LaFell,WR,CIN,9.384952353918754,5700.0,0.3280142921193781,0.28642601250126787,0.20374435017259246,0.097927943647256738,0.049297899183784917,0.021820956787859641,0.012768545587860006,0.0
Quincy Enunwa,WR,NYJ,9.3333153970177065,6000.0,0.32526382703389095,0.30116920349844489,0.19433456278925867,0.093338572933924224,0.05267424567858861,0.019876849078568185,0.013342738987324767,0.0
Kenny Britt,WR,LARM,9.2823846514094495,6200.0,0.32540575221198137,0.30683884989405608,0.1847275285314062,0.10278212380498543,0.047486135670150011,0.020696903359182242,0.012062706528239018,0.0
Sammie Coates,WR,PIT,9.2257195897189508,5800.0,0.35022961789369483,0.25250369587963761,0.22233367783254007,0.093708804259037728,0.053241536311305966,0.018671354985241126,0.0093113128385430323,0.0
Victor Cruz,WR,NYG,9.115985050147577,5600.0,0.34405860442909708,0.29098151552583323,0.1884241953060142,0.097036493643583119,0.049867690398603441,0.018545262108771811,0.011086238588097133,0.0
Rishard Matthews,WR,TEN,9.0071619458355681,5600.0,0.35733314505797625,0.28086167611944945,0.187599424555876,0.096866689516713553,0.047628344651292565,0.019240842573930494,0.010469877524761396,0.0
Will Fuller,WR,HOU,8.9672630931148003,6800.0,0.36302726996285395,0.29568281215087716,0.17090577979133675,0.082059067347203002,0.053614469158724552,0.020197161410419572,0.014513440178585279,0.0
Tavon Austin,WR,LARM,8.6975865651823216,5800.0,0.37177624395484749,0.3093140663324388,0.14933842370334216,0.093325266481453159,0.048973586884507307,0.014409619911483405,0.012862792731928446,0.0
Michael Thomas,WR,NO,8.6412868882676932,5700.0,0.37903098788481354,0.27185575786327043,0.18875489345197419,0.097152540883373856,0.040328434737479768,0.015055021585195755,0.0078223635938923352,0.0
Stefon Diggs,WR,MIN,8.4478591023737888,7000.0,0.44465481357316511,0.2289169663434619,0.16686042265611681,0.071791765515973216,0.052463378414567698,0.018551366077185827,0.016761287419529605,0.0
Dontrelle Inman,WR,SD,8.3202028517648845,5600.0,0.43169479316729759,0.26587567078927038,0.1343679412732306,0.086132780842736206,0.056837973258464056,0.012941121928885448,0.012149718740115877,0.0
Davante Adams,WR,GB,8.202001993866249,5100.0,0.40596190397601917,0.28663947036935367,0.17227761901398811,0.078359855695936328,0.029679284103566395,0.01374876506235726,0.013333101778778368,0.0
Jeremy Kerley,WR,SF,8.0793975337808295,5400.0,0.39281893052247502,0.302747290264132,0.18382068530092133,0.06837724545461546,0.032541976868503741,0.01187930885230957,0.0078145627370433523,0.0
Chris Hogan,WR,NE,8.0422981493672054,5500.0,0.41992280245098046,0.28292783625373202,0.16137292851525756,0.083227158171488527,0.026702281379284976,0.014473412955054651,0.011373580274202259,0.0
Seth Roberts,WR,OAK,7.9113756463595744,5200.0,0.45878260788328706,0.23290385174806633,0.16826472805749812,0.077744098960819866,0.043639022220781046,0.010849037799194244,0.0078166533303533937,0.0
Tyler Boyd,WR,CIN,7.7001187167587348,4800.0,0.45155137224865077,0.27155693323718144,0.15956301696070757,0.061950412178394421,0.03057250138170016,0.013358621217139354,0.011447142776226125,0.0
Torrey Smith,WR,SF,7.6490962153984068,5600.0,0.44728566995648972,0.28623966378579568,0.14420711714471068,0.067642705441730164,0.034345826574853612,0.01130645916458062,0.00897255793183949,0.0
Marquise Goodwin,WR,BUF,7.5312588902307693,5300.0,0.48678011991623976,0.24043700261305664,0.14589544496887205,0.074443699304353794,0.030714486261327268,0.0089368416986625038,0.012792405237487743,0.0
Nelson Agholor,WR,PHI,7.5297932301851223,5300.0,0.46084917487795501,0.27777236823051366,0.1424303525853261,0.067580777377050927,0.02955822277849196,0.012939218392376628,0.0088698857582854163,0.0
Cameron Meredith,WR,CHI,7.4211580126472221,5900.0,0.48818894132500257,0.24150746446340904,0.14650548458737153,0.076618904203900884,0.025782360993408825,0.014901650979296837,0.0064951934476107486,0.0
Kenny Stills,WR,MIA,7.4079407267070359,5100.0,0.47919222111326493,0.25317910052957454,0.15057666298627992,0.06459444636213986,0.03886698080371348,0.0068895778631220088,0.0067010103419060047,0.0
Danny Amendola,WR,NE,7.2664480273512497,4900.0,0.52298982500235525,0.22937391607778262,0.12239833720160877,0.062793954956105888,0.036504321486697897,0.015925220077520928,0.010014425197928601,0.0
Brian Quick,WR,LARM,7.0786730305048291,4500.0,0.50205324858382794,0.27843988829680816,0.11367845730147305,0.063780489827434048,0.018761407661330016,0.0052077340438239353,0.018078774285303013,0.0
Tyler Lockett,WR,SEA,7.0396105475613631,5200.0,0.53093271418360022,0.22903100065877133,0.1295676126063533,0.057665261388062848,0.029873652347004807,0.014518628144511006,0.0084111306716971625,0.0
Kamar Aiken,WR,BAL,7.0377101744807335,5300.0,0.52142630903315779,0.26168301821059586,0.10520044019822555,0.05748967436001657,0.027327130820050088,0.013997792018568234,0.012875635359385948,0.0
Breshad Perriman,WR,BAL,6.9361072521681155,5400.0,0.51642298970768097,0.26096590799610009,0.12496177981928276,0.054315529264020966,0.020070717054250811,0.012071645494283188,0.011191430664380839,0.0
Tajae Sharpe,WR,TEN,6.6646566765681365,4700.0,0.57489024193710159,0.19730304601899087,0.11985268646988241,0.065328263663819192,0.027310720457542535,0.0059016839393792623,0.0094133575132842456,0.0
Quinton Patton,WR,SF,6.3782402427588165,4800.0,0.56640874766684579,0.23767322505280314,0.1138947814979233,0.053380926818424775,0.011151362193143772,0.0055027918235472451,0.011988164947312006,0.0
Andrew Hawkins,WR,CLE,6.3570088398297795,4500.0,0.56438012733430543,0.24758273139322412,0.10445008442866817,0.050999018854696321,0.016190563035959771,0.0062826854586547562,0.010114789494491317,0.0
Adam Thielen,WR,MIN,6.2935087363786968,5400.0,0.59672281865467391,0.20961431982140302,0.1159518224058797,0.036638006214675785,0.017490657359891696,0.010652204315739055,0.012930171227736532,0.0
Marqise Lee,WR,JAC,6.0913810219661588,4500.0,0.59256850704788244,0.23022550370078809,0.10178217986916148,0.049651047487403614,0.010255824639074774,0.0042334614842468501,0.011283475771442538,0.0
Andre Johnson,WR,TEN,6.0561529570167734,4900.0,0.61168246938322124,0.20552311259656603,0.10654501435408847,0.042296533389403188,0.018759822534450344,0.0053775003547680868,0.0098155473875016878,0.0
Jaron Brown,WR,ARI,5.9342776732502447,4800.0,0.61897976216769723,0.20332538079597895,0.099133437940804786,0.053679375581136834,0.010969545616897416,0.006722845048125009,0.0071896528493592751,0.0
Justin Hardy,WR,ATL,5.8175198074816956,4500.0,0.63293562953834148,0.19865753818428333,0.097085612408864264,0.045421749186322809,0.0092835779925119922,0.007151775678389689,0.0094641170112865439,0.0
Jaelen Strong,WR,HOU,5.7906494296548106,4900.0,0.62890394596807209,0.21451316026547135,0.087431877949969136,0.043653805071041579,0.0087036897666609523,0.0041207272508780703,0.012672793727906719,0.0
Ricardo Louis,WR,CLE,5.7812750797392995,4500.0,0.62923634658556449,0.21339303593076778,0.088490367822311414,0.044666642142932159,0.0082507404350622825,0.0032535198922844124,0.012709347191077218,0.0
Kendall Wright,WR,TEN,5.7799059396806296,5000.0,0.64028921620139145,0.19255010286760121,0.098240989396527825,0.040807206309267534,0.011895534803169683,0.0056432197388583847,0.010573730683183933,0.0
Dorial Green-Beckham,WR,PHI,5.7416249248530216,4600.0,0.63803893396110289,0.19901540932166395,0.095589685407193717,0.041405348257626429,0.010748823514304494,0.0052618873288291252,0.0099399122092785498,0.0
Adam Humphries,WR,TB,5.5787810436381786,4900.0,0.69046624151980796,0.16250294423063186,0.082468136170090744,0.028718220521796442,0.009530514806983496,0.0046669043439859451,0.021647038406703008,0.0
Jermaine Kearse,WR,SEA,5.5698421728358554,4500.0,0.66393062451817486,0.18262258383609212,0.082982937097817719,0.046787051545805883,0.008156721405263849,0.0056590627350148288,0.0098610188618302504,0.0
Jordan Norwood,WR,DEN,5.5231557150394259,4500.0,0.66403397248382434,0.1917162792718517,0.080993449691657726,0.038206934666773308,0.0082164641478383593,0.0039816963575421182,0.012851203380512903,0.0
Andre Holmes,WR,OAK,5.5227694423662541,4500.0,0.67751279463668268,0.17401456351822928,0.087889093455083153,0.034274239876313187,0.0054971423158621932,0.0035528207556216169,0.017259345442208959,0.0
Chris Conley,WR,KC,5.4998325891282223,4700.0,0.65080637636820438,0.20590166655130415,0.081271097904154571,0.040740712619715097,0.0092773453933859239,0.0038847143517936815,0.0081180868114421479,0.0
Charles Johnson,WR,MIN,5.3067091950155039,4900.0,0.73445690423495291,0.14149797913678763,0.067629906582203608,0.019990368182847447,0.0024296845560192503,0.0040495457116294428,0.029945611595559887,0.0
Arrelious Benn,WR,JAC,5.1576081511919423,0.0,0.7207048895246212,0.16228793505331232,0.063787819417122887,0.025293294246157259,0.004446508371197676,0.0030833045945056693,0.020396248793082987,0.0
Robby Anderson,WR,NYJ,5.1341872433311195,0,0.70341725334210836,0.1732300763353351,0.071113926528454177,0.031792177470141535,0.0054932232640950967,0.0021110907213016368,0.012842252338564187,0.0
Aldrick Robinson,WR,ATL,5.098767453173858,4500.0,0.7195076534464192,0.15962676513210186,0.064704547945730231,0.029459011931556558,0.009956767521396459,0.0042204182781495252,0.012524835744647023,0.0
Chester Rogers,WR,IND,5.0437491498640403,4500.0,0.70694459062053683,0.17550498289929692,0.067323364404078309,0.03130709334183223,0.0058508474648249461,0.0024505599138299238,0.010618561355601264,0.0
Bennie Fowler,WR,DEN,5.0141207777727148,5000.0,0.72439417011032803,0.15030793305162696,0.076183074191220002,0.028836384234162238,0.005628871452153514,0.0027311664226307947,0.011918400537880042,0.0
Charone Peake,WR,NYJ,5.007834851554203,4500.0,0.71558842544105206,0.16691331163184012,0.067747330211138629,0.030936675490635401,0.0050316680841780564,0.0022430199796064868,0.011539569161549572,0.0
Albert Wilson,WR,KC,4.9969528921969086,4600.0,0.72594840326656662,0.15447369039272124,0.067809140864024509,0.030614219197711134,0.0048822589483583758,0.0052286364779750702,0.011043650852641536,0.0
Tyreek Hill,WR,KC,4.9397548723050804,4500.0,0.72025488033663498,0.16344439344987613,0.067103812577536379,0.030970782538992124,0.0067522809848248625,0.0028016942860604006,0.0086721558260752646,0.0
Devin Hester,WR,BAL,4.9375612532534019,4500.0,0.83876831168863231,0.062851117866664988,0.040852867044795474,0.0082509183082157683,0.00064845740652968347,0.00031687720659535673,0.048311450478566421,0.0
Andre Roberts,WR,DET,4.8922854466477581,4500.0,0.7396625121449969,0.15541487874930601,0.060706066582623161,0.021264529151328256,0.0026058870293575002,0.0032245862546293187,0.017121540087759613,0.0
Rashad Greene,WR,JAC,4.8654498481398942,4500.0,0.81409732415486924,0.088599125177445823,0.045665185474699894,0.0105939428311969,0.0012706871156617941,0.0014889217032830117,0.038284813542843119,0.0
Tommylee Lewis,WR,NO,4.8526579240454852,4500.0,0.72805523289584095,0.16478599035776037,0.059659783744254506,0.029470216938214867,0.0066628854973940698,0.0016763030159131305,0.0096895875506217404,0.0
Cordarrelle Patterson,WR,MIN,4.838520938987604,4900.0,0.74859526755697614,0.14469113905265604,0.059513458728962056,0.02366008421238755,0.0063826678804471239,0.0026985197118176078,0.014458862856754028,0.0
Justin Hunter,WR,BUF,4.818278382692454,4900.0,0.74803864051021918,0.13763421722864669,0.065125629848843777,0.029461552244033438,0.0071275419608872858,0.0020702288742659629,0.01054218933310419,0.0
Devin Street,WR,IND,4.8057723829194599,4500.0,0.86337990376509866,0.048874762589439569,0.028591551791191362,0.0078173781929020292,0.00070261511226872022,0.00019040678989973073,0.050443381759198581,0.0
Johnny Holton,WR,OAK,4.7804453979912189,0.0,0.85099356652000246,0.05281978822293841,0.041130842116584694,0.0098366335131841523,0.00081358058371762052,0.00026196301033392711,0.044143626033237557,0.0
Russell Shepard,WR,TB,4.7129198766911333,0.0,0.84343775295528889,0.071316656489516475,0.034239325205958432,0.0072981779395828355,0.0010016403105098633,0.00046955517894375112,0.042236891920198097,0.0
Tanner McEvoy,WR,SEA,4.6971903215075317,5000.0,0.74664786284541618,0.15060625814814285,0.062055801079583292,0.023226629887381063,0.0060541455724138146,0.0022244893290097067,0.0091848131380537854,0.0
Cecil Shorts,WR,TB,4.6730721205469257,4500.0,0.85094177489889011,0.064155068370431681,0.033181581525370603,0.0081847659631429526,0.00097784719560183812,0.0006684981908510663,0.041890463855710949,0.0
Jalin Marshall,WR,NYJ,4.6538795871748571,4500.0,0.79228163226358306,0.11361862687908209,0.045819305564989525,0.022718641688120472,0.0029132336701363335,0.0010038799270487328,0.021644680007039969,0.0
Brandon Coleman,WR,NO,4.6166631613858184,4600.0,0.76421120968565637,0.13263073640320894,0.062153627325469626,0.024783751356925853,0.0041072001245226379,0.0020820010155044137,0.010031474088711627,0.0
Chris Moore,WR,BAL,4.6057577995213874,0.0,0.82906151933578942,0.088020383958981374,0.038312457862368338,0.008486756104408015,0.00094446573410283952,0.00091038770489418699,0.034264029299454428,0.0
Roger Lewis,WR,NYG,4.5972934142268409,4500.0,0.76992928313083919,0.13824210218776695,0.048920859703117596,0.024603272591772456,0.0028417595616648137,0.0015397954213802469,0.013922927403459641,0.0
Bradley Marquez,WR,LARM,4.5649022224942399,4500.0,0.7755381274847013,0.13794341976843427,0.050336946905069818,0.015556793678982238,0.0018304652554580699,0.0011944773575404757,0.01759976954981423,0.0
Cobi Hamilton,WR,PIT,4.5486447540468271,4500.0,0.79127436078974156,0.1159419111781449,0.047580647087316325,0.023416013026682295,0.0043804987298998489,0.001524658844306453,0.015881910343909095,0.0
Braxton Miller,WR,HOU,4.5237045668496414,4500.0,0.77307621135364069,0.13845918844665689,0.049656207047108374,0.020914524763805425,0.0042338795294668526,0.00099980611054367946,0.012660182748777357,0.0
Rod Streater,WR,SF,4.5151198132219914,4500.0,0.76758622527843645,0.13969726673030439,0.057655993630295957,0.019068725198952152,0.0043362237470965532,0.0015316914191224277,0.010123873995791883,0.0
J.J. Nelson,WR,ARI,4.5131881289705467,4500.0,0.76375945783973398,0.14857118568467725,0.049664800807543173,0.023246924418594845,0.0032117688146941037,0.0019327438974226898,0.0096131185373340578,0.0
Darrius Heyward-Bey,WR,PIT,4.4585185305931736,4500.0,0.79314912460038023,0.11159525653409078,0.055286772645360353,0.022522668778629473,0.0023535764331081375,0.0036995428862036154,0.011393058122228253,0.0
Jeff Janis,WR,GB,4.3583509045476045,4500.0,0.79405325355532863,0.12369152082371918,0.049485853907791623,0.015855666363682182,0.0025262474543187897,0.0014556753044263719,0.012931782590733073,0.0
Paul Richardson,WR,SEA,4.2981048625067864,4500.0,0.8193135794499824,0.099912256746924555,0.046538267774878003,0.012632432618871982,0.0025812468126345644,0.0034896751873868936,0.015532541409321267,0.0
De'Anthony Thomas,WR,KC,4.2930379844898408,4500.0,0.83151684390562319,0.093573606134699866,0.035581871035496329,0.015879084846277765,0.0019050993299386462,0.00094674601872199633,0.020596748729242696,0.0
Malcolm Mitchell,WR,NE,4.2717043166870718,4500.0,0.81927731649067226,0.10275448927946075,0.042435246640039927,0.012228282470456268,0.0071115367862556803,0.0024469652958429284,0.013746163037271971,0.0
Rashard Higgins,WR,CLE,4.1775437085312657,4500.0,0.81354523279623314,0.11824298603847987,0.040029427870958055,0.010497784543470785,0.0024591799973714811,0.0020588003944739873,0.013166588359013619,0.0
Jordan Payton,WR,CLE,3.9982272840483084,4500.0,0.89982780929084916,0.038942021433449832,0.024029614423153274,0.0079721485054577313,0.00037474590341383588,0.00021334365600404016,0.028640316787670358,0.0
James Wright,WR,CIN,3.9401715747852926,4500.0,0.86707010587362754,0.070437161574361182,0.035269186167524155,0.0071061347919042705,0.0015072669142936067,0.00083642092940641266,0.017773723748881583,0.0
Jordan Taylor,WR,DEN,3.9307462738114309,4500.0,0.86123162610979254,0.076995036262477806,0.036947986482051727,0.0062471418933858708,0.00084109455276288594,0.001425869268299809,0.016311245431230213,0.0
Walter Powell,WR,BUF,3.9279233808357921,4500.0,0.85714587311360024,0.075650233855876062,0.041365637113715603,0.010247490448360723,0.0011083592199864593,0.0014055871707816412,0.01307681907767921,0.0
Josh Huff,WR,PHI,3.8628231419739918,4500.0,0.86173598307430799,0.076667499430073657,0.036645084422380528,0.009319309044707437,0.0021515078140586035,0.0010540024429726298,0.01242661377149906,0.0
Josh Bellamy,WR,CHI,3.7103192982831472,4500.0,0.88535672884065453,0.059695572847359095,0.032658467965075391,0.0070594626378516984,0.00093826925915339464,0.00051656933029207107,0.013774929119613933,0.0
Mike Thomas,WR,LARM,3.7052042444309925,4500.0,0.8914518049724045,0.057011576515669904,0.02998525766805649,0.0042008128752640738,0.00028539478889713789,0.00040583761003749831,0.016659315569668931,0.0
Jakeem Grant,WR,MIA,3.6796062501996039,4500.0,0.889265326445281,0.057323524808128801,0.032666866717864389,0.0055442773160246008,0.00064207665981943184,0.00037578609000955864,0.014182141962871439,0.0
Ryan Grant,WR,WAS,3.6412030351631128,4500.0,0.89631331376606882,0.053403392104120179,0.027025002490258344,0.0058344448124343275,0.003053914513684849,0.0015575617209117724,0.012812370592520758,0.0
Trevor Davis,WR,GB,3.5778333182578042,4500.0,0.91000604986899525,0.044248597757877123,0.025008858238864718,0.003450670929330788,0.00042887422987707548,0.00022488575293215957,0.016632063222122052,0.0
Matthew Slater,WR,NE,3.5610535592122403,4500.0,0.9084376484207507,0.050677555709858664,0.019777868444432727,0.0038533871502336092,0.00055319998584253129,0.00023183601871375824,0.016468504270166901,0.0
Aaron Burbridge,WR,SF,3.5574176117377525,4500.0,0.90629671108474041,0.047515376723259145,0.026276848321037816,0.0047299196000094197,0.00038378938812394026,0.00032884940579557047,0.01446850547703294,0.0
Dwayne Harris,WR,NYG,3.5482587538660444,4500.0,0.91199093797964215,0.041010848745612186,0.02576096085922808,0.0055637191152745858,0.0004555893620198967,0.00020744672213739455,0.015010497216084721,0.0
Leonte Carroo,WR,MIA,3.5455394665973721,4500.0,0.91348437796711857,0.039935694492206401,0.026451536130987465,0.0034646008693196965,0.00065248706997715817,0.00053873125341146908,0.015472572216979672,0.0
Griff Whalen,WR,SD,3.51107948830757,4500.0,0.91756197028114128,0.037217373321205026,0.025398112950238312,0.0037785777542629767,0.00045199208428536403,0.00019282107848486599,0.015399152530381262,0.0
Brandon Tate,WR,BUF,3.5083609303566328,4500.0,0.91415500389332005,0.042451359139642049,0.023262502375079517,0.0046545157581730388,0.00058484529165687656,0.00026908952230504792,0.014622684019823622,0.0
Marc Mariani,WR,TEN,3.5046284886489905,4500.0,0.91630966262019542,0.043625792858525865,0.019361739387793325,0.004011346463076779,0.00064507523838019378,0.00022627103683073877,0.015820112395197098,0.0
Deonte Thompson,WR,CHI,3.50167244199123,4500.0,0.91799133605725491,0.037137474390211526,0.025434548483687543,0.0036158641532944191,0.00042719926032679388,0.00019115147965873604,0.015202426175565482,0.0
Eric Weems,WR,ATL,3.4962270256932229,4500.0,0.91591737076021018,0.044012196798690298,0.020114253885478918,0.0037429556177356292,0.00052609575967168794,0.00019658398752084102,0.015490543190692105,0.0
Alex Erickson,WR,CIN,3.491307033532391,4500.0,0.91057627694292154,0.045001527516028247,0.026417572907326312,0.0039979433519329449,0.00059233173386660668,0.00075445511798047273,0.01265989242994308,0.0
