name,pos,team,expectation,salary,prob_0_5,prob_5_10,prob_10_15,prob_15_20,prob_20_25,prob_25_30,prob_30+,label
DeMarco Murray,RB,TEN,16.099896390059669,8700.0,0.080984259692493565,0.171177550721931,0.22418610883412401,0.22276223781309198,0.14354048374505038,0.10985998236949081,0.047489376823818881,2.0
LeSean McCoy,RB,BUF,15.762721985682312,9000.0,0.067613595919633895,0.18122012549791347,0.28251388802265059,0.19313616581369411,0.13056274317942618,0.091707069832648119,0.053246411734033813,2.0
Le'Veon Bell,RB,PIT,15.001649489687995,8600.0,0.10146674243656031,0.2108269986457724,0.22256746112545547,0.19511004362844514,0.14491441523226598,0.089242011885493924,0.03587232704600718,2.0
David Johnson,RB,ARI,13.363001657912152,8500.0,0.11289370498454027,0.24291472721285678,0.2586560718418936,0.22347414188937806,0.10510744781387805,0.032452764607539361,0.024501141649914331,2.0
Devonta Freeman,RB,ATL,13.274583009647918,7500.0,0.12305244054147754,0.25992052113706193,0.24154303791642706,0.21808841238769364,0.078796527288113483,0.045623490730559407,0.032975569998667048,1.0
Melvin Gordon,RB,SD,12.818112080945236,8000.0,0.12073260608886095,0.29118597521852341,0.23110428820072892,0.22014343246458831,0.068768171059687452,0.045134028235284271,0.022931498732327592,1.0
Lamar Miller,RB,HOU,12.618320832126187,7700.0,0.12147083831488316,0.25612341811187728,0.31347931156000158,0.17697944600282373,0.076588715824270404,0.037693221548088636,0.017665048638055528,2.0
Jordan Howard,RB,CHI,12.264388990660157,7000.0,0.15075154534816324,0.27395767169667906,0.26296660936579574,0.17903710677712459,0.079064591178279742,0.035219245974307881,0.019003229659650494,1.0
Matt Jones,RB,WAS,12.06352711169259,6700.0,0.20848089294436042,0.27246249509801684,0.17613926522576048,0.19968709142459534,0.080064138777267757,0.02795546002591966,0.035210656504080597,1.0
LeGarrette Blount,RB,NE,12.001338349951636,7100.0,0.16968605730016864,0.27896603516933632,0.25127088465904018,0.16858610712705349,0.075728284788787556,0.034912464163261846,0.020850166792352354,1.0
Jay Ajayi,RB,MIA,11.78381216381433,6400.0,0.2136608548679077,0.24894181404910648,0.24898725700081742,0.15149249781833429,0.080927741538453321,0.021517520407779319,0.034472314317601838,2.0
Todd Gurley,RB,LARM,11.774955506999341,8100.0,0.15534205306346233,0.31008913789234338,0.22749355427741347,0.21066612312868954,0.047345025862518694,0.033586870283115099,0.015477235492458207,1.0
Giovani Bernard,RB,CIN,11.740394538322324,6300.0,0.20210990831128139,0.30647370468250529,0.18747310520339205,0.16013921357342101,0.076486379311748703,0.038179428904546932,0.029138260013105013,1.0
Christine Michael,RB,GB,11.523093606902815,7600.0,0.20894743002255481,0.26738488156422163,0.26819884861215421,0.12679397046629226,0.055189464229076141,0.051972505940137755,0.021512899165563482,2.0
C.J. Anderson,RB,DEN,11.465489330068753,7200.0,0.21691004606193737,0.28586496550624835,0.19563540397827053,0.18747926194004996,0.055818271638017052,0.032431407007905422,0.02586064386757167,1.0
Frank Gore,RB,IND,11.387870505908261,6400.0,0.19330705281219618,0.30883491180877398,0.23142544087484876,0.1489400475205846,0.068306802962276716,0.022577588617505917,0.026608155403813956,1.0
Jeremy Hill,RB,CIN,11.367601571793152,6800.0,0.21580940704312179,0.28949573879841978,0.23517913695905546,0.12685973778456108,0.066038987050023229,0.042719540188665812,0.023897452176153033,1.0
Terrance West,RB,BAL,11.211110209104397,6900.0,0.1724156415996311,0.33830511417617487,0.26452089964681091,0.11688525234817755,0.054107905286684389,0.027790643311052764,0.025974543631469029,1.0
Mark Ingram,RB,NO,10.825271714777656,6600.0,0.24067782807995941,0.28315293080781762,0.25393298615827664,0.11962616353139775,0.041278720503898435,0.0324078958332382,0.028923475085412629,1.0
Spencer Ware,RB,KC,10.565811031162571,7000.0,0.2516984647557346,0.27884247643571486,0.26639276853776245,0.10097893131865261,0.05025063658470838,0.026229228641195944,0.025607493726231313,1.0
Ryan Mathews,RB,PHI,10.100447340453799,5800.0,0.28270311795336328,0.30399211111175228,0.20206822929922802,0.1153852454938967,0.051343465991047166,0.019246398696641211,0.025261431454071736,1.0
Isaiah Crowell,RB,CLE,9.9580291712147293,6400.0,0.31504710917368711,0.29184323551742641,0.19316521573149736,0.094085671943540394,0.048563414275175437,0.023665535000117938,0.033629818358555656,0.0
Jamaal Charles,RB,KC,9.9206139817456958,6800.0,0.33693728898924796,0.22372630065260471,0.24952372095566194,0.093710501282367423,0.042842595240657692,0.024893456494011951,0.028366136385448808,0.0
Matt Forte,RB,NYJ,9.896478651394288,6700.0,0.29746447723605185,0.30852616620325413,0.19416734717556475,0.11760123415376104,0.03324406476074921,0.0145491398925573,0.03444757057806265,1.0
Tevin Coleman,RB,ATL,9.723315280371887,6200.0,0.30046983224426804,0.34146936910564452,0.15702956744650254,0.087969954790152086,0.068282790054039907,0.025977755897962532,0.018800730461430642,1.0
James White,RB,NE,9.6399273613242205,6100.0,0.31177569542041661,0.29042471212154536,0.19966837615049587,0.11691777931660229,0.038222999827470364,0.029906113986624138,0.013084323176845799,0.0
DeAndre Washington,RB,OAK,9.5584627411589,5600.0,0.34663016261969753,0.2614515784707494,0.19744702444153628,0.10257219894353833,0.050362066385121695,0.01587216059930998,0.02566480854004714,0.0
Zach Zenner,RB,DET,8.8304157986752116,5400.0,0.3818551271671059,0.28389910899144333,0.16446595754181975,0.098797825815513732,0.033313108149706921,0.014160963039383528,0.023507909295026639,0.0
Ty Montgomery,RB,GB,8.1202183132036456,5600.0,0.4563627334366917,0.24959847205576463,0.14242070401414331,0.087646259495416573,0.028512222354539225,0.011914227686747741,0.023545380956697282,0.0
Rashad Jennings,RB,NYG,7.9933490100815856,5800.0,0.48022761504433636,0.18881972090656368,0.23356685491775747,0.040337946006711554,0.013484902807614229,0.010264213357976847,0.033298746959040379,0.0
Devontae Booker,RB,DEN,7.862231455501087,5600.0,0.45269497334803521,0.2717483865872235,0.14758423133306117,0.069496952158128039,0.029172497348393653,0.0067470926564126748,0.022555866568746037,0.0
T.J. Yeldon,RB,JAC,7.6836501792599163,6300.0,0.49370561392582318,0.21989710552716504,0.17747025786341961,0.049221700871027833,0.019707455349198384,0.016392427615851499,0.023605438847514541,0.0
Mike Gillislee,RB,BUF,7.6517813981183869,5300.0,0.56099616832251942,0.1885732823029318,0.10676558326378378,0.075479068710738034,0.013896367554979723,0.0044351930345101825,0.049854336810537504,0.0
Jerick McKinnon,RB,MIN,7.6000421627118202,6500.0,0.58648183839669676,0.15606727166835749,0.10859656384181331,0.059620315144976989,0.040741141972207837,0.0068540856513619377,0.041638783324585808,0.0
Chris Thompson,RB,WAS,7.5444259275420738,4900.0,0.48385740919254605,0.25694026647137486,0.14586410233638281,0.060071923132234882,0.023366405376029738,0.0052093228205701307,0.024690570670861531,0.0
Chris Ivory,RB,JAC,7.4071412784676864,5500.0,0.4974880046495232,0.25421226791973073,0.15289516368962949,0.040210822827425045,0.011825589515565074,0.018934766825208973,0.024433384572918021,0.0
Rob Kelley,RB,WAS,7.4002724719559518,4900.0,0.57572958569572419,0.19040468515638392,0.1217072668132977,0.038018610490338618,0.016589295071989973,0.0055042367803282127,0.052046319991937567,0.0
Derrick Henry,RB,TEN,7.2742053682089001,5200.0,0.51297338233675338,0.25544535576686811,0.11492610795706135,0.056466771453675769,0.027735534888955131,0.014494974223013634,0.017957873373672772,0.0
Jacquizz Rodgers,RB,TB,7.2440823349496144,5600.0,0.53772043591965069,0.22598890904543895,0.1105578329811357,0.058003798013165325,0.035740657219006329,0.015457676849151954,0.01653068997245102,0.0
Bobby Rainey,RB,NYG,7.1850283421153343,4900.0,0.51435946292103196,0.25409921798683793,0.12969988794889842,0.047399563970638547,0.027188302325927796,0.0030622654536798556,0.024191299392985536,0.0
Darren Sproles,RB,PHI,7.1561875461266951,5100.0,0.51189959904990379,0.26814000319551945,0.1151751212380653,0.052687158526953014,0.022945863254689058,0.0043915472150522208,0.024760707519817304,0.0
Jalen Richard,RB,OAK,7.1429942770335337,5100.0,0.54052394106701751,0.24248639886075207,0.095824321117493963,0.046698256329775631,0.047718487957833414,0.0069138478973505054,0.019834746769777447,0.0
Arian Foster,RB,MIA,7.1106276252669094,5600.0,0.55151434815770739,0.21493585217795683,0.12688073170989125,0.03312785424120028,0.044781865571602041,0.0080123856500268157,0.020746962491615291,0.0
Bilal Powell,RB,NYJ,7.0739067800774764,5400.0,0.47371342213991519,0.33504117604171108,0.10424323088162246,0.040813958431028939,0.017706896416343085,0.0047628648859213193,0.023718451203457523,0.0
Matt Asiata,RB,MIN,6.726867597346379,5400.0,0.63157356963309685,0.14799783886447851,0.074185830606925768,0.095673172170196982,0.025703741961752128,0.0016389792864845766,0.023226867477065188,0.0
Duke Johnson,RB,CLE,6.6646663212231818,5300.0,0.56908720808890656,0.21099076140209633,0.10307265860621484,0.083447827448579412,0.019049129154430161,0.0026890085212489161,0.011663406778524101,0.0
Damien Williams,RB,MIA,6.1543167127302665,4700.0,0.62213996311423903,0.21162979041981819,0.07273538961095849,0.053595102908118322,0.017931889371140035,0.0010274753645452817,0.020940389211181003,0.0
Wendell Smallwood,RB,PHI,5.9771698400844606,5200.0,0.64521649144633941,0.19679828822821857,0.080703800661953429,0.035268230180505081,0.014502202357311972,0.0036045585485753478,0.023906428577096409,0.0
Andre Ellington,RB,ARI,5.7522796295501282,4500.0,0.67639314656134586,0.18141740776985862,0.073516615587985445,0.028735973032109872,0.0083083331960424629,0.0020142466390467326,0.029614277213609777,0.0
Ka'Deem Carey,RB,CHI,5.4918070827271137,4500.0,0.72992501366330342,0.12653444354333895,0.076171408325198864,0.02491911894821381,0.011353592042901579,0.0018762141768986764,0.029220209300145343,0.0
Kenneth Dixon,RB,BAL,5.4525065602515292,5300.0,0.68163723255773212,0.17687448199132752,0.073896151664602436,0.038615534038830529,0.01433251337910286,0.0016857935318387203,0.012958292836565665,0.0
Paul Perkins,RB,NYG,5.2667394315865428,4500.0,0.74423510024183004,0.14294581149540042,0.051734131606098556,0.022377190351388451,0.0039500377788959321,0.0012820973210358264,0.033475631205351186,0.0
Alfred Blue,RB,HOU,5.2168577395860449,4500.0,0.74226684729917358,0.1370214117845576,0.066187679305032041,0.018211583425853474,0.0053899166228079725,0.0021441929352965972,0.028778368627278762,0.0
Orleans Darkwa,RB,NYG,5.0608481803985663,4800.0,0.82332265608921351,0.075804650399259363,0.028244574639454473,0.019527217460642468,0.0090398604553341023,0.00084134934422457476,0.043219691611870587,0.0
Mike Davis,RB,SF,4.8928500458439146,4500.0,0.76492689458238661,0.14528929214585617,0.038455284166104942,0.019866327999881746,0.0025357906363495815,0.00092911060370426098,0.027997299865715759,0.0
Travaris Cadet,RB,NO,4.8432427293509246,4800.0,0.77491614322490487,0.13868724685611292,0.035809152340158003,0.016743118473854797,0.004528575561703543,0.00036875091056633993,0.028947012632699349,0.0
Benny Cunningham,RB,LARM,4.7842617434246089,4500.0,0.8027408136896631,0.10726694625419772,0.04390881223470576,0.0097396934055880308,0.0014222151468319649,8.6692060910435105e-05,0.034834827208102839,0.0
Reggie Bush,RB,BUF,4.6983891434333751,4900.0,0.77433414050138205,0.13422452039240032,0.047564237747774261,0.017745285958321276,0.0044502757691850863,0.001094757169378866,0.020586782461558113,0.0
Javorius Allen,RB,BAL,4.577738533531603,5100.0,0.80002286874824025,0.10323945652520244,0.050464133510244008,0.020508797543929085,0.0063823871961112512,0.0011075169009149659,0.018274839575357419,0.0
Joique Bell,RB,CHI,4.5617272044314765,4600.0,0.78761192158519577,0.11828197211665738,0.050306337790009939,0.014107779515794205,0.015078558885406646,0.0027827177296517853,0.011830712377284589,0.0
Aaron Ripkowski,RB,GB,4.4897011767905006,4500.0,0.78927358255081437,0.12897261238029314,0.041425584035305683,0.019278767800843911,0.002775805169528015,0.0010678543895644281,0.017205793673650719,0.0
Latavius Murray,RB,OAK,4.4018680411133664,5900.0,0.81915653482625428,0.092676098328416875,0.050321991527738377,0.013130939203129367,0.00333956869530431,0.0030894691842300002,0.018285398234926815,0.0
Alex Collins,RB,SEA,4.2683287997891961,4500.0,0.83930881529008783,0.09732680992493159,0.026258431092609284,0.0086356432107562772,0.0027404484244072666,0.00019378256937170794,0.025536069487835822,0.0
Jamize Olawale,RB,OAK,4.249364076429754,4500.0,0.83855196040148505,0.084961516874453261,0.036894316143947975,0.014421854130867214,0.0054089914398344225,0.001485139059676044,0.018276221949735719,0.0
Justin Forsett,RB,DET,4.2020812676831474,5200.0,0.82882972300979751,0.10924852504282301,0.026441838599241669,0.010441022338168446,0.0058144757833959197,0.00083707855032732093,0.018387336676245807,0.0
Charcandrick West,RB,KC,4.1724354653869495,4700.0,0.83163533523787481,0.11205541417764574,0.023293186951411384,0.009197046758406208,0.0022419027324216724,0.00064312542169713894,0.02093398872054315,0.0
Kenyan Drake,RB,MIA,4.168245818650667,4700.0,0.83347346835329184,0.099780040178930454,0.034516786338666255,0.01025593265420649,0.0032495713216388633,0.00042522658102361405,0.018298974572242666,0.0
Kyle Juszczyk,RB,BAL,4.1624425069904261,4500.0,0.80651009602489199,0.12553451144184427,0.036547105054099006,0.018633119889802929,0.0018592656510983208,0.00028667001631355364,0.010629231921949721,0.0
Shaun Draughn,RB,SF,4.1480454028784495,4500.0,0.84773025421376236,0.098426729476441627,0.018397409623928478,0.0090798837519075123,0.0014295063376073467,0.00043703508736758892,0.024499181508984866,0.0
Kenneth Farrow,RB,SD,4.0979179387968854,4500.0,0.83705869741698968,0.11915405457427765,0.013237748678295781,0.0059376022033598465,0.0013348814822787193,0.00033259893458158836,0.022944416710216284,0.0
Rex Burkhead,RB,CIN,4.0915663443978634,4500.0,0.86512229477788616,0.079323236714737955,0.01895660283695633,0.0084284586825902324,0.0027048775014787562,0.00036500081602828095,0.025099528670322287,0.0
Kenjon Barner,RB,PHI,4.0527644181647187,4900.0,0.83762399292011347,0.1007854949556399,0.031639705139919649,0.011392037198954805,0.0030058112241007728,0.0005370724960447929,0.01501588606522662,0.0
Robert Turbin,RB,IND,4.0519879310664662,4500.0,0.84891153156919663,0.097362715437602707,0.0232084011181353,0.007223768137325789,0.0024812152619028563,0.00017232800873907622,0.020640040467097782,0.0
Stepfan Taylor,RB,ARI,3.9688364074724589,4500.0,0.86546437788174035,0.085948755201732369,0.01749018046069346,0.0071866424589938664,0.0013715226742118077,0.00047216086635964576,0.022066360456268537,0.0
Josh Ferguson,RB,IND,3.88873373908207,4500.0,0.85890750336776367,0.085961431215438339,0.027172075525235911,0.010274190951026959,0.0029124222944986043,0.00070102978654215979,0.014071346859495005,0.0
Malcolm Brown,RB,LARM,3.8770843349336825,4500.0,0.85805528877065773,0.086854830949435649,0.026310543904210899,0.010989138611241412,0.0048839433498009208,0.00030192979953364853,0.012604324615120378,0.0
Dexter McCluster,RB,SD,3.8450455681160705,4500.0,0.8601846998405297,0.08938760948800184,0.024860579920445439,0.0091440704866396615,0.0014789918846667368,0.0003894327816148102,0.014554615598101773,0.0
Derek Watt,RB,SD,3.7618442811567867,4500.0,0.87288753111250927,0.07940622679874712,0.022233722450082101,0.0092395844106848164,0.0016680447967845785,0.00037835712633064073,0.014186533304861542,0.0
Peyton Barber,RB,TB,3.7040900941311579,4500.0,0.88623108707981713,0.064967994645092536,0.023467774844497309,0.0086652869607334645,0.0019840420716821451,0.00030823217663023981,0.01437558222154825,0.0
Jerome Felton,RB,BUF,3.6422756091827591,4500.0,0.88871579149337476,0.066012320577582273,0.022938420264204725,0.0052755567803906599,0.0038837629365477584,0.00028514867876831373,0.012888999269131594,0.0
Patrick DiMarco,RB,ATL,3.5596587354641454,4500.0,0.89874754271380164,0.064391197657636082,0.0156453083922895,0.0052157287536255693,0.001161955001713558,0.0003292081621240903,0.014509059318809622,0.0
Antone Smith,RB,TB,3.5334189202742707,0.0,0.90238888785602678,0.063444985364932649,0.015381091209201484,0.0021586181977901967,0.00051862434231468688,0.00051626025625585914,0.015591532773478444,0.0
Andy Janovich,RB,DEN,3.5136068348034843,4500.0,0.90567829253709897,0.053789033038841964,0.019838992407238163,0.005487658991274136,0.0022778608700564588,0.00023541690490816198,0.012692745250582962,0.0
C.J. Prosise,RB,SEA,3.4461373281671204,4800.0,0.91245569973898144,0.051113031283265588,0.015321191395555938,0.0075577161298585795,0.0010562090087333142,0.00043394916593020728,0.01206220327767487,0.0
Tim Hightower,RB,NO,3.4100035799221504,4500.0,0.91644552864666617,0.0523350048091182,0.013444469403278703,0.0028482762460271872,0.00072824575042816034,0.00064741854011737625,0.013551056604365072,0.0
John Kuhn,RB,NO,3.4100035799221504,4500.0,0.91644552864666617,0.0523350048091182,0.013444469403278703,0.0028482762460271872,0.00072824575042816034,0.00064741854011737625,0.013551056604365072,0.0
Don Jackson,RB,GB,3.3866371311392243,4500.0,0.92739805210942161,0.041285404624508228,0.01267131464270284,0.002242996800727752,0.00066989408117279752,0.00064624648565480951,0.015086091255812612,0.0
DuJuan Harris,RB,SF,3.3678156341367904,4500.0,0.93061362388132951,0.038620264328893886,0.012235003355668095,0.0022057834420585736,0.00054200954682194654,0.00060272208021324878,0.015180593365015099,0.0
Ryan Hewitt,RB,CIN,3.35642651672367,4500.0,0.9281115807059418,0.040767778999527181,0.01355245737643458,0.0022589870348906776,0.00070070599558981126,0.00074823984279934631,0.013860250044816846,0.0
Antonio Andrews,RB,TEN,3.3552003608721201,4500.0,0.92770407223958939,0.041276109571478196,0.013640795247472534,0.0021804342621320597,0.00070330090906257664,0.00072766988091450672,0.013767617889351016,0.0
Jalston Fowler,RB,TEN,3.3552003608721201,4500.0,0.92770407223958939,0.041276109571478196,0.013640795247472534,0.0021804342621320597,0.00070330090906257664,0.00072766988091450672,0.013767617889351016,0.0
Tyler Ervin,RB,HOU,3.3377662150138709,4500.0,0.93062308941310357,0.039485314827575023,0.012826627361511628,0.0020744358959576027,0.00034008299990731576,0.00026459199864510531,0.014385857503299737,0.0
Jordan Todman,RB,IND,3.3359467643604064,4500.0,0.92829147302585013,0.042077297264681963,0.012628495515642629,0.0022540966509003247,0.00067501533136564494,0.00072388738479186752,0.013349734826767849,0.0
Ronnie Hillman,RB,MIN,3.3273237178165935,4500.0,0.93387155032015778,0.03788440909594612,0.010165356381460088,0.0024456595239154338,0.00042021017515761467,0.00043432789319023882,0.014778486610172968,0.0
Michael Burton,RB,DET,3.3271232440556049,4500.0,0.93081833030109551,0.039476244604464215,0.012532043823761826,0.0024130770130738966,0.00055459169360199095,0.00060694194701106619,0.013598770616992001,0.0
Knile Davis,RB,KC,3.326652626983913,4500.0,0.93312429009960618,0.0383641862255341,0.010547228328650057,0.002528226813328943,0.00051798670390149439,0.00050151775334119221,0.014416564075638381,0.0
Kerwynn Williams,RB,ARI,3.3217341014437185,4500.0,0.93540871916025858,0.036085184303695492,0.010256887953221754,0.0025979103748306654,0.00043723718574245764,0.00045747762232695876,0.014756583399924309,0.0
Brandon Bolden,RB,NE,3.3169684845346539,4500.0,0.9338254232996781,0.037901319553857268,0.010514260817495076,0.002544623789694762,0.00052785485065076968,0.00049586668644295367,0.014190651002181663,0.0
Roosevelt Nix,RB,PIT,3.3148794854972983,4500.0,0.93471029211635359,0.036551479950292849,0.010947220909820952,0.0025706440498054111,0.00056152821684840907,0.0004736637380003527,0.014185171018878928,0.0
Troymaine Pope,RB,SEA,3.3119084475940053,4500.0,0.93506125668108087,0.036743374006118754,0.010471605096819199,0.0024842791505756308,0.00044806060856295449,0.00046282235760909896,0.014328602099233782,0.0
Lorenzo Taliaferro,RB,BAL,3.308142602487099,4500.0,0.93574333325983805,0.036299091859289132,0.010228248427803129,0.0024601380429677615,0.00043674161395812179,0.00044356865143141188,0.014388878144712541,0.0
Denard Robinson,RB,JAC,3.3074898317923691,4500.0,0.93567899558830114,0.036192421257790035,0.010474233508902975,0.0024629501166007137,0.00044287658875086651,0.00044578515312134257,0.014302737786533145,0.0
Fitzgerald Toussaint,RB,PIT,3.3025918438179365,4500.0,0.93278144295348953,0.038711424648123431,0.011616829883967058,0.0025040572760175635,0.00062437641704678594,0.00059236032501559018,0.013169508496340285,0.0
James Develin,RB,NE,3.2960294086188386,4500.0,0.93259718235623723,0.039394734067831852,0.011350562378372071,0.0025177940113998818,0.00055356364900281153,0.00064511781502381846,0.012941045722132548,0.0
Zach Line,RB,MIN,3.2533239680712094,4500.0,0.93753577241082831,0.036093720409546531,0.010318772313104858,0.0024761773779271223,0.0004192992513079292,0.00045858606858900132,0.012697672168696527,0.0
Anthony Sherman,RB,KC,3.2286697976514405,4500.0,0.93752725080956223,0.037278801008230944,0.01000372381863204,0.0023998806791135341,0.00048462661605155151,0.00045173237427742187,0.011853984694132185,0.0
Kapri Bibbs,RB,DEN,3.2111689811022219,4500.0,0.94157359029071275,0.032833373272484444,0.010359683692029002,0.002494536264669197,0.00038042438401134668,0.00043586626050655841,0.01192252583558707,0.0
Malcolm Johnson,RB,CLE,3.2000020763596533,4500.0,0.94458641441692615,0.029835226290182672,0.010543174999885016,0.0019051909019890004,0.00051286703180706715,0.00046634879072242981,0.012150777568487779,0.0
George Atkinson,RB,CLE,3.2000020763596533,4500.0,0.94458641441692615,0.029835226290182672,0.010543174999885016,0.0019051909019890004,0.00051286703180706715,0.00046634879072242981,0.012150777568487779,0.0
Jay Prosch,RB,HOU,3.1845595746767157,4500.0,0.94678650996695435,0.028596976831011228,0.0095462506598405477,0.002066368613254451,0.00035616205827804996,0.00040771629834919531,0.012240015572312194,0.0
Chase Reynolds,RB,LARM,3.1357714973945559,4500.0,0.94981932139289826,0.027251168933268215,0.0088952946521569654,0.0022156910900319681,0.00034271676072175573,0.00033209712177082726,0.011143710049152588,0.0
