name,pos,team,expectation,salary,prob_0_5,prob_5_10,prob_10_15,prob_15_20,prob_20_25,prob_25_30,prob_30+,label
LeSean McCoy,RB,BUF,14.811957251213549,9000.0,0.087063463567544255,0.22331618936791603,0.26373382407420914,0.18565237252682573,0.11831470525517952,0.074056479819290838,0.047862965389034735,2.0
Le'Veon Bell,RB,PIT,14.431103236735691,8600.0,0.10648984598501489,0.20542757931123753,0.24759075879886808,0.22232623474262825,0.12373724448108853,0.060066880094423833,0.034361456586739419,2.0
DeMarco Murray,RB,TEN,14.388606898711148,8700.0,0.1193998585420072,0.21832244624681513,0.23022776368854841,0.19672654376861293,0.12894716977248494,0.065646880771613153,0.040729337209918927,2.0
Devonta Freeman,RB,ATL,13.54303336919925,7500.0,0.12626522522328804,0.24515425453426715,0.23387530690725708,0.22509161119193688,0.086424830520706875,0.043999577142737237,0.039189194479806851,1.0
David Johnson,RB,ARI,12.810668561321961,8500.0,0.1286975215567949,0.26927204176646896,0.27945894015928041,0.17104840487929124,0.080747640659636535,0.041488278971661408,0.0292871720068669,2.0
Melvin Gordon,RB,SD,12.557952800129787,8000.0,0.14175393041369874,0.29863223128911676,0.22484320175311789,0.1881160099653871,0.078663874481909091,0.038447660814801325,0.029543091281969316,1.0
Matt Jones,RB,WAS,12.557225977074031,6700.0,0.16803752088643911,0.26608279477641444,0.22164935016039194,0.18664309410963942,0.088352323578486464,0.040867889000896482,0.028367027487732448,1.0
Jordan Howard,RB,CHI,12.460031064894542,7000.0,0.17544441601385063,0.27229639875888845,0.22346786712385849,0.16447753676541449,0.087511480756461257,0.046612938086476138,0.030189362495051251,1.0
LeGarrette Blount,RB,NE,12.428536883122817,7100.0,0.15588582050368366,0.25149774788377793,0.2879040608111893,0.16686303893184964,0.071005429339984216,0.04046312898595375,0.026380773543561858,2.0
Lamar Miller,RB,HOU,12.330291667679676,7700.0,0.16458409319052528,0.25166003166218859,0.282329265576442,0.1627311199719077,0.070492254643582913,0.042495756652663343,0.025707478302690906,2.0
Frank Gore,RB,IND,11.691574518488139,6400.0,0.18641864025949367,0.30403585530738064,0.22430662068818485,0.15339662445634764,0.07381065827380881,0.031314737364331838,0.026716863650452359,1.0
Jay Ajayi,RB,MIA,11.547769069861312,6400.0,0.22968841472737808,0.24656356411711991,0.24323573860754538,0.15309924638369515,0.066065701855663669,0.030532964626383514,0.030814369682214432,1.0
Giovani Bernard,RB,CIN,11.43626978893416,6300.0,0.23653693540243362,0.2759271273729525,0.20666321994376097,0.14390131790678459,0.068662670213873234,0.03490732239383821,0.033401406766356882,1.0
Terrance West,RB,BAL,11.385121567776983,6900.0,0.21937935338995548,0.2824818133033517,0.23100677399369743,0.14985780044576899,0.054973910315584407,0.027928237280443361,0.034372111271198269,1.0
Todd Gurley,RB,LARM,11.261167599064146,8100.0,0.19426896581770331,0.30492669237244802,0.2332353071262192,0.1662897021160514,0.052696507772911995,0.029738190278126183,0.018844634516539994,1.0
C.J. Anderson,RB,DEN,11.137209006644843,7200.0,0.24279525913754835,0.26117886710868987,0.22694054097983968,0.15141277645244344,0.064256559166368285,0.030724463513615973,0.022691533641494753,1.0
Matt Forte,RB,NYJ,11.056346298768513,6700.0,0.26416154652005708,0.26833334060535874,0.19683301811617918,0.14783458702709446,0.062956571093033861,0.023524167124155206,0.036356769514121666,1.0
Jeremy Hill,RB,CIN,11.010096555591634,6800.0,0.25098640515126003,0.27227812257941814,0.21345691936934888,0.14621545238260358,0.059418833616817046,0.032121384445640604,0.025522882454912185,1.0
Isaiah Crowell,RB,CLE,10.887192750938084,6400.0,0.27642056046048713,0.26468888496773302,0.21951061463353785,0.1085338831799976,0.06094566622852194,0.033338944629645595,0.036561445900076844,0.0
Mark Ingram,RB,NO,10.871214271028386,6600.0,0.28129657917971479,0.24396303381047732,0.20521504406851465,0.15454110548573635,0.05777457692159909,0.031156456904107815,0.026053203629850114,0.0
DeAndre Washington,RB,OAK,9.7380282177802666,5600.0,0.35417787538879508,0.2472163926119007,0.18826400568728477,0.110185669039165,0.051482327662833595,0.019336213776254302,0.029337515833766505,0.0
Tevin Coleman,RB,ATL,9.7236698574224718,6200.0,0.33380432386734554,0.27397961707521795,0.18119843805067246,0.11198455796156394,0.052406793827465568,0.026862747201267464,0.019763522016467652,0.0
Spencer Ware,RB,KC,9.5729594856658871,7000.0,0.31779818784272507,0.29998538351466242,0.19307900335744682,0.10489022363284728,0.038662956856811384,0.024781055061974304,0.020803189733532623,0.0
James White,RB,NE,9.534489869783469,6100.0,0.32763305436924106,0.2685628167784454,0.22183287114272315,0.099661622213781609,0.044193917717779217,0.019228858784568422,0.018886858993461278,0.0
Christine Michael,RB,GB,8.8561322209317623,7600.0,0.39726360051167803,0.2463462853320659,0.20541191470666059,0.071103118454941536,0.035430461986260639,0.01990993161563992,0.024534687392753603,0.0
Ryan Mathews,RB,PHI,8.7359293984951716,5800.0,0.40430439535647572,0.26979542788267441,0.16201036324755819,0.079510509350522077,0.04461407457487903,0.014728062234086688,0.025037167353804242,0.0
Chris Thompson,RB,WAS,8.5342265399341244,4900.0,0.43391152463891514,0.22754708578599039,0.1824235291648677,0.089826602913640391,0.027334613630937164,0.011723523013529831,0.027233120852119951,0.0
Jamaal Charles,RB,KC,8.2450222433594611,6800.0,0.44866559401022033,0.24490120977541907,0.16640264533561847,0.066347958049994132,0.034857390299425701,0.013026202375364195,0.02579900015395846,0.0
Zach Zenner,RB,DET,8.1166551789644572,5400.0,0.42505394198441154,0.2894966925492044,0.14416878369038308,0.077760650806500686,0.034893220406153835,0.0089544512286323808,0.01967225933471415,0.0
Mike Gillislee,RB,BUF,8.0859860339173117,5300.0,0.49955715760294817,0.21776649623867009,0.13241064628732105,0.072954853082298418,0.027996675707151038,0.011189304090547761,0.038124866991063384,0.0
T.J. Yeldon,RB,JAC,7.976805757365832,6300.0,0.46811530132850426,0.23162569253451462,0.16595773426062374,0.071780060398035625,0.028465672780528702,0.012495922289650066,0.021559616408143405,0.0
Devontae Booker,RB,DEN,7.7151087785212304,5600.0,0.48391200471808876,0.24794907398779945,0.14394460526199515,0.064337667074533367,0.024487936824603221,0.009118604129285739,0.026250108003694563,0.0
Bobby Rainey,RB,NYG,7.4907883148495573,4900.0,0.5178765576350205,0.22358455515172612,0.13270282670554415,0.059060006517509749,0.034746428009499696,0.010127230705320281,0.021902395275379634,0.0
Bilal Powell,RB,NYJ,7.4586492760685301,5400.0,0.50811090616033783,0.24260689912445882,0.12083303249855624,0.072652867263418949,0.024461824292906102,0.0080153781078956318,0.023319092552426954,0.0
Jerick McKinnon,RB,MIN,7.252616917781328,6500.0,0.54611911422177273,0.20653486748731129,0.12862329985023219,0.060660692068873263,0.022464797505180642,0.010987558327964886,0.024609670538665095,0.0
Jacquizz Rodgers,RB,TB,7.1235475595977391,5600.0,0.53821521479852252,0.23327263739902376,0.11787171548452174,0.047843158927360491,0.0331920955618989,0.0086920475763773587,0.020913130252294923,0.0
Matt Asiata,RB,MIN,7.0061115456051377,5400.0,0.58310500154358957,0.18350847425342098,0.10372546023635179,0.066716314087897299,0.034998894763405314,0.0076864434480578723,0.020259411667277023,0.0
Duke Johnson,RB,CLE,6.9992566404423631,5300.0,0.54900907677991051,0.22230008315244665,0.12312234728482374,0.053208647304318291,0.022886743969275029,0.0076276848224302064,0.021845416686795759,0.0
Jalen Richard,RB,OAK,6.9624671278322223,5100.0,0.56322830899475729,0.21423865612289578,0.10371908743219939,0.058512288806780562,0.034618409290790499,0.0067566865307335383,0.018926562821842879,0.0
Rashad Jennings,RB,NYG,6.8811775949658927,5800.0,0.59091575024557452,0.18827451120469479,0.1179890485082835,0.040823837119719271,0.021129925993910448,0.013762219729131211,0.027104707198686316,0.0
Derrick Henry,RB,TEN,6.621525453383847,5200.0,0.59905515511622298,0.20573844679117312,0.095950774138889264,0.046748002428593456,0.018402349840033944,0.0059150513274428907,0.028190220357644218,0.0
Rob Kelley,RB,WAS,6.5519565726326121,4900.0,0.62829138210632884,0.18076894042881397,0.096338177966156166,0.036041282040854911,0.019305838029962035,0.0023697642388444593,0.036884615189040126,0.0
Chris Ivory,RB,JAC,6.5406791590240134,5500.0,0.60501443649292252,0.19326365918231353,0.10840881630590196,0.041980231272267271,0.019591879174821334,0.0083800164812871097,0.023360961090486534,0.0
Darren Sproles,RB,PHI,6.1231273320306032,5100.0,0.62514476502890837,0.19935147470463588,0.091679060978463747,0.041962881515595601,0.020285931528747719,0.0035731743339575081,0.018002711909691115,0.0
Ty Montgomery,RB,GB,6.0844047849655665,5600.0,0.66203134734848579,0.15268993870777969,0.10181689899697939,0.038820287776370831,0.016553031020056539,0.003127328063397398,0.024961168086930604,0.0
Damien Williams,RB,MIA,6.0012694154927617,4700.0,0.65135223819310195,0.18502242367204652,0.085030434103848529,0.036114251184429985,0.01423618468138808,0.0024706294224924163,0.025773838742692925,0.0
Arian Foster,RB,MIA,5.9527253204550563,5600.0,0.68729726451395279,0.14285844421801433,0.082523298796556704,0.034895170143142258,0.018241364233756073,0.011473281799546471,0.022711176295030812,0.0
Alfred Blue,RB,HOU,5.4476429783035458,4500.0,0.71599923503462981,0.14458295823984205,0.073670163643757378,0.030490519366905822,0.0074424265836833241,0.0029543237698529557,0.024860373361328753,0.0
Paul Perkins,RB,NYG,5.4445362395449317,4500.0,0.67505323762642466,0.19979967036273988,0.06463364111487592,0.031801855006271355,0.007755287391988548,0.0018682830035464909,0.019088025494152911,0.0
Wendell Smallwood,RB,PHI,5.4237868843146178,5200.0,0.71453372560340545,0.15124256122198887,0.068057883083922119,0.029362691206572575,0.010059019789863968,0.0031745849457942171,0.023569534148453166,0.0
Andre Ellington,RB,ARI,5.2532065589676993,4500.0,0.71950273622492211,0.16037641801551977,0.054753900902264001,0.033617891147025271,0.0093274893651687108,0.002097804780938742,0.020323759564161176,0.0
Kenneth Dixon,RB,BAL,5.2261458542453205,5300.0,0.71719106762172447,0.15392191510486772,0.06556840468496998,0.032962856081298383,0.012309202051959621,0.0035050226907650034,0.01454153176441505,0.0
Javorius Allen,RB,BAL,5.1070157002356247,5100.0,0.74780623090699039,0.12666730137455648,0.06779686755359042,0.025863979442585082,0.0087306448785172148,0.0024998381739210194,0.020635137669839754,0.0
Orleans Darkwa,RB,NYG,4.976934938201822,4800.0,0.76531417805694779,0.12596017604146414,0.045605065696027187,0.031656045930541561,0.0072365609893491325,0.002119685266021052,0.02210828801964914,0.0
Jamize Olawale,RB,OAK,4.8992246930081809,4500.0,0.76439577775196466,0.14215008770453011,0.037811706492549016,0.01822783637390734,0.013581779531433968,0.0012349788546364598,0.022597833290979554,0.0
Ka'Deem Carey,RB,CHI,4.8390938516742033,4500.0,0.77649922461174037,0.11304133111392975,0.05589232301142711,0.024425413296166067,0.0097115561368976248,0.001283772087989839,0.019146379741849084,0.0
Latavius Murray,RB,OAK,4.7151872348518982,5900.0,0.78182576641578472,0.10940943007086262,0.058620316874647797,0.022406813497036472,0.010689438205264992,0.0029362248323820061,0.014112010104021831,0.0
Kyle Juszczyk,RB,BAL,4.6827954008719939,4500.0,0.76055298810090866,0.14147137649672739,0.058202362309003761,0.020519565346857397,0.0027917662908864614,0.00069693440397513976,0.015765007051641515,0.0
Joique Bell,RB,DET,4.6424494499725002,4600.0,0.80917638449819151,0.097051740928114194,0.042342794335043919,0.016854780231689147,0.01060268990053294,0.0013586703951246615,0.022612939711303896,0.0
Kenyan Drake,RB,MIA,4.6199007345538599,4700.0,0.79548194589257126,0.11350317174614952,0.045990454088054744,0.016962256043088778,0.0051674588411557898,0.0012507823558280855,0.021643931033151268,0.0
Benny Cunningham,RB,LARM,4.6149970168226266,4500.0,0.8165016968715535,0.098071552587032124,0.041387734814685315,0.0096513521092627536,0.0038156042374663623,0.00052165206635459147,0.030050407313645531,0.0
Mike Davis,RB,SF,4.5792087182065222,4500.0,0.80103731761121444,0.11165351802462546,0.043336973228369428,0.015578975833289677,0.0047794081901199412,0.0012200182205932865,0.022393788891788391,0.0
Travaris Cadet,RB,NO,4.4651193940280374,4800.0,0.81209550609435344,0.10634211061729427,0.040851171232926288,0.013253873621044011,0.0042481893266713231,0.0017562810983185728,0.021452868009392344,0.0
Reggie Bush,RB,BUF,4.4466487575261571,4900.0,0.81524367302556633,0.10449707438514803,0.038124938027652676,0.013688287982837447,0.0048944151461114572,0.0034301318537509765,0.020121479578933073,0.0
Shaun Draughn,RB,SF,4.3760496025133531,4500.0,0.81583377837925941,0.11486170552340104,0.032164290728808213,0.010560033694190464,0.0029319803792646026,0.00073450833064829112,0.022913702964427983,0.0
Alex Collins,RB,SEA,4.2619039935325533,4500.0,0.83057246163339726,0.099329605633717108,0.034476017213414249,0.011559469115698738,0.0023379929647932424,0.00076011194244772051,0.020964341496531889,0.0
Robert Turbin,RB,IND,4.1923644463694494,4500.0,0.82600792490340913,0.10765828500576857,0.033192713942543729,0.011677579810249732,0.0034578172817679134,0.00098116402698668228,0.017024515029273816,0.0
Dexter McCluster,RB,SD,4.1201258426959022,4500.0,0.83404231390747019,0.10295903281109015,0.030180437798794622,0.011628016893550881,0.0044109227607692821,0.00059184965156009882,0.016187426176764729,0.0
Josh Ferguson,RB,IND,4.0833564042040598,4500.0,0.82987227237305095,0.10565724841138448,0.032402659317302657,0.014954361053587144,0.003535634235216216,0.00070184417885673657,0.012875980430601851,0.0
Stepfan Taylor,RB,ARI,4.0305913726206786,4500.0,0.86545326587247684,0.078522883269584523,0.022540182246535638,0.0087041944256011899,0.0012741551041087877,0.00098583397517764608,0.022519485106515809,0.0
Aaron Ripkowski,RB,GB,3.9899439555820919,4500.0,0.84357123313335058,0.099144259365999049,0.025947961875133426,0.01342507744142449,0.0033355202908587804,0.000941577862383029,0.013634370030850582,0.0
Justin Forsett,RB,DEN,3.9891851049641645,5200.0,0.85352685517537696,0.088001726355230875,0.027385729779861503,0.010475308440365851,0.0032117664862202026,0.0015334304314936001,0.01586518333145116,0.0
Charcandrick West,RB,KC,3.9857390112194486,4700.0,0.86271588492661844,0.077486998710671398,0.025971305417562818,0.012659347117562288,0.0024941364496965518,0.0010710149397703934,0.017601312438118098,0.0
Kenjon Barner,RB,PHI,3.9769653090325052,4900.0,0.85819043683197249,0.082095987003467041,0.027784483843753163,0.012126782297796771,0.0022114503989320777,0.0012257526200688369,0.016365107004009966,0.0
Jerome Felton,RB,BUF,3.9647177790127657,4500.0,0.85866554029857345,0.086350501319091708,0.024556556206463385,0.0094277971351523302,0.0026589585917724699,0.00043565708011301317,0.01790498936883423,0.0
Patrick DiMarco,RB,ATL,3.9534986594812289,4500.0,0.84179103486382534,0.10750218220001585,0.022068314130186312,0.0065199534612465238,0.0094345048397823546,0.00045535105943106949,0.012228659445512755,0.0
John Kuhn,RB,NO,3.9405706417867452,4500.0,0.87265443283151312,0.071760247674602526,0.020517139650387851,0.0087166881670689925,0.008517067551762009,0.00054832675774075797,0.017286097366924911,0.0
Rex Burkhead,RB,CIN,3.8998637666430942,4500.0,0.87047233824838577,0.076878246819359591,0.022516351634580708,0.0085213513014158349,0.0024723683579670943,0.001198305163276122,0.017941038475015544,0.0
Malcolm Johnson,RB,CLE,3.8418691739834916,4500.0,0.88098293956787244,0.066888066271758431,0.022137398445553402,0.0085222022278813609,0.0012909355662156605,0.0031195691995612234,0.017058888721156993,0.0
Malcolm Brown,RB,LARM,3.7661295118720548,4500.0,0.88172598773818234,0.068475460760935108,0.019377563969444712,0.013201811154846844,0.0018522258060152392,0.00060280114850060713,0.01476414942207421,0.0
Tim Hightower,RB,NO,3.7574579627657094,4500.0,0.8855069191713526,0.067351294142024329,0.020672981156431059,0.0064142286966998334,0.0023931857315194443,0.00054675672049391965,0.017114634381478283,0.0
Derek Watt,RB,SD,3.7139729708142051,4500.0,0.88144795469038872,0.073431684086591273,0.020141389584735582,0.0070684853514980436,0.0030719729427356899,0.00057570243665633391,0.014262810907393881,0.0
Kapri Bibbs,RB,DEN,3.6972611829386803,4500.0,0.88989154042279484,0.066443423929808329,0.017191190048853708,0.0076265621019885529,0.0024100454549137234,0.00049032189070837831,0.015946916150932026,0.0
Zach Line,RB,MIN,3.678730114085055,4500.0,0.89290489917290627,0.065545950485562762,0.016274582276413724,0.0061569762323470277,0.0017631401048735283,0.0004510117128277278,0.016903440015068775,0.0
Peyton Barber,RB,TB,3.6747801215421645,4500.0,0.88535714601695548,0.072345488442442069,0.017935561321023454,0.0068628798183164724,0.0026082782846704768,0.00071435941835880205,0.014176286698233597,0.0
Kenneth Farrow,RB,SD,3.6714348754795494,4500.0,0.89236181759076105,0.064001537668248551,0.019751584754169504,0.0057343133270539382,0.0013502761904727561,0.0006832232494286462,0.016117247219865568,0.0
Jay Prosch,RB,HOU,3.5461643588568252,4500.0,0.90531612891971291,0.050161171244685054,0.023731788667870249,0.0059930039037181622,0.00069992451112425294,0.00053831630566092848,0.013559666447228216,0.0
Tyler Ervin,RB,HOU,3.516328437555944,4500.0,0.91115262896746607,0.048792078172684154,0.018877701441282778,0.0054718924721278194,0.00041002127310027411,0.00050630728636306293,0.014789370386975306,0.0
Knile Davis,RB,KC,3.4771323116020176,4500.0,0.90918637761761922,0.051124922419694956,0.021347708310655682,0.0040110172660322548,0.0011214690306393441,0.00051205963406072334,0.01269644572129832,0.0
George Atkinson,RB,CLE,3.4698600145969904,4500.0,0.91147733992913538,0.055040043355569869,0.013946768002625384,0.0039951213719973608,0.00038836376024507162,0.00066050591411130589,0.014491857666315206,0.0
Brandon Bolden,RB,NE,3.4683678754189655,4500.0,0.91279763911535261,0.051372087793051559,0.016699076948723305,0.0036683064018009142,0.00074124196442151922,0.00050484281201474519,0.014216804964635716,0.0
Andy Janovich,RB,DEN,3.4582140878333849,4500.0,0.91165132797789761,0.051565346242156376,0.016648472125523422,0.005639990180115022,0.0013849462957926564,0.00059579354026286619,0.012514123638252803,0.0
Chase Reynolds,RB,LARM,3.4166464841001725,4500.0,0.93078086205738375,0.036524057221796503,0.011620590019915528,0.0032729146590744396,0.0004244113056298627,0.00060260028442333028,0.016774564451776549,0.0
Fitzgerald Toussaint,RB,PIT,3.4053985128033006,4500.0,0.91948275018136538,0.048340560504310334,0.013709230618406185,0.003663139280857701,0.00033741753236104735,0.00070217959335011593,0.01376472228934917,0.0
James Develin,RB,NE,3.4050640718103709,4500.0,0.91787713023364825,0.051164350136160101,0.012944023106625424,0.0031547941329830766,0.00050912584059390983,0.00054614354905995518,0.01380443300092902,0.0
C.J. Prosise,RB,SEA,3.3723376361200148,4800.0,0.92334136984567494,0.045607773731314277,0.012992129515735168,0.0035274192409248482,0.00046601209718567544,0.00066348856658190992,0.013401807002583307,0.0
Antonio Andrews,RB,TEN,3.3690544672021874,4500.0,0.92312444035778118,0.046207836828766356,0.013177644598388209,0.0029628701415195203,0.00038422120465896081,0.0007380949840393601,0.013404891884846675,0.0
Jalston Fowler,RB,TEN,3.3690544672021874,4500.0,0.92312444035778118,0.046207836828766356,0.013177644598388209,0.0029628701415195203,0.00038422120465896081,0.0007380949840393601,0.013404891884846675,0.0
DuJuan Harris,RB,SF,3.3596118466599516,4500.0,0.92532042847061924,0.044214985594660826,0.012837507359586135,0.0029969700872932415,0.00038781436306768735,0.00072314033800988445,0.013519153786762689,0.0
Troymaine Pope,RB,SEA,3.3495430709816287,4500.0,0.92705255850258284,0.042895189236000095,0.012317243428971874,0.0031359118143534682,0.00036401206707746705,0.00067526519372083872,0.013559819757293446,0.0
Kerwynn Williams,RB,ARI,3.3441365322762078,4500.0,0.92811474192290566,0.041712623237187205,0.012495049833037534,0.0030801274445357994,0.00037828919853130226,0.00070236662697965543,0.013516801736822837,0.0
Ryan Hewitt,RB,CIN,3.3434261124706635,4500.0,0.9249986741379419,0.044949708808653767,0.012953392918530468,0.003095995277145483,0.00053679058308244809,0.00075451273370038619,0.012710925540946076,0.0
Lorenzo Taliaferro,RB,BAL,3.3341586881339471,4500.0,0.92769753565264579,0.042610474790189923,0.012504299287536113,0.0030045000137545849,0.00040735628969621775,0.00064878781244955008,0.013127046153727831,0.0
Ronnie Hillman,RB,SD,3.3309914704459116,4500.0,0.92796052802236362,0.042219387586866927,0.01269178405602708,0.0030040772849122578,0.00043426328325638905,0.00075912338682090311,0.012930836379752968,0.0
Jordan Todman,RB,IND,3.3276196838378773,4500.0,0.92620415096302333,0.044364829043062728,0.012781247344326733,0.0029118920907526893,0.00053357387534350143,0.000734234786976678,0.012470071896514419,0.0
Michael Burton,RB,DET,3.3257789552272667,4500.0,0.92880867734311312,0.040002991471073661,0.014434661449110563,0.0030917500752175959,0.00035557243070010982,0.0006035468482676298,0.012702800382517971,0.0
Don Jackson,RB,GB,3.3239749194816937,4500.0,0.92867281132197077,0.041719746509290875,0.01256988283630504,0.0030602651291026218,0.00042251340626009686,0.0006943016525800419,0.012860479144490655,0.0
Roosevelt Nix,RB,PIT,3.3224197530773214,4500.0,0.92950535182854366,0.040917840810699123,0.01233397380935668,0.003178164982814874,0.00040688374726259146,0.00069297939336275993,0.012964805427960456,0.0
Antone Smith,RB,TB,3.3206671610523926,0.0,0.92866834009737631,0.041962551922016748,0.012487437154623597,0.0029926558492847474,0.00041947922154015905,0.00067457390888632496,0.012794961846272006,0.0
Denard Robinson,RB,JAC,3.3184187198800874,4500.0,0.92851360944723438,0.04202053781934055,0.012598553461801132,0.0032394945887052429,0.00038847192915785134,0.00057462343274629444,0.012664709321014753,0.0
Anthony Sherman,RB,KC,3.3146571394213353,4500.0,0.9285996027024096,0.042043212154619904,0.012643726204567926,0.0031388845550930607,0.00041828938454805607,0.00066993358327478996,0.012486351415487046,0.0
