name,pos,team,expectation,salary,prob_0_5,prob_5_10,prob_10_15,prob_15_20,prob_20_25,prob_25_30,prob_30+,label
Rob Gronkowski,TE,NE,12.870933937011916,8500.0,0.17761368040260656,0.23469719506393136,0.21044257566646601,0.18618525651281789,0.11623672214493708,0.060838615648501244,0.013985954560740275,1.0
Delanie Walker,TE,TEN,10.823675289605388,6500.0,0.24497402418388195,0.28192909306437131,0.19057088921963466,0.18496788053587213,0.053299631883298504,0.036078739971662929,0.0081797411412787846,1.0
Martellus Bennett,TE,NE,10.222792871719157,5800.0,0.23654713113519876,0.33167485666552082,0.21540217434636738,0.13242786127809808,0.047924287277694232,0.027370229593855142,0.0086534597032659737,1.0
Zach Miller,TE,CHI,9.2887406645365189,5500.0,0.27163634019681476,0.35438666390061985,0.21022808825492059,0.10255905151440751,0.037863585482903021,0.018564642136776929,0.0047616285135574365,1.0
Hunter Henry,TE,SD,9.2845624215419296,5800.0,0.25847929836185107,0.37089945981049838,0.2081172424134986,0.10955489720329803,0.029453139979177308,0.019614977574409252,0.0038809846572677451,1.0
Dennis Pitta,TE,BAL,9.1382308037866018,5300.0,0.28800548647380597,0.30320230225546646,0.27267142381993825,0.091774923045076784,0.024096739413844291,0.016153352250517884,0.0040957727413508281,1.0
Antonio Gates,TE,SD,8.1593952839217589,5500.0,0.35274908288025242,0.34274296020602213,0.18278661593081647,0.08163813674182463,0.026016550209218638,0.011233998368520091,0.0028326556633458382,0.0
Jesse James,TE,PIT,7.9748798161415442,5400.0,0.42914288585108679,0.2587258487995826,0.17503239657259137,0.090653124263239029,0.021759311378497445,0.022182074931789829,0.0025043582032134048,0.0
Gary Barnidge,TE,CLE,7.8225497152468515,5200.0,0.38243310429020999,0.3460641717561615,0.15237236428348824,0.08039372774962017,0.025820356416085103,0.009811571310530497,0.0031047041939044773,0.0
Jimmy Graham,TE,SEA,7.5362559879871762,6700.0,0.487031279186874,0.2578069923381508,0.1378237209598667,0.059933607320945347,0.013495391007352489,0.030262788244643655,0.013646220942167192,0.0
Charles Clay,TE,BUF,7.5254591121436762,5100.0,0.39315803319454368,0.37360301477136776,0.13164455339812428,0.065061950640524432,0.018508323527855058,0.012117502807450199,0.0059066216601345476,0.0
Coby Fleener,TE,NO,7.4733543647404801,5900.0,0.48049538264904085,0.26230000219560351,0.14300994044029297,0.069034037432263648,0.010600831877790212,0.018528790045733948,0.016031015359274658,0.0
Tyler Eifert,TE,CIN,7.4493680563081002,6000.0,0.579874638170643,0.11904747977808743,0.056028205941386612,0.23082236480760504,0.0076765823023476482,0.0046556283539974774,0.0018951006459332741,0.0
Zach Ertz,TE,PHI,7.4450921437434445,5100.0,0.42133701775692201,0.3176036325609824,0.16489321328479908,0.06183408867344619,0.022297303130796649,0.0075259658535088928,0.0045087787395444332,0.0
Travis Kelce,TE,KC,7.2916300599920429,6300.0,0.48183148368740608,0.27595358771923001,0.14618941266948651,0.049079927007284904,0.013191145448060096,0.019609764279566962,0.014144679188965505,0.0
C.J. Fiedorowicz,TE,HOU,6.9501527385532347,5100.0,0.4548550572296553,0.32735721271936885,0.12950949944515106,0.064511338686944905,0.014280617764005136,0.0057752886817104988,0.0037109854731643349,0.0
Julius Thomas,TE,JAC,6.7697124741819685,5500.0,0.5178298903224855,0.27777205348718798,0.1239700212369392,0.040432128661851141,0.011278606100595782,0.016561908502483319,0.012155391688457539,0.0
C.J. Uzomah,TE,CIN,6.539157406118461,4800.0,0.5491055834697357,0.20793174951322613,0.16354390741436986,0.054294540149922126,0.018629112366026903,0.0045375660638819143,0.0019575410228373489,0.0
Jacob Tamme,TE,ATL,6.4311075416502188,5200.0,0.54146281676918917,0.26421492327072638,0.11943703219263084,0.043888324431309834,0.01522704406613256,0.0079631427596520855,0.0078067165103593121,0.0
Richard Rodgers,TE,GB,6.2875874723960825,5000.0,0.53319443880496653,0.31916707451703796,0.079739846087571731,0.033078319480642757,0.010801971256798966,0.013127593150983462,0.010890756701998993,0.0
Cameron Brate,TE,TB,5.964173843620177,5200.0,0.5919651062237552,0.21834268899628359,0.12476373385323848,0.042444129276280017,0.017975589320405352,0.0023846821562882102,0.0021240701737495738,0.0
Kyle Rudolph,TE,MIN,5.9139369423583208,5400.0,0.58010491518574625,0.22697096770611103,0.13349433111664638,0.05147811449803711,0.0061640938706461045,0.0012548099951498551,0.00053276762766383634,0.0
Jack Doyle,TE,IND,5.9087919059508058,4700.0,0.6108424397867257,0.19875884157422152,0.12035854155628392,0.052052282157102239,0.0056316064967981035,0.011144460495183715,0.0012118279336852278,0.0
Will Tye,TE,NYG,5.6906799225728015,4800.0,0.6007169701256504,0.24206687048167891,0.098050630002404118,0.042847168168232745,0.011377661826525769,0.0041325625690209894,0.00080813682648721654,0.0
Lance Kendricks,TE,LARM,5.5579465199273965,4500.0,0.62018639704150147,0.22100534148128739,0.11011522662394736,0.037357219778286842,0.0031268573205153268,0.0050558698430825917,0.0031530879113788541,0.0
Vernon Davis,TE,WAS,5.4952426892869468,4500.0,0.64342685933791499,0.20336057328582313,0.093051751770691513,0.038987150338565958,0.014555756385656695,0.0057442821712714014,0.00087362671007708932,0.0
Larry Donnell,TE,NYG,5.4524655777879278,4800.0,0.65838146666277908,0.19523952862205601,0.08401556682077585,0.039415545415526311,0.011937776650177026,0.0068940282931800522,0.0041160875355062245,0.0
Clive Walford,TE,OAK,5.1780076737193044,4800.0,0.65830229015090447,0.22272584444069934,0.075233776245438311,0.027819498011655858,0.0057946834637384124,0.0066896600311990512,0.0034342476563644021,0.0
Tyler Kroft,TE,CIN,4.8928572834599189,4500.0,0.72226148067738893,0.14276672549183866,0.097346069513956052,0.020957913772141078,0.01135248847037596,0.0011471310057591822,0.0041681910685400234,0.0
Ryan Griffin,TE,HOU,4.8532911606119011,4500.0,0.66454534966969614,0.24566158125838927,0.066169131979383677,0.012778867578754842,0.0048943138010575891,0.0026235887786306392,0.0033271669340885048,0.0
Levine Toilolo,TE,ATL,4.754550673287274,4500.0,0.75188435285254895,0.14143969400974646,0.052630869264542628,0.038936914355477859,0.0013005896294882452,0.0050357791593590561,0.0087718007288370842,0.0
Crockett Gillmore,TE,BAL,4.6055073043777011,4800.0,0.74120356567814683,0.13646240561129658,0.094785275744742326,0.019365956191204993,0.0060571678682313987,0.00071641610882304009,0.0014092127975543892,0.0
Xavier Grimble,TE,PIT,4.3365982912351102,4500.0,0.71947102067045521,0.22047347324859709,0.042966286910608324,0.012592979753154043,0.0022712804592419852,0.00027512209723402485,0.0019498368607089452,0.0
Garrett Celek,TE,SF,4.3269906878672133,4700.0,0.82608572448730011,0.076359505154592319,0.042480878635123481,0.034998355896752084,0.0049309632647924033,0.012721178166787701,0.0024233943946521401,0.0
Erik Swoope,TE,IND,4.2039339850464703,0.0,0.80193717489596372,0.10440880774495905,0.074009859433625688,0.0086088986079055577,0.00082896848379208476,0.0047501265208029029,0.0054561643129513752,0.0
David Johnson,TE,PIT,4.1856518660636919,4500.0,0.7726465945576424,0.17882885297426895,0.027717369626327724,0.008502447244815985,0.00084646932965509486,0.00033677920309441194,0.011121487064195926,0.0
Anthony Fasano,TE,TEN,4.1811093085544444,4500.0,0.7963751199821244,0.10698644408382939,0.071947932760602615,0.01622302658388447,0.0067721852585349851,0.00095844155439857965,0.00073684977662584017,0.0
Blake Bell,TE,SF,4.1159124308891908,4500.0,0.88202661405132432,0.056204467767268534,0.012771826472843115,0.0016100880218179693,0.0024960866922499672,0.043447470555862441,0.0014434464386334481,0.0
Marqueis Gray,TE,MIA,4.0569112140866848,4500.0,0.78246027937435192,0.15816694838041617,0.035655392768116058,0.018310987888138047,0.0029118716176459118,0.00059354736531582776,0.001900972606017112,0.0
Jerell Adams,TE,NYG,4.006549760901648,4500.0,0.79942110554260504,0.12987337486721037,0.048053225694362899,0.019882568191759979,0.00080006724321078648,0.00021375174617096335,0.0017559067146793663,0.0
Brent Celek,TE,PHI,3.9750817842808006,4500.0,0.81504796500606047,0.12388925249588791,0.034093580900620056,0.017462678959018808,0.0016786285392710887,0.0046959467463505494,0.0031319473527905923,0.0
John Phillips,TE,NO,3.916886385841468,4600.0,0.82099167439345788,0.11797457751356326,0.040318158121313792,0.0098508018069463008,0.0039591638232290014,0.0036728236808895118,0.0032328006606000353,0.0
Josh Hill,TE,NO,3.722047704124821,4500.0,0.84811256130315071,0.10049629592504787,0.032310017440288184,0.0095710698471786551,0.0012392322471828606,0.0054248530349434061,0.0028459702022085257,0.0
Austin Hooper,TE,ATL,3.551900401169894,4500.0,0.84982348541944597,0.11415439258310799,0.024720454553908047,0.0072653141563052987,0.00029124251319737597,0.00034623600658893077,0.0033988747674468427,0.0
Nick O'Leary,TE,BUF,3.5461785111972528,4600.0,0.87206702631896593,0.082637260143239744,0.023968645625055934,0.01466113154939672,0.0032864911577698132,0.00028973484625701031,0.0030897103593145467,0.0
Vance McDonald,TE,SF,3.5333183617771353,4500.0,0.8727875376684584,0.08177172316181533,0.030209056055071307,0.0063920281520841284,0.0028879702465047122,0.0032933860088169295,0.0026582987072482573,0.0
Virgil Green,TE,DEN,3.4770898012897109,4500.0,0.87306609115011435,0.084439951852469108,0.029848388349073485,0.0065796616903861186,0.0029921006902998357,0.0002705979098663315,0.0028032083577902971,0.0
Mychal Rivera,TE,OAK,3.4533373748393834,4500.0,0.86696387492511728,0.09979984190976024,0.023156716378278094,0.0050288843117465088,0.0010465508936354187,0.0004970076584875666,0.0035071239229755463,0.0
Phillip Supernaw,TE,TEN,3.4260103086572418,4500.0,0.87970686448378022,0.077098429797584092,0.03200040237542745,0.007003181129594277,0.0014911457610694027,0.00028076412772878466,0.0024192123248161219,0.0
Clay Harbor,TE,DET,3.3910333544106432,4500.0,0.85576757410425075,0.1193466033791008,0.021117865445584388,0.0016603227036374422,0.00071065993658503044,0.00018640336391012027,0.0012105710669316789,0.0
Connor Hamlett,TE,CLE,3.3153043065912464,4500.0,0.88772790227552889,0.075946851129627194,0.028071339779781199,0.0058217227758091319,0.00084307286441690735,0.00013023452831654816,0.0014588766465203045,0.0
Demetrius Harris,TE,KC,3.2611561595390675,4500.0,0.89067376535168818,0.082225741144435704,0.020170645841711052,0.0038394648090946991,0.00067046841614310285,0.0001770085679485804,0.0022429058689779433,0.0
Trey Burton,TE,PHI,3.2565600872797487,4500.0,0.89670920024840495,0.063706249104966736,0.035616418658521394,0.001904446100689025,0.00096750133521106491,0.00022374146554458897,0.00087244308666243589,0.0
Jermaine Gresham,TE,ARI,3.221625268037835,4500.0,0.89511512951267924,0.07930872298546679,0.018897947693484064,0.003950763095498808,0.00087435562552154412,0.00011620241415130144,0.001736878673198885,0.0
Brandon Myers,TE,TB,3.1691216844986458,4500.0,0.90696445706291096,0.063829316167345565,0.023390227992725287,0.0034665691378113479,0.0007009031319653911,0.0004694516609557436,0.0011790748462859478,0.0
Brandon Bostick,TE,NYJ,3.1368593411795884,4500.0,0.92006086229820505,0.056172647948647896,0.01449338957235825,0.0047103186207137129,0.00042138720312068153,0.0003487512348492619,0.0037926431221050926,0.0
Justin Perillo,TE,GB,3.1331032213078922,4500.0,0.90715395009350575,0.068159806125858091,0.02018979882671075,0.0024785900728197885,0.00086298289676052054,0.00020875281429361836,0.00094611917005072799,0.0
Niles Paul,TE,WAS,3.0801670259992235,4500.0,0.92489698083731264,0.055811581376628103,0.013108084608722606,0.00099672666544654647,0.00071460592318556987,0.00060738860659289228,0.0038646319821115517,0.0
Darren Fells,TE,ARI,3.057140058574209,4500.0,0.91745405088496257,0.063053601299765283,0.01575041296509485,0.0016896505544010422,0.00050121041507911754,0.00018812604210997468,0.0013629478385872725,0.0
Luke Stocker,TE,TB,2.9811535655766237,4500.0,0.93524027650956476,0.049178960061230313,0.010686174560680774,0.00061120688676460846,0.00099569220835279406,0.0010046460587444443,0.0022830437146624111,0.0
James O'Shaughnessy,TE,KC,2.9729979765867651,4500.0,0.93729592800103123,0.046844645825284005,0.010880379767429661,0.00067040093741233995,0.0010303115979020305,0.00096495293849953637,0.0023133809324410509,0.0
Stephen Anderson,TE,HOU,2.9717617531662865,4500.0,0.93122561984154251,0.056465830721341863,0.0083627408162435593,0.00054963247336460477,0.00064019837425625665,0.00064167210921269177,0.0021143056640379014,0.0
Marcedes Lewis,TE,JAC,2.9660766013201085,4500.0,0.93811595268750725,0.046523015359378535,0.010487517383502952,0.00060575923139661366,0.00097771725186299565,0.00093074941686125334,0.0023592886694906241,0.0
Logan Paulsen,TE,CHI,2.9623742026908229,4500.0,0.93886882447600672,0.044923305249955983,0.011519955477164822,0.00063166771968422978,0.00086705765334773059,0.0010542271290193627,0.0021349622948213009,0.0
Randall Telfer,TE,CLE,2.9464254699939967,4500.0,0.93970874982265684,0.045896736609528019,0.0099255353075276675,0.00058634224035547663,0.00090199192582712893,0.00080259617455918746,0.0021780479195454261,0.0
Nick Vannett,TE,SEA,2.9413808341326066,4500.0,0.93833740774514207,0.048109264242042364,0.009528990365186351,0.00056356091956716314,0.00077408271539656018,0.00076106856566920337,0.00192562544699582,0.0
Rhett Ellison,TE,MIN,2.9377090418214307,4500.0,0.93812093422642306,0.049248849065237986,0.0087428828379878618,0.00053875495362895641,0.00064327849967354056,0.00064442529821261997,0.0020608751188351698,0.0
Jeff Heuerman,TE,DEN,2.9285403449397847,4500.0,0.94233928113247867,0.043472847777904958,0.010005641479547991,0.00050772945011985171,0.0008247017446884852,0.00074783118489789844,0.0021019672303620313,0.0
Khari Lee,TE,DET,2.911661684757362,4500.0,0.94450375632444472,0.041285548688785034,0.010168317549823041,0.00062525639349478572,0.00094414003357743152,0.00067770181062630584,0.0017952791992485782,0.0
Cole Wick,TE,DET,2.911661684757362,4500.0,0.94450375632444472,0.041285548688785034,0.010168317549823041,0.00062525639349478572,0.00094414003357743152,0.00067770181062630584,0.0017952791992485782,0.0
Sean McGrath,TE,SD,2.907556548818067,4500.0,0.94502700729941091,0.040670564509439851,0.010361649036524539,0.00057493689357363356,0.00099460716901632611,0.00066588018259022158,0.0017053549094442027,0.0
Brandon Williams,TE,SEA,2.896303174664538,4500.0,0.9469381165245071,0.039467108772876333,0.0096796796447560889,0.00061752442958101024,0.00075085996143566479,0.00065031039896586336,0.001896400267877574,0.0
Kellen Davis,TE,NYJ,2.8842456467128659,4500.0,0.94684440604485365,0.040206804933440345,0.0096067387003098605,0.00056249264624559973,0.00058977524718654127,0.00056754513382246301,0.0016222372941412193,0.0
Tyler Higbee,TE,LARM,2.8766564789114324,4500.0,0.94873775469378951,0.037908310746916418,0.0097849780334553476,0.00078938194819133038,0.00069982816040504027,0.00055518748653690165,0.0015245589307047842,0.0
Cory Harkey,TE,LARM,2.8766564789114324,4500.0,0.94873775469378951,0.037908310746916418,0.0097849780334553476,0.00078938194819133038,0.00069982816040504027,0.00055518748653690165,0.0015245589307047842,0.0
Ifeanyi Momah,TE,ARI,2.8653087333328195,4500.0,0.95134694935618036,0.03569147934817813,0.0091885509208480074,0.00050731172123776719,0.0011901845978284599,0.00052027629370770688,0.0015552477620191267,0.0
