name,pos,team,expectation,salary,prob_0_5,prob_5_10,prob_10_15,prob_15_20,prob_20_25,prob_25_30,prob_30+,label
Sam Bradford,QB,MIN,34.753641006411705,7300.0,3.2490670635658625e-06,7.9299659730895186e-05,0.0058221963331706646,0.0035053835075180158,0.0030543765149748871,0.0018065763934721514,0.98572891852406985,6.0
Brian Hoyer,QB,CHI,28.371964714423449,6700.0,0.00020941026050864603,0.0060200132683860662,0.24444431693708993,0.027831228739600727,0.0088447605073466856,0.047743459581338077,0.66490681070572988,6.0
Jameis Winston,QB,TB,27.810621318063312,7500.0,0.012755325808819289,0.0011927974553215209,0.12487324587195427,0.032595421412596394,0.26642167564014663,0.0042253081049978833,0.55793622570616408,6.0
Drew Brees,QB,NO,25.311384085083859,8500.0,0.010899791828051153,0.0886787927912501,0.060037897428979504,0.27530022779911789,0.0073208517447568046,0.08474514043987158,0.47301729796797293,6.0
Eli Manning,QB,NYG,24.4108930931164,7700.0,0.00028369169016443052,0.029843505690907303,0.36247390311484312,0.022793301543853627,0.021342588096814913,0.12504834295222828,0.43821466691118832,6.0
Landry Jones,QB,PIT,23.612542657265827,6200.0,0.0012499109122218505,0.046052080769360827,0.28957526602320627,0.053088952533120806,0.15735381502184509,0.089197356573963243,0.36348261816628197,6.0
Tom Brady,QB,NE,23.146359576372511,9100.0,3.0630812169287445e-06,0.07071303895386219,0.18779654595763862,0.019981491721893858,0.017946580201660709,0.68126688807412772,0.022292392009599947,5.0
Marcus Mariota,QB,TEN,22.194443161953238,7900.0,0.011886231843214211,0.025161339677854923,0.29378779355096529,0.18179525162516538,0.11532633267241381,0.065879472701200939,0.30616357792918547,6.0
Kellen Clemens,QB,SD,20.911467162727334,5000.0,0.026353259746069169,0.27792873936213019,0.11609129875551399,0.030548742988678355,0.060676294091766676,0.22452008834917619,0.26388157670666545,1.0
Kirk Cousins,QB,WAS,20.32063795862728,7300.0,0.056681118959297602,0.020426086335812953,0.1324153039326014,0.20140116141074133,0.3943173509573597,0.11235690010962543,0.082402078294561629,4.0
Philip Rivers,QB,SD,20.159993433996444,7800.0,0.021846189467725805,0.093576219670637353,0.22228341936003093,0.087772936595806969,0.22259965601091233,0.2982347121594961,0.053686866735390498,5.0
Matt Ryan,QB,ATL,19.690223931603111,8700.0,0.014327525516370775,0.028375000803302877,0.15264926636225187,0.44473274038113025,0.19054231113135608,0.061947817074882616,0.10742533873070576,3.0
Aaron Rodgers,QB,GB,18.56282533700201,8600.0,0.014545927089342782,0.069815772874705043,0.44955125016396613,0.088671039713135849,0.030988926035491887,0.26539871725695896,0.081028366866399221,2.0
Ryan Tannehill,QB,MIA,18.455740889517347,7200.0,0.0094703908112179162,0.13550604952231637,0.27721909940375178,0.15861143032218625,0.21603439805033237,0.10619937392033857,0.09695925796985673,2.0
Derek Carr,QB,OAK,18.432590707356592,8300.0,0.0752187461574019,0.033723735681881202,0.1282184286679853,0.3792456329702738,0.22162933524665568,0.12044231982446119,0.041521801451340948,3.0
Joe Flacco,QB,BAL,17.043380683949827,7600.0,0.078983005046105892,0.19996446302119644,0.018479974774292331,0.14147458120876535,0.55831864135825804,0.0026748397887510328,0.00010449480263096619,4.0
Andy Dalton,QB,CIN,16.540931778505811,8100.0,0.079988796361828554,0.020145199266031113,0.27446951321110752,0.33953180400476851,0.25354943724810985,0.0024934369312217433,0.029821812976932763,3.0
Tyrod Taylor,QB,BUF,16.505650595279565,7700.0,0.052936456909933378,0.051998352351100771,0.4122384661833467,0.14617795941019832,0.24689974100213669,0.05656444322158001,0.03318458092170417,2.0
Matthew Stafford,QB,DET,16.373933730480026,7900.0,0.015916196098228624,0.088651466497144171,0.3082203785555116,0.33626469381230667,0.20865873929467404,0.032406622301102715,0.0098819034410319584,3.0
Blake Bortles,QB,JAC,16.291551504874086,7400.0,0.062272742146554365,0.028484997648097626,0.088784928156803708,0.74557262104362543,0.066235755128324206,0.0037490998859514963,0.0048998559906432851,3.0
Kevin Hogan,QB,CLE,15.097977800974775,0.0,0.15741409679008861,0.2189758170354332,0.15749577171487691,0.15047150339136056,0.13502634492547094,0.11993248004946737,0.060683986093302424,1.0
Matt Barkley,QB,CHI,13.998788397603819,5000.0,0.07859768482272475,0.27977856242263072,0.22807062185808061,0.20422976381373095,0.14051183556602645,0.038782476788380003,0.030029054728426634,1.0
Brock Osweiler,QB,HOU,11.270423050784123,6700.0,0.028268615195198438,0.53373753045930072,0.18267665072417327,0.17704712167448217,0.072527173275561532,0.0023901241599080143,0.0033527845113760107,1.0
Ryan Fitzpatrick,QB,NYJ,11.081870616856682,6900.0,0.015841541723281408,0.47379963351489995,0.38463601047418172,0.07019409428478704,0.034855452843730823,0.0073852412369916813,0.013288025922127663,1.0
Andrew Luck,QB,IND,11.035782027921783,8200.0,0.10185767570235814,0.50116736128534123,0.12334378777879398,0.15246997328690137,0.10476781848357647,0.015824478375513831,0.00056890508751510907,1.0
Russell Wilson,QB,SEA,10.895530375959616,8000.0,0.38162425576365311,0.10367096111269532,0.017580471855814787,0.47231161988783416,0.013633256649067732,0.002573361095501095,0.0086060736354338311,3.0
Case Keenum,QB,LARM,10.092133618322341,6700.0,0.024885111501742989,0.7169711735297426,0.021649735693427288,0.18978640714660713,0.044875308211877615,0.0017427273315846405,8.9536585017801256e-05,1.0
Alex Smith,QB,KC,9.9910012389673746,7200.0,0.51039949922057093,0.028957624229392777,0.032983989083810283,0.35703703544374732,0.049573099932220387,0.0019638328335609945,0.019084919256697395,0.0
Cody Kessler,QB,CLE,9.4824405426835217,6600.0,0.00020164702483331816,0.84032830485370746,0.015286631374841628,0.057916630481607084,0.079540990461557826,0.0066966567201207222,2.9139083331876078e-05,1.0
Trevor Siemian,QB,DEN,9.3386013583748522,7000.0,0.36887686771251132,0.30005976852699723,0.013558340237734721,0.240925194463179,0.069288558892522487,0.0045195015819882002,0.0027717685850670417,0.0
Geno Smith,QB,NYJ,9.0281438632289923,5000.0,0.023807972184510019,0.81834383581224235,0.044241633184155311,0.074604572699931732,0.022147222635538415,0.015437933880164184,0.0014168296034578849,1.0
Carson Palmer,QB,ARI,8.9189354952685544,7600.0,0.36913890579969494,0.31087159030488909,0.083680227349757316,0.15426421519012992,0.074074955265024375,0.0035620681129727551,0.0044080379775317128,0.0
Colin Kaepernick,QB,SF,8.2450750837438704,6500.0,0.077661278000170655,0.80329690960342892,0.030508826711030022,0.075973037451910863,0.00615133912600391,0.006319982889951576,8.8626217504425483e-05,1.0
Carson Wentz,QB,PHI,8.1074537550543688,7100.0,0.016451551032180853,0.89156277632862779,0.065487482536404573,0.011731872467530918,0.010406115799377544,0.0041389219492495308,0.00022127988662866557,1.0
