name,pos,team,expectation,salary,prob_0_5,prob_5_10,prob_10_15,prob_15_20,prob_20_25,prob_25_30,prob_30+,label
Jay Ajayi,RB,MIA,19.24630748222657,6400.0,0.030421284119851396,0.098197002783602355,0.22395770526251726,0.19859836600044611,0.20873551700888848,0.12544926284048596,0.11464086198420845,2.0
Matt Jones,RB,WAS,19.000967106930226,6700.0,0.027327181661118537,0.10763871573560017,0.205676443049327,0.17523328642664324,0.26822293777283968,0.14716608041570825,0.068735354938763191,4.0
Antone Smith,RB,TB,18.951201093469038,0.0,0.11486782617019277,0.1204749845483664,0.12543013817714688,0.14278035117301252,0.18785399175743628,0.17780311059175202,0.1307895975820931,4.0
LeSean McCoy,RB,BUF,17.777144633556958,9000.0,0.022948767453832963,0.1486170285629668,0.30514727310882861,0.16100228209703163,0.15571187828691052,0.10137334379717433,0.1051994266932553,2.0
Spencer Ware,RB,KC,16.876520353452609,7000.0,0.031311907002863383,0.17174023997967533,0.29004133626566958,0.19492635339187245,0.15815101476646273,0.062527617946286237,0.09130153064717042,2.0
Giovani Bernard,RB,CIN,16.811546905525656,6300.0,0.13415062253375473,0.15478008399042911,0.1285268397692827,0.129926834300474,0.2906052894823789,0.10319545850581559,0.058814871417864865,4.0
Terrance West,RB,BAL,16.597787627894661,6900.0,0.037021010353007124,0.20738119190753379,0.26930599015759576,0.18243551258747329,0.13894062553906372,0.067637692014725942,0.097277977440600433,2.0
Le'Veon Bell,RB,PIT,15.998437829833644,8600.0,0.046230553746491064,0.24617850414812265,0.13662159250457973,0.25663142471661099,0.1980286859463222,0.091835462814568614,0.024473776123304886,3.0
Jordan Howard,RB,CHI,15.822679270597103,7000.0,0.1216979002452442,0.21535703735729791,0.17414958025173144,0.13291176435975693,0.16497406821178065,0.13244308793330781,0.058466561640881119,1.0
Mark Ingram,RB,NO,15.306144776588287,6600.0,0.11049995652087025,0.24119808906997162,0.22951436227590591,0.10694263684614534,0.16816768382736616,0.044265845760227768,0.099411425699512987,1.0
Jacquizz Rodgers,RB,TB,15.292694325324316,5600.0,0.14380423216724605,0.13771155280579681,0.24254490094820291,0.17307932928630876,0.17958372454675234,0.068754044853520754,0.054522215392172488,2.0
Frank Gore,RB,IND,15.010088871627451,6400.0,0.073039560663796133,0.2297803351985338,0.27170261363732612,0.11686011899205084,0.22334703218913507,0.046262319636610753,0.039008019682547287,2.0
Chris Thompson,RB,WAS,14.858295112603081,4900.0,0.26896634505117079,0.1422871343512708,0.12384901910723976,0.10667345954672215,0.15972107737983754,0.11166673857938895,0.086836225984369908,0.0
Peyton Barber,RB,TB,14.220946651746083,4500.0,0.33789122047473952,0.13711146584439679,0.10423704633225478,0.086647719078177726,0.10547874675840499,0.11291605483734209,0.11571774667468412,0.0
DeMarco Murray,RB,TEN,14.100501122101475,8700.0,0.1320877812793925,0.23990350702849558,0.21186567759079711,0.17275249513677213,0.14020188466590111,0.062217276536590135,0.040971377762051328,1.0
David Johnson,RB,ARI,13.570010156319873,8500.0,0.068567253934435954,0.25881279606900193,0.35751448098702504,0.15178802330657268,0.083607629067403266,0.04516541406637091,0.034544402569190315,2.0
DeAndre Washington,RB,OAK,13.56661016278583,5600.0,0.29431555535825138,0.16839480941806378,0.12044491179470264,0.14099523983182274,0.13292426875075308,0.053106194300283849,0.089819020546122647,0.0
James White,RB,NE,13.534325681510635,6100.0,0.21324916698838572,0.25843122421918391,0.13060367578369428,0.082841664114308752,0.18938244616078148,0.08968337615946366,0.035808446574182189,1.0
Duke Johnson,RB,CLE,13.043743144612515,5300.0,0.3310601574788421,0.16669691342889828,0.17334016352992038,0.065499164739697552,0.085942955815733843,0.065594747728777075,0.11186589727813086,0.0
Latavius Murray,RB,OAK,12.698265009141567,5900.0,0.31701817079835459,0.11822153124541239,0.21330399458189772,0.14654019597973114,0.094986897589780767,0.026189707073708254,0.083739502731115065,0.0
Melvin Gordon,RB,SD,12.675193752916936,8000.0,0.17944539142636015,0.29449756900355034,0.19039490711213355,0.11665386341617229,0.1427594367023898,0.037910253272376952,0.038338579067016806,1.0
Lamar Miller,RB,HOU,12.671476629630403,7700.0,0.11751798575773079,0.24738019721215737,0.37192472350377564,0.13287237975133934,0.056055462886440907,0.041595626579348989,0.032653624309206972,2.0
Bobby Rainey,RB,NYG,12.212762334792121,4900.0,0.27336373168887701,0.24293982260212324,0.15129697147830409,0.10651579732890583,0.11630877597714223,0.066667100337201454,0.042907800587446004,0.0
DuJuan Harris,RB,SF,12.152261886310267,4500.0,0.40560464094686649,0.15784739186877447,0.12207700379666497,0.067246738767566053,0.065183150677724844,0.078192547892846104,0.10384852604955708,0.0
Knile Davis,RB,KC,12.138781299244524,4500.0,0.37208127984219946,0.12613010074554848,0.17854046676335755,0.1130955166333568,0.07492254107716112,0.048951403821014532,0.086278691117362111,0.0
Devonta Freeman,RB,ATL,12.034317924600209,7500.0,0.24919874758400842,0.2900612405609575,0.14830095206401303,0.11631604003485699,0.10231305432502945,0.031843114984003405,0.061966850447131142,1.0
Mike Gillislee,RB,BUF,12.016449207076814,5300.0,0.41346534086017023,0.16724521025059402,0.12022405055219614,0.06164239201208286,0.062219810176222787,0.051353774431689536,0.12384942171704445,0.0
Jalen Richard,RB,OAK,11.904921784738509,5100.0,0.40243356523148172,0.14787722999310321,0.080770584191521472,0.12554508173161877,0.12256522174220735,0.053722823205046788,0.067085493905020901,0.0
Brandon Bolden,RB,NE,11.874712820238525,4500.0,0.32806518492837983,0.17239909648831483,0.20446613336306593,0.096315135372500305,0.090146111969296963,0.041248566247535735,0.067359771630906298,0.0
T.J. Yeldon,RB,JAC,11.790281122219069,6300.0,0.27007015254005956,0.27007684580576735,0.19609741100008576,0.094427601350470181,0.051899921654841731,0.038920249166629298,0.078507818482146247,1.0
Isaiah Crowell,RB,CLE,11.665251311990438,6400.0,0.35019891412524284,0.19596831070698414,0.18805526634550807,0.064473742043563861,0.070806472127102643,0.042605407249603044,0.087891887401995439,0.0
Tevin Coleman,RB,ATL,11.518171255775149,6200.0,0.35900903664082923,0.23252129370545424,0.063803647957878185,0.10119560890760521,0.13308320831008444,0.073287218358201581,0.037099986119947408,0.0
Rob Kelley,RB,WAS,11.357955589713548,4900.0,0.45300764711070329,0.13143942347796844,0.11496974354464183,0.071968885621759973,0.085697086138779868,0.051629790489929397,0.091287423616217139,0.0
Don Jackson,RB,GB,11.319873667414384,4500.0,0.44274779617824306,0.14931128223694851,0.10283826666968296,0.078795101306137566,0.069935388093550682,0.082372676157596358,0.073999489357840828,0.0
Travaris Cadet,RB,NO,10.975557658712539,4800.0,0.42273440943852475,0.19571291191535625,0.11282141793575236,0.060509481909753388,0.089660543148217045,0.024708577404705365,0.093852658247690984,0.0
John Kuhn,RB,NO,10.88771427332121,4500.0,0.42732112255491561,0.19159479825334777,0.11616861535818027,0.058240670105052156,0.08935911099338309,0.027399710914961867,0.089915971820159299,0.0
Lorenzo Taliaferro,RB,BAL,10.806629369791869,4500.0,0.47324196841199168,0.1532519154628865,0.10600539790062104,0.064746061202732644,0.050232824780190789,0.060332153069978849,0.092189679171598454,0.0
Ronnie Hillman,RB,MIN,10.802735044573101,4500.0,0.45854648565008516,0.17738973546459794,0.11157208142996494,0.057220143805318341,0.041162197924218435,0.052004616493690294,0.10210473923212492,0.0
Chris Ivory,RB,JAC,10.643337227389495,5500.0,0.36916348033006935,0.24093281630035598,0.15750792417710885,0.082028299322311912,0.043430236302253733,0.028119430362650775,0.078817813205249374,0.0
Ty Montgomery,RB,GB,10.544304564783205,5600.0,0.50510129832343897,0.15371888587035717,0.068195943218857857,0.054089797440291312,0.062825155129445018,0.072845234869698641,0.083223685147910911,0.0
Jerick McKinnon,RB,MIN,10.429476885578932,6500.0,0.35421233572716659,0.20367113676396634,0.21679008356144203,0.094679506465723109,0.058945288137070985,0.024824212971079403,0.046877436373551594,0.0
Kerwynn Williams,RB,ARI,10.294779174543198,4500.0,0.47534508597491093,0.17101400875203973,0.11246763805682805,0.059354417389543404,0.045270084006791618,0.055802677321408943,0.080746088498477239,0.0
Tim Hightower,RB,NO,10.239178647128215,4500.0,0.4666673997815956,0.18441286968013235,0.10644467976587417,0.055192485834640641,0.079245491983189087,0.022844599618406014,0.085192473336162172,0.0
Matt Asiata,RB,MIN,10.081416817896054,5400.0,0.39838436373442876,0.19632412745929428,0.17158338367953088,0.095052719585313306,0.065753515236934595,0.030161358614708041,0.042740531689790161,0.0
Paul Perkins,RB,NYG,9.7676571845774376,4500.0,0.42100271298956782,0.22144400985975723,0.13772474152107098,0.0672645880971703,0.068719545394189563,0.043348410502177442,0.040495991636066493,0.0
Zach Zenner,RB,DET,9.5703235757996996,5400.0,0.38564955484306135,0.31046124245788093,0.10646426530997911,0.063056781097347317,0.047437807034972634,0.035529266345842338,0.051401082910916419,0.0
Troymaine Pope,RB,SEA,9.561187679790196,4500.0,0.51872428931633208,0.15801995075602077,0.10321502216264784,0.062726245486728366,0.037033284930884564,0.046901455376674332,0.073379751970711948,0.0
Rashad Jennings,RB,NYG,9.3895321344873324,5800.0,0.54797376503447459,0.17921016278796759,0.064096858119178604,0.041064831989559972,0.037569523079611818,0.032347749230555931,0.097737109758651519,0.0
Robert Turbin,RB,IND,9.2227418264423484,4500.0,0.45444416682387667,0.23756534050886782,0.11725813090067826,0.055014398649462934,0.058529357457852135,0.018946533057838347,0.058242072601424,0.0
C.J. Prosise,RB,SEA,9.1695781940353243,4800.0,0.54178303874304079,0.15357281289017999,0.098566057220516604,0.058312780265451815,0.034435596267031209,0.044075439585464157,0.069254275028315479,0.0
Bilal Powell,RB,NYJ,9.1023346043643905,5400.0,0.48759859120383675,0.22205764044364429,0.086809292705459132,0.07080557156457673,0.043718105729664287,0.027379087924929692,0.061631710427889203,0.0
Orleans Darkwa,RB,NYG,9.0646979620967176,4800.0,0.472562888857263,0.16834471095252701,0.16889692113372157,0.070578115962787263,0.054907046249640254,0.030119035449297026,0.034591281394763918,0.0
LeGarrette Blount,RB,NE,8.9668783348422085,7100.0,0.40060828552285449,0.28462320751581888,0.14534346488624336,0.052508411440876729,0.071300311699450739,0.014111349677473335,0.031504969257282495,0.0
Todd Gurley,RB,LARM,8.8649837351177627,8100.0,0.30743858345251107,0.37592706305095441,0.18362842353338937,0.064056903748431579,0.038026330260864126,0.010307146055301659,0.020615549898547646,1.0
Christine Michael,RB,GB,8.7356890178830042,7600.0,0.53193356342996723,0.23255925888476278,0.055092324221461528,0.034095989789355796,0.037013488800844867,0.037621976667321651,0.071683398206286136,0.0
Charcandrick West,RB,KC,8.6966184499713108,4700.0,0.56512176944333237,0.18268848123873713,0.061707125770663007,0.03865363812777857,0.044055342610654517,0.03966000391278484,0.068113638896049419,0.0
Damien Williams,RB,MIA,8.4569373304162898,4700.0,0.6335724837660045,0.099634333731301705,0.045705198938464933,0.059949408801209379,0.057992987914595222,0.054615838734493001,0.048529748113931168,0.0
Kyle Juszczyk,RB,BAL,8.3591022405148081,4500.0,0.55551783448526071,0.18415898796175495,0.085770402571079624,0.047973787819352694,0.03987329658283402,0.033920589039009477,0.052785101540708569,0.0
Kenneth Farrow,RB,SD,8.3483634883317208,4500.0,0.57115004971318106,0.17782330730501628,0.070969685264229462,0.054057846866262423,0.042558161577400201,0.016574891570625628,0.066866057703285006,0.0
Devontae Booker,RB,DEN,7.9944538025550962,5600.0,0.52571248589174269,0.21862776941752532,0.085403629468131959,0.069872342979626717,0.047822186873660036,0.022066899451218307,0.030494685918095055,0.0
Jamize Olawale,RB,OAK,7.8804477672729689,4500.0,0.64392764686834925,0.11289619917729474,0.061417055270504256,0.058729189713233203,0.044656418821555549,0.015921124439026966,0.06245236571003597,0.0
Derrick Henry,RB,TEN,7.6808427194808448,5200.0,0.61460085611363136,0.13753094926713277,0.075492045124631812,0.062786565440006312,0.045626020328133517,0.025982291649864788,0.037981272076599328,0.0
Denard Robinson,RB,JAC,7.6313098343874319,4500.0,0.60593029739191162,0.1654977579289425,0.084710034600548267,0.044070570557866923,0.024209407011659745,0.019325174187835168,0.056256758321235646,0.0
Ryan Mathews,RB,PHI,7.5365099965933275,5800.0,0.64414386475013108,0.14439057933357294,0.043959011762818162,0.031970660675013918,0.052141004000452976,0.047699545449645255,0.035695334028365597,0.0
Roosevelt Nix,RB,PIT,7.5180319495539987,4500.0,0.62429090641054041,0.18160220381473879,0.040925640427253475,0.037270490711917438,0.032211390545449414,0.029700014441098314,0.053999353649001942,0.0
Arian Foster,RB,MIA,7.4627507497914252,5600.0,0.69054248547071861,0.12697637275060372,0.030379887718332905,0.021750560665181825,0.02520423388495267,0.029804401720471826,0.075342057789738487,0.0
Justin Forsett,RB,DET,7.4072364894157783,5200.0,0.63346262259157415,0.1807149957581265,0.040071695123850774,0.033623765809245185,0.028475355884526789,0.025279320333942642,0.058372244498734092,0.0
Anthony Sherman,RB,KC,7.36445294797893,4500.0,0.6305096995681424,0.15216779632829935,0.077308509543560874,0.043550182309811669,0.028324008573989978,0.013833020626868538,0.054306783049327283,0.0
Jamaal Charles,RB,KC,7.2059006034520401,6800.0,0.59669364551986004,0.19445474853918784,0.087964844168107695,0.041641829899990608,0.023136791579440104,0.0075865894066108235,0.04852155088680285,0.0
Alex Collins,RB,SEA,7.1132887303718784,4500.0,0.59801338197451959,0.22068743329400023,0.068346158900924922,0.033487523568603461,0.015525635779497525,0.0085975006541507987,0.055342365828303278,0.0
Jeremy Hill,RB,CIN,7.088914069201568,6800.0,0.63926746689270608,0.14588817753040645,0.070773581019149198,0.040036229852794661,0.059017947867841397,0.012293924132869722,0.032722672704232424,0.0
Ka'Deem Carey,RB,CHI,6.984064873124658,4500.0,0.70081381124366826,0.11311925968217335,0.037395911284065886,0.026255404018776286,0.042407087638050629,0.039698726733420904,0.040309799399844699,0.0
Alfred Blue,RB,HOU,6.5951233407868859,4500.0,0.64183029646333811,0.14220332581315404,0.11333955411627941,0.043568041095144804,0.01488850282331741,0.018148478962679737,0.026021800726086435,0.0
C.J. Anderson,RB,DEN,6.5866479209334869,7200.0,0.5874582033806568,0.22856331825823228,0.077509670090249561,0.049518631608648361,0.02905091180883702,0.0082385585735138354,0.019660706279862081,0.0
Mike Davis,RB,SF,6.4512879932661287,4500.0,0.69845682554629684,0.1346676651256461,0.053947133951991619,0.034445847761459328,0.01915712672078888,0.011923660235832207,0.047401740657984907,0.0
Darren Sproles,RB,PHI,6.3957565191237959,5100.0,0.72669216325119146,0.11023446112006918,0.036072787118158631,0.025374585575027964,0.035515824523559655,0.03408796401926955,0.032022214392723493,0.0
Jerome Felton,RB,BUF,6.3420485478409585,4500.0,0.75493071742893858,0.090818344102873996,0.041181916398047622,0.020310887635782919,0.018097013206307608,0.01559364736378367,0.059067473864265405,0.0
Benny Cunningham,RB,LARM,6.2976143102410038,4500.0,0.6115920920786001,0.22128643284200858,0.090857270724180692,0.030874202046688396,0.0098074391932749423,0.0044114236029607901,0.031171139512286457,0.0
Matt Forte,RB,NYJ,6.128362668086746,6700.0,0.668199918944132,0.17900069519910111,0.062027441627352062,0.035460594454306646,0.01452639505615458,0.0046484093981286213,0.036136545320825011,0.0
Zach Line,RB,MIN,6.1158861704441581,4500.0,0.70066637122954289,0.12550876296727087,0.079572060381438187,0.03212101565125506,0.019717706705532748,0.0082673755596359144,0.034146707505324385,0.0
Rex Burkhead,RB,CIN,6.0548030731842868,4500.0,0.74929128642134579,0.093142270751965656,0.041900692194527432,0.026464488660520254,0.042083614843721653,0.013317114794723766,0.033800532333195465,0.0
Patrick DiMarco,RB,ATL,5.7926695594860362,4500.0,0.73877621720265318,0.1287789917366054,0.037467260079689334,0.025172581959109652,0.023208086973435009,0.010939531390095486,0.035657330658411805,0.0
Dexter McCluster,RB,SD,5.7457051684703861,4500.0,0.73503758798808938,0.12808809683725436,0.040399545083367169,0.026996427571638431,0.030443970241559998,0.010823157865770552,0.028211214412320079,0.0
Josh Ferguson,RB,IND,5.637674622127915,4500.0,0.72265713548117139,0.13663047728948746,0.053826652569623469,0.020266955343968402,0.037442275163410185,0.011310734452600172,0.017865769699738757,0.0
Reggie Bush,RB,BUF,5.6021951561182801,4900.0,0.81477686908687363,0.069191776201615124,0.021202685203480426,0.011412728155024136,0.014260807601363536,0.021298599760750318,0.047856533990892638,0.0
Shaun Draughn,RB,SF,5.4628970019434453,4500.0,0.76547145222337698,0.1121719062374749,0.040693345486391932,0.024681512870647737,0.013281905813029644,0.0081337077230963593,0.035566169645982575,0.0
Aaron Ripkowski,RB,GB,5.4029876229033196,4500.0,0.79297048079874022,0.09140760557451913,0.029182792884496413,0.018287425052995517,0.016065103362143028,0.01790747033106372,0.034179121996042269,0.0
Malcolm Johnson,RB,CLE,5.2897168648477386,4500.0,0.81023355588969481,0.070845752041648974,0.044800300216690056,0.011805244605739189,0.012138029658776283,0.0084147308508222673,0.041762386736628417,0.0
Ryan Hewitt,RB,CIN,5.2787476790720342,4500.0,0.800112485930354,0.079213012642376665,0.032111836436889321,0.020014844857263139,0.031326021838518604,0.0099849736950005999,0.027236824599597642,0.0
Kenyan Drake,RB,MIA,5.2572151406801844,4700.0,0.82008837397836531,0.061848947460691833,0.028954422112369267,0.024078059795408016,0.017794767376747168,0.012505535159550069,0.034729894116868276,0.0
Andre Ellington,RB,ARI,5.2418294324980588,4500.0,0.75908052517561497,0.11193461216007194,0.06209971801537089,0.022269335347252811,0.011769011055972443,0.010104267036007241,0.02274253120970976,0.0
Derek Watt,RB,SD,5.1289189239861823,4500.0,0.77986852485631442,0.11164376839520886,0.032586884887679843,0.021483640552865155,0.023019739834456664,0.0077646692982281384,0.023632772175246928,0.0
George Atkinson,RB,CLE,5.0964963635724096,4500.0,0.82332090667252478,0.067146546102979668,0.040844598293930889,0.010943707246929628,0.010840291164967212,0.007069623165572636,0.039834327353095292,0.0
James Develin,RB,NE,5.0244259361302896,4500.0,0.77035823133683368,0.12376880241344811,0.041146201410992948,0.015851022191298098,0.022346686924134926,0.007036462987473715,0.019492592735818666,0.0
Michael Burton,RB,DET,4.9214325438596065,4500.0,0.76916892171221796,0.14174855905158293,0.033140317545481808,0.015835488680199808,0.0090190888325875854,0.006263375932079868,0.024824248245850083,0.0
Javorius Allen,RB,BAL,4.8113147478420055,5100.0,0.79830695746922953,0.10815405549105785,0.036070822009142932,0.016053263222386822,0.010413240549170363,0.0062375333255779587,0.024764127933434694,0.0
Antonio Andrews,RB,TEN,4.7885843137823016,4500.0,0.82044278113394087,0.077956930002097247,0.030982521950838109,0.023281754850842537,0.017508252671734954,0.010642548283553618,0.01918521110699252,0.0
Jalston Fowler,RB,TEN,4.7885843137823016,4500.0,0.82044278113394087,0.077956930002097247,0.030982521950838109,0.023281754850842537,0.017508252671734954,0.010642548283553618,0.01918521110699252,0.0
Fitzgerald Toussaint,RB,PIT,4.7431590714062617,4500.0,0.79207753606561671,0.11516472846689291,0.03021405501974319,0.026333145469911234,0.012766903972806103,0.0062744520391864126,0.01716917896584353,0.0
Jordan Todman,RB,IND,4.4101622637015137,4500.0,0.82197787213586526,0.096652912700666435,0.032699445230889919,0.011861466373250893,0.019166623340379704,0.0046274428843836408,0.01301423733456413,0.0
Kapri Bibbs,RB,DEN,4.2429162725489471,4500.0,0.83158764514709504,0.098380174591526037,0.026633347578110898,0.015919190222061442,0.0092680293949193009,0.0041791922764591498,0.014032420789828335,0.0
Jay Prosch,RB,HOU,4.1229323616103146,4500.0,0.84616094481000603,0.076934659782669945,0.04043952076890657,0.013875488258560116,0.004958362270834263,0.0061925330440579535,0.011438491064965015,0.0
Tyler Ervin,RB,HOU,4.1189368958080204,4500.0,0.8468263011350492,0.076728733453466633,0.039860470529823888,0.014045143310351229,0.0049262409249501643,0.0059919387891318602,0.01162117185722707,0.0
Stepfan Taylor,RB,ARI,4.0438235052034504,4500.0,0.85804809156118511,0.074047796794820972,0.032357006951031178,0.011128208197842418,0.0058175149886802204,0.0050405159975340369,0.013560865508905938,0.0
Kenneth Dixon,RB,BAL,4.0117040024483313,5300.0,0.86307337389262195,0.085073583346197745,0.014400325743899841,0.0077807029002251293,0.0074261398400200102,0.0061188568038774479,0.016127017473157878,0.0
Andy Janovich,RB,DEN,3.9936724401123702,4500.0,0.85346320673725451,0.087596244440251422,0.022664428855633387,0.013108273548736343,0.0075996695169893323,0.0034048418003914454,0.012163335100743423,0.0
Wendell Smallwood,RB,PHI,3.8415866774783987,5200.0,0.89427101958608812,0.054671229064617591,0.012847973998727745,0.0069639922462842799,0.009384151231873061,0.008386028935599036,0.013475604936810189,0.0
Kenjon Barner,RB,PHI,3.83703599444424,4900.0,0.89580805492203852,0.052955310623241089,0.013111863482374773,0.0070253302658467567,0.0091208585217462963,0.0081280318563744011,0.013850550328378425,0.0
Malcolm Brown,RB,LARM,3.705417045776719,4500.0,0.85455071452226905,0.10195384308956541,0.022598294712349698,0.0083585447365028594,0.0041890114272466498,0.0014473654038972244,0.0069022261081688957,0.0
Joique Bell,RB,CHI,3.6631715959480693,4600.0,0.91321980059207308,0.044353765921877779,0.0092446611932350663,0.004434102690425221,0.006778944122249623,0.0089490461999439802,0.013019679280195645,0.0
Chase Reynolds,RB,LARM,3.5612201991075279,4500.0,0.87522527657826976,0.085024574737327496,0.022149054679037296,0.0064348836181080862,0.0030262963699155786,0.00093194781373704587,0.007207966203604867,0.0
