name,pos,team,expectation,salary,prob_0_5,prob_5_10,prob_10_15,prob_15_20,prob_20_25,prob_25_30,prob_30+,label
Devonta Freeman,RB,ATL,15.158585855769807,7500.0,0.015816518061506621,0.15121951177212731,0.19430266230741605,0.5752950003470545,0.055877017049438399,0.0041207483185911904,0.0033685421438659942,3.0
Le'Veon Bell,RB,PIT,15.053010783495582,8600.0,0.018285217706316088,0.16365680694117285,0.21668772589061569,0.51584661673596355,0.065187910072187924,0.017935859846176346,0.0023998628075674387,3.0
LeSean McCoy,RB,BUF,14.157312020278003,9000.0,0.049007855791181588,0.31615961899260292,0.16875123769159162,0.27495694607123333,0.13010064879237146,0.042751417333330689,0.01827227532768844,1.0
DeMarco Murray,RB,TEN,12.498900300732187,8700.0,0.14326268618897101,0.29589114939745453,0.29888812757019573,0.09314394370200689,0.086281176373880414,0.036605226654429758,0.045927690113061595,2.0
Jay Ajayi,RB,MIA,12.427806815598849,6400.0,0.16750225571829294,0.18942600521962932,0.35589518369335876,0.18228371091044879,0.046512734661582844,0.018685196361815627,0.039694913434871838,2.0
Matt Jones,RB,WAS,12.17366966451824,6700.0,0.066840839926560064,0.27194780509124217,0.46734878693130849,0.067792758913136922,0.11202930687016778,0.0097801433397292619,0.0042603589278554493,2.0
LeGarrette Blount,RB,NE,11.961090545720829,7100.0,0.042901786304228549,0.29181698300379877,0.43695664862956313,0.19986194684915545,0.018144786787531134,0.0084954490556996207,0.0018223993700233728,2.0
David Johnson,RB,ARI,11.822430154483232,8500.0,0.026130318769708099,0.52989400642171069,0.14884167798242817,0.21000732803057837,0.038429473062239296,0.033575320064861323,0.013121875668473965,1.0
Lamar Miller,RB,HOU,11.528692862263309,7700.0,0.021589294646112586,0.37475368967548089,0.49399300970463378,0.066527346923381539,0.012611049972185505,0.0036292241995390852,0.026896384878666354,2.0
C.J. Anderson,RB,DEN,10.45874176897248,7200.0,0.19819219722407364,0.27187720072891497,0.37619177251488234,0.078652745713956737,0.052217143038643915,0.017324877551710277,0.005544063227818326,2.0
Jordan Howard,RB,CHI,10.386198607542743,7000.0,0.07318217420946603,0.46843370546438662,0.32710097053732407,0.087968188158053739,0.029008877154822806,0.012217031478393245,0.0020890529975532116,1.0
Giovani Bernard,RB,CIN,10.027964120218545,6300.0,0.073240681304137231,0.56817709663338678,0.21148735402281277,0.098999001512670673,0.030781949179397448,0.012149496433515164,0.0051644209140798642,1.0
DeAndre Washington,RB,OAK,9.732825344411836,5600.0,0.22573714197631903,0.24964200163143935,0.43723443378991034,0.052530755742249163,0.021753334904821408,0.0048777099227468521,0.0082246220325137981,2.0
Melvin Gordon,RB,SD,9.453656048504703,8000.0,0.061758765256770515,0.69169430057453352,0.1139196019477185,0.085850848529802071,0.0286062298283375,0.012590939853488003,0.0055793140093498552,1.0
Jeremy Hill,RB,CIN,8.5529963100633513,6800.0,0.31372857028608786,0.32110367670926976,0.28548897278726648,0.033572062499884377,0.025311595621239434,0.012408815920921447,0.0083863061753307062,1.0
Frank Gore,RB,IND,8.4646074331014436,6400.0,0.1379485717290041,0.633845490132671,0.16665221375466338,0.034586737175900321,0.01569931869039088,0.0093505084492533641,0.0019171600681168787,1.0
Todd Gurley,RB,LARM,8.3070629312885949,8100.0,0.031849100050716381,0.84702180702253416,0.064637334322563883,0.047750631596670985,0.0044092239180399413,0.0026200333024667768,0.0017118697870077755,1.0
Matt Forte,RB,NYJ,8.2263881936149499,6700.0,0.27497918601726462,0.42557628241143597,0.23204239866791102,0.038141266123466279,0.016188475543212739,0.005687789737419232,0.0073846014992901502,1.0
Mark Ingram,RB,NO,8.1579572986729367,6600.0,0.35604072197632736,0.32324409318676878,0.2226167075206858,0.056235851164827287,0.025435831510828257,0.0094073954633348243,0.0070193991772274159,0.0
Spencer Ware,RB,KC,8.1382401039057797,7000.0,0.2851207755814279,0.47402856866885279,0.15807544444085611,0.041208854817639522,0.016801496413134054,0.0095570515882973991,0.015207808489792212,1.0
Tevin Coleman,RB,ATL,7.6724746390809671,6200.0,0.55523449825746107,0.14979556205027678,0.15584814461014312,0.029038794253295391,0.088645241610832148,0.0053598050496861107,0.016077954168305368,0.0
Terrance West,RB,BAL,7.4325257522804993,6900.0,0.12829315781309758,0.81464193702619725,0.019359030059372857,0.026834517019880953,0.0058175238903531677,0.0023189437013567031,0.0027348904897411923,1.0
James White,RB,NE,6.7619818529962004,6100.0,0.38861330547254885,0.46916494774810397,0.080776774478454341,0.036657242527047558,0.014258726879738032,0.0091781866783748819,0.0013508162157320491,1.0
Isaiah Crowell,RB,CLE,6.1902901471263174,6400.0,0.48195584515903428,0.39353989718455001,0.07386946159207626,0.024892148145376446,0.014576066751138161,0.0058561866499874998,0.0053103945178372067,0.0
Ryan Mathews,RB,PHI,6.0839107380595241,5800.0,0.59149841902743761,0.20707644091224114,0.13963735757946605,0.035409443667276441,0.013485555175915905,0.0090284358730459927,0.0038643477646167429,0.0
Christine Michael,RB,GB,5.1636562158540933,7600.0,0.71926348668786866,0.089177278052932837,0.16359587397025666,0.011330183103110526,0.0069329804096544571,0.0056076928771510003,0.0040925048990258584,0.0
Devontae Booker,RB,DEN,5.0796223908015481,5600.0,0.70475366697450292,0.14304034970023832,0.11278798789361469,0.020683224281117425,0.011574791590502646,0.0050537024484511679,0.0021062771115727828,0.0
Chris Thompson,RB,WAS,4.7487430399609147,4900.0,0.64433153655417319,0.29099787945946315,0.046795640446282219,0.01119563290868289,0.0033128480034289825,0.0023739001209409109,0.00099256250702866688,0.0
Mike Gillislee,RB,BUF,4.678289744067742,5300.0,0.71866894251170199,0.20429214484297742,0.043879747502474753,0.013405575247954013,0.0079900156901115196,0.0033558079131725434,0.0084077662916077905,0.0
Jamaal Charles,RB,KC,4.4700751505256822,6800.0,0.78566999765446011,0.1391853669613233,0.031060969284047515,0.014995287310600307,0.012219195346630249,0.0072030740811366827,0.0096661093618019608,0.0
Bilal Powell,RB,NYJ,4.4423904031109673,5400.0,0.74100910244829454,0.18378290445702036,0.047325022310050979,0.013040117382161173,0.007773713946629097,0.0040796552339419766,0.0029894842219017372,0.0
Zach Zenner,RB,DET,4.1517811840202468,5400.0,0.76175932751662001,0.18250756157479264,0.035653425649412797,0.0089066930795651256,0.0078494846166819246,0.0021193286226814331,0.0012041789402462782,0.0
T.J. Yeldon,RB,JAC,4.1362296162745338,6300.0,0.8076565608362678,0.091245716302237059,0.084777762210188942,0.0066331621835433148,0.0048107411555492544,0.0029280941132819476,0.0019479631989315618,0.0
Bobby Rainey,RB,NYG,4.1208689170965158,4900.0,0.75753510005105262,0.20458203393327018,0.013434668594914842,0.011897018797122899,0.0081106887285244157,0.0028497222183407429,0.001590767676774337,0.0
Jalen Richard,RB,OAK,3.3781601808090715,5100.0,0.88851594159533931,0.079398114001490161,0.013282552493447531,0.01159139422683212,0.0038971422149634747,0.0014936632722984445,0.0018211921956287447,0.0
Rob Kelley,RB,WAS,2.9873284797279016,4900.0,0.94592086177445034,0.027061727669421897,0.019986455378464222,0.0025085063512949187,0.0021564817719276655,0.00073278298415409499,0.0016331840702867812,0.0
Jacquizz Rodgers,RB,TB,2.8749401626149216,5600.0,0.94890264715804673,0.036814246158403736,0.0085584229191619388,0.0034441702539544671,0.001233510941985815,0.00067675379897200942,0.00037024876947538391,0.0
Derrick Henry,RB,TEN,2.847228993248641,5200.0,0.94533868938744237,0.048825488451590196,0.0016464573073745564,0.0015922237733553778,0.0014068301019723054,0.00054241166885956725,0.00064789930940550909,0.0
Alfred Blue,RB,HOU,2.7985578351861213,4500.0,0.96398913664261687,0.019517723034241489,0.012972965401104486,0.0018517758739207302,0.00064570420502441128,0.00035849848078854955,0.00066419636230329276,0.0
Jerick McKinnon,RB,MIN,2.7621088740907589,6500.0,0.97181901665074166,0.013935578767046521,0.007501410808383859,0.0049248831531021218,0.00090959947913432616,0.00056099690790129811,0.00034851423369035376,0.0
Rashad Jennings,RB,NYG,2.7308908210104286,5800.0,0.97845113991110577,0.0090886107872643583,0.0073478444725864856,0.0017741713320792826,0.0013106096989652521,0.00090042867296072078,0.001127195125037858,0.0
Damien Williams,RB,MIA,2.7075734740089925,4700.0,0.97455115734410025,0.016446724082987481,0.0052983730791346037,0.0018528368025096499,0.00089952374662187365,0.00057958864911588498,0.00037179629553015658,0.0
Chris Ivory,RB,JAC,2.6741409698491649,5500.0,0.97900214107352646,0.01298900745664619,0.0051475491815149814,0.001261382404160692,0.00078634836958118984,0.00044911159023869448,0.00036445992433177001,0.0
Paul Perkins,RB,NYG,2.6316340422952273,4500.0,0.98012123639104598,0.016543179550025926,0.0017446026885910523,0.00080505086498377197,0.0003474038766120684,0.00024051177091908356,0.00019801485782193866,0.0
Duke Johnson,RB,CLE,2.6220276880726012,5300.0,0.98433533642845561,0.011612602340654478,0.0018376875577617623,0.00089682015232459,0.00070174622348486066,0.00025508841676170674,0.00036071888055698177,0.0
Mike Davis,RB,SF,2.6161480645261719,4500.0,0.98092995099662705,0.017294982357801435,0.0007245868876646596,0.00042173609507884581,0.0002632344731420333,0.0001389994257722853,0.00022650976391346551,0.0
Matt Asiata,RB,MIN,2.6010031213727114,5400.0,0.98853587524496522,0.0070395376679552469,0.0019721124674228351,0.0012654019639907277,0.00076763164053597675,0.00025082492048080369,0.00016861609464939689,0.0
Kyle Juszczyk,RB,BAL,2.5961696887789243,4500.0,0.99008447778158237,0.0059291836623130492,0.0012928533072898158,0.0010992476975338137,0.00092682227329141001,0.00041612267587000867,0.00025129260211925931,0.0
Wendell Smallwood,RB,PHI,2.5874873363646902,5200.0,0.99210039950314843,0.0029493101469304983,0.0027459251810307639,0.00088751668769168537,0.0006525531862818214,0.00035625030747702801,0.00030804498743978071,0.0
Ty Montgomery,RB,GB,2.5864642022556779,5600.0,0.9922615480446757,0.0026712762880348427,0.0029684713802476457,0.00085648573752357296,0.00060743645350758841,0.00029377683204536136,0.00034100526396575379,0.0
Darren Sproles,RB,PHI,2.5830601820660823,5100.0,0.9909606683332407,0.0047766097952645446,0.0025380071089642436,0.00079389768438999629,0.00048975029723539944,0.00029881061198060345,0.0001422561689244277,0.0
Patrick DiMarco,RB,ATL,2.5436355826826786,4500.0,0.99487283913078062,0.0036965557955162044,0.00045970817195114974,0.00036824502236783632,0.00029536600623253004,0.00011494191360251304,0.00019234395954936982,0.0
Arian Foster,RB,MIA,2.5396095385738406,5600.0,0.99572441510202281,0.0024325497751740343,0.0010045777272438708,0.00032275606289573793,0.00025158723112179564,0.00014077085872818274,0.00012334324281397773,0.0
Ka'Deem Carey,RB,CHI,2.5361870821021055,4500.0,0.99605918199724397,0.0023824823965186816,0.00065228348273667271,0.00042768808655185836,0.00025494804396909769,0.00013646222098092484,8.695377199884623e-05,0.0
Andre Ellington,RB,ARI,2.5279543785646501,4500.0,0.9968171300672567,0.0021718631294444408,0.00027928997479516999,0.00038589533979838006,0.00016384755392825931,9.031611817427792e-05,9.1657816602437858e-05,0.0
Benny Cunningham,RB,LARM,2.5261859996839582,4500.0,0.99810598971641273,0.00083265873848250736,0.00029512839511657522,0.00020126843648555194,0.00013995789498102377,7.4554534462037647e-05,0.00035044228405925498,0.0
Latavius Murray,RB,OAK,2.523287915483114,5900.0,0.99776592676345544,0.0011820197255525816,0.00045092070153472473,0.0002437241602045571,0.00014382412664103473,8.0697610766262737e-05,0.00013288691184490237,0.0
Shaun Draughn,RB,SF,2.5231127312814312,4500.0,0.99716427919188677,0.0020480726171563887,0.00036891732768972412,0.00014929635325920489,0.00010999602175907883,5.8389557785112701e-05,0.00010104893046325424,0.0
Reggie Bush,RB,BUF,2.5196441387713184,4900.0,0.99775052510857798,0.0016630232270108756,0.00016714656064161136,0.00013439933390602533,9.7415572723738621e-05,5.3356778701366228e-05,0.00013413341843840828,0.0
Orleans Darkwa,RB,NYG,2.5192864422766239,4800.0,0.99799513830432307,0.0011865225892228764,0.00029001398320599285,0.00022325873913330401,0.000166332719926105,9.742534309401084e-05,4.1308321094682965e-05,0.0
Kenneth Dixon,RB,BAL,2.517423410344577,5300.0,0.99817047145628557,0.001106129217039901,0.00028231052803652881,0.00018959734584621908,0.00011874512486077308,6.1794581822086588e-05,7.0951746109254422e-05,0.0
Jamize Olawale,RB,OAK,2.515555545514268,4500.0,0.9987756569847559,0.0004770728378552466,0.00026862190326633941,0.00017225062675734192,0.00012501554929125931,6.600350429940574e-05,0.00011537859377412547,0.0
Travaris Cadet,RB,NO,2.5147349996040349,4800.0,0.99865034971543309,0.00067911279100147162,0.00023690082200553079,0.00018495842296744629,0.00011323876745386909,6.2734320216297135e-05,7.2705160922333133e-05,0.0
Robert Turbin,RB,IND,2.5127546448674938,4500.0,0.99888059939287588,0.00049503013805118358,0.00022100831234080282,0.00017058356143452073,0.0001227294028823067,6.9403890511394631e-05,4.0645301904023639e-05,0.0
Kenjon Barner,RB,PHI,2.5093731768810872,4900.0,0.99917694945398849,0.0003860430630364358,0.00015036512145314785,0.000115139841692422,8.1531112143692067e-05,4.5664035555818552e-05,4.4307372129817549e-05,0.0
Alex Collins,RB,SEA,2.5089719710844323,4500.0,0.99913254967604015,0.00052052875723516902,0.00010636936250358281,8.5444241392981169e-05,6.1550043722652362e-05,3.3021759073158856e-05,6.0536160032130544e-05,0.0
Jerome Felton,RB,BUF,2.5088678109764118,4500.0,0.99911567974853932,0.00054018955704450606,0.00012725405423362054,7.2648309945988024e-05,5.3186999623529299e-05,2.9064698367245416e-05,6.1976632246448247e-05,0.0
Tyler Ervin,RB,HOU,2.5081882744047665,4500.0,0.99924030166684141,0.00040907116996581188,0.0001239108880429524,9.5099289452947483e-05,4.7749401564351073e-05,2.711522438357436e-05,5.6752359748838562e-05,0.0
Javorius Allen,RB,BAL,2.5074492048832315,5100.0,0.99914782232755928,0.00056945592528789011,9.4942785184735671e-05,9.294375918864673e-05,4.9825059052411674e-05,2.6798644674413665e-05,1.8211499052508213e-05,0.0
Kenyan Drake,RB,MIA,2.5070382556129287,4700.0,0.99929202214601853,0.00040112439609054848,0.00013553290382758182,6.4418040145233958e-05,4.5773293931337681e-05,2.5484204823373748e-05,3.5645015163383416e-05,0.0
Jay Prosch,RB,HOU,2.5055655360079396,4500.0,0.99947226281607182,0.00030217876212370714,7.2383347031780633e-05,6.1915980078108466e-05,3.3647779807253484e-05,1.9100573884926925e-05,3.8510741001995158e-05,0.0
Justin Forsett,RB,DET,2.5051812307662176,5200.0,0.99953978810155586,0.00023927897139918916,6.7899395646658713e-05,5.3989175068911781e-05,4.5036376855673838e-05,2.1331005772671057e-05,3.2676973701256563e-05,0.0
Joique Bell,RB,CHI,2.5050840821095863,4600.0,0.99934798634756439,0.0004765453104073438,7.8311008159825574e-05,4.4632044759126441e-05,2.7443858272322206e-05,1.5367848412364275e-05,9.7135824248875307e-06,0.0
Stepfan Taylor,RB,ARI,2.5050001625655871,4500.0,0.9995501084894598,0.00021245435561136744,7.4872290956027159e-05,8.5665964885717915e-05,3.5800994258989236e-05,1.9669784989301223e-05,2.1428119839120021e-05,0.0
Aaron Ripkowski,RB,GB,2.5040117518928633,4500.0,0.99969694957375421,0.00010357419812130812,7.1832508407793579e-05,4.6593041577121451e-05,3.3317365341356858e-05,1.880263709781632e-05,2.8930675700031598e-05,0.0
John Kuhn,RB,NO,2.5039629345641856,4500.0,0.9995735067322894,0.00028480660143431725,4.2807233896229464e-05,3.2578242561315189e-05,3.46906361058783e-05,1.3200018421743993e-05,1.8410535291395009e-05,0.0
Malcolm Brown,RB,LARM,2.5036779083203333,4500.0,0.99960249892629216,0.00028627820475340574,3.2871907691843059e-05,2.1533073812105589e-05,1.513469024172218e-05,8.3460802219312769e-06,3.3337116987162798e-05,0.0
Kenneth Farrow,RB,SD,2.5036229038289108,4500.0,0.99970963479551167,0.00014322655476550441,4.1321090585980346e-05,3.2193362150186333e-05,2.3101110541711165e-05,1.2448373775454733e-05,3.8074712669258746e-05,0.0
Josh Ferguson,RB,IND,2.503593924862233,4500.0,0.99961610383848665,0.00022592272161323185,6.364430061825215e-05,4.2308598625072007e-05,2.9610644065971006e-05,1.6972700255640233e-05,5.4371963353125341e-06,0.0
Dexter McCluster,RB,SD,2.5034129562770495,4500.0,0.99968714788647428,0.00016696185635731246,4.7375703842163134e-05,3.7262322479123778e-05,2.6789037027993031e-05,1.4717256002625782e-05,1.9745937816308855e-05,0.0
Malcolm Johnson,RB,CLE,2.5031735157215418,4500.0,0.99980556161650791,4.8421329762485286e-05,4.8264680526080275e-05,2.4941295893056056e-05,1.7264521861296529e-05,1.0121421364279616e-05,4.5425134084344742e-05,0.0
Jordan Todman,RB,IND,2.5029200925223347,4500.0,0.99974780225031612,0.00010307756792305962,5.368565234427016e-05,4.1826956664159819e-05,3.0016907895914195e-05,1.6878794190384653e-05,6.7118706657655313e-06,0.0
Rex Burkhead,RB,CIN,2.5028678448747885,4500.0,0.99978122274258763,8.2208305213998535e-05,4.3221531251878282e-05,3.4501526270657763e-05,2.453728436076322e-05,1.3161384041153149e-05,2.1147226273722997e-05,0.0
Derek Watt,RB,SD,2.5028089756980507,4500.0,0.99976786502889203,0.00010268374560869939,4.2229956866064788e-05,3.273162826246806e-05,2.3440362269709706e-05,1.2750107503414457e-05,1.8299170597838711e-05,0.0
Tim Hightower,RB,NO,2.5024357378552824,4500.0,0.99980433629999721,8.3395994127213828e-05,3.5381421526862703e-05,2.8137413258641946e-05,2.0444442364571033e-05,1.1453374716698034e-05,1.685105400890195e-05,0.0
Denard Robinson,RB,JAC,2.5023269071394316,4500.0,0.99982470540267099,5.3713203957821652e-05,4.1096062204785167e-05,3.2843750312089962e-05,2.3638200275582078e-05,1.3086617521697046e-05,1.0916763057203366e-05,0.0
Andy Janovich,RB,DEN,2.5023163303427856,4500.0,0.99982185871419793,5.5928804155196287e-05,4.2399034655320258e-05,3.3021670816972677e-05,2.4218125764296056e-05,1.3418032054631018e-05,9.1556183554016654e-06,0.0
Kapri Bibbs,RB,DEN,2.5021320839034242,4500.0,0.99983196511099004,5.6385296706491316e-05,3.6196118369510005e-05,3.5648206515121201e-05,2.0413886098905699e-05,1.1336596854991277e-05,8.0547844651269527e-06,0.0
Peyton Barber,RB,TB,2.502101081319597,4500.0,0.99982607945134561,7.3422163695307136e-05,3.3734295478204268e-05,2.6083453854606265e-05,1.8949290244940421e-05,1.0650505502854805e-05,1.1080839878436439e-05,0.0
George Atkinson,RB,CLE,2.5020577010496723,4500.0,0.99986446966125286,3.8807902788806239e-05,3.0718903956191936e-05,2.0256850619910179e-05,1.3865109666804235e-05,8.1111382971082598e-06,2.3770433418553307e-05,0.0
Charcandrick West,RB,KC,2.5020395130009203,4700.0,0.99985916769239735,4.6837538867256981e-05,2.731385122328076e-05,2.1676069867532848e-05,1.5427777619897327e-05,8.3686109131523091e-06,2.1208459111141344e-05,0.0
Zach Line,RB,MIN,2.501972200659663,4500.0,0.9998349622792837,6.7917775746893447e-05,3.2194243051155181e-05,2.8902201716661934e-05,1.7660018679881803e-05,9.7169597839785117e-06,8.6465217375385703e-06,0.0
Chase Reynolds,RB,LARM,2.5019001039175852,4500.0,0.99989036168049683,3.1515532709946093e-05,1.7510205671056822e-05,1.378125556352762e-05,9.7062388135405303e-06,5.3312975475117584e-06,3.1793789197368133e-05,0.0
Ryan Hewitt,RB,CIN,2.5018594870305866,4500.0,0.99984788270332758,6.429466052849665e-05,2.8975938113719861e-05,2.2592803589770128e-05,1.6159603791219078e-05,8.9192305299405896e-06,1.1175060119580645e-05,0.0
Antonio Andrews,RB,TEN,2.5017886824498987,4500.0,0.9998785927887186,3.4415466578228522e-05,2.7311658734267332e-05,2.2028194422720897e-05,1.2906745171397145e-05,6.5715396374975236e-06,1.8173606737196384e-05,0.0
Jalston Fowler,RB,TEN,2.5017886824498987,4500.0,0.9998785927887186,3.4415466578228522e-05,2.7311658734267332e-05,2.2028194422720897e-05,1.2906745171397145e-05,6.5715396374975236e-06,1.8173606737196384e-05,0.0
Knile Davis,RB,KC,2.501614468334032,4500.0,0.99988469188700879,3.1964059792270216e-05,3.0034325465334507e-05,1.9537163507713614e-05,1.4164389138146142e-05,7.9074860408095749e-06,1.1700689046736952e-05,0.0
Anthony Sherman,RB,KC,2.5015957545845473,4500.0,0.99989169215604645,3.0661658306228353e-05,2.3808012114808393e-05,1.8513649488625615e-05,1.326639845994802e-05,7.4074161498500505e-06,1.4650709433682707e-05,0.0
Fitzgerald Toussaint,RB,PIT,2.5015910479026546,4500.0,0.99988343037135663,3.1168876790635806e-05,3.2582300643234233e-05,1.8873233023547619e-05,1.7650705771855714e-05,7.5071669300938639e-06,8.7873454839059784e-06,0.0
Brandon Bolden,RB,NE,2.5014079176223012,4500.0,0.99989810306221605,2.9633529534564566e-05,2.3881107714348855e-05,1.8721340940946285e-05,1.3423263995093395e-05,7.4762137994071072e-06,8.7614817994920919e-06,0.0
Antone Smith,RB,TB,2.5014016615136558,0.0,0.99989961377064485,2.9568515813175557e-05,2.3047904267068896e-05,1.7941904334787783e-05,1.2895448303939287e-05,7.200330646381462e-06,9.73212598953386e-06,0.0
C.J. Prosise,RB,SEA,2.501333417899549,4800.0,0.99990496800690565,3.1120490348660141e-05,1.9684810677826592e-05,1.5496522461863742e-05,1.11171764714994e-05,6.1661736265659851e-06,1.1446819507855006e-05,0.0
Troymaine Pope,RB,SEA,2.5013083898052457,4500.0,0.99990685836179827,3.0479601492723878e-05,1.933981732868333e-05,1.5080150348259843e-05,1.0892998337899508e-05,6.0417860054933783e-06,1.1307284688493689e-05,0.0
Don Jackson,RB,GB,2.5012273956077946,4500.0,0.99991136482707377,2.9303360432100267e-05,1.8689652437257683e-05,1.4473966485804238e-05,1.0402324246011562e-05,5.8085938687415951e-06,9.9572754564632096e-06,0.0
Michael Burton,RB,DET,2.5012024992804252,4500.0,0.99991307014853725,2.7274352402867528e-05,1.7179871742895222e-05,1.3388526080868296e-05,1.704258302361093e-05,5.173012346988645e-06,6.8715058653192126e-06,0.0
Kerwynn Williams,RB,ARI,2.5010953526863871,4500.0,0.99992162572645593,2.5833457023890129e-05,1.638124260645435e-05,1.2713203671482589e-05,8.9705059498811754e-06,5.0934384515088009e-06,9.3824258413663682e-06,0.0
Ronnie Hillman,RB,MIN,2.5009854063348058,4500.0,0.99992891777215265,2.3528603655589761e-05,1.5017398680332564e-05,1.1517019896463873e-05,8.2509509290954179e-06,4.687101944560983e-06,8.0811527410095471e-06,0.0
Roosevelt Nix,RB,PIT,2.5009826482039808,4500.0,0.99992899930367218,2.3463020960396629e-05,1.4944524646029635e-05,1.165671623873927e-05,8.3534477396898617e-06,4.6638553081025363e-06,7.9191314350932472e-06,0.0
DuJuan Harris,RB,SF,2.500912849870081,4500.0,0.99993451742906214,2.1532508772448365e-05,1.3710329002764667e-05,1.0659440662252645e-05,7.6953470224395656e-06,4.2633656311826246e-06,7.6215798470288206e-06,0.0
Lorenzo Taliaferro,RB,BAL,2.5008761539102666,4500.0,0.99993772130355707,1.830455337563779e-05,1.418276804016092e-05,1.1018340558661853e-05,7.9589651012742886e-06,4.414426915499303e-06,6.3996424520835148e-06,0.0
James Develin,RB,NE,2.5007609826086701,4500.0,0.99994156574569315,1.967150863017452e-05,1.2966690802718565e-05,1.0395847150863625e-05,7.406169727488203e-06,4.1212238902228379e-06,3.8728141053322404e-06,0.0
