name,pos,team,expectation,salary,prob_0_5,prob_5_10,prob_10_15,prob_15_20,prob_20_25,prob_25_30,prob_30+
Erik Swoope,TE,IND,20.979623346076554,0.0,0.06083299148105608,0.12307529891919267,0.099812175257308566,0.10427102519534953,0.16678435213613751,0.33378832328020619,0.11143583373074943
Martellus Bennett,TE,NE,18.227581037146695,5800.0,0.043850796417575402,0.16080853603645473,0.13373217825337844,0.13358773073681746,0.3361796643455417,0.18347043138200028,0.008370662828231866
Hunter Henry,TE,SD,14.114037301500757,5800.0,0.066584089255659867,0.27924495305292368,0.26213582890077097,0.16624764063901065,0.11633034057661289,0.10416326267696091,0.0052938848980611398
Cameron Brate,TE,TB,13.814985179307081,5200.0,0.15876433209268231,0.21133481868594003,0.22449348677749728,0.12780563517326596,0.19628131465884396,0.062966401674132755,0.018354010937637538
Jimmy Graham,TE,SEA,13.76612187376239,6700.0,0.049204097093381513,0.23788112135215059,0.40060104902375626,0.1197557134691571,0.11800431289036302,0.067828217819235925,0.0067254883519557579
Rob Gronkowski,TE,NE,12.623197489563369,8500.0,0.12277579519707521,0.3629434870745411,0.15204547357340104,0.1310357845511205,0.19556129657121263,0.032930357306068414,0.0027078057265809909
Charles Clay,TE,BUF,11.728804901754303,5100.0,0.16597734563239067,0.2007100782222338,0.34672976812883249,0.23423872356097922,0.029588909650497344,0.011592719764598157,0.011162455040468304
Coby Fleener,TE,NO,11.124663825311966,5900.0,0.23079311694681065,0.35807772481823991,0.13436068328693521,0.047294877890119255,0.19945327818183675,0.024464096947865454,0.0055562219281924804
Gary Barnidge,TE,CLE,10.064668893494593,5200.0,0.24633709738219528,0.32652270046417065,0.15884968385436729,0.2255586883615722,0.028144239067993109,0.010240434322490173,0.0043471565472113357
C.J. Fiedorowicz,TE,HOU,9.4845199371877023,5100.0,0.15075888042762986,0.52473612183178397,0.20953270709244395,0.055043606679036385,0.026352356572889604,0.023789281988803021,0.0097870454074131582
Clive Walford,TE,OAK,9.384665295027169,4800.0,0.3494640900537242,0.26494040292217746,0.193131252291556,0.072271571566890513,0.10275888767094113,0.010293189733273709,0.0071406057614368992
Rhett Ellison,TE,MIN,8.5351259956425061,4500.0,0.48557512169269879,0.11216506456783426,0.24318779505218291,0.057381585889326348,0.085470499799692817,0.0073145179327800585,0.0089054150654847165
Zach Miller,TE,CHI,8.2729937318516011,5500.0,0.40187784470296878,0.29184440152873958,0.15531517071046683,0.06827207940132711,0.070473419693698858,0.0093313062108820594,0.0028857777519168712
Dennis Pitta,TE,BAL,8.0348393265663507,5300.0,0.38419537859432151,0.35983688870810848,0.11489566677800092,0.059991313881224514,0.070286236965742835,0.0092957296195968556,0.0014987854530047497
Levine Toilolo,TE,ATL,7.8974120699390919,4500.0,0.54397346580154915,0.24437792432276986,0.076357627425076915,0.048018131495225234,0.0075937341272215662,0.0066362370417930921,0.073042879786364201
Brandon Myers,TE,TB,7.5408250518659639,4500.0,0.54509381676558599,0.19167442088106604,0.10971663318045764,0.070497838204174823,0.055312124551207778,0.010512180933296599,0.017192985484211207
Randall Telfer,TE,CLE,7.3617522950085368,4500.0,0.54746995386828323,0.16398662609192782,0.12288761359460758,0.11488781604295943,0.043183591036232767,0.0027385349547835659,0.0048458644112057032
Kyle Rudolph,TE,MIN,7.3305752814385983,5400.0,0.56935649173464919,0.13038863271869816,0.17343390708163209,0.053824348029867616,0.052926998844579042,0.0098499802672611988,0.01021964132331271
Jesse James,TE,PIT,7.2924353867489407,5400.0,0.55098057496865038,0.21399207322069605,0.080917530666275467,0.049312395175348196,0.093385727577469865,0.0086641283896823143,0.0027475700018777397
C.J. Uzomah,TE,CIN,7.1867194586344638,4800.0,0.56235452970583399,0.15935235722987615,0.15502509445270171,0.054259556450766445,0.0491279468601045,0.013714973770510822,0.006165541530206424
David Johnson,TE,PIT,7.1413731208287548,4500.0,0.60741622877873813,0.15491571259478193,0.076178264706863577,0.044494330088778337,0.10303207038902501,0.010247298024651548,0.0037160954171614065
Vernon Davis,TE,WAS,7.0218005217405732,4500.0,0.53567621920195141,0.27409216798353436,0.066711450487819901,0.067425314746675902,0.021405063902406998,0.011023172243459344,0.023666611434152027
Luke Stocker,TE,TB,6.8018628350737202,4500.0,0.60569439810437875,0.18825744886450169,0.077640913987201451,0.052404448141668544,0.046119832456348625,0.012732409315278252,0.017150549130622784
Travis Kelce,TE,KC,6.6378469459391942,6300.0,0.54550143966341103,0.22108389843330917,0.14690879400705237,0.041923438760039851,0.038662485039079569,0.0041546602181435285,0.001765283878964528
Demetrius Harris,TE,KC,6.4795236947581634,4500.0,0.60365540155396391,0.17758537945396996,0.11533574724910194,0.046682411653378761,0.043797397653037889,0.0078151776069242743,0.0051284848296230196
Lance Kendricks,TE,LARM,6.3971856599745642,4500.0,0.54110958907229367,0.24941199728851429,0.15378486117144163,0.020396989897581395,0.0202880382223385,0.01162874565298762,0.0033797786948428798
Larry Donnell,TE,NYG,6.3682010133301157,4800.0,0.53800580486910521,0.28810268680214846,0.098895083337129722,0.027301439046934838,0.038883803208115124,0.0046432457142227676,0.0041679370223440407
Nick Vannett,TE,SEA,6.2233760067999642,4500.0,0.65330346502325709,0.17465272552883243,0.070536227133425111,0.036281284044959998,0.036318042621087024,0.0087131085131776018,0.02019514713526066
Xavier Grimble,TE,PIT,6.2193146920509035,4500.0,0.66036934118780766,0.15410180648709665,0.066117611674971724,0.036558332426810614,0.071760252729182392,0.0075282402239135685,0.0035644152702171586
Marcedes Lewis,TE,JAC,6.0928246992370054,4500.0,0.65033408546558458,0.13622391938353542,0.11994288342855847,0.053279138719031602,0.027613865515630279,0.0065182155217702754,0.0060878919658894368
Austin Hooper,TE,ATL,6.0338283563271329,4500.0,0.69124790480901854,0.16649203817529218,0.055793162289565414,0.030794036471217447,0.0069700441234408304,0.0054288461672925368,0.043273967964173099
Will Tye,TE,NYG,5.9220521091003935,4800.0,0.57542391775263757,0.28863392438920882,0.074442311760226379,0.024842778715636244,0.022083006644662503,0.0071332557398178708,0.0074408049978106055
Delanie Walker,TE,TEN,5.8814985884913211,6500.0,0.63263593492747827,0.19814771078614959,0.083818110873583554,0.042598609489519206,0.035603679205206962,0.0043123105278964347,0.0028836441901661353
Garrett Celek,TE,SF,5.6543675974253054,4700.0,0.61739200908973235,0.20824979725255569,0.12971917466658456,0.033935354013017588,0.0019762412413633313,0.0021692722626814377,0.0065581514740650658
Ryan Griffin,TE,HOU,5.3973618731218025,4500.0,0.60442564038518753,0.27880562678382653,0.084255080947212999,0.016961585767873353,0.0057207129666430245,0.0036765457961674942,0.0061548073530889973
James O'Shaughnessy,TE,KC,5.3932901281974956,4500.0,0.70498579300655806,0.13339261398280172,0.089165720805171253,0.036002395213601435,0.028854578332848428,0.0039229134729781697,0.0036759851860409232
Brandon Williams,TE,SEA,5.2454505869956956,4500.0,0.71810217137422394,0.10893469484899296,0.11188201292389623,0.04148995494222469,0.013045900754115526,0.0018708631055576767,0.0046744020509890674
Crockett Gillmore,TE,BAL,5.0919582137816777,4800.0,0.68057558307953281,0.21220691629991043,0.051925569146079549,0.024942456989285811,0.025965057392225304,0.0032351489845154147,0.0011492681084507841
Nick O'Leary,TE,BUF,5.0115814781462582,4600.0,0.74096408815706016,0.10312461118742937,0.096668309946970329,0.048237871142394348,0.0035979268776137057,0.00093133924347743092,0.0064758534450548274
Darren Fells,TE,ARI,4.9417137205099371,4500.0,0.65936498638701235,0.24488170936378356,0.064695730926340539,0.018119017196497958,0.009095371466103435,0.0010997765733917894,0.0027434080868701783
Tyler Kroft,TE,CIN,4.8411929324745078,4500.0,0.76127110440577694,0.10272190818658873,0.08193139546464441,0.028078852840690317,0.018487727669256434,0.003561437423235348,0.003947574009807781
Jack Doyle,TE,IND,4.8187164412395935,4700.0,0.70475306972813034,0.19052854997392785,0.073344813818028251,0.014529495212461836,0.007486687959151978,0.0052220788933385514,0.0041353044149612496
Jeff Heuerman,TE,DEN,4.785176043659698,4500.0,0.77854440476507791,0.083163121562712952,0.081592236736966431,0.025057114522397755,0.026312690807152646,0.0029215323583405006,0.0024088992473519002
Stephen Anderson,TE,HOU,4.6435979179586173,4500.0,0.78474457217962157,0.12856065072043782,0.033890862387647484,0.013278410188602653,0.02243347332762716,0.0055267457031576905,0.011565285492905511
Blake Bell,TE,SF,4.6114056839343602,4500.0,0.76634980372715933,0.091597900488051151,0.10917268460383178,0.027476916655515462,0.0018491729650077526,0.00039164325216258406,0.0031618783082718585
Mychal Rivera,TE,OAK,4.5507286733377867,4500.0,0.76770492536874313,0.13343200559332177,0.060057109864090734,0.021867474504627466,0.0066941991075488141,0.0015783778325771272,0.0086659077290908697
Anthony Fasano,TE,TEN,4.4798604311886887,4500.0,0.80122704646997167,0.1029386053001754,0.042856582446853121,0.024353129150758802,0.018950754358104963,0.0029482157484819133,0.006725666525653917
Phillip Supernaw,TE,TEN,4.4769601191035955,4500.0,0.80188856212579851,0.10411702531494714,0.041295405939740404,0.024009560067082623,0.018098960312592206,0.0030523302561865219,0.0075381559836525842
Tyler Eifert,TE,CIN,4.4521416092973798,6000.0,0.78538205203694123,0.12842327995346975,0.038600249380026978,0.019653409219288726,0.020169486121231622,0.0035656869170746512,0.0042058363719670944
Vance McDonald,TE,SF,4.3941305021809143,4500.0,0.75340799148751103,0.19630830377104908,0.017406778189724019,0.013649435692994561,0.0054457067991067875,0.0030723269181473314,0.010709457141467395
Virgil Green,TE,DEN,4.3709083495499401,4500.0,0.76140826522729077,0.18214165153639361,0.023130703323604111,0.010959316345932576,0.010014752136217305,0.0049352467699548602,0.0074100646606069095
John Phillips,TE,NO,4.1645293663233822,4600.0,0.81683578532118528,0.12388503931560078,0.021353415350569123,0.010911984843583852,0.012439517140565372,0.0072751313535324756,0.0072991266749633521
Josh Hill,TE,NO,4.1186175277621562,4500.0,0.82130532789870836,0.12094314844010898,0.021094259566336662,0.010699863544274551,0.012079133877827136,0.0066886810248807139,0.0071895856478635623
Julius Thomas,TE,JAC,3.9291015428068863,5500.0,0.79106214693102817,0.1770292020568705,0.013045213587171797,0.0075099262292800993,0.003869128741366714,0.0026360668506552245,0.0048483156036276519
Jacob Tamme,TE,ATL,3.8429129620609528,5200.0,0.85325412106814191,0.095837464202036315,0.024890907784014218,0.012019748738307634,0.0013073405792970157,0.00054200698220245548,0.012148410646000396
Niles Paul,TE,WAS,3.757265225212775,4500.0,0.8583053777207601,0.092002538867486092,0.019794490379035249,0.017780182145325226,0.0041939023101272331,0.0011716240078112861,0.0067518845694549724
Sean McGrath,TE,SD,3.6935198265544065,4500.0,0.86352732766907314,0.071349645150929702,0.039531160768575206,0.018478246649874065,0.004735499707293549,0.0010283470057655722,0.001349773048488761
Marqueis Gray,TE,MIA,3.5571243518807738,4500.0,0.86805569378515546,0.083066247388311004,0.026928968204983129,0.017208066604404527,0.0030558127756663317,0.00020042493841260879,0.0014847863030670154
Logan Paulsen,TE,CHI,3.4887104490472072,4500.0,0.88087667520666169,0.070951956067764485,0.029707908232162746,0.0099253690613657335,0.0068147853862609653,0.00057494716625863991,0.0011483588795257128
Jermaine Gresham,TE,ARI,3.4385965792337929,4500.0,0.85386093473700453,0.11786258639686854,0.019602909203912316,0.0054049823215719175,0.0026183424273834963,0.00017599837891178928,0.00047424653434720553
Clay Harbor,TE,DET,3.4362833876075203,4500.0,0.90183192736905349,0.054410371973320826,0.023490944628307701,0.011621438065283974,0.0017450816335945144,0.00055450705767966441,0.006345729272759915
Khari Lee,TE,DET,3.3809696252031158,4500.0,0.9077028963327527,0.050973781190036503,0.022246717458245392,0.010976421205030616,0.0016394065184668894,0.00050348878360439986,0.0059572885118637439
Cole Wick,TE,DET,3.3809696252031149,4500.0,0.9077028963327527,0.050973781190036434,0.022246717458245392,0.010976421205030607,0.0016394065184668876,0.00050348878360439899,0.0059572885118637378
Jerell Adams,TE,NYG,3.2251740814490746,4500.0,0.89661806312804093,0.089009575657697126,0.0051468867849535213,0.0029565584799911924,0.0011128454651333564,0.00073603225699371533,0.0044200382271900335
Ifeanyi Momah,TE,ARI,3.1907659802716766,4500.0,0.89235531629387499,0.086720897779047679,0.014640134614252539,0.0039794738989838646,0.0018423660709973775,0.00010508710842806483,0.0003567242344155499
Zach Ertz,TE,PHI,3.0334503027802704,5100.0,0.91711177084351492,0.071359196995531393,0.0053576639777057769,0.0033167561131068183,0.0011974425109175192,0.00059740327522269407,0.0010597662840010947
Brandon Bostick,TE,NYJ,3.0294775866683428,4500.0,0.91803047433556328,0.062793939051667247,0.016277246417189691,0.001807350287145011,0.00074821889688263048,6.3901717622135757e-05,0.0002788692939300885
Antonio Gates,TE,SD,2.9833074395935784,5500.0,0.92944475493442735,0.058709403126878883,0.0045632006288307877,0.0042491820376027662,0.0010507983199600415,0.00067490136561712663,0.0013077595866832167
Kellen Davis,TE,NYJ,2.9693054407636081,4500.0,0.92627610292318541,0.057622411671600628,0.01367690582902141,0.0015183724695572941,0.00059394745381779036,5.0486762786473739e-05,0.00026177289003117903
Connor Hamlett,TE,CLE,2.9420111172425738,4500.0,0.93913219697594863,0.049487680006470122,0.0033438093460715444,0.0052340119213829008,0.00052947930643256651,0.00024424941599228314,0.0020285730277017243
Justin Perillo,TE,GB,2.9362136897913311,4500.0,0.95535189590496961,0.031619510784642701,0.0048423247497752751,0.001559020523181173,0.00036621992630997787,0.00060003088199925704,0.0056609972291220339
Tyler Higbee,TE,LARM,2.9174284632116034,4500.0,0.93960017285159514,0.042589310805533374,0.014833881884489286,0.0016886248085099598,0.00078467476961199172,0.00016508810523931865,0.00033824677502067979
Cory Harkey,TE,LARM,2.9174284632116034,4500.0,0.93960017285159514,0.042589310805533374,0.014833881884489286,0.0016886248085099598,0.00078467476961199172,0.00016508810523931865,0.00033824677502067979
Trey Burton,TE,PHI,2.9113205763791079,4500.0,0.93964807889028878,0.049969772314327227,0.004899305551703077,0.0027693070335913905,0.0011098758722983509,0.00045032328501586175,0.0011533370527755692
Richard Rodgers,TE,GB,2.8595261850914446,5000.0,0.95950554099039909,0.030638512206494651,0.0038503772513683787,0.0011871533600862623,0.00025566115879451353,0.0004506947466342063,0.0041120602862230304
Brent Celek,TE,PHI,2.7893752216470946,4500.0,0.95680087150280202,0.036298442975555331,0.0032999548959316495,0.0018455425736018296,0.00063760163210611562,0.00024976961149991884,0.00086781680850318301
