name,pos,team,expectation,salary,prob_0_5,prob_5_10,prob_10_15,prob_15_20,prob_20_25,prob_25_30,prob_30+,label
Antonio Brown,WR,PIT,13.998358892074984,9000.0,0.14077344965460994,0.23479260722921469,0.22990733867107904,0.16927311894406327,0.11464571563558944,0.053525486437537073,0.057082283427906368,1.0
Amari Cooper,WR,OAK,13.291081491944224,7900.0,0.15113621500772886,0.2585808000692707,0.23016417677832299,0.16291153384004048,0.10543471040686497,0.045125309146781742,0.046647254750990505,1.0
Odell Beckham Jr.,WR,NYG,13.188290480052341,8600.0,0.23452692459826527,0.26151073081841142,0.1376689969048652,0.1356820977662834,0.10229957587736957,0.032974071101491698,0.095337602933313739,1.0
Julio Jones,WR,ATL,12.934725960971196,9200.0,0.15603906229933978,0.28248789484555048,0.2197881980958595,0.15460842094748509,0.0980905519599065,0.046476491041462273,0.042509380810396527,1.0
A.J. Green,WR,CIN,12.850800566304788,8500.0,0.16526475648887592,0.25653735180361126,0.25022280822126985,0.14459348580886267,0.099213065117994853,0.043034023013179816,0.041134509546206149,1.0
Julian Edelman,WR,NE,12.035612387719326,6900.0,0.22464392096273156,0.24108074559865167,0.23020978884257232,0.13820137425280166,0.092710390437644535,0.036882066423535316,0.036271713482062914,1.0
Alshon Jeffery,WR,CHI,12.025543153707583,7300.0,0.20239277944941564,0.28353569529699812,0.21914149430870619,0.13122092795012452,0.087418343744643273,0.037290764751714542,0.038999994498397937,1.0
T.Y. Hilton,WR,IND,11.869634115212458,7800.0,0.2016881977272563,0.27625510210493692,0.23274737413493998,0.13669829930834085,0.0855316124148678,0.037373711953066713,0.029705702356591843,1.0
Marvin Jones,WR,DET,11.709285954524923,7700.0,0.23323177543643042,0.25437496155225453,0.22083876820148177,0.13950787809837809,0.083375841302294251,0.035054897809394636,0.033615877599766489,1.0
Demaryius Thomas,WR,DEN,11.675607006108466,7300.0,0.20539534239211649,0.29308767815517511,0.22075060583806197,0.12673576031636949,0.092268110019454924,0.033468987299251463,0.028293515979570534,1.0
Jordy Nelson,WR,GB,11.673555072044755,8200.0,0.2308260717695185,0.26007568783309598,0.22477829651025266,0.13268736410514201,0.081409102490635807,0.036714914077620002,0.033508563213735437,1.0
Michael Crabtree,WR,OAK,11.559417889508559,7200.0,0.23486927006435859,0.25335214988186255,0.22832261344008775,0.13856449485191644,0.083471748537187099,0.031281652349760769,0.030138070874826527,1.0
Brandon Marshall,WR,NYJ,11.387846582420636,7400.0,0.24092838423187979,0.26559412854394782,0.21874649796991558,0.13501250945224566,0.073056433223512324,0.037389581340453684,0.029272465238045144,1.0
Jarvis Landry,WR,MIA,11.315112808479034,7000.0,0.21851864879254151,0.29308483648482703,0.22432518184151914,0.13178602914482671,0.077701267911409994,0.026448020275915456,0.028136015548960631,1.0
Larry Fitzgerald,WR,ARI,11.270212962759611,7100.0,0.23188426858662217,0.28113747846208048,0.22665301727409765,0.11950723762324163,0.082736844180624158,0.031598340151499468,0.026482813721835047,1.0
Pierre Garcon,WR,WAS,11.202813865450491,6100.0,0.24322605363448177,0.27655462614067694,0.21035890564120718,0.13745486968217088,0.07036426453268943,0.035866435938199194,0.026174844430575342,1.0
DeSean Jackson,WR,WAS,11.130918054679265,6500.0,0.25066230328469047,0.27292967239934129,0.21105835700578951,0.12808813873912689,0.07720837472076271,0.034870793734921093,0.025182360115368535,1.0
DeAndre Hopkins,WR,HOU,11.117301225276512,7900.0,0.24314616685050611,0.27737800582778277,0.21978032685316648,0.13038151878028886,0.073040803983711433,0.028374561222710339,0.027898616481834188,1.0
Mike Evans,WR,TB,11.110675979855452,8000.0,0.27874682930752942,0.24254420402484239,0.20806798931928747,0.1286249737450072,0.079458534293225552,0.031251730410636107,0.031305738899472087,0.0
Emmanuel Sanders,WR,DEN,11.066105671350064,6700.0,0.23379357297409661,0.2923259361852874,0.21934220487440659,0.1221393017163265,0.080744918401216753,0.02862547895617791,0.023028586892488632,1.0
Randall Cobb,WR,GB,10.766539164656345,6700.0,0.28097195101070283,0.2648700504217264,0.20218699906520995,0.12559299727770507,0.066807238165785474,0.031436084333194475,0.028134679725675866,0.0
Brandin Cooks,WR,NO,10.667647094411173,7700.0,0.30261174376741817,0.26318367965391409,0.17949060687947183,0.11123685965524467,0.083224106523384661,0.031258001649053881,0.028995001871513007,0.0
Sterling Shepard,WR,NYG,10.354587737322372,6400.0,0.29347973232295083,0.27323294319238917,0.20506582441388729,0.10995750110600909,0.068338553085990433,0.026792772286470708,0.023132673592302741,0.0
Travis Benjamin,WR,SD,10.322683208425403,6100.0,0.30667229679701563,0.25427429763801657,0.20153093247785375,0.12431209527114728,0.066344442702216594,0.023828103846884868,0.02303783126686525,0.0
Mohamed Sanu,WR,ATL,10.304273759376423,5600.0,0.31812386246744917,0.24707866398335776,0.1950543713171552,0.12040458006132577,0.067650689294215499,0.029413377200300902,0.022274455676195806,0.0
Jeremy Maclin,WR,KC,10.274860559170712,6800.0,0.30476740089652893,0.27184236363795489,0.19405662736706644,0.10801241420585306,0.069608938422455469,0.029057442267495414,0.022654813202645566,0.0
Doug Baldwin,WR,SEA,10.247977247789787,7100.0,0.30124788325905916,0.28019795071794912,0.193235472872065,0.1052129031881732,0.069739619482436357,0.026033828346967988,0.024332342133349658,0.0
Tyrell Williams,WR,SD,10.227287722618124,6100.0,0.29534124535017953,0.27479148098952483,0.20613820463760632,0.11739639476989763,0.059086341114955448,0.024830706604377563,0.022415626533459167,0.0
Anquan Boldin,WR,DET,10.113115953692969,5900.0,0.3022843113925972,0.27812599959118267,0.19983526397264964,0.1146354488446355,0.055294981050867408,0.029410383998468983,0.020413611149598568,0.0
Jamison Crowder,WR,WAS,10.09978581431124,6200.0,0.28667362846350791,0.29342894651592738,0.20144043077751073,0.11640823980270731,0.062098429746369581,0.022432129408770065,0.017518195285207407,1.0
Golden Tate,WR,DET,10.094867178533349,6600.0,0.3022938616913789,0.28150726356638606,0.19631431966543189,0.11786972974974869,0.054011884246042516,0.024558873633716557,0.023444067447295505,0.0
Allen Robinson,WR,JAC,10.01966367135064,8400.0,0.30316648742905544,0.29099000344804138,0.18537203828075152,0.11361413790730196,0.062206018604780533,0.025134251350596187,0.019517062979473039,0.0
Mike Wallace,WR,BAL,9.8467025310651763,6900.0,0.28673733626397807,0.31895752802666555,0.19378872619692095,0.10750923037475857,0.054015934257945424,0.019485996054524654,0.019505248825207218,1.0
Terrelle Pryor,WR,CLE,9.658915890614864,7300.0,0.31464783744367114,0.29184388017348406,0.18880298606462065,0.11711847215859839,0.05258419366327019,0.017917309023293689,0.017085321473062017,0.0
Jordan Matthews,WR,PHI,9.5596411574538642,6400.0,0.33548688717099873,0.26881784477911341,0.20075738174856952,0.10335492459883022,0.052688518075217197,0.021358070973398636,0.017536372653871993,0.0
Michael Floyd,WR,ARI,9.55529475995632,5900.0,0.34362343209927088,0.26800334729279801,0.18299129229430686,0.10585213385817668,0.063594574512419594,0.018960406096025111,0.016974813847002761,0.0
Brandon LaFell,WR,CIN,9.5444889696859505,5700.0,0.33651952248472788,0.26816330073152261,0.20284873552870286,0.099434583101223967,0.053546951509659199,0.022746284254075419,0.016740622390088594,0.0
Sammie Coates,WR,PIT,9.524262710189344,5800.0,0.35656044904200301,0.24008432052494827,0.2027899708615129,0.10317789395115524,0.062343590724476351,0.018336201189904162,0.016707573706000407,0.0
Rishard Matthews,WR,TEN,9.2575692223152775,5600.0,0.3439310044890293,0.27946615543807757,0.19717053025877965,0.098286322790982469,0.046206137361339134,0.019390608075023928,0.015549241586768407,0.0
DeVante Parker,WR,MIA,9.2556610826966441,6200.0,0.35155380346798143,0.26481278325703772,0.20533239797671182,0.095835315633498702,0.049017667028851686,0.016889459880338943,0.016558572755579943,0.0
Allen Hurns,WR,JAC,9.1873939677939553,6000.0,0.34178826559728465,0.3041852812278239,0.1711162542515984,0.096741143795862267,0.050334299540333111,0.022283691358189441,0.013551064228908337,0.0
Quincy Enunwa,WR,NYJ,9.0948886519977119,6000.0,0.35798450058156001,0.27389602192548235,0.19426518706797996,0.093230517347380457,0.047280815807994064,0.019328468792295429,0.014014488477308473,0.0
Willie Snead,WR,NO,9.0489569275183399,6800.0,0.39687570502930125,0.25462676059156131,0.16464116469618179,0.085322755290242649,0.054038628697865784,0.023638594772631669,0.020856390922214554,0.0
Victor Cruz,WR,NYG,8.9975710276663925,5600.0,0.36615829140733458,0.27757817952796243,0.18532726955073811,0.08684494334681897,0.049701587863298459,0.021061952376546029,0.013327775927301408,0.0
Kenny Britt,WR,LARM,8.9559338973691442,6200.0,0.35711232429257272,0.2877275055004741,0.18934125745416444,0.095651046037338136,0.034742279547224537,0.020941209219569854,0.014484377948656056,0.0
Tavon Austin,WR,LARM,8.6979749175366532,5800.0,0.38701564426682683,0.28527952297021331,0.16406014927903587,0.085319616239090651,0.042715125441021899,0.021392540151391838,0.014217401652419536,0.0
Seth Roberts,WR,OAK,8.4950729828137312,5200.0,0.42312420658568239,0.23219130466553078,0.17873885302799256,0.09665136939053573,0.044514774490055864,0.013156211501280319,0.011623280338922725,0.0
Davante Adams,WR,GB,8.4429828065769499,5100.0,0.41663075315846149,0.26113995630229664,0.16760184219442439,0.083502922082133127,0.038306910914231551,0.016531992696017815,0.016285622652435328,0.0
Chris Hogan,WR,NE,8.3247766311216509,5500.0,0.43394483000554557,0.25381865127561304,0.1593259849134315,0.082133789056241413,0.036486637734435848,0.015165939053583925,0.019124167961148714,0.0
Will Fuller,WR,HOU,8.293948085205848,6800.0,0.43328815743719784,0.25266883988008648,0.16207382252727712,0.080933179863188764,0.037891650165796834,0.018554189312111339,0.014590160814341347,0.0
Michael Thomas,WR,NO,8.2858473401575576,5700.0,0.42449880939947904,0.25080509712397636,0.17319093648385392,0.086349220689886624,0.038180835242208326,0.018084441328358822,0.0088906597322369295,0.0
Torrey Smith,WR,SF,8.161185732148704,5600.0,0.42620016240081715,0.27007706524714903,0.15710919471994744,0.081130609939866788,0.037891362617272648,0.017574014355432738,0.010017590719514196,0.0
Stefon Diggs,WR,MIN,8.0914103140808802,7000.0,0.45979914948431466,0.2478302023000688,0.14284235046381336,0.073823579612494514,0.042318384579741887,0.015325523803437276,0.01806080975612968,0.0
Jeremy Kerley,WR,SF,8.072314521119706,5400.0,0.4313951182843202,0.26475294194801469,0.1654381864008013,0.075450402945098458,0.038548975700395977,0.013604638567639748,0.010809736153730074,0.0
Tyler Boyd,WR,CIN,7.9274171755142175,4800.0,0.46211142703195796,0.24421057342453933,0.15439052073026799,0.078175167668896331,0.032051770148524256,0.01275618657054424,0.016304354425270839,0.0
Dontrelle Inman,WR,SD,7.9255635797380748,5600.0,0.46205865443131128,0.25256582524571491,0.13688109766587533,0.077452469466273877,0.046782169542459687,0.012259989941927573,0.011999793706438531,0.0
Danny Amendola,WR,NE,7.9088295220597065,4900.0,0.48664095032093319,0.21261729212429653,0.15384424786059678,0.080674372079224635,0.034213415435521789,0.016986570386388729,0.01502315179303799,0.0
Nelson Agholor,WR,PHI,7.6313548604727544,5300.0,0.48846526215519886,0.2411525218675743,0.14001472851728322,0.069342538363110204,0.031223593657473091,0.014361204588435802,0.015440150850924331,0.0
Marquise Goodwin,WR,BUF,7.5515235098405258,5300.0,0.4925177811483144,0.23984460452534417,0.13113007029258045,0.081485143589174858,0.031143423473804936,0.010695012076813788,0.013183964893967219,0.0
Tyler Lockett,WR,SEA,7.338814134772857,5200.0,0.52140223280434483,0.22029403468679978,0.13349729107837946,0.064497559349389638,0.034676922029339474,0.012222597593916917,0.013409362457830873,0.0
Kenny Stills,WR,MIA,7.2683332093177402,5100.0,0.50052356845967438,0.25241393978322757,0.12829759592900686,0.071167213579675731,0.026557941773408526,0.0078894737985980949,0.013150266676408486,0.0
Kamar Aiken,WR,BAL,7.2059232303645242,5300.0,0.52243411315688104,0.24519518424638928,0.11280570172498365,0.062361154273557942,0.026002153424011545,0.015683349181546572,0.015518343992630045,0.0
Tajae Sharpe,WR,TEN,7.1984837692457617,4700.0,0.54675476818940849,0.19677663679516322,0.13361743631764822,0.064988712964288736,0.032093642877952168,0.010101789697993012,0.015667013157546514,0.0
Cameron Meredith,WR,CHI,7.0811037033503368,5900.0,0.52317564053102705,0.23208749822473704,0.12979427487957038,0.068298569143877427,0.027564366290225878,0.0097508073033315962,0.0093288436272301392,0.0
Breshad Perriman,WR,BAL,6.8665915768711017,5400.0,0.51753766729040396,0.26036227248448846,0.12726817811742761,0.057628989399322719,0.016894626579512795,0.0093663451324224895,0.010941920996422294,0.0
Brian Quick,WR,LARM,6.7615779262688971,4500.0,0.53247666148204775,0.25399922589066953,0.11981903806290579,0.056807708440429532,0.015983326331387569,0.0077462707074547029,0.013167769085105495,0.0
Adam Thielen,WR,MIN,6.6843804852272299,5400.0,0.55041479255154435,0.24224133225269615,0.11695914257173767,0.047501890304242157,0.019126620753684754,0.0084740763052074536,0.015282145260887905,0.0
Quinton Patton,WR,SF,6.3305138299072352,4800.0,0.56281752792250261,0.24566627625102094,0.11540375753437583,0.046342357672196716,0.013804397789690425,0.0055950852733777081,0.01037059755683601,0.0
Marqise Lee,WR,JAC,6.2984419771662239,4500.0,0.58977928485980913,0.21719730445690266,0.11010298757699202,0.050137993901677336,0.013749199430040481,0.0045611047583955441,0.01447212501618254,0.0
Andrew Hawkins,WR,CLE,6.1732028761926632,4500.0,0.58084412443192768,0.23474925248378428,0.10692492829017448,0.051120186781990741,0.012423105001729055,0.0050740891640329092,0.0088643138463609748,0.0
Andre Johnson,WR,TEN,6.1383283013710059,4900.0,0.61519175064873044,0.19803885363950763,0.10170069595969736,0.049230908476215876,0.017708422733283196,0.0067612647821077574,0.011368103760458336,0.0
Jermaine Kearse,WR,SEA,6.0354647607266365,4500.0,0.6226592584236107,0.20045899052222049,0.097321166008143445,0.043908727528903561,0.016462964777651103,0.0068761432647029431,0.012312749474767733,0.0
Adam Humphries,WR,TB,5.8494634875570055,4900.0,0.65923608549313284,0.17596892897926675,0.084153445890440839,0.039483131144789747,0.01975717222304044,0.0073128275506136303,0.014088408718715917,0.0
Jordan Norwood,WR,DEN,5.7783802627245135,4500.0,0.63833063261745049,0.20458647645458033,0.087799495148227824,0.039290871661910587,0.012443647779216267,0.0041495443398148254,0.013399331998799384,0.0
Jaron Brown,WR,ARI,5.7778276625176197,4800.0,0.62449614741830839,0.21716761595820711,0.086049629095071203,0.04836104914676162,0.01118662964863004,0.0042226962961824663,0.0085162324368395284,0.0
Jaelen Strong,WR,HOU,5.7347520093072566,4900.0,0.64478093617281218,0.19493311326489338,0.087882523845103838,0.048316148301149935,0.0082743422255511356,0.0030517720916582503,0.012761164098831443,0.0
Chris Conley,WR,KC,5.7034367148390377,4700.0,0.64128348684602277,0.2019834829562559,0.086791876505330587,0.042218882845119918,0.01353227667998716,0.0052670735611799642,0.0089229206061048425,0.0
Dorial Green-Beckham,WR,PHI,5.6706578131859384,4600.0,0.65399096325233508,0.18747877596477946,0.091571658700033143,0.037230383213466375,0.0138713480138712,0.0044911553229295981,0.011365715532586081,0.0
Justin Hardy,WR,ATL,5.5840325837116733,4500.0,0.6577304899949401,0.18701597970946821,0.090067517490155583,0.039430845557312924,0.0092360066550471482,0.0086370700630415687,0.0078820905300339208,0.0
Andre Holmes,WR,OAK,5.4873020596778108,4500.0,0.69194225636764073,0.15430518139782198,0.082925783185197208,0.041539191592736203,0.012509810588063143,0.0042724684057556415,0.012505308462785567,0.0
Cordarrelle Patterson,WR,MIN,5.4336981753618856,4900.0,0.68908462571073559,0.16998824451730685,0.079715150380541958,0.031920853110707532,0.0090364175124085875,0.0041618310544807831,0.01609287771381928,0.0
Kendall Wright,WR,TEN,5.3572264868749082,5000.0,0.68974960828170584,0.16657873710723953,0.08179499555351144,0.037060900860613866,0.010089203357585086,0.0039903688714678191,0.010736185967876635,0.0
Ricardo Louis,WR,CLE,5.3179434479819374,4500.0,0.67267656374743989,0.19262215661866305,0.078693920888570329,0.035329837478529337,0.0089449170636468275,0.0029682778733797141,0.0087643263297707483,0.0
Andre Roberts,WR,DET,5.2475862055822731,4500.0,0.72028567429539303,0.14258958519277798,0.080802371774647441,0.029231771929028517,0.0056106116980653101,0.0029565022803558537,0.018523482829731666,0.0
Charles Johnson,WR,MIN,5.2395700436787225,4900.0,0.71617261476693383,0.15445870267956088,0.076989229551037028,0.021320694455729323,0.0089998228671793225,0.002578406532623468,0.019480529146936414,0.0
Chester Rogers,WR,IND,5.2018761646951654,4500.0,0.69555837731083436,0.17628634542559249,0.073228444313079344,0.033219338721809474,0.0072020038303197845,0.0034131467925282901,0.011092343605835853,0.0
Robby Anderson,WR,NYJ,5.1542722086648505,0,0.70765457045637792,0.1668564727230544,0.070137440485670929,0.033107890582234505,0.0067280736689891932,0.0022426446186432488,0.013272907465030325,0.0
Tyreek Hill,WR,KC,5.1244766252239149,4500.0,0.70729913284509327,0.16835544530629484,0.069320253249675085,0.03208478265048649,0.0090065566427972466,0.0033007278468386871,0.010633101458814751,0.0
Albert Wilson,WR,KC,5.1111212375909822,4600.0,0.71067815224875108,0.16462476883451968,0.068781470542325224,0.032998545402664156,0.0082724387420473108,0.0048259407134386353,0.0098186835162540568,0.0
Aldrick Robinson,WR,ATL,5.0823221884953105,4500.0,0.72246932537515907,0.15797435931749609,0.06489243739310839,0.026018296038285295,0.009271696316920406,0.0082444839472575228,0.01112940161177294,0.0
Bennie Fowler,WR,DEN,5.05652491671301,5000.0,0.71906799610932071,0.15879219972480973,0.071775379302181405,0.027158995303321186,0.0078166112081375846,0.0025391500123807136,0.012849668339848026,0.0
Arrelious Benn,WR,JAC,5.0527863229600074,0.0,0.73595627056564006,0.1464419444608282,0.066237892930801956,0.024277044245481515,0.0046390359158688561,0.003772346239538522,0.018675465641839618,0.0
Rod Streater,WR,SF,5.0474244558800239,4500.0,0.73735686108252052,0.14223925166874432,0.065354305514325958,0.028732075018879602,0.0072028606185679262,0.0018105591217036721,0.017304086975258374,0.0
Rashad Greene,WR,JAC,5.0459830074623468,4500.0,0.76912859801876265,0.11281343583572463,0.066438244243306119,0.018306000279927577,0.002223820848461228,0.0015939747288707328,0.029495926044946372,0.0
Tommylee Lewis,WR,NO,5.0283859623541893,4500.0,0.72168162803022839,0.15576087922381138,0.068125797529169155,0.032034288479340256,0.0098375832311674016,0.0022848886432260992,0.010274934863056563,0.0
Malcolm Mitchell,WR,NE,4.9745569222954034,4500.0,0.76023645737763612,0.12388947618099708,0.061016685984143462,0.023938054311381938,0.0072935567739540142,0.0037115697582841538,0.019914199613602235,0.0
Charone Peake,WR,NYJ,4.9629837186190855,4500.0,0.73133635412536047,0.15272935759774414,0.06401562963901708,0.030326437097370072,0.0061289134325382636,0.0027802272506870563,0.012683080857283107,0.0
Bradley Marquez,WR,LARM,4.9096151185975865,4500.0,0.757697801166897,0.14199046551277922,0.048906179903699547,0.020864277192170887,0.0061550355931999775,0.0024022264354153578,0.021984014195838373,0.0
Justin Hunter,WR,BUF,4.8487304082987679,4900.0,0.74026369255319457,0.14280590236800211,0.068351652328713597,0.029249775344105697,0.0077827391971592953,0.0024626376959900565,0.0090836005128338542,0.0
J.J. Nelson,WR,ARI,4.7589171131902361,4500.0,0.73768165221575599,0.16327842919566801,0.054091626770289357,0.027188836122693079,0.0051104645255343204,0.0026033794492030405,0.010045611720856678,0.0
Brandon Coleman,WR,NO,4.7486511095860333,4600.0,0.75586069037830417,0.13088058827628873,0.063927721248943872,0.031334361145936247,0.0063077331081156174,0.0028118084686065935,0.0088770973738040767,0.0
Tanner McEvoy,WR,SEA,4.7212046637942571,5000.0,0.75729518872668178,0.13781912972191662,0.058774265954668968,0.025658097037702245,0.0068009133161713664,0.0026968715525233608,0.010955533690336517,0.0
Braxton Miller,WR,HOU,4.6802643182674499,4500.0,0.76267310998829596,0.14103920481946022,0.052450596488075554,0.02372939695912632,0.0036214327399718923,0.0018147596748947601,0.014671499330175152,0.0
Darrius Heyward-Bey,WR,PIT,4.5440899451154548,4500.0,0.78649021871003766,0.11654377480635669,0.054540902187976324,0.019435744309824761,0.0061828248393445903,0.0060590672653722784,0.01074746788108733,0.0
Jeff Janis,WR,GB,4.5045343445107582,4500.0,0.79446384862405472,0.1093848210480763,0.053022204480709816,0.02289220570358802,0.0048929372928664906,0.0016710772794284417,0.013672905571274522,0.0
Chris Moore,WR,BAL,4.4904479870326419,0.0,0.82421965840842748,0.095725903902994153,0.038344557251365,0.01124974289935431,0.0016619345721714043,0.0012738048419403487,0.027524398123746789,0.0
Paul Richardson,WR,SEA,4.4560094049186887,4500.0,0.79446074912005438,0.11150370959935942,0.056444405223289279,0.017428437183552886,0.0050314568916192039,0.0026365673754264753,0.012494674606697306,0.0
Cobi Hamilton,WR,PIT,4.4548194427809431,4500.0,0.79830161041418257,0.11340209152462391,0.047718338017927332,0.019604673316530589,0.0041653436630801639,0.0017346023466387221,0.015073340717016071,0.0
Russell Shepard,WR,TB,4.4401906734832783,0.0,0.83682647233376695,0.079965769840430398,0.041284454409285777,0.011388645962031055,0.0017296796367847337,0.0018757041404185643,0.02692927367728146,0.0
Roger Lewis,WR,NYG,4.4361260045035324,4500.0,0.79576033791381096,0.11689385470906526,0.047651356561132341,0.019904050312920904,0.0042781046631256529,0.0017505729876828489,0.013761722852261141,0.0
Rashard Higgins,WR,CLE,4.4073392336491715,4500.0,0.80437698661763612,0.11026985488322257,0.047981448798713529,0.016794179287995852,0.0029258979964777044,0.0010577642029387852,0.016593868213014295,0.0
Cecil Shorts,WR,TB,4.3470142951947279,4500.0,0.84779717654909637,0.072194574088236957,0.039116139621989426,0.011558937637069609,0.0017031956685459762,0.0014056244710358638,0.026224351964024381,0.0
Jalin Marshall,WR,NYJ,4.3333019638772843,4500.0,0.80468363229446305,0.10905687763825347,0.050732722083110894,0.017841663013306953,0.0038889739837140017,0.0017451102801798242,0.012051020706970235,0.0
Devin Hester,WR,BAL,4.3292552358800522,4500.0,0.83592293754872693,0.082495693436738127,0.045638741831797516,0.010663919797881307,0.0012150528145086705,0.00079190352216780015,0.0232717510481785,0.0
Josh Huff,WR,PHI,4.2605646245543207,4500.0,0.82490675240850164,0.089436060846765891,0.052611570839172617,0.013299439961355965,0.0031599387578446865,0.0019299294940167909,0.014656307692341939,0.0
Walter Powell,WR,BUF,4.2442103890098126,4500.0,0.82486161581137574,0.096449035143473943,0.042560145496527133,0.016154602266230601,0.0036080692502662502,0.0013371935620951241,0.015029338470031073,0.0
Jordan Taylor,WR,DEN,4.1553639622822418,4500.0,0.82677157692446568,0.097477331520198329,0.046161282969376174,0.012454361212077379,0.0019148721463307437,0.0017889441354310663,0.013431631092121086,0.0
De'Anthony Thomas,WR,KC,4.1548779397584736,4500.0,0.83288464543202279,0.094051194225426502,0.039049045816629407,0.015258511586554247,0.0028530512348919545,0.0011563491235355838,0.014747202580938694,0.0
Brandon Tate,WR,BUF,4.1245971779853967,4500.0,0.85538058273548623,0.073983165118542568,0.037635872896436724,0.010092786535569819,0.00086913834034543932,0.00089356114062619598,0.021144893232991086,0.0
Johnny Holton,WR,OAK,4.1232140169516542,0.0,0.87206481655507939,0.059067769134512227,0.033445833501601005,0.0079034057201643505,0.0011887246996624952,0.00061545082325878213,0.02571399956572009,0.0
Devin Street,WR,IND,4.0994104946329131,4500.0,0.87865866841169371,0.054384967750400769,0.031104285268353227,0.0077245326479550699,0.00081600303520680442,0.00044938547116101462,0.026862157415227524,0.0
James Wright,WR,CIN,3.9420850365428297,4500.0,0.86165302706653124,0.073745127276320932,0.036514551647596226,0.0096166885698321571,0.0020989715236516718,0.0013458636809867116,0.015025770235079488,0.0
Aaron Burbridge,WR,SF,3.9392304951490598,4500.0,0.86678257044426654,0.072313718616526051,0.032178373960087409,0.0094558304979023879,0.00068719721966866386,0.00048377205288975788,0.018098537208658592,0.0
Leonte Carroo,WR,MIA,3.9212673813802015,4500.0,0.8649049187184179,0.068487319973986341,0.038340635486923805,0.010106137666980295,0.0025564101582861215,0.0019259501840005193,0.013678627811402963,0.0
Mike Thomas,WR,LARM,3.91230211286888,4500.0,0.86448059332692573,0.07678973441231017,0.031856821036420187,0.0075279523360256536,0.0022984993698067129,0.00041493684600337957,0.016631462672508406,0.0
Jakeem Grant,WR,MIA,3.8958541571457865,4500.0,0.87203973149117564,0.064340935471249944,0.035160501795932116,0.010291453077379196,0.0015033916413019555,0.00046329722036030915,0.016200689302599502,0.0
Ryan Grant,WR,WAS,3.8945088521425006,4500.0,0.86370059992465342,0.072246335429742792,0.034690896354923617,0.011382399735313367,0.0046569889270429354,0.0013997201395347767,0.011923059488788412,0.0
Josh Bellamy,WR,CHI,3.876528818077686,4500.0,0.86292543439699054,0.073947335656097388,0.037102183473674055,0.010566037409389481,0.0016257753589108655,0.00064211448920666362,0.013191119215730305,0.0
Matthew Slater,WR,NE,3.8678146372197504,4500.0,0.8803297478844202,0.05906345609627265,0.033060511973868535,0.0070578851617023883,0.0020837623768526444,0.00050692992487508259,0.017897706582007341,0.0
Dwayne Harris,WR,NYG,3.8015680859520753,4500.0,0.88036494411826727,0.059493536148603407,0.034244650531292907,0.008558080174547936,0.0021627113966246874,0.0004258738201536098,0.014750203810510046,0.0
Jordan Payton,WR,CLE,3.7765092743702922,4500.0,0.88866394797465975,0.056550371826055504,0.029193081285034013,0.0065887618106879858,0.00086156709156803813,0.00051465893223786826,0.017627611079755398,0.0
Alex Erickson,WR,CIN,3.75327030740254,4500.0,0.88014291438661785,0.066396493394993192,0.029005401963054487,0.0078810721192967004,0.001429899169074547,0.0010356481066927808,0.014108570860269834,0.0
Trevor Davis,WR,GB,3.7211477124800374,4500.0,0.89129805752483071,0.05204482279970974,0.033577374019842329,0.0059841171404199922,0.0012900497224962409,0.00054589387145689752,0.015259684921243685,0.0
Eric Weems,WR,ATL,3.6921667212847717,4500.0,0.88024244141732988,0.073068515585834659,0.023883929315864846,0.0073517723763815851,0.0010609965926525878,0.0015017160586327715,0.012890628653303269,0.0
Marc Mariani,WR,TEN,3.6718620143655043,4500.0,0.89971673267079355,0.051394832306548316,0.024224137182246759,0.0055187281919145039,0.0022558374796192767,0.00055566492657511436,0.016334067242302009,0.0
Griff Whalen,WR,SD,3.6205139299007589,4500.0,0.89719466166187767,0.053201217041949321,0.028608395112192573,0.0057517452301865521,0.00078369303820653474,0.00046473372059020111,0.013995554194997017,0.0
Deonte Thompson,WR,CHI,3.6157639131037245,4500.0,0.89432500973563533,0.055219770690798989,0.030684573096840174,0.0054810335455088895,0.00082806496158655029,0.00046103769946432253,0.013000510270164849,0.0
