name,pos,team,expectation,salary,prob_0_5,prob_5_10,prob_10_15,prob_15_20,prob_20_25,prob_25_30,prob_30+,label
Stefon Diggs,WR,MIN,26.265646661101822,7000.0,0.0072762089261934311,0.012806729408069711,0.024924593895735907,0.032809711148486867,0.031159219540116301,0.88283039174279165,0.0081931453386059998,5.0
Cecil Shorts,WR,TB,23.918519703297569,4500.0,0.060869229738037864,0.047971812779853781,0.037559493087032193,0.10069849833936483,0.030807652562560069,0.63887966751214864,0.083213645981002671,5.0
Willie Snead,WR,NO,23.467896592404323,6800.0,0.10472553951481266,0.042305087399601968,0.0085476009831237116,0.050122074769144015,0.01164176930784522,0.76668720305957982,0.015970724965892667,5.0
Mike Evans,WR,TB,20.489632934756344,8000.0,0.04516389700081485,0.12026648679607915,0.12331100420164562,0.15880500853987015,0.16288790743649628,0.28607039185120531,0.10349530417388858,5.0
Chris Moore,WR,BAL,19.705920028734091,0.0,0.15342664673679107,0.10187545419293982,0.10930782994849328,0.095188673774600094,0.16509500098878843,0.17562979796771985,0.1994765963906675,6.0
Russell Shepard,WR,TB,19.521671030950891,0.0,0.10413262110655802,0.15226857619781506,0.1149392243957663,0.14956252630244735,0.084372490876879758,0.21980000566499855,0.17492455545553492,5.0
Julio Jones,WR,ATL,19.482271200738271,9200.0,0.01214138687862366,0.20077907763185759,0.13129499695633762,0.054209102658976313,0.24702811828826654,0.34814145122364831,0.0064058663622900995,5.0
Michael Thomas,WR,NO,18.411039899564841,5700.0,0.071728899151844105,0.1383040451958639,0.19588703018965667,0.10473245560181817,0.13083486334626462,0.343826358798209,0.014686347716343516,5.0
Adam Humphries,WR,TB,17.969671832810747,4900.0,0.1434433037971127,0.15276664935823217,0.11073420226881847,0.14288251319669423,0.1473551336980061,0.17779136442880886,0.12502683325232752,5.0
Brandin Cooks,WR,NO,17.948252368766688,7700.0,0.093603965081905577,0.16549195132208908,0.17279338633975974,0.096103020284190266,0.082046509905107756,0.38178062443762129,0.0081805426293262672,5.0
Johnny Holton,WR,OAK,17.622409826097687,0.0,0.12961283156417577,0.17133575398346773,0.10706088423765361,0.17497386692718969,0.15397180638451982,0.14105063561889497,0.1219942212840984,3.0
Marqise Lee,WR,JAC,17.619646418941574,4500.0,0.10541451950358299,0.1536961856005693,0.14483498679943574,0.18867235968772278,0.059179246512013291,0.32365900190049435,0.02454369999618158,5.0
Arrelious Benn,WR,JAC,17.147643239469236,0.0,0.12500894049585676,0.19987503260286779,0.10155466115217927,0.18770831429708637,0.067159247665155367,0.25115157678654293,0.067542227000311594,5.0
Adam Thielen,WR,MIN,16.998924850247953,5400.0,0.20030731845860947,0.14781467819152252,0.15223736436158181,0.11573005718844423,0.067465602968556859,0.15096625513867246,0.16547872369261266,0.0
Jeremy Maclin,WR,KC,16.98231748199569,6800.0,0.1680251565080485,0.14384002017712841,0.13318390543470213,0.094493494961001942,0.11374195398329072,0.33722878903096554,0.009486679904862929,5.0
Marvin Jones,WR,DET,16.699743847064848,7700.0,0.05966804733808926,0.14577520734737495,0.18151234879668129,0.23732201215983237,0.2974272186305591,0.052963082505340722,0.025332083222122267,4.0
Chris Conley,WR,KC,16.198724696577795,4700.0,0.19964798887707791,0.14269382764130703,0.12267266862065243,0.10540793240634191,0.13958394294578894,0.27187496758442714,0.018118671924404629,5.0
Allen Hurns,WR,JAC,16.111517402674789,6000.0,0.17019895647328157,0.16482644385601075,0.14228905167696035,0.15487755844948767,0.050625418361321638,0.3039480854385469,0.013234485744391154,5.0
Travis Benjamin,WR,SD,15.963502597843666,6100.0,0.094938673153200204,0.258760484329005,0.17109199328923819,0.15661276785203637,0.12666465092640286,0.088196771017487893,0.10373465943262949,1.0
Emmanuel Sanders,WR,DEN,15.334461661414435,6700.0,0.078315235927439331,0.24734338948796014,0.19946027636389854,0.065004873311077432,0.36339939348683375,0.020055472041051365,0.026421359381739357,4.0
Cobi Hamilton,WR,PIT,15.239324107264416,4500.0,0.20186124743560052,0.17148372171988219,0.17555174335323298,0.1262244749369551,0.13228722068018886,0.089593361124664928,0.10299823074947534,0.0
Robby Anderson,WR,NYJ,15.179114631641852,0,0.13815972576360405,0.2193882641899903,0.19999605067771692,0.12013944320197255,0.14687809809221086,0.1145585857840668,0.060879832290438626,1.0
Sammie Coates,WR,PIT,15.037222550658255,5800.0,0.15839800378428048,0.20335262198795603,0.23000612314221217,0.092908950790691239,0.13721476708190319,0.0941888298164235,0.083930703396533288,2.0
Doug Baldwin,WR,SEA,14.730130702618332,7100.0,0.16360533779211694,0.15799737319625098,0.21520947231986534,0.15120801502263539,0.16080868645906846,0.1479074780546028,0.0032636371554601506,2.0
Kenny Britt,WR,LARM,14.549766519379064,6200.0,0.047147899114697869,0.30302773161193003,0.3278406437648449,0.072176390043387773,0.036858570320512776,0.19792409341206324,0.015024671732563463,2.0
Jarvis Landry,WR,MIA,14.350206844394453,7000.0,0.063992461291742547,0.25256788743470815,0.26320564549007852,0.1912718426159831,0.17358910987476942,0.024689748857113183,0.03068330443560505,2.0
Amari Cooper,WR,OAK,14.214654556846515,7900.0,0.088650222637192966,0.29611421496368673,0.21038045654874879,0.18349422868050391,0.10360921442232256,0.069499712187816726,0.04825195055972821,1.0
A.J. Green,WR,CIN,13.958588082438977,8500.0,0.11119398005318448,0.23746282921114206,0.27606896656610774,0.10459428166046179,0.20308598462000901,0.042247103730734044,0.025346854158360896,2.0
Demaryius Thomas,WR,DEN,13.8378237098771,7300.0,0.12654195438799118,0.28886826751322897,0.19186811523547889,0.054267493815399435,0.2976158262850942,0.01583651370239287,0.025001829060414406,4.0
Tyrell Williams,WR,SD,13.288144320875661,6100.0,0.19419991545850449,0.3012193583801055,0.15061598206312973,0.13067632224662368,0.095458098264722915,0.033053947629956171,0.094776375956957468,1.0
Rashad Greene,WR,JAC,12.969886635991692,4500.0,0.39548756455575701,0.1093896231716007,0.092549159735993078,0.14237111766068106,0.040946017599579124,0.14438360074809128,0.074872916528297723,0.0
Devin Street,WR,IND,12.938061373037666,4500.0,0.30858092550973748,0.15698651593692992,0.1852563851926021,0.10777365478943542,0.1020967464642645,0.051388320423775891,0.087917451683254627,0.0
T.Y. Hilton,WR,IND,12.699262357141661,7800.0,0.087134587443577299,0.30951362653061776,0.33282032600008304,0.10167234471987126,0.12529579937720423,0.016442394871389255,0.027120921057257136,2.0
Brandon Coleman,WR,NO,12.536449682428032,4600.0,0.31982251569743403,0.14094438827874306,0.19037584300358279,0.097249263356389323,0.10825219871978006,0.1139835759233668,0.029372215020703894,0.0
Devin Hester,WR,BAL,12.467027082582087,4500.0,0.5225149771950004,0.090449904276785009,0.067705140495039701,0.037620044860746549,0.064494438275124175,0.010128915510440461,0.20708657938686376,0.0
Rishard Matthews,WR,TEN,12.463778064738799,5600.0,0.26860930981269093,0.17303109521297144,0.23008614610813477,0.091878491880541091,0.15029619595203111,0.051273320433218882,0.034825440600411789,0.0
Golden Tate,WR,DET,12.296245620440208,6600.0,0.23957995004963981,0.24333246565827429,0.14701152252522148,0.18202916510535369,0.12660433122167672,0.019991921454909696,0.041450643984924353,1.0
Mike Wallace,WR,BAL,12.229256804977037,6900.0,0.29034764875495195,0.25858994820109149,0.15796583633261413,0.053366370097034911,0.1319033439611782,0.011504858834713317,0.096321993818415955,0.0
Anquan Boldin,WR,DET,12.040973836791274,5900.0,0.3107910792335562,0.20486589643732464,0.14254204807573509,0.15086587159209444,0.097958361064217556,0.020356745096441264,0.072619998500630834,0.0
Albert Wilson,WR,KC,11.980247955288277,4600.0,0.38311854581741689,0.15791387281603173,0.11003574657454658,0.08543092501153346,0.089709439880597874,0.15114057587575944,0.022650894024114077,0.0
Tyler Lockett,WR,SEA,11.925992389304454,5200.0,0.36788345018774149,0.17050511225248977,0.12429382513832679,0.098908447025522497,0.04494554088185139,0.17861023240911267,0.014853392104955549,0.0
Tyler Boyd,WR,CIN,11.717745748873552,4800.0,0.29432491720075055,0.21431533704305852,0.19720208422277824,0.11911536161969753,0.092676343087639099,0.01906702152869939,0.063298935297376818,0.0
Victor Cruz,WR,NYG,11.700229439093608,5600.0,0.33740052524456482,0.21973145453316653,0.13257856912622179,0.065834524892062152,0.15149478036871561,0.035044232698123727,0.057915913137145246,0.0
Brandon LaFell,WR,CIN,11.560176287939369,5700.0,0.33312134297774876,0.18643801793376638,0.1912246902642746,0.11046854540905825,0.088280411041713969,0.019609914463879261,0.070857077909558683,0.0
Cordarrelle Patterson,WR,MIN,11.266549143913366,4900.0,0.47102051200009315,0.13165949744736008,0.11435720371549794,0.062713971558945786,0.061113582861050807,0.049359555285042198,0.10977567713201007,0.0
Sterling Shepard,WR,NYG,10.942011449303875,6400.0,0.36962955334104464,0.22843304031128034,0.13651883178589974,0.063309102522329963,0.11786952351537891,0.014688987371495545,0.06955096115257102,0.0
Michael Crabtree,WR,OAK,10.940442770002358,7200.0,0.31167990465928558,0.23879765924479687,0.18145005220678118,0.096437254665043146,0.11896927146469688,0.014084089965253975,0.038581767794142352,0.0
Davante Adams,WR,GB,10.889522380246342,5100.0,0.30727168617159217,0.20099631519196917,0.3230245871728798,0.049210893139914252,0.031845275426297469,0.0092585822974326024,0.07839266059991451,2.0
Allen Robinson,WR,JAC,10.791814240959649,8400.0,0.37504594483319748,0.17908571136366017,0.15100805521966656,0.13421081638623736,0.039145383180576462,0.11448635606692285,0.0070177329497391628,0.0
Jordy Nelson,WR,GB,10.690007198206509,8200.0,0.22133878937537543,0.19783083598535942,0.46786443185946552,0.031454292994322675,0.0467612939327453,0.001895751879795597,0.032854603972935999,2.0
Randall Cobb,WR,GB,10.545342248126918,6700.0,0.29283245687406018,0.21021024598247401,0.36027406103817783,0.038225346663198496,0.027389477744508561,0.0052456969569002598,0.065822714740680521,2.0
Kendall Wright,WR,TEN,10.457076092511755,5000.0,0.39669168151675749,0.20663955034007681,0.11695311467610969,0.12877824538415941,0.076521717800696526,0.016836103586340058,0.057579586695860038,0.0
Pierre Garcon,WR,WAS,10.402080705851064,6100.0,0.31142935213007517,0.29204245095311016,0.12437111439796461,0.15884073672509777,0.061139194838434219,0.013732672878283125,0.038444478077035008,0.0
Dontrelle Inman,WR,SD,10.307948555039159,5600.0,0.40947035781070806,0.24604900581880612,0.091177911900300002,0.061275212158482771,0.10251805812986206,0.028349626525624137,0.061159827656216678,0.0
Chris Hogan,WR,NE,10.023234212542517,5500.0,0.44918813121190082,0.24108402960505268,0.079037757776120973,0.07370839145117293,0.036480570965457121,0.029878289534039822,0.090622829456255771,0.0
Antonio Brown,WR,PIT,9.9915762061629803,9000.0,0.39016542977334373,0.18869588931063525,0.19796029367725657,0.051910458388434333,0.14080749581809501,0.0021702723865101928,0.028290160645725187,0.0
Brian Quick,WR,LARM,9.8889188525583922,4500.0,0.30043236417194086,0.29040801516511222,0.24831744305211703,0.052949533694873104,0.030057586352563816,0.062843967609732307,0.014991089953660899,0.0
Brandon Marshall,WR,NYJ,9.8775554929758957,7400.0,0.21417053909863321,0.35201959608731498,0.30999784771036959,0.049912040517227772,0.043814921829270576,0.011368571802223686,0.018716482954960156,1.0
Tommylee Lewis,WR,NO,9.8773468982319681,4500.0,0.46208695576593029,0.14526969562177003,0.15190300015307254,0.073438948412849564,0.071549983691872265,0.068338201727896189,0.027413214626609193,0.0
Jermaine Kearse,WR,SEA,9.8489530078885839,4500.0,0.43837245364494531,0.17902428058741598,0.13488608660643267,0.090635702217606112,0.057654629155519437,0.085203990746655175,0.014222857041425181,0.0
Jeremy Kerley,WR,SF,9.7973066675471046,5400.0,0.22959573033918701,0.28455767755725259,0.36812694630407478,0.077319519851865665,0.015897982643108793,0.01077643884222442,0.013725704462286813,2.0
DeVante Parker,WR,MIA,9.6000368843305903,6200.0,0.38364006153216607,0.23949310752136782,0.17269487838865286,0.10500895378550529,0.045702622041646608,0.0068035238033054149,0.04665685292735617,0.0
Jordan Norwood,WR,DEN,9.5587034966900006,4500.0,0.4371685970485425,0.22975454258611627,0.11709526957667273,0.033878587188943439,0.13015209428574909,0.0080862877680878114,0.043864621545888126,0.0
Breshad Perriman,WR,BAL,9.5427759910434684,5400.0,0.53971187587622749,0.15534582265539063,0.089188343890007557,0.031289181458469664,0.082949704963234172,0.0071210926489442411,0.094393978507726309,0.0
Larry Fitzgerald,WR,ARI,9.4758831244423494,7100.0,0.28862482798793021,0.36159338195628743,0.18776362205924571,0.069419264940433656,0.055780621614076986,0.0084287412247257953,0.028389540217300488,1.0
Alshon Jeffery,WR,CHI,9.3285360982320853,7300.0,0.39568987272552758,0.29603903946950605,0.089596535075842906,0.090043006884613211,0.075673032493339135,0.017717584923055522,0.035240928428115624,0.0
Cameron Meredith,WR,CHI,9.3056923093974682,5900.0,0.28117686665927388,0.37294888868303394,0.19505625514201275,0.057368135492193197,0.071635404428971358,0.0015752557629182872,0.020239193831596586,1.0
Will Fuller,WR,HOU,9.2551328735534604,6800.0,0.48902650416782001,0.21212724454185489,0.10226074843573091,0.056826461806624602,0.041341136175884363,0.027454985663059837,0.070962919209025338,0.0
Charles Johnson,WR,MIN,9.2383704993815794,4900.0,0.57775888119054175,0.1174012592945641,0.088879016949940604,0.040829878217172287,0.053405129671462138,0.049875514701045863,0.071850319975273219,0.0
Tavon Austin,WR,LARM,9.1988423550562448,5800.0,0.3549278133981057,0.24502087017463944,0.26423186425182893,0.062239495167065638,0.02572985455199266,0.022919798228403409,0.0249303042279642,0.0
Jamison Crowder,WR,WAS,9.0554279545365368,6200.0,0.40540460111528415,0.27379479824638298,0.093718334668770997,0.14132644453764057,0.048030883826708871,0.0076405600201704272,0.030084377585042024,0.0
De'Anthony Thomas,WR,KC,9.0444642753202125,4500.0,0.47522163098090836,0.18141381521677555,0.14246977805517186,0.0709511786906937,0.07294885246823056,0.021716868021007116,0.03527787656721295,0.0
Terrelle Pryor,WR,CLE,9.0435869375044007,7300.0,0.30920877456965745,0.33978370123368568,0.1675639265017087,0.1225011363584582,0.048648236411580732,0.0054686556465546217,0.0068255692783547829,1.0
James Wright,WR,CIN,9.0219614656690723,4500.0,0.51752794113071909,0.11504898435978907,0.1527121786094793,0.092427054047801965,0.058886834842117597,0.027326730348276779,0.036070276661816413,0.0
Quincy Enunwa,WR,NYJ,8.7566789781650041,6000.0,0.34853844842260429,0.27725678043448787,0.26733922957077383,0.039289919180972362,0.043958030219896638,0.0052104476525077527,0.018407144518757357,0.0
Chester Rogers,WR,IND,8.626888098032282,4500.0,0.40639826397803142,0.31444287463550674,0.13861231287197651,0.028524635485650641,0.069848393893971419,0.0035901581216357518,0.0385833610132277,0.0
Tajae Sharpe,WR,TEN,8.6188861727476986,4700.0,0.57981876709055979,0.090197764798503777,0.1304211470928516,0.063922307892884875,0.075136665942700659,0.0085654457135803091,0.051937901468919044,0.0
Jordan Matthews,WR,PHI,8.543446338268291,6400.0,0.40135977364625375,0.2658120582780561,0.22483453327292274,0.020962202461484138,0.053305184501111262,0.001413209013506283,0.032313038826665794,0.0
Kamar Aiken,WR,BAL,8.295559612368109,5300.0,0.63413957007743782,0.12526424863171792,0.067275274820345399,0.021685097663424278,0.05920578613073605,0.0022509738054701323,0.0901790488708685,0.0
Danny Amendola,WR,NE,8.2339732779131509,4900.0,0.59086514504180254,0.16594192402991456,0.065382415914534614,0.046948455343316736,0.050149231031118756,0.010658517724208547,0.07005431091510432,0.0
Paul Richardson,WR,SEA,8.1710362287072673,4500.0,0.56672629744789116,0.14586612405138047,0.10243362150388993,0.062943616137583577,0.037689130662936436,0.069554239105515267,0.014786971090803125,0.0
Roger Lewis,WR,NYG,8.1564659454963344,4500.0,0.49543460909273751,0.23233086673073192,0.12077175322880904,0.052289233918631529,0.051324254795193855,0.010510826364051875,0.037338455869844224,0.0
Andre Roberts,WR,DET,8.0094725498382431,4500.0,0.63089047880631899,0.10839557603802476,0.069502287025928686,0.070837395611736562,0.052058558797187418,0.0068694242209438924,0.061446279499859646,0.0
DeSean Jackson,WR,WAS,7.8018214109793025,6500.0,0.51304501342831865,0.22197751132660481,0.086894827262766719,0.11131225123239215,0.039383354079820798,0.0032592206855785264,0.024127821984518467,0.0
Jeff Janis,WR,GB,7.6556182944715179,4500.0,0.59349781430482307,0.12373385846871209,0.17321186540686767,0.026014350331531204,0.022046403905763432,0.0033231308605048662,0.058172576721797632,0.0
Mohamed Sanu,WR,ATL,7.6320116391108588,5600.0,0.56582308939243342,0.18545387756802756,0.079042914718509036,0.06762882103075106,0.069394989412565999,0.006579867420349713,0.026076440457363136,0.0
Julian Edelman,WR,NE,7.3391577578645339,6900.0,0.63148278277046332,0.16808756513499487,0.055701277086665377,0.041897047132529307,0.037078098016500791,0.0087053968543403699,0.057047833004505881,0.0
Trevor Davis,WR,GB,7.3147965697637662,4500.0,0.63080759978013012,0.11056940563169962,0.15456486665202046,0.023199456046466185,0.019157876817256506,0.0026832455747918442,0.059017549497635213,0.0
Jalin Marshall,WR,NYJ,7.3032121495295144,4500.0,0.49905988528940648,0.15322521498509339,0.29195318842891504,0.012103471502703855,0.03817939477026714,0.00075309878646158868,0.0047257462371525071,0.0
Aldrick Robinson,WR,ATL,7.121487801505535,4500.0,0.62282033738787623,0.16266593321865855,0.063558722815947891,0.048771282027920235,0.065152372589601701,0.0087419618210566943,0.028289390138938747,0.0
Tyreek Hill,WR,KC,7.0396455281805617,4500.0,0.57641682426644691,0.15972035002527943,0.14770152370312553,0.041946658954934039,0.058905631585522082,0.0054435796818708571,0.009865431782821104,0.0
Torrey Smith,WR,SF,7.0237556726118084,5600.0,0.48049038325262194,0.24515653569814816,0.20093542035230119,0.054244858177675742,0.010511170697970027,0.002237404029089677,0.0064242277921931785,0.0
Nelson Agholor,WR,PHI,6.9905555506241361,5300.0,0.57977123867442748,0.18155312530343665,0.14634505063015824,0.017449571742176435,0.045326834641202587,0.0012602225241043954,0.028293956484494232,0.0
Andrew Hawkins,WR,CLE,6.847300897217913,4500.0,0.53796435840370904,0.24995108992568013,0.10153116753246781,0.06967348301161802,0.01797218679080877,0.0089083899515189861,0.013999324384197325,0.0
Dorial Green-Beckham,WR,PHI,6.8363259368150331,4600.0,0.59282131455939946,0.18155356202640108,0.13221390143604547,0.020063922141214399,0.045378780407905793,0.0014789612529807171,0.026489558176053023,0.0
Jordan Payton,WR,CLE,6.6753742738120883,4500.0,0.57091751389413792,0.13678246363089377,0.23668733583052479,0.015387505851792825,0.032698602531526941,0.0006413112722107678,0.0068852669889129412,0.0
Seth Roberts,WR,OAK,6.6482054626445812,5200.0,0.66005023082626513,0.14974089971783738,0.067677415605044422,0.047002076468538087,0.032519944295687789,0.0040679733669681199,0.038941459719659073,0.0
Matthew Slater,WR,NE,6.6271535606222027,4500.0,0.7402730071609126,0.094752050336511282,0.038359351111054561,0.025837227925466312,0.028826738837019764,0.0043628264315912005,0.067588798197444067,0.0
Marc Mariani,WR,TEN,6.5217429033381444,4500.0,0.73101056665566055,0.062900940357330307,0.08404727462704617,0.034037576578165002,0.038781087236939536,0.0025537281117516577,0.04666882643310688,0.0
Andre Johnson,WR,TEN,6.5064563270498121,4900.0,0.70874214136283675,0.078881870967704951,0.098136572651514486,0.0320732228704479,0.040039613560551558,0.0027097563529726869,0.039416822233971575,0.0
Josh Huff,WR,PHI,6.3334675543857974,4500.0,0.6724829334609892,0.13086088916869182,0.10669283297708546,0.015271613313805535,0.043024341668923771,0.00086885468739533278,0.030798534723109002,0.0
Jaron Brown,WR,ARI,6.3322907842410316,4800.0,0.60330173115945718,0.22223229436927225,0.083087604707653528,0.038005096680353706,0.030697732495949339,0.004097720519181689,0.018577820068132311,0.0
Justin Hardy,WR,ATL,6.3218227067162811,4500.0,0.67907767487237636,0.14100110082602435,0.054613838111841,0.046108486994192406,0.054121735405488924,0.0024521352976557918,0.022625028492421234,0.0
Kenny Stills,WR,MIA,6.3162065044813973,5100.0,0.64490725367274526,0.160708090993989,0.087565274348913716,0.042892498657555268,0.04452404961795705,0.0036596305649923863,0.015743202143847262,0.0
Andre Holmes,WR,OAK,6.2903055793526956,4500.0,0.71432559823195196,0.11488208855691445,0.05722768137459696,0.039157187262871117,0.026848837456752133,0.0035161288740837848,0.044042478242829287,0.0
Dwayne Harris,WR,NYG,6.2554468203175091,4500.0,0.75251805499626712,0.0896987325279857,0.047159785797788595,0.019085913655555769,0.032750697356691609,0.0022025148537450768,0.056584300811966096,0.0
Ricardo Louis,WR,CLE,6.1642084968752595,4500.0,0.60330922219375382,0.21507084371871843,0.088404226906203948,0.058415183083938074,0.021212303954800001,0.00497052943593053,0.0086176907066551969,0.0
Quinton Patton,WR,SF,6.087375248757688,4800.0,0.59242647010524785,0.19240313205843648,0.1588076174907084,0.039328823117898072,0.0073256467718868252,0.0019575944616020604,0.0077507159942203935,0.0
Jordan Taylor,WR,DEN,6.0845132349404922,4500.0,0.70532414784517861,0.13248021098973767,0.059919750463001353,0.015145677707614413,0.057903977534815382,0.0016270257849917967,0.02759920967466066,0.0
Alex Erickson,WR,CIN,6.0841671310711902,4500.0,0.73996081874425845,0.084726567773240821,0.070205869970399154,0.034146359841220983,0.027633181479057193,0.0019356674576964687,0.041391534734126885,0.0
Darrius Heyward-Bey,WR,PIT,6.0656396314336778,4500.0,0.75029582330456945,0.08393788740717513,0.059959868852158642,0.01886510229963392,0.043233783002189802,0.0029060774034627254,0.040801457730810536,0.0
Jakeem Grant,WR,MIA,5.9887044761277499,4500.0,0.73241070686486054,0.10114385067473246,0.066493196028746177,0.03695429154613665,0.022120752947225635,0.000958031021951115,0.039919170916347266,0.0
Malcolm Mitchell,WR,NE,5.9391069645263812,4500.0,0.75836896401235887,0.1007077993382566,0.034848652605161186,0.026835383338493876,0.027791275407163286,0.0057776518187452235,0.045670273479820986,0.0
DeAndre Hopkins,WR,HOU,5.9009088996432233,7900.0,0.58135664249500829,0.27983027905341362,0.073015372177692509,0.041644717397900523,0.0095723032602664185,0.0024513768113944719,0.012129308804324097,0.0
Charone Peake,WR,NYJ,5.8003650637462787,4500.0,0.65794917215961291,0.21072198218695726,0.057488871308282674,0.026254421979675261,0.020574478305394755,0.0015065817369157397,0.025504492323161453,0.0
Leonte Carroo,WR,MIA,5.7492008290068792,4500.0,0.75052765081216488,0.094537691478746813,0.062034988091874188,0.034379358910266125,0.020379665765524958,0.00089228918217821131,0.037248355759244817,0.0
Tanner McEvoy,WR,SEA,5.7202296776369916,5000.0,0.67876747844995522,0.15357241423839038,0.093031423467671306,0.02658662165953387,0.027696683572945611,0.012253923927661385,0.0080914546838422065,0.0
Justin Hunter,WR,BUF,5.6580357729474917,4900.0,0.70581589691118718,0.14031422653439884,0.075520865555203653,0.032971520283122141,0.020844669128158664,0.0010035871592338674,0.023529234428695676,0.0
Walter Powell,WR,BUF,5.6151263676299266,4500.0,0.72895286318479047,0.08496728952549322,0.091701267589694949,0.053250259814810116,0.028277930316513357,0.0011563893906114391,0.011694000178086389,0.0
Braxton Miller,WR,HOU,5.6036965350422854,4500.0,0.71633416696002095,0.16763247346356377,0.034946719832058236,0.027134339082018667,0.012717278626562857,0.011390920736047283,0.029844101299728153,0.0
Ryan Grant,WR,WAS,5.4044388348223817,4500.0,0.77116716111740324,0.10204091652686463,0.037649061139758057,0.039848930328219928,0.013763880431286049,0.0013326083458339072,0.034197442110634156,0.0
Eric Weems,WR,ATL,5.2775779164293866,4500.0,0.77986125355558911,0.093968772452023744,0.039032175222576231,0.028819065033345619,0.031996723075463473,0.0013697975398010826,0.024952213121200762,0.0
Griff Whalen,WR,SD,5.0953070080835454,4500.0,0.76894077296007213,0.1116241917861666,0.060674074755981043,0.012789377952256238,0.020356205879718318,0.00013589692319875707,0.025479479742606864,0.0
Michael Floyd,WR,ARI,4.928921863915118,5900.0,0.73711460539569973,0.15226871634803724,0.058585681679807697,0.019315889113788964,0.021285417855473849,0.00069201875642859519,0.010737670850763943,0.0
Aaron Burbridge,WR,SF,4.7582394578332377,4500.0,0.75385612143650149,0.1067094651840282,0.1053381178117543,0.021561795377184046,0.0044189478827500036,0.00056671793601598369,0.0075488343717659495,0.0
Jaelen Strong,WR,HOU,4.7046502768018437,4900.0,0.73245079737140628,0.18050374248581583,0.0439840076891959,0.024194590328838302,0.0073236281722864564,0.0029673379136472148,0.0085758960388098888,0.0
Rod Streater,WR,SF,4.695117794133834,4500.0,0.74715256538462116,0.12315973049949173,0.096325072476094634,0.023365540585616254,0.0043288119477155936,0.00069466690974628203,0.0049736121967143224,0.0
Bradley Marquez,WR,LARM,4.6544160636276048,4500.0,0.77246096321039548,0.11180435644341259,0.080847378192642178,0.014412306616205317,0.0061455976717840659,0.0023841978433799095,0.011945200022180349,0.0
Brandon Tate,WR,BUF,4.6326047448820216,4500.0,0.81343580256370374,0.063205465555823084,0.061732583587799705,0.034920402384081436,0.015091019242199584,0.00051379413840712987,0.011100932527985144,0.0
Bennie Fowler,WR,DEN,4.5745676925815504,5000.0,0.77157084421270616,0.12150409011004885,0.07354768427688517,0.0079802864757360162,0.017037381660326409,7.6294955969790035e-05,0.0082834183083274286,0.0
Deonte Thompson,WR,CHI,4.2531612658247315,4500.0,0.86876621452194469,0.061094925725144258,0.017894706628757216,0.014320259464809231,0.013669891047803124,0.0010289635855807772,0.02322503902596057,0.0
Josh Bellamy,WR,CHI,4.2238736113551196,4500.0,0.86849919583361457,0.062709130878310121,0.018138745343711626,0.01448421378822677,0.012425758835306396,0.0011311903906753343,0.022611764930155081,0.0
Mike Thomas,WR,LARM,4.1785925725482711,4500.0,0.80943419617381496,0.091307677839628718,0.080386406290177348,0.0059116663634054033,0.0072758887826617326,9.8399805479649523e-05,0.0055857647448322141,0.0
Marquise Goodwin,WR,BUF,4.1723023706705558,5300.0,0.80625384367531172,0.091864385165958184,0.078404669592030046,0.014331952620815429,0.0066302218970654943,5.1347655959872393e-05,0.0024635793928592369,0.0
Odell Beckham Jr.,WR,NYG,3.7686047737089452,8600.0,0.89495320988219518,0.054530087966616209,0.020509865613811649,0.0049572713009930535,0.0077647685619355129,7.3953991390869614e-05,0.017210842683057538,0.0
Rashard Higgins,WR,CLE,3.7599636130326881,4500.0,0.85789974823622128,0.084939376752320897,0.029885694545257982,0.016478437936828426,0.0046077595336173078,0.00054185643577019842,0.0056471265599838862,0.0
J.J. Nelson,WR,ARI,3.7377221710067841,4500.0,0.84497258166639788,0.09794749401617478,0.042236161434092236,0.0053128757309892135,0.0050846300239238132,3.5467537604844862e-05,0.004410789590817003,0.0
