name,pos,team,expectation,salary,prob_0_5,prob_5_10,prob_10_15,prob_15_20,prob_20_25,prob_25_30,prob_30+,label
Rob Gronkowski,TE,NE,11.03092202693084,8500.0,0.22918211076153552,0.28293666203214546,0.2205670946273901,0.15488093223333721,0.067420418582638211,0.029862665593681916,0.01515011616927202,1.0
Martellus Bennett,TE,NE,10.546536650704732,5800.0,0.23266465261963071,0.29661569932405002,0.24654323820702134,0.13013935338077104,0.052743809477299813,0.033462832727757581,0.0078304142634697538,1.0
Delanie Walker,TE,TEN,9.5668761818484445,6500.0,0.31557282343689741,0.2847173063783654,0.20642863414943866,0.11041137635061989,0.048479938603252642,0.021925139201128135,0.012464781880297739,0.0
Hunter Henry,TE,SD,8.9877428549178671,5800.0,0.28848355546373217,0.36364451819209687,0.1961845384789079,0.098082943794213978,0.02736898726089302,0.021813515905714374,0.0044219409044422772,1.0
Zach Miller,TE,CHI,7.8244822450783005,5500.0,0.37335869197148747,0.35691334041347955,0.16585165496067603,0.06025754353177476,0.026734669068322899,0.014118772360316667,0.0027653276939429349,0.0
Gary Barnidge,TE,CLE,7.6753775422933304,5200.0,0.39635877010888265,0.34933458416597746,0.13991186268061359,0.072624269199740146,0.024981095481317474,0.014007473303718159,0.0027819450597507834,0.0
Dennis Pitta,TE,BAL,7.5885523917107127,5300.0,0.4142619487300937,0.31971167008476964,0.15619918016219503,0.072663823600071689,0.02154598337711329,0.013392011782069446,0.0022253822636873056,0.0
Charles Clay,TE,BUF,7.5424809917285138,5100.0,0.42546786448951912,0.29626127045408768,0.17064056770908875,0.077061099048210069,0.016467327756013755,0.011840649483515521,0.0022612210595653209,0.0
C.J. Fiedorowicz,TE,HOU,7.4078086590634094,5100.0,0.42813271154118726,0.3290567681022486,0.14210968136344002,0.060121128735901121,0.020268988661007868,0.016782286829054568,0.0035284347671608301,0.0
Coby Fleener,TE,NO,7.1025539217229925,5900.0,0.488942057717066,0.26499516214783969,0.14790810078146807,0.061023941675099162,0.01952822788378903,0.010601086394952712,0.007001423399785477,0.0
Jacob Tamme,TE,ATL,6.9886004785581708,5200.0,0.49823852073043834,0.26825257058419016,0.13426170493889075,0.062622767072534405,0.020049719442000999,0.0099058171623908255,0.0066689000695540537,0.0
Jimmy Graham,TE,SEA,6.9770280897786199,6700.0,0.49493768720533127,0.27640373157711406,0.13363749952631199,0.058240758328856168,0.016229110447639149,0.014329808931333354,0.0062214039834144154,0.0
Jesse James,TE,PIT,6.9709636705802351,5400.0,0.51262155984946112,0.24749002864109107,0.14207830243957134,0.054299062238541584,0.024048312824508634,0.015368072308142822,0.0040946616986830883,0.0
Travis Kelce,TE,KC,6.8042057951095947,6300.0,0.5180423067661275,0.26208770293592576,0.12481107539335322,0.058746135564685838,0.017599874049753345,0.012760321319858386,0.0059525839702959755,0.0
Antonio Gates,TE,SD,6.7266179575756029,5500.0,0.53734932364190446,0.21797159129533134,0.15239317111022513,0.065287471482494613,0.01430708681367358,0.0086792769794997796,0.0040120786768710875,0.0
C.J. Uzomah,TE,CIN,6.5663671071441287,4800.0,0.53519635679846767,0.24260457946777586,0.13276757669050984,0.064283516307414051,0.017170380984314559,0.0055018117762257396,0.0024757779752924533,0.0
Cameron Brate,TE,TB,6.4242166977599391,5200.0,0.54509527665813151,0.24716354425243431,0.12754405671671976,0.050983648605797592,0.020220276932406824,0.0064641007368126434,0.0025290960976970555,0.0
Zach Ertz,TE,PHI,6.2909174943253818,5100.0,0.55430176763633043,0.25022716508753745,0.11800849100682777,0.049095400122717056,0.019699492146686873,0.0069898421269130335,0.0016778418729875978,0.0
Will Tye,TE,NYG,6.2879688540247978,4800.0,0.55502573505788122,0.25032390904042889,0.11636951468973275,0.054830546210053913,0.013060191149330278,0.0064914972560956375,0.0038986065964775538,0.0
Kyle Rudolph,TE,MIN,6.096580340659087,5400.0,0.58883452946504811,0.22094248745985337,0.11348969621336433,0.052561133181960068,0.014864963776095422,0.0041638671859614692,0.0051433227177178024,0.0
Lance Kendricks,TE,LARM,5.852926104022723,4500.0,0.61713072931798518,0.20523152689742646,0.12343006831827884,0.030766179948183883,0.0071158699894212753,0.0055900189788371047,0.010735606549867372,0.0
Vernon Davis,TE,WAS,5.5860689263515937,4500.0,0.65158531402166964,0.18878950564473534,0.10124503084863282,0.031403809699008099,0.014502435248362861,0.0049115544376690497,0.0075623500999225692,0.0
Julius Thomas,TE,JAC,5.5682374578891034,5500.0,0.65002216000899005,0.19564301659620215,0.091689661332655048,0.040159725492069386,0.0088204196401759395,0.0066388751766660861,0.0070261417532409874,0.0
Ryan Griffin,TE,HOU,5.5448394501374745,4500.0,0.62195718700313507,0.22792484536755953,0.11436652322496248,0.017318185652484445,0.00679990603476157,0.0016406503650808332,0.0099927023520164186,0.0
Clive Walford,TE,OAK,5.5330783320131776,4800.0,0.64587414636010521,0.20468223772719582,0.088171365879442645,0.037427688373483453,0.013077976011906202,0.0059913859751023393,0.0047751996727642392,0.0
Jack Doyle,TE,IND,5.3986390910557089,4700.0,0.65540413246686946,0.19051064582772581,0.09609386154349972,0.045497531914952705,0.0055429878529457879,0.004543706947514446,0.0024071334464927214,0.0
Larry Donnell,TE,NYG,4.8386939008093384,4800.0,0.71630556716699723,0.17143419553719866,0.066677734935351993,0.031180393642277215,0.0058024986446837505,0.0064663508195297479,0.0021332592539614779,0.0
Richard Rodgers,TE,GB,4.7662563909343687,5000.0,0.72980263560993575,0.16150096627436553,0.067027104802604001,0.025647078598210547,0.0073759187642670259,0.0032998214822711537,0.0053464744683454028,0.0
Garrett Celek,TE,SF,4.7398495519269135,4700.0,0.73942278118524407,0.14347141712011363,0.078098884690017384,0.022150535692322636,0.0071849260900284685,0.0065033643310876271,0.0031680908911867812,0.0
Levine Toilolo,TE,ATL,4.7113900840509162,4500.0,0.74875640881729677,0.13772389975475635,0.059059643805560801,0.038798441282861806,0.010755082303375487,0.0032488199018328346,0.0016577041343159861,0.0
Austin Hooper,TE,ATL,4.655879221126364,4500.0,0.72766308249185363,0.16669156933960055,0.080936884146158489,0.010530288418341603,0.0072592676636288444,0.0019935539525960666,0.0049253539878206997,0.0
Crockett Gillmore,TE,BAL,4.4709363682354777,4800.0,0.75573218827938282,0.14493584612710453,0.062206904871753683,0.029611868452960807,0.0043604652240774519,0.001288382846259608,0.0018643441984605529,0.0
Tyler Eifert,TE,CIN,4.4406295796368651,6000.0,0.79840757730368339,0.09957241030294614,0.042091323907862327,0.050267266794461522,0.0022540379833443347,0.0023967257387467579,0.0050106579689548885,0.0
Xavier Grimble,TE,PIT,4.4108805324306761,4500.0,0.74625153892496565,0.16160437114186477,0.067821180780698487,0.016905983155578126,0.0044009347649595345,0.0019975051675102237,0.0010184860644230609,0.0
Nick O'Leary,TE,BUF,4.2845256577388779,4600.0,0.78158584235555806,0.13232344598040802,0.043634689039279147,0.03682024482914395,0.0032383390393840015,0.0011234233810859442,0.0012740153751403193,0.0
David Johnson,TE,PIT,4.2709061444892225,4500.0,0.78040743475309382,0.14062885152995361,0.052401158432902661,0.01402270417643769,0.0048326111024914273,0.0018303709803208317,0.0058768690248003986,0.0
Tyler Kroft,TE,CIN,4.2273779006435017,4500.0,0.77677146483248782,0.13570544700323037,0.063127535249542538,0.0178996197617825,0.0039250575223084274,0.0017298122316087134,0.00084106339904000045,0.0
John Phillips,TE,NO,3.6869578415393529,4600.0,0.84243509774499592,0.10529725946880276,0.035807774199367363,0.011087939578492958,0.0020492552827848947,0.0017196390949357789,0.0016030346306208521,0.0
Erik Swoope,TE,IND,3.6865557969283342,0.0,0.85098659737570981,0.094237494758373772,0.035298503825041599,0.013636877213595697,0.0015713309112160277,0.0016460478419041359,0.0026231480741596312,0.0
Josh Hill,TE,NO,3.6518990660111026,4500.0,0.85228333302595494,0.09311080685512324,0.037885794444616892,0.011027866838701116,0.0020363369954831674,0.0023297553339739845,0.0013261065061472646,0.0
Jerell Adams,TE,NYG,3.6493876181475566,4500.0,0.841372865326105,0.11100532571010314,0.033075103665589543,0.010754687512687353,0.0013997244008978782,0.00046058436896143253,0.0019317090156565928,0.0
Anthony Fasano,TE,TEN,3.6297667841915984,4500.0,0.85558859919494379,0.085550790139447511,0.04451015005818984,0.0099696924183211248,0.0018628949041833954,0.0015630444274325203,0.00095482885748196522,0.0
Marqueis Gray,TE,MIA,3.620425258684822,4500.0,0.85418753580414086,0.094891201834133729,0.033479614493629732,0.011900089626953568,0.0032272107731697382,0.00094516639986039772,0.0013691810681122302,0.0
Darren Fells,TE,ARI,3.4736481706096392,4500.0,0.86523004429070727,0.093564669839660539,0.030228293653051026,0.0073842912677470835,0.0015888367342207269,0.00054997410596453332,0.0014538901086489854,0.0
Jermaine Gresham,TE,ARI,3.4727187567349764,4500.0,0.86492658959472912,0.090416285880670619,0.03594169013241752,0.0061863803238379582,0.000812192261035073,0.00048228437445211648,0.0012345774328576574,0.0
Connor Hamlett,TE,CLE,3.4334925177277622,4500.0,0.87886686266972913,0.077427018147016483,0.031936291070716265,0.0079561807277087372,0.0010817662393260282,0.00036928755273468928,0.0023625935927691607,0.0
Demetrius Harris,TE,KC,3.4243876219473535,4500.0,0.87563511295704344,0.083590803623684762,0.029443313457445955,0.0072262428621946567,0.0016791522182447991,0.0011734535584536901,0.0012519213229326856,0.0
Vance McDonald,TE,SF,3.4221031058536231,4500.0,0.87437064131728137,0.085942288101137715,0.028288209719616285,0.007897713084232115,0.0012631479894158922,0.00092721080270960889,0.0013107889856071276,0.0
Mychal Rivera,TE,OAK,3.4197208379371151,4500.0,0.87606397032203753,0.089841587076336646,0.01989333777071866,0.008992947837488937,0.00088899802235688121,0.002862309296099015,0.0014568496749629639,0.0
Brent Celek,TE,PHI,3.4171291331179421,4500.0,0.88204405708295142,0.07619261387383798,0.029857880372403764,0.0062351714008106879,0.0027999128753060853,0.00069672150946376531,0.00217364288522584,0.0
Niles Paul,TE,WAS,3.4006651336119287,4500.0,0.91160685760890825,0.057687069279114517,0.014439552536318423,0.0024378325160355563,0.00099037269474080156,0.00077145721877872812,0.012066858146103259,0.0
Virgil Green,TE,DEN,3.3829171734804513,4500.0,0.88250169065368045,0.077179728233949363,0.02925192050229081,0.0076794949066516507,0.0012280941738374537,0.0007233072667224799,0.0014357642628680014,0.0
Phillip Supernaw,TE,TEN,3.3539752256416873,4500.0,0.88064061736938271,0.08532668904277127,0.023980927580701514,0.0066856924604927976,0.0011330798940801269,0.0010649031835691161,0.0011680904690028395,0.0
Brandon Myers,TE,TB,3.2882883191768317,4500.0,0.89612280434971536,0.068653208316636016,0.024899886389810562,0.0063966772222360368,0.0017482888401224082,0.00076192067847046831,0.0014172142030091028,0.0
Brandon Bostick,TE,NYJ,3.272957439870583,4500.0,0.89242951435488094,0.072315298249176832,0.029392773176822436,0.003549814402153247,0.00063725977812765199,0.00039836613341641392,0.0012769739054219712,0.0
Clay Harbor,TE,DET,3.2102795771139561,4500.0,0.90328667968644571,0.070084536713178325,0.015923836167568595,0.0068999225618408431,0.0018304848734059383,0.0004883405258743434,0.0014861994716858437,0.0
Marcedes Lewis,TE,JAC,3.1934043216002101,4500.0,0.90450329452334877,0.068064044094739026,0.019545609713640267,0.0044007066026179173,0.0014515226194781804,0.00047263692525329441,0.0015621855209215375,0.0
Jeff Heuerman,TE,DEN,3.1863126347926176,4500.0,0.90752112099320337,0.064308786848189636,0.020034704853120703,0.0039697952074699951,0.0020488477407253798,0.00065285633573782637,0.0014638880215526145,0.0
Logan Paulsen,TE,CHI,3.170922406710817,4500.0,0.9063817372186761,0.067954378072710556,0.017689332376068987,0.0046426842514970604,0.0016174016933211467,0.00046016835378586552,0.0012542980339399863,0.0
Trey Burton,TE,PHI,3.1502613161817865,4500.0,0.91100027464486066,0.059207829797805936,0.023554601845278574,0.0041515631746543852,0.00068407740407725012,0.00037767650591645822,0.001023976627406165,0.0
Kellen Davis,TE,NYJ,3.0829346376309994,4500.0,0.91606654436701362,0.062157007944092645,0.017409727560282071,0.001930526507579276,0.00051974407684048291,0.00047800893720274942,0.0014384406069891753,0.0
Justin Perillo,TE,GB,3.0643950966727802,4500.0,0.92071802723771456,0.057333126912857864,0.016464687623961707,0.0030797121603750666,0.00061147238552223962,0.00048189184442142137,0.0013110818351467228,0.0
Khari Lee,TE,DET,3.0502295407650357,4500.0,0.92317675093522178,0.058724229772138731,0.012082265936019146,0.0019393390043124042,0.0016775378811713297,0.00064681272745342787,0.0017530637436831507,0.0
Cole Wick,TE,DET,3.0502295407650357,4500.0,0.92317675093522178,0.058724229772138731,0.012082265936019146,0.0019393390043124042,0.0016775378811713297,0.00064681272745342787,0.0017530637436831507,0.0
Blake Bell,TE,SF,3.0478594068709599,4500.0,0.93024824552629182,0.047039354800375917,0.014215554141074803,0.0050114673556908417,0.00069322932378826395,0.0012365790757418015,0.0015555697770357226,0.0
Sean McGrath,TE,SD,3.0463743075432927,4500.0,0.92598962485449787,0.053081333576011705,0.013918902696528649,0.0042008075691688457,0.00062585992842608274,0.00062846921433369336,0.001555002161032391,0.0
Tyler Higbee,TE,LARM,3.0224445021230295,4500.0,0.92633098141321391,0.052162667926598481,0.017489589583454073,0.0020500521262135593,0.00043552483948109186,0.00033193275147936333,0.0011992513595595999,0.0
Cory Harkey,TE,LARM,3.0224445021230295,4500.0,0.92633098141321391,0.052162667926598481,0.017489589583454073,0.0020500521262135593,0.00043552483948109186,0.00033193275147936333,0.0011992513595595999,0.0
Stephen Anderson,TE,HOU,3.017461148864494,4500.0,0.92609634609274372,0.056568584060173385,0.012370067163339349,0.0022613535511929535,0.00054228213481716963,0.00054570886137739986,0.0016156581363557733,0.0
Luke Stocker,TE,TB,2.9930606438131484,4500.0,0.93215148112218971,0.049760860618697757,0.013098601795391736,0.0021071393967491939,0.00062641300845835287,0.00055585470084329946,0.0016996493576694131,0.0
Randall Telfer,TE,CLE,2.9929160229477954,4500.0,0.93196179706607973,0.049677841609656888,0.013437941107100943,0.002229169680868144,0.00056182183704981032,0.00050640144679287773,0.0016250272524511479,0.0
Ifeanyi Momah,TE,ARI,2.9882013393996911,4500.0,0.93336110279292583,0.048945932429735453,0.012905207438547679,0.0017448346923611801,0.00060879142822439975,0.00040506809013863415,0.0020290631280666456,0.0
Rhett Ellison,TE,MIN,2.9761436646594541,4500.0,0.93313849924334569,0.050028215217760082,0.01228093750238227,0.0020486547904779466,0.00042475010000235546,0.00047963500751938828,0.0015993081385117353,0.0
James O'Shaughnessy,TE,KC,2.9754432278782903,4500.0,0.93527355745193974,0.047110263055894185,0.012571639291275099,0.0021036865277276728,0.00071282416707923221,0.00053962940255307943,0.0016884001035305408,0.0
Nick Vannett,TE,SEA,2.9721519220319559,4500.0,0.93508367664459136,0.047317444545185799,0.01288689629486209,0.0020422666301897776,0.00054458406533257483,0.00051956380624322985,0.001605568013594703,0.0
Brandon Williams,TE,SEA,2.9670587434618971,4500.0,0.93650380075410466,0.045383154717516853,0.01344108605511337,0.0020942259804992464,0.00049993434332881162,0.00042778761434485618,0.0016500105350920925,0.0
