name,pos,team,expectation,salary,prob_0_5,prob_5_10,prob_10_15,prob_15_20,prob_20_25,prob_25_30,prob_30+,label
Antonio Brown,WR,PIT,14.050291570925676,9300.0,0.13950543851030398,0.23426553107641543,0.2167555414163907,0.19754991182174014,0.10169470114244621,0.049089689314426969,0.061139186718276645,1.0
A.J. Green,WR,CIN,13.781413080968109,8200.0,0.15629363166138507,0.23280898083918924,0.20681385049733475,0.16057208835374767,0.15412588162504792,0.046253361902061946,0.043132205121233634,1.0
Brandon Marshall,WR,NYJ,13.526780033183291,7700.0,0.13009938563082249,0.24931921974982144,0.25541324211017291,0.17427678070175617,0.099809032785196136,0.04592758281604456,0.045154756206186933,2.0
Julio Jones,WR,ATL,12.999401900161613,9000.0,0.17799757829165938,0.23500108616795637,0.23525642962279522,0.16786661746739043,0.093905876203572936,0.046451734800502499,0.043520677446123084,2.0
Mike Evans,WR,TB,12.753468908139197,7900.0,0.16341201140717609,0.2543475386156957,0.25618129550289781,0.15544576675356828,0.090198165689815243,0.043896836142751479,0.036518385888096083,2.0
Eric Decker,WR,NYJ,12.665183833825562,6900.0,0.15816150881838473,0.2691883500581887,0.24772333863437246,0.15439660264543748,0.097166719847648284,0.04021171190835042,0.033151768087618549,1.0
Brandin Cooks,WR,NO,12.653389870595589,7600.0,0.17903092248814864,0.24535737232093324,0.24609695335210338,0.15412015000845397,0.097163768428019423,0.044259497172454469,0.033971336229887086,2.0
Larry Fitzgerald,WR,ARI,12.546046550463636,7200.0,0.17969693558900571,0.25480309926197597,0.24001094626419592,0.1577393635598574,0.091816721377308508,0.039776485697476681,0.036156448250179898,1.0
Sammy Watkins,WR,BUF,12.40447121198646,7300.0,0.17051331765953973,0.28021507572718174,0.2310636521499822,0.15766254026109935,0.086891844729534803,0.040500892602399551,0.033152676870263124,1.0
DeAndre Hopkins,WR,HOU,12.131728370399504,8400.0,0.18868226870103835,0.28000512891074042,0.23035518200346564,0.14485019567983376,0.080122397510807006,0.042207581788165333,0.033777245405949695,1.0
Doug Baldwin,WR,SEA,12.002465410805646,6700.0,0.187870224640272,0.28605687001067098,0.23292250193335481,0.14241602279534213,0.083034276186138553,0.033896429112851907,0.033803675321370456,1.0
Demaryius Thomas,WR,DEN,11.790980802360089,7200.0,0.20875609531202072,0.27726418711455147,0.2227697334764524,0.14166403306684403,0.085356044015505311,0.03217210963537543,0.032017797379250923,1.0
Allen Robinson,WR,JAC,11.779249739692931,8500.0,0.20631882525547643,0.2822091469704372,0.22375905084847264,0.1375426475742523,0.083376850455572499,0.036113505397648689,0.03067997349814049,1.0
Odell Beckham Jr.,WR,NYG,11.662732431649111,9100.0,0.30619038201684201,0.2411757713703766,0.13597749452841676,0.1268055957899514,0.095492943612127179,0.037532412233742207,0.056825400448544318,0.0
John Brown,WR,ARI,11.593393175945353,6500.0,0.20977295547578037,0.26539713129303943,0.24823029569678412,0.14211695235975177,0.078543052200080996,0.03153975847452193,0.02439985450004211,1.0
Jeremy Maclin,WR,KC,11.331994271183236,6800.0,0.20744421773955043,0.30494048598767765,0.22603912143579116,0.13189424671990577,0.073434010285733042,0.030433414552660229,0.025814503278682462,1.0
Kamar Aiken,WR,BAL,11.171463506648729,6300.0,0.23596342410554838,0.26404635953390265,0.24544584425912677,0.13262589621409335,0.067724063190358383,0.027788647104287269,0.026405765592683032,1.0
Emmanuel Sanders,WR,DEN,11.129904579409713,6800.0,0.24343066306079297,0.27807684658776077,0.21942982036555772,0.12798490330547166,0.072646306459344459,0.030199999085132091,0.028231461135940484,1.0
Michael Floyd,WR,ARI,11.056381649820262,6900.0,0.26028543157652062,0.24255022481803662,0.2375342443705129,0.13219661683796469,0.075069697764937091,0.029050416851224808,0.023313367780803621,0.0
Randall Cobb,WR,GB,11.022306126881089,7200.0,0.25150756117843009,0.27544306099215254,0.21386703240297031,0.13101220862260771,0.070874544813302104,0.031781368987603295,0.025514223002934804,1.0
Tyler Lockett,WR,SEA,10.841355514725503,6200.0,0.25651090926581244,0.27637753377257812,0.21891405065599109,0.12317542942606391,0.075626259070184568,0.026025781639531776,0.023370036169838619,1.0
Pierre Garcon,WR,WAS,10.817312053323615,6300.0,0.24889687269933797,0.28380901257389013,0.22673569991021844,0.12142374770790987,0.066191289911078866,0.03132423752121604,0.021619139676349271,1.0
Golden Tate,WR,DET,10.772515218675167,6900.0,0.24965894200424751,0.2939861114634118,0.20778396935106577,0.13161965251989552,0.067586796039716138,0.027417722793249433,0.021946805828414094,1.0
Amari Cooper,WR,OAK,10.733450481067539,7100.0,0.31501880333407967,0.25069630540153903,0.18856072785960351,0.10196056997336077,0.066140092578928361,0.03741500045614099,0.040208500396347879,0.0
Jordan Matthews,WR,PHI,10.687827067539196,6600.0,0.25725979434223556,0.2801743898212446,0.22465798997817271,0.12467094855598561,0.062498628496170418,0.03048728877508897,0.020250960031102373,1.0
Marvin Jones,WR,DET,10.632673420866976,5500.0,0.27220980862555955,0.27388871841900253,0.21086519588744251,0.11724252760540209,0.079467084058065754,0.02653578013226187,0.019790885272265975,1.0
DeSean Jackson,WR,WAS,10.614248168331709,6600.0,0.28631621758638492,0.26234375774503255,0.20837415667574996,0.11615869475169538,0.075933606162671266,0.026087421563995471,0.02478614551447084,0.0
Jarvis Landry,WR,MIA,10.61215638304054,6600.0,0.26513334408871253,0.28822588030561697,0.21185160972184194,0.11373478677710502,0.071976849156014863,0.025075683184119912,0.024001846766589625,1.0
T.Y. Hilton,WR,IND,10.58295631711653,6800.0,0.25952919836201127,0.29230539741082928,0.21484998916726031,0.12258650322450886,0.061042616481762707,0.026870005147465733,0.022816290206161563,1.0
Michael Crabtree,WR,OAK,10.547854867128125,6100.0,0.29040567160153735,0.26391251391867904,0.21196036758342879,0.10889876905384062,0.067130444896282226,0.032319917704712216,0.025372315241519509,0.0
Willie Snead,WR,NO,10.31876807363783,6400.0,0.29598100008777389,0.25705300946305942,0.22261296586150894,0.11323212216405232,0.064050557715309417,0.026920776277225316,0.020149568431071796,0.0
Jermaine Kearse,WR,SEA,9.9029068783494925,5400.0,0.31508097029883309,0.28188863696553274,0.19337242971224974,0.10408103582955257,0.059757765453404048,0.024767227556793562,0.021051934183634571,0.0
Brandon LaFell,WR,CIN,9.9015479337934007,6000.0,0.35035766966014503,0.24014409747911175,0.19005162484369961,0.10254031037386598,0.069638186316056672,0.022236106946629749,0.025032004380491617,0.0
Allen Hurns,WR,JAC,9.8589075063263998,7000.0,0.32164219171310848,0.28380296709457092,0.17783844553661243,0.1183847735105386,0.052907471405160861,0.019826361909890212,0.025597788830119032,0.0
Anquan Boldin,WR,DET,9.4535660836718627,5800.0,0.31613044081091024,0.30415720908897215,0.19499918054423035,0.098960728885238089,0.049273665862404843,0.023020826534656511,0.013457948273588243,0.0
Tavon Austin,WR,LARM,9.3758969150736196,6400.0,0.34814281145541942,0.27595305018393601,0.1823527035309454,0.097915250153763719,0.059080047140661548,0.022106604822883413,0.014449532712391151,0.0
Devin Funchess,WR,CAR,9.0080291135423103,6200.0,0.37588824340927979,0.26239530572063063,0.18938626058942268,0.085193535207638588,0.052636995850880178,0.019958918774276881,0.014540740447871577,0.0
Travis Benjamin,WR,SD,8.7885689810992886,5600.0,0.37165589539214272,0.28499068265029404,0.18077883669385778,0.09135688377402186,0.040074472197521159,0.017089393552907371,0.01405383573925548,0.0
Alshon Jeffery,WR,CHI,8.760268057051773,7500.0,0.43094079708647104,0.22400935020340101,0.15981648420745953,0.093452008773639295,0.057737512826911391,0.016119859800197291,0.0179239871019207,0.0
Davante Adams,WR,GB,8.7571129302976285,5300.0,0.39217667150484836,0.27605844892645937,0.16079521632870353,0.089152337475745552,0.045820565988880686,0.020629673631305984,0.015367086144056893,0.0
Torrey Smith,WR,SF,8.7326462738579202,5600.0,0.35962373645510493,0.31904385763034943,0.1642821579227054,0.080465960122163907,0.045385993369255195,0.017873124533618071,0.013325169966803222,0.0
Donte Moncrief,WR,IND,8.5898597191805681,6200.0,0.39316578556051285,0.27841363000561198,0.16644924874381542,0.089942710979200619,0.044500268363958977,0.01340247087027918,0.014125885476621101,0.0
Stefon Diggs,WR,MIN,8.5364903969254176,6300.0,0.44685825011652625,0.22977162398637005,0.14867220121854455,0.088689433445072657,0.047250476171756831,0.017876833307911143,0.020881181753818989,0.0
Danny Amendola,WR,NE,8.294772473916856,6000.0,0.47857741807305554,0.19955205183472985,0.15740139829091143,0.075731292034205006,0.051490516437415104,0.020442598085596536,0.016804725244086244,0.0
Seth Roberts,WR,OAK,8.257523634258698,5100.0,0.43599943945917008,0.24451786281107915,0.17027739527123828,0.081046484339514085,0.036915452161458716,0.018300711260136025,0.012942654697404098,0.0
Terrance Williams,WR,DAL,8.2310773975236451,5300.0,0.41971793745870661,0.27819951351104094,0.15853088078142594,0.076297498950616743,0.037604048116578873,0.014053515045288274,0.015596606136342926,0.0
Dorial Green-Beckham,WR,PHI,8.1665276031873333,4900.0,0.42499003368396288,0.28286122575571621,0.14287900130060832,0.082474475296386227,0.036900705286550123,0.016436390769247172,0.013458167907529064,0.0
Dontrelle Inman,WR,SD,8.0973656040030395,5100.0,0.43671626618570858,0.25828870669507387,0.16690049236837476,0.074316868781923492,0.033753270988769402,0.017159218868688958,0.012865176111460278,0.0
Dez Bryant,WR,DAL,8.0622601419684532,8000.0,0.47452722231340561,0.2296138899170713,0.14526133921030307,0.072538479424737595,0.044800269415892498,0.013788836035069836,0.019469963683520174,0.0
Ted Ginn Jr.,WR,CAR,8.0611281910134327,5900.0,0.51686039739754097,0.19375694263789447,0.13187796611115876,0.062391249753737985,0.049260929734409493,0.018364032153705901,0.027488482211552728,0.0
Kenny Britt,WR,LARM,8.0459871554492732,5300.0,0.42288603387774532,0.2763041104265121,0.1645752219353657,0.079720056690465349,0.033753847868002146,0.012251616375470642,0.01050911282643892,0.0
Corey Brown,WR,CAR,7.5419159866991698,5600.0,0.47542954498258944,0.26344477680917661,0.13557599363742801,0.068577840432693757,0.034200681723740828,0.011174913753773672,0.011596248660598147,0.0
Harry Douglas,WR,TEN,7.3318952250670737,4700.0,0.48330002671041489,0.27605322533115406,0.12214529376587376,0.069667582837868891,0.026954947849687255,0.0086668736962364316,0.013212049808765388,0.0
Jamison Crowder,WR,WAS,7.2508417884484153,5100.0,0.50962866542656371,0.24636977092178541,0.12805426275528192,0.065104546319348561,0.023720999786930604,0.012532655322677859,0.014589099467411781,0.0
Albert Wilson,WR,KC,7.1615148526641201,5200.0,0.50040614231365788,0.25529913046182234,0.13874368155298675,0.059202273855526281,0.026076920101273354,0.0094433741016110625,0.010828477613123104,0.0
Andre Johnson,WR,TEN,7.1578323987819763,4900.0,0.50198249890772362,0.26263885870310938,0.12974901100838129,0.058616134099165461,0.022531987445065869,0.010451044652558623,0.014030465183995472,0.0
Mohamed Sanu,WR,ATL,6.856148750647618,5800.0,0.5589638123746975,0.21609815596879922,0.11703975853365797,0.054897804794658882,0.026973904524102314,0.013806413409013464,0.012220150395070087,0.0
Marc Mariani,WR,TEN,6.8367438425975644,4500.0,0.53821760944966124,0.22852564612061249,0.13568416533366265,0.058737718360103462,0.019743819668583542,0.0078836059740126398,0.011207435093364171,0.0
Vincent Jackson,WR,TB,6.6024930962635953,5900.0,0.62169866104052285,0.16166742715947693,0.10977003264527091,0.048235922428786299,0.02798170274268906,0.011029401563707332,0.019616852419546003,0.0
Cole Beasley,WR,DAL,6.542094459632092,5000.0,0.54981098513029125,0.2440450714516397,0.12350359589441984,0.047195576781743707,0.017924418862682777,0.0065333762166462092,0.010986975662576294,0.0
Brandon Coleman,WR,NO,6.4570568240230042,4800.0,0.57211704304594257,0.21629110834350215,0.1261591317287864,0.052242115780202297,0.016081490653041309,0.0063063565764413035,0.010802753872084151,0.0
Marqise Lee,WR,JAC,6.2897922399662329,4800.0,0.57892427892167098,0.23306547344792602,0.10452352532395634,0.050610657424695608,0.016882562791150107,0.0049827087534571402,0.01101079333714383,0.0
Nelson Agholor,WR,PHI,6.1821831684921014,5400.0,0.59406831300525675,0.22604235792685559,0.098010971115341822,0.048557551178643445,0.016111592186966388,0.005071055705332928,0.012138158881603149,0.0
Robert Woods,WR,BUF,6.1111547188392485,5500.0,0.62604265935454906,0.18113522706886914,0.10750672730999584,0.048053186843306762,0.019464335904982675,0.0077471699598564911,0.010050693558439358,0.0
Mike Wallace,WR,BAL,6.063912706318388,5400.0,0.59840759866504634,0.22938551735827997,0.094560323504569471,0.046002590363654748,0.016198608663604001,0.0059471188270770331,0.0094982426177682069,0.0
Justin Hardy,WR,ATL,6.0204670933732425,4900.0,0.61151343910141553,0.21830783987181002,0.09424206831131926,0.045887074357107878,0.011221880066097386,0.0050848933700935895,0.013742804922156718,0.0
Quincy Enunwa,WR,NYJ,5.9927627131230921,5000.0,0.61735244278699286,0.20974812956829947,0.09733185261157859,0.042776638173355912,0.01465139130861706,0.0071345453359241105,0.011005000215231611,0.0
Cecil Shorts,WR,TB,5.9888114757724153,5200.0,0.67025245681006707,0.15948572815399778,0.082963668720626507,0.036923378677492964,0.020214204316160136,0.010214256885762952,0.019946306435892083,0.0
Quinton Patton,WR,SF,5.8256385614215302,4800.0,0.62168757082533455,0.21820173078035765,0.094266992405334218,0.03738096072537072,0.01245882979636379,0.0050744368035633989,0.010929478663676219,0.0
Ryan Grant,WR,WAS,5.8122365259327511,4600.0,0.63471667997808645,0.19544029379982925,0.10723343135915894,0.035946145131646033,0.0082360113265819192,0.0053471211089232921,0.013080317295772588,0.0
J.J. Nelson,WR,ARI,5.8112706719047713,5100.0,0.68581505992295211,0.14433459302656848,0.085700300986628342,0.039573341149085429,0.020510479566806624,0.0071156447300611504,0.016950580617898513,0.0
Brice Butler,WR,DAL,5.8097576996949849,4700.0,0.64585804617873444,0.18662917100196497,0.095349230235637586,0.040884893878815276,0.01303319349214394,0.0058393806812200985,0.012406084531482403,0.0
Jaelen Strong,WR,HOU,5.7902517380057947,4900.0,0.64385645237707667,0.19203638744198978,0.094256308659435281,0.040532812513823756,0.011364013706852806,0.0041695426559490078,0.013784482644872482,0.0
Rashad Greene,WR,JAC,5.656815548663725,5000.0,0.68070174094809743,0.16563365565375485,0.078566483994415265,0.040716516523693826,0.011355120985746321,0.0057637864912082554,0.017262695403084821,0.0
Phillip Dorsett,WR,IND,5.6127357570175409,5400.0,0.66334977341619528,0.18458658878825693,0.087538509083287266,0.033513478449682367,0.013089877526628373,0.0043386158603729947,0.013583156875577086,0.0
Chris Hogan,WR,NE,5.595681355231318,4700.0,0.66783942618407499,0.17506759849059894,0.090521483133191583,0.036894567264327556,0.012851330213738268,0.0056197880000644967,0.011205806714003598,0.0
Darrius Heyward-Bey,WR,PIT,5.5331262370674388,4500.0,0.67089744878747748,0.17489065121304631,0.088477443064831074,0.04196318847753943,0.0077209914619247519,0.0042137477854768107,0.011836529209704256,0.0
Dwayne Harris,WR,NYG,5.5013734731336914,4800.0,0.70040663121639812,0.14918285788332303,0.079765926371579504,0.036741981694071106,0.012524538303398811,0.0051476891656913265,0.016230375365537154,0.0
Kenny Stills,WR,MIA,5.4333731131900729,4900.0,0.66886903896279493,0.18851772618753868,0.080060596112029328,0.037612674229980228,0.012687915642623697,0.0034615324378226646,0.0087905164272105291,0.0
Josh Bellamy,WR,CHI,5.4137034874008423,4500.0,0.67781908228613585,0.1774341075035091,0.085983090805331702,0.033153031967183083,0.010117794730357359,0.0048624460370811223,0.010630446670401793,0.0
Josh Huff,WR,PHI,5.2862777901928846,4700.0,0.69569828818432566,0.1712098147944352,0.078096954052735382,0.027340703101161282,0.008880336981065556,0.00648132723324808,0.01229257565302844,0.0
Andre Holmes,WR,OAK,5.1974821140201222,4800.0,0.71362771762200061,0.15654752017456672,0.07551315651444522,0.028392302055884857,0.0052609608794126341,0.0057182586558159419,0.014940084097874191,0.0
Brian Quick,WR,LARM,5.1725964911784299,4800.0,0.71117435233700799,0.16892137457322781,0.062636648705309897,0.029445381033803592,0.0085812467927912136,0.0049353210978770184,0.01430567545998125,0.0
Jordan Norwood,WR,DEN,5.1379913616968809,4900.0,0.70817900235093767,0.16086267725640305,0.077114189164090477,0.031859373558910671,0.0081878419202647667,0.0036681493160345196,0.010128766433358267,0.0
Adam Humphries,WR,TB,5.083561936147623,4500.0,0.72001903950602497,0.15192991832776936,0.075090603915048154,0.028976564900735701,0.0091877689773710962,0.0035027919765729513,0.011293312396477361,0.0
Tyrell Williams,WR,SD,4.9929047591138502,4500.0,0.73851248123268731,0.14942019365211839,0.059206543003791613,0.026994643336978114,0.0047102046374481975,0.0043937655253385296,0.016762168611638231,0.0
Eddie Royal,WR,CHI,4.8595479225979563,5100.0,0.74591168357496263,0.14679722892033936,0.05994393771836861,0.023589810332937881,0.0063025017710198741,0.0028076019038632606,0.014647235778508459,0.0
Deonte Thompson,WR,CHI,4.7508311673792667,4500.0,0.76042541624222493,0.13426321405535377,0.056003438510677676,0.026037173965278347,0.0090154389077893773,0.0019578027994884791,0.012297515519186147,0.0
Rishard Matthews,WR,TEN,4.7243340619482668,5200.0,0.81342515483590194,0.077385603140286474,0.048932417681717036,0.0277685079438416,0.0083239905598127238,0.0027021534231315356,0.021462172415307693,0.0
Julian Edelman,WR,NE,4.6856387257177126,7300.0,0.80820210343567911,0.087002026186271328,0.053852431212449661,0.017443898757796596,0.0088929138093042804,0.0036170452456453553,0.020989581352852161,0.0
Jordy Nelson,WR,GB,4.6787071417911585,8400.0,0.81097355465940624,0.085307793286008821,0.052775160286801973,0.017536280150306324,0.0078201303800414981,0.0035480503438550296,0.022039030893578417,0.0
Keenan Allen,WR,SD,4.6674192182017054,7400.0,0.8098563768211281,0.086961874670375652,0.052544547584822902,0.017744004421207427,0.0080757114613286499,0.0036104253839979493,0.021207059657137529,0.0
Chris Conley,WR,KC,4.6626036276832021,4600.0,0.7730548020736242,0.1223947005681997,0.061849317488929835,0.020563438079934371,0.0063478298081055375,0.0021924475729867897,0.01359746440821882,0.0
Lucky Whitehead,WR,DAL,4.6458935662678815,4500.0,0.79249648172191545,0.10251749124393744,0.067216136256362621,0.010436800921911083,0.0051875885908680567,0.0025183772365489345,0.019627124028455928,0.0
Kelvin Benjamin,WR,CAR,4.6390532979111878,7300.0,0.81605263301106346,0.083221166038913996,0.049577005109528782,0.017180484847631784,0.0078532474406144085,0.0048463160471217178,0.021269147505123889,0.0
Corey Coleman,WR,CLE,4.6195376984272452,6500.0,0.81634208312812429,0.084786353863180994,0.049982396762885281,0.01580749223812359,0.0065164422333945649,0.0046705732562211831,0.021894658518068242,0.0
Steve Smith,WR,BAL,4.5789068776528241,6700.0,0.8160171687461133,0.085578935632558362,0.050478497236693141,0.017124376135150256,0.0065600844857455695,0.0039560775920717125,0.020284860171666048,0.0
Adam Thielen,WR,MIN,4.5734644991400337,4500.0,0.77695260504728347,0.12440118484688371,0.059456219407919585,0.019343248345989009,0.0051700648956804181,0.0018194212806554963,0.012857256175587395,0.0
Kevin White,WR,CHI,4.5631352633254387,6000.0,0.81821841108143722,0.084723965651410368,0.04992507922417478,0.01616623500277185,0.006446501941511063,0.0037403535670236551,0.020779453531669326,0.0
Andrew Hawkins,WR,CLE,4.5249210728355438,5700.0,0.82409648534051128,0.082645597576490537,0.047358546345013255,0.014526085469613838,0.0057813760237086578,0.0036197641955842755,0.021972145049076172,0.0
Jared Abbrederis,WR,GB,4.5101412575413029,4700.0,0.78419735763640108,0.12029148439432906,0.056977627244462863,0.01977602648838037,0.0038942170190647998,0.0024898678861689613,0.012373419331193881,0.0
Tyler Boyd,WR,CIN,4.5019204617344206,5600.0,0.82435282300246182,0.08200264798732293,0.048281422192124175,0.016258085302664736,0.0049090804775799206,0.002577063059326215,0.021618877978518299,0.0
Sterling Shepard,WR,NYG,4.4829261894625283,5600.0,0.8242473761607898,0.083449599746634462,0.048344798301326514,0.01508604860800739,0.0049704418205730912,0.0027034342802853468,0.021198301082381233,0.0
Will Fuller,WR,HOU,4.4799596550296039,5600.0,0.82681622058769333,0.082109827055207557,0.046498654392209765,0.014635197426238981,0.0047229600392087265,0.0038827003437433938,0.02133444015569631,0.0
Victor Cruz,WR,NYG,4.3889072899051467,5300.0,0.83944718866083134,0.075687144302056808,0.043290977585470215,0.012181381044370049,0.0040057360223461642,0.0013826328109742035,0.024004939573948832,0.0
Jeff Janis,WR,GB,4.3609051081891819,5200.0,0.81799917873799843,0.092726233820651219,0.048182166715964522,0.019601749659194073,0.0049834851290105594,0.0019636291333578297,0.014543556803822029,0.0
Sammie Coates,WR,PIT,4.356498300773632,5200.0,0.84395157032251245,0.071727894226759265,0.043627972964631744,0.011713749147895759,0.0036598312330626014,0.0013587573737442208,0.023960224731391686,0.0
Greg Salas,WR,BUF,4.331125944073877,4600.0,0.80207127551286517,0.11603558182380114,0.044169288318336136,0.020160794516979785,0.0040599878830831259,0.001760848247359178,0.011742223697574565,0.0
Terrelle Pryor,WR,CLE,4.1695240096988551,4900.0,0.87160931095527472,0.058880287257891913,0.032068916571010908,0.0081552081268835789,0.0012407319748641637,0.00055860932114953422,0.027486935792923533,0.0
Bradley Marquez,WR,LARM,4.1260382042292658,4500.0,0.82544882071311265,0.10427434183975152,0.038755938605601163,0.013413560059696078,0.0049191485021890385,0.001479392807111794,0.011708797472537835,0.0
Tyreek Hill,WR,KC,4.1234863872251708,0.0,0.87875628866342959,0.05308302542303265,0.031494788362494669,0.0077173032514148707,0.0007982134113229478,0.00046504258433150238,0.027685338303972139,0.0
Rashard Higgins,WR,CLE,4.1198449384524043,4500.0,0.87853237390566064,0.054565281124629127,0.030155215574010179,0.0077320337135687381,0.00082068732639628886,0.00043281956048334661,0.027761588795249856,0.0
Malcolm Mitchell,WR,NE,4.119295249096103,4500.0,0.87673169622977931,0.054236558885481609,0.033213214419899384,0.0076819966767477125,0.00081995209722232295,0.00045834487722025668,0.026858236813647345,0.0
Chris Moore,WR,BAL,4.1102102687653668,0.0,0.87889667417571027,0.053415585057794215,0.031480953441272858,0.0076970608105752453,0.00082586974442455739,0.00045011240208536334,0.027233744368135918,0.0
Leonte Carroo,WR,MIA,4.1055624555525005,4500.0,0.8802106943716328,0.052681205840497881,0.030638498883560392,0.0077831326757804888,0.00080233509217948783,0.00043421085295463339,0.027449922283392304,0.0
Michael Thomas,WR,NO,4.1031635980752279,4900.0,0.87410925948020701,0.057711921951459404,0.03280373192827718,0.008140428702489981,0.0012456803136049485,0.0006793520737292235,0.025309625550230287,0.0
Justin Hunter,WR,BUF,4.0983205355531833,4600.0,0.87826823667103293,0.055037541991543475,0.031383478311719802,0.007058841291090294,0.00087206388620268899,0.00051607795805628522,0.026863759890352532,0.0
Braxton Miller,WR,HOU,4.097068893748669,4500.0,0.87943036545517328,0.054146915214760331,0.030370715303492116,0.0077482176759709224,0.00081344082838751279,0.0004401528719091153,0.02705019265030489,0.0
Eli Rogers,WR,PIT,4.0961850303009619,4500.0,0.87939138510138215,0.053591046204926468,0.031167507111218587,0.0077120715244217292,0.00081917519469755658,0.00044951088734069102,0.02686930397601087,0.0
Russell Shepard,WR,TB,4.0953897242970596,4500.0,0.85253671607136627,0.075212481798969097,0.040812748369950906,0.0096459861847140969,0.0028967818700275888,0.00073631786402159679,0.018158967840950824,0.0
James Wright,WR,CIN,4.0896473007287701,4500.0,0.88063063934544483,0.05263898885194504,0.030858195157278667,0.0076754833764432527,0.00082588965242779853,0.00044410084451195321,0.026926702771946438,0.0
Paul Richardson,WR,SEA,4.0889546442097986,4800.0,0.87820397238007608,0.05518430105961538,0.03162601297126065,0.0070851104375241683,0.00099047505934572711,0.00051897487285138455,0.026391153219324861,0.0
Josh Doctson,WR,WAS,4.0876408564556295,4800.0,0.87836525945548327,0.055129725181698876,0.03152555628314152,0.0070769432278981158,0.00098452765379538373,0.00052568669507252052,0.026392301502908673,0.0
Tajae Sharpe,WR,TEN,4.0867513134866016,4800.0,0.87835071707217705,0.055166198734712735,0.031544326795579024,0.0070792818491571654,0.00097365389591770482,0.00052992766709824678,0.026355893985356416,0.0
Quan Bray,WR,IND,4.0866198405524932,4700.0,0.87804045950505893,0.055506066997408975,0.031688492844798841,0.0069903697873460284,0.00091634547314502451,0.00051620058712581658,0.026342064805114692,0.0
Aldrick Robinson,WR,ATL,4.0836289183074719,4500.0,0.87985852060725322,0.053814546258265483,0.030799032847412831,0.0076803354232081152,0.00083024693692790102,0.00044092588931970062,0.026576392037610728,0.0
Breshad Perriman,WR,BAL,4.0767393021480283,4800.0,0.87832379264630533,0.055560584184927334,0.03155361185474239,0.0070521396070487262,0.00099697079609531577,0.0005320702606995629,0.025980830650179851,0.0
Andre Roberts,WR,DET,4.0586291852422018,4500.0,0.87845769811373742,0.05640233408404946,0.030761399766498172,0.0075134414775460132,0.00098846887725702261,0.00059451429078831029,0.025282143390121258,0.0
Chris Harper,WR,SF,4.0555412463611358,4500.0,0.8534235109415641,0.073121929857720674,0.038497511891733553,0.01487421115830923,0.0053460245251153692,0.00053647434030548084,0.014200337285249791,0.0
Rod Streater,WR,SF,4.052601462309398,4500.0,0.88031886936529058,0.05436186487473596,0.030773226801069708,0.0077887435149755725,0.00080658325306514332,0.00044014587518695689,0.025510566315674305,0.0
Charles Johnson,WR,MIN,4.0447896074321941,4800.0,0.86328720099959755,0.066431041731205176,0.039477137029180605,0.0089739472692393681,0.001676763906820676,0.0007044671025554012,0.019449441961399309,0.0
Cordarrelle Patterson,WR,MIN,4.0119069897269259,4600.0,0.8617594020757563,0.06857777952669121,0.041370591606071885,0.0080091896938735228,0.0014463548799666937,0.00079265853972824128,0.018044023677911115,0.0
Brandon Tate,WR,BUF,4.0098891763808737,4800.0,0.84270181280681344,0.088956377618478424,0.040107737111232999,0.011263659453216404,0.0037854111308059349,0.0012194344427237027,0.011965567436729047,0.0
Cody Latimer,WR,DEN,3.8834066263087976,4500.0,0.86846627098470552,0.069105893099975307,0.034702921032763748,0.010041269356411624,0.0019478556204033139,0.0013521832279261385,0.014383606677812154,0.0
Jaron Brown,WR,ARI,3.846754635496525,4800.0,0.86857486522540051,0.068275805326794919,0.034095207419834801,0.013890609279822349,0.0015361678801830371,0.0023396893794201219,0.011287655488544676,0.0
Eric Weems,WR,ATL,3.6872451131762878,4500.0,0.89241852913573139,0.056398826633536202,0.027730701719348723,0.0063572648498541155,0.00092413898363547951,0.0015253728849257823,0.01464516579296783,0.0
Matthew Slater,WR,NE,3.6788755417227503,4500.0,0.88820207307968224,0.059155725165833145,0.030214312072469964,0.0066490638093919226,0.0022361229086674335,0.00048566219651685665,0.01305704076743806,0.0
Devin Hester,WR,BAL,3.6485964712957415,4700.0,0.89370204281968335,0.054866692198730325,0.028639354343519722,0.0076659301817378171,0.0010121301518803689,0.00080829650551512392,0.013305553798933533,0.0
Jeremy Kerley,WR,SF,3.6383907568794789,4700.0,0.89912017579122305,0.050278447621112603,0.027889206646140804,0.006100133772132141,0.0012407897573833157,0.001036914374319964,0.014334332037688009,0.0
