name,pos,team,expectation,salary,prob_0_5,prob_5_10,prob_10_15,prob_15_20,prob_20_25,prob_25_30,prob_30+,label
Jalen Richard,RB,OAK,19.641013949400982,0.0,0.10773107651235118,0.1018920702220306,0.11862469812173984,0.13892188229566571,0.2028549800595123,0.18930909789127531,0.14066619489742507,4.0
Tim Hightower,RB,NO,19.585978417361382,5200.0,0.0073176140633875583,0.087691396467334398,0.14064738611742433,0.1958245930926423,0.41903896686749692,0.12469360934931026,0.024786434042404222,4.0
Rashad Jennings,RB,NYG,19.067499375073609,6000.0,0.0058011107572964044,0.092703298792899888,0.1967560968287253,0.23846212128670474,0.28613346738238576,0.13571415534213793,0.04442974960984996,4.0
Mike Gillislee,RB,BUF,18.947828811732506,4900.0,0.12684496988931199,0.1701422456948595,0.1214894098011505,0.10476384849495428,0.1359990643010871,0.13119073830733874,0.20956972351129782,6.0
Reggie Bush,RB,BUF,18.356984981539604,0.0,0.13962730111872224,0.14031237138994332,0.14650829593211312,0.12961146832808268,0.13529215129729613,0.13209976979310539,0.17654864214073715,6.0
Charles Sims,RB,TB,18.119270110990946,4700.0,0.084031903522850213,0.12022297151748583,0.11159048028272985,0.25779246572953363,0.21681590854197347,0.14816113258435043,0.061385137821076477,3.0
Malcolm Brown,RB,LARM,18.093710216814095,0.0,0.11750870859487846,0.11846590138530753,0.17345105468005631,0.16553973136283706,0.14345333380106723,0.164891168545618,0.11669010163023526,2.0
Keith Smith,RB,DAL,17.801590906166933,0.0,0.1418044984483714,0.13428239631781713,0.13715214970505041,0.15164497008507127,0.15747225845297022,0.15851778933420213,0.11912593765651741,5.0
Travaris Cadet,RB,NO,17.158318796777248,5000.0,0.14516331234319227,0.14281347416014675,0.08705953082740138,0.118473753344375,0.32089519256823745,0.15375773045585461,0.031837006300792538,4.0
Mike Davis,RB,SF,16.767458603180138,4500.0,0.19678093064499644,0.14626536845320695,0.18401269351300645,0.099585008875332851,0.09036571143689838,0.10696918214294535,0.17602110493361364,0.0
Latavius Murray,RB,OAK,16.645609474942521,6600.0,0.079202599181123406,0.18223737899963049,0.18469504548294494,0.16919403143300493,0.25459514869675565,0.062640626270378627,0.067435169936161984,4.0
Alfred Blue,RB,HOU,15.228554785664379,5300.0,0.068995336397003337,0.20432583002112803,0.28273954329409895,0.17641907405505758,0.16267721564282192,0.057026365364797896,0.047816635225092309,2.0
Frank Gore,RB,IND,15.109673861256269,6200.0,0.092584186230014451,0.21715649414892932,0.2338053046935788,0.15009028673312655,0.21315255447810438,0.0477240257014881,0.045487148014758366,2.0
Marcus Murphy,RB,NO,15.000532783928042,4500.0,0.32615673205265855,0.097770826537332753,0.10116561018462966,0.080198020632822914,0.15125923119109683,0.15203249526221671,0.091417084139242599,0.0
Danny Woodhead,RB,SD,14.975442039140452,5800.0,0.12405548279952557,0.26080711255206535,0.16106116171063925,0.10727323376135933,0.21524222189705705,0.083849822888904496,0.047710964390448973,1.0
Christine Michael,RB,GB,14.95304771918264,4800.0,0.14028908443878332,0.25217859203360715,0.18755026259429367,0.12990672159712352,0.12728721050661659,0.062440945063830862,0.10034718376574497,1.0
Matt Forte,RB,NYJ,13.992438477122985,6500.0,0.14153679900144256,0.24704082723105339,0.19164551357876691,0.15493908383595204,0.17602857352490717,0.052023681968454569,0.036785520859423437,1.0
Bilal Powell,RB,NYJ,13.98483278637431,5500.0,0.23730150285790619,0.099488177269005107,0.26941505649007919,0.146414524230918,0.091933856234696437,0.10582364637927281,0.049623236538122263,2.0
Wendell Smallwood,RB,PHI,13.968438394331374,4500.0,0.34335272586983007,0.12864007708474065,0.096971366270654766,0.089564054479178742,0.12394945835962218,0.13818679614641818,0.079335521789555163,0.0
Jerick McKinnon,RB,MIN,13.892525310017351,5200.0,0.1937381283567991,0.25182620362618241,0.1970819601801149,0.088599940855936865,0.094943816554542482,0.095216552360453052,0.078593398065971126,1.0
Shaun Draughn,RB,SF,13.857067347496706,4800.0,0.26411377656676749,0.15349113393755665,0.22527219497229661,0.12122960572014564,0.071025903682037386,0.034701659706113198,0.13016572541508292,0.0
DeAndre Washington,RB,OAK,13.83702011834321,4700.0,0.37146602306186288,0.11364879319916024,0.10051984170102207,0.077271088845831837,0.11324344179195159,0.12473450715931875,0.099116304240852632,0.0
Michael Burton,RB,DET,13.786586756129084,4500.0,0.32586005197414003,0.16282136713948975,0.11579418314952181,0.070103914764627323,0.086829376168472208,0.1637092169365704,0.0748818898671786,0.0
David Johnson,RB,ARI,13.673797812566391,8800.0,0.13979698369006482,0.25743043017113776,0.27702524666746059,0.12347444497920394,0.078184696254016667,0.04430451299614311,0.079783685241973171,2.0
Alfred Morris,RB,DAL,13.496264494894906,5400.0,0.10555351559833299,0.28596554567721361,0.27707882421330965,0.13849000224180771,0.10100199145796472,0.038509368637364094,0.053400752174007068,1.0
Jeremy Hill,RB,CIN,13.435057802766247,6500.0,0.17192037918425496,0.27836394719883384,0.20132396535780045,0.13417122503646414,0.099169220139430025,0.027349388712803846,0.087701874370412741,1.0
Josh Ferguson,RB,IND,13.157536017055278,4500.0,0.35949877678539932,0.14716011362163747,0.11360454905787409,0.077090410728362938,0.10958663738636311,0.1115777471928211,0.081481765227542011,0.0
Dwayne Washington,RB,DET,13.0832312676502,4500.0,0.37821291653916111,0.13822986506994903,0.10625302667517104,0.08097954190288835,0.096375542765302066,0.1081331049793726,0.091816002068155794,0.0
Tevin Coleman,RB,ATL,12.991939399242792,5200.0,0.32706085439299432,0.13710108075894442,0.17449944339149293,0.10988920312329749,0.093689206480093518,0.078385266686193777,0.079374945166983554,0.0
Malcolm Johnson,RB,CLE,12.991527154320089,4500.0,0.39971075144773455,0.14259015978795084,0.12347990598080498,0.060149216402577629,0.059229518932304326,0.070048782825715056,0.14479166462291257,0.0
Isaiah Crowell,RB,CLE,12.942421948296763,5700.0,0.24527292284690519,0.23675410718555773,0.2270062626269832,0.078520268533376167,0.073898681852751141,0.022665463996718767,0.11588229295770788,0.0
Daryl Richardson,RB,PIT,12.921726807646188,4500.0,0.38436893791430676,0.13030827314928292,0.09431525437043585,0.09753998455481501,0.099016259332068937,0.12480786717848349,0.069643423500606927,0.0
Devonta Freeman,RB,ATL,12.717010143070402,8100.0,0.17076666417776543,0.28257807674371282,0.24315303690105164,0.11159665539488896,0.079813576691745339,0.072082886982544642,0.040009103108291207,1.0
Jordan Todman,RB,IND,12.71432062401813,4800.0,0.38224244070370972,0.14559457716020116,0.11044164446090787,0.072957086552884506,0.10373507849198359,0.10674329133467655,0.078285881295636697,0.0
Doug Martin,RB,TB,12.546632811100404,7200.0,0.26143828051454487,0.19601802791869516,0.17584675664435759,0.18286225918898258,0.096084499578513324,0.027790599916815401,0.059959576238091082,0.0
Melvin Gordon,RB,SD,12.089148092032929,5700.0,0.29354070246064651,0.18999044329146808,0.23326703475454083,0.091577751438060934,0.075833691229394665,0.046266908662670012,0.069523468163219124,0.0
Shane Vereen,RB,NYG,12.052192856190366,5300.0,0.33372745474209936,0.1950424868234899,0.15028144394230511,0.095782207838213979,0.099910383470536046,0.057546074372416614,0.06770994881093903,0.0
Ameer Abdullah,RB,DET,11.994511745857491,6300.0,0.2293364105867407,0.29263237590835434,0.18600055933703064,0.0885270820100824,0.10076905457935348,0.068108649345618832,0.034625868232819594,1.0
Matt Jones,RB,WAS,11.903895828576891,6000.0,0.36774470821202104,0.12819305875246512,0.21375579914871648,0.087669003302368431,0.075852965412923259,0.043628924338736261,0.08315554083276934,0.0
Ty Montgomery,RB,GB,11.871631194865895,4500.0,0.4369339393780679,0.13436368952371652,0.1041045115198632,0.075729785910918515,0.073955045419885096,0.085460464407751888,0.089452563839797009,0.0
Aaron Ripkowski,RB,GB,11.871631194865895,4500.0,0.4369339393780679,0.13436368952371652,0.1041045115198632,0.075729785910918515,0.073955045419885096,0.085460464407751888,0.089452563839797009,0.0
Lance Dunbar,RB,DAL,11.859246378802649,4600.0,0.43034421498669351,0.13502686689702215,0.10538899780289722,0.077175662973657327,0.080427355689249816,0.095221239432252358,0.076415662218227653,0.0
LeSean McCoy,RB,BUF,11.715297103079529,6900.0,0.35749541514408373,0.12099076404099235,0.26202707516025348,0.096259506658172483,0.048912054793372635,0.019640620142610678,0.09467456406051461,0.0
Chase Reynolds,RB,LARM,11.676448693879504,4500.0,0.43699781683618771,0.14121552838876464,0.10919981209991722,0.073470095781691461,0.070524293794646711,0.081789214319006334,0.086803238779785977,0.0
Jalston Fowler,RB,TEN,11.453895376008935,4500.0,0.46875628290953908,0.12717932051876488,0.089053754346285277,0.06442150302231843,0.080814400519385848,0.08971044439875879,0.080064294284947532,0.0
Corey Grant,RB,JAC,11.253235711797029,4500.0,0.44280688691998332,0.17305692663370556,0.10630635009200967,0.061772875644756177,0.051727602838632453,0.063594899272034017,0.10073445859887882,0.0
Jay Prosch,RB,HOU,11.208916213031934,4500.0,0.44569366531266846,0.160668092078805,0.10859969892075734,0.069165543941518318,0.059162293233494347,0.065899762936920805,0.090810943575835509,0.0
Zach Line,RB,MIN,11.138864168055857,4500.0,0.44662270618429523,0.16539387323869179,0.11385295747571665,0.053068587437602066,0.057698832779726247,0.078125217837637498,0.085237825046330457,0.0
Tyler Ervin,RB,HOU,11.084582937915567,4500.0,0.44222769502726894,0.16276289525590834,0.11878205084830369,0.066816943595728026,0.056230904382324781,0.069634452315944076,0.083545058574522199,0.0
C.J. Prosise,RB,SEA,11.083156894740885,4900.0,0.47394592161301863,0.13822519198051297,0.10302354207663834,0.066126687585321142,0.056909562795406723,0.070105547861577355,0.09166354608752468,0.0
C.J. Anderson,RB,DEN,10.958053277756211,6700.0,0.30486388761708033,0.28321016791706499,0.17222739488968419,0.10138957136187929,0.035961147920766538,0.032885669881203727,0.069462160412320895,0.0
Todd Gurley,RB,LARM,10.844129074096344,8900.0,0.3700421850043778,0.13286658053800282,0.2387525904021833,0.11626673379744602,0.0603509968378848,0.04195738166510752,0.039763531754997673,0.0
Duke Johnson,RB,CLE,10.542670933877005,5600.0,0.41492616763764628,0.21143957739727182,0.14441742681065706,0.052926568994685709,0.061903880965840895,0.027764622233963226,0.08662175595993514,0.0
Jeremy Langford,RB,CHI,10.506573126190608,6200.0,0.37744467265141823,0.21258669771215957,0.13787760650414435,0.11154824917389723,0.087873958767337529,0.030343444543431485,0.04232537064761141,0.0
Derrick Henry,RB,TEN,10.451193148605075,5400.0,0.50940208305641022,0.12432720672771601,0.093652373777301789,0.06315649790353392,0.062346033924704787,0.077666455958594796,0.06944934865173856,0.0
Mark Ingram,RB,NO,10.441478873993198,7300.0,0.55252301859261288,0.084552583701994477,0.074276204739640889,0.045820546905718809,0.086608474258686674,0.096086248562194485,0.060132923239151946,0.0
Charcandrick West,RB,KC,10.40135618803933,5100.0,0.35855212904305944,0.24796350666992806,0.15464424390303069,0.094454278177346182,0.06288405165542317,0.027760957736490073,0.053740832814722306,0.0
DeAngelo Williams,RB,PIT,10.387511220282274,7100.0,0.34685171009487314,0.27242225948675547,0.10070678498675703,0.11164672249616225,0.10867786500685875,0.036000326303728319,0.023694331624864912,0.0
James Develin,RB,NE,10.324446870203271,4500.0,0.48671655570515793,0.15392981186537733,0.10371053661426835,0.069547603349790321,0.049042693791750233,0.06141219176559657,0.075640606908059252,0.0
Kenyan Drake,RB,MIA,10.274386337596622,4900.0,0.50425378075240568,0.14356942438468212,0.094471456609119223,0.065766680329119545,0.050281720671603441,0.064554723934881472,0.077102213318188326,0.0
Benny Cunningham,RB,LARM,10.185490322470258,4900.0,0.48319913044425655,0.15960999559775246,0.099352914090254554,0.082085393395033415,0.054103206770282797,0.049738403077448014,0.071910956624972086,0.0
Theo Riddick,RB,DET,9.9739139428905368,5100.0,0.4027526099211523,0.25906072569373317,0.09261738410400408,0.06143494630789325,0.088131685094730947,0.073574334890932319,0.022428313987553967,0.0
Andy Janovich,RB,DEN,9.8700292305722002,4500.0,0.48478271603786921,0.18026291385656693,0.10535048795641341,0.064903114304871334,0.041161096129495423,0.052879758155762124,0.070659913559021501,0.0
Kapri Bibbs,RB,DEN,9.8700292305722002,4500.0,0.48478271603786921,0.18026291385656693,0.10535048795641341,0.064903114304871334,0.041161096129495423,0.052879758155762124,0.070659913559021501,0.0
Terrance West,RB,BAL,9.7587197448216596,4700.0,0.47914865943446322,0.17089540459743888,0.11870181778664424,0.080504384380365987,0.053079233846899561,0.030162286291543199,0.067508213662644964,0.0
Carlos Hyde,RB,SF,9.5898783041205444,6200.0,0.56599103509914117,0.11710073628709508,0.095824749557549646,0.04456251219336347,0.038742683510732345,0.049994457993248996,0.08778382535886918,0.0
John Kuhn,RB,NO,9.4700084967388669,4500.0,0.55894173065788233,0.14646435731096127,0.061306330732248102,0.042768399749541483,0.080315108423625534,0.027311618458752258,0.082892454666988899,0.0
Justin Forsett,RB,DET,9.4686157575477861,6900.0,0.56876322151114045,0.11681693445106613,0.078037202224205834,0.047970643218924691,0.057197149940163797,0.069843488707729759,0.06137135994676942,0.0
Adrian Peterson,RB,MIN,9.4392801014718817,8200.0,0.33888730361223107,0.32065968587641497,0.17357908394090468,0.066739456183408749,0.043315285594641796,0.015177363695488721,0.041641821096909983,0.0
Eddie Lacy,RB,GB,9.3184505757894804,7100.0,0.43774781822864584,0.26682415664922021,0.094168585897761226,0.06509071782793717,0.058078774403515311,0.017762079892466819,0.060327867100453306,0.0
Devontae Booker,RB,DEN,9.2274874437670089,5000.0,0.52308455923725261,0.1724992273057333,0.097908579050932129,0.057676606555248748,0.036592264669962515,0.047846490450301336,0.064392272730569397,0.0
James Starks,RB,GB,9.2192631544308306,5600.0,0.4935278582440758,0.2251552793829627,0.084054613303397918,0.052264740829189048,0.049667754602736695,0.016347009764500955,0.078982743873136738,0.0
Damien Williams,RB,MIA,9.1401742938356207,4600.0,0.59267936511204622,0.12766814457048239,0.069406255656029439,0.048297541628631334,0.033897145429310077,0.034174708760869664,0.093876838842630816,0.0
Chris Johnson,RB,ARI,9.0593014369522411,6000.0,0.56290707926162165,0.13810469139791789,0.093035861176253898,0.04746241749396065,0.042806800725617586,0.051914037589609184,0.063769112355019114,0.0
Brandon Bolden,RB,NE,9.0497098666447968,4900.0,0.40553406194800051,0.27641517510982111,0.12213812393609365,0.089579389563495357,0.053115220261353208,0.025243792711321506,0.027974236469914524,0.0
Giovani Bernard,RB,CIN,9.0476747814029075,5600.0,0.47846440998374395,0.22437140677177483,0.0933953616931881,0.071006741893874958,0.057464517753500671,0.02262641529910802,0.052671146604809642,0.0
T.J. Yeldon,RB,JAC,9.0367491305166538,6100.0,0.56590033659373296,0.15060998096227071,0.084254857314264464,0.042422226266516413,0.035567734791687108,0.04626606927913323,0.074978794792394984,0.0
Jonathan Stewart,RB,CAR,8.6475998137370702,6400.0,0.58782930260491506,0.13397901897746933,0.090547822459294519,0.040296465822846184,0.036937873458617279,0.047904967234149956,0.06250454944270746,0.0
Darren Sproles,RB,PHI,8.6413283766066371,5600.0,0.56653220037666829,0.12655369212650455,0.076507197265006113,0.074470667879722688,0.082855446336726174,0.054107582947454748,0.018973213067917549,0.0
Kyle Juszczyk,RB,BAL,8.5809916342434605,4500.0,0.58164225381083701,0.14040442317879215,0.066635790556873298,0.062180630824654665,0.056892685974404507,0.047451810379518289,0.044792405274920011,0.0
Lamar Miller,RB,HOU,8.5572037547490254,7600.0,0.54097634975541065,0.18259013078259426,0.11237744712144963,0.043913275767133372,0.030826026062472943,0.021004809298722758,0.068311961212216304,0.0
Denard Robinson,RB,JAC,8.5109583032594092,5200.0,0.47928737663555426,0.27751384874548635,0.078853719194234728,0.039207493348760003,0.051461228103766896,0.023595459841804892,0.050080874130392888,0.0
Fozzy Whittaker,RB,CAR,8.43734612424403,4800.0,0.52608940146630745,0.14079827711838602,0.16780230957860245,0.064745062558926758,0.036448171763156074,0.030480400000818426,0.033636377513802877,0.0
LeGarrette Blount,RB,NE,8.3350738694026223,6000.0,0.60206074207179439,0.13281738084221409,0.081971964217275706,0.048058978141973539,0.033929015597605285,0.044794671034649375,0.056367248094487725,0.0
Arian Foster,RB,MIA,8.1223260450518016,6500.0,0.62666728582731424,0.12150355955241805,0.072811273430213236,0.043920151831009974,0.033620661990304654,0.045669959169028058,0.055807108199711811,0.0
James White,RB,NE,8.0914645358092301,4900.0,0.48152163060371167,0.25769971642368761,0.099612349519920262,0.065287925308296912,0.046731395332512957,0.027250835889189189,0.021896146922681475,0.0
Jonathan Grimes,RB,HOU,8.0860656417296113,4500.0,0.53294270500322671,0.18171633316694979,0.12590048356973912,0.060388454445436404,0.046302859230626131,0.017033694676975245,0.035715469907046771,0.0
Mike Tolbert,RB,CAR,7.9589766730835363,4900.0,0.53678980007007038,0.19521941703278636,0.10985505690585083,0.063244892042415055,0.037608409606270148,0.023758846004701982,0.033523578337905195,0.0
Thomas Rawls,RB,SEA,7.659281576694605,7400.0,0.66403478497151625,0.10625006699659786,0.068421979366201605,0.035106356911415434,0.030271588346530268,0.040728057773833301,0.055187165633905536,0.0
Spencer Ware,RB,KC,7.3807441240245328,5400.0,0.58940195028180187,0.17531892722895753,0.099354861024016194,0.050074137259764624,0.033633465737442712,0.014696252828839721,0.037520405639177419,0.0
Ezekiel Elliott,RB,DAL,7.3097870832683025,7900.0,0.68362679262949722,0.097111991045140469,0.062495762968215442,0.034053790208200117,0.035579427077784907,0.047323142484134585,0.039809093587027125,0.0
Ryan Hewitt,RB,CIN,7.1102624252585525,4500.0,0.66360937351014038,0.10544387515424708,0.097273966034054596,0.044653428021907658,0.025780889460224981,0.017382136602355519,0.045856331217069814,0.0
Fitzgerald Toussaint,RB,PIT,6.8151026987802696,4600.0,0.6995723606619525,0.12080681633300185,0.031789517740235147,0.030292766745959741,0.043459380256698633,0.045063774684054418,0.029015383578097843,0.0
Jamize Olawale,RB,OAK,6.6299112547722778,4500.0,0.69936658714824762,0.11659163091202208,0.056480336059877616,0.032257646359647271,0.041175419522697133,0.011252759487237824,0.042875620510270565,0.0
Antonio Andrews,RB,TEN,6.4311589891859997,4800.0,0.68041571426021785,0.1482596863193705,0.065371497348615915,0.029398908095187904,0.02484317273845886,0.010974624311178934,0.040736396926969835,0.0
DeMarco Murray,RB,TEN,6.198118707008974,6500.0,0.68796764028001489,0.1204867636336925,0.080921108831242455,0.045643878245486637,0.030834360517889969,0.016616621265520524,0.017529627226153092,0.0
Taiwan Jones,RB,OAK,6.1138839035357133,4500.0,0.73050923178952665,0.1098458048022183,0.049506510382539788,0.027980853491085041,0.035703352414727156,0.0098604141811262491,0.036593832938776875,0.0
Ka'Deem Carey,RB,CHI,6.0920788355787856,4800.0,0.6981773692978035,0.13892824246454008,0.052688028261292173,0.038815481146145858,0.034704574399563523,0.013076167804877439,0.0236101366257775,0.0
Ryan Mathews,RB,PHI,5.9352291257825955,6100.0,0.72498166319482837,0.10620634405683058,0.056172683130981088,0.040896658318694531,0.03637810295682279,0.0197185574450836,0.015645990896759016,0.0
Andre Ellington,RB,ARI,5.8934579681624317,4800.0,0.74976589235547164,0.12464247486729474,0.027674150543743708,0.019977682281335788,0.016190448999123017,0.018243204238331596,0.043506146714699483,0.0
Chris Thompson,RB,WAS,5.880679863898771,4900.0,0.73703726918572587,0.13482867223901188,0.027412106861735262,0.01773889325339793,0.027348955433839965,0.025167389566107309,0.030466713460181767,0.0
Kenjon Barner,RB,PHI,5.7743913294161358,4600.0,0.74922876351438816,0.089687330415328573,0.054852232241858576,0.03651905971534964,0.032434042337563571,0.01741172936863046,0.019866842406880931,0.0
Robert Turbin,RB,IND,5.3503771852977344,4900.0,0.77277276547957929,0.092682388402186622,0.047644068547300258,0.026321246440340253,0.028176691244352303,0.013456034664159318,0.01894680522208203,0.0
Patrick DiMarco,RB,ATL,5.015792359705145,4500.0,0.80037722046528847,0.08986836690576637,0.039824738914521374,0.018896859394588031,0.012049408248772819,0.016426482289697161,0.022556923781365933,0.0
Matt Asiata,RB,MIN,4.9690888309408763,4800.0,0.78309821580434147,0.11741386892018725,0.039216082563653415,0.014937807935831906,0.011852050143454935,0.0079218182347247489,0.025560156397806445,0.0
Orleans Darkwa,RB,NYG,4.820477863080896,4500.0,0.80890411377078164,0.089874936405216807,0.037612954619494966,0.019678688978731068,0.014272370708011472,0.006600602441155329,0.023056333076608711,0.0
Bobby Rainey,RB,NYG,4.6765016097347125,4600.0,0.84767401980474422,0.059076058752139587,0.027570036280076243,0.019868448150549209,0.011222164791550082,0.0054933882795414465,0.029095883941399267,0.0
Rex Burkhead,RB,CIN,4.6234283826647626,4500.0,0.81979641083231569,0.096688242036493524,0.026624962799832862,0.016781650615637505,0.01169825485095065,0.0047057166499494922,0.023704762214820096,0.0
Knile Davis,RB,KC,4.575353601964057,4500.0,0.82240751033918646,0.08918843633047327,0.032691531097170753,0.017758349206844309,0.011748266594023294,0.0067381892923952334,0.019467717139906814,0.0
