name,pos,team,expectation,salary,prob_0_5,prob_5_10,prob_10_15,prob_15_20,prob_20_25,prob_25_30,prob_30+,label
Cole Wick,TE,DET,18.898554017796187,0.0,0.099638863484092996,0.1174527627320345,0.1440961979696091,0.17439696417782077,0.16444398597410229,0.1711427722313994,0.12882845343094096,3.0
Stephen Anderson,TE,HOU,18.124053530750484,0.0,0.1480667818652304,0.14311239503212342,0.12491192335904686,0.13100927294434883,0.15539686505743405,0.14433917732313967,0.15316358441867675,4.0
Tyler Higbee,TE,LARM,18.089325319136272,0.0,0.13185250356302047,0.13276201302202631,0.12660640047340715,0.18125200833511931,0.16176478171367215,0.12425320386969176,0.14150908902306281,3.0
Zach Ertz,TE,PHI,17.876193107410089,5700.0,0.0041356515589319898,0.22042096142878151,0.12821831927596183,0.1545318956204462,0.33659994232566337,0.15081361886605127,0.0052796109241637634,4.0
Zach Miller,TE,CHI,14.199725955415721,5300.0,0.12312710700611242,0.16711895832880538,0.29661587790724575,0.10953174313146236,0.27235384398417528,0.02770478737702152,0.0035476822651772147,2.0
Eric Ebron,TE,DET,12.028741696914807,5100.0,0.1936878507914005,0.25621350506441448,0.25982816966743588,0.12591610980973925,0.080730409906279527,0.076231453343604941,0.0073925014171253153,2.0
Jordan Reed,TE,WAS,11.464819952102978,7400.0,0.11930781591967932,0.46759139763176538,0.16740751112355287,0.075418489322946661,0.092427849003902093,0.07427625595381529,0.0035706810443384245,1.0
Will Tye,TE,NYG,10.903249996837403,5200.0,0.22539315171047411,0.38661226120885972,0.12843685187365503,0.081940381267543605,0.11978286383283926,0.042475166943841666,0.015359323162786794,1.0
Justin Perillo,TE,GB,9.0650053378080422,4600.0,0.42946131051577385,0.14744881645122063,0.25123600261013795,0.064367461387950922,0.087810773309120085,0.0061045758185998868,0.013571059907196819,0.0
Maxx Williams,TE,BAL,8.5202517132001514,4800.0,0.46480168758708346,0.22519239290413651,0.12160501983477121,0.09631456721655561,0.053258009204768739,0.012474619696559471,0.026353703556124982,0.0
Troy Niklas,TE,ARI,8.4223451568230914,4500.0,0.48769739016362323,0.22684693814723775,0.091678240878400236,0.062800482811050745,0.094190434017337399,0.020006609284800379,0.016779904697550228,0.0
Gavin Escobar,TE,DAL,8.0775753123485963,4500.0,0.46898216798046,0.1801061439768207,0.2369547177347941,0.032626929600451417,0.062172069310614961,0.006397598066724206,0.012760373330134646,0.0
Antonio Gates,TE,SD,7.9354697415455879,6200.0,0.47143043964149212,0.24285753419887893,0.15451701860243397,0.048088900338100607,0.040932479736726736,0.031281881127485263,0.010891746354882381,0.0
Austin Seferian-Jenkins,TE,NYJ,7.8665398236035591,5400.0,0.33088295065498352,0.44014628381025644,0.1308207958485893,0.035935432249164193,0.051103632975638698,0.0086144122904405519,0.002496492170927182,1.0
Delanie Walker,TE,TEN,7.8133372690240535,6500.0,0.2825892168512148,0.48427901361687187,0.17002183730056478,0.035966172529452972,0.011641217432671665,0.011256764321460389,0.00424577794776336,1.0
Demetrius Harris,TE,KC,7.5133513842034514,4500.0,0.5721217059376712,0.17528699245900017,0.08067626197678425,0.077945631780732286,0.063545300292888338,0.013162690119754549,0.017261417433169026,0.0
C.J. Uzomah,TE,CIN,7.4105977949781519,4500.0,0.55725794499394588,0.19677365063441341,0.090959483453783588,0.067310909264672508,0.059303832827866297,0.013522186677601241,0.014871992147717039,0.0
David Johnson,TE,PIT,7.3835462333968502,4500.0,0.61259168992592883,0.14751043154194052,0.063206863027991014,0.066919754017743971,0.073991667673605752,0.017672135632895439,0.018107458179894637,0.0
Brandon Myers,TE,TB,7.3660268161824183,4500.0,0.58097250392275512,0.16776880424205834,0.093965615253556692,0.060396928872824232,0.06855722483860735,0.014744904094586614,0.013594018775611783,0.0
Darren Fells,TE,ARI,7.0948444736348915,4700.0,0.56319445769344656,0.24233043141656072,0.064560259756496208,0.04893443367930643,0.041360142667635685,0.014838476015759636,0.024781798770794623,0.0
Brandon Bostick,TE,NYJ,7.038527297400659,4500.0,0.58631758594944672,0.20637499093321071,0.067142579999975874,0.051842872647339285,0.057298349155594813,0.012886829707493675,0.018136791606939023,0.0
Logan Paulsen,TE,CHI,6.9565046180524721,4500.0,0.5996357719045482,0.18993681980844332,0.071471888238768752,0.051812367540649891,0.057778897373782938,0.012666682108208824,0.016697573025598156,0.0
Austin Hooper,TE,ATL,6.9133256348089347,4500.0,0.59351523118899863,0.19868555803304319,0.079116235736279947,0.043300582897479414,0.05351527631538168,0.016901339590061543,0.014965776238755561,0.0
Brandon Williams,TE,SEA,6.9129828436496998,4500.0,0.59629206003350321,0.18884128644441059,0.083511297866263656,0.051672232131824231,0.051225600980868514,0.012106873530858261,0.016350649012271356,0.0
Coby Fleener,TE,NO,6.8579360193404915,5400.0,0.49866951946558824,0.29207050038826049,0.11209577673028265,0.054040761266744237,0.028587261539757349,0.01042090260058374,0.0041152780087833352,0.0
Hunter Henry,TE,SD,6.8261023605329516,4500.0,0.60722553069569074,0.18741872669278783,0.074674375444199637,0.047636520816162702,0.05389473615663315,0.013007485876023085,0.016142624318502677,0.0
Sean McGrath,TE,SD,6.8261023605329516,4500.0,0.60722553069569074,0.18741872669278783,0.074674375444199637,0.047636520816162702,0.05389473615663315,0.013007485876023085,0.016142624318502677,0.0
Vance McDonald,TE,SF,6.7155267704929207,4700.0,0.47618534887316738,0.32549586988130313,0.11895312103136571,0.05400417256150826,0.016693261443127688,0.0036171944429450021,0.0050510317665829283,0.0
Tyler Kroft,TE,CIN,6.6722051277309076,4900.0,0.61505312854238703,0.15181416164407976,0.13269156495817996,0.050695990138365857,0.01194319092459389,0.018886509852192666,0.018915453940200794,0.0
Garrett Celek,TE,SF,6.6307925637858167,4500.0,0.60917534564240172,0.19944438655830932,0.06744437838150627,0.053260391033635203,0.045770575448753389,0.0086134030267593278,0.016291519908634748,0.0
James O'Shaughnessy,TE,KC,6.5070486371540479,4500.0,0.63751441445966872,0.16596943548789669,0.069112739465872111,0.05452939466061256,0.050793820937826209,0.0087132814298521485,0.013366913558271562,0.0
Jacob Tamme,TE,ATL,6.4908953149754609,5000.0,0.55328300368135652,0.25190786265660303,0.10880540462577851,0.05781036572256968,0.0068262652405019515,0.0073079363456810759,0.014059161727509227,0.0
Larry Donnell,TE,NYG,6.363345801449916,4900.0,0.64461567468490832,0.16663373256509723,0.072855494182600955,0.044021814923823975,0.049491443019421183,0.010125827697624306,0.012256012926523979,0.0
Niles Paul,TE,WAS,6.3486744185359463,4700.0,0.63952594560753373,0.17599374075016216,0.071319719121434366,0.044564843347863467,0.044890212073821968,0.010826451846278394,0.01287908725290589,0.0
Luke Willson,TE,SEA,6.1341175431133133,4800.0,0.63858228323892552,0.15935265229479595,0.11013803631048071,0.044081778523253144,0.035826739752035014,0.0043185500628705404,0.0076999598176389619,0.0
Jason Witten,TE,DAL,6.1009032037257969,5500.0,0.52585030209385542,0.31602159652596173,0.10716907062733448,0.024324662486768383,0.019304188145775752,0.0053440052405716622,0.0019861748797326286,0.0
Marqueis Gray,TE,MIA,6.1005957988785253,4500.0,0.65833503757890399,0.17210183137808829,0.068960379725535675,0.035616507082682269,0.041914422858658582,0.0095849884539922457,0.013486832922138927,0.0
Jermaine Gresham,TE,ARI,6.0943691770274784,4500.0,0.63652273302109652,0.21673403009433906,0.050439995873107157,0.042181987794313092,0.026312870197791709,0.0075280801566364663,0.020280302862716003,0.0
Cameron Brate,TE,TB,5.9766412505714044,4600.0,0.60483007071200645,0.20959635415128397,0.11998765063167272,0.025165882261567237,0.034289822715486667,0.0044978465859238257,0.0016323729420590805,0.0
Dennis Pitta,TE,BAL,5.9311886478703855,4900.0,0.67565467791624978,0.1598731795803614,0.065546871722598682,0.036519655319223368,0.043349306494423652,0.0077009291155174077,0.011355379851625626,0.0
Crockett Gillmore,TE,BAL,5.9311886478703855,4900.0,0.67565467791624978,0.1598731795803614,0.065546871722598682,0.036519655319223368,0.043349306494423652,0.0077009291155174077,0.011355379851625626,0.0
Scott Simonson,TE,CAR,5.8387740200001952,4500.0,0.6835860968763432,0.1634648625073872,0.060923610430205562,0.029310107069742686,0.039786632367143242,0.0091137466101447202,0.013814944139033234,0.0
Marcedes Lewis,TE,JAC,5.7811694758536794,4600.0,0.62865216479724217,0.20101936851687363,0.10630229563342893,0.027387050236269236,0.026089060580928046,0.008321899449794383,0.0022281607854635053,0.0
Charles Clay,TE,BUF,5.6721179895826666,5000.0,0.66803446558445023,0.18773248698446243,0.069344502586999326,0.026227590909528985,0.029797853315849714,0.0083214895036825866,0.010541611115026696,0.0
Travis Kelce,TE,KC,5.6524434492929334,6400.0,0.63028524989043888,0.19154065541012358,0.1235268191044574,0.033352386091464285,0.016576506923352566,0.0034255176662108238,0.0012928649139524958,0.0
Martellus Bennett,TE,NE,5.6177987419056725,5100.0,0.69234363012159406,0.15078890516532678,0.0773970625751636,0.028961025401716235,0.03456561796413582,0.0072021746764164172,0.0087415840956471119,0.0
Clive Walford,TE,OAK,5.5942405838327813,4700.0,0.6568573196529468,0.20803377166587372,0.059395263239465035,0.028707363447852106,0.034626171469769255,0.0087157840049908088,0.0036643265191023261,0.0
Gary Barnidge,TE,CLE,5.4601752636661454,6300.0,0.60672577631066249,0.27208986737041591,0.074713002866965486,0.03367606546034374,0.0044934241334486785,0.0016298855760053584,0.0066719782821583725,0.0
Richard Rodgers,TE,GB,5.45442688396788,4800.0,0.70414320271573794,0.12222052906659579,0.10000120871573964,0.054215069011254467,0.0064661240159829044,0.0026982699251167264,0.01025559654957266,0.0
Kyle Rudolph,TE,MIN,5.3893571696902676,5300.0,0.6860478343618317,0.1414092078347437,0.111381306471729,0.037783877385590747,0.018916999717296528,0.0028767002355741191,0.0015840739932342716,0.0
Brent Celek,TE,PHI,5.1897042864397172,4900.0,0.68914214205805857,0.18582376702674924,0.062545456668383639,0.033653783140798518,0.022890113080317406,0.0027576146574933348,0.0031871233681992576,0.0
Luke Stocker,TE,TB,5.1483001339499497,4500.0,0.68390099795966708,0.18328477539068622,0.087038372598493646,0.018448002155704083,0.022433570867628504,0.0030617402774285752,0.001832540750391884,0.0
Julius Thomas,TE,JAC,5.1374702469871218,5800.0,0.69460971287795126,0.15816580634540583,0.10316103664049973,0.020800387628172549,0.01722373121037744,0.0050303549262418782,0.0010089703713511361,0.0
Jimmy Graham,TE,SEA,4.9377841275276078,6100.0,0.73830106638297388,0.15050649418910503,0.049335202296671106,0.026149659817196753,0.026655307565648823,0.0036866909038260152,0.0053655788445782738,0.0
Ryan Griffin,TE,HOU,4.9082244382541225,4700.0,0.72686454257453559,0.15892325297592827,0.06769685661073635,0.014787234877989162,0.021591147908596436,0.0061924317695474804,0.0039445332826666454,0.0
Dwayne Allen,TE,IND,4.8439214573904312,5500.0,0.76015556424015318,0.10660485510871168,0.074286256423076721,0.025077517911574258,0.031972185262275743,0.0012586054086393642,0.00064501564556900947,0.0
Greg Olsen,TE,CAR,4.8281649981291226,7500.0,0.71165471963975169,0.16851282099350762,0.086326680637970651,0.015981823639490002,0.012762960357791071,0.0036513071652912073,0.001109687566197758,0.0
Lance Kendricks,TE,LARM,4.580570777181566,4700.0,0.73947888792795413,0.16311649207008047,0.064727178194728757,0.021875672320879641,0.0037521380972102554,0.001943244269439685,0.0051063871197071856,0.0
Josh Hill,TE,NO,4.5685178622698608,4500.0,0.78182154321847219,0.098873750401618596,0.075106677379464137,0.024610307095373516,0.012535621846949055,0.0034637278388584508,0.0035883722192640152,0.0
Dion Sims,TE,MIA,4.4976339216123984,4600.0,0.75189150977756158,0.16555905785185293,0.041496036269787324,0.025903018764869157,0.0087823876286748804,0.002169923983603259,0.0041980657236506324,0.0
Blake Bell,TE,SF,4.4406922569256642,4500.0,0.7482886193470718,0.1660365044307657,0.055827547067010208,0.01941899671432849,0.0054171922514626185,0.0013675450395584144,0.0036435951498028532,0.0
Jared Cook,TE,GB,4.1497436020837695,5300.0,0.78946632708960063,0.12520468919967895,0.06555545352171406,0.013208372670228882,0.0026254698138270536,0.001401228783017757,0.0025384589219327627,0.0
Jordan Cameron,TE,MIA,4.111596972348055,5000.0,0.79799293766395851,0.13249427949215353,0.036580119884397876,0.022026377325694218,0.0074564731267904799,0.0011092870474126379,0.0023405254595928911,0.0
Jesse James,TE,PIT,3.9825077035535461,4500.0,0.84124903824457764,0.086096003592863762,0.03543218957765925,0.020660259860125704,0.011038922293323875,0.0016657483970454248,0.0038578380344042058,0.0
Virgil Green,TE,DEN,3.9632922870970586,4600.0,0.82802388563939155,0.10115102330867522,0.039706431328469835,0.021058133080208943,0.0061511306781555719,0.00073028284839556741,0.0031791131167030889,0.0
Levine Toilolo,TE,ATL,3.8412012650804437,4600.0,0.84503781847760839,0.094030466629445919,0.034847678224507621,0.016892521716246254,0.0015651834945018543,0.0013300157760690436,0.0062963156816209414,0.0
Lee Smith,TE,OAK,3.7504766853202427,4500.0,0.85298031988993772,0.093276034277917877,0.026099717169049758,0.012060859753128166,0.011956478156515455,0.0019743088898975291,0.0016522818635534241,0.0
Kellen Davis,TE,NYJ,3.744639818145167,4600.0,0.85181990950319386,0.10218512146504286,0.020955625794764877,0.012715835821569689,0.0044052961134327003,0.0016036498713022532,0.0063145614306937834,0.0
Rhett Ellison,TE,MIN,3.6483245373050779,4500.0,0.86840293427355852,0.065754415904567862,0.044572519232609659,0.0142671270727295,0.004966795854550273,0.00075897423204001962,0.0012772334299443863,0.0
C.J. Fiedorowicz,TE,HOU,3.6413465233492204,4500.0,0.8614812322107005,0.086526833569640055,0.032900928945915058,0.0073881842609758016,0.0079310551812514229,0.001643092136279056,0.0021286736952377833,0.0
Anthony Fasano,TE,TEN,3.6367510858342578,4500.0,0.84907842289601632,0.099945103025108978,0.037832757067049118,0.0080148437911786163,0.0016995134780817503,0.00092921573659554731,0.0025001440059698034,0.0
Jack Doyle,TE,IND,3.5721862067030203,4500.0,0.86997557412505067,0.079240957546012833,0.029559384056008425,0.013125637531851425,0.0056884103930419632,0.0011455164982485074,0.0012645198497861173,0.0
Jim Dray,TE,BUF,3.5451950098805201,4500.0,0.87073244110331383,0.08212468659143464,0.03355084387874039,0.0070949398784612375,0.001111185091144612,0.00061686989510503093,0.0047690335618002016,0.0
Vernon Davis,TE,WAS,3.5446358983666317,4800.0,0.87275980771274864,0.07756624168847194,0.02851368401555647,0.015750700485884242,0.0030139693253559414,0.0003638585488155014,0.0020317382231672958,0.0
Cory Harkey,TE,LARM,3.4008376933985378,4500.0,0.88221526132513772,0.077880022971266186,0.027064347946428424,0.0090647861148292971,0.0011824863437423893,0.0004137355631644229,0.0021793597354315295,0.0
Ed Dickson,TE,CAR,3.3970683182771029,4500.0,0.89631452997995142,0.055612754288368864,0.033305182752407181,0.0077638647654136956,0.0040031133647557239,0.0010780736081319275,0.001922481240971334,0.0
Nick O'Leary,TE,BUF,3.0852833968260227,4600.0,0.92020894411337839,0.060802136880424046,0.0098484126909202403,0.0048146662114985257,0.0017077240521601506,0.0011566213838118296,0.0014614946678068611,0.0
Phillip Supernaw,TE,TEN,3.0225325035743369,4500.0,0.92726677758109977,0.051166093668207881,0.016466325769399319,0.0031930203457843391,0.00049863243364405973,0.00021687438412678296,0.0011922758177380925,0.0
Geoff Swaim,TE,DAL,3.017231833279364,4500.0,0.92210271545812195,0.064782742701757198,0.0058924461464992146,0.0043187532388977616,0.0014969546845042597,0.00080457820001352475,0.00060180957020603075,0.0
