name,pos,team,expectation,salary,prob_0_5,prob_5_10,prob_10_15,prob_15_20,prob_20_25,prob_25_30,prob_30+,label
WAS,Def,WAS,19.007077256394606,4200.0,0.19555939246897089,0.23540283373852769,0.047868602737058133,0.064914090543482766,0.073637017716463402,0.0040215590671713744,0.37859650372832587,6.0
CAR,Def,CAR,18.009652531070095,4700.0,0.10806914060586928,0.11307158456701819,0.10199303917836233,0.16210519812373816,0.30507905171133098,0.18979457714345926,0.019887408670221769,4.0
PIT,Def,PIT,16.324647136069132,4600.0,0.23581481481106842,0.24076233919547974,0.10656062944918679,0.065469122148010206,0.066594079804340511,0.001954300925907944,0.28284471366600628,6.0
NO,Def,NO,15.606032668701634,4000.0,0.28211231842779416,0.25555807784309298,0.10456695535400964,0.034964752056698988,0.018525605029685036,0.00016801631753185481,0.30410427497118742,6.0
GB,Def,GB,15.506824342033973,4300.0,0.14219661247276708,0.22639231282155928,0.16683473733698748,0.1036136728908016,0.11239521820317762,0.22320480757296729,0.025362638701739781,1.0
HOU,Def,HOU,15.470192687689979,4900.0,0.12422161065464697,0.14101853411479659,0.1256549310869205,0.36046834086989971,0.18834807066041379,0.016641663992395164,0.04364684862092736,3.0
NE,Def,NE,14.584449172122115,4400.0,0.1372468835256502,0.22906836454303975,0.1588051107621283,0.21299516214358202,0.12301443215242253,0.10899151423930808,0.029878532633869161,1.0
OAK,Def,OAK,14.542604552291241,4300.0,0.35060861679277339,0.22297397818508974,0.079979705624456623,0.047679979079527618,0.022659459765631759,0.0018192992454994653,0.27427896130702129,0.0
SEA,Def,SEA,14.223058536809354,5000.0,0.114941495309088,0.24066924827110786,0.13492644863721914,0.30000131222704052,0.15846158875634858,0.020840082723308898,0.030159824075886847,3.0
NYG,Def,NYG,13.689974330992726,4400.0,0.27281300330356717,0.32374583049858785,0.10955108810639053,0.036430082759916202,0.034970755844967234,0.00013764589010200159,0.222351593596469,1.0
CIN,Def,CIN,13.57158855491936,4600.0,0.093435378020430601,0.32297643638085483,0.15430222431440149,0.25997498981066924,0.084334397737696992,0.05791564246149114,0.027060931274455809,1.0
ARI,Def,ARI,13.509945048606969,5000.0,0.28952750647727377,0.24867483919284863,0.11785253071477242,0.12195773690809361,0.034965348645818982,0.0025124957375390234,0.18450954232365363,0.0
JAC,Def,JAC,13.284379582703352,4100.0,0.33552070803471262,0.20073386044327138,0.10970140810712152,0.098071253978843712,0.08551269032684107,0.0050105317137350402,0.16544954739547468,0.0
NYJ,Def,NYJ,13.163424509872662,4500.0,0.21331670068619424,0.27822634409566865,0.15423854238218887,0.12986427623617366,0.054115441268973594,0.11108309354675744,0.059155601784043575,1.0
SF,Def,SF,13.152868666813541,4400.0,0.23862138399156815,0.21055826351587237,0.11369231727762792,0.25198846445773748,0.069779639572293356,0.061528446048440738,0.053831485136460022,3.0
TEN,Def,TEN,13.136268074741878,4100.0,0.27647722420791404,0.22928464740552026,0.17537208493343037,0.093029741003335525,0.07081218393601045,0.015179954278455797,0.13984416423533341,0.0
DEN,Def,DEN,13.076994867719742,4700.0,0.12943071469927411,0.27886558034386966,0.20816190995425177,0.22428234635883829,0.065854793943578488,0.082124598073648719,0.011280056626538941,1.0
TB,Def,TB,13.017867895785113,4200.0,0.34584460484098045,0.24208327016987799,0.12041911378287232,0.063979016978422509,0.020175786342780493,0.00048431075861317017,0.20701389712645299,0.0
KC,Def,KC,12.756032130070523,5100.0,0.23877925004352343,0.21185676783380872,0.171662497391952,0.19510053219872772,0.10353294437875998,0.011567175807208389,0.067500832346019543,0.0
PHI,Def,PHI,12.712451985437021,4800.0,0.10814802222381001,0.28961076043958783,0.22781044505708242,0.27144009247609752,0.066550697710156759,0.013416136894329217,0.023023845198936237,1.0
MIA,Def,MIA,12.617163474295788,4200.0,0.32382870509628381,0.17327409319976625,0.12930852281574015,0.1836619889634839,0.076204881195677768,0.0023037949227094428,0.11141801380633864,0.0
SD,Def,SD,12.276408553160696,4100.0,0.20909116571587616,0.36140052910099923,0.12295876920541247,0.095689230193227684,0.12221338111217431,0.0027750548520535912,0.085871869820256463,1.0
LARM,Def,LARM,12.203255080051385,4500.0,0.16440938690620488,0.34030741407846749,0.13611598139424838,0.22068823267864079,0.064447182008047693,0.048632337332226619,0.025399465602164085,1.0
CHI,Def,CHI,12.122937389727271,4300.0,0.13821305045994786,0.32774602498204097,0.22225067986134994,0.17573342880475934,0.084502458964985178,0.03198223270564237,0.019572124221274308,1.0
BUF,Def,BUF,11.71923686944085,4500.0,0.24478434440561531,0.21358622019048606,0.22990555597652046,0.18420957656899314,0.073370492649033406,0.018396949946170402,0.035746860263181197,0.0
MIN,Def,MIN,11.433964988141243,4600.0,0.18719411960650015,0.43107794257314408,0.1339073716937112,0.11665281416781907,0.045232297997996489,0.0010451823820994059,0.08489027157872954,1.0
DET,Def,DET,11.318558657730254,4300.0,0.29715573724925193,0.29561423649317026,0.13359103724451474,0.12246571825657693,0.036142896639851638,0.039167168348940011,0.075863205767694397,0.0
IND,Def,IND,10.731569025258729,4400.0,0.3163472196501052,0.2625059135013863,0.20959304567650072,0.098015033008646252,0.021505433826425016,0.0091078915495786984,0.082925462787357782,0.0
BAL,Def,BAL,10.730363684426488,4300.0,0.15221360875532139,0.44957808769997748,0.18510754501370796,0.14639344367684637,0.016945274198359592,0.0027567552857933955,0.047005285369993814,1.0
ATL,Def,ATL,10.044589990234538,4200.0,0.39906567155189038,0.25606023140392498,0.1310722375978203,0.088338986501968156,0.03135195023132327,0.0076216444125518784,0.086489278300520764,0.0
DAL,Def,DAL,9.9129458573496976,4400.0,0.21987530777035272,0.37451646536951672,0.27968744949848257,0.05582160727949901,0.024362681144430576,0.0090032782719552014,0.036733210665763391,1.0
CLE,Def,CLE,9.8643868953381961,4000.0,0.32673142590853604,0.34613587919042971,0.10848960646508828,0.11479050058468426,0.022384594693427923,0.035793032737767343,0.04567496042006642,1.0
