name,pos,team,expectation,salary,prob_0_5,prob_5_10,prob_10_15,prob_15_20,prob_20_25,prob_25_30,prob_30+,label
Drew Brees,QB,NO,19.578571428571429,8700.0,0.037142857142857144,0.089999999999999997,0.17428571428571429,0.23999999999999999,0.19428571428571428,0.15857142857142856,0.10571428571428572,3.0
Russell Wilson,QB,SEA,18.953571428571426,8500.0,0.038571428571428569,0.09285714285714286,0.20857142857142857,0.23428571428571429,0.20714285714285716,0.11428571428571428,0.10428571428571429,3.0
Cam Newton,QB,CAR,17.853571428571428,8600.0,0.051428571428571428,0.12142857142857143,0.22428571428571428,0.24142857142857144,0.18285714285714286,0.077142857142857138,0.10142857142857142,3.0
Carson Palmer,QB,ARI,17.539285714285715,7900.0,0.064285714285714279,0.14142857142857143,0.19857142857142857,0.20857142857142857,0.21428571428571427,0.091428571428571428,0.081428571428571433,4.0
Kirk Cousins,QB,WAS,17.5,7800.0,0.052857142857142859,0.12857142857142856,0.21857142857142858,0.23000000000000001,0.20428571428571429,0.10000000000000001,0.065714285714285711,3.0
Ben Roethlisberger,QB,PIT,17.324999999999999,8500.0,0.10000000000000001,0.11142857142857143,0.1957142857142857,0.23000000000000001,0.17714285714285713,0.09571428571428571,0.089999999999999997,3.0
Aaron Rodgers,QB,GB,17.228571428571428,9000.0,0.065714285714285711,0.10285714285714286,0.20857142857142857,0.2985714285714286,0.18571428571428572,0.07571428571428572,0.062857142857142861,3.0
Matthew Stafford,QB,DET,17.164285714285715,7400.0,0.055714285714285716,0.12428571428571429,0.21285714285714286,0.28428571428571431,0.17857142857142858,0.081428571428571433,0.062857142857142861,3.0
Derek Carr,QB,OAK,17.139285714285712,7700.0,0.058571428571428573,0.14714285714285713,0.22,0.20714285714285716,0.21285714285714286,0.089999999999999997,0.064285714285714279,2.0
Tyrod Taylor,QB,BUF,17.096428571428572,7200.0,0.10428571428571429,0.14571428571428571,0.17714285714285713,0.20999999999999999,0.17285714285714285,0.091428571428571428,0.098571428571428574,3.0
Jameis Winston,QB,TB,16.757142857142856,7500.0,0.062857142857142861,0.14428571428571429,0.22428571428571428,0.27285714285714285,0.15428571428571428,0.064285714285714279,0.077142857142857138,3.0
Alex Smith,QB,KC,16.732142857142858,7000.0,0.074285714285714288,0.15428571428571428,0.19857142857142857,0.23857142857142857,0.19714285714285715,0.067142857142857143,0.070000000000000007,3.0
Philip Rivers,QB,SD,16.660714285714285,7300.0,0.062857142857142861,0.13857142857142857,0.23714285714285716,0.25,0.17142857142857143,0.084285714285714283,0.055714285714285716,3.0
Eli Manning,QB,NYG,16.614285714285714,7200.0,0.071428571428571425,0.14285714285714285,0.23142857142857143,0.23285714285714285,0.17428571428571429,0.089999999999999997,0.057142857142857141,3.0
Ryan Fitzpatrick,QB,NYJ,16.367857142857144,7300.0,0.077142857142857138,0.13,0.22285714285714286,0.27571428571428569,0.18428571428571427,0.054285714285714284,0.055714285714285716,3.0
Jay Cutler,QB,CHI,16.192857142857143,6700.0,0.081428571428571433,0.13285714285714287,0.24714285714285714,0.24857142857142858,0.15714285714285714,0.084285714285714283,0.048571428571428571,3.0
Matt Ryan,QB,ATL,16.117857142857144,7600.0,0.07857142857142857,0.13428571428571429,0.27142857142857141,0.23857142857142857,0.16428571428571428,0.040000000000000001,0.072857142857142856,2.0
Blake Bortles,QB,JAC,15.989285714285714,8400.0,0.085714285714285715,0.15142857142857144,0.23142857142857143,0.21714285714285714,0.20571428571428571,0.064285714285714279,0.044285714285714282,2.0
Ryan Tannehill,QB,MIA,15.392857142857142,6400.0,0.085714285714285715,0.16,0.26857142857142857,0.22714285714285715,0.14428571428571429,0.080000000000000002,0.034285714285714287,2.0
Andy Dalton,QB,CIN,15.35,7700.0,0.26571428571428574,0.091428571428571428,0.14857142857142858,0.14571428571428571,0.17000000000000001,0.064285714285714279,0.11428571428571428,0.0
Marcus Mariota,QB,TEN,13.682142857142857,7500.0,0.26285714285714284,0.14714285714285713,0.20857142857142857,0.15714285714285714,0.085714285714285715,0.028571428571428571,0.11,0.0
Brock Osweiler,QB,HOU,13.542857142857144,7100.0,0.18714285714285714,0.20142857142857143,0.23142857142857143,0.18142857142857144,0.10000000000000001,0.027142857142857142,0.071428571428571425,2.0
Blaine Gabbert,QB,SF,13.332142857142856,6200.0,0.20857142857142857,0.18285714285714286,0.22,0.20857142857142857,0.082857142857142851,0.029999999999999999,0.067142857142857143,2.0
Andrew Luck,QB,IND,12.674999999999999,8700.0,0.42285714285714288,0.071428571428571425,0.11,0.15142857142857144,0.10142857142857142,0.029999999999999999,0.11285714285714285,0.0
Case Keenum,QB,LARM,12.367857142857144,6000.0,0.29285714285714287,0.14999999999999999,0.20857142857142857,0.17571428571428571,0.081428571428571433,0.027142857142857142,0.064285714285714279,0.0
Joe Flacco,QB,BAL,11.535714285714285,7000.0,0.42142857142857143,0.13,0.1357142857142857,0.12,0.068571428571428575,0.024285714285714285,0.10000000000000001,0.0
Carson Wentz,QB,PHI,10.671428571428571,5000.0,0.68428571428571427,0.021428571428571429,0.027142857142857142,0.038571428571428569,0.017142857142857144,0.0,0.21142857142857144,0.0
Colin Kaepernick,QB,SF,9.6642857142857146,6500.0,0.55142857142857138,0.082857142857142851,0.089999999999999997,0.12857142857142856,0.058571428571428573,0.017142857142857144,0.071428571428571425,0.0
Jimmy Garoppolo,QB,NE,8.8642857142857139,6900.0,0.69571428571428573,0.027142857142857142,0.057142857142857141,0.059999999999999998,0.024285714285714285,0.018571428571428572,0.11714285714285715,0.0
Joe Webb,QB,CAR,8.4678571428571416,5000.0,0.68428571428571427,0.041428571428571426,0.071428571428571425,0.058571428571428573,0.031428571428571431,0.017142857142857144,0.09571428571428571,0.0
Shaun Hill,QB,MIN,8.3964285714285722,5000.0,0.70571428571428574,0.045714285714285714,0.040000000000000001,0.059999999999999998,0.029999999999999999,0.011428571428571429,0.10714285714285714,0.0
Robert Griffin III,QB,CLE,8.1607142857142865,6900.0,0.68714285714285717,0.042857142857142858,0.07571428571428572,0.067142857142857143,0.029999999999999999,0.01,0.087142857142857147,0.0
Trevor Siemian,QB,DEN,7.9785714285714295,6000.0,0.73999999999999999,0.028571428571428571,0.051428571428571428,0.040000000000000001,0.022857142857142857,0.0057142857142857143,0.11142857142857143,0.0
Dak Prescott,QB,DAL,7.7392857142857139,5000.0,0.79428571428571426,0.012857142857142857,0.022857142857142857,0.024285714285714285,0.011428571428571429,0.0014285714285714286,0.13285714285714287,0.0
