name,pos,team,expectation,salary,prob_0_5,prob_5_10,prob_10_15,prob_15_20,prob_20_25,prob_25_30,prob_30+,label
Julio Jones,WR,ATL,15.311943440017769,9000.0,0.028649166405645833,0.13231084288506256,0.3275276013836303,0.32857217357057167,0.13687724235277457,0.038408116591086547,0.0076548568112284358,3.0
A.J. Green,WR,CIN,13.042962705505436,8200.0,0.11033729277070596,0.22824305888659213,0.35276408264451509,0.085269346271125368,0.20267988326989919,0.017531626659374286,0.0031747094977877658,2.0
Mike Evans,WR,TB,12.499990016005135,7900.0,0.01048018532895323,0.088327238934088823,0.84317859742781898,0.028107287005028819,0.018351356232107752,0.0050155963334881717,0.0065397387385141854,2.0
Eric Decker,WR,NYJ,12.473993523826589,6900.0,0.12177643789888264,0.061957953932429213,0.65447530965897782,0.042451923510301776,0.10435282479052414,0.012188676357212108,0.0027968738516724054,2.0
Allen Robinson,WR,JAC,12.442462587122263,8500.0,0.10501429607794875,0.36451949337172923,0.18310595228831852,0.25215602873392362,0.033113064189019208,0.023167865457104395,0.038923299881956371,1.0
Brandon Marshall,WR,NYJ,12.435047059808968,7700.0,0.11691865092264246,0.2145073161269852,0.41927131940424434,0.14145467757678726,0.068896057377293707,0.012784444041015345,0.026167534551031723,2.0
Kamar Aiken,WR,BAL,12.064140074920411,6300.0,0.039454197991274399,0.12871782712250504,0.75495102445531825,0.043755451451079348,0.023790580875715273,0.0085810043879052476,0.00074991371620235128,2.0
Antonio Brown,WR,PIT,11.908178371148342,9300.0,0.01079436918621692,0.56123469110838531,0.14118584669590431,0.20564851671764464,0.023624692953880956,0.031494849290515964,0.026017034047451818,1.0
Doug Baldwin,WR,SEA,11.389964891130468,6700.0,0.034053752183968,0.43086554495870344,0.37988100130999225,0.049844409549954269,0.0914178477094231,0.012288384474588665,0.0016490598133703041,1.0
Larry Fitzgerald,WR,ARI,11.337842586128424,7200.0,0.085927719586544826,0.41815463621540133,0.28143089286158296,0.10289941299775583,0.086191731285957196,0.021323009795270013,0.0040725972574879457,1.0
Sammy Watkins,WR,BUF,10.829277573650062,7300.0,0.19593147456953269,0.35386421550019304,0.092458158705145718,0.31936714497502094,0.02564857507905392,0.010912370689065674,0.0018180604819878509,1.0
Demaryius Thomas,WR,DEN,10.743896316311133,7200.0,0.078967236774288949,0.5168554865885755,0.1309322472810743,0.23604726468631582,0.026032142304324126,0.0098584176933208829,0.0013072046721006336,1.0
T.Y. Hilton,WR,IND,10.517516568131702,6800.0,0.36830141557932022,0.15354239657715341,0.11946599839328484,0.26328926465967273,0.063002926019881278,0.027625046536930965,0.0047729522337567462,0.0
DeAndre Hopkins,WR,HOU,10.254318403420609,8400.0,0.05663539345165098,0.65061865049641476,0.13718415814731805,0.063502018138145724,0.038510582900732213,0.044494301167729199,0.0090548956980090953,1.0
Willie Snead,WR,NO,10.240551831739369,6400.0,0.21331792216996401,0.17775404678432322,0.51423950798688667,0.056595748718847573,0.022272164450293432,0.013221709767261841,0.0025989001224233491,2.0
John Brown,WR,ARI,10.186461537513305,6500.0,0.063845155927955977,0.57536524791726318,0.17751877296191965,0.1406410740337567,0.029864320739237293,0.011644184083865059,0.0011212443360021384,1.0
Brandin Cooks,WR,NO,10.113964794330208,7600.0,0.077804300345557048,0.59317320974607513,0.15160297556760707,0.10978958437339495,0.046509120734203477,0.017517798725200335,0.0036030105079618486,1.0
Michael Floyd,WR,ARI,10.049870773963795,6900.0,0.070542534202843177,0.59658394621280875,0.12935757876822113,0.17201458982453424,0.02067265311045734,0.0096305780662029102,0.0011981198149325024,1.0
Pierre Garcon,WR,WAS,9.7063864082143549,6300.0,0.045923583402684348,0.60321118156824616,0.26623946817190008,0.050795192192071105,0.017727912944675354,0.014918243871225466,0.0011844178491973608,1.0
Marvin Jones,WR,DET,9.4237356474441842,5500.0,0.070951500940999529,0.65590385794774497,0.16083200814045218,0.053963882682219431,0.048615247988927399,0.0082940997932977566,0.0014394025063585666,1.0
Golden Tate,WR,DET,9.3168646346754507,6900.0,0.22325497343371714,0.38497509877558916,0.2516836840035136,0.099409569968961733,0.028767188097122844,0.010452439553349062,0.0014570461677464533,1.0
Odell Beckham Jr.,WR,NYG,9.06030191976118,9100.0,0.42760822885520233,0.26427978663607482,0.062660386522530614,0.15757015490028944,0.03596462510339974,0.021045638486426155,0.030871179496077136,0.0
Randall Cobb,WR,GB,8.9428334781547374,7200.0,0.27255575030637141,0.35839189473053457,0.25845591765804482,0.052541122332647155,0.038773773718501908,0.016523676291984302,0.0027578649619157901,1.0
Jordan Matthews,WR,PHI,8.819698601193851,6600.0,0.34839970429618661,0.36429218353730242,0.072156098464040891,0.13784545877684815,0.048474107861215351,0.026338915947108851,0.0024935311172978062,1.0
Jarvis Landry,WR,MIA,8.7320076015279238,6600.0,0.19468262748073101,0.446277811526746,0.31267319363000262,0.019227660869246141,0.020963065707692227,0.0045997260173045278,0.0015759147682774678,1.0
Tyler Lockett,WR,SEA,8.3951080582423074,6200.0,0.14051289702697764,0.65032577586278273,0.14268855367858976,0.034346840624975561,0.0217054090514118,0.0095178893741877692,0.00090263438107480586,1.0
Jeremy Maclin,WR,KC,8.3767760011514696,6800.0,0.11847475128260626,0.69044032432465829,0.13422561238250993,0.022745242165882504,0.023498490207104008,0.0098448692183341277,0.00077071041890482085,1.0
Emmanuel Sanders,WR,DEN,7.8022352780082542,6800.0,0.33902098072725451,0.41977288547078262,0.14178602246895897,0.058832541599749121,0.025802862593736042,0.012471697592074947,0.0023130095474436967,1.0
DeSean Jackson,WR,WAS,7.7258417307289138,6600.0,0.42312570247123305,0.22174279292199192,0.28613503724988248,0.039070111727391825,0.020255214816177262,0.00662542067297478,0.0030457201403488094,0.0
Anquan Boldin,WR,DET,7.6956675535457233,5800.0,0.364688930269019,0.36970329340323832,0.16335606591767077,0.078163981160844054,0.013873812864361554,0.0091063773140297715,0.0011075390708365489,1.0
Allen Hurns,WR,JAC,7.3029719533434925,7000.0,0.297205629043583,0.5224568366423088,0.13020998809124174,0.03217945082140506,0.010934945040424027,0.0054306880858322948,0.0015824622752051529,1.0
Corey Brown,WR,CAR,7.2355195449021528,5600.0,0.3875167515120152,0.32683913048499486,0.25797403996055968,0.012774305105292691,0.0096575379599004845,0.004456597288802433,0.00078163768843449047,0.0
Donte Moncrief,WR,IND,7.1619851333364251,6200.0,0.43714893446325143,0.29235575311554429,0.21080915041936354,0.031498809347880678,0.019824721144699128,0.0064862964797471924,0.0018763350295137034,0.0
Kenny Britt,WR,LARM,7.1561962977340352,5300.0,0.49117721142268195,0.13060545776580423,0.35151874201617916,0.014875276727215683,0.007790937884693744,0.0029357974426933459,0.0010965767407316764,0.0
Amari Cooper,WR,OAK,6.7858140019653241,7100.0,0.59424221421943946,0.21244407718528407,0.076453626653702464,0.05496110809905165,0.016616619815867751,0.022582423222336223,0.022699930804318275,0.0
Torrey Smith,WR,SF,6.7488457971054103,5600.0,0.27382587165154992,0.64443116224181007,0.054792524791950868,0.016087605985551125,0.0071380090976633989,0.0035155181710146144,0.0002093080604600271,1.0
Brandon LaFell,WR,CIN,6.741630674497789,6000.0,0.37379627093714818,0.50947656751996839,0.053967204563158649,0.030302716791478043,0.023652735919137795,0.0078888090312805581,0.00091569523782831315,1.0
Jermaine Kearse,WR,SEA,6.6938152619485836,5400.0,0.47302145782916011,0.31612303739528164,0.14657301530330738,0.037788707796856467,0.017744977199805251,0.0078128512621995719,0.00093595321338954616,0.0
Jamison Crowder,WR,WAS,6.6881511248882264,5100.0,0.32016302733982605,0.58323614682554137,0.055004726623058546,0.028354823587610153,0.0080805618395397016,0.0043644885425062853,0.00079622524191788017,1.0
Travis Benjamin,WR,SD,6.3198366835917223,5600.0,0.54461931197275149,0.24593748621959724,0.15664959637222156,0.018161922275891522,0.025783022887395698,0.0069356615945857809,0.0019129986775565976,0.0
Michael Crabtree,WR,OAK,6.2518537398672906,6100.0,0.58279948351238153,0.23272127176319082,0.10026833065505839,0.045783416265843271,0.01996225090909055,0.013407028231714756,0.0050582186627207305,0.0
Ted Ginn Jr.,WR,CAR,6.0127228503015129,5900.0,0.57210359714881742,0.2532113302962174,0.11309775399595751,0.039104503089259654,0.013688956985788975,0.0040611237229988169,0.0047327347609601913,0.0
Devin Funchess,WR,CAR,5.8176911470418684,6200.0,0.52647379101671188,0.32289283379565459,0.12606563660251835,0.014459769924904877,0.0061716422866872371,0.003425251961120649,0.00051107441240239558,0.0
Tavon Austin,WR,LARM,5.6890703176039272,6400.0,0.61944047992277751,0.21231200886201734,0.1102389489039914,0.038210247696958292,0.012850141216500402,0.004113518794332912,0.0028346546034222252,0.0
Terrance Williams,WR,DAL,5.5664574788656438,5300.0,0.45878821289100369,0.50057552340533285,0.02212620761576381,0.0098133180342055131,0.0054574934791040437,0.002574307078399275,0.00066493749619068575,1.0
Marqise Lee,WR,JAC,5.1375456937714183,4800.0,0.4916603054662726,0.49965358557707362,0.0025964330253821139,0.0032806462267407155,0.0014743995121725925,0.0011679639018646595,0.00016666629049384704,1.0
Alshon Jeffery,WR,CHI,5.0953565432845158,7500.0,0.61417976621267012,0.30138046096048277,0.048660302316930311,0.026676837012295628,0.0058395413367507022,0.0028190215779923681,0.00044407058287819257,0.0
Dorial Green-Beckham,WR,PHI,5.078243539406861,4900.0,0.61044202006525949,0.31821877895688067,0.031656243038171723,0.029788828760708173,0.0059228156089930761,0.0031692293832416376,0.00080208418674509389,0.0
Davante Adams,WR,GB,4.3432490223312579,5300.0,0.74176360636265648,0.2015286679735418,0.020724251752719944,0.023701809823471792,0.0075805338182931984,0.0042081856712518914,0.00049294459806492803,0.0
Quinton Patton,WR,SF,4.0412477606765433,4800.0,0.7209177554884908,0.26160091080753317,0.0081839629997122465,0.0077271872883258553,0.00093149852769306991,0.00051886161399301671,0.00011982327425170314,0.0
Stefon Diggs,WR,MIN,3.9111389039238489,6300.0,0.81624815801231476,0.13814589521745749,0.013096489108715375,0.017337026652627249,0.011065751543233086,0.0033857302051129839,0.00072094926053887002,0.0
Dontrelle Inman,WR,SD,3.807534626644173,5100.0,0.83257676392973945,0.096268785487416644,0.057018120971883773,0.0084390107918211523,0.0032749223414633081,0.001973600632371252,0.00044879584530423307,0.0
Danny Amendola,WR,NE,3.4750358010729898,6000.0,0.89651131616903745,0.054427006044562541,0.024502119283196098,0.011573341012289471,0.0086999954236204585,0.0038696883767458073,0.00041653369054828947,0.0
Albert Wilson,WR,KC,3.4654234338087906,5200.0,0.82215381570942314,0.17091979612245542,0.0022036102711234613,0.0019803186345258845,0.0020374429673259108,0.00061044239618458784,9.4573898961758797e-05,0.0
Ryan Grant,WR,WAS,3.3622602953762617,4600.0,0.88353637267319241,0.075331521231226717,0.032532039245392746,0.0048637815291808365,0.0020504458356542248,0.001129750154476031,0.00055608933087701964,0.0
Cole Beasley,WR,DAL,3.3452949833527361,5000.0,0.86291216032188434,0.11547286071741263,0.014274819901710867,0.0054584289005399573,0.0010584843562461707,0.00061588379415386996,0.00020736200805214264,0.0
Darrius Heyward-Bey,WR,PIT,3.2987677385344352,4500.0,0.90721575405928867,0.048599985013999196,0.033284039806321011,0.0049523500389103683,0.0026951712174187979,0.0014632006817084649,0.0017894991823534255,0.0
Seth Roberts,WR,OAK,3.2684769296906491,5100.0,0.91447867075417433,0.048304333498390604,0.018549615140372802,0.011435782533772127,0.0041488510499509482,0.0017658568625538082,0.0013168901607852974,0.0
Marc Mariani,WR,TEN,3.1957399739908108,4500.0,0.9035370512085239,0.072842798997145367,0.013283646620724093,0.0046029122012494379,0.0030989738682735959,0.0023944937958781443,0.00024012330820542439,0.0
Brandon Coleman,WR,NO,3.0913618528025975,4800.0,0.91428552673930708,0.070191204682914066,0.0052508433184709248,0.0052565469274664153,0.0036924291321656045,0.0010415319121947751,0.00028191728748123377,0.0
Tyrell Williams,WR,SD,3.047167151871546,4500.0,0.90400050341699589,0.089117043632733428,0.0032209147065488677,0.0021083754855817341,0.00073981053956455084,0.00046440047151019657,0.00034895174706519222,0.0
Dez Bryant,WR,DAL,3.0380879673378849,8000.0,0.94593448344290776,0.026083213980896858,0.0084131288136281412,0.01657307235634297,0.0013098588637802675,0.00080740479374201912,0.0008788377487020996,0.0
Andre Johnson,WR,TEN,2.9603463465668192,4900.0,0.94833039574699984,0.027092576518972282,0.015646367187065767,0.0048018412888112998,0.0022088606516255669,0.0013578259967267194,0.00056213260979850902,0.0
Robert Woods,WR,BUF,2.8542050784919,5500.0,0.95550758362261456,0.0313819893078989,0.0053750689276871218,0.0041152951806892159,0.0020712854420137559,0.0013261284327617609,0.00022264908633467728,0.0
Harry Douglas,WR,TEN,2.7977882998633339,4700.0,0.95744363421247336,0.035113408626441495,0.0015770014872264102,0.0035729567079702037,0.0013043258311328245,0.00071486696838843041,0.0002738061663674473,0.0
Mohamed Sanu,WR,ATL,2.7941141779447771,5800.0,0.95424366074743527,0.037702405656584136,0.0051587641440483927,0.001500357071871814,0.00077878848354556512,0.00054498588857984751,7.1038007935014753e-05,0.0
Justin Hardy,WR,ATL,2.7571929016385286,4900.0,0.95339642619604825,0.043851871750059827,0.0014790759688842582,0.00071224834770527447,0.00034909234448031034,0.00018527522300067163,2.6010169821089028e-05,0.0
Brice Butler,WR,DAL,2.7164603942628798,4700.0,0.96830214257549674,0.024494316298969056,0.004745752530308768,0.0012570150365634795,0.00067880550533899926,0.00038186798976943577,0.00014010006355321409,0.0
Andre Holmes,WR,OAK,2.6645921923478979,4800.0,0.97710907926753299,0.018768422179686252,0.0016605462281327229,0.00092467967220448487,0.00058186178355939752,0.00032182197664659061,0.00063358889223751806,0.0
Josh Bellamy,WR,CHI,2.6283701382944815,4500.0,0.9801675418162159,0.016184550582403034,0.0024569435485536245,0.00055014687122373785,0.00035490647984712004,0.00023526407672774108,5.0646625028865344e-05,0.0
Mike Wallace,WR,BAL,2.6245942643367584,5400.0,0.98023614555011762,0.016884553471755579,0.0016179088527512047,0.00058461980182381143,0.00041224933460729972,0.00021584965463025324,4.8673334314135985e-05,0.0
Jaelen Strong,WR,HOU,2.6067034507858673,4900.0,0.98319952284528223,0.014283298695284908,0.001379368010517433,0.00055126884726316387,0.0003489508322323026,0.00019686295406419759,4.0727815355994267e-05,0.0
Nelson Agholor,WR,PHI,2.5870120568563948,5400.0,0.98874751703664809,0.0080038044892424727,0.0014822616609798725,0.00098342000538528926,0.00050714344835783441,0.00022519805701584443,5.0655302370820739e-05,0.0
Phillip Dorsett,WR,IND,2.5751841319500697,5400.0,0.98955216621114639,0.008331271552108126,0.00073491998073261285,0.00070392096794405479,0.00038686929334660734,0.00020937544431492739,8.1476550407286145e-05,0.0
Quincy Enunwa,WR,NYJ,2.5617799891963973,5000.0,0.99086865584134065,0.0075630146930525848,0.00072833973906224721,0.00037105345334091276,0.00024369762564804115,0.00014379893574937281,8.1439711806234374e-05,0.0
Cecil Shorts,WR,TB,2.5553953183902505,5200.0,0.99397190717092121,0.0030177678344481826,0.0020653253889954025,0.00038438600577325976,0.0002537542383159435,0.00015474383668159704,0.0001521155248645318,0.0
Chris Hogan,WR,NE,2.5542565146841523,4700.0,0.99210370881695342,0.0064975093169688195,0.00053157829576282655,0.00041645187900602641,0.00026580260576482387,0.00014939872518513866,3.5550360358930023e-05,0.0
Jordan Norwood,WR,DEN,2.544617583402486,4900.0,0.99346107665099637,0.0053944436579764681,0.00046826483888840837,0.00031970696777503091,0.00020818598462211445,0.00010894256359257803,3.9379336148858156e-05,0.0
J.J. Nelson,WR,ARI,2.5421906178289104,5100.0,0.99613592933488204,0.0016784277126724698,0.00071806430254485562,0.00092355835397271648,0.00028431385939322636,0.00018163672596273558,7.8069710571593414e-05,0.0
Vincent Jackson,WR,TB,2.5397242312693171,5900.0,0.99583785068034336,0.0020144360068269315,0.0014036935333376754,0.00029962323807065558,0.00018972401863292745,0.00012674267100460306,0.00012792985178376515,0.0
Brian Quick,WR,LARM,2.5393578098497964,4800.0,0.99390435806524147,0.0052557032903147198,0.0004371424629477716,0.00016530251805725997,8.9004579393327848e-05,5.0354109527916494e-05,9.8134974517602295e-05,0.0
Rashad Greene,WR,JAC,2.537800466188048,5000.0,0.99516330814187326,0.0034865719735440765,0.00051796586284970543,0.00049317491156014614,0.00019342992794701519,0.00010781639504635882,3.7732787179361676e-05,0.0
Kenny Stills,WR,MIA,2.5346864140938234,4900.0,0.99361862942879309,0.0061469881923126874,6.1687415252755596e-05,8.0668580661067562e-05,5.4851298847112252e-05,2.4086125526418764e-05,1.3088958606600675e-05,0.0
Eddie Royal,WR,CHI,2.5239448024202127,5100.0,0.9969831898598186,0.002226580399691082,0.00026840583467206664,0.00023846101493860196,0.00015249261642239081,0.00010029458631332891,3.0575688143909549e-05,0.0
Dwayne Harris,WR,NYG,2.5222622977982891,4800.0,0.99783800764780994,0.00086602181685070786,0.00082926614131941423,0.00020235416786749643,0.00011701262924851576,6.9934626869521906e-05,7.7402970034472928e-05,0.0
Lucky Whitehead,WR,DAL,2.5185167573695244,4500.0,0.99753288215556701,0.0017860206598531508,0.00045388597404955852,8.3170799991844489e-05,5.3198183673052382e-05,2.8813828892060919e-05,6.2028397973027793e-05,0.0
Jared Abbrederis,WR,GB,2.5151742181686929,4700.0,0.99778910142656463,0.0018727165901910451,9.6507329151340857e-05,0.00010571688875616689,6.9155897737471639e-05,3.9249340912566023e-05,2.7552526686724659e-05,0.0
Adam Humphries,WR,TB,2.5116028576271101,4500.0,0.99846182396894356,0.0011600957154945044,0.00020924767679784579,5.5969691441862261e-05,5.1595292173326579e-05,2.0366363437174152e-05,4.0901291711853627e-05,0.0
Julian Edelman,WR,NE,2.5113828154365674,7300.0,0.99878966068028863,0.00068947154092025031,0.00026765941345456307,0.00010374016682610589,6.9007070789084852e-05,3.8982262893457811e-05,4.1478864828021633e-05,0.0
Jordy Nelson,WR,GB,2.5108858554360132,8400.0,0.99898401027949613,0.00050386789844704817,0.00025530618991446887,9.0450966927914963e-05,5.6165244478899156e-05,3.3079536369990862e-05,7.7119884365744459e-05,0.0
Steve Smith,WR,BAL,2.5104319438034355,6700.0,0.99905350976611484,0.00042563924944721501,0.00024700510865556844,8.401685362011729e-05,0.00010855220832155926,3.1879593455331979e-05,4.9397220385450911e-05,0.0
Chris Conley,WR,KC,2.5098199952497855,4600.0,0.99889783323507397,0.00068903504415078541,0.00016612812641009475,0.00012533793631930648,6.7210737971167562e-05,3.7403992227119892e-05,1.7050927847388518e-05,0.0
Josh Huff,WR,PHI,2.5093080796337208,4700.0,0.99887748234856732,0.0007615744521030399,0.00013659590516398295,0.00013203749613488572,5.0456976147498464e-05,2.875604728041401e-05,1.3096774602552047e-05,0.0
Keenan Allen,WR,SD,2.507665962775953,7400.0,0.99932296898960038,0.00032618900091944318,0.00016547781851145919,5.7352682073863192e-05,3.815059655222791e-05,2.1805630272315511e-05,6.8055282070202453e-05,0.0
Kevin White,WR,CHI,2.5055135483403519,6000.0,0.99945919074156131,0.00028806616670510948,0.00012111231341007043,5.048352646922083e-05,3.1119805382258251e-05,1.9126218973538998e-05,3.0901227498580725e-05,0.0
Corey Coleman,WR,CLE,2.505134634123785,6500.0,0.99950347116439431,0.00024475119125066502,0.00012116780644666292,5.5088090881051882e-05,3.4003731610314804e-05,2.087085245425623e-05,2.0647162962662754e-05,0.0
Kelvin Benjamin,WR,CAR,2.5049421796899387,7300.0,0.99948867443238876,0.00030800079315982629,9.358283075242616e-05,3.9227612417671617e-05,2.4226110163688557e-05,1.479415456801987e-05,3.1494066549991057e-05,0.0
Tyler Boyd,WR,CIN,2.504836502741107,5600.0,0.99950840266922147,0.00024908513212966508,0.0001278710578676263,4.935200488697411e-05,3.2523953170953286e-05,1.9101476458518939e-05,1.3663706264497402e-05,0.0
Greg Salas,WR,BUF,2.5048161057659608,4600.0,0.99941694425001981,0.00042055947805246598,5.0686655995130682e-05,5.1688505824070465e-05,3.1525136021460717e-05,1.7167686651297115e-05,1.1428287436124422e-05,0.0
Andrew Hawkins,WR,CLE,2.5044325025928167,5700.0,0.99956483628845794,0.00023010103095388109,8.9616131454415987e-05,4.8691952497763061e-05,3.0056727836261233e-05,1.8447794226826977e-05,1.8250074573513061e-05,0.0
Russell Shepard,WR,TB,2.5044052040730076,4500.0,0.99966824416366251,9.6162968348928866e-05,0.00013510630899574941,2.468103622692006e-05,1.568304259812327e-05,8.604114602904365e-06,5.1518365565094719e-05,0.0
Cody Latimer,WR,DEN,2.5042212834186133,4500.0,0.99947544304000824,0.00037229340356276881,6.8756134278753024e-05,3.9484367788478624e-05,2.1136751381699616e-05,1.154004443903069e-05,1.1346258540764899e-05,0.0
Deonte Thompson,WR,CHI,2.5041759448922898,4500.0,0.9995146649131279,0.00032651151006825042,4.981709365733759e-05,5.7205023925847691e-05,2.9932638696468724e-05,1.6299785932666039e-05,5.5690345920223376e-06,0.0
Sterling Shepard,WR,NYG,2.5040602299588883,5600.0,0.99962413804742334,0.00018711320057531296,8.3776673524358849e-05,3.9333001682301031e-05,2.592337683495748e-05,1.4976745314625763e-05,2.4738954645177592e-05,0.0
Chris Moore,WR,BAL,2.5038943511535767,0.0,0.9996754080921515,0.00014704939908848574,7.1207203895647217e-05,3.6048768888883726e-05,2.2762094484077771e-05,1.246475363886141e-05,3.5059687852071747e-05,0.0
Will Fuller,WR,HOU,2.5037281939919955,5600.0,0.99963283914222689,0.00019351385098692635,8.0421037153884876e-05,3.8256803281852054e-05,2.3639228672480177e-05,1.4459364224578381e-05,1.6870573453246988e-05,0.0
Adam Thielen,WR,MIN,2.5034783909055687,4500.0,0.99965839656977262,0.00018079607683654951,5.0897237017897372e-05,6.069360244329265e-05,2.6714799859521273e-05,1.4742345324796213e-05,7.7593687460095856e-06,0.0
Bradley Marquez,WR,LARM,2.5030198756634414,4500.0,0.99969130049503108,0.00019693852153112324,4.4061850901643732e-05,2.1563493382897939e-05,1.3765316791864122e-05,7.4972888716746594e-06,2.48730334891734e-05,0.0
Brandon Tate,WR,BUF,2.5029226683606653,4800.0,0.99959274165072121,0.00032243106398619306,3.321916024464387e-05,2.7530288600816712e-05,1.2468867142765033e-05,8.1735647972642159e-06,3.435404507334753e-06,0.0
Chris Harper,WR,SF,2.5028818914177422,4500.0,0.99965767131875194,0.00023133490114668709,4.2272617141079604e-05,3.5878429270922226e-05,1.8255803773944277e-05,9.983599490772495e-06,4.6033304242097328e-06,0.0
Sammie Coates,WR,PIT,2.5026816989983551,5200.0,0.9997397090319402,0.00014412692319909175,4.7419600294321366e-05,2.6803316839070338e-05,1.6506334536060116e-05,9.5918456824128088e-06,1.5842947509170243e-05,0.0
Rishard Matthews,WR,TEN,2.5025420652822064,5200.0,0.99973567487142234,0.00015808075415835412,4.3407675380725209e-05,2.5993800923265985e-05,1.6008037513141383e-05,9.2821301451755611e-06,1.15527304573984e-05,0.0
Tyreek Hill,WR,KC,2.5023484169115311,0.0,0.99979570122121042,0.00010085996362217814,3.8916922171734412e-05,2.2940550402949015e-05,1.4485041641394522e-05,7.9321330786560708e-06,1.9164167872729784e-05,0.0
Jeff Janis,WR,GB,2.5022377343792455,5200.0,0.99978888439471092,0.00010395717472003604,4.514397124249543e-05,2.6475373265081499e-05,1.7136047551983442e-05,9.5255344482539728e-06,8.8775040614605517e-06,0.0
Victor Cruz,WR,NYG,2.5018075868271423,5300.0,0.99983951287015527,7.3224191197045923e-05,3.8808647407686941e-05,1.8390058062231877e-05,1.2016102329227506e-05,6.5810364022502337e-06,1.146709444634199e-05,0.0
Rod Streater,WR,SF,2.5016879985343081,4500.0,0.99981987002915407,0.00010905942008146976,2.9247699763148454e-05,1.8221441418148389e-05,1.1448561223440975e-05,6.2714641521304553e-06,5.8813842069663399e-06,0.0
Eli Rogers,WR,PIT,2.5015187651347595,4500.0,0.99987177765805413,6.098668012667363e-05,2.3382435655884419e-05,1.5901091330170032e-05,1.0053402398001678e-05,5.5047792653418183e-06,1.2393953169871253e-05,0.0
Charles Johnson,WR,MIN,2.5015153966872696,4800.0,0.99985577632730693,7.5947163968333699e-05,2.4662072169933419e-05,2.0083342708513116e-05,1.0570202077117305e-05,5.9790691918475283e-06,6.9818225773031521e-06,0.0
Malcolm Mitchell,WR,NE,2.5014470200301915,4500.0,0.99986182502135135,7.3261139335886391e-05,2.540194788179951e-05,1.6341559176357624e-05,1.0331815080338904e-05,5.642219029102105e-06,7.1962981450701796e-06,0.0
Andre Roberts,WR,DET,2.5013129047935827,4500.0,0.99989127902272212,4.6276447465958975e-05,2.8246817236964225e-05,1.1156499948252137e-05,7.0529670555714327e-06,3.8627250030149345e-06,1.2125520568377352e-05,0.0
Aldrick Robinson,WR,ATL,2.5012347118590319,4500.0,0.99989476789728826,4.7423674956092763e-05,2.321204362611112e-05,1.2821569440684001e-05,8.1063945411653955e-06,4.4269385651460233e-06,9.2414815824121288e-06,0.0
Braxton Miller,WR,HOU,2.501212976714672,4500.0,0.99988884783751553,5.6122434638812357e-05,2.1750949570967345e-05,1.3122405812340894e-05,8.2532961971239894e-06,4.5195925307701627e-06,7.3834837345143466e-06,0.0
Breshad Perriman,WR,BAL,2.5011964826796884,4800.0,0.9998934393825446,4.9942316626616795e-05,2.4430338916311646e-05,1.2245087066779785e-05,7.7307475057231478e-06,4.3623583060417605e-06,7.8497690345792298e-06,0.0
James Wright,WR,CIN,2.5011834342596688,4500.0,0.99989084458715716,4.9753059753604513e-05,2.6932543907454892e-05,1.3927116585276061e-05,8.8053501881513459e-06,4.8178478643163048e-06,4.9194945438946297e-06,0.0
Rashard Higgins,WR,CLE,2.5010873785755408,4500.0,0.99990019471820424,5.0005358088406305e-05,1.9160176373888594e-05,1.2518823229715821e-05,7.8835952180058738e-06,4.3223226971897038e-06,5.9150061884434092e-06,0.0
Cordarrelle Patterson,WR,MIN,2.5010844037607698,4600.0,0.99990440434001826,5.3554609257961399e-05,1.0431872508707086e-05,1.1901556666800378e-05,6.3760708463174986e-06,3.6010900463090648e-06,9.7304606555926236e-06,0.0
Michael Thomas,WR,NO,2.5010356967253498,4900.0,0.99991204124493582,3.8578926549479918e-05,1.9669921429590357e-05,1.1351198902178668e-05,7.1902269110848432e-06,4.1260379682503326e-06,7.0424433029950167e-06,0.0
Quan Bray,WR,IND,2.500953395301877,4700.0,0.99991178770732803,4.194984863609245e-05,1.9318787797059663e-05,1.15652747768792e-05,7.340268548078191e-06,4.1419975464561693e-06,3.8961153676604022e-06,0.0
Leonte Carroo,WR,MIA,2.5009174244962828,4500.0,0.99991516744245323,4.5554863954342005e-05,1.4248225413790842e-05,9.5326990002660056e-06,5.9920757566959124e-06,3.275548527875147e-06,6.229144893507063e-06,0.0
Paul Richardson,WR,SEA,2.5008909412419595,4800.0,0.99992246653683881,3.4519739904471235e-05,1.8303822249673416e-05,9.5366546938519842e-06,6.0288658957039264e-06,3.4020242613305864e-06,5.7423561564563501e-06,0.0
Josh Doctson,WR,WAS,2.5008723503998036,4800.0,0.9999174700300667,4.3672396566739833e-05,1.4831795218018964e-05,9.8024753545935159e-06,6.1969467006635736e-06,3.4882896775695859e-06,4.5380664159283765e-06,0.0
Tajae Sharpe,WR,TEN,2.5008565093765966,4800.0,0.99992007293134599,4.2726941709202158e-05,1.2942583799348308e-05,9.7935682353021695e-06,6.1914009019440634e-06,3.4855155705534317e-06,4.7870584376934288e-06,0.0
Devin Hester,WR,BAL,2.500781840701622,4700.0,0.99990491085274313,6.5633862535224085e-05,1.3114032633163897e-05,7.4307301826536006e-06,4.7014475611893403e-06,2.6338343379931788e-06,1.5752400062009006e-06,0.0
Jeremy Kerley,WR,SF,2.5007760302260262,4700.0,0.99992739224099392,4.0889590807911479e-05,9.1360026063646483e-06,9.176563606116167e-06,5.5861574117334447e-06,3.1041740098686674e-06,4.7152705645843002e-06,0.0
Justin Hunter,WR,BUF,2.5007714525271552,4600.0,0.99992718768044531,3.7358549995386891e-05,1.3568909497962505e-05,9.3518084821735639e-06,5.8970221516005481e-06,3.3223792634882311e-06,3.3136501644859155e-06,0.0
Jaron Brown,WR,ARI,2.500755815946786,4800.0,0.99992933366428283,3.6915237853026942e-05,1.1373803523154746e-05,9.607359285595588e-06,6.0374586694801712e-06,3.4884430576190859e-06,3.2440333284558943e-06,0.0
Matthew Slater,WR,NE,2.5007256647187428,4500.0,0.99992868256473333,3.7206864495453172e-05,1.3395076838476701e-05,9.6174096702882963e-06,5.9293378653292855e-06,3.3536709847092749e-06,1.8150754123605332e-06,0.0
Terrelle Pryor,WR,CLE,2.5005668331671891,4900.0,0.99994713482423836,2.6705972393230578e-05,1.0178675449143613e-05,6.7071638689066646e-06,4.2108208067365856e-06,2.378663847998039e-06,2.683879395776355e-06,0.0
Eric Weems,WR,ATL,2.5005473413955244,4500.0,0.99993468195620194,3.8984424750542164e-05,1.6876444152470159e-05,4.4388013370360555e-06,2.8075038751197116e-06,1.457404262370952e-06,7.5346541944852532e-07,0.0
