name,pos,team,expectation,salary,prob_0_5,prob_5_10,prob_10_15,prob_15_20,prob_20_25,prob_25_30,prob_30+
Zach Ertz,TE,PHI,19.049448179807843,5700.0,0.0024754069520233038,0.15207531721823872,0.12942889001566904,0.14997108012316501,0.38854212402514438,0.1726145857236786,0.0048925959420809979
Cole Wick,TE,DET,18.348623933426474,0.0,0.1136460060503289,0.13700126824347242,0.13765665257768619,0.16574928091414484,0.15535966868853454,0.16672840475202533,0.12385871877380779
Tyler Higbee,TE,LARM,17.79999270231815,0.0,0.13725730190378846,0.14245955852582484,0.14935998683395588,0.14728648486491305,0.14619394947538059,0.14079594253417368,0.13664677586196364
Stephen Anderson,TE,HOU,17.120061051277531,0.0,0.19560141075248347,0.15513877518972627,0.121486474812822,0.095000522465324852,0.14154224966539974,0.1455125112400141,0.14571805587422951
Zach Miller,TE,CHI,13.281065596276187,5300.0,0.12616173089472169,0.12786603574290659,0.4406615012623003,0.12027561239648844,0.1497197132642373,0.028154500742954235,0.0071609056963914562
Eric Ebron,TE,DET,12.652614673861439,5100.0,0.1644889616387622,0.23018115637209538,0.29042724973024392,0.14654428114031479,0.072936399089069875,0.088089232686239222,0.0073327193432745873
Jordan Reed,TE,WAS,12.468750255250329,7400.0,0.086251284731631545,0.43908177851831415,0.16808767065731375,0.10298711183929993,0.11381992515663387,0.086178396037703511,0.0035938330591032989
Will Tye,TE,NYG,10.750987583363042,5200.0,0.21872505678168391,0.4172711848524388,0.11724820088783704,0.069249609521453134,0.1205406455210942,0.041170630956630726,0.015794671478862429
Justin Perillo,TE,GB,10.358939620793118,4600.0,0.33047585002357183,0.15366300856789097,0.28794424464800866,0.095477796988769723,0.11713913501062645,0.0081355171076400654,0.007164447653492282
Maxx Williams,TE,BAL,8.5848712336085757,4800.0,0.4772485808087028,0.20668432339583981,0.11532949026045403,0.10616673173558694,0.054991899265374983,0.010733455956375756,0.028845518577665763
Delanie Walker,TE,TEN,8.569857340654238,6500.0,0.24812921713110858,0.4268583242848476,0.23707196529967123,0.061599728301446541,0.011051359025828756,0.010277697654753308,0.0050117083023440076
Gavin Escobar,TE,DAL,8.3384860157223155,4500.0,0.47157803059172837,0.14465113997269693,0.23139964014309214,0.065634843867793488,0.077694078171865674,0.0041391990324084445,0.0049030682204148617
Antonio Gates,TE,SD,7.563638008431707,6200.0,0.51807483292457113,0.20683531320766141,0.14825946624684855,0.051954160195341513,0.036242523517912406,0.028385529381676235,0.010248174525988824
Austin Seferian-Jenkins,TE,NYJ,7.5058764428660298,5400.0,0.34666008567533702,0.44132217322900064,0.13170457106493511,0.032160915085898231,0.042298712157554076,0.0048544325272410777,0.0009991102600336772
Vance McDonald,TE,SF,7.2485655490849039,4700.0,0.46370709629174289,0.28268029278896001,0.13064867866516031,0.099279755982950246,0.016844757182947277,0.0026260407043283323,0.0042133783839105885
Coby Fleener,TE,NO,7.1647246040108428,5400.0,0.50689552318077447,0.24410872615339882,0.12277100058346524,0.08214500147941857,0.030441565404292825,0.0090368422432087966,0.0046013409554412892
Jacob Tamme,TE,ATL,7.1337934205154312,5000.0,0.53326322042200991,0.23603471591895656,0.090967113026844182,0.10850531517923995,0.0055460540835781487,0.0039024657616688859,0.021781115607702201
C.J. Uzomah,TE,CIN,6.877826251426864,4500.0,0.60328156458011617,0.18625933328903685,0.074384849474506437,0.059824160519709443,0.046494148357758273,0.012217661003673439,0.017538282775199171
David Johnson,TE,PIT,6.7692654580799472,4500.0,0.63715781618600464,0.17364966708648577,0.048356442769954017,0.05129229282314475,0.051322157578230117,0.016077015271955961,0.022144608284224779
Brandon Myers,TE,TB,6.6632580822444494,4500.0,0.61743282438087266,0.18262414745224911,0.083407328168760328,0.040781940743975773,0.044542027838544933,0.013451583418912774,0.017760147996684499
Demetrius Harris,TE,KC,6.5508917265427762,4500.0,0.65120323011786252,0.15318272217040094,0.07158462438754154,0.041356570080608696,0.050717622423024022,0.013881883936337576,0.018073346884224788
Jason Witten,TE,DAL,6.3819347426789035,5500.0,0.53549085981219924,0.27578896827662908,0.10718672311713023,0.048696879143124386,0.027095422664009449,0.0037101663169463246,0.0020309806699612934
Brandon Williams,TE,SEA,6.3374125407333297,4500.0,0.63908933595737327,0.19046482025642761,0.054127389742582965,0.051394143993691584,0.037879554099263878,0.0084857691015671598,0.018558986849093299
Garrett Celek,TE,SF,6.3321248044207508,4500.0,0.63967424721922017,0.18666035887983481,0.058705494768268779,0.05347655070085406,0.034631076693794116,0.0074267418047621967,0.019425529933265878
Troy Niklas,TE,ARI,6.273710849469424,4500.0,0.65374138178032037,0.16386900287677744,0.074694456020241176,0.032036735941738795,0.050102217181349586,0.014100107914141676,0.011456098285431079
Marcedes Lewis,TE,JAC,6.2179126665603146,4600.0,0.57048822074476846,0.22942049553473975,0.13327344589536338,0.032522926805812272,0.023948187091224586,0.0086667255522225525,0.0016799983758689872
Austin Hooper,TE,ATL,6.2057645301011126,4500.0,0.64889522070875005,0.18515618512913767,0.057684753221567318,0.04420558028097956,0.037444692067945984,0.0098376603415315598,0.0167759082500877
Luke Willson,TE,SEA,6.1735157124868758,4800.0,0.60561361151447601,0.22248655218144592,0.086961981066564997,0.04772525194521058,0.016932905253307505,0.0029551906130206441,0.017324507425974477
Marqueis Gray,TE,MIA,6.1320785937106654,4500.0,0.66188402215501307,0.17224650820160409,0.063818305004522652,0.038988022288883505,0.035263223975745474,0.0081225544471013825,0.019677363927129876
James O'Shaughnessy,TE,KC,6.1203322701033134,4500.0,0.66468243230999025,0.16389917972632764,0.069967621718491649,0.036636521868784237,0.038621195896510495,0.0096114223029105297,0.016581626176985283
Tyler Kroft,TE,CIN,6.1081024185377295,4900.0,0.63493412841519015,0.17811752578057155,0.11550745698946289,0.031500470462902927,0.0073482213460531604,0.015503688908465128,0.017088508097354092
Clive Walford,TE,OAK,6.0846142284824012,4700.0,0.59401149682191901,0.2555521507430642,0.060378936566945256,0.035408463952645006,0.043038793184151485,0.0088225163522026844,0.0027876423790724595
Travis Kelce,TE,KC,6.074624410015133,6400.0,0.58162282894379813,0.19507707754776002,0.1778975084134409,0.023839601639980695,0.016752732377776882,0.003829052536497313,0.00098119854074593844
Darren Fells,TE,ARI,5.9596124997310165,4700.0,0.60681873518400464,0.26459767533653267,0.053995258496824676,0.025557655659042468,0.024769273995067998,0.0094099093178709008,0.014851492010656503
Julius Thomas,TE,JAC,5.9145539855003681,5800.0,0.60446454134108996,0.19494694864290069,0.14700571299732626,0.028391718833387064,0.018445530535323999,0.0059006106025026907,0.00084493704746921175
Richard Rodgers,TE,GB,5.9102630534675651,4800.0,0.67478886072793742,0.13147930665475965,0.099322935994868078,0.066939002777479009,0.0088844841454651293,0.0034884506079807778,0.015096959091510077
Brandon Bostick,TE,NYJ,5.8317806427434604,4500.0,0.6739280099710937,0.18412196423695407,0.046754875444118896,0.037462729417364317,0.034934335859845754,0.0077257808180179188,0.01507230425260532
Cameron Brate,TE,TB,5.8059161632174421,4600.0,0.59586995365306428,0.22795734842046594,0.12959587732215214,0.017430436139381576,0.025265417197781262,0.0030300899113714971,0.00085087735578326005
Niles Paul,TE,WAS,5.7991053286921463,4700.0,0.68094980646302472,0.17313090813993093,0.050073645177846259,0.040888435547919093,0.032798537819579372,0.0075652834768777837,0.014593383374821854
Hunter Henry,TE,SD,5.7972411595459041,4500.0,0.68827418156412212,0.16410780990278728,0.055290254409111235,0.033763809177906272,0.033809152866296578,0.0084495162195208032,0.016305275860255687
Sean McGrath,TE,SD,5.7972411595459041,4500.0,0.68827418156412212,0.16410780990278728,0.055290254409111235,0.033763809177906272,0.033809152866296578,0.0084495162195208032,0.016305275860255687
Gary Barnidge,TE,CLE,5.6964764694868011,6300.0,0.61369783263016908,0.23879435409742913,0.079470423134102838,0.053841395856881379,0.0041609689986503214,0.0012237562476711439,0.0088112690350960407
Logan Paulsen,TE,CHI,5.6773374179053384,4500.0,0.70074527681900267,0.15288152155218251,0.057723659927664248,0.031965817919494675,0.033994597187663504,0.0081443487976887927,0.01454477779630378
Martellus Bennett,TE,NE,5.4096852844662342,5100.0,0.7101210869154031,0.15465298967047489,0.062674245118577665,0.025088414826278538,0.028714434518814089,0.0067031958309404418,0.012045633119511149
Larry Donnell,TE,NYG,5.263426273704666,4900.0,0.72969372985013703,0.14802747290141646,0.049612727206720234,0.023583768314887833,0.029354175239878513,0.0073123337622262455,0.012415792724733506
Scott Simonson,TE,CAR,5.2077013754585293,4500.0,0.73360303211965383,0.14933256531789851,0.050609807508395117,0.018510736070857299,0.026213631889082413,0.007096744749079174,0.014633482345033803
Dennis Pitta,TE,BAL,5.1625346212573398,4900.0,0.73337196211640288,0.14897925996661257,0.049417688923310825,0.023540852901540545,0.026852264315969439,0.0061907640502196345,0.011647207725944046
Crockett Gillmore,TE,BAL,5.1625346212573398,4900.0,0.73337196211640288,0.14897925996661257,0.049417688923310825,0.023540852901540545,0.026852264315969439,0.0061907640502196345,0.011647207725944046
Kyle Rudolph,TE,MIN,5.1371022471718568,5300.0,0.69605663466111201,0.15235348569813198,0.10221006920378252,0.031313097909918257,0.015094836025207928,0.001992673175946565,0.00097920332590075744
Jermaine Gresham,TE,ARI,5.0909259022545736,4500.0,0.68408263254329915,0.22702753048619914,0.038866963661664755,0.020168572352037454,0.014019694666359659,0.0040571426453496744,0.011777463645090257
Luke Stocker,TE,TB,5.0492666800794934,4500.0,0.66643335494907463,0.21297151649131293,0.088849559324038888,0.012477938930438167,0.016158788363161952,0.0020624946601876209,0.0010463472817857629
Charles Clay,TE,BUF,4.9633926321276132,5000.0,0.74966180425702145,0.14523141024674904,0.040368532267689106,0.025911687419298616,0.022590017186810731,0.0046150969383624259,0.011621451684068401
Greg Olsen,TE,CAR,4.9397558537764512,7500.0,0.67385265591964472,0.20423764502666117,0.099382095193837769,0.010157410506052513,0.0086658673291848762,0.0028429897693109255,0.00086133625530799001
Lance Kendricks,TE,LARM,4.9004202335489957,4700.0,0.676684538194536,0.21722696362113386,0.078157448192606074,0.01921051226954509,0.0023014538356798211,0.0013461404734298767,0.0050729434130691612
Dion Sims,TE,MIA,4.8682235833740783,4600.0,0.71656180166950323,0.1822181827991271,0.042014443239720457,0.042824533862773906,0.010095425971561255,0.0015427593672402253,0.0047428530900737887
Jared Cook,TE,GB,4.7207018444117024,5300.0,0.70657634711825368,0.1852717129799159,0.084725692872605854,0.01555149973179938,0.0024340424287607643,0.0015586535996982653,0.0038820512689662187
Brent Celek,TE,PHI,4.701646276837308,4900.0,0.73784580595817006,0.1635299362439723,0.05073754547569214,0.025241082294767896,0.018025940509221766,0.0016871750781523962,0.0029325144400234281
Ryan Griffin,TE,HOU,4.5146997098778705,4700.0,0.75729948805947611,0.14852536490675533,0.062265471019064898,0.0096465713006871935,0.015013323847658326,0.0041552999288885948,0.0030944809374694048
Jordan Cameron,TE,MIA,4.4741865217291421,5000.0,0.76313818920442811,0.1483577638682734,0.03785430674071049,0.038583767633489321,0.0089073430686431015,0.00076055988524489535,0.0023980695992106469
Blake Bell,TE,SF,4.4636053013386787,4500.0,0.75976474605635125,0.14528822395665814,0.05481246362152048,0.031256390517168574,0.0049235843911064059,0.00090696301310817708,0.0030476284440868521
Jimmy Graham,TE,SEA,4.4129536617603042,6100.0,0.78170160878874106,0.14316296016451191,0.028100023354275701,0.022243069395586231,0.016492603861711468,0.0022801146554901034,0.0060196197796834562
Dwayne Allen,TE,IND,4.311065339062206,5500.0,0.81695926102749605,0.06961353368654935,0.070194630031780475,0.024155144325901441,0.017088954510588738,0.0010240491151171901,0.00096442730256698613
Josh Hill,TE,NO,4.0757859504039038,4500.0,0.83182752551571182,0.075909607164081322,0.061319535655322222,0.015731614941687962,0.010413717235319354,0.0022854658876600158,0.0025125336002174712
Virgil Green,TE,DEN,3.976718001749366,4600.0,0.83649778572169931,0.089277825162845686,0.03831170269323949,0.024756116554398959,0.0066241198222544585,0.00052225629854637634,0.0040101937470157015
Lee Smith,TE,OAK,3.9088178734216474,4500.0,0.82659854523764253,0.11766218472952779,0.024692193299478093,0.014113894646136164,0.0140338453242817,0.0017371672258390536,0.001162169537094624
Levine Toilolo,TE,ATL,3.8806427783012434,4600.0,0.85340823789890785,0.086164358555444867,0.024191440653326023,0.025841752805822463,0.0010657058195120948,0.00056136242185213377,0.0087671418451346645
Jesse James,TE,PIT,3.7931142341352606,4500.0,0.83988459318462838,0.10675697454619887,0.029381746268373733,0.011584769926561206,0.0082127717618780249,0.0011116367422849434,0.0030675075700747003
Vernon Davis,TE,WAS,3.6159538714595034,4800.0,0.87410837147735654,0.071857161327949434,0.022447321959205537,0.025554237878058047,0.003651312655554218,0.00020624051536364109,0.0021753541865124812
Anthony Fasano,TE,TEN,3.561169334378036,4500.0,0.86481846447256405,0.082208086370486835,0.038749406309331713,0.010296243188860132,0.0012313429644499839,0.00054273470061411025,0.0021537219936932201
Jack Doyle,TE,IND,3.5373222122167012,4500.0,0.88063860080690581,0.066837895873674044,0.028428064386084567,0.016582540828683767,0.0053476073911069124,0.00096134926068232806,0.001203941452862542
Cory Harkey,TE,LARM,3.5076339151638569,4500.0,0.85638375939618916,0.10388845111015928,0.02959629345004644,0.0072654331920218177,0.00064937824162847638,0.0002376783231776601,0.0019790062867771638
Kellen Davis,TE,NYJ,3.4997762080441732,4600.0,0.85955887583560764,0.11255650228699525,0.013099787326895951,0.0082411508570949255,0.0020368380273510386,0.0006440912280018784,0.0038627544380536944
Rhett Ellison,TE,MIN,3.4619250029595015,4500.0,0.8796727709953972,0.07034971329216122,0.034907881097803191,0.010397334613289948,0.0034760667075404723,0.00043484131710024216,0.00076139197670766195
C.J. Fiedorowicz,TE,HOU,3.3848409716030656,4500.0,0.88437357711509423,0.077763903728052655,0.026379265704742041,0.0042497846985732335,0.0047894611623509817,0.00089832593650902826,0.0015456816546780818
Jim Dray,TE,BUF,3.3024747283676996,4500.0,0.90919822814593076,0.05391915866543133,0.02109621573213822,0.010197892323334311,0.00087361117303233352,0.00023438457277645704,0.0044805093873565667
Ed Dickson,TE,CAR,3.2965374392778433,4500.0,0.89659892932509844,0.063742998164060316,0.031235242221881239,0.0042467291435539234,0.0023508834573490464,0.0006090873231217233,0.001216130364935276
Phillip Supernaw,TE,TEN,2.9527956868249063,4500.0,0.9385922157825618,0.041277566631346026,0.015023519688606527,0.0037140908328536482,0.00032027245338284041,0.00010600395252454193,0.00096633065872422268
Geoff Swaim,TE,DAL,2.8761928746542731,4500.0,0.94177157733576999,0.05090241955925183,0.002638485752217892,0.0025216343268363423,0.00085825107041719072,0.00029222073720329168,0.0010154112183035076
Nick O'Leary,TE,BUF,2.7958436275686305,4600.0,0.95583285351814917,0.038042663442651718,0.0028602414668698127,0.0011739431102204565,0.00054116391569924082,0.0002335202718569318,0.0013156142745525976
