name,pos,team,expectation,salary,prob_0_5,prob_5_10,prob_10_15,prob_15_20,prob_20_25,prob_25_30,prob_30+,label
Cecil Shorts,WR,TB,20.23744439499368,5200.0,0.10828221343580331,0.07134034024363628,0.13671024956857661,0.12038782863760635,0.0793438803809218,0.41426109205734812,0.069674395676107614,5.0
Alshon Jeffery,WR,CHI,19.283431950069346,7500.0,0.10099949969216655,0.068918333078849647,0.13803597579251728,0.13772889310845063,0.1850801657047319,0.36123506589709375,0.0080020667261902125,5.0
Antonio Brown,WR,PIT,18.224124186932638,9300.0,0.0062939883298471977,0.18676822760029285,0.19820858391765891,0.11035458937073261,0.2783058262486412,0.20872982041281543,0.01133896412001177,4.0
Dontrelle Inman,WR,SD,18.054777458559695,5100.0,0.21078104081402793,0.17630326469348037,0.028391949036960337,0.089765282347368816,0.015095202218382361,0.37974634850311262,0.09991691238666757,5.0
Robert Woods,WR,BUF,17.708618240744833,5500.0,0.13511042163292258,0.09683410426760744,0.12890175942127532,0.17526432193205754,0.17629121402578246,0.27550663902853301,0.012091539691821663,5.0
DeSean Jackson,WR,WAS,17.184365180142951,6600.0,0.15891888516568503,0.16510651708767554,0.16394933865855943,0.059133012091856015,0.13444044008495679,0.22748646660989053,0.090965340301376624,5.0
Brandin Cooks,WR,NO,17.155351004870234,7600.0,0.069854735644970162,0.16991963754499276,0.2572308792443751,0.16204686957880274,0.061556171773664028,0.20114838751768618,0.078243318695509004,2.0
Tyreek Hill,WR,KC,16.851073675020235,0.0,0.17715881998611244,0.16405882217972589,0.11706826182722387,0.14019736155588289,0.13517230469508135,0.14700047179461959,0.11934395796135401,0.0
Chris Moore,WR,BAL,16.831537520352409,0.0,0.17765886554113158,0.15654370338194698,0.13893517936814359,0.13074417150588871,0.13489602139433218,0.13191102693224449,0.12931103187631238,0.0
Vincent Jackson,WR,TB,16.762687240843547,5900.0,0.14651429008007957,0.075831657789049406,0.29081346831664273,0.081721115698409799,0.16741052766177647,0.1765564779648226,0.061152462489219427,2.0
Brandon Marshall,WR,NYJ,16.692864334604376,7700.0,0.020519961277957327,0.21022919358114617,0.22955641233906743,0.21137692289863871,0.1475546544772893,0.15338473214122419,0.027378123284676856,2.0
Jordan Matthews,WR,PHI,16.500951803181778,6600.0,0.085204011179241465,0.20208430493064403,0.23714968396672234,0.10948390080339759,0.11949966613564002,0.19026899571919381,0.056309437265160779,2.0
Dez Bryant,WR,DAL,16.00154243982367,8000.0,0.22883229165121172,0.088422046806772028,0.15675518399598329,0.10643548566330498,0.163969771351406,0.22540893512209098,0.03017628540923098,0.0
Julio Jones,WR,ATL,15.596303753075714,9000.0,0.009313198847257528,0.20342874573481118,0.34100849777692638,0.20669122678168864,0.10632881009033482,0.11837719758553759,0.014852323183443943,2.0
Pierre Garcon,WR,WAS,15.480863491621275,6300.0,0.19675234758871604,0.20039189142744535,0.16559532570206675,0.10186524849845824,0.10851482263377808,0.099858165006528471,0.12702219914300716,1.0
Kamar Aiken,WR,BAL,15.137971467886834,6300.0,0.074358410895768695,0.25361492146197967,0.2172769260308729,0.11655980205188304,0.24108807578330457,0.070512202520312484,0.02658966125587869,1.0
Michael Floyd,WR,ARI,15.000218855579243,6900.0,0.1378336636118741,0.25038491705842175,0.1455258028174925,0.18685781682314384,0.10940105933451939,0.096366167793087848,0.073630572561460605,1.0
Dorial Green-Beckham,WR,PHI,14.632481525231377,4900.0,0.11342653862117921,0.22830558943540749,0.25054708402538339,0.1335258427049256,0.15512671556389243,0.065287557020081308,0.053780672629130499,2.0
Brandon Coleman,WR,NO,14.427958485446904,4800.0,0.19186706348939422,0.18782854609222399,0.1854818266742847,0.20808793902422767,0.062596404788705484,0.076498912087655885,0.087639307843508138,3.0
Andre Roberts,WR,DET,14.372104845063461,4500.0,0.24757936784362178,0.13473186577709359,0.21279839596875536,0.12246221474164674,0.11873916499499504,0.061486288191401547,0.10220270248248609,0.0
Michael Thomas,WR,NO,14.239120847929133,4900.0,0.25475770009861215,0.15207218599967276,0.1845579923389202,0.13734757689021243,0.10342693600645744,0.060039288078643824,0.10779832058748118,0.0
Eli Rogers,WR,PIT,13.849275700559978,4500.0,0.27750790563588318,0.15949267501552836,0.15560583171203415,0.12925706486077665,0.12408758118198392,0.057525891998350648,0.096523049595443125,0.0
Aldrick Robinson,WR,ATL,13.677457866614089,4500.0,0.27845042608408371,0.14660436742618899,0.20002024113292916,0.11472037287065812,0.10735663504709228,0.052168439015588625,0.10067951842345912,0.0
Jamison Crowder,WR,WAS,13.660027596426415,5100.0,0.2898577516748902,0.20044267975124011,0.13016098904762638,0.082260237033757788,0.10679137929462837,0.093913751751379421,0.096573211446477861,0.0
Mike Evans,WR,TB,13.608510266129674,7900.0,0.1557723737049434,0.2960073585606155,0.20562349419026593,0.080066496583428834,0.14343381383658557,0.04907603274592412,0.070020430378236589,1.0
Terrance Williams,WR,DAL,13.565652000854286,5300.0,0.096976485778616811,0.34240220665577747,0.19214088287724673,0.12802637838620529,0.1563645674616026,0.04644839313868071,0.037641085701870247,1.0
Sammy Watkins,WR,BUF,13.489163513845766,7300.0,0.072559764070355096,0.36191371264171124,0.21344728662701801,0.11285163484774796,0.16047322663722899,0.055551221908236935,0.023203153267701736,1.0
Emmanuel Sanders,WR,DEN,13.321581437494684,6800.0,0.10107258757388696,0.39878729421553549,0.13844744749550381,0.088860310331633233,0.17207293957340933,0.080783217507563204,0.019976203302467882,1.0
James Wright,WR,CIN,13.265667776274839,4500.0,0.29296191546640488,0.15479060293761276,0.18335048247887506,0.11731442470728572,0.10474347942463083,0.062486214576343332,0.084352880408847364,0.0
Anquan Boldin,WR,DET,13.175469080444516,5800.0,0.13846422342677639,0.24531914693798876,0.3031943150170287,0.093009497119063186,0.15765450081346352,0.021059675967402079,0.041298640718277421,2.0
Quan Bray,WR,IND,13.077404628116421,4700.0,0.30226557381468577,0.16968460100031643,0.16312708605893927,0.12148129800324793,0.0991098390921369,0.052997674048387039,0.091333927982286581,0.0
Sammie Coates,WR,PIT,12.99064979189858,5200.0,0.31359737434124801,0.15959419503685796,0.15591781593207424,0.12090625721956004,0.11532828697995066,0.048397497524521348,0.086258572965787733,0.0
Demaryius Thomas,WR,DEN,12.758345199070845,7200.0,0.11066302340402512,0.38334704272400405,0.14384325227378131,0.13618914201499449,0.18493760909784021,0.022874612032366702,0.01814531845298837,1.0
Josh Doctson,WR,WAS,12.669697354406479,4800.0,0.34052215629895027,0.13942447052887738,0.1718372847223234,0.10757190770468021,0.10179637938913381,0.054381012384687198,0.084466788971347642,0.0
Allen Robinson,WR,JAC,12.295590327523765,8500.0,0.071845009867449142,0.45609866205084765,0.24130043440782437,0.070483678576527833,0.078918920372932619,0.02366973219451704,0.057683562529901193,1.0
Victor Cruz,WR,NYG,12.063120763872231,5300.0,0.34886793565869512,0.15163401880394553,0.17789002217468342,0.10235903927765629,0.099730026011460512,0.051773573157207695,0.067745384916351445,0.0
Doug Baldwin,WR,SEA,12.060832583620591,6700.0,0.18770138848759504,0.30536390348961606,0.21550314949524024,0.1236133607675412,0.10511647643856797,0.015380574934820045,0.047321146386619405,1.0
Eric Decker,WR,NYJ,12.011234006317117,6900.0,0.24105026715593864,0.2509927818173695,0.20329954532354372,0.13139696847453083,0.091149145191592437,0.031903970421104808,0.050207321615920036,1.0
Tyler Boyd,WR,CIN,11.948014042652533,5600.0,0.35108553881718896,0.15322950357283996,0.18189155753973221,0.10445635448034754,0.092327468808668267,0.047100665250308954,0.069908911530914108,0.0
Golden Tate,WR,DET,11.91561035436149,6900.0,0.20724934796708194,0.26618355697592039,0.22011187974529753,0.16824358481712284,0.079193203958832933,0.018939058908837802,0.040079367626906684,1.0
Marvin Jones,WR,DET,11.848124996060307,5500.0,0.18755817418168733,0.25737018787623345,0.3155224133174489,0.057932004856420527,0.13385872000285046,0.025634105569713166,0.02212439419564631,2.0
Malcolm Mitchell,WR,NE,11.774753403022851,4500.0,0.37104064198708192,0.16404255606990098,0.14563417365607689,0.10244526925721709,0.094975903822388033,0.053132736457578003,0.068728718749757181,0.0
Michael Crabtree,WR,OAK,11.773949568740631,6100.0,0.40389869827014108,0.20014479751015413,0.13754080424698753,0.058605608001874622,0.02785984048188437,0.016912875244928509,0.15503737624402972,0.0
Sterling Shepard,WR,NYG,11.707702057415199,5600.0,0.36540235520855713,0.15075422253057669,0.1769615024888278,0.098866616581207517,0.09606274436123545,0.047786183737418227,0.064166375092177236,0.0
Tyler Lockett,WR,SEA,11.577278550815143,6200.0,0.26416737311835609,0.25093377349235924,0.18171458195464477,0.10765529078515584,0.14368684845178853,0.022396235124175046,0.029445897073520452,0.0
Dwayne Harris,WR,NYG,11.559194398211943,4800.0,0.43982833497504115,0.14954982760375427,0.1258028879225869,0.080333711914492872,0.045682582789285525,0.030176964582409878,0.12862569021242931,0.0
Tajae Sharpe,WR,TEN,11.543760999132049,4800.0,0.38301126582379358,0.16959272333459335,0.1379340993273348,0.10006625457059366,0.091822115894274733,0.045615977515265006,0.071957563534144911,0.0
Justin Hunter,WR,BUF,11.541331872408321,4600.0,0.37435642027525473,0.1558652480930097,0.17619616300529331,0.087855849418339405,0.093979891976296095,0.04388672852591935,0.067859698705887511,0.0
T.Y. Hilton,WR,IND,11.508736364777198,6800.0,0.2660772179628782,0.23876029804318522,0.20961661906220957,0.12551871272584827,0.095613952879479436,0.022629339019481665,0.041783860306917581,0.0
Paul Richardson,WR,SEA,11.460128655955408,4800.0,0.38540188367484612,0.1519085271738789,0.16802194098694312,0.091057600950411086,0.089800897048137651,0.045375030052038204,0.068434120113744917,0.0
Rod Streater,WR,SF,11.409807434621321,4500.0,0.35445548387663411,0.20160860012458501,0.14973789363599918,0.09973696792925095,0.081177052414254922,0.05292535136158992,0.060358650657685926,0.0
John Brown,WR,ARI,11.362483984731657,6500.0,0.31489193625713535,0.26712546963981121,0.11014254600207851,0.12787914493938077,0.089521761747162601,0.029661777132156283,0.060777364282275197,0.0
Jermaine Kearse,WR,SEA,11.31290579383592,5400.0,0.30303002892518138,0.23098603110485977,0.17641012588332272,0.081080060301114948,0.15304260714339432,0.024712124503378296,0.030739022138748483,0.0
Braxton Miller,WR,HOU,11.139123794182364,4500.0,0.4102941928481047,0.15552363008673814,0.14656765509327435,0.087382906125420129,0.086323566841343666,0.045786323807815249,0.068121725197303765,0.0
DeAndre Hopkins,WR,HOU,11.092353570479656,8400.0,0.15582956882497495,0.38690670332539379,0.27668603793895474,0.058303075059892059,0.056797826982355179,0.033005146240840014,0.032471641627589372,1.0
Rishard Matthews,WR,TEN,11.061639372370211,5200.0,0.40599276354446018,0.16769908611935283,0.1365005125871778,0.095209138269549659,0.087045381767704585,0.040850962550360602,0.066702155161394355,0.0
Leonte Carroo,WR,MIA,10.920405894952673,4500.0,0.40686503009124964,0.17652293971611488,0.13329050246064067,0.087406786643911952,0.092577200868083687,0.042163960320617783,0.061173579899381401,0.0
Willie Snead,WR,NO,10.865365545200591,6400.0,0.26441429231872737,0.16309235358544977,0.37792959248540264,0.068487476862576821,0.10754605900586577,0.0013143756334558056,0.017215850108521679,2.0
Charles Johnson,WR,MIN,10.812190239420534,4800.0,0.3943618714760484,0.10999129095290788,0.25963503040313241,0.075179124503581857,0.061217939020992075,0.056485511434314906,0.043129232209022393,0.0
Breshad Perriman,WR,BAL,10.739640452040268,4800.0,0.42205459559300407,0.16151698596639691,0.14469872664089592,0.084960103224674371,0.083884402678375061,0.04143865170393797,0.061446534192715618,0.0
Deonte Thompson,WR,CHI,10.678982827308086,4500.0,0.33001618081497658,0.25611492524609825,0.14590379054111829,0.10123540573926749,0.083674270988093449,0.060259676929861089,0.022795749740584743,0.0
Jarvis Landry,WR,MIA,10.674699333836402,6600.0,0.26707089338288553,0.32803285576403191,0.13554914778598612,0.12387317907425177,0.10486205754465512,0.012824122588888374,0.027787743859301321,1.0
Jeremy Maclin,WR,KC,10.669307220677654,6800.0,0.2660033752099879,0.30803565732055238,0.18585532444231681,0.079787414683094748,0.12641310228803765,0.0075218897567718747,0.02638323629923852,1.0
Danny Amendola,WR,NE,10.601149570906975,6000.0,0.38161464199966566,0.18806133720880994,0.14776988088589885,0.083105289651938571,0.12481178534707238,0.064716744690875572,0.0099203202157390809,0.0
Kevin White,WR,CHI,10.026631179514897,6000.0,0.46199858117227066,0.14588674660174211,0.15157758333285973,0.076141647797438594,0.07721446345184102,0.031783219499448408,0.055397758144399366,0.0
Andre Johnson,WR,TEN,10.002065158369104,4900.0,0.40259357181459354,0.23787946022587286,0.14279088930723161,0.072723735909920886,0.054067525016918541,0.028087220119638896,0.061857597605823621,0.0
Amari Cooper,WR,OAK,9.8931695501318018,7100.0,0.50508021601205855,0.18432930535589642,0.11392986063226143,0.036939629943687012,0.022708846110718939,0.017192209008634472,0.11981993293674334,0.0
Will Fuller,WR,HOU,9.8464825227280386,5600.0,0.47464754622863004,0.14861692883547037,0.14035979315757749,0.075107624940541018,0.073452639205030368,0.03331598790642782,0.054499479726322859,0.0
Seth Roberts,WR,OAK,9.6704557564329079,5100.0,0.58276296402877215,0.1302999896826276,0.081070259869103933,0.043367622934678968,0.013569207696258833,0.0071825135659712592,0.14174744222258731,0.0
Rashard Higgins,WR,CLE,9.3609006048975907,4500.0,0.48826227759359336,0.16992033821581209,0.12351463519264123,0.067288937546034058,0.070193958752279961,0.035160785210968833,0.045659067488670373,0.0
Adam Humphries,WR,TB,9.2208193995772962,4500.0,0.59849505613692655,0.11684495858498736,0.079074708173463043,0.037212473512818894,0.050144858397372143,0.0076859952721375991,0.11054194992229423,0.0
A.J. Green,WR,CIN,9.2110308880891214,8200.0,0.31922361853625497,0.30796647222117002,0.21941537515895862,0.056409548797866485,0.075881780945075833,0.0096784288730315422,0.011424775467642539,0.0
Cole Beasley,WR,DAL,9.206576527532679,5000.0,0.43457294584917461,0.23785045380387651,0.13670069231522888,0.053441905250922322,0.086111346037658798,0.0055366011077360999,0.045786055635402945,0.0
Terrelle Pryor,WR,CLE,8.9378725809744211,4900.0,0.5113257694030473,0.16599943471777256,0.12075880936448527,0.063251732326931737,0.065740944289813141,0.031108683819054135,0.041814626078895779,0.0
Kenny Britt,WR,LARM,8.8771292613804018,5300.0,0.38497213906553723,0.2878655384192102,0.14048917091709467,0.11973847156696635,0.018035095188384059,0.028414083273334285,0.020485501569472982,0.0
Keenan Allen,WR,SD,8.7833675154106547,7400.0,0.52202006357281239,0.13873965393201285,0.15021321751056108,0.065147101364770504,0.060157744578768636,0.021839528031583722,0.04188269100949097,0.0
Steve Smith,WR,BAL,8.6667907875980337,6700.0,0.5316439544017254,0.14625137256628298,0.13150959928341693,0.06406450034143478,0.06216114542150232,0.023434518820312306,0.040934909165325328,0.0
Julian Edelman,WR,NE,8.6388082524192225,7300.0,0.53259420681602676,0.14476002355583267,0.12921993344801122,0.06903297369377967,0.06237782789095983,0.023430798322149265,0.038584236273240702,0.0
Marc Mariani,WR,TEN,8.6039109538377421,4500.0,0.39432315072722046,0.30822957175093918,0.13813306031510575,0.049074472627504848,0.08287279485689035,0.013542181412589194,0.013824768309750154,0.0
Harry Douglas,WR,TEN,8.5542615283005503,4700.0,0.47069044022508649,0.21165993424589744,0.14283099604017938,0.087742562503938762,0.043557868664854997,0.0045313812784424229,0.038986817041600778,0.0
Justin Hardy,WR,ATL,8.2689781478423932,4900.0,0.49020525258130959,0.18839846760830048,0.15867395785269364,0.082186557556019169,0.042417264708221825,0.010633155502408885,0.02748534419104642,0.0
Ryan Grant,WR,WAS,8.2271848123270495,4600.0,0.65753878305900837,0.10192445638383313,0.065932701146183076,0.032185575441499359,0.034575021648852067,0.016128142809834121,0.091715319510789817,0.0
Andre Holmes,WR,OAK,8.1482826016591847,4800.0,0.69432053851873532,0.087566050294260733,0.057313941221206838,0.025382092773040592,0.0094313752196869081,0.0035454696184395612,0.12244053235463005,0.0
Andrew Hawkins,WR,CLE,8.1437011121381353,5700.0,0.55654009199304677,0.15723124703328209,0.11455904548260537,0.055467640253305639,0.057229256086797839,0.024167823439486338,0.034804895711476026,0.0
Davante Adams,WR,GB,8.1036268643007379,5300.0,0.53901342779698735,0.17133462411443917,0.099580816396774449,0.080884348755347835,0.074319307488496508,0.010893167119717197,0.023974308328237499,0.0
Quinton Patton,WR,SF,7.9251045236461115,4800.0,0.4495436452864755,0.27870917608006557,0.13563270548788986,0.054465895795826627,0.059389571108640467,0.0070621298105514926,0.015196876430550425,0.0
Torrey Smith,WR,SF,7.8555844800543593,5600.0,0.4166379157881348,0.32589295959237025,0.14092543665423848,0.047298748019383045,0.047287998439662096,0.0069301963314306256,0.015026745174780642,0.0
Jordy Nelson,WR,GB,7.7566435128874502,8400.0,0.58946274246163399,0.13298866064198683,0.11301347998467097,0.061419737023774242,0.054772259720334227,0.016843632717264589,0.031499487450335165,0.0
Kelvin Benjamin,WR,CAR,7.6864120481227136,7300.0,0.58115851700486421,0.15418149269940462,0.10946712945029831,0.054985724418654139,0.050685119803494057,0.016949401664497789,0.032572614958786744,0.0
Quincy Enunwa,WR,NYJ,7.6524285049112244,5000.0,0.59987652695293014,0.14973938522351066,0.097850412598172412,0.057914213377720306,0.028697138032382923,0.021320537666431476,0.044601786148852206,0.0
Randall Cobb,WR,GB,7.6288426122548625,7200.0,0.5737971777026607,0.14993325058533713,0.097457618111448749,0.07156698731823799,0.089685493890872964,0.0044396482798969511,0.013119824111545733,0.0
Larry Fitzgerald,WR,ARI,7.5905863618528908,7200.0,0.57442969548783851,0.2038888060591878,0.067328486740704838,0.061071879449615445,0.040403120109682139,0.005975803301271166,0.046902208851700017,0.0
Brice Butler,WR,DAL,7.4792290436411299,4700.0,0.46922482978892388,0.34503083245234489,0.072039821253099295,0.052362544617753394,0.017763338751820529,0.0031111803168236162,0.040467452819234181,0.0
Corey Coleman,WR,CLE,7.4212810699454552,6500.0,0.60001443341437211,0.1475154728766094,0.1076481120452784,0.048180735240359138,0.049347678930267661,0.018597728750305256,0.028695838742807775,0.0
Albert Wilson,WR,KC,7.3906671091689633,5200.0,0.573061525094547,0.18046618592101207,0.090834987263872832,0.054618855932938075,0.07942163609410248,0.0039500758654122201,0.017646733828115348,0.0
Cody Latimer,WR,DEN,7.3867295558619945,4500.0,0.60847372729524585,0.14836763774427103,0.072754290620196588,0.066696626148390059,0.063187190290146342,0.0218349191862643,0.018685608715485785,0.0
Greg Salas,WR,BUF,7.3767511434741966,4600.0,0.62598782958120813,0.16443996257263635,0.087142516126920991,0.020180936274648942,0.034895342731711736,0.00086408567740876743,0.066489327035465132,0.0
Marqise Lee,WR,JAC,7.2291855273466341,4800.0,0.55445558052429789,0.23924843415125416,0.085962884465712944,0.028609754261263037,0.055634341673945868,0.0055215060638980316,0.030567498859628298,0.0
Corey Brown,WR,CAR,7.0390225512228275,5600.0,0.57307191128055091,0.19729041696099139,0.10503655833605498,0.026548210311617828,0.084551871266735204,0.0034452309177686936,0.010055800926280972,0.0
Donte Moncrief,WR,IND,7.0325489766709506,6200.0,0.6214362261465689,0.15623332678514903,0.10154910920645495,0.040851497556392544,0.033778855876542106,0.0069820432180105344,0.039168941210881922,0.0
Brandon LaFell,WR,CIN,7.0136878165675949,6000.0,0.57003737869044069,0.20061513220985533,0.11059390186864813,0.032363090923084682,0.065468880861110954,0.0093471128346148836,0.011574502612245383,0.0
Russell Shepard,WR,TB,6.8470178842282738,4500.0,0.75197059649638121,0.073706338204925892,0.045739565373820817,0.022202018271944502,0.020531698423830035,0.0016922210714671307,0.084157562157630456,0.0
Devin Funchess,WR,CAR,6.6723432895176247,6200.0,0.59289440785762726,0.19976087892626251,0.098243430798457612,0.021602728160496375,0.076935648426617848,0.0019924991374087766,0.0085704066931296605,0.0
Jaelen Strong,WR,HOU,6.6433023737888721,4900.0,0.60173061736137246,0.19951569563200922,0.11191533946245223,0.023896138412631628,0.027188143373492357,0.0050188773055184627,0.030735188452523727,0.0
Travis Benjamin,WR,SD,6.6235629485146603,5600.0,0.6218138042800655,0.14134747494416158,0.13060698779354593,0.053537690669890788,0.028409309812584736,0.0066332888911452932,0.017651443608606258,0.0
Nelson Agholor,WR,PHI,6.5917988008010422,5400.0,0.67960402602434522,0.10532692414166941,0.088043372616038063,0.053528698253651405,0.037129973638722308,0.0056969554304058994,0.030670049895167702,0.0
Josh Huff,WR,PHI,6.5089035648004687,4700.0,0.70445693729320724,0.09415599381173155,0.079267404854925685,0.039269588610761567,0.03793030166368757,0.0082790616836569703,0.036640712082029396,0.0
Darrius Heyward-Bey,WR,PIT,6.1741517175708687,4500.0,0.67763246233061081,0.15394138327150991,0.057787924265298211,0.046246206367983385,0.033222061977942592,0.0059456712779409641,0.02522429050871421,0.0
Eric Weems,WR,ATL,5.9187265917367311,4500.0,0.71268355854691057,0.1025037826658496,0.092078380026921064,0.042987021559717217,0.021125889556392947,0.0016124913096170301,0.027008876334591654,0.0
Mohamed Sanu,WR,ATL,5.7979267947721986,5800.0,0.67939698749561961,0.14273402526676565,0.10972343212031185,0.021013906152262275,0.027666486216189883,0.0018845011613515816,0.017580661587499404,0.0
Tyrell Williams,WR,SD,5.7883229278622448,4500.0,0.63036483531508469,0.21273080703426173,0.10140164082593095,0.016902913573211855,0.023568754274550376,0.0003700528545021613,0.014660996122458072,0.0
Rashad Greene,WR,JAC,5.7699658737850905,5000.0,0.71082380628706643,0.14825714361298334,0.057410906276531726,0.019414296919274716,0.032821923948664233,0.0012559114480846731,0.030016011507394892,0.0
Allen Hurns,WR,JAC,5.7561375200068001,7000.0,0.61870113020512485,0.19783575129394446,0.14222146410149364,0.01099464307085431,0.024234843528270801,3.5713015497422561e-05,0.0059764547848146429,0.0
Lucky Whitehead,WR,DAL,5.748909502240549,4500.0,0.74562650239146544,0.11103869837537798,0.056021999483863813,0.020005079579113343,0.027881502510274953,0.00074164030854346097,0.03868457735136107,0.0
Ted Ginn Jr.,WR,CAR,5.7390584726131602,5900.0,0.77000236925099386,0.08323183516026314,0.045037582525722729,0.020582424345289233,0.045474707501462694,0.00066895775769282555,0.035002123458575521,0.0
Eddie Royal,WR,CHI,5.6622835142523282,5100.0,0.69087775984454214,0.12565259595844841,0.11949796548941247,0.016390111406935623,0.035895149791939522,0.00060298085470989393,0.011083436654011998,0.0
Josh Bellamy,WR,CHI,5.5306325737321496,4500.0,0.68545534709495504,0.16540568741475059,0.083849957122344013,0.019045123337030668,0.032419912601664026,0.0024332854139465085,0.011390687015309296,0.0
Bradley Marquez,WR,LARM,5.4008139944702629,4500.0,0.74944114608984691,0.1014584233794484,0.065426978248238302,0.050121699499630849,0.0071555950918629398,0.0018080565596930388,0.024588101131279724,0.0
Odell Beckham Jr.,WR,NYG,5.4003289947636341,9100.0,0.73953068015322676,0.081852110475157849,0.10408863980128623,0.038972398665336409,0.017099194003598727,0.010165275329646034,0.0082917015717480069,0.0
Jared Abbrederis,WR,GB,5.1970664438345819,4700.0,0.77706083983091589,0.088597105745559984,0.049186082358492561,0.031708667215703507,0.03401666172767133,0.0033652070294615203,0.016065436092195066,0.0
Phillip Dorsett,WR,IND,5.1616024512922589,5400.0,0.72248985468117743,0.13246850425414242,0.10174907891084786,0.013695276772995681,0.014758628032122406,0.00014519135433724013,0.014693465994377033,0.0
Jaron Brown,WR,ARI,5.1529919227420757,4800.0,0.81570933624779352,0.077247408074986895,0.0256122293905903,0.024219719584815523,0.01564176682091354,0.0022011450478029793,0.039368394833097224,0.0
J.J. Nelson,WR,ARI,5.0311503460850631,5100.0,0.82343560962048712,0.077029170765611679,0.023871490341194096,0.022275103895661022,0.012167140409992585,0.0013170718958580656,0.03990441307119523,0.0
Jordan Norwood,WR,DEN,5.0255968159946249,4900.0,0.68681609718510095,0.2004731948635857,0.070256386114468009,0.021019761834084032,0.015082725860572365,0.00036247650824397287,0.005989357633944906,0.0
Jeremy Kerley,WR,SF,4.9780506502182646,4700.0,0.79930008622552295,0.088707662024003389,0.040270207162606209,0.02844883056035747,0.014550896762807982,0.0025887248389535144,0.026133592425748479,0.0
Chris Harper,WR,SF,4.8792270802572419,4500.0,0.74785178537024988,0.14730555444684912,0.056424750905501891,0.018484962344838915,0.013150851018999359,0.00096770317004380715,0.01581439274351722,0.0
Tavon Austin,WR,LARM,4.8710626592893975,6400.0,0.75661840626015298,0.12732849740310251,0.059450514007382424,0.035701774452585773,0.0051962493955970438,0.0013246297518649936,0.01437992872931413,0.0
Brian Quick,WR,LARM,4.7432564481127129,4800.0,0.79368713424256243,0.096204881554102617,0.049900813072364901,0.035989539286073506,0.0043091076167257542,0.0013104492563493662,0.018598074971821504,0.0
Mike Wallace,WR,BAL,4.7025963141329195,5400.0,0.75532737859076815,0.14991466524760949,0.042380022071681109,0.027343515692154371,0.013643665289639929,0.0032003666682444199,0.0081903864399026517,0.0
Matthew Slater,WR,NE,4.5891543567129842,4500.0,0.79799233406106418,0.10540224955897774,0.042396217734901501,0.016760987675346554,0.025494205368834285,0.0015497563955024587,0.010404249205373368,0.0
Chris Conley,WR,KC,4.497684187222351,4600.0,0.82115010470644645,0.087508171874104326,0.038006407846286228,0.016011346661690771,0.021520517668958034,0.00054846257296879946,0.015254988669545371,0.0
Chris Hogan,WR,NE,4.4677075735343319,4700.0,0.82676331220151045,0.089776445523097076,0.029438771276568739,0.019657934227106027,0.014260643477841414,0.0011984375814983459,0.018904455712377893,0.0
Jeff Janis,WR,GB,4.4317653019251395,5200.0,0.84067825117108752,0.06326896656170912,0.036115217092895002,0.023202714001375167,0.022386881897491766,0.0010425401646218862,0.01330542911081949,0.0
Brandon Tate,WR,BUF,4.3838029254202002,4800.0,0.81216288216163413,0.093290718822942362,0.057211852389354646,0.009756563297100819,0.015300657127336036,0.00081918481924416939,0.01145814138238783,0.0
Kenny Stills,WR,MIA,4.336896045800021,4900.0,0.81219868765607783,0.11086223098846433,0.027367369011316051,0.020573527481969146,0.018593400397052064,0.0012953619389952464,0.0091094225261255032,0.0
Stefon Diggs,WR,MIN,4.1311213222568917,6300.0,0.82673716464340308,0.099887615405849922,0.037720906041807695,0.01639380667061555,0.0086494498873879132,0.0012375035870444968,0.0093735537638911463,0.0
Adam Thielen,WR,MIN,3.9760329128412377,4500.0,0.8494316417921155,0.084001345522864521,0.032084995609721577,0.016503126785041178,0.007321578953450431,0.00068864935481880633,0.0099686619819877916,0.0
Cordarrelle Patterson,WR,MIN,3.8182132273835525,4600.0,0.87394937443378207,0.066014736146430775,0.028806147796003226,0.013269341444964274,0.0063406674345845909,0.00045556211499035151,0.011164170629244661,0.0
Devin Hester,WR,BAL,3.5923502924441033,4700.0,0.87900793622020179,0.06132144825092542,0.041566894870994367,0.0082223703254837247,0.0059245652789149629,4.6436295882107729e-05,0.0039103487575976766,0.0
