name,pos,team,expectation,salary,prob_0_5,prob_5_10,prob_10_15,prob_15_20,prob_20_25,prob_25_30,prob_30+,label
Jordan Reed,TE,WAS,12.370924534478062,7400.0,0.14625820675960219,0.34855707290886528,0.1690912320977585,0.18678742985135685,0.059066848581813117,0.063826118529348289,0.026413091271256232,1.0
Greg Olsen,TE,CAR,9.8746410229557782,7500.0,0.30857824718039323,0.25866612411944223,0.23661410151087228,0.096294830784042607,0.068368851101953773,0.015954675854266583,0.015523169449029688,0.0
Gary Barnidge,TE,CLE,9.7685178153235821,6300.0,0.27728641257104092,0.21151630649267117,0.33935076986376816,0.14360825172042654,0.017554506777184151,0.0046676381082796075,0.0060161144666298601,2.0
Zach Ertz,TE,PHI,9.1073789888685166,5700.0,0.28507461259560357,0.37474978268404469,0.17683922056039195,0.096780966145344011,0.035909571347877665,0.026754408794978275,0.0038914378717601352,1.0
Delanie Walker,TE,TEN,9.096628779462165,6500.0,0.30188999594009808,0.32433675969650028,0.21133750636908144,0.11073780850123661,0.027922185364050004,0.017420346893904537,0.0063553972351288492,1.0
Travis Kelce,TE,KC,8.8396016092024912,6400.0,0.35116529782254152,0.24873465760891172,0.23767184706525563,0.1223858183583466,0.028628940812791773,0.0080123982560842029,0.0034010400760687959,0.0
Antonio Gates,TE,SD,8.7489865243587364,6200.0,0.32489768850108103,0.32963701295366538,0.18798555571382183,0.11256996964758903,0.022493856868960216,0.019466407983270331,0.0029495083316120694,1.0
Will Tye,TE,NYG,8.2419754200680106,5200.0,0.36289236254812601,0.32573042435024691,0.19082900304805733,0.065079054341718484,0.036824029240615237,0.01514663232227367,0.0034984941489624474,0.0
Jimmy Graham,TE,SEA,8.1026720080428678,6100.0,0.54779635178581754,0.11127088276392559,0.051281473235980264,0.27652372301210998,0.0021678166902318876,0.0018535031680980394,0.0091062493438368482,0.0
Julius Thomas,TE,JAC,7.94285033918616,5800.0,0.33623468697070585,0.36503333259263132,0.20811033893585998,0.067204725366050391,0.013705402043483358,0.0081630456616362534,0.0015484684296330495,1.0
Austin Seferian-Jenkins,TE,NYJ,7.822154286440294,5400.0,0.37026526006826116,0.36527481347104584,0.14839792020738596,0.082551215345814097,0.017950736174236585,0.012157828732211152,0.0034022260010455755,0.0
Jason Witten,TE,DAL,7.7598065960354976,5500.0,0.41585343907220523,0.32127754761688576,0.13597294240235866,0.082003181063568534,0.014735201474786274,0.028158291140417305,0.0019993972297783014,0.0
Coby Fleener,TE,NO,7.6883939244478503,5400.0,0.40945861057424182,0.32372638839868811,0.15487993315556381,0.068163447688794024,0.025054645493827313,0.014784486893125505,0.0039324877957593232,0.0
Dwayne Allen,TE,IND,7.2039688462474727,5500.0,0.5970747610964896,0.1044959638791008,0.077803361992813985,0.2110440043243855,0.0035819073350733385,0.0038457132317181756,0.0021542881404191944,0.0
Clive Walford,TE,OAK,6.880445293321559,4700.0,0.46752837447987805,0.33231085189751597,0.11141988851816619,0.055198006766328266,0.016921761803876213,0.013586596837704839,0.0030345196965306763,0.0
Richard Rodgers,TE,GB,6.86289645021224,4800.0,0.51060211592341165,0.26465771602086607,0.1149105914967386,0.085728121255018747,0.0076443602489970723,0.011088354393487361,0.0053687406614805287,0.0
Zach Miller,TE,CHI,6.7642487623848666,5300.0,0.47292129754334339,0.31056527740442169,0.13495034102095887,0.059774177500353937,0.017786234134874238,0.002734031056158168,0.0012686413398898656,0.0
Jacob Tamme,TE,ATL,6.5027819464421537,5000.0,0.5216585741811206,0.26838220444418387,0.13543575636868438,0.050176404619910124,0.014065177300318967,0.0082129940078102606,0.0020688890779723347,0.0
Eric Ebron,TE,DET,6.4808971464362601,5100.0,0.54501747297950676,0.2316240801943277,0.14226300046225393,0.057309124350590067,0.012641891423314735,0.0099362596077696135,0.0012081709822368595,0.0
Brent Celek,TE,PHI,6.2798935047755631,4900.0,0.54667833993844606,0.27556225877868146,0.097359922432632917,0.050044214698564737,0.019108593609249547,0.0093158531648601436,0.0019308173775649342,0.0
Vance McDonald,TE,SF,6.241062559390258,4700.0,0.50662571548679292,0.32367085757265907,0.11408423032597026,0.037822666152107609,0.010713244054323775,0.0039927617820777828,0.003090524626068466,0.0
Tyler Kroft,TE,CIN,6.1543382093144334,4900.0,0.55997698270768603,0.22903942512399178,0.14698850622182158,0.051895118882787597,0.010069223969388556,0.00087391889585100243,0.0011568241984737863,0.0
Maxx Williams,TE,BAL,6.086460356367871,4800.0,0.52854746472954139,0.32133082863129553,0.093355803407819501,0.03236599994168228,0.014181192305483023,0.007329836411666393,0.002888874572512099,0.0
Kyle Rudolph,TE,MIN,5.9828671278761902,5300.0,0.58824080940391898,0.21445615624806744,0.14186220035581451,0.033375913678687155,0.013626597250585674,0.0073935742212550863,0.0010447488416711025,0.0
Jared Cook,TE,GB,5.9302521554682786,5300.0,0.65399025828882418,0.12830974225557795,0.11461703939803984,0.093963495523851207,0.0024499958558961109,0.0043569375726100028,0.0023125311052014713,0.0
Lance Kendricks,TE,LARM,5.7207588328087624,4700.0,0.57766505580279071,0.28865287414408314,0.081841177673495955,0.03391046699867821,0.0060311109761515399,0.0075899009741141532,0.0043094134306870474,0.0
Jordan Cameron,TE,MIA,5.4696458535862069,5000.0,0.61504313046096759,0.24745023458070367,0.086074582635128793,0.038341335607086052,0.0081548666463255714,0.0035978186626022856,0.0013380314071858637,0.0
Ryan Griffin,TE,HOU,5.3763944225140134,4700.0,0.65054780014881175,0.20251026973617925,0.095515073091706787,0.034069968713173797,0.0099265608552213235,0.0056498729560646574,0.001780454498843016,0.0
Marcedes Lewis,TE,JAC,5.3571134140537913,4600.0,0.64504766030885874,0.20283948225085305,0.10668436812695793,0.033774766589619067,0.0082312254490541064,0.00085397969623767227,0.0025685175784195655,0.0
Cameron Brate,TE,TB,5.2133880461362505,4600.0,0.68221564517690603,0.17141988561917174,0.085398148184063077,0.047405591994988672,0.011372113256021743,0.00097986951107556443,0.0012087462577725892,0.0
Dion Sims,TE,MIA,5.1011934800252972,4600.0,0.65893680480120631,0.20151978257557537,0.11226880161753536,0.019040755596933107,0.0055841672767571416,0.0016670657075797013,0.00098262242441333721,0.0
Darren Fells,TE,ARI,5.0579836180495565,4700.0,0.68525372401918616,0.20155905683499561,0.069298398737290892,0.027050578181120093,0.0060256672594724489,0.0027301810483278273,0.0080823939196068909,0.0
Vernon Davis,TE,WAS,4.1478745290143673,4800.0,0.82398709962063199,0.093725715639466703,0.044716195716174613,0.023897798506185015,0.0047156466883669325,0.0015754789537335313,0.0073820648754410806,0.0
David Johnson,TE,PIT,4.1398558112737449,4500.0,0.78089639383583209,0.12272732825854886,0.09247729016343828,0.00091174597855650616,0.00051664152058524665,0.00038096795229125997,0.0020896322907472441,0.0
Jermaine Gresham,TE,ARI,3.9444453719216814,4500.0,0.8177957172759085,0.11235836058613059,0.047577561144510602,0.013573005232623487,0.0055759761412668791,0.0012821975206000645,0.0018371820989608826,0.0
Ed Dickson,TE,CAR,3.9135143102720313,4500.0,0.82825727024230533,0.10259148152776609,0.052338189669525179,0.0030973581837362143,0.0061259347689305559,0.0051295259264157534,0.0024602396813200606,0.0
Virgil Green,TE,DEN,3.7764027037186088,4600.0,0.83296316566133133,0.10288004695637716,0.050144451401718942,0.0099316541103183012,0.0015087963958408976,0.00029054167606835712,0.0022813437983455662,0.0
Lee Smith,TE,OAK,3.6316012840961664,4500.0,0.82587703270644253,0.13510651786231415,0.029949604820285011,0.0070617909557716043,0.0010933042406491328,0.00011362113870314893,0.00079812827583417359,0.0
Demetrius Harris,TE,KC,3.5927531955239065,4500.0,0.86820938215819921,0.080898037914449217,0.035836664144940425,0.0069343075776690244,0.0010134764328359048,0.0033869413875270765,0.003721190384379249,0.0
Josh Hill,TE,NO,3.5921323154254083,4500.0,0.84631174012853749,0.10579488502023687,0.037839829014509212,0.0057754408813665316,0.0031345566269813724,0.00023046216706582143,0.00091308616130335155,0.0
C.J. Fiedorowicz,TE,HOU,3.5322752555116095,4500.0,0.86103537412961906,0.088398645926594466,0.04169714794170927,0.0051394792879521142,0.0017245670037781397,0.00045713580260744611,0.0015476499077389308,0.0
Martellus Bennett,TE,NE,3.4406475419887266,5100.0,0.88923112191281561,0.067085886218305274,0.021486334257569351,0.017609040042666529,0.0014411553539125039,0.00064852818339785376,0.0024979340313326902,0.0
Luke Willson,TE,SEA,3.4261177883189058,4800.0,0.89227296090333341,0.067995659910090656,0.024255106386670094,0.0076633885131029813,0.0013715278370723563,0.0010849392203289988,0.0053564172294011071,0.0
Dennis Pitta,TE,BAL,3.3438548672214781,4900.0,0.89551220074039173,0.069053533190758173,0.021194677527241277,0.0086145514900875606,0.0016538359376402835,0.00062914684133083185,0.003342054272550301,0.0
Crockett Gillmore,TE,BAL,3.3438548672214781,4900.0,0.89551220074039173,0.069053533190758173,0.021194677527241277,0.0086145514900875606,0.0016538359376402835,0.00062914684133083185,0.003342054272550301,0.0
Cory Harkey,TE,LARM,3.3392226721153286,4500.0,0.88074456817068669,0.088739747579553968,0.022727389308558169,0.0041849007256800127,0.00083057420632819893,0.00016688055714047834,0.002605939452052358,0.0
Niles Paul,TE,WAS,3.3360725392549422,4700.0,0.89809275400745092,0.063760270456725873,0.025792275213297338,0.00587491651499766,0.0023651456775010834,0.0013071954216703763,0.0028074427083567095,0.0
Charles Clay,TE,BUF,3.3080009155864212,5000.0,0.90671891389293924,0.053619609960030241,0.025788809082467851,0.0085450577730482626,0.0012501692597386026,0.0004908370482139755,0.0035866029835614505,0.0
Anthony Fasano,TE,TEN,3.3020640985536938,4500.0,0.8986464410679641,0.06319659441240999,0.023737679686357965,0.012106374233163611,0.0005717814676405123,0.00012181467029962941,0.0016193144621634158,0.0
Larry Donnell,TE,NYG,3.2930020055817231,4900.0,0.90590226876687563,0.057001547912344991,0.021685167560440258,0.01058141126202228,0.0015818337483134504,0.00063570704748211807,0.0026120637025212152,0.0
Jack Doyle,TE,IND,3.2552999374434117,4500.0,0.88366752685301109,0.089919913177332181,0.022023326390248052,0.0024776776535057094,0.00099764083831927006,0.00018041523482577055,0.0007334998527585441,0.0
Levine Toilolo,TE,ATL,3.2158086609994232,4600.0,0.89826825676774757,0.076264501500025936,0.018484885786773153,0.0037363223692135372,0.0008271087553014181,0.0002086362257568167,0.0022102885951818235,0.0
Luke Stocker,TE,TB,3.2062890481531885,4500.0,0.89714394723282975,0.07502185607400505,0.021744256413345354,0.0041191414924130728,0.00079793724990389898,0.00028355516045682361,0.0008893063770465669,0.0
Jim Dray,TE,BUF,3.1973071304836718,4500.0,0.90563407364439463,0.06635684632582324,0.015777978926642986,0.010660615698102307,0.00020101303736224196,9.2565144010633217e-05,0.0012769072236640028,0.0
Nick O'Leary,TE,BUF,3.1881423208238595,4600.0,0.91823769058351046,0.055207223552336614,0.018101867906343314,0.0013835780689105818,0.00109130237036078,0.00077175517261428869,0.0052065823459234682,0.0
Blake Bell,TE,SF,3.1672933731186848,4500.0,0.89321064073631229,0.089290061791183414,0.013916142904908507,0.0015940868263345264,0.00047705548348351195,0.00012149004383610009,0.0013905222139413385,0.0
Troy Niklas,TE,ARI,3.1154930653335557,4500.0,0.90878683891268841,0.071109762666735424,0.015554434425435099,0.0019773723853456632,0.00055962890511672826,0.00024560587187392536,0.0017663568328049092,0.0
Jesse James,TE,PIT,3.05643644891143,4500.0,0.92836356671426545,0.051990013437422163,0.013529548643920305,0.0013147738802515103,0.00072788513205518412,0.0007333749070032728,0.0033408372850817947,0.0
Tyler Higbee,TE,LARM,3.0455377988542325,0.0,0.93321602426288897,0.049540632259029438,0.010369419372210975,0.00061119827327183059,0.00092194097520252431,0.00093891435087209256,0.0044018705065244608,0.0
Cole Wick,TE,DET,3.0292826537489663,0.0,0.92511467576778772,0.057910993102005447,0.012695465420351553,0.00054446136707914409,0.00082926581168123734,0.00085282732866365707,0.0020523112024313727,0.0
Justin Perillo,TE,GB,3.0096232523296722,4600.0,0.93151599251414252,0.051970048476687007,0.011203840631322229,0.001043598417681909,0.00084118417330368382,0.00080886255617452683,0.002616473230687694,0.0
Gavin Escobar,TE,DAL,2.9810845746594099,4500.0,0.9363834371572155,0.047665945747560057,0.010851799497653929,0.00069154494447353605,0.0009736174955065302,0.0009603287671809353,0.00247332639040964,0.0
C.J. Uzomah,TE,CIN,2.9751715232662597,4500.0,0.93473432967949355,0.050390361902448479,0.010268787432499454,0.00063345515991500322,0.00090477272410188943,0.00090466243357859488,0.0021636306679629273,0.0
Brandon Myers,TE,TB,2.9739970566224319,4500.0,0.93624109214818252,0.048329836616327906,0.010632517071642518,0.00059944919914220322,0.00096708372659254978,0.00097151999110339999,0.002258501247009154,0.0
Brandon Williams,TE,SEA,2.9678513039776715,4500.0,0.93517844784931692,0.05040107885384091,0.010025071745233956,0.00059999963719160052,0.00083201375375184722,0.00084735901311744106,0.0021160291475471253,0.0
Kellen Davis,TE,NYJ,2.9651586348706496,4600.0,0.93964921481999952,0.043402407673400034,0.011858397211202878,0.0011095206120792696,0.00088885642935099859,0.00071125588406698557,0.0023803473698996449,0.0
Austin Hooper,TE,ATL,2.9647388319486341,4500.0,0.93825425006044605,0.047115082809915013,0.009691534156761562,0.00059012425710663994,0.00092878827892963064,0.00084489564014245675,0.0025753247966981826,0.0
James O'Shaughnessy,TE,KC,2.9618316608704003,4500.0,0.93797294918744123,0.046908084369295111,0.010478427536038505,0.00059369991201779933,0.00089815077518572649,0.00089252235615338302,0.0022561658638683979,0.0
Hunter Henry,TE,SD,2.9561859207341445,4500.0,0.93903086615003428,0.046514968383634898,0.0097012035498813751,0.00059693009249871286,0.00090117839153698511,0.00082149499393272094,0.0024333584384805904,0.0
Sean McGrath,TE,SD,2.9561859207341445,4500.0,0.93903086615003428,0.046514968383634898,0.0097012035498813751,0.00059693009249871286,0.00090117839153698511,0.00082149499393272094,0.0024333584384805904,0.0
Brandon Bostick,TE,NYJ,2.9470730089223007,4500.0,0.93971421933692401,0.045723915202385911,0.010104973413568178,0.00059705943753578412,0.00085135635373372813,0.00084730642376256381,0.0021611698320896599,0.0
Logan Paulsen,TE,CHI,2.9411707250895689,4500.0,0.94049215265466402,0.044954847430475925,0.010222262637797862,0.00056760940981771552,0.00081630255683527481,0.00085842044174087157,0.0020884048686682414,0.0
Garrett Celek,TE,SF,2.9386734624074058,4500.0,0.93912865144900404,0.047318750476911364,0.0095037829725423545,0.00057465292645723259,0.00071734667054574805,0.00073618012104848484,0.0020206353834904861,0.0
Marqueis Gray,TE,MIA,2.9381488624584993,4500.0,0.94073604466255356,0.044937658438952505,0.010024081430163211,0.00057840488318812433,0.00083017977225236048,0.00081372188662480439,0.0020799089262651276,0.0
Stephen Anderson,TE,HOU,2.9340106705275932,0.0,0.94227072556684432,0.043844946630663711,0.0093534519385457399,0.00059486064354560939,0.00079554434280281155,0.0007530242723110108,0.0023874466052862483,0.0
Phillip Supernaw,TE,TEN,2.9270261642975659,4500.0,0.9431376990647331,0.040440295284442047,0.012472630856554756,0.00062507930766465619,0.001039363112760347,0.00057671662804379136,0.0017082157458011297,0.0
Geoff Swaim,TE,DAL,2.9186701211046531,4500.0,0.94547522064503364,0.038804033711965606,0.011128089882626702,0.0005883222489255558,0.00165931035854155,0.00064736528741731023,0.0016976578654895665,0.0
Rhett Ellison,TE,MIN,2.9094747687339311,4500.0,0.94660734858954365,0.037243808936020535,0.012281487127801074,0.0004900033626215525,0.00098769937254732164,0.00057691933160829666,0.0018127332798567061,0.0
Scott Simonson,TE,CAR,2.8989763097472001,4500.0,0.94644664397171752,0.040762564868510473,0.0087455900624048497,0.00057725454526179234,0.00069041965650032779,0.00067056675139717272,0.0021069601442073212,0.0
