name,pos,team,expectation,salary,prob_0_5,prob_5_10,prob_10_15,prob_15_20,prob_20_25,prob_25_30,prob_30+,label
WAS,Def,WAS,17.578342329657801,4200.0,0.20260691085036919,0.28348410906595306,0.05600911897238442,0.065926221597429294,0.048993533614609591,0.0019715791166946104,0.34100852678255988,6.0
NO,Def,NO,16.303834714873648,4000.0,0.27545161057484879,0.25052175256216319,0.094303270578357551,0.026170784983033091,0.021810752514011236,0.00029240191240166742,0.33144942687518442,6.0
CAR,Def,CAR,15.52987656195589,4700.0,0.14035675699571085,0.15539039027896798,0.15874735798872153,0.21021114297587826,0.20965134551516237,0.10188543029976731,0.023757575945791726,3.0
SF,Def,SF,14.177678828036035,4400.0,0.17360707712710766,0.22489846380592843,0.11384431948454257,0.26738572832567559,0.058215231471705008,0.13692607775627938,0.025123102028761477,3.0
NYG,Def,NYG,14.022866298562615,4400.0,0.27737406911522772,0.31040176123085883,0.10538322796086445,0.035186202247053711,0.035083795851327294,0.00013325396791819634,0.23643768962674985,1.0
HOU,Def,HOU,13.871666212169282,4900.0,0.18007590767285792,0.20063022427934948,0.14747836169768705,0.21791972769345247,0.19874943288226657,0.018974578255868013,0.036171767518518395,3.0
NE,Def,NE,13.869061269963057,4400.0,0.12640670139262561,0.25325791630902134,0.18888904153015695,0.24362422719049923,0.088580189699458162,0.058326460636404218,0.040915463241834496,1.0
TEN,Def,TEN,13.771182786923227,4100.0,0.25788243403579747,0.24952477760257177,0.16135975709998196,0.091588254113942252,0.054254516723668725,0.0098848376070917281,0.17550542281694601,0.0
PIT,Def,PIT,13.737381798603005,4600.0,0.27190539610665004,0.30437773804168583,0.11054294298129447,0.045155036412135835,0.061073408956366711,0.0019277420717891977,0.20501773543007784,1.0
SEA,Def,SEA,13.689758707139797,5000.0,0.12602660813509725,0.23735555894561255,0.15319752326880784,0.31080768151577276,0.13453728633328715,0.015907183763321273,0.022168158038101179,3.0
CIN,Def,CIN,13.609154460411508,4600.0,0.081207804849074056,0.31015779838938501,0.14639178341990533,0.33215463476755497,0.067087533849923164,0.036951602370850406,0.026048842353307112,3.0
LARM,Def,LARM,13.557996574009767,4500.0,0.12927007537034066,0.30013274496223313,0.11756347324044038,0.27396856338083325,0.078881354971380199,0.074857406103467972,0.025326381971304462,1.0
PHI,Def,PHI,13.512143166750006,4800.0,0.099909698944569192,0.2541688219106385,0.19817142003894042,0.33501259947459799,0.05970625914379326,0.024432444537319947,0.028598755950140761,3.0
GB,Def,GB,13.427295799732022,4300.0,0.17448902327760094,0.23148720623229357,0.21247730346868032,0.17998075075367989,0.085099899379859859,0.072234875183323111,0.044230941704562377,1.0
OAK,Def,OAK,13.298102113670947,4300.0,0.38635894523227438,0.21319721454957544,0.07758014906925885,0.052066595978747104,0.048439369211497572,0.0026797156448935002,0.21967801031375334,0.0
KC,Def,KC,13.040745505601583,5100.0,0.19371348646948514,0.22935910605652521,0.1756351557342038,0.18534256476646541,0.15683883005161564,0.026722600601038236,0.032388256320666733,1.0
DEN,Def,DEN,13.038814139406341,4700.0,0.10535439694237476,0.25083520637592782,0.21638034814932253,0.34082749801734219,0.052367553318231619,0.020208842598309025,0.014026154598491887,3.0
NYJ,Def,NYJ,13.019636114087884,4500.0,0.2300574961841958,0.27435405916831279,0.16010523885917777,0.12205554661945922,0.045743804699173864,0.086482817851390795,0.081201036618289507,1.0
SD,Def,SD,12.915327939565167,4100.0,0.2488579009253501,0.29585457330612996,0.11515554153486782,0.094134845328396416,0.12750168728146222,0.0038211927523519782,0.11467425887144152,1.0
IND,Def,IND,12.250494174413767,4400.0,0.28500479335678447,0.26238127605557637,0.18652311365200389,0.089040545006109584,0.036567410463352011,0.007905696585797926,0.13257716488037574,0.0
MIN,Def,MIN,11.968756277740983,4600.0,0.20150153621861619,0.38614246422324588,0.12494676903199246,0.11629484974659619,0.079750580097844775,0.0026908805341871521,0.088672920147517278,1.0
ARI,Def,ARI,11.817959430160325,5000.0,0.33765635215377732,0.2514573360751195,0.10815725629350958,0.11798942862261733,0.061277585029270845,0.0038412403213967791,0.11962080150430876,0.0
DET,Def,DET,11.796168004272619,4300.0,0.34993999482923427,0.25784309544461931,0.11913883638723181,0.093611952470202056,0.027593231733970127,0.010179820724580603,0.14169306841016172,0.0
JAC,Def,JAC,11.747166675417995,4100.0,0.3877194372575255,0.22203375428423633,0.11775621867246766,0.067961007656536995,0.055013083728781394,0.0026036360221648553,0.14691286237828718,0.0
CHI,Def,CHI,11.715979169468493,4300.0,0.13606248046715957,0.33302932200604046,0.26020572551483578,0.17851381180351852,0.047563374595402164,0.017402819612640032,0.027222466000403452,1.0
DAL,Def,DAL,11.38971511572479,4400.0,0.17162947333144274,0.31415085529307235,0.31380861202890264,0.082007902184064257,0.051050834559815558,0.034561465276626707,0.032790857326075624,1.0
MIA,Def,MIA,11.314747158897662,4200.0,0.32213514431079832,0.22429180921328185,0.15064946548370892,0.16333737898295111,0.0619690959783505,0.0033606789762222842,0.074256427054687033,0.0
TB,Def,TB,11.30370537197382,4200.0,0.38271004478213139,0.2592876730581456,0.13142883602906025,0.048977025645320006,0.024701245508664309,0.00063931136035390887,0.15225586361632476,0.0
BAL,Def,BAL,11.094418971234262,4300.0,0.13447889881302252,0.42945069904821831,0.18962904480837089,0.17321594224216666,0.028994967999598199,0.0086337328127019282,0.035596714275921509,1.0
BUF,Def,BUF,10.845183643085427,4500.0,0.2970433357491068,0.24181621036844284,0.19862945402419449,0.15190777359033286,0.053018037460556097,0.0080917251072355999,0.049493463700131225,0.0
CLE,Def,CLE,10.051674687428497,4000.0,0.30426264932626024,0.33969533443783823,0.12168161295146092,0.14801325788590286,0.016579869355904889,0.024380112142334737,0.045387163900298094,1.0
ATL,Def,ATL,9.9531876059356765,4200.0,0.41879933564827226,0.25807923223394919,0.12805405625139288,0.06303124582243104,0.02335406348029119,0.0083288317345807817,0.10035323482908283,0.0
