name,pos,team,expectation,salary,prob_0_5,prob_5_10,prob_10_15,prob_15_20,prob_20_25,prob_25_30,prob_30+,label
Antonio Brown,WR,PIT,15.088693744745465,9300.0,0.083832885262311072,0.25907733080244733,0.18537393881379086,0.22836289805487195,0.11578001926860267,0.059679507604539273,0.067893420193437026,1.0
A.J. Green,WR,CIN,14.927842216112802,8200.0,0.11305108661403397,0.23525146950303472,0.20922011817631603,0.17158305029457266,0.14193943310817389,0.059224413949777274,0.069730428354091364,1.0
Julio Jones,WR,ATL,14.28106767141821,9000.0,0.13810859371091921,0.19896208153810957,0.25000008937787122,0.19838431093968487,0.10105648863569448,0.053201630704818904,0.060286805092901956,2.0
Brandon Marshall,WR,NYJ,14.233075885977314,7700.0,0.098625009203069214,0.26142380651929975,0.24834150862854903,0.17275533436016521,0.11128676860719586,0.049395964347600227,0.058171608334120745,1.0
Mike Evans,WR,TB,13.8540597048578,7900.0,0.11912716727727556,0.24128880540109302,0.26529132186409615,0.16018750099927809,0.12028959626144013,0.048387899653754167,0.045427708543062884,2.0
DeAndre Hopkins,WR,HOU,13.621776748158776,8400.0,0.13455536474206292,0.2501495908944783,0.2545539632382714,0.1564883040369606,0.097386571155892887,0.059029135355926236,0.047837070576407667,2.0
Odell Beckham Jr.,WR,NYG,13.617030533751148,9100.0,0.20705810995796367,0.25631604514384831,0.12651918531048911,0.17230809390252508,0.11387621554769238,0.042581819204381227,0.081340530933100341,1.0
Allen Robinson,WR,JAC,12.983155483419162,8500.0,0.15316423265299325,0.26270798870368478,0.26251578342073828,0.13892278843551409,0.091415166393936459,0.044545834865987025,0.046728205527145905,1.0
Brandin Cooks,WR,NO,12.93421865050955,7600.0,0.15417392462316135,0.26103092385158227,0.24392836537867832,0.15719851589705292,0.099287871953950974,0.052842365956817884,0.031538032338756697,1.0
Sammy Watkins,WR,BUF,12.862166752953247,7300.0,0.1589329080026132,0.25030481081234668,0.25798650326769967,0.15973875155780867,0.094458146645185356,0.041104017436342864,0.037474862278003389,2.0
Eric Decker,WR,NYJ,12.846079592537816,6900.0,0.1475101084733248,0.27058934445859728,0.2536158565388042,0.15485893550260826,0.095136480042680452,0.041738768735396489,0.036550506248588917,1.0
Demaryius Thomas,WR,DEN,12.577919197859806,7200.0,0.16773824475003546,0.27080480852011896,0.2351465850180863,0.15441217332981827,0.098871032556121355,0.039274201377400841,0.033752954448419241,1.0
Larry Fitzgerald,WR,ARI,12.327348870844313,7200.0,0.1755886066013321,0.27897594447064222,0.22995203599793937,0.15015201479338713,0.093756552858196521,0.042752661613917706,0.028822183664585475,1.0
Doug Baldwin,WR,SEA,12.041341590795955,6700.0,0.17440501228534869,0.28302458486828386,0.25087427025206238,0.15022733590152593,0.079008006966912181,0.032809317335717299,0.029651472390149158,1.0
Emmanuel Sanders,WR,DEN,11.671192136588955,6800.0,0.23057632059622071,0.26112206245703096,0.22201614081951451,0.13005867575585528,0.088345000640525945,0.037135763238987957,0.030746036491864845,1.0
Jeremy Maclin,WR,KC,11.652469873752612,6800.0,0.19959218189034239,0.28590792620986061,0.23603336285306428,0.13809249521287928,0.080057479124276618,0.036030456608974332,0.024286098100602605,1.0
Amari Cooper,WR,OAK,11.268728263681773,7100.0,0.2722643942387703,0.27300962743090401,0.19059717756624628,0.11226921988003334,0.06795078788085597,0.036317530340868841,0.047591262662321512,1.0
Randall Cobb,WR,GB,11.221559440788797,7200.0,0.23484444509195124,0.29220964066777194,0.19937226396825072,0.13536928696772776,0.080725042190931656,0.032843931566876601,0.02463538954649119,1.0
Kamar Aiken,WR,BAL,11.21991303054331,6300.0,0.21954988798667871,0.27976874737484841,0.25131636793823031,0.12392994983342734,0.073401493489136216,0.028021865036259409,0.024011688341419851,1.0
Golden Tate,WR,DET,11.186015386211864,6900.0,0.22142272742135696,0.28086967254540091,0.2421920815997097,0.1336347256764335,0.069946471811390423,0.030875939282942494,0.021058381662765833,1.0
Jarvis Landry,WR,MIA,11.178372549568163,6600.0,0.23936721970953068,0.27035033731629976,0.23525253556804351,0.11977624076940317,0.07708955112126431,0.033956384121668785,0.024207731393790018,1.0
Michael Floyd,WR,ARI,11.166483803233756,6900.0,0.24613101042373806,0.2484467946143484,0.24545312179977027,0.12925598140777045,0.079921035029045309,0.029104487080838376,0.021687569644488952,1.0
John Brown,WR,ARI,11.093976735628306,6500.0,0.2206726301494181,0.28658488398637905,0.23720968414707455,0.14130650537327549,0.0675646771733278,0.0264584363842808,0.020203182786244767,1.0
T.Y. Hilton,WR,IND,11.016510920155165,6800.0,0.24159288951534566,0.28704498941294793,0.2151091110570576,0.13224627843899478,0.066635368863075667,0.033436797264722352,0.023934565447857045,1.0
Michael Crabtree,WR,OAK,10.871053491382355,6100.0,0.23947158272095806,0.29240994512624313,0.22828103473758921,0.11977862763372109,0.065029885883253161,0.034603165398439412,0.020425758499796394,1.0
Jordan Matthews,WR,PHI,10.867407654634677,6600.0,0.23687490673299363,0.29173616664195468,0.23791732075368527,0.11584959784125129,0.063339947027533899,0.031887503582039727,0.022394557420541833,1.0
Tyler Lockett,WR,SEA,10.692528814113924,6200.0,0.23716199609931296,0.2975698878798923,0.2312859007995014,0.12499934144865188,0.067763844846080459,0.023742012272690061,0.01747701665387107,1.0
Pierre Garcon,WR,WAS,10.538357020655928,6300.0,0.2435360648195585,0.29294129580290634,0.24430987259170306,0.11915530107885045,0.055886876836321209,0.028007916730839411,0.016162672139821473,1.0
DeSean Jackson,WR,WAS,10.447950825434829,6600.0,0.26964811467190664,0.28549330934690492,0.21460086801235326,0.1111518108822335,0.078332694350354448,0.024611272078916821,0.016161930657331017,1.0
Marvin Jones,WR,DET,10.407341162907247,5500.0,0.25411927307711851,0.29889613165228418,0.22485483100964235,0.12091979903440249,0.062592308665096991,0.020853973668784054,0.017763682892671551,1.0
Willie Snead,WR,NO,10.332690395045704,6400.0,0.27337095990998289,0.27522234552933006,0.23610897486274357,0.11181708218808449,0.061970193218201367,0.022701415719007304,0.018809028572650488,1.0
Allen Hurns,WR,JAC,10.214507476237664,7000.0,0.29831025248934995,0.27952980109156056,0.18953882558456622,0.11958280805057107,0.069165850757668804,0.024192524910929398,0.019679937115354446,0.0
Brandon LaFell,WR,CIN,10.124901279446133,6000.0,0.33099884117746181,0.25165878386868129,0.18869571213004671,0.10201409152852584,0.075980899553430625,0.028847794240600969,0.021803877501253323,0.0
Anquan Boldin,WR,DET,9.8629367233965066,5800.0,0.28270248166692241,0.31629363464596838,0.2022544867655228,0.10585173043261067,0.052047405458222312,0.026324515552223069,0.01452574547853086,1.0
Jermaine Kearse,WR,SEA,9.7857185314254682,5400.0,0.31024312002464932,0.27503239159751103,0.2113490739282205,0.11265910041247248,0.054693292466392977,0.020991296321165635,0.015031725249588271,0.0
Tavon Austin,WR,LARM,9.6518617353203116,6400.0,0.33155107269217177,0.28490855575859841,0.17922481388760619,0.099040079480097395,0.065397031087237628,0.020602736914581334,0.019275710179707958,0.0
Alshon Jeffery,WR,CHI,9.3433911260127456,7500.0,0.3889148379091667,0.23370739527195949,0.17112583634147355,0.10639814751969147,0.056759496335520264,0.02241742246516085,0.020676864157028085,0.0
Donte Moncrief,WR,IND,9.0955432229777156,6200.0,0.34713154262858925,0.29779691772692957,0.1835025721186751,0.087915132083155476,0.050338183359371097,0.018228857064672758,0.015086795018607456,0.0
Ted Ginn Jr.,WR,CAR,8.9480372934264416,5900.0,0.45199538262369182,0.20693354259712107,0.14478523472459628,0.080598180498985095,0.068148347499616582,0.020193342146918796,0.027345969909070643,0.0
Devin Funchess,WR,CAR,8.9331729206242105,6200.0,0.39312191603467972,0.25416270481065928,0.16633171524698531,0.09659428062987091,0.058411358013119204,0.018384659561557829,0.012993365703128196,0.0
Stefon Diggs,WR,MIN,8.8512071848529033,6300.0,0.397165408633469,0.26693363553618554,0.15938495162239505,0.085433930853004339,0.055588829946735453,0.016550197539815577,0.018943045868395673,0.0
Dez Bryant,WR,DAL,8.813879238181455,8000.0,0.4443323592311097,0.21290007528690591,0.16511594367674737,0.079329122442710981,0.049671100651626707,0.022174651039728759,0.026476747671170295,0.0
Danny Amendola,WR,NE,8.7834191877605683,6000.0,0.41435655414369921,0.2332313265745718,0.1752571485832114,0.090836739614215622,0.051365682343346132,0.021484200814083282,0.013468347926872523,0.0
Travis Benjamin,WR,SD,8.716314566793919,5600.0,0.35603243951535807,0.31732438463458229,0.16680580478706603,0.088597799891371509,0.044319680881551159,0.017149660623803981,0.0097702296662662523,0.0
Davante Adams,WR,GB,8.7091498876804536,5300.0,0.38928689496415542,0.27211007646166857,0.17508089910692368,0.088249398398536405,0.042344617829497569,0.019067533138633561,0.01386058010058573,0.0
Torrey Smith,WR,SF,8.5903500922214473,5600.0,0.36705893577520343,0.31428978898305526,0.16582992270780639,0.082779515563232903,0.04124721930143866,0.01891470313336182,0.0098799145359013945,0.0
Kenny Britt,WR,LARM,8.3883329827284072,5300.0,0.39413051218434342,0.27715455453292426,0.1834345261116592,0.088594836218765766,0.032874298274791686,0.012274656246584187,0.011536616430931393,0.0
Dontrelle Inman,WR,SD,8.356336688873137,5100.0,0.38005876697900015,0.30157569017394947,0.18370474744913839,0.076448526504643746,0.035428639287137985,0.011247717599954297,0.011535912006176334,0.0
Terrance Williams,WR,DAL,8.256820233488904,5300.0,0.39550127852831141,0.30313930678740925,0.16255387046871886,0.077055266240801709,0.035312232030395622,0.014096684339608373,0.01234136160475454,0.0
Dorial Green-Beckham,WR,PHI,7.9847052070481546,4900.0,0.39627527485470376,0.31070212515234163,0.17283643739283677,0.070618702963286289,0.030461182973466176,0.011550398415987789,0.00755587824737744,0.0
Corey Brown,WR,CAR,7.9144301173956588,5600.0,0.44292759952337146,0.26698991092375773,0.15067857694554165,0.084219991604499153,0.032718163860111706,0.010014062011548894,0.012451695131169529,0.0
Seth Roberts,WR,OAK,7.8350358542521938,5100.0,0.44217086922192039,0.2606847149141916,0.17427417216967711,0.068969362518742486,0.032539904435339592,0.012093295007687575,0.0092676817324414181,0.0
Harry Douglas,WR,TEN,7.2531821566609187,4700.0,0.46541526751858947,0.28925987835887856,0.14001221659393373,0.067847645023281777,0.022491660996450436,0.0063227427185601195,0.0086505887903061407,0.0
Andre Johnson,WR,TEN,7.083727169569852,4900.0,0.49181972369628041,0.27886927376855936,0.13133142399088588,0.057410433936247118,0.019219799515254338,0.0084452872060972097,0.012904057886676088,0.0
Jamison Crowder,WR,WAS,7.0610299580293923,5100.0,0.51729333223760376,0.25108917120309576,0.13059294910066976,0.057361040510831754,0.01570482839807676,0.011135282331040009,0.016823396218683121,0.0
Albert Wilson,WR,KC,7.0125846756162815,5200.0,0.50922784198854576,0.25348545244282294,0.13371880009494114,0.062445342452605426,0.024597423967205247,0.0076968297242028839,0.0088283093296768131,0.0
Cole Beasley,WR,DAL,6.8973390591883383,5000.0,0.53294706063109465,0.2429343938344016,0.12067038742391678,0.057440661361696642,0.023335029033834904,0.011893664808572615,0.010778802906483025,0.0
Vincent Jackson,WR,TB,6.714977974606759,5900.0,0.59899840368184798,0.18253907057835009,0.11425700612873524,0.045309041211400738,0.030695183793879852,0.0067158411078663618,0.021485453497919693,0.0
Brandon Coleman,WR,NO,6.7089637142409062,4800.0,0.56031740999028523,0.20885167126662291,0.13315558388763407,0.063463818216161844,0.015028994414044546,0.0057092819750061714,0.013473240250245483,0.0
Marc Mariani,WR,TEN,6.6523601458045203,4500.0,0.53808941190192272,0.25291971918789374,0.12111666624499831,0.053445100855478218,0.014681252838502011,0.0080682365001712927,0.011679612471033027,0.0
Mohamed Sanu,WR,ATL,6.6456677490168898,5800.0,0.55660985601969737,0.21930392546701793,0.12879375750879546,0.056668755977449525,0.022784779138852847,0.0079041956281358308,0.0079347302600507926,0.0
Nelson Agholor,WR,PHI,6.3272281334935405,5400.0,0.57812833102615413,0.22531468362643275,0.10959392677620981,0.055396555904206439,0.016747474746205564,0.0057067724418193204,0.0091122554789719295,0.0
Robert Woods,WR,BUF,6.3024376619863309,5500.0,0.63517924863856789,0.15209322758894797,0.12056042171344547,0.048228700633460977,0.018555321971675025,0.011082629904013016,0.014300449549889131,0.0
Mike Wallace,WR,BAL,6.2423114506382262,5400.0,0.58233643382681888,0.22505032347883999,0.1126936204453713,0.051173825211142977,0.013311622705845166,0.00604358257108572,0.0093905917608960721,0.0
Marqise Lee,WR,JAC,6.1558975497888673,4800.0,0.58292139746171356,0.24221615913145064,0.099212016570180292,0.046195534869233376,0.012364094043874235,0.0057292330668605434,0.011361564856686594,0.0
Phillip Dorsett,WR,IND,6.0287901955800267,5400.0,0.60341995181635899,0.22572042831221745,0.10005824324706124,0.041057524177135159,0.012349078963603821,0.0038091944798010285,0.013585579003821534,0.0
Justin Hardy,WR,ATL,5.9424643434271776,4900.0,0.60964671028249762,0.22018479126073909,0.10364669823341832,0.040457128715590734,0.0089875641959119446,0.004872106333025537,0.012205000978817222,0.0
Cecil Shorts,WR,TB,5.9111996254220358,5200.0,0.68332774272524255,0.15110397490017899,0.080984422325856648,0.035254786607570143,0.018562633883335608,0.0072197646328932726,0.023546674924922441,0.0
Quincy Enunwa,WR,NYJ,5.8711308958438124,5000.0,0.61944395545466568,0.21678139258373294,0.093993052138186317,0.041314544847307885,0.012748930419256821,0.0050989890198830535,0.010619135536967755,0.0
Jordy Nelson,WR,GB,5.78629250391851,8400.0,0.7512017519148908,0.094941841847012987,0.068307331739995564,0.023429708551022249,0.016973041554503573,0.0039536033107414022,0.041192721081832383,0.0
Quinton Patton,WR,SF,5.7487802417513123,4800.0,0.63817617181266306,0.20847883695931738,0.083827482563085823,0.039773410869795842,0.013796955831671631,0.0030281549558888164,0.012918987007577692,0.0
Julian Edelman,WR,NE,5.7321746148814992,7300.0,0.75656091759900745,0.093513897903909321,0.066210590220044177,0.023076834646972685,0.015206206263586658,0.0032403874967163598,0.042191165869762501,0.0
Steve Smith,WR,BAL,5.7286983699249454,6700.0,0.74198651352198741,0.10414535190186218,0.076079300132198005,0.021793819672986513,0.013270523055338294,0.0044913503821023149,0.038233141333524172,0.0
Keenan Allen,WR,SD,5.6811442379797459,7400.0,0.75428844616415647,0.098461573976119862,0.066418585376774739,0.022392688515801132,0.014802362723523393,0.0033957631058460351,0.040240580137777399,0.0
Kelvin Benjamin,WR,CAR,5.6542411276531244,7300.0,0.74819390919544759,0.10926475083817898,0.064825159316822367,0.022000726613041019,0.012993472348361641,0.0024905294311520316,0.040231452256995648,0.0
Brice Butler,WR,DAL,5.6192263639430351,4700.0,0.64417349636464938,0.20452879332103685,0.086112344077713968,0.039937734997009332,0.013303688544860418,0.0023811969160453862,0.0095627457786839776,0.0
Kevin White,WR,CHI,5.6171531733847386,6000.0,0.75820601719940373,0.098708473612631895,0.06489628170372716,0.021784364237247833,0.013113348601958492,0.0028478231036080199,0.040443691541422216,0.0
Darrius Heyward-Bey,WR,PIT,5.6170295975559608,4500.0,0.65042296243803444,0.19543218924569333,0.096391747625029917,0.033947603819151753,0.0061047420111282232,0.0040843007218553341,0.013616454139106811,0.0
J.J. Nelson,WR,ARI,5.5955828743886764,5100.0,0.69978094525066692,0.1345566250697208,0.081881934536594994,0.042037576996116585,0.027777737151394238,0.0048008502199295127,0.0091643307755769603,0.0
Ryan Grant,WR,WAS,5.575361758565589,4600.0,0.65021798421631138,0.19942477693626445,0.094635085857107892,0.032706618777806541,0.0056271197504442448,0.0048504175173234238,0.0125379969447421,0.0
Corey Coleman,WR,CLE,5.5669061587857787,6500.0,0.75534524148494497,0.10786455003636278,0.057921537076239711,0.024390754905585933,0.01274841892020313,0.0038227113850433257,0.037906786191619538,0.0
Jaelen Strong,WR,HOU,5.5585976713061012,4900.0,0.65389828821272111,0.19202341053989996,0.09297644822920316,0.038854560925282215,0.0086614378983857054,0.0038495062471851824,0.0097363479473228532,0.0
Josh Bellamy,WR,CHI,5.5167301833275211,4500.0,0.66769321491342792,0.17873878977910823,0.097145524963028362,0.032043494340088505,0.0068672675050527052,0.0047396408836990278,0.012772067615595059,0.0
Andrew Hawkins,WR,CLE,5.3850059796129548,5700.0,0.76553587986412519,0.10740771742114773,0.055635705163105356,0.021381032955626079,0.010171951201561551,0.0037659817078071938,0.036101731686626518,0.0
Tyler Boyd,WR,CIN,5.3735603135361627,5600.0,0.7709836666462907,0.099745296200349359,0.060856053089112155,0.019751228586235493,0.0071974149392086181,0.0028799324593999621,0.038586408079402848,0.0
Sterling Shepard,WR,NYG,5.3453945639118166,5600.0,0.77321230770946603,0.096343745245306547,0.06321708589647422,0.019625213447633041,0.007131626241241671,0.0027708593686411442,0.037699162091236513,0.0
Will Fuller,WR,HOU,5.3245641947901028,5600.0,0.77133127807996094,0.099585165697528066,0.062521385568852283,0.019786258323769262,0.0073602589317688103,0.0031444371089143527,0.036271216289205203,0.0
Kenny Stills,WR,MIA,5.2492572026676774,4900.0,0.678721303213903,0.18911767535066637,0.078369316504868086,0.034632731526672893,0.0076946921911428198,0.003466439369546403,0.007997841843201587,0.0
Chris Hogan,WR,NE,5.2477043520009179,4700.0,0.69000978902538201,0.17399360433088129,0.081719408389259257,0.031054950496281149,0.010294317358729148,0.0041768128196736747,0.0087511175797931363,0.0
Brian Quick,WR,LARM,5.2352934091843792,4800.0,0.70093410220270325,0.16824084777502615,0.081063033855597197,0.025409404019149713,0.0055633703567701748,0.0026133325158502678,0.016175909274903665,0.0
Tyrell Williams,WR,SD,5.1926568101102095,4500.0,0.71978551905885713,0.15172985938386205,0.073004123316557853,0.028505022492688537,0.0051071814970753415,0.0048629667283583032,0.017005327522600859,0.0
Rishard Matthews,WR,TEN,5.0865495409192194,5200.0,0.79797362997207377,0.084166983881532598,0.054035072436269989,0.018939722166213143,0.0069343833999386331,0.0041068490696239872,0.033843359074347316,0.0
Jordan Norwood,WR,DEN,5.0646664648605748,4900.0,0.71070183695924738,0.16601450610143623,0.073065584956898549,0.029476105015239912,0.0073768682453090664,0.0026808751748160658,0.010684223547053092,0.0
Victor Cruz,WR,NYG,5.0454512112869825,5300.0,0.80164685699489091,0.084187692198308184,0.053917560791612959,0.016340644565822647,0.0062560256212460842,0.0011410243929061068,0.036510195435212292,0.0
Sammie Coates,WR,PIT,5.0354010928934532,5200.0,0.81034617023185018,0.077631169343314183,0.050176165139910758,0.015586247239340505,0.0067536221744486985,0.00097971974842384112,0.038526906122710786,0.0
Dwayne Harris,WR,NYG,5.0057394496046097,4800.0,0.7482523725822674,0.12899078832353389,0.066921574265931663,0.027928507395762931,0.0084969803865960394,0.0037486943110379722,0.015661082734870997,0.0
Adam Humphries,WR,TB,4.9596136706813621,4500.0,0.72333102518205605,0.16306974846165778,0.0638393312858892,0.029743432503622082,0.0056285990534712367,0.0027276556389277339,0.011660207874376336,0.0
Tyreek Hill,WR,KC,4.9227756939424978,0.0,0.85690552390414187,0.051107938568148027,0.029710010936690422,0.0082379860296034231,0.00067414551118949949,0.00016795307537514488,0.053196441974850357,0.0
Deonte Thompson,WR,CHI,4.9105247975515534,4500.0,0.74979858356826123,0.13251485838222196,0.066324289413439846,0.025673876789431203,0.0096307365140239909,0.0019852091901481125,0.014072446142473695,0.0
Andre Roberts,WR,DET,4.8579085358153682,4500.0,0.85680790277608654,0.05611667330848568,0.026702975943237353,0.0080582495850682126,0.00074046974392573438,0.00020452129570807301,0.051369207347487081,0.0
Chris Moore,WR,BAL,4.8483621473928213,0.0,0.84894464176297302,0.061955579744194231,0.031560252698406489,0.0078508554695513426,0.00067778551830099791,0.00015874359134908429,0.048852141215223695,0.0
Leonte Carroo,WR,MIA,4.8308646540905276,4500.0,0.85880800065973806,0.048665384610935968,0.034365512514748182,0.0077728783763710077,0.00071339936464419437,0.00018804699211116978,0.049486777481450452,0.0
Rashad Greene,WR,JAC,4.8236301800937076,5000.0,0.74967725215132952,0.13451942602648354,0.066407889355272184,0.028767414927758316,0.0064864639087672243,0.0045182451561079414,0.0096233084742815105,0.0
Breshad Perriman,WR,BAL,4.8224028615693584,4800.0,0.84664406393289138,0.060078527575197174,0.037334048771140958,0.0089291233325953633,0.0008593638167223082,0.00033169985514574889,0.045823172716305989,0.0
Aldrick Robinson,WR,ATL,4.8201248120263749,4500.0,0.8621689285813432,0.047698948582482789,0.031114866682880896,0.0078413623091760989,0.00071223271027866328,0.000193689787703157,0.050269971346134194,0.0
Michael Thomas,WR,NO,4.8175774619201963,4900.0,0.85547985662133441,0.052099494287721447,0.033393690685877074,0.0095295428169998603,0.0020591774728734927,0.00036351291112032293,0.047074725204072167,0.0
Justin Hunter,WR,BUF,4.8128045296835698,4600.0,0.85734473799685329,0.051618986895929947,0.031684116793944742,0.010271878799430506,0.00076427335381106464,0.00023538960055219862,0.048080616559476701,0.0
James Wright,WR,CIN,4.8056912353252406,4500.0,0.86666639783724531,0.045272934385668512,0.028256134026433059,0.0078150709154316267,0.0006975635417674587,0.00018651179619542862,0.051105387497257265,0.0
Paul Richardson,WR,SEA,4.8053173791236379,4800.0,0.85951935605748819,0.048665518741857566,0.033133706264262694,0.0093463638447983909,0.0008583553062068228,0.00029367787325450972,0.04818302191213078,0.0
Terrelle Pryor,WR,CLE,4.8018036814705711,4900.0,0.85353270989633701,0.054396635286061978,0.032371997808662609,0.01178481147717033,0.0019926803118699176,0.00039508281173067459,0.045526082408166656,0.0
Tajae Sharpe,WR,TEN,4.7963848861901468,4800.0,0.85617596238357829,0.050546095171889009,0.035550119782684561,0.0092623367663798653,0.0018737825311201954,0.0003317131940681631,0.046259990170278549,0.0
Rashard Higgins,WR,CLE,4.7808435223487287,4500.0,0.86161640952389784,0.051708019567379776,0.028646606344919452,0.0080168156030831425,0.00067751710208426084,0.00017876672412177032,0.049155865134512651,0.0
Malcolm Mitchell,WR,NE,4.7801329354346969,4500.0,0.86510066429325971,0.045855387798774003,0.030907759613337187,0.0078478444518713004,0.00071343032314877264,0.00018567497611174659,0.049389238543496,0.0
Charles Johnson,WR,MIN,4.7774035054121509,4800.0,0.85034077090871385,0.056450659251483681,0.036938118790210361,0.010856766267684911,0.00070377112492588361,0.00056401188173683893,0.044145901775243655,0.0
Rod Streater,WR,SF,4.7772879659622305,4500.0,0.86354639801225297,0.049323883445205413,0.028783629478620676,0.008195768618387422,0.00069421073177775483,0.0001749407544510136,0.049281168959303311,0.0
Quan Bray,WR,IND,4.7714690598787577,4700.0,0.85969719550831081,0.051143274660133346,0.031022373700673709,0.0091379555531427847,0.0017517678056941511,0.00028230732414517769,0.046965125447898548,0.0
Josh Huff,WR,PHI,4.7525080577079359,4700.0,0.7477966763024757,0.14947227677797059,0.059724814041498923,0.023077714561946495,0.0047864001981554882,0.00348187037636195,0.011660247741591872,0.0
Eli Rogers,WR,PIT,4.7507372173808946,4500.0,0.86698204860741135,0.046528242021454259,0.028664844832719839,0.0078469396444214943,0.0007326508046285096,0.00018412796223669795,0.049061146127126684,0.0
Braxton Miller,WR,HOU,4.7449854662585658,4500.0,0.86456909254853376,0.048979130098576761,0.029460242312093911,0.0078003684704581648,0.00070560770039935637,0.00018812689240782162,0.048297431977528948,0.0
Josh Doctson,WR,WAS,4.730621772845967,4800.0,0.8635853029508378,0.047537797279192086,0.03197170138475984,0.0093166225190427672,0.00087375252837866004,0.0002987165638539114,0.046416106773933784,0.0
Eddie Royal,WR,CHI,4.6616745033341198,5100.0,0.76974047524600753,0.12858334631446167,0.060309357241880787,0.019885966939534025,0.0049815276183907738,0.002464529721183772,0.014034796918541084,0.0
Andre Holmes,WR,OAK,4.6579625067559203,4800.0,0.76227274856170868,0.13766157176364766,0.059315212771791553,0.020815680593500939,0.0035755603245687917,0.0051891652906087765,0.01117006069417403,0.0
Adam Thielen,WR,MIN,4.5526610645861032,4500.0,0.77146909216235326,0.12986260736933666,0.060014186204628679,0.022224502590915449,0.0043649459290762182,0.0012749237896082365,0.010789741954082169,0.0
Greg Salas,WR,BUF,4.4845386357847197,4600.0,0.78787013929355243,0.12329721500120491,0.046539469954618669,0.023130424156327035,0.0043480652133047549,0.0016982817014331141,0.01311640467955935,0.0
Chris Conley,WR,KC,4.4601924799528172,4600.0,0.78906753769305482,0.11373247178028602,0.058903076118026844,0.021790468676825936,0.0032535513475006237,0.0026863686294970992,0.010566525754808881,0.0
Jared Abbrederis,WR,GB,4.4084902730671409,4700.0,0.79359403804988415,0.11689744003817408,0.056288214522904383,0.014340767016573554,0.0029665846060218941,0.0040657776174935299,0.011847178148949084,0.0
Jeff Janis,WR,GB,4.111820437660306,5200.0,0.83338522030726425,0.091869655240429435,0.043003641541518041,0.014091405959419254,0.0040140484991350702,0.0016516317371484341,0.011984396715085459,0.0
Bradley Marquez,WR,LARM,4.0924852431221215,4500.0,0.86014579571979255,0.072336826341997548,0.032823786790592162,0.01060355492324129,0.0019004286662955229,0.0020881199074528688,0.020101487650626561,0.0
Lucky Whitehead,WR,DAL,4.0838813631717361,4500.0,0.84195572183894185,0.091242658201843338,0.03880972522175713,0.0086317833860845329,0.00086798531093925421,0.0011012977838931266,0.017390828256540539,0.0
Cody Latimer,WR,DEN,4.0704247334411878,4500.0,0.88141720615675145,0.055621811363656307,0.026280155670371442,0.008404382646392863,0.00082545580147398462,0.00069571434001834253,0.026755274021334277,0.0
Chris Harper,WR,SF,4.0076326152221551,4500.0,0.8538592383982736,0.079071778994310601,0.034917007212159519,0.015372398511666142,0.00082569425427031799,0.00033298667790797803,0.015620895951412537,0.0
Russell Shepard,WR,TB,3.9973483163650094,4500.0,0.86826841363151952,0.06405394955183244,0.037984048063074122,0.0085332915654332715,0.001143065373340011,0.0005576835938940984,0.019459548220906304,0.0
Cordarrelle Patterson,WR,MIN,3.973734702260213,4600.0,0.87686611562087957,0.058789665433524013,0.035357398988685527,0.0057076876910544137,0.00078699180628855666,0.00081831082957092144,0.021673829629996273,0.0
Brandon Tate,WR,BUF,3.7168291013699863,4800.0,0.88522785828604911,0.060406544923215094,0.028470688793137845,0.0090994784766829286,0.0038142835010610372,0.00061008053255609865,0.012371065487297427,0.0
Jaron Brown,WR,ARI,3.6532720208401721,4800.0,0.88720030473713651,0.062395729132207665,0.027377661496397275,0.0090342544583621176,0.0012166934275992507,0.0010040026042544945,0.011771354144042541,0.0
Devin Hester,WR,BAL,3.575126750334662,4700.0,0.90005856039780041,0.052452485627909488,0.026874313086589455,0.0067540975890394055,0.00043620113731503276,0.00029405539951439611,0.013130286761829927,0.0
Jeremy Kerley,WR,SF,3.4967594513066755,4700.0,0.91647109854744158,0.041359155274423264,0.021981734749204035,0.0043952850939828524,0.00055969890808579576,0.00027337580025749223,0.014959651626603865,0.0
Eric Weems,WR,ATL,3.4642482259238676,4500.0,0.91599666433521909,0.043056455604103129,0.022043060523932272,0.004502951096353308,0.00041271298935888028,0.00025043143026684664,0.013737724020765613,0.0
Matthew Slater,WR,NE,3.4258071615674703,4500.0,0.92205535734587896,0.03976951806491829,0.019721534906808599,0.0035073306124905699,0.00053630198637922438,0.00025538426062470746,0.014154572822899454,0.0
