name,pos,team,expectation,salary,prob_0_5,prob_5_10,prob_10_15,prob_15_20,prob_20_25,prob_25_30,prob_30+,label
Devonta Freeman,RB,ATL,15.830680088026078,8100.0,0.064476528794273194,0.19651124657491617,0.22232619949463273,0.25491774922687871,0.12602179702591376,0.084146784323512122,0.05159969455987419,3.0
Matt Forte,RB,NYJ,13.444967559548839,6500.0,0.13050691064195621,0.23211827646845112,0.25612989961374477,0.2021123226468555,0.10207994893586006,0.047255665650361565,0.029796976042771105,2.0
DeAngelo Williams,RB,PIT,13.184668233090802,7100.0,0.15988186927103634,0.21665845474278411,0.23311645009596113,0.23214689918358847,0.077004055025219592,0.052109594598240369,0.029082677083170496,2.0
Doug Martin,RB,TB,13.132428410938616,7200.0,0.12854409929009433,0.2374586598229303,0.2713989730813946,0.20604574797301201,0.089506540576701057,0.043822130124654517,0.023223849131213878,2.0
Adrian Peterson,RB,MIN,12.838622591521746,8200.0,0.13733274338224888,0.23974139426345406,0.28208515218036412,0.19206076788141077,0.090145416983396731,0.036050377604647944,0.022584147704478138,2.0
David Johnson,RB,ARI,12.780898848901117,8800.0,0.15912689680818287,0.23443769990201582,0.26014102170439846,0.19776569772165409,0.078298099655024239,0.041018841781575145,0.029211742427150057,2.0
Tim Hightower,RB,NO,12.624173891647954,5200.0,0.18322184112373616,0.26529967984484454,0.20858500765317795,0.17741088443965966,0.088792687872353948,0.029015110373658119,0.047674788692570018,1.0
Latavius Murray,RB,OAK,11.972350946570863,6600.0,0.18380280948071626,0.29122157700040435,0.22371703289658099,0.16399094766386346,0.069102713385488054,0.037094084824729014,0.03107083474821826,1.0
Eddie Lacy,RB,GB,11.405761313043518,7100.0,0.22651956698679732,0.27113989848156089,0.21974005955778428,0.15745771680504067,0.067804697168664177,0.030504727052799073,0.026833333947353884,1.0
Lamar Miller,RB,HOU,11.121139830225069,7600.0,0.22174284958491383,0.28504362369072334,0.23532187707559851,0.15252867074923721,0.054008237925808132,0.025922794718015552,0.025431946255703296,1.0
Frank Gore,RB,IND,11.103115072943092,6200.0,0.19219213301347746,0.34354387713359508,0.21592638878993123,0.13483257883490141,0.065896958421794119,0.021541083371782708,0.026066980434517984,1.0
Jeremy Hill,RB,CIN,11.05755000033562,6500.0,0.23014118482830573,0.30747810059085856,0.20837528940402761,0.13285731414253948,0.068563830503600695,0.018229178148769842,0.034355102381898428,1.0
Rashad Jennings,RB,NYG,10.696297635499459,6000.0,0.25617724658148389,0.29324144356259119,0.22901905064502762,0.10813833409322651,0.06188838177022183,0.012646385914494405,0.038889157432954791,1.0
Isaiah Crowell,RB,CLE,10.365923633860664,5700.0,0.2050062873695554,0.36102221421639158,0.25557247222574653,0.092897546655057436,0.045140609472883349,0.013722110096555754,0.026638759963809804,1.0
DeMarco Murray,RB,TEN,10.215023672445332,6500.0,0.27847727779874254,0.30399689600028978,0.20717813176709587,0.11170106191444323,0.049078003750612297,0.019306475192334163,0.030262153576482334,1.0
Danny Woodhead,RB,SD,9.8590310256441036,5800.0,0.30252012621970747,0.30050298280698151,0.20402745476761353,0.08074921265561795,0.06905964213786113,0.023767781940738184,0.019372799471480389,0.0
C.J. Anderson,RB,DEN,9.6341512549143022,6700.0,0.30143553285870855,0.32493592220868361,0.18810871678105609,0.095510336167988,0.051408665809627725,0.011596097773998258,0.027004728399938151,1.0
Ameer Abdullah,RB,DET,9.3690505466842087,6300.0,0.34631932986103175,0.28257529961558142,0.18631339781697298,0.09940379277584091,0.046334739068079153,0.012526457412492656,0.026526983450001752,0.0
Mike Gillislee,RB,BUF,9.2782537253667101,4900.0,0.41708225138934663,0.23526450551617947,0.17874012878051826,0.057124357900829405,0.049774904563687855,0.0071044979883098606,0.054909353861128767,0.0
Charles Sims,RB,TB,9.2623343466716541,4700.0,0.34475036179504248,0.31589363407384374,0.14607852672197819,0.10160181631913415,0.057089763469794719,0.0090377703675995485,0.025548127252607907,0.0
Jerick McKinnon,RB,MIN,8.8598594345214341,5200.0,0.38380931698572485,0.28422954469911255,0.16163591071642736,0.068499638861959769,0.073666431528176438,0.012485762521439634,0.015673394687159416,0.0
Charcandrick West,RB,KC,8.8292175859576432,5100.0,0.36987304560972739,0.29633694118925308,0.17088605753690009,0.087870649670265061,0.045150629209802909,0.0071449360119129647,0.022737740772138977,0.0
Alfred Morris,RB,DAL,8.822714380425797,5400.0,0.35306779294510982,0.31864634002214648,0.17184428141614674,0.080279580178930166,0.04572841391835776,0.012908511903341293,0.017525079615967915,0.0
Giovani Bernard,RB,CIN,8.7972200359782438,5600.0,0.37567107798929317,0.28306902136857814,0.1865173275890081,0.081426994045613543,0.037944836844168203,0.015086548617440611,0.020284193545898107,0.0
Darren Sproles,RB,PHI,8.6024182070856838,5600.0,0.39251659197127914,0.29838764532729628,0.14093049587583201,0.094510147015432505,0.042275736824878431,0.010909582274643002,0.020469800710638489,0.0
James Starks,RB,GB,8.4462683353250814,5600.0,0.4247666016579848,0.25442791836269502,0.17105015785648953,0.085168486123110732,0.024929523526956411,0.013513767040519533,0.026143545432244109,0.0
Alfred Blue,RB,HOU,8.4304854224421746,5300.0,0.37810237556365928,0.32432356906225052,0.1601169239891459,0.069687387203651877,0.039458140697418244,0.006253653065277298,0.022057950418596567,0.0
Jeremy Langford,RB,CHI,8.4041572261366859,6200.0,0.43017740182795444,0.26428630989576718,0.14647702527869291,0.091064048306115405,0.03081728597862619,0.0096844937947682865,0.027493434918075633,0.0
Todd Gurley,RB,LARM,8.3684555555753573,8900.0,0.46095480369768482,0.24167487194477588,0.13511796998860623,0.08181488872449573,0.03188082585048431,0.017870552695357807,0.030686087098595299,0.0
Theo Riddick,RB,DET,8.2868797214273879,5100.0,0.41985023899586332,0.29648882808297694,0.11893886434026726,0.089941569222160109,0.0464310715129077,0.011207258129338031,0.017142169716486841,0.0
Duke Johnson,RB,CLE,8.226130903983913,5600.0,0.39770658724803964,0.3242755863120505,0.15343544797496209,0.053495936596968746,0.036912193980986392,0.010792998963665038,0.023381248923327817,0.0
Brandon Bolden,RB,NE,7.8572758523561079,4900.0,0.45736723763468218,0.27743718644028975,0.139706044557701,0.062408709027964776,0.028607598200692579,0.0074177212483256512,0.02705550289034413,0.0
Christine Michael,RB,GB,7.7961832610179727,4800.0,0.47331714508577805,0.24873395476974466,0.16683689367812146,0.051803949106500775,0.021172425441002719,0.0074361643189641983,0.030699467599888133,0.0
Travaris Cadet,RB,NO,7.6890088765340536,5000.0,0.40832647414731899,0.3703929957740531,0.085015798788116548,0.091729293312293611,0.0242487817948931,0.0044460602343604251,0.015840595948964503,0.0
James White,RB,NE,7.5646448683922696,4900.0,0.47536175481722581,0.2761447640086625,0.12280870985993879,0.067618949262917505,0.028144985734079451,0.012503624557867158,0.017417211759308899,0.0
Ryan Mathews,RB,PHI,7.2720550335499885,6100.0,0.5304622838699834,0.22546948281013296,0.1235302293688261,0.060132445034068484,0.028530936063235951,0.013216708494891018,0.018657914358862743,0.0
Spencer Ware,RB,KC,7.0534187203790966,5400.0,0.53171958502656003,0.23570553934443322,0.12207442846677174,0.067891099650410444,0.016064761368414639,0.0064285377061419659,0.020116048437268119,0.0
Mike Tolbert,RB,CAR,6.6331724419849456,4900.0,0.57684023377286342,0.22451470517727176,0.099906939704129408,0.058256228052694176,0.011953003821112586,0.0038083847990745576,0.024720504672854277,0.0
Denard Robinson,RB,JAC,6.5931382050672029,5200.0,0.58565886819941593,0.19620036928574702,0.11140440816577241,0.065336548961711413,0.024642757721538368,0.0025886881352908194,0.014168359530524147,0.0
Shane Vereen,RB,NYG,6.5720238156218942,5300.0,0.53052932849721468,0.28495513312338427,0.07805901676190348,0.079513301199210143,0.014656540426731658,0.002465259181655498,0.0098214208099004913,0.0
Terrance West,RB,BAL,6.5331797555962439,4700.0,0.59617501542392248,0.20538915006880226,0.098420760201126709,0.056391842788767799,0.01788225886429293,0.0024104036135690582,0.023330569039518877,0.0
Mike Davis,RB,SF,6.2952688532463918,4500.0,0.61410180827035132,0.20297173885398634,0.11393255727978785,0.027451379552417561,0.0074750196399252936,0.0036506844027957967,0.030416812000735909,0.0
Fitzgerald Toussaint,RB,PIT,5.8981125098809652,4600.0,0.6291543655790871,0.21164449960527365,0.10071125593873834,0.01895080239524196,0.016809915774639535,0.0035174162576457725,0.019211744449373819,0.0
Jonathan Grimes,RB,HOU,5.8951149269965137,4500.0,0.6565717760536709,0.18109945724766144,0.076369213813151218,0.051468961564805758,0.012352711109156644,0.0016858999872026784,0.020451980224351022,0.0
Andre Ellington,RB,ARI,5.8284160748887661,4800.0,0.65095892298733105,0.20247512249937133,0.071125958336577297,0.02988252205873957,0.023689864037885595,0.0037268746954346294,0.018140735384660493,0.0
Thomas Rawls,RB,SEA,5.6952379733919463,7400.0,0.73026841219870886,0.10359478914466341,0.10022675959313354,0.018490817105814128,0.0043533914151068706,0.011876419438088965,0.031189411104483734,0.0
Bilal Powell,RB,NYJ,5.6512232871403327,5500.0,0.68746248833456347,0.17221862855903361,0.058513193627738956,0.038768524242670258,0.018732437280967823,0.0054776079639975873,0.018827119991028436,0.0
Ka'Deem Carey,RB,CHI,5.62552311034207,4800.0,0.70510463750883412,0.14555963415492468,0.079019206003021494,0.026774231610439892,0.014531587131974439,0.0036746938613365257,0.025336009729468683,0.0
LeSean McCoy,RB,BUF,5.6082306955496213,6900.0,0.74786367346875038,0.096675482121384118,0.088562006283514863,0.017483371265974424,0.0033163489949071556,0.01167542098772598,0.034423696877742903,0.0
Mark Ingram,RB,NO,5.5238059296834114,7300.0,0.72572666709840072,0.12159916891462257,0.089043183642144516,0.022961561280971255,0.006168681513848381,0.0084923694904113674,0.026008368059601012,0.0
Benny Cunningham,RB,LARM,5.4111829128309026,4900.0,0.7035451301354787,0.16955109792509557,0.06209472143338212,0.02856605769955544,0.012004599490375224,0.0018467238937178204,0.022391669422394549,0.0
Jonathan Stewart,RB,CAR,5.3754814458013875,6400.0,0.77081539814174982,0.091465775477317046,0.070382173653027874,0.019724807307317231,0.0030285590045721709,0.012142568844958186,0.032440717571057452,0.0
Carlos Hyde,RB,SF,5.3746511602332525,6200.0,0.77017671970260815,0.098807118804321817,0.061774418018445514,0.021422130856020495,0.003357126768273789,0.0094178536419102492,0.035044632208419975,0.0
T.J. Yeldon,RB,JAC,5.3650896468358473,6100.0,0.76925105246618308,0.10159371141749302,0.066262087823179536,0.016481179303491012,0.0030899863497726183,0.0029975521103122408,0.040324430529568141,0.0
Ezekiel Elliott,RB,DAL,5.3261216194767975,7900.0,0.74087207599828719,0.10560018090371795,0.10057390002704424,0.017002211922375891,0.004056667934262276,0.010716150306436842,0.0211788129078757,0.0
Arian Foster,RB,MIA,5.2497161029738759,6500.0,0.77785860816061925,0.089557865891475297,0.068733825870943441,0.018859973271714257,0.003130211656283746,0.012179941298085138,0.029679573850878434,0.0
Justin Forsett,RB,DET,5.1062915241018327,6900.0,0.75997715571264957,0.10285604782988733,0.089281161399602654,0.015030855407690322,0.0028220174205672139,0.0078357708043228606,0.022196991425279956,0.0
Robert Turbin,RB,IND,5.094560017196196,4900.0,0.72354461483611121,0.17031066500575159,0.054951977527081482,0.020935230139566687,0.00574818443662927,0.0042744514283199961,0.020234876626539642,0.0
Kyle Juszczyk,RB,BAL,5.0507206329674084,4500.0,0.64998652041728877,0.27239954513357451,0.040576411218651368,0.021110297325123366,0.0037269021949301994,0.00063256390019548201,0.011567759810236316,0.0
Kenjon Barner,RB,PHI,4.9614849951414817,4600.0,0.75316754446890055,0.16071262036734782,0.037155177962168363,0.0143634538402167,0.0041142576434961449,0.00029234434945781543,0.030194601368413475,0.0
Chris Thompson,RB,WAS,4.9596809998842639,4900.0,0.72131658791200515,0.16864686361184228,0.063099912072008157,0.02503455896141623,0.007694237808787135,0.00076138234601424255,0.013446457287927021,0.0
Damien Williams,RB,MIA,4.8660593089108044,4600.0,0.75289689730801956,0.15259008684445335,0.043503414198938557,0.025190367870208244,0.0035793116442774547,0.00055526501304831188,0.021684657121054499,0.0
LeGarrette Blount,RB,NE,4.7817188488098692,6000.0,0.80304769035993528,0.085620915592172178,0.063950743587093031,0.015117720511352007,0.0030049271926614446,0.0031523474854614811,0.026105655271324111,0.0
Chris Johnson,RB,ARI,4.7060007729288023,6000.0,0.81919256174048805,0.074103631476045165,0.060095946894314432,0.012666228573227557,0.0028183210435897433,0.0031125715620862046,0.028010738710248329,0.0
John Kuhn,RB,NO,4.6774133471699093,4500.0,0.79396972320190706,0.12325504400252384,0.034257138786391056,0.016226757118890059,0.0054424147380685078,0.00083638429312614436,0.026012537859092522,0.0
Melvin Gordon,RB,SD,4.586295910903865,5700.0,0.82178036267409649,0.078304732191473603,0.054985625172840176,0.014930853615559313,0.0029451569034835532,0.0022908267956964078,0.024762442646850017,0.0
Matt Jones,RB,WAS,4.5138910139634483,6000.0,0.81584183886904416,0.084601261140151471,0.056384860117210937,0.017435567273550407,0.0033715617142347633,0.0038384320114842724,0.018526478874323793,0.0
Malcolm Brown,RB,LARM,4.3570656228335327,0.0,0.80416131628363152,0.13875864145014469,0.02165457637825751,0.010261109321250544,0.0017631844982479027,0.00039890269449510424,0.023002269373973504,0.0
Fozzy Whittaker,RB,CAR,4.2932938227845847,4800.0,0.83290070351673473,0.086669826640224837,0.040120687165975409,0.015293623990689172,0.0058958182631924736,0.0013281961271901972,0.017791144295992781,0.0
Antonio Andrews,RB,TEN,4.2148008352684876,4800.0,0.82895049741926941,0.099123283233162399,0.036968780341293778,0.012960131353289713,0.0044519695233998999,0.00055576457188368682,0.016989573557701552,0.0
Matt Asiata,RB,MIN,3.9749321716656834,4800.0,0.85783040783983167,0.080996262761449014,0.027899438834286645,0.013989739378903819,0.0030657631007246378,0.0009736661251450498,0.015244721959658378,0.0
Derrick Henry,RB,TEN,3.9294380648307543,5400.0,0.8790045867189753,0.061451190546143557,0.026641667666970334,0.010116056246347324,0.0022643505411878533,0.0010976317601106176,0.019424516520264664,0.0
Orleans Darkwa,RB,NYG,3.809815469919053,4500.0,0.86695449763303412,0.079146397882244479,0.028124917662645989,0.0097619047778454756,0.0024197957361566935,0.00049946500290832217,0.013093021305164529,0.0
Tevin Coleman,RB,ATL,3.7072571662675431,5200.0,0.88861233469366008,0.064210087159883342,0.019570298406583395,0.0098291259937982739,0.0022950421482654825,0.00080468178650592952,0.014678429811303417,0.0
Jamize Olawale,RB,OAK,3.6428617791863402,4500.0,0.89009213555348909,0.069936944260128822,0.018262506309000247,0.0048076974783234482,0.00072005129822817738,0.00024481454942602057,0.015935850551403969,0.0
Michael Burton,RB,DET,3.5822568283780893,4500.0,0.90259467775155133,0.059218377868213434,0.017276099683825544,0.0033307693135956962,0.00045469301249053063,0.00029685130539898978,0.01682853106492449,0.0
Zach Line,RB,MIN,3.5711913032339981,4500.0,0.89326210361355929,0.066271100253377083,0.020153283970968973,0.0056225343733768748,0.0017093443920713628,0.00028333687675883342,0.01269829651988829,0.0
Jalen Richard,RB,OAK,3.5459544492074517,0.0,0.90095058499926239,0.064740411367962505,0.01546612420221615,0.0019617470137993096,0.00053469171678026026,0.00050509492619540118,0.015841345773784501,0.0
Keith Smith,RB,DAL,3.530310922281338,0.0,0.90315637499912926,0.062202067327157697,0.015932516523567745,0.0021434328429675471,0.00051979676302621447,0.00054145102401362028,0.015504360520138268,0.0
Devontae Booker,RB,DEN,3.5219566369282345,5000.0,0.9076332254000854,0.053526276599827699,0.015986960658673631,0.007536936148643006,0.00099168698324741803,0.00053224618156267212,0.01379266802796,0.0
Shaun Draughn,RB,SF,3.5019351621083836,4800.0,0.90791096356896517,0.053727276434266343,0.016489148336872855,0.0071080356750297096,0.0011211087860556832,0.00053974643194320117,0.013103720766867192,0.0
C.J. Prosise,RB,SEA,3.4735359068526703,4900.0,0.90829553695703746,0.054452370747330649,0.016229320990571557,0.0073851295087719203,0.00093130127406184661,0.00045042558331433424,0.012255914938911658,0.0
Kenyan Drake,RB,MIA,3.4605382935188058,4900.0,0.91010840677727567,0.052579912365777505,0.016568023304233258,0.0072678862971795833,0.00092919127459635857,0.00045432942433192789,0.012092250556605167,0.0
Jordan Todman,RB,IND,3.4588397860026787,4800.0,0.90867516438380014,0.055213915807092048,0.015601026866025733,0.0070237427920550087,0.0010012038588441787,0.00058413803289392933,0.011900808259289341,0.0
DeAndre Washington,RB,OAK,3.4344959631378518,4700.0,0.91145926102062857,0.054239942640405922,0.01547079395995091,0.0049343424734287471,0.0010224847342234157,0.00056729526918453111,0.012305879902178416,0.0
Reggie Bush,RB,BUF,3.427734249819177,0.0,0.91429929961311185,0.055244226342883604,0.013086334572736389,0.0020545370262119887,0.000390385272296162,0.00040607287685410614,0.014519144295905844,0.0
Wendell Smallwood,RB,PHI,3.3966016498645732,4500.0,0.92637360120645262,0.041841329067717738,0.012885825774911385,0.0023973645746654362,0.00069996179277133071,0.0006647038882286266,0.015137213695253669,0.0
Josh Ferguson,RB,IND,3.3956548949901784,4500.0,0.92658948006122066,0.041683613634879768,0.012801629870084765,0.0024110332860654339,0.00069109261317044392,0.00066922877510645472,0.015153921759473173,0.0
Taiwan Jones,RB,OAK,3.3949545551644373,4500.0,0.9209955359829366,0.047406697767289833,0.013067296983171302,0.0030608167359513377,0.0012830080953072575,0.00071870141304116277,0.013467943022302491,0.0
Lance Dunbar,RB,DAL,3.3947618245866371,4600.0,0.92591686819974361,0.042243599081477894,0.012981992663659275,0.0026348345796085599,0.00064122829080107168,0.00066949206274409751,0.014911985121966178,0.0
Daryl Richardson,RB,PIT,3.3934553894538895,4500.0,0.92679704812538166,0.041540494172711308,0.012770445772968471,0.002407730638746559,0.00070570891920811239,0.0006647038882286266,0.015113868482755992,0.0
Marcus Murphy,RB,NO,3.3930212550380041,4500.0,0.92629878841495294,0.042242643963494107,0.012683348934886441,0.0023686273987804244,0.00070383098493581196,0.00066282595395632618,0.015039934348994949,0.0
Patrick DiMarco,RB,ATL,3.3908533685678028,4500.0,0.91886712928688485,0.051322594872868027,0.012336372728251036,0.0028136822173082349,0.00044506105130122787,0.00029633096996553251,0.013918828873420526,0.0
Bobby Rainey,RB,NYG,3.3865511642087234,4600.0,0.92200893420911434,0.044711188692424526,0.015584285936441771,0.0031754827169516008,0.0006521528833175153,0.0005641990393759176,0.013303756522374212,0.0
Jalston Fowler,RB,TEN,3.375162388385117,4500.0,0.92914063861341767,0.039728045553386139,0.012537380141461505,0.0023480889980708858,0.00057273166237479644,0.00065384633758521014,0.015019268693704025,0.0
Ty Montgomery,RB,GB,3.3751005824104814,4500.0,0.92908166110224388,0.039833566417394058,0.012570487375851277,0.0022270552571296417,0.00061430231625553625,0.00064455245048762263,0.015028375080638501,0.0
Aaron Ripkowski,RB,GB,3.3751005824104814,4500.0,0.92908166110224388,0.039833566417394058,0.012570487375851277,0.0022270552571296417,0.00061430231625553625,0.00064455245048762263,0.015028375080638501,0.0
Chase Reynolds,RB,LARM,3.3747663429497758,4500.0,0.92925793510885535,0.039617235355139502,0.012513068185790429,0.0023657263678264059,0.00056620940323858393,0.00064732407844899753,0.015032501500700955,0.0
Dwayne Washington,RB,DET,3.370063468045406,4500.0,0.92844400571849328,0.039907040771592177,0.013554506392500089,0.0023473325944075372,0.00062500852035765554,0.00055938721959199991,0.014562718783057737,0.0
Malcolm Johnson,RB,CLE,3.3318421979908441,4500.0,0.93414377995327502,0.03743199327271244,0.010132511182387545,0.0024355753680682783,0.00042064926050905182,0.0004323936302477464,0.015003097332800214,0.0
Rex Burkhead,RB,CIN,3.3231284353548274,4500.0,0.92011155462860594,0.05238532716093551,0.01040540099093018,0.0047323072498398136,0.001083329568009948,0.00028946980286798481,0.010992610598810817,0.0
Tyler Ervin,RB,HOU,3.3206462460471049,4500.0,0.93543564121195344,0.036102101583741351,0.010246865201413251,0.0025939479990683824,0.00044063854628667532,0.00045747762232695876,0.014723327835210192,0.0
Jay Prosch,RB,HOU,3.3206462460471049,4500.0,0.93543564121195344,0.036102101583741351,0.010246865201413251,0.0025939479990683824,0.00044063854628667532,0.00045747762232695876,0.014723327835210192,0.0
Knile Davis,RB,KC,3.3190106506424319,4500.0,0.93234390625714869,0.038814032238682107,0.011461040685957677,0.0024508529061260352,0.00054890304877613851,0.00064025067140210089,0.013741014191907061,0.0
Andy Janovich,RB,DEN,3.3163668976676348,4500.0,0.93591074093442106,0.035865023509505198,0.010159618175780021,0.0024582178872067525,0.00042682636836985474,0.00044004318220097229,0.014739529942516472,0.0
Kapri Bibbs,RB,DEN,3.3163668976676348,4500.0,0.93591074093442106,0.035865023509505198,0.010159618175780021,0.0024582178872067525,0.00042682636836985474,0.00044004318220097229,0.014739529942516472,0.0
James Develin,RB,NE,3.310965731116025,4500.0,0.93510567942030809,0.036712531243928266,0.01050471467556984,0.0024495131359040766,0.00045951505018991924,0.00047181070799068764,0.014296235766109461,0.0
Corey Grant,RB,JAC,3.3076539754993495,4500.0,0.93584565328396729,0.03622058562629165,0.010206182403415759,0.0024605312037181775,0.00042548946997413283,0.00043722260428002779,0.014404335408353126,0.0
Ryan Hewitt,RB,CIN,3.2483558339280627,4500.0,0.93570631037978225,0.037899545161446495,0.010901843985540633,0.0024875590044972419,0.00053640083903200883,0.00045637387306496862,0.012011966756636903,0.0
