name,pos,team,expectation,salary,prob_0_5,prob_5_10,prob_10_15,prob_15_20,prob_20_25,prob_25_30,prob_30+,label
Jordan Reed,TE,WAS,10.257329860710866,7400.0,0.26182044840031121,0.31979520513945559,0.19461209319303269,0.11700060794488548,0.05080111681965413,0.050378763842613437,0.0055917646600479511,1.0
Greg Olsen,TE,CAR,8.9782431870081929,7500.0,0.34851114883979095,0.27658096645898306,0.20918444213180998,0.10080852264739699,0.04058603856397551,0.014805776230896132,0.0095231051271479315,0.0
Gary Barnidge,TE,CLE,8.6773316554291586,6300.0,0.36995405020646088,0.21734333895637459,0.2761712268133753,0.10146058063343096,0.020136538876896159,0.010813385495116089,0.0041208790183459437,0.0
Antonio Gates,TE,SD,8.6166459375476769,6200.0,0.36760938199091431,0.29708229471721548,0.18202937526193769,0.091766083512007129,0.028170476192963038,0.028345024767788322,0.004997363557173797,0.0
Delanie Walker,TE,TEN,8.5577183489918394,6500.0,0.36597978637420692,0.27620226029862899,0.20628348506005281,0.10795223773494991,0.023340816380299098,0.017343154222346994,0.0028982599295156951,0.0
Austin Seferian-Jenkins,TE,NYJ,8.4989956280643923,5400.0,0.35299934301591629,0.30068601019146785,0.2081065515531218,0.090875934313077236,0.029496897951476652,0.015763061178051527,0.0020722017968879355,0.0
Travis Kelce,TE,KC,8.2799913212853102,6400.0,0.40665201824732827,0.25541114511250729,0.1881247797095694,0.097960714121452366,0.032291456303106626,0.017233113427068337,0.0023267730789678105,0.0
Will Tye,TE,NYG,7.9777808241049737,5200.0,0.39920138323206855,0.2963076007654159,0.18693733552129632,0.070714154711875199,0.026662785750960056,0.016379016163984895,0.003797723854399341,0.0
Jason Witten,TE,DAL,7.7808248429372897,5500.0,0.37179831268992325,0.35256934300833043,0.16909139426791558,0.076392286262051481,0.018804465364218512,0.0084794485659186597,0.0028647498416422179,0.0
Zach Ertz,TE,PHI,7.6916487078429467,5700.0,0.39869114471669365,0.33386574605560432,0.15063098110386461,0.08148021592848198,0.021643933790445886,0.011190806182591119,0.0024971722223185652,0.0
Julius Thomas,TE,JAC,7.3267709678204662,5800.0,0.46269251347371182,0.25575044386101842,0.18672775752386347,0.060362419858021966,0.02142359675876071,0.010276438242541852,0.0027668302820815622,0.0
Eric Ebron,TE,DET,7.2015175862904979,5100.0,0.45836923406916513,0.2955703832721599,0.15228386268318661,0.056307369352623954,0.018155653028956633,0.01794469727635481,0.0013688003175529166,0.0
Tyler Kroft,TE,CIN,6.9279628429306586,4900.0,0.51398031371089425,0.22879496753752793,0.16231967973637379,0.070314976966192891,0.010500775369337531,0.0082467694786345792,0.0058425172010391664,0.0
Brent Celek,TE,PHI,6.7609673137258621,4900.0,0.47970623042300281,0.31233806478891524,0.1278485515460811,0.049095077301469406,0.02094579327588025,0.0082272983093810599,0.0018389843552707717,0.0
Coby Fleener,TE,NO,6.7512515833190463,5400.0,0.50051590528246448,0.26733167517033996,0.1494361059131917,0.060186056840530217,0.013289099571499719,0.0064904407222252164,0.0027507164997492253,0.0
Zach Miller,TE,CHI,6.6121092462035058,5300.0,0.52972875576984479,0.24875474956967489,0.13455854364716488,0.057824772850013001,0.019314838187826252,0.0066685791768290809,0.0031497607986472453,0.0
Jacob Tamme,TE,ATL,6.5375589366909947,5000.0,0.50327906261383992,0.29007354328973078,0.13322403057866791,0.054108987915377847,0.011105356253131205,0.0060778877584436921,0.0021311315908085571,0.0
Richard Rodgers,TE,GB,6.4307047140123847,4800.0,0.5652612339700116,0.2323356866774951,0.10644785040148942,0.064616999381390927,0.018625068610672004,0.006718175665315706,0.0059949852936251958,0.0
Maxx Williams,TE,BAL,6.1135655954925214,4800.0,0.54628550811422361,0.28402531364514705,0.10709452048171884,0.039669488833508904,0.012799486468871642,0.0076830559023609744,0.0024426265541694077,0.0
Clive Walford,TE,OAK,5.9765789172289248,4700.0,0.57979805328445222,0.24801415357101006,0.10505613134400385,0.042860225279134682,0.015543118226258456,0.0068652336493919266,0.0018630846457492025,0.0
Kyle Rudolph,TE,MIN,5.9274290638586509,5300.0,0.62051810094315341,0.19037278061025714,0.10641912917865905,0.0604921049496005,0.016101563096886165,0.0021559209143840598,0.0039404003070597562,0.0
Cameron Brate,TE,TB,5.8518958995484667,4600.0,0.59392404177648972,0.23107268935653766,0.11519312502116962,0.036844512148175683,0.018757198318404226,0.0026646041148483887,0.0015438292643739765,0.0
Ryan Griffin,TE,HOU,5.811262622421534,4700.0,0.60468783880856936,0.2307908382779067,0.10230964054029791,0.035533228470608517,0.017016013858608958,0.0070847973376736472,0.0025776427063345765,0.0
Vance McDonald,TE,SF,5.7798894136862851,4700.0,0.57304904796082512,0.27647685225262947,0.09428185982588376,0.041533648861183846,0.0093172679133087175,0.0037675387426837196,0.0015737844434853903,0.0
Lance Kendricks,TE,LARM,5.6897178109528195,4700.0,0.59467374435740028,0.26572351096612296,0.085563472947518898,0.03411537603799282,0.0086164970655761078,0.0061447347412725041,0.0051626638841165782,0.0
Darren Fells,TE,ARI,5.4813702854337469,4700.0,0.64667662593678399,0.22216701607884401,0.072586936448682998,0.030873017922015453,0.014592715994962455,0.0048204794379861395,0.0082832081807249942,0.0
Marcedes Lewis,TE,JAC,5.3114291006872865,4600.0,0.66700390103475604,0.18368902351438909,0.099745745496445451,0.030678938476829874,0.011388230350798362,0.0047976523517238119,0.0026965087750576845,0.0
Jordan Cameron,TE,MIA,5.1874080758635017,5000.0,0.66036639881735404,0.20884199103226841,0.080508845939711443,0.039632092099904447,0.0066038944099026352,0.0026626511559330072,0.0013841265449261618,0.0
Jared Cook,TE,GB,5.068037895409895,5300.0,0.67472184565830806,0.20032918717922879,0.081644874518061114,0.032457031914303144,0.0053905831606796649,0.0029412598134810832,0.0025152177559376499,0.0
Vernon Davis,TE,WAS,4.8672153732318915,4800.0,0.72480342809782239,0.15862854250426159,0.070255859565913764,0.028864596599115493,0.008168199709730331,0.0035198023509974826,0.0057595711721590455,0.0
Dwayne Allen,TE,IND,4.7051783166137202,5500.0,0.77574117041313917,0.11085516649564696,0.055083883945665726,0.041719612805029838,0.0025958924151831412,0.0043716397698206882,0.0096326341555138823,0.0
Luke Stocker,TE,TB,4.4702438878212103,4500.0,0.75975719236121264,0.14457783287320833,0.064901843359272765,0.015624278162329003,0.0083034565294160447,0.0032329875178732136,0.0036024091966878596,0.0
Dion Sims,TE,MIA,4.4355349290608634,4600.0,0.74992774371247994,0.16117666429653588,0.053823056922921886,0.026640283203549206,0.005493013085102607,0.0018091642316257275,0.0011300745477855322,0.0
Jimmy Graham,TE,SEA,4.3865588940890063,6100.0,0.81037336478772715,0.086810534759264202,0.041665768873303477,0.051461296466746721,0.0030244952268852245,0.0017544488368829796,0.0049100910491898945,0.0
Nick O'Leary,TE,BUF,4.3366831622396074,4600.0,0.79512469005532671,0.12245289629600863,0.040382420010912912,0.020707427290089658,0.011008164218321017,0.0060964376361228633,0.0042279644932184043,0.0
Luke Willson,TE,SEA,4.1275080249734737,4800.0,0.819102590735583,0.097761224973825875,0.049660380210288228,0.019464296382592287,0.0072479426166908324,0.0019521420272521624,0.0048114230537678968,0.0
Jermaine Gresham,TE,ARI,4.0535570321441092,4500.0,0.79965515803495091,0.12723155316247661,0.050690840154467523,0.012938456293254103,0.0064897177063582626,0.0014259013086624511,0.0015683733398310837,0.0
Blake Bell,TE,SF,3.9328422925818689,4500.0,0.81389525839643273,0.1134040122920697,0.057220768829437725,0.0090127023366412973,0.0034133958255561122,0.0012125912172162754,0.0018412711026460104,0.0
Anthony Fasano,TE,TEN,3.8376558693850638,4500.0,0.83335445810148134,0.10220102220108551,0.042041078740816133,0.015220937279358348,0.0026681089038571716,0.0029538795242116099,0.0015605152491897614,0.0
Ed Dickson,TE,CAR,3.5204602862256182,4500.0,0.87666793718949609,0.076380128567510142,0.028822002110094815,0.011076735898094294,0.0019155400736361838,0.0028128057193347504,0.0023248504418341863,0.0
Virgil Green,TE,DEN,3.4873347397419887,4600.0,0.86750703925921779,0.086698887138330141,0.034436749459368483,0.0078343524497391567,0.0014201841806447506,0.0006382340086766332,0.001464553504023225,0.0
Martellus Bennett,TE,NE,3.4405659390748564,5100.0,0.88681557826879209,0.069659363361575674,0.028172432262943855,0.0086366162657286263,0.002311986613873114,0.0011166575341547175,0.0032873656929317055,0.0
Demetrius Harris,TE,KC,3.41883110375207,4500.0,0.87659946787355558,0.082270758807164862,0.029517269053335682,0.0080516430831580679,0.0013543306382387532,0.00096918433694123782,0.0012373462076064642,0.0
Lee Smith,TE,OAK,3.3898582159729229,4500.0,0.87317398016414727,0.092463680122877936,0.025521788453646058,0.0055466652176396477,0.0010842122482233329,0.00058355875928462364,0.0016261150341813685,0.0
Josh Hill,TE,NO,3.3772593447190746,4500.0,0.88035312002952171,0.08032674458822274,0.030238191070915531,0.0058753138879658919,0.0011680014854013392,0.00060019565904452607,0.0014384332789284973,0.0
Cory Harkey,TE,LARM,3.376738746709703,4500.0,0.87200396443353134,0.094971675378530684,0.024552775676098773,0.0060889564775085843,0.00072831237636008204,0.00044176540237491355,0.001212550255595621,0.0
C.J. Fiedorowicz,TE,HOU,3.3735796533089917,4500.0,0.88370585817519298,0.07548482883452913,0.029603585899307838,0.0080956140924804861,0.0014279695697847973,0.00060581520966824067,0.001076328219035725,0.0
Jim Dray,TE,BUF,3.3559150667711308,4500.0,0.89046384153061842,0.068988633978737848,0.027006232576249171,0.010146401306017206,0.0015420784579507144,0.00031258833642644235,0.0015402238140004834,0.0
Charles Clay,TE,BUF,3.3495338728789865,5000.0,0.89478715155185662,0.067706997289992576,0.024737519447003215,0.0070247491009032244,0.0016685124045649595,0.001007676577389427,0.0030673936282895192,0.0
Dennis Pitta,TE,BAL,3.3449614581593017,4900.0,0.89286975103424249,0.069894035277705394,0.025159714109050726,0.0066449930431460216,0.0018858968700983384,0.0011641342007968939,0.0023814754649596659,0.0
Crockett Gillmore,TE,BAL,3.3449614581593017,4900.0,0.89286975103424249,0.069894035277705394,0.025159714109050726,0.0066449930431460216,0.0018858968700983384,0.0011641342007968939,0.0023814754649596659,0.0
Larry Donnell,TE,NYG,3.3284889387257772,4900.0,0.8995357856144558,0.063396850942947364,0.022838904582079669,0.0083601777627128945,0.0019685482934252993,0.001119908034834008,0.0027798247695444743,0.0
David Johnson,TE,PIT,3.3161615435355531,4500.0,0.89217026952215817,0.06400302868498893,0.039069946171650001,0.0021869708348187132,0.00057632676496369888,0.0004895393498116897,0.001503918671608113,0.0
Levine Toilolo,TE,ATL,3.2606868403732001,4600.0,0.8907604797017068,0.080356311113075396,0.02194207355494417,0.0041291905389796626,0.00071147833622029041,0.00065973934541458876,0.0014407274096589562,0.0
Niles Paul,TE,WAS,3.2309306337704147,4700.0,0.90539899170115712,0.06387711617910713,0.020620208169366515,0.0054216885153020571,0.0016962495806184062,0.00092587845736826055,0.0020598673970802792,0.0
Jesse James,TE,PIT,3.1957255011967725,4500.0,0.9152086409659359,0.055314558912066748,0.021456314882188986,0.0024098265570097772,0.00065040092401121615,0.00076989815752105271,0.0041903596012662012,0.0
Kellen Davis,TE,NYJ,3.1788299344353841,4600.0,0.90757101295061271,0.065084188070547416,0.019891424694490664,0.0038667124828366609,0.001293141047059801,0.00052109140876310507,0.0017724293456897482,0.0
Gavin Escobar,TE,DAL,3.1570400901406481,4500.0,0.90710145962016775,0.072682875393447879,0.013787136040486302,0.0020816094186645352,0.00062665926951154644,0.0011881909703495039,0.0025320692873725837,0.0
Troy Niklas,TE,ARI,3.1518781887494005,4500.0,0.91023409693155333,0.061303546947082746,0.022780196129185883,0.0030325272105154069,0.0008424612606769623,0.00046822867749079827,0.0013389428434950142,0.0
Justin Perillo,TE,GB,3.120073505387833,4600.0,0.9173183709111804,0.057630339005225698,0.017754757934899116,0.0038360186375987863,0.00097265238504713476,0.00046327771317208129,0.0020245834128765406,0.0
Jack Doyle,TE,IND,3.0876659018500456,4500.0,0.91534160613854498,0.061842415708932029,0.017414717727269307,0.0035333909485659185,0.00057147109035005756,0.00030087834116424375,0.00099552004517228124,0.0
Tyler Higbee,TE,LARM,3.0183502980235732,0.0,0.92904358770055639,0.052633982828657215,0.012958045917364335,0.0020971885870650665,0.00062585072336108463,0.00056248086185442243,0.002078863381141102,0.0
Cole Wick,TE,DET,3.0072069964232169,0.0,0.93175539461915247,0.049846369865825184,0.012976684358122563,0.0020720500530309743,0.00060389156842266512,0.00055767847373726603,0.0021879310617082233,0.0
Stephen Anderson,TE,HOU,2.9973528611877804,0.0,0.93303761020007592,0.048776717017269752,0.012882872296655733,0.0020721579929464614,0.00058894370917014446,0.00054345352251668753,0.0020982452613648524,0.0
Rhett Ellison,TE,MIN,2.9940127499473737,4500.0,0.93257625542430955,0.048533685707549741,0.012375870965558771,0.004205194384830295,0.00061299845342476119,0.00038294835700486608,0.0013130467073220299,0.0
Phillip Supernaw,TE,TEN,2.9938864049434435,4500.0,0.93053630276277077,0.051434747847006634,0.013269804283310383,0.0021355772959262419,0.00078420511813142332,0.00046432352586102258,0.0013750391669926513,0.0
Logan Paulsen,TE,CHI,2.9897743478745684,4500.0,0.93267218212745873,0.049294769413333682,0.013079996570669775,0.0020874192132058953,0.00060714688747529294,0.00058059719356237964,0.0016778885942938279,0.0
James O'Shaughnessy,TE,KC,2.9895892247710312,4500.0,0.93281554432417513,0.049181196019412177,0.013042284655921854,0.0020587019135423707,0.00060820378542366207,0.00057886114618659046,0.0017152081553378272,0.0
Brandon Bostick,TE,NYJ,2.9894736962135746,4500.0,0.93270828942925066,0.049249176194093136,0.01309895751860209,0.0020890688566961462,0.00060378505213440445,0.00057626529143889717,0.0016744576577841935,0.0
Marqueis Gray,TE,MIA,2.9889658795255314,4500.0,0.93284273890822489,0.049202329135231739,0.012973521424059619,0.0021061106053427629,0.00058800201859436304,0.00059598158280069571,0.0016913163257455757,0.0
Brandon Myers,TE,TB,2.9852098262655686,4500.0,0.93329150894763924,0.048815249633117196,0.01299342867491284,0.0020761923361315936,0.00060191723531903259,0.00055830553547811404,0.0016633976374014784,0.0
Geoff Swaim,TE,DAL,2.9848505441562065,4500.0,0.93302952009115003,0.048740325889497643,0.013191517930414129,0.0021703134882196883,0.0010512126335184596,0.00045350580308041086,0.0013636041641200414,0.0
C.J. Uzomah,TE,CIN,2.9847583281908765,4500.0,0.93326746503819769,0.048933737757803235,0.012918150781835053,0.0020609645500070154,0.00060476276563178183,0.00054486172550489802,0.0016700573810199213,0.0
Austin Hooper,TE,ATL,2.9828692698990333,4500.0,0.93362660663473029,0.048824702486079889,0.012595021605355774,0.0021070453405453377,0.00057602158315655876,0.00055001956473490403,0.001720582785396721,0.0
Scott Simonson,TE,CAR,2.9826983198111576,4500.0,0.93333884618613616,0.049220719520540669,0.012559716797543181,0.0020858576170551413,0.00055493791355958652,0.00055820428824661481,0.0016817176769181449,0.0
Hunter Henry,TE,SD,2.9822238419050882,4500.0,0.93378272339159218,0.048539533060730437,0.012768114374475874,0.0020687765832715639,0.00059497049404655974,0.00054362585193591868,0.0017022562439469441,0.0
Sean McGrath,TE,SD,2.9822238419050882,4500.0,0.93378272339159218,0.048539533060730437,0.012768114374475874,0.0020687765832715639,0.00059497049404655974,0.00054362585193591868,0.0017022562439469441,0.0
Brandon Williams,TE,SEA,2.9787261867254511,4500.0,0.93413289875716132,0.048120699854728194,0.012969215965322313,0.0020396311493944145,0.00056665142986441245,0.00054017472723994397,0.001630728116288781,0.0
Garrett Celek,TE,SF,2.9764330973871282,4500.0,0.93447525524616715,0.04781496515097694,0.01293040440998171,0.0020770213073387795,0.00056153076699042449,0.00052112783602098326,0.0016196952825234721,0.0
