name,pos,team,expectation,salary,prob_0_5,prob_5_10,prob_10_15,prob_15_20,prob_20_25,prob_25_30,prob_30+,label
Russell Wilson,QB,SEA,19.357142857142858,8400.0,0.047142857142857146,0.12,0.15571428571428572,0.21857142857142858,0.21428571428571427,0.10714285714285714,0.13714285714285715,3.0
Tyrod Taylor,QB,BUF,18.582142857142859,6900.0,0.087142857142857147,0.089999999999999997,0.19714285714285715,0.22285714285714286,0.16714285714285715,0.091428571428571428,0.14428571428571429,3.0
Cam Newton,QB,CAR,18.571428571428573,9000.0,0.041428571428571426,0.11142857142857143,0.20999999999999999,0.24285714285714285,0.19285714285714287,0.084285714285714283,0.11714285714285715,3.0
Drew Brees,QB,NO,18.489285714285714,9200.0,0.052857142857142859,0.074285714285714288,0.23428571428571429,0.23857142857142857,0.1957142857142857,0.11428571428571428,0.089999999999999997,3.0
Ben Roethlisberger,QB,PIT,18.074999999999999,8300.0,0.07857142857142857,0.097142857142857142,0.18857142857142858,0.23999999999999999,0.20571428571428571,0.091428571428571428,0.098571428571428574,3.0
Carson Palmer,QB,ARI,17.985714285714288,8200.0,0.048571428571428571,0.1357142857142857,0.17857142857142858,0.25285714285714284,0.20428571428571429,0.094285714285714292,0.085714285714285715,3.0
Kirk Cousins,QB,WAS,17.921428571428571,7800.0,0.064285714285714279,0.11857142857142858,0.18142857142857144,0.26142857142857145,0.18571428571428572,0.10000000000000001,0.088571428571428565,3.0
Derek Carr,QB,OAK,17.735714285714284,8300.0,0.038571428571428569,0.11571428571428571,0.21857142857142858,0.27285714285714285,0.19428571428571428,0.094285714285714292,0.065714285714285711,3.0
Matt Ryan,QB,ATL,17.732142857142858,7900.0,0.051428571428571428,0.12714285714285714,0.23000000000000001,0.22714285714285715,0.19142857142857142,0.074285714285714288,0.098571428571428574,2.0
Alex Smith,QB,KC,17.417857142857144,7000.0,0.065714285714285711,0.13428571428571429,0.20142857142857143,0.24714285714285714,0.20000000000000001,0.052857142857142859,0.098571428571428574,3.0
Matthew Stafford,QB,DET,17.271428571428569,7800.0,0.041428571428571426,0.14857142857142858,0.22,0.26428571428571429,0.17999999999999999,0.062857142857142861,0.082857142857142851,3.0
Philip Rivers,QB,SD,17.128571428571426,7700.0,0.050000000000000003,0.14000000000000001,0.20285714285714285,0.27571428571428569,0.19,0.084285714285714283,0.057142857142857141,3.0
Jay Cutler,QB,CHI,16.825000000000003,6800.0,0.047142857142857146,0.14428571428571429,0.2857142857142857,0.21857142857142858,0.14142857142857143,0.087142857142857147,0.07571428571428572,2.0
Eli Manning,QB,NYG,16.721428571428568,8100.0,0.058571428571428573,0.12285714285714286,0.25714285714285712,0.25285714285714284,0.17571428571428571,0.07857142857142857,0.054285714285714284,2.0
Ryan Tannehill,QB,MIA,16.435714285714287,6700.0,0.068571428571428575,0.11714285714285715,0.26571428571428574,0.28142857142857142,0.14000000000000001,0.06142857142857143,0.065714285714285711,3.0
Aaron Rodgers,QB,GB,16.149999999999999,8700.0,0.067142857142857143,0.14428571428571429,0.24285714285714285,0.27142857142857141,0.16285714285714287,0.059999999999999998,0.051428571428571428,3.0
Ryan Fitzpatrick,QB,NYJ,15.87857142857143,7100.0,0.06142857142857143,0.16285714285714287,0.23714285714285716,0.25428571428571428,0.19714285714285715,0.052857142857142859,0.034285714285714287,3.0
Marcus Mariota,QB,TEN,15.392857142857142,7500.0,0.22285714285714286,0.11857142857142858,0.20000000000000001,0.16142857142857142,0.11142857142857143,0.051428571428571428,0.13428571428571429,0.0
Jameis Winston,QB,TB,15.360714285714286,7600.0,0.09571428571428571,0.14999999999999999,0.29142857142857143,0.22428571428571428,0.12285714285714286,0.051428571428571428,0.064285714285714279,2.0
Blake Bortles,QB,JAC,15.007142857142856,8100.0,0.097142857142857142,0.17571428571428571,0.23999999999999999,0.24571428571428572,0.14999999999999999,0.057142857142857141,0.034285714285714287,3.0
Andy Dalton,QB,CIN,14.617857142857142,7800.0,0.21857142857142858,0.13714285714285715,0.20142857142857143,0.15714285714285714,0.14285714285714285,0.058571428571428573,0.084285714285714283,0.0
Joe Flacco,QB,BAL,14.496428571428572,7400.0,0.27571428571428569,0.10714285714285714,0.15428571428571428,0.17285714285714285,0.14142857142857143,0.044285714285714282,0.10428571428571429,0.0
Brock Osweiler,QB,HOU,13.667857142857144,7200.0,0.16714285714285715,0.19714285714285715,0.22857142857142856,0.19285714285714287,0.13714285714285715,0.032857142857142856,0.044285714285714282,2.0
Sam Bradford,QB,MIN,13.507142857142856,6800.0,0.23142857142857143,0.14142857142857143,0.23428571428571429,0.16714285714285715,0.13285714285714287,0.029999999999999999,0.062857142857142861,2.0
Blaine Gabbert,QB,SF,13.242857142857142,6200.0,0.20857142857142857,0.17142857142857143,0.23857142857142857,0.18571428571428572,0.10857142857142857,0.038571428571428569,0.048571428571428571,2.0
Andrew Luck,QB,IND,12.557142857142857,8500.0,0.30857142857142855,0.14000000000000001,0.17000000000000001,0.17857142857142858,0.09571428571428571,0.055714285714285716,0.051428571428571428,0.0
Case Keenum,QB,LARM,12.328571428571429,6600.0,0.27571428571428569,0.18714285714285714,0.20714285714285716,0.15428571428571428,0.080000000000000002,0.027142857142857142,0.068571428571428575,0.0
Brian Hoyer,QB,CHI,12.27857142857143,6000.0,0.32142857142857145,0.11857142857142858,0.18857142857142858,0.19428571428571428,0.098571428571428574,0.018571428571428572,0.059999999999999998,0.0
Matt Cassel,QB,TEN,11.374999999999998,6000.0,0.42285714285714288,0.12714285714285714,0.13857142857142857,0.10857142857142857,0.09571428571428571,0.022857142857142857,0.084285714285714283,0.0
Dak Prescott,QB,DAL,11.317857142857143,7000.0,0.5842857142857143,0.047142857142857146,0.054285714285714284,0.070000000000000007,0.06142857142857143,0.024285714285714285,0.15857142857142856,0.0
Carson Wentz,QB,PHI,11.314285714285715,6900.0,0.5128571428571429,0.068571428571428575,0.10000000000000001,0.11285714285714285,0.06142857142857143,0.018571428571428572,0.12571428571428572,0.0
Trevor Siemian,QB,DEN,11.24642857142857,6400.0,0.51142857142857145,0.058571428571428573,0.11,0.11571428571428571,0.067142857142857143,0.024285714285714285,0.11285714285714285,0.0
E.J. Manuel,QB,BUF,11.007142857142856,5000.0,0.59999999999999998,0.047142857142857146,0.057142857142857141,0.07571428571428572,0.040000000000000001,0.011428571428571429,0.16857142857142857,0.0
Josh McCown,QB,CLE,10.789285714285715,6000.0,0.50285714285714289,0.10142857142857142,0.10142857142857142,0.11,0.054285714285714284,0.025714285714285714,0.10428571428571429,0.0
Jimmy Garoppolo,QB,NE,10.403571428571428,7100.0,0.57571428571428573,0.048571428571428571,0.087142857142857147,0.087142857142857147,0.067142857142857143,0.029999999999999999,0.10428571428571429,0.0
Matt Schaub,QB,ATL,10.310714285714287,6000.0,0.61285714285714288,0.058571428571428573,0.058571428571428573,0.077142857142857138,0.034285714285714287,0.0085714285714285719,0.14999999999999999,0.0
Trevone Boykin,QB,SEA,9.7142857142857135,5000.0,0.71999999999999997,0.021428571428571429,0.022857142857142857,0.032857142857142856,0.015714285714285715,0.0014285714285714286,0.18571428571428572,0.0
Drew Stanton,QB,ARI,8.7035714285714292,5000.0,0.64571428571428569,0.065714285714285711,0.072857142857142856,0.080000000000000002,0.028571428571428571,0.014285714285714285,0.09285714285714286,0.0
Kellen Clemens,QB,SD,8.178571428571427,5000.0,0.76000000000000001,0.022857142857142857,0.025714285714285714,0.037142857142857144,0.018571428571428572,0.0042857142857142859,0.13142857142857142,0.0
Jared Goff,QB,LARM,8.0357142857142847,6500.0,0.69571428571428573,0.050000000000000003,0.067142857142857143,0.06142857142857143,0.027142857142857142,0.0071428571428571426,0.091428571428571428,0.0
Matt McGloin,QB,OAK,7.8464285714285715,5500.0,0.77000000000000002,0.024285714285714285,0.028571428571428571,0.031428571428571431,0.017142857142857144,0.0071428571428571426,0.12142857142857143,0.0
Jacoby Brissett,QB,NE,7.4607142857142863,5000.0,0.80285714285714282,0.015714285714285715,0.02,0.024285714285714285,0.0085714285714285719,0.0042857142857142859,0.12428571428571429,0.0
