name,pos,team,expectation,salary,prob_0_5,prob_5_10,prob_10_15,prob_15_20,prob_20_25,prob_25_30,prob_30+,label
Johnny Holton,WR,OAK,19.584961765454874,0.0,0.095774314500323782,0.11785485738302065,0.14145730109271859,0.15566294121957827,0.1592417914936087,0.15519350608701857,0.17481528822373144,6.0
Marquise Goodwin,WR,BUF,18.727682979298514,0.0,0.11185282864853699,0.13039263742928417,0.14397947264970093,0.151867009157588,0.15954137513278949,0.15464327683770474,0.14772340014439558,4.0
Tyreek Hill,WR,KC,18.705280433689225,0.0,0.12542533526124175,0.12918981086659587,0.13092726554657227,0.14160314188159756,0.16748570205754618,0.15309155173918251,0.15227719264726375,4.0
Sammy Watkins,WR,BUF,18.544227159659126,0.0,0.022016240613530039,0.17241996541875401,0.14800054700254731,0.25951882101581419,0.1876824599645584,0.10414313953258274,0.10621882645221337,3.0
Chris Moore,WR,BAL,18.030310079909889,0.0,0.1281044874384154,0.1402033576725592,0.14271263408089019,0.15470214932699433,0.14718105795613845,0.15901555171360987,0.12808076181139258,5.0
DeVante Parker,WR,MIA,17.707981008893107,5800.0,0.082480288633120735,0.15201672433889593,0.18946966632250364,0.11401798633587246,0.22405960521622573,0.1829096497165211,0.055046079436860386,4.0
Jalin Marshall,WR,NYJ,17.134911223275491,0.0,0.16745126600915386,0.15358171820274669,0.14049729889629631,0.13550521834123894,0.13407361308629662,0.13212995615125595,0.13676092931301165,0.0
Terrance Williams,WR,DAL,16.754434567471172,4900.0,0.14322874071592981,0.21640529849718693,0.16268638299329474,0.11145030456699363,0.12724779261288954,0.058408572754110738,0.18057290785959459,1.0
Julio Jones,WR,ATL,16.721679117313048,9300.0,0.036513296672139837,0.22462928574014965,0.24669504411750776,0.10759838233397305,0.20552972216796578,0.12154688965337007,0.05748737931489404,2.0
Arrelious Benn,WR,JAC,16.516701388276704,0.0,0.18840316049885741,0.1563101326761214,0.13905772693991,0.13142237665530412,0.12668580313834335,0.1399205680096002,0.11820023208186346,0.0
Antonio Brown,WR,PIT,15.879647432880294,9200.0,0.023918792688529436,0.19219944587582447,0.28290862389956167,0.22458328540790215,0.19092579643061289,0.050037740719498888,0.035426314978070576,2.0
Willie Snead,WR,NO,15.718339713678928,7200.0,0.040121858410505598,0.25691949135882297,0.23925281081872066,0.13690228959163489,0.18654061742776265,0.10689037953201946,0.033372552860533637,1.0
Jamison Crowder,WR,WAS,15.30396677118431,5100.0,0.20315847517000135,0.22607840249577055,0.14302304670892008,0.10132275880861134,0.11188515545200899,0.064866059187392827,0.14966610217729498,1.0
Jarvis Landry,WR,MIA,15.037516536555303,6500.0,0.091098469499609841,0.25930813110919954,0.22357750261987169,0.11116954004918074,0.19280968398046697,0.064630371952103943,0.057406300789567342,1.0
DeSean Jackson,WR,WAS,14.801266661108059,6600.0,0.14904467414125755,0.24343252275845673,0.15695982625544164,0.11674682508545221,0.21508442378332959,0.052955496854538701,0.065776231121523615,1.0
Robert Woods,WR,BUF,14.57267635465994,5300.0,0.13997530656995927,0.20350182910109402,0.24821465347880911,0.076500488191673627,0.24219366466583148,0.044108910211454348,0.045505147781178069,2.0
Pierre Garcon,WR,WAS,14.503123253700275,6200.0,0.18979635627380709,0.25679763977687142,0.15748433501633108,0.089768767444418932,0.13106528509975809,0.06851907221937055,0.10656854416944295,1.0
Jordan Matthews,WR,PHI,14.450554805975171,6900.0,0.093399158162749601,0.2684714798429767,0.1989185335414396,0.13592383733074956,0.23177888085104459,0.05059155859267183,0.020916551678368086,1.0
Emmanuel Sanders,WR,DEN,14.294931119326586,6700.0,0.12824716797746546,0.22472729474883774,0.22365792411127661,0.16263518600847043,0.18076055874405222,0.029214571181351772,0.050757297228545689,1.0
Brandon Marshall,WR,NYJ,14.154755936570846,7600.0,0.11430168318445599,0.27309321907409001,0.25067458498754241,0.10941259887109596,0.12741450756926709,0.063039446442285235,0.062063959871263306,1.0
Kamar Aiken,WR,BAL,14.017347433800236,5800.0,0.12619341423379299,0.23452974513172389,0.24149739450514315,0.18216374869545074,0.10596652871120085,0.06475467000706174,0.044894498715626605,2.0
Harry Douglas,WR,TEN,13.986371072826849,4500.0,0.20302325882367847,0.24369090491649256,0.20151378852211252,0.10475203473794181,0.069281284132333559,0.064084830517916053,0.11365389834952497,1.0
Brandin Cooks,WR,NO,13.633959530316812,8400.0,0.10479849698790247,0.29371973658084344,0.23732616120039929,0.10090969432027813,0.19510904252376304,0.045090033658969429,0.023046834727844131,1.0
Walter Powell,WR,BUF,13.240555111185136,4500.0,0.28887069466788706,0.16524082193887615,0.16811474541326685,0.10100348227180247,0.1337378622962849,0.080687829137444475,0.062344564274438123,0.0
Demaryius Thomas,WR,DEN,13.235526197642125,7000.0,0.17758078553858947,0.27444179103870947,0.20851259298551023,0.12798796211678362,0.10266516784354868,0.030841565536954253,0.077970134939904304,1.0
Brenton Bersin,WR,CAR,13.197995244668206,4500.0,0.28229212156487987,0.17205056063878615,0.17260157576285651,0.097492015046001912,0.13317311481093932,0.085574764506737566,0.056815847669798615,0.0
Jermaine Kearse,WR,SEA,13.174659293356918,5300.0,0.18865775247542219,0.23080716956959724,0.2032412143273622,0.15005828773326241,0.13396089763410948,0.063107734653842854,0.030166943606403533,1.0
Taylor Gabriel,WR,ATL,13.096658738642667,0.0,0.32911882566719403,0.16849398096970575,0.1616032244822227,0.095378090060049214,0.076501510186758895,0.041591592836168409,0.12731277579790104,0.0
Andre Johnson,WR,TEN,12.967022039186526,4500.0,0.25874675345905324,0.24275948192835803,0.17582615799034326,0.087722967457413828,0.099331508660545159,0.028658450242683216,0.10695468026160349,0.0
Doug Baldwin,WR,SEA,12.851432786225581,7000.0,0.1503383064634812,0.29359767861464425,0.22797018560472276,0.11853330229507525,0.11690538953208074,0.069820900851662926,0.022834236638332783,1.0
Tavarres King,WR,NYG,12.784307490106988,4500.0,0.31146247686279122,0.16695833975439894,0.16450970587440825,0.096045649148021245,0.12195406002125475,0.079348623476811361,0.059721144862314231,0.0
Marvin Jones,WR,DET,12.478617051529499,6500.0,0.2058593810133548,0.2388507789006461,0.25371357494080843,0.093689755671243019,0.11250747374138541,0.067744941811525947,0.027634093921036322,2.0
Danny Amendola,WR,NE,12.451265711037529,5500.0,0.38977509165173513,0.13793295804319186,0.17575188359242638,0.022724242207528299,0.12865321893737583,0.017017414388635903,0.12814519117910669,0.0
Jakeem Grant,WR,MIA,12.398556437097264,4500.0,0.32716899321011184,0.17040719937444523,0.16248058884010608,0.092430968362057872,0.11657969085177591,0.073553595985500889,0.057378963376002144,0.0
Cole Beasley,WR,DAL,12.369856026884912,5000.0,0.32551077307365456,0.22792894340210945,0.12280064232770652,0.081200633867290775,0.11411373966852301,0.023006748500770589,0.10543851915994504,0.0
Jordan Taylor,WR,DEN,12.350445050444156,4500.0,0.33623877339198432,0.16645952153023769,0.15774421351684123,0.09205171029753928,0.11665536020339107,0.070108831380875827,0.060741589679130722,0.0
Marc Mariani,WR,TEN,12.197283768808569,4500.0,0.29830410456443374,0.20229347851798582,0.18869165061351861,0.091185116573039945,0.11740106605723491,0.031459622540655846,0.070664961133131074,0.0
Alshon Jeffery,WR,CHI,12.184912560184044,7800.0,0.19376125974803182,0.21924871047672376,0.32603910157463362,0.042041236410761205,0.18031969410941903,0.021721248121294102,0.016868749559136521,2.0
Tommylee Lewis,WR,NO,12.084744637060895,4500.0,0.35409284927959933,0.16428348175119228,0.15261832368422368,0.089037316217956214,0.10995459970102291,0.069725893362971553,0.060287536003034034,0.0
Isaiah Burse,WR,SD,11.91610021005482,4500.0,0.34870000427710973,0.17337730514860764,0.15726271437368125,0.087580835703501739,0.1113519512341835,0.069373156094134011,0.052354033168782212,0.0
Alex Erickson,WR,CIN,11.861967219441997,4500.0,0.35337891227937901,0.17291307632841293,0.15503675592220167,0.086800814610633437,0.1106636153232744,0.067662943596035835,0.053543881940062481,0.0
Trevor Davis,WR,GB,11.811274329526213,4500.0,0.3585025786475643,0.1717173930406154,0.15411363491535665,0.086261381653172237,0.10714240606438893,0.066500335397350466,0.055762270281552166,0.0
Michael Floyd,WR,ARI,11.648834156613583,7000.0,0.24226808317255444,0.2993898958241144,0.16272471873538982,0.097543214398169958,0.11572214689074524,0.057252232728892287,0.025099708250133908,1.0
Tajae Sharpe,WR,TEN,11.623633072549323,6000.0,0.30274450877024983,0.22644076752499398,0.17038891368878192,0.0941120712858622,0.13018940084054198,0.026929329263102052,0.049195008626468029,0.0
Mike Evans,WR,TB,11.160304565629263,8100.0,0.25526488593683916,0.25182358348291195,0.21621702801843978,0.11711771900070436,0.1241590100849719,0.020267634220535971,0.015150139255596995,0.0
Aaron Burbridge,WR,SF,11.106257856886455,4500.0,0.38524154915878056,0.1802105850441385,0.14807942601158033,0.078543141289469612,0.099950369652680726,0.061590537100610479,0.046384391742739665,0.0
Laquon Treadwell,WR,MIN,10.851596325584516,5300.0,0.39454530189468384,0.17607577124966001,0.15424754245639014,0.075557377814410881,0.10067316037651154,0.057647910899366515,0.04125293530897714,0.0
Malcolm Mitchell,WR,NE,10.705824628371182,4500.0,0.40904299924925103,0.18044882385701208,0.1421614260562262,0.079035109908546106,0.10216986065524811,0.023875396280677363,0.063266383993039174,0.0
A.J. Green,WR,CIN,10.567913114108338,8900.0,0.20618909359497462,0.36581234479889835,0.24248017643063463,0.059998440410485174,0.071137301662820521,0.036814521923633714,0.017568121178552939,1.0
Brandon Coleman,WR,NO,10.567172062528311,4500.0,0.42470392945168128,0.19724697031713997,0.13321493304876594,0.070164523337144388,0.059399851484898687,0.031726033468294071,0.083543758892075687,0.0
Anquan Boldin,WR,DET,10.558148572407205,5700.0,0.29764745680700316,0.26394216496145617,0.20616382778806591,0.10615084541550944,0.068365664348997143,0.021200376074637657,0.036529664604330429,0.0
T.Y. Hilton,WR,IND,10.3826808996435,7000.0,0.24242765811045594,0.35275559788477018,0.21347484280551593,0.070853656912494886,0.062115292259424519,0.029076954346656678,0.029295997680681786,1.0
Eli Rogers,WR,PIT,10.350127798746689,5500.0,0.3738209159525836,0.21857972156364061,0.15897874897746347,0.086177232275243681,0.094481757522582283,0.029813960526966696,0.03814766318151952,0.0
Golden Tate,WR,DET,10.310219415154169,6700.0,0.36272269689993619,0.23163585374923756,0.17353361196855679,0.080571251290620718,0.079027049816817477,0.030528755720700171,0.04198078055413073,0.0
Michael Crabtree,WR,OAK,10.223364296001527,6200.0,0.35448335906480122,0.26836557031959479,0.15333146923521923,0.090197704568336812,0.045874334142730927,0.036536838144147453,0.051210724525169386,0.0
Davante Adams,WR,GB,10.027158657710181,5700.0,0.40180679254167717,0.23010812298112579,0.14069133833846284,0.059031957933158699,0.096033275610556315,0.02494891748356028,0.047379595111458825,0.0
Rishard Matthews,WR,TEN,9.9967376972704418,5300.0,0.43241897737211527,0.1914121905486855,0.13590959559417418,0.075434906001765029,0.093979200602965857,0.017732471281344513,0.053112658598949737,0.0
Michael Thomas,WR,NO,9.8784121970209231,5000.0,0.41371520983928012,0.21403102515884245,0.13882951766803153,0.081321610783408549,0.084489897356351137,0.024943231751941592,0.042669507442144761,0.0
Ricardo Louis,WR,CLE,9.8369478477514569,4500.0,0.45496037611607187,0.17597229445323459,0.13093420861441693,0.066572103057954232,0.082398643985217568,0.052878304514459747,0.036284069258644837,0.0
Corey Brown,WR,CAR,9.7709708266144499,5200.0,0.41808652164322352,0.21915373937922109,0.13137048816270347,0.064380163535018756,0.10934242585543155,0.022029362444754032,0.03563729897964759,0.0
Aldrick Robinson,WR,ATL,9.7515227129698303,4500.0,0.46207897768968792,0.17198874592533894,0.1361603369802806,0.078238600797212579,0.073061777423099175,0.020688624716295595,0.057782936468085154,0.0
Dorial Green-Beckham,WR,PHI,9.6036945189361358,4900.0,0.39182842722925937,0.22790282140743823,0.17149084268779999,0.10532662867860583,0.04173514054881701,0.022813971759609367,0.038902167688470241,0.0
Quincy Enunwa,WR,NYJ,9.5559150894274687,5100.0,0.43634120005464933,0.21859986192669392,0.12818209654841672,0.063008134405050778,0.086120439979807478,0.025100624218264998,0.042647642867116781,0.0
Allen Hurns,WR,JAC,9.5474875067630478,6900.0,0.31878165533956804,0.33284709019681941,0.15890516254699122,0.086246934341503129,0.049611740548653582,0.031197259886224328,0.022410157140240347,1.0
Jeremy Maclin,WR,KC,9.462202807721555,6900.0,0.4163601428756159,0.22422243249149937,0.14436635136774309,0.070142112269206497,0.10047257401292156,0.014445147954379451,0.029991239028634268,0.0
Josh Doctson,WR,WAS,9.4058340642012368,4800.0,0.47358282075902619,0.18489838429388789,0.12522830428655043,0.075142012462493024,0.067673535879620828,0.018596990668296207,0.05487795165012542,0.0
Eddie Royal,WR,CHI,9.365099097775115,5300.0,0.39082827278192972,0.23514493473216516,0.16220080578693474,0.086651450774583194,0.093140705023640732,0.018175866682784515,0.013857964217962029,0.0
Quinton Patton,WR,SF,9.2866587317565639,4800.0,0.34726733939227539,0.31990797018152728,0.15536055727789569,0.074956944841847631,0.053389087309512237,0.020661452419813157,0.028456648577128697,0.0
Kenny Britt,WR,LARM,9.2838340871432159,5200.0,0.40648195587495001,0.23923085195308258,0.15810981001905194,0.084302290982366607,0.049787004407618109,0.036207406066109886,0.025880680696820771,0.0
Vincent Jackson,WR,TB,9.2804176598392232,5400.0,0.52772068513078707,0.13900243492304556,0.096060598727178551,0.059074386793534418,0.10625215335348188,0.029703460781273894,0.04218628029069868,0.0
Brandon LaFell,WR,CIN,9.2775344218215512,6000.0,0.4169256034195441,0.22555767068472249,0.15836714419447792,0.064863241066785898,0.088889848134846391,0.021340927797773773,0.024055564701849219,0.0
Sammie Coates,WR,PIT,9.2496676094047512,5300.0,0.436728990612957,0.21776489335753307,0.13776843851074369,0.077246648324184958,0.076360792494721122,0.021598601332400602,0.032531635367459615,0.0
Tyrell Williams,WR,SD,9.1307031279717545,5400.0,0.44333677138594313,0.24053983735526249,0.11488130747428921,0.077500527076631659,0.04843603396836,0.039928961079775005,0.035376561659738487,0.0
Ryan Grant,WR,WAS,9.1290290809999579,4600.0,0.57289740964457281,0.15038114368648786,0.070490397152001491,0.040116254759760182,0.05427685981968243,0.019972601628152377,0.091865333309342864,0.0
DeAndre Hopkins,WR,HOU,9.026875392981923,8300.0,0.33299835064677158,0.32869917199963877,0.19388146418677243,0.05550750600062284,0.052879414176517252,0.015565867278424751,0.020468225711252262,0.0
Dwayne Harris,WR,NYG,9.0224509712672614,4500.0,0.48112793760601452,0.16762000752556075,0.13651666789770292,0.10031284939395294,0.060450904448549753,0.019813953584664531,0.0341576795435546,0.0
Leonte Carroo,WR,MIA,9.0195119350479285,4500.0,0.47803327439942844,0.1937873653962898,0.12993255622069164,0.06699394688319428,0.071197608767224918,0.017254320474788372,0.042800927858382812,0.0
Allen Robinson,WR,JAC,8.8645078596874534,8200.0,0.35530595931990988,0.32363878817332725,0.1634462736184297,0.07547052899858106,0.043698672859369313,0.019129728402269803,0.019310048628112995,0.0
Justin Hardy,WR,ATL,8.7489758748605251,4800.0,0.57884903611186744,0.1477180761562355,0.080373153474458309,0.043853639009939001,0.053595624205518257,0.017387122505211527,0.078223348536770043,0.0
Tyler Lockett,WR,SEA,8.7462874354168747,6300.0,0.45383226381551889,0.21509746545671463,0.1454701136412675,0.080528559630010044,0.057386617970035046,0.025243148725331628,0.02244183076112255,0.0
Eric Decker,WR,NYJ,8.7372561912725306,7000.0,0.4571900319904722,0.23795246229466621,0.13335954381318577,0.057370379679243216,0.060421116022625898,0.013405296729005898,0.040301169470800834,0.0
Andre Roberts,WR,DET,8.7314061821800415,4500.0,0.49510251383102893,0.17757421674822868,0.13671681339581324,0.074625998868412577,0.059727390015336994,0.022106066792065646,0.034147000349113776,0.0
Charles Johnson,WR,MIN,8.6994613101707774,4500.0,0.54380434413332968,0.15111189881225381,0.10255486783745531,0.070914268107586192,0.054486974371223365,0.032233185372431167,0.044894461365720457,0.0
Albert Wilson,WR,KC,8.6368103392809417,5000.0,0.5228093987482566,0.164402977200199,0.11720464159350898,0.060497332764354129,0.082465968315685506,0.016555995362537115,0.036063686015458646,0.0
Cody Latimer,WR,DEN,8.6367586237074896,4500.0,0.62669319799695122,0.09799916812061131,0.094502876862677943,0.018722784387087285,0.063688846006052638,0.0067548382419787296,0.091638288384640734,0.0
Jordan Norwood,WR,DEN,8.605093611368833,4900.0,0.54123042709426084,0.17005994250808368,0.10261224720832711,0.060131066472495671,0.053951085244954872,0.012374839743655311,0.059640391728222421,0.0
Devin Funchess,WR,CAR,8.4487292865813686,5700.0,0.51210769913712262,0.19629500079304651,0.1126085405704165,0.055164144794258824,0.074040681588497817,0.011344633741765161,0.038439299374892419,0.0
Will Fuller,WR,HOU,8.4151222389563447,6200.0,0.41268491176084426,0.29160162785912014,0.13677149723528725,0.069871850928563586,0.059833683037134856,0.014071499424319588,0.015164929754730171,0.0
Amari Cooper,WR,OAK,8.3634404140105367,7900.0,0.42774965352738009,0.27832132696591005,0.13511579533712859,0.081844587190362098,0.039385193806540257,0.015487834838479446,0.022095608334199338,0.0
Mohamed Sanu,WR,ATL,8.2990246606290281,6700.0,0.4938042129086459,0.21114710986830493,0.14423925820165895,0.043750167963250701,0.055176044851992241,0.019344145188996506,0.032539061017150664,0.0
Randall Cobb,WR,GB,8.2460162124461664,7400.0,0.48910028568308,0.22983712963797601,0.12696673951791826,0.044576297553494203,0.06558091152333502,0.010814026323785695,0.033124609760410713,0.0
Mike Wallace,WR,BAL,8.1997455204823666,6100.0,0.47377125684722132,0.22931891936465673,0.12734081780995724,0.084230415715935716,0.050716955918332932,0.016434096629706883,0.018187537714189073,0.0
Chris Hogan,WR,NE,8.0864640587933447,4700.0,0.54581262529900954,0.18612040959647499,0.086644091874802681,0.053786346459952575,0.082709583894507041,0.017558856822962512,0.027368086052290793,0.0
Kelvin Benjamin,WR,CAR,8.074764390883157,7500.0,0.4701375852520101,0.24327107009711593,0.13353680281191901,0.058340547395515543,0.06976873374392184,0.0077550461689473906,0.017190214530570264,0.0
Breshad Perriman,WR,BAL,8.0737392230492091,5200.0,0.51905190092922648,0.19424210650672699,0.11914149820583511,0.06746019920603008,0.058534607509014305,0.016332837095524896,0.025236850547641979,0.0
Victor Cruz,WR,NYG,8.0128081191421803,5700.0,0.50537531245757861,0.20640128561479495,0.13245261143803444,0.066244453473338974,0.051521432938109187,0.013730568895211109,0.024274335182932767,0.0
Dez Bryant,WR,DAL,7.9449959704686899,7700.0,0.59195384873131773,0.10223991392137434,0.1453290080137041,0.022063349045864919,0.10493777096742678,0.0049563849629164231,0.02851972435739563,0.0
Deonte Thompson,WR,CHI,7.8893438124606226,4500.0,0.53577077334996603,0.19208336341973511,0.11297508854018452,0.062941078847344178,0.050172767463917453,0.01936607924548335,0.026690849133369412,0.0
Brice Butler,WR,DAL,7.7368862804366181,4700.0,0.55084830407445939,0.20868242293488029,0.10409040507732065,0.040693833358825773,0.041279056679741938,0.0068817066557739209,0.047524271218998063,0.0
James Wright,WR,CIN,7.7218487941678751,4500.0,0.56139079700037453,0.17063724466195085,0.1167194937928735,0.057551982863578738,0.047404715181929215,0.015269176651987246,0.031026589847305858,0.0
Julian Edelman,WR,NE,7.69549125837041,7100.0,0.5456544011512604,0.18498449340545886,0.12287961417112786,0.049740682357154731,0.063488666623510839,0.0073074056892049781,0.025944736602282255,0.0
Sterling Shepard,WR,NYG,7.6416452017929251,6200.0,0.52156183738080852,0.20968819178348241,0.12825869189476011,0.061272190866910631,0.047668324649916487,0.011630912447737923,0.019919850976383838,0.0
Rod Streater,WR,SF,7.5873703163015369,4500.0,0.55619176382895608,0.19223151270829889,0.10703101044277817,0.054208267169654316,0.047387815562710399,0.013445420641843966,0.029504209645758117,0.0
Paul Richardson,WR,SEA,7.5748872602841324,4800.0,0.57117941616485346,0.1714560977871219,0.10725949384763898,0.058158186131488702,0.048490071782763926,0.014600834540640302,0.028855899745492825,0.0
Dontrelle Inman,WR,SD,7.5654185428594483,5500.0,0.51461655585407939,0.22087267164496879,0.13525216099035309,0.049313386855689104,0.049473016034836004,0.014796577193783708,0.015675631426289964,0.0
Phillip Dorsett,WR,IND,7.5276522651786735,5500.0,0.4891346132090218,0.26990347919585056,0.12776453955476105,0.042242424200183003,0.037403777429992478,0.0095513795042653955,0.023999786905925594,0.0
Cecil Shorts,WR,TB,7.5141419265817078,4900.0,0.58513227329407103,0.12121003029051997,0.17259855695554055,0.02766113154373824,0.052682299683320728,0.014628970508679517,0.026086737724130026,0.0
Russell Shepard,WR,TB,7.4366034910733925,0.0,0.66580265413513562,0.11144831618162843,0.062479508734748716,0.050242603710834777,0.038721194695500255,0.012124281249961604,0.059181441292190662,0.0
Kenny Stills,WR,MIA,7.42988173384426,4900.0,0.58719582749652377,0.18323825987731898,0.084480210165775102,0.043880317605166405,0.056032694726828626,0.010411033998231314,0.034761656130155735,0.0
Travis Benjamin,WR,SD,7.3490380126176333,6100.0,0.5725373400006456,0.18361047964850449,0.11285622841001913,0.045220815400578658,0.045660907228674517,0.012375933057802506,0.027738296253774962,0.0
Darrius Heyward-Bey,WR,PIT,7.28400670721709,4500.0,0.65788698959246505,0.12077679288046783,0.07741856156459849,0.045931914645614268,0.030841394492502214,0.010941433887591494,0.056202912936760614,0.0
Larry Fitzgerald,WR,ARI,7.2062763484257566,7400.0,0.5413678510165808,0.23964716090008972,0.093240529935089883,0.050563079480299096,0.044189018848374916,0.0098457358311269394,0.021146623988438508,0.0
Matthew Slater,WR,NE,7.1882899230700481,4500.0,0.68311582114307356,0.099331363045476503,0.074520283828106507,0.02865366340823023,0.050424030916759802,0.0093850031724715677,0.054569834485881923,0.0
Terrelle Pryor,WR,CLE,7.1719955130845028,5700.0,0.53555604290738923,0.23712680339873457,0.10233674691307866,0.055831529283435169,0.042616465709346761,0.011881547945190094,0.014650863842825483,0.0
Jeremy Kerley,WR,SF,7.0595794597547741,4700.0,0.62972633850006787,0.16005257549937479,0.081377693108908009,0.038419592135314005,0.040420765640490471,0.0085690913247532131,0.041433943791091388,0.0
Tyler Boyd,WR,CIN,6.8740989272523638,5400.0,0.60097204406099258,0.1734456826060416,0.10764034478856496,0.048292116378802159,0.038801300379392487,0.0096689759980093885,0.021179535788196625,0.0
Braxton Miller,WR,HOU,6.8722363766535102,4500.0,0.60175827968334228,0.18353895122093705,0.092102011396936981,0.049784522198513856,0.039687209636976639,0.011157847959308949,0.021971177903984309,0.0
Nelson Agholor,WR,PHI,6.8496826265484696,5600.0,0.60115905571146788,0.20166682476456008,0.075534459020307601,0.042512720705940359,0.041886565131914584,0.013297383645814419,0.02394299101999494,0.0
Torrey Smith,WR,SF,6.8408265298311282,5400.0,0.56622434434547342,0.23043789269418857,0.10129573996451643,0.041591356353144392,0.028785650057622278,0.0070688958331837663,0.024596120751871235,0.0
Marqise Lee,WR,JAC,6.7670796690980595,4500.0,0.6091567554518631,0.18649192247682156,0.083942314429708342,0.057386987211468517,0.025800990910094777,0.01217482311446383,0.025046206405579946,0.0
Eric Weems,WR,ATL,6.7073534830963011,4500.0,0.72420039153897831,0.10338907192453133,0.04751346499496218,0.023820440353415261,0.029392599642439277,0.0079488199813855069,0.06373521156428831,0.0
Quan Bray,WR,IND,6.6237110615933474,4700.0,0.63230905574371143,0.15696568083996257,0.096919301225905946,0.043038184073112405,0.040089510810580944,0.0099622692856591259,0.020715998021067467,0.0
Donte Moncrief,WR,IND,6.6071699998592424,6700.0,0.56934488412154882,0.23261018201927189,0.10857580488838411,0.035066781121406126,0.031495352211461596,0.0056033437871899584,0.017303651850737505,0.0
Seth Roberts,WR,OAK,6.6050023026377378,5300.0,0.66106108699156019,0.15901709772903083,0.069329952003217774,0.037604228628657095,0.015577441384709987,0.016643499227390002,0.04076669403543387,0.0
Kevin White,WR,CHI,6.4444469263419419,5800.0,0.63318563544712347,0.17320715993186081,0.086221794366472315,0.042070887892421784,0.038400564520990457,0.0076780074166645671,0.019235950424466599,0.0
Stefon Diggs,WR,MIN,6.4406491904153196,6500.0,0.59608047563107625,0.20121574893575345,0.10217107569623329,0.051799992283465164,0.031926488555943572,0.0065162774355065926,0.010289941462021692,0.0
Jared Abbrederis,WR,GB,6.4177398358054933,4700.0,0.68772242970535202,0.13289508152157742,0.065005381388402894,0.029563887925314367,0.043208021732198829,0.0075436087123512382,0.034061589014803224,0.0
Adam Humphries,WR,TB,6.3717167468806215,4700.0,0.67273391275461603,0.12748803136511291,0.080184607078360393,0.045120905035404099,0.047974490042591141,0.0086746137518252664,0.017823439972090373,0.0
John Brown,WR,ARI,6.3131467774320171,6600.0,0.64875711244210055,0.17494961857756453,0.071160196594420744,0.040671552101435741,0.032424845423591378,0.0097287205829609327,0.022307954277926152,0.0
Rashard Higgins,WR,CLE,6.288913873833291,4500.0,0.64973647223084241,0.16699406227811212,0.078356440042539485,0.043890703689167136,0.031984765503981348,0.0095196375598560461,0.01951791869550153,0.0
Steve Smith,WR,BAL,6.0983004679715478,6400.0,0.66420490023657497,0.14971910336265509,0.089738352375574412,0.040261098858513346,0.034424845034165479,0.0058362947287023464,0.015815405403814178,0.0
Ted Ginn Jr.,WR,CAR,6.0620033684053833,5700.0,0.67542487757166003,0.1403659950621346,0.075858999284172363,0.044599832015498407,0.048415755418534566,0.0045469012546911309,0.010787639393308953,0.0
Corey Coleman,WR,CLE,6.0543680675716178,6000.0,0.61477396935365591,0.21958239215111472,0.079909706987733253,0.041817695268679081,0.028306748544172394,0.0057799617401166209,0.0098295259545280525,0.0
Andre Holmes,WR,OAK,6.0280698682377478,4800.0,0.71947932364297862,0.12520350476412923,0.058225646726165134,0.03197018556738121,0.014569792802333057,0.012543736473979099,0.038007810023033647,0.0
Chris Conley,WR,KC,5.9667771511366778,4600.0,0.71886468279912874,0.11536915209294453,0.061089085218918156,0.032210991050103888,0.041498928010886726,0.0054047485862805328,0.025562412241737446,0.0
Josh Bellamy,WR,CHI,5.9059928438002736,4500.0,0.69515478008431009,0.13909116748223263,0.077075892259897624,0.030208869376436305,0.029393845038553041,0.0061578459708012869,0.022917599787769125,0.0
Adam Thielen,WR,MIN,5.8186922162978911,4500.0,0.68549044525007918,0.15031651388420023,0.07661662511663743,0.0407608501187448,0.022010185783748876,0.0075797222346384611,0.01722565761195095,0.0
Brandon Tate,WR,BUF,5.807635601448025,4600.0,0.73870854595132296,0.10864106938298347,0.066936420513005329,0.020350617736510777,0.023565363657441062,0.0053246572603148712,0.036473325498421499,0.0
Lucky Whitehead,WR,DAL,5.7506206325034039,4500.0,0.78480349546559924,0.086601121300317913,0.032915206970968947,0.018071120862238284,0.022744419279703953,0.0027457221564810871,0.052118913964690587,0.0
Greg Salas,WR,BUF,5.7149815739146677,4500.0,0.72409040908944866,0.12918621325950119,0.046565234760808406,0.051691622475039875,0.017070164060052861,0.0045014719813227817,0.026894884373826242,0.0
Jaelen Strong,WR,HOU,5.6933169765859732,4900.0,0.69237832626992779,0.16027447880103279,0.07191555514485673,0.029209616077968032,0.017693264924555745,0.006187355857640099,0.022341402924018598,0.0
Andrew Hawkins,WR,CLE,5.5944787664717479,4700.0,0.69843752701921946,0.1542591583330693,0.066363404275603916,0.035738691524025611,0.024222343213956377,0.005705568426431073,0.015273307207694565,0.0
Jeff Janis,WR,GB,5.2497568250856812,4800.0,0.77812792684938525,0.10114411674792585,0.045626921032614898,0.018001032919546446,0.024730116890850088,0.0038496108373092864,0.028520274722368368,0.0
Devin Hester,WR,BAL,5.167593787955937,4700.0,0.80118393062881421,0.087149588735619746,0.035752715929449452,0.017157385077060064,0.020186461198906165,0.0053724885507417369,0.033197429879408512,0.0
Josh Huff,WR,TB,5.03256700964634,4700.0,0.78012217471571765,0.10171415392978941,0.04680515402149997,0.022742269494167987,0.026024442121147,0.0053215827836792708,0.017270222933998519,0.0
Jaron Brown,WR,ARI,4.8236062488477831,4700.0,0.7888472117772245,0.10887822287204513,0.037552229968463538,0.023663241063875854,0.019988667728021672,0.004775733320353328,0.01629469327001595,0.0
Jordy Nelson,WR,GB,4.8022114266277258,8200.0,0.76530290986349847,0.11756449500176097,0.063951014340433751,0.021001875255595558,0.021727236276373144,0.0019199062897067576,0.0085325629726313319,0.0
Rashad Greene,WR,JAC,4.3096985112583628,5000.0,0.82217269598499643,0.098221224205838439,0.036131342689072719,0.01894406038675121,0.008301593169234062,0.0027145362241327671,0.01351454733997458,0.0
Brian Quick,WR,LARM,4.2986726107510274,4500.0,0.83231016734277985,0.083690705850413827,0.040605672999526547,0.016663612097705258,0.0093422140198553341,0.0036978680366489994,0.013689759653070233,0.0
Cordarrelle Patterson,WR,MIN,4.2429639004154316,4600.0,0.83416804254060395,0.082058855348365337,0.040144055411887786,0.019080323430068019,0.010618520976607492,0.0026770367911502909,0.011253165501316938,0.0
Bradley Marquez,WR,LARM,4.1892693423623815,4500.0,0.8483595222635204,0.073174344311337333,0.036724929981263539,0.015036609889798505,0.0087855158228144353,0.0036641560101802273,0.014254921721085733,0.0
Tavon Austin,WR,LARM,3.9491256026943313,6300.0,0.85071729555138054,0.081087308234789823,0.036786335013896616,0.013468653240600544,0.0075958137281200199,0.0019092899072529347,0.0084353043239595166,0.0
Odell Beckham Jr.,WR,NYG,3.814797947350006,9400.0,0.89447752702301253,0.041446984369905487,0.036936163881707333,0.0013761835952717447,0.0094341058027260834,0.00024228419199117301,0.016086751135385505,0.0
