name,pos,team,expectation,salary,prob_0_5,prob_5_10,prob_10_15,prob_15_20,prob_20_25,prob_25+
Devonta Freeman,RB,ATL,14.492340208819616,7400.0,0.1538967951469821,0.18779521639673719,0.18439208296893747,0.19694052898877434,0.13380981002985881,0.14316556646871059
DeMarco Murray,RB,TEN,14.036386853179174,7400.0,0.14178801808411753,0.21303557177656676,0.21122730752542779,0.18755237246884959,0.12285358432333331,0.1235431458217059
Latavius Murray,RB,OAK,13.944581267070207,7100.0,0.15408729146011615,0.22399683428834852,0.19165586922017194,0.17773157901128844,0.11422918644889349,0.13829923957118193
DeAngelo Williams,RB,PIT,13.768098388460714,7600.0,0.15929618695329584,0.23540346186146188,0.19010124511378534,0.14257990296513323,0.15282199882390968,0.11979720428241433
David Johnson,RB,ARI,13.07501258566203,9000.0,0.15201270530047312,0.24378542825018454,0.23675244462403899,0.16744089689868935,0.10465311569499616,0.095355409231618157
Matt Forte,RB,NYJ,13.025287549567626,6800.0,0.17674858557338952,0.25343031509254754,0.18621949289936723,0.16640088423617086,0.10601805467889643,0.11118266751962894
C.J. Anderson,RB,DEN,12.734192857404503,7800.0,0.15517444906236813,0.24480139884238583,0.29342602053071892,0.1212912606279518,0.075223004989656062,0.11008386594691938
Lamar Miller,RB,HOU,12.570414014157327,7700.0,0.18711482036650032,0.24924286155081668,0.22609649425115658,0.14080522119831501,0.093471723982668051,0.10326887865054364
Doug Martin,RB,TB,12.435584205171127,7100.0,0.17691961431037839,0.26779710700693982,0.21992445944321512,0.14838183637348432,0.10055960830950972,0.086417374556472748
Ezekiel Elliott,RB,DAL,12.264750563667834,7900.0,0.24915112546662477,0.20560232751397606,0.19171372644264004,0.16283133484407397,0.078081100861338681,0.11262038487134679
LeSean McCoy,RB,BUF,12.218983923973999,6800.0,0.25182401991265929,0.22363331896304542,0.19594080316185453,0.12554522215645181,0.063636985991255779,0.13941964981473337
Jeremy Hill,RB,CIN,12.019423137824926,6600.0,0.21121899930739654,0.25040454174732035,0.22474083608112502,0.12204986523063942,0.12007997020409882,0.071505787429420223
Rashad Jennings,RB,NYG,11.923564023626643,6300.0,0.21141330371051198,0.28458051870553364,0.20210691968614319,0.099928833588008054,0.11372017566553332,0.088250248644270141
Isaiah Crowell,RB,CLE,11.748302878312856,5800.0,0.23442976527157208,0.25547791735828013,0.21355941376077592,0.11950477808410156,0.076591131095919987,0.10043699442935085
Spencer Ware,RB,KC,11.727873098424762,6800.0,0.21833256138552332,0.26059502177830735,0.22325577207430808,0.1283495585768982,0.09391605289748306,0.075551033287480446
Eddie Lacy,RB,GB,11.684269221052819,7000.0,0.21905201092258147,0.26083458228056339,0.22392305141699093,0.12859694726548296,0.095584723272338967,0.072008684842042744
Mark Ingram,RB,NO,11.634259038320552,7000.0,0.25276116740375548,0.26240344175054731,0.18441936141298573,0.11717614236483988,0.072118219346286691,0.11112166772158504
Arian Foster,RB,MIA,11.475067715032552,7100.0,0.29582465674692399,0.234203990607251,0.16925713663136327,0.10534106302478281,0.070593674886212113,0.12477947810346715
Jeremy Langford,RB,CHI,11.465127833593733,6500.0,0.26586023192551062,0.24235715061546662,0.20490724495948592,0.1157107182892957,0.062101499734786042,0.10906315447545539
Danny Woodhead,RB,SD,11.31796242651882,6400.0,0.24694192657533559,0.27091145427048446,0.20888241950935929,0.10349964304658989,0.084405520116364416,0.085359036481866643
Adrian Peterson,RB,MIN,11.180669708761195,8200.0,0.22947543156125932,0.27504763873248084,0.22291316632818714,0.133138877017034,0.081281092492912321,0.058143793868126493
Frank Gore,RB,IND,10.975828733858823,5700.0,0.25832075903537849,0.28746269544548958,0.18283141153511284,0.11088126507004918,0.09312291152395033,0.067380957390019966
Ameer Abdullah,RB,DET,10.717032236321234,6700.0,0.24398346892574052,0.33140402874981134,0.18271831760028542,0.097128290778073959,0.068648558750801114,0.0761173351952876
Christine Michael,RB,GB,10.487314763962203,5900.0,0.31283803196623905,0.2465525162483736,0.1742575870469239,0.11985071518304362,0.089662630876012547,0.056838518679407604
LeGarrette Blount,RB,NE,10.4548076236136,6000.0,0.3279065808085434,0.23660120297904422,0.18903752729781098,0.10041224665206158,0.055163684120831273,0.090878758141708801
Alfred Morris,RB,DAL,10.431282198855211,5300.0,0.37784469321198366,0.20661345434699052,0.13844853262644619,0.10149290904824859,0.079734860805242905,0.095865549961088342
T.J. Yeldon,RB,JAC,10.173331960886724,6500.0,0.33541962213224036,0.21813794939538977,0.24542013382241903,0.063127830043500116,0.053167638025637246,0.084726826580813541
Melvin Gordon,RB,SD,10.156074996148284,6600.0,0.33321655836144282,0.25700640592726542,0.18888232200775684,0.075745456105572262,0.056538707019652142,0.088610550578310535
Jonathan Stewart,RB,CAR,10.152253204251458,6700.0,0.31320601478977406,0.28232024517110427,0.19184740001710934,0.070044028605871098,0.058608047253352537,0.083974264162789039
Thomas Rawls,RB,SEA,9.9681341555504055,6600.0,0.3242546725861567,0.26991087140228948,0.20815612469052872,0.06217737861448866,0.056633189049416416,0.078867763657120449
Carlos Hyde,RB,SF,9.957029254649191,6100.0,0.32880467117913015,0.24848895321052047,0.22676823847205882,0.070932043916192358,0.048446177083867586,0.076559916138230544
Ryan Mathews,RB,PHI,9.88031007505551,6300.0,0.3481780814652411,0.24222327468558702,0.18299252061020785,0.1065520900596087,0.05207273697050474,0.067981296208850794
Justin Forsett,RB,DET,9.8327991955427656,6600.0,0.35945285038793945,0.2448014587244586,0.19034495121576739,0.060699078463680785,0.06453706347925342,0.080164597728900749
Matt Jones,RB,WAS,9.7711542537071097,6200.0,0.42182564822438279,0.18355723522801967,0.17438013531227911,0.063972473348845676,0.051326614590057537,0.10493789329641534
Todd Gurley,RB,LARM,9.412304511188335,8400.0,0.39575541195939723,0.22507827464008731,0.19339841136553715,0.051094737596328307,0.056064230115731709,0.078608934322918725
Tevin Coleman,RB,ATL,9.2809126743969266,6100.0,0.41155345300484414,0.24311541848726836,0.13699192104851721,0.0699047061922973,0.062803350617175471,0.075631150649897755
Tim Hightower,RB,NO,9.1047674615733047,4900.0,0.4153526018692017,0.24961135651679325,0.12251811718731226,0.070850817256443654,0.094582086197334964,0.047085020972914511
James White,RB,NE,8.9207427410827549,5600.0,0.41482429950308786,0.25468612174673388,0.13079397334936582,0.084791619763439061,0.061020307706099515,0.053883677931274084
Shane Vereen,RB,NYG,8.8500750966909756,5100.0,0.43017063462229799,0.2379348980517344,0.12144690441195558,0.087512519672717615,0.088026462762078053,0.03490858047921689
Charcandrick West,RB,KC,8.8061688910153109,5800.0,0.43576315450116482,0.2219256631444283,0.15486728064395691,0.071392396906748812,0.064861160968031767,0.051190343835669318
Giovani Bernard,RB,CIN,8.6906191693749175,5500.0,0.43282303753423451,0.25163255103906373,0.12870664809106097,0.067885320227331528,0.069340189569742028,0.049612253538567019
Charles Sims,RB,TB,8.5832377401512616,5600.0,0.41548601348539982,0.27653198534655526,0.13295025981802849,0.072051907576598601,0.056839848549246813,0.046139985224171329
Theo Riddick,RB,DET,8.581775084910392,5900.0,0.35721784784059979,0.32813651226886509,0.16890507895993867,0.068766229798686032,0.04076199826227541,0.036212332869635253
Darren Sproles,RB,PHI,8.1554442302769257,5400.0,0.45853949258626919,0.24765734400076903,0.13488930840520102,0.065481164239533082,0.049954061315523386,0.043478629452704212
Duke Johnson,RB,CLE,8.0527915213798895,5400.0,0.47412101395696804,0.24899510080865991,0.12065509220484914,0.057757905080899799,0.045375135928197703,0.053095752020425879
Jerick McKinnon,RB,MIN,7.7741360238768866,5000.0,0.54209928890946868,0.19967211898944365,0.1008391265307397,0.048918408549702294,0.035633678027881178,0.072837378992764573
Jalen Richard,RB,OAK,7.6854504467475326,4900.0,0.55626743664177303,0.18170302428278767,0.11863542657552592,0.034867738254974613,0.029118874073955945,0.079407500170983733
Chris Thompson,RB,WAS,7.4154585562196882,5200.0,0.55043148506038253,0.2101288183723567,0.094465816774192246,0.053149226353542189,0.034539686935059974,0.057284966504466024
Travaris Cadet,RB,NO,7.410221882209429,5300.0,0.50177305691615393,0.27377834345209656,0.092743330964325049,0.052075400654942039,0.03159617096610217,0.048033697046380816
James Starks,RB,GB,7.2751062819428025,5300.0,0.55056133720794853,0.20330499520626452,0.11211319805793982,0.047183183906644562,0.048246114759530855,0.038591170861671874
Terrance West,RB,BAL,7.2639454192120665,5400.0,0.5523131266738045,0.20444145763064819,0.1147246061328917,0.045706879399193316,0.032291875068910805,0.050522055094551703
Bilal Powell,RB,NYJ,7.1983111178989141,5300.0,0.5874843223383962,0.17491116596726994,0.10965762181560869,0.034113579734468082,0.026071475943396719,0.067761834200860793
Shaun Draughn,RB,SF,7.0466135967719623,4800.0,0.56946223793612194,0.21760812669663332,0.10185868782532921,0.027224693408724521,0.012908133885027727,0.070938120248163233
Alfred Blue,RB,HOU,7.0327157514110272,4900.0,0.59519084773211728,0.17588807112735047,0.083569980679372366,0.06891042824833471,0.025419528013022788,0.051021144199802936
Mike Tolbert,RB,CAR,6.8202734433134076,4700.0,0.59235373402558011,0.20068756114199734,0.088596528066603258,0.035554132035941245,0.034528548369738871,0.048279496360139611
Brandon Bolden,RB,NE,6.6903387105685681,4900.0,0.58741887952808181,0.23494645873349188,0.065769911456808605,0.032037028927041904,0.023668233087400233,0.056159488267175595
Chris Johnson,RB,ARI,6.5598461801031291,5600.0,0.62260003749153181,0.18741993016768171,0.076469613482710988,0.033168139680640786,0.029605736041573717,0.050736543135860998
Josh Ferguson,RB,IND,6.4362963509782656,4500.0,0.67075826723341569,0.17830172418702164,0.042322159120657961,0.0067395150798147934,0.0052969893675765866,0.096581345011513026
Derrick Henry,RB,TEN,6.2124267356376501,5300.0,0.65769724553321418,0.17433719310966411,0.061702633043579827,0.024019335411632418,0.038533082813737435,0.043710510088171867
Kenjon Barner,RB,PHI,6.1787517347418719,4800.0,0.64302490719104066,0.16995708693603362,0.08883366234362719,0.04328644321027017,0.016222895900859492,0.038675004418167694
Fitzgerald Toussaint,RB,PIT,6.1725408870637493,4600.0,0.67508695227023485,0.15342731746041882,0.070615857591796796,0.024965112923045995,0.014569992772914439,0.061334766981588365
DeAndre Washington,RB,OAK,6.1185609323743035,4700.0,0.69458803795129243,0.14554058329224062,0.053235951476192762,0.016760193360842106,0.027957049449453177,0.061918184469979119
Denard Robinson,RB,JAC,5.9594208937897175,4800.0,0.67935605169248259,0.15660209173329731,0.070620938944448777,0.029625039233218364,0.013814300546672978,0.04998157784988029
Mike Gillislee,RB,BUF,5.9152979783596091,4800.0,0.72045098555549236,0.11709844316656472,0.057585219525655422,0.022240455511597989,0.029055134284194872,0.053569761956494578
Keith Smith,RB,DAL,5.9061143579358397,0.0,0.7365894441811186,0.12404785089134616,0.03261270416606555,0.0064015902504471521,0.028997210942764494,0.071351199568258222
Jonathan Grimes,RB,HOU,5.8752716397452813,4500.0,0.72132241969990119,0.10358542913587297,0.06881048860938048,0.032179368172164644,0.03320165483547783,0.040900639547203396
Taiwan Jones,RB,OAK,5.8225609481063758,4500.0,0.71952364664598878,0.14683394105513323,0.036626122476994531,0.012038434645055053,0.016578576207156828,0.068399278969672017
Benny Cunningham,RB,LARM,5.7224567294858195,4900.0,0.6892907485742148,0.1629525834625585,0.061266399387663338,0.029397966442853748,0.014649446332831427,0.042442855799878318
Andy Janovich,RB,DEN,5.5913859042397238,4500.0,0.73258917084097441,0.12408919509876525,0.055548346384293228,0.024638309992823907,0.0064985254135924014,0.0566364522695504
Matt Asiata,RB,MIN,5.4068932083205432,4800.0,0.71415139294305952,0.15779380079106456,0.045021160289350562,0.036364872336181006,0.0088959649159191679,0.037772808724424699
Kyle Juszczyk,RB,BAL,5.3897449740697922,4500.0,0.69583500552962663,0.18257470562788952,0.051265164413356053,0.023883986171692684,0.011013689442898203,0.035427448814537167
Lance Dunbar,RB,DAL,5.3731926204061224,4800.0,0.76295221020564663,0.11857583991350325,0.025075498524353902,0.01072284789269075,0.039624873878081945,0.043048729585722784
Robert Turbin,RB,IND,5.3677913693560546,4600.0,0.71543810871644298,0.16448528739170509,0.048171247348663765,0.021042951156595859,0.0047103886205735364,0.046152016766019287
Jordan Howard,RB,CHI,5.3005838890371884,5400.0,0.7572097933780233,0.1288016965512358,0.035709809233677815,0.010009582428228421,0.011478876540015708,0.056790241868819556
Fozzy Whittaker,RB,CAR,5.2409934981028776,4800.0,0.73774993742512118,0.1356748972579995,0.058699617981199451,0.019175082485002052,0.0059030053082200964,0.042797459542458081
Devontae Booker,RB,DEN,5.2185096701345053,5200.0,0.73919240489361571,0.13650467781367479,0.051265601843715251,0.023162265513608834,0.01419599369195885,0.035679056243426786
Tyler Ervin,RB,HOU,5.1267106833583451,4500.0,0.77477577472415626,0.10523820270499142,0.040290805515932032,0.028520155633627607,0.0019134510725339372,0.049261610348758977
Mike Davis,RB,SF,5.0608876632615942,4500.0,0.75259519420489374,0.11417041201927894,0.069658961291630808,0.024471238077547711,0.010245488216110123,0.028858706190538902
Andre Ellington,RB,ARI,4.996771983205968,4700.0,0.74121829240418624,0.14890646678861738,0.049927187612737449,0.019498531544949946,0.010149648255292106,0.03029987339421663
Malcolm Johnson,RB,CLE,4.9439433237044206,4500.0,0.794368829339961,0.10949651082160033,0.02847417754209915,0.0064357826832539119,0.0030870472801048567,0.058137652332980842
John Kuhn,RB,NO,4.8213099852253016,4500.0,0.76041929951063492,0.14546301146819465,0.036997858606032705,0.016101601165732574,0.0085926813794206698,0.032425547869984014
Ka'Deem Carey,RB,CHI,4.8108246672179042,4800.0,0.78351645010884308,0.11768257202363644,0.039452322785114825,0.012796451179164755,0.0055726572039797515,0.040979546699260391
Jay Prosch,RB,HOU,4.7511792868236995,4500.0,0.80609706605505094,0.095484262169212158,0.029209340784707601,0.024019261680907216,0.0016752179672213517,0.043514851342901055
Jamize Olawale,RB,OAK,4.6768233587584058,4500.0,0.77882715736684283,0.13096527317982398,0.035659538734740759,0.016087055885513485,0.0074857207195587064,0.0309752541135201
Reggie Bush,RB,BUF,4.657766128612133,4900.0,0.78004003588791759,0.13563621959850961,0.034292718191144544,0.0085451114847194306,0.0057333389010773951,0.035752575936631989
Jay Ajayi,RB,MIA,4.6022416244021835,4700.0,0.81319446222713465,0.090643453239092814,0.041273363054946777,0.0080368713837973699,0.011111719095087406,0.035740130999941652
Antonio Andrews,RB,TEN,4.6019184915315545,4800.0,0.82234023975676207,0.08719399111275207,0.027118674446709814,0.015023055077737223,0.0077370049632704595,0.040587034642769061
Dwayne Washington,RB,DET,4.585880733416233,4500.0,0.79078881614166963,0.12546245026778424,0.03381170291039174,0.011015934456094622,0.0035629938939096785,0.035358102330151131
D.J. Foster,RB,NE,4.3678823561267217,0.0,0.81535199635023992,0.12495347408599503,0.014100287527730179,0.002536842024555543,0.0024751040471788052,0.040582295964301331
James Develin,RB,NE,4.3667273123569688,4500.0,0.82179339288261766,0.11722043957659273,0.010368888936000497,0.0052772507555155189,0.0071446464901177139,0.038195381359156448
Jacquizz Rodgers,RB,TB,4.3414856613048043,4700.0,0.82066810944631774,0.11674169679876477,0.015450221542908491,0.0067326117885193092,0.0015796451066332391,0.038827715316857518
Daniel Lasco,RB,NO,4.3011073848766337,4500.0,0.84236197840615123,0.091480210561955821,0.01858774351783176,0.0027416655753513494,0.00080122704189996099,0.044027174896810635
George Atkinson,RB,CLE,4.2665788992204252,4500.0,0.84549349430569787,0.090252015488462886,0.016543236726800886,0.0028648854497716468,0.0028492055936326357,0.041997162435634901
Paul Lasike,RB,CHI,4.2383521150233525,4500.0,0.84663878185386843,0.091868422676929309,0.015114081901620773,0.002741279093031174,0.00083717312734890202,0.042800261347202051
Jalston Fowler,RB,TEN,4.2059195738582202,4500.0,0.86140833053460386,0.071688570485785919,0.018726220197318517,0.0034444063686438482,0.0019526772829554446,0.042779795130693424
Kapri Bibbs,RB,DEN,4.1814564098320481,4500.0,0.84338362993036053,0.090864889353003256,0.021085414905558472,0.0095666104415795365,0.00094154536994259296,0.034157909999556035
Stepfan Taylor,RB,ARI,4.1664763192331078,4700.0,0.86665533174527132,0.063493225091864752,0.02109163888393091,0.0072126787645457168,0.0017549028786786932,0.039792222635708599
Corey Grant,RB,JAC,4.1575096276720558,4500.0,0.83684391103513589,0.10707207577200649,0.015059650867091889,0.0051196332672286109,0.00057199706615435107,0.03533273199238348
Wendell Smallwood,RB,PHI,4.1375068919161446,4500.0,0.86376606253770016,0.07424853204189466,0.0156388445117592,0.003752027533766075,0.0022535921578867809,0.040340941216994018
Kenyan Drake,RB,MIA,4.1219773771106913,4900.0,0.85749621948478427,0.076860333188059529,0.023195401881015314,0.0040280730317430475,0.0030397426951699561,0.03538022971922785
Zach Line,RB,MIN,4.102259288348364,4500.0,0.82963217005637091,0.11422343527416648,0.021149510525832228,0.0052273652220238588,0.00059028893026753359,0.029177229991339936
Patrick DiMarco,RB,ATL,4.0903028705523337,4500.0,0.8476088927312202,0.08899461279515776,0.021674705327357331,0.0095658893584034815,0.0037606163539228958,0.028395283433938413
Alex Collins,RB,SEA,4.0602390703473699,4600.0,0.85942455695322528,0.083143633530214131,0.01686611248594683,0.003425906392343392,0.00080471680102126865,0.036335073837250091
Kenneth Farrow,RB,SD,4.0584562191732445,4500.0,0.86049325737502957,0.081960855493042592,0.016776761314304754,0.0034134261881239966,0.00084191099887471858,0.03651378863062512
Orleans Darkwa,RB,NYG,4.0027569083565524,4500.0,0.89535101532580164,0.042956010869099212,0.014885715360335483,0.002754270201424742,0.00070381173943236618,0.043349176503907259
Daryl Richardson,RB,PIT,3.9719946846418615,4500.0,0.86840656723500687,0.071705523237015636,0.022912796967841546,0.003057287610874032,0.0018931678232605364,0.032024657126001811
Chase Reynolds,RB,LARM,3.9575664232145984,4500.0,0.86749909185522756,0.071446869610702263,0.020911803085934776,0.010907771626445833,0.00065282512743905681,0.028581638694250788
Ty Montgomery,RB,GB,3.8942011987658809,4500.0,0.88252761261940837,0.062777213609241808,0.015757435622498237,0.0047053587245435629,0.00072981839623269262,0.033502561028075306
Aaron Ripkowski,RB,GB,3.8942011987658809,4500.0,0.88252761261940837,0.062777213609241808,0.015757435622498237,0.0047053587245435629,0.00072981839623269262,0.033502561028075306
Ryan Hewitt,RB,CIN,3.8206791542763963,4500.0,0.88360622747561968,0.067147719105421527,0.013750234111430901,0.003591511480976074,0.00080843004869279107,0.031095877777859274
Michael Burton,RB,DET,3.685055059310375,4500.0,0.8810347850114949,0.074875068711262385,0.013235765680803528,0.0085764288261788186,0.0014546335406331716,0.020823318229627279
Knile Davis,RB,KC,3.6139196129084343,4500.0,0.9070378946890284,0.048308512917638324,0.01395974062257734,0.002785433779457773,0.0013424628759692292,0.026565955115328738
Rex Burkhead,RB,CIN,3.4867924394077958,4500.0,0.91894697885345666,0.040661969075937138,0.012907676108450243,0.0027044444781627241,0.001126824265735471,0.02365210721825825
