name,pos,team,expectation,salary,prob_0_5,prob_5_10,prob_10_15,prob_15_20,prob_20_25,prob_25_30,prob_30+,label
Cam Newton,QB,CAR,19.475000000000001,9000.0,0.021428571428571429,0.089999999999999997,0.22428571428571428,0.22285714285714286,0.20571428571428571,0.11142857142857143,0.12428571428571429,2.0
Russell Wilson,QB,SEA,19.096428571428572,8400.0,0.037142857142857144,0.10428571428571429,0.17857142857142858,0.23428571428571429,0.23857142857142857,0.097142857142857142,0.11,4.0
Kirk Cousins,QB,WAS,18.864285714285717,7800.0,0.047142857142857146,0.11428571428571428,0.15571428571428572,0.24285714285714285,0.23571428571428571,0.10142857142857142,0.10285714285714286,3.0
Drew Brees,QB,NO,18.635714285714286,9200.0,0.034285714285714287,0.11428571428571428,0.20285714285714285,0.23285714285714285,0.21142857142857144,0.11,0.094285714285714292,3.0
Tyrod Taylor,QB,BUF,18.303571428571427,6900.0,0.062857142857142861,0.10571428571428572,0.18857142857142858,0.26428571428571429,0.16428571428571428,0.11,0.10428571428571429,3.0
Ben Roethlisberger,QB,PIT,18.235714285714288,8300.0,0.06142857142857143,0.11,0.19857142857142857,0.21571428571428572,0.21142857142857144,0.11428571428571428,0.088571428571428565,3.0
Derek Carr,QB,OAK,18.196428571428573,8300.0,0.040000000000000001,0.10571428571428572,0.19857142857142857,0.26571428571428574,0.21571428571428572,0.10428571428571429,0.070000000000000007,3.0
Philip Rivers,QB,SD,17.960714285714285,7700.0,0.035714285714285712,0.10857142857142857,0.20714285714285716,0.28714285714285714,0.1957142857142857,0.10142857142857142,0.064285714285714279,3.0
Matt Ryan,QB,ATL,17.75714285714286,7900.0,0.031428571428571431,0.13,0.24857142857142858,0.22285714285714286,0.1957142857142857,0.094285714285714292,0.077142857142857138,2.0
Aaron Rodgers,QB,GB,17.435714285714287,8700.0,0.051428571428571428,0.089999999999999997,0.23428571428571429,0.2985714285714286,0.18571428571428572,0.080000000000000002,0.059999999999999998,3.0
Matthew Stafford,QB,DET,17.385714285714286,7800.0,0.047142857142857146,0.13,0.20999999999999999,0.27285714285714285,0.19428571428571428,0.077142857142857138,0.068571428571428575,3.0
Ryan Tannehill,QB,MIA,16.853571428571428,6700.0,0.055714285714285716,0.10857142857142857,0.28285714285714286,0.25285714285714284,0.17142857142857143,0.055714285714285716,0.072857142857142856,2.0
Eli Manning,QB,NYG,16.835714285714285,8100.0,0.051428571428571428,0.13857142857142857,0.25428571428571428,0.24142857142857144,0.16142857142857142,0.09571428571428571,0.057142857142857141,2.0
Alex Smith,QB,KC,16.807142857142857,7000.0,0.054285714285714284,0.1657142857142857,0.19,0.27000000000000002,0.17142857142857143,0.097142857142857142,0.051428571428571428,3.0
Ryan Fitzpatrick,QB,NYJ,16.153571428571428,7100.0,0.052857142857142859,0.14857142857142858,0.26142857142857145,0.25714285714285712,0.17000000000000001,0.071428571428571425,0.038571428571428569,2.0
Carson Palmer,QB,ARI,16.150000000000002,8200.0,0.067142857142857143,0.17857142857142858,0.19714285714285715,0.25142857142857145,0.19428571428571428,0.065714285714285711,0.045714285714285714,3.0
Jameis Winston,QB,TB,15.682142857142857,7600.0,0.07857142857142857,0.17428571428571429,0.22285714285714286,0.26857142857142857,0.14285714285714285,0.062857142857142861,0.050000000000000003,3.0
Blake Bortles,QB,JAC,15.121428571428572,8100.0,0.085714285714285715,0.17857142857142858,0.24285714285714285,0.23285714285714285,0.18142857142857144,0.050000000000000003,0.028571428571428571,2.0
Jay Cutler,QB,CHI,14.817857142857141,6800.0,0.09571428571428571,0.18428571428571427,0.25142857142857145,0.26000000000000001,0.10428571428571429,0.065714285714285711,0.038571428571428569,3.0
Andy Dalton,QB,CIN,14.75,7800.0,0.27000000000000002,0.094285714285714292,0.18857142857142858,0.14714285714285713,0.13,0.058571428571428573,0.11142857142857143,0.0
Marcus Mariota,QB,TEN,14.514285714285716,7500.0,0.24142857142857144,0.10714285714285714,0.21714285714285714,0.17571428571428571,0.12142857142857143,0.028571428571428571,0.10857142857142857,0.0
Joe Flacco,QB,BAL,13.539285714285713,7400.0,0.32428571428571429,0.11428571428571428,0.15714285714285714,0.16142857142857142,0.088571428571428565,0.041428571428571426,0.11285714285714285,0.0
Brock Osweiler,QB,HOU,13.02857142857143,7200.0,0.16285714285714287,0.24714285714285714,0.23571428571428571,0.18428571428571427,0.09285714285714286,0.025714285714285714,0.051428571428571428,1.0
Blaine Gabbert,QB,SF,12.807142857142857,6200.0,0.21714285714285714,0.23000000000000001,0.1957142857142857,0.18142857142857144,0.077142857142857138,0.035714285714285712,0.062857142857142861,1.0
Sam Bradford,QB,MIN,12.764285714285712,6800.0,0.27571428571428569,0.15571428571428572,0.24285714285714285,0.13285714285714287,0.088571428571428565,0.012857142857142857,0.091428571428571428,0.0
Andrew Luck,QB,IND,12.692857142857141,8500.0,0.32714285714285712,0.10428571428571429,0.17000000000000001,0.19142857142857142,0.088571428571428565,0.070000000000000007,0.048571428571428571,0.0
Case Keenum,QB,LARM,12.324999999999999,6600.0,0.25857142857142856,0.24571428571428572,0.17999999999999999,0.13857142857142857,0.068571428571428575,0.024285714285714285,0.084285714285714283,0.0
Brian Hoyer,QB,CHI,11.867857142857142,6000.0,0.4042857142857143,0.11,0.16,0.14285714285714285,0.059999999999999998,0.015714285714285715,0.10714285714285714,0.0
Matt Cassel,QB,TEN,10.975000000000001,6000.0,0.52571428571428569,0.10000000000000001,0.087142857142857147,0.074285714285714288,0.065714285714285711,0.014285714285714285,0.13285714285714287,0.0
Josh McCown,QB,CLE,10.096428571428572,6000.0,0.58714285714285719,0.07571428571428572,0.07857142857142857,0.074285714285714288,0.044285714285714282,0.015714285714285715,0.12428571428571429,0.0
Carson Wentz,QB,PHI,9.8071428571428569,6900.0,0.56714285714285717,0.048571428571428571,0.11571428571428571,0.11,0.048571428571428571,0.038571428571428569,0.071428571428571425,0.0
Jimmy Garoppolo,QB,NE,9.3499999999999996,7100.0,0.59142857142857141,0.047142857142857146,0.11,0.09571428571428571,0.048571428571428571,0.050000000000000003,0.057142857142857141,0.0
Drew Stanton,QB,ARI,8.9857142857142858,5000.0,0.69714285714285718,0.037142857142857144,0.052857142857142859,0.048571428571428571,0.014285714285714285,0.015714285714285715,0.13428571428571429,0.0
Dak Prescott,QB,DAL,8.6535714285714285,7000.0,0.6657142857142857,0.027142857142857142,0.07571428571428572,0.088571428571428565,0.037142857142857144,0.032857142857142856,0.072857142857142856,0.0
Trevor Siemian,QB,DEN,8.6107142857142858,6400.0,0.60571428571428576,0.052857142857142859,0.12142857142857143,0.09285714285714286,0.054285714285714284,0.028571428571428571,0.044285714285714282,0.0
Matt Schaub,QB,ATL,7.5535714285714279,6000.0,0.76142857142857145,0.029999999999999999,0.042857142857142858,0.034285714285714287,0.017142857142857144,0.012857142857142857,0.10142857142857142,0.0
E.J. Manuel,QB,BUF,7.0,5000.0,0.77000000000000002,0.031428571428571431,0.042857142857142858,0.050000000000000003,0.02,0.0028571428571428571,0.082857142857142851,0.0
Jared Goff,QB,LARM,6.3785714285714281,6500.0,0.79000000000000004,0.028571428571428571,0.052857142857142859,0.041428571428571426,0.017142857142857144,0.0042857142857142859,0.065714285714285711,0.0
Trevone Boykin,QB,SEA,4.7607142857142861,5000.0,0.90714285714285714,0.0042857142857142859,0.012857142857142857,0.02,0.0,0.0,0.055714285714285716,0.0
Kellen Clemens,QB,SD,4.7107142857142854,5000.0,0.90000000000000002,0.014285714285714285,0.018571428571428572,0.01,0.0042857142857142859,0.0,0.052857142857142859,0.0
Matt McGloin,QB,OAK,4.2750000000000004,5500.0,0.92000000000000004,0.0071428571428571426,0.018571428571428572,0.011428571428571429,0.0,0.0014285714285714286,0.041428571428571426,0.0
Jacoby Brissett,QB,NE,4.1142857142857139,5000.0,0.93142857142857138,0.0042857142857142859,0.014285714285714285,0.01,0.0,0.0,0.040000000000000001,0.0
