name,pos,team,expectation,salary,prob_0_5,prob_5_10,prob_10_15,prob_15_20,prob_20_25,prob_25_30,prob_30+
Tevin Coleman,RB,ATL,23.017380644830673,6100.0,0.082368253369561231,0.082413884121524325,0.076567734280168248,0.070707885163969489,0.19053520084753917,0.22632230467322328,0.27108473754401419
Keith Smith,RB,DAL,21.746492046634938,0.0,0.064574361700454774,0.051501804810792313,0.052140206785520789,0.13222427963995037,0.34153751954227984,0.26429907002021957,0.09372275750078235
D.J. Foster,RB,NE,20.175760958965117,0.0,0.098431997587034442,0.09387959367302609,0.11373843780726212,0.1297880411511603,0.21330353017861392,0.20624141272088914,0.14461698688201394
Jalen Richard,RB,OAK,20.144878987992293,4900.0,0.10050697238151186,0.056456403217560812,0.11681064831655291,0.10876860767480193,0.30000277786426482,0.23391578351878184,0.083538807026525858
LeGarrette Blount,RB,NE,18.725597115390457,6000.0,0.28103338447117299,0.10566402516426722,0.067423024515244567,0.047756392654287362,0.095182308139510008,0.092336456332288444,0.31060440872322942
LeSean McCoy,RB,BUF,18.330729978701523,6800.0,0.38135699368692566,0.06093674111990862,0.054006973475074521,0.021672595144697725,0.040658556078537238,0.0662330768630401,0.37513506363181609
C.J. Anderson,RB,DEN,18.087833854953182,7800.0,0.022766360004487694,0.15290927706510049,0.2208837624502222,0.21655722865933016,0.1963181045968303,0.10048558153093941,0.090079685693089689
Mike Gillislee,RB,BUF,17.893966650151981,4800.0,0.26995697492180254,0.11330752040645499,0.12448186794540926,0.069431428278883572,0.074392809438700969,0.036089694943464604,0.31233970406528394
Rashad Jennings,RB,NYG,17.444572270819151,6300.0,0.015222699745368931,0.13409282575341167,0.27080447143017156,0.26493560328287108,0.1250148999433694,0.14413031537550905,0.045799184469298412
DeAngelo Williams,RB,PIT,17.310127554210077,7600.0,0.025005462945046349,0.18273713615516468,0.19608438697827626,0.17745232917533962,0.26958971764341877,0.12863169569153207,0.020499271411222143
Spencer Ware,RB,KC,16.807460669964676,6800.0,0.016053365226891582,0.1726877111440327,0.26406464239989913,0.2469737551183411,0.16473496177019575,0.079894761733906403,0.055590802606733311
Latavius Murray,RB,OAK,16.032205337266127,7100.0,0.18581207592574209,0.14033009978263766,0.19124678179986751,0.081757299768296529,0.19696797401809782,0.11652259192750528,0.087363176777853116
DeMarco Murray,RB,TEN,15.988574568760351,7400.0,0.18393574393186163,0.12805385409023376,0.11251249343914929,0.14915781682312984,0.29666501973748749,0.08825694966246557,0.041418122315672379
Matt Forte,RB,NYJ,15.333794628678,6800.0,0.017775243794345811,0.24974883935370754,0.27897575722429369,0.15320882907563532,0.21922200678091056,0.069604364619625894,0.011464959151481194
Tim Hightower,RB,NO,14.972965091222012,4900.0,0.058565711029797685,0.30943843147462807,0.16377382567896034,0.14121560242641834,0.21947578117292618,0.095261473314238621,0.012269174903030875
Danny Woodhead,RB,SD,14.832334448313251,6400.0,0.056168896663547754,0.29316849794857736,0.2165094152078281,0.16689561817882659,0.15179299387441467,0.078732684373304967,0.036731893753500569
Lamar Miller,RB,HOU,14.447918701954165,7700.0,0.090214095183466014,0.26087503092454606,0.327789774308483,0.10584453633762274,0.080116273100196089,0.02894095100752685,0.10621933913815911
Theo Riddick,RB,DET,14.360693720942065,5900.0,0.10673532284101342,0.25309358263498055,0.25605645625556672,0.10985273722772528,0.14104755976250996,0.10180627999949497,0.031408061278709001
Bilal Powell,RB,NYJ,14.224468666715687,5300.0,0.20565433290823096,0.15111806539154934,0.31914540615782255,0.094354775249042219,0.043467952562872607,0.074758547073872791,0.11150092065660951
Alfred Morris,RB,DAL,14.213536792550274,5300.0,0.23732685378834717,0.139004239728551,0.161816705203288,0.17768537099321205,0.167076948537391,0.054918953416094853,0.062170928333115952
Reggie Bush,RB,BUF,13.600343734549963,4900.0,0.44688696783451731,0.057822203007645762,0.1018876436721225,0.061027815170425832,0.10996570879215878,0.073425216014769562,0.14898444550836024
Derrick Henry,RB,TEN,13.440272561876075,5300.0,0.46127094445270672,0.090818714885367108,0.051609717476869668,0.05132302930616299,0.098742388074870777,0.10363407693867412,0.14260112886534865
Isaiah Crowell,RB,CLE,13.392941095249613,5800.0,0.27451522884708596,0.21401481800573174,0.19138680544885486,0.090866450050775538,0.062041838897999912,0.017068998313289195,0.15010586043626287
Carlos Hyde,RB,SF,13.093559560163929,6100.0,0.43950967194383544,0.1433387721072906,0.11385259329033791,0.033200216925788562,0.017756076828520612,0.042122901749402475,0.21021976715482438
Devonta Freeman,RB,ATL,13.05505798724638,7400.0,0.28930394846305135,0.18496269274852103,0.097034845536749598,0.10982518325673302,0.24241517676037153,0.042756692806105015,0.033701460428468534
DeAndre Washington,RB,OAK,13.054222921604516,4700.0,0.51200385663312786,0.074817962361269766,0.049638111967867042,0.031401501472706622,0.068370796508400139,0.096951869530604001,0.16681590152602443
James Develin,RB,NE,12.886087610410172,4500.0,0.53483168044184515,0.078781549058317579,0.04158435471285301,0.032333026371467587,0.05532453435555796,0.049647673885570578,0.20749718117438823
Christine Michael,RB,GB,12.847622237114546,5900.0,0.17027888177781861,0.25913948439292794,0.26684224126039774,0.15018976090544256,0.059029871873022492,0.016244485557847965,0.078275274232542824
Charles Sims,RB,TB,12.745206268696784,5600.0,0.16479033676016414,0.32656324517441981,0.19228886315068766,0.13925407078059124,0.034869689917716058,0.095906901437209424,0.046326892779211704
Fozzy Whittaker,RB,CAR,12.603667093143326,4800.0,0.35002990850747234,0.17970162710177251,0.17160894306287666,0.063613928582805596,0.059146546838577736,0.048638577395871123,0.127260468510624
Arian Foster,RB,MIA,12.588163026824287,7100.0,0.49619250905387458,0.11411576848736063,0.08582260556421098,0.037198287884171205,0.022421975390972605,0.038019125328995887,0.20622972829041405
Frank Gore,RB,IND,12.431967139311956,5700.0,0.2084399421595215,0.27361203406521889,0.18022820309115622,0.11505660634698038,0.15087774950142108,0.041974233909218096,0.029811230926483707
James White,RB,NE,12.431683122579802,5600.0,0.3248785776702563,0.17581792613125799,0.07918365120983864,0.1054089283110189,0.26354899390583014,0.033882575072026168,0.017279347699771887
Jonathan Stewart,RB,CAR,12.317352043613898,6700.0,0.46618255178911155,0.1273535560411265,0.10496209807915573,0.037722273614364997,0.053823236649518109,0.044655303861017556,0.16530097996570564
Ameer Abdullah,RB,DET,12.255103019805267,6700.0,0.18485989679974471,0.30416606490053227,0.23222741512188635,0.098864007239242227,0.086484277300803783,0.044812415499887862,0.048585923137902665
T.J. Yeldon,RB,JAC,12.121184330989184,6500.0,0.39063195526936484,0.20530137035943863,0.16149721308624251,0.032838224785782841,0.013920526734626773,0.020683550066321794,0.17512715969822279
Lance Dunbar,RB,DAL,12.075505302734046,4800.0,0.52824089502785254,0.078862233645941582,0.043463326312219788,0.045847350734938078,0.088392110092259391,0.093706577007700131,0.12148750717908854
Shane Vereen,RB,NYG,11.330812590483454,5100.0,0.34495684379736863,0.20952653532337973,0.1313941649643374,0.13128964952554711,0.073406496814769226,0.069945530150645752,0.039480779423952193
Mike Davis,RB,SF,11.035797063794373,4500.0,0.57021085576733077,0.11701643993168624,0.058566294225983681,0.02918288225993634,0.012719049163368556,0.03026238019605006,0.18204209845564423
Andy Janovich,RB,DEN,10.952203718859206,4500.0,0.47356321856956396,0.16432196607489766,0.10797143106799777,0.04639375683868005,0.041825723730721923,0.049875749363921168,0.11604815435421754
Travaris Cadet,RB,NO,10.820014178692038,5300.0,0.32404842526330319,0.2883296157891862,0.11560710373562269,0.059691582332306745,0.11264308030081667,0.08873953832278679,0.010940654255977683
Doug Martin,RB,TB,10.615705433531227,7100.0,0.18513594392030036,0.42633734460950495,0.1764998201862977,0.13035679098796468,0.020326876787977038,0.018203154128910454,0.043140069379044667
Thomas Rawls,RB,SEA,10.460571145058129,6600.0,0.62218180898278608,0.10358188850986774,0.040340244671738357,0.016007666146734569,0.0095204748216635385,0.021763004136959332,0.18660491273025032
Eddie Lacy,RB,GB,10.410777242771127,7000.0,0.43672911125153391,0.1970533595431771,0.11772264697718507,0.069284746557502302,0.078436862512818228,0.017980780128462492,0.082792493029320888
Alfred Blue,RB,HOU,10.281304968658947,4900.0,0.26684217888621675,0.32208425303399874,0.19377661548325112,0.10341904091602291,0.06959531732257869,0.019901163755768073,0.024381430602163818
Paul Lasike,RB,CHI,10.102287841418274,4500.0,0.49214688909705989,0.13252808316411774,0.14000484386815576,0.068499737115789563,0.050803414270640113,0.036602521462828705,0.07941451102140816
Justin Forsett,RB,DEN,10.078347453324604,6600.0,0.5349395350294931,0.16028755801170236,0.089915737688011088,0.028914028827871044,0.026390646558193134,0.035896950459953066,0.12365554342477621
Brandon Bolden,RB,NE,9.8946827627422689,4900.0,0.45541442715938729,0.17882036712065463,0.095505112602976824,0.07533610590487648,0.14196967754823747,0.019322720333914571,0.033631589329952812
Kyle Juszczyk,RB,BAL,9.8708066923965099,4500.0,0.46882662197086122,0.16246755799631682,0.096209468048596036,0.11089583855079152,0.065139316227897509,0.067311812009440378,0.029149385196096413
Melvin Gordon,RB,SD,9.8471765041231372,6600.0,0.5489990384218516,0.15083194539047881,0.10091736125186253,0.027369047735151621,0.019029860741953546,0.023333870149605078,0.12951887630909678
Matt Jones,RB,WAS,9.7381279606095674,6200.0,0.67681310279338314,0.060555930141635593,0.032279743220236939,0.016033966223257482,0.024314964618189827,0.038577657416105096,0.1514246355871918
Jalston Fowler,RB,TEN,9.7164487079629005,4500.0,0.62754299130511271,0.076661560782380067,0.038556164175700736,0.036172028025467429,0.064697256180132709,0.062796168860650453,0.093573830670555885
Darren Sproles,RB,PHI,9.629695506168412,5400.0,0.36715277764299803,0.26100534760273442,0.16534493219129501,0.081600472846201103,0.061758140994495239,0.045326153308681331,0.017812175413594887
Kapri Bibbs,RB,DEN,9.5863416344711059,4500.0,0.55274178373755711,0.1486277406835394,0.088940380001555172,0.037686512096961625,0.033534922129235888,0.037657131588491134,0.10081152976265961
Ezekiel Elliott,RB,DAL,9.463956651446372,7900.0,0.65184392763281529,0.082541951737520908,0.036124007657600564,0.021629978319816719,0.040237309751261739,0.051590781722897439,0.11603204317808739
Mike Tolbert,RB,CAR,9.3711229824693891,4700.0,0.42990607479811888,0.21198330410678157,0.16166230406654625,0.064982928700912421,0.070853922010354481,0.022281547301675309,0.038329919015611051
Jerick McKinnon,RB,MIN,9.335372311158066,5000.0,0.42726408315874892,0.28533560675768005,0.12025373373531291,0.043120308000583571,0.023583196561158766,0.023561525903619752,0.076881545882895849
Jeremy Langford,RB,CHI,9.3218957670762617,6500.0,0.28168306616946642,0.40512531862785894,0.16248193285182888,0.054550693795908892,0.050518917946327145,0.018732162030175185,0.026907908578434499
Shaun Draughn,RB,SF,9.2891585358271733,4800.0,0.63634286207561053,0.099451286703273564,0.070048264298025825,0.023174906902071135,0.010944770427081587,0.023510881939349138,0.13652702765458827
Zach Line,RB,MIN,9.2238346863493952,4500.0,0.62831148333743692,0.12329582585062053,0.067076055662578377,0.013274006386031002,0.0088910271635669787,0.015035025411160184,0.14411657618860613
Malcolm Johnson,RB,CLE,9.1960957661255183,4500.0,0.65912058055453127,0.095488557830332429,0.063443234967897874,0.011967008732026939,0.0045211800339837183,0.0084186447340136861,0.15704079314721406
Kenneth Farrow,RB,SD,9.1370854987038062,4500.0,0.53709505930168389,0.11924769240938465,0.14243103055312059,0.06530788142588044,0.044731732347323486,0.02950410213249673,0.061682501830110217
Alex Collins,RB,SEA,9.0917479060685125,4600.0,0.55402459001729432,0.11624786412411994,0.11401512230590941,0.075215964326249066,0.045826231819044036,0.033491883950100769,0.061178343457282548
Terrance West,RB,BAL,9.0209058540516409,5400.0,0.48331888521687938,0.18121255588548194,0.09518733109094811,0.12753560469258443,0.055606255545618467,0.029229181808298293,0.027910185760189447
David Johnson,RB,ARI,8.902400181180516,9000.0,0.37818825467478784,0.24287343375372092,0.25802551364630888,0.058801918363677659,0.018855322150482565,0.007621727783228829,0.035633829627793392
Tyler Ervin,RB,HOU,8.7336316750907166,4500.0,0.5495329314241999,0.17745072155293062,0.11500525002176554,0.029850422342044061,0.01874967381396072,0.02430423623562589,0.085106764609473362
Jordan Howard,RB,CHI,8.6037846611998816,5400.0,0.57174383429913489,0.11917549244886957,0.12856822457624614,0.054925401478177531,0.0389812229614779,0.026129308784293318,0.060476515451800592
Dwayne Washington,RB,DET,8.5913044479778158,4500.0,0.61882126279901573,0.13929786478063258,0.074220971596199656,0.024623389170990842,0.015307393802246614,0.023211951420248532,0.10451716643066611
Jeremy Hill,RB,CIN,8.467857893322785,6600.0,0.40501410404472182,0.3019764192895672,0.14911145511910401,0.064248996883953843,0.0427064642392775,0.006884827482754134,0.030057732940621504
Adrian Peterson,RB,MIN,8.4472555318240428,8200.0,0.38272096134410993,0.3561367330581503,0.1597431508436602,0.03049299828027718,0.012032129851458817,0.0056404104483742277,0.053233616173969288
Devontae Booker,RB,DEN,8.3882305253847917,5200.0,0.61747683584744861,0.13685226671503295,0.078118108784569318,0.028681086715786262,0.02482606270581467,0.028057696787729729,0.08598794244361857
Jay Prosch,RB,HOU,8.3375595071847108,4500.0,0.57358285819877231,0.17162688251550406,0.10863497212453675,0.027378299461153267,0.017069034980247151,0.021931770873797399,0.079776181845989072
George Atkinson,RB,CLE,8.2915513932744425,4500.0,0.59018746315886783,0.11873393872385701,0.13920921899226749,0.044147745048667371,0.019507762470359312,0.015137699013213778,0.073076172592767372
Mark Ingram,RB,NO,8.2913284536699443,7000.0,0.64219433748047428,0.13469218165596095,0.059490002591604377,0.018669405461702562,0.019910168039017084,0.029227177106280935,0.095816727664959786
Daniel Lasco,RB,NO,8.1882557523496153,4500.0,0.58639349841186095,0.11700893386177313,0.12233587539547276,0.056948836685224657,0.044793501925496013,0.030283900747715913,0.042235452972456441
Corey Grant,RB,JAC,8.0413194941105388,4500.0,0.6384184454988352,0.13664902765158854,0.086255526570322497,0.019590189178776751,0.0072679904332351303,0.010374030384313551,0.10144479028292856
Jonathan Grimes,RB,HOU,7.6673187066754931,4500.0,0.49120079799912242,0.26123379287727116,0.10853643465260659,0.056571159053606525,0.050683839023077146,0.015881733775712118,0.015892242618603936
Charcandrick West,RB,KC,7.6528127449346233,5800.0,0.4695420038801752,0.27827503658920683,0.12659259233905101,0.068097552066680167,0.026585972151038532,0.0082857976097285967,0.022621045364119713
Ty Montgomery,RB,GB,7.6259822364228187,4500.0,0.71151245453303924,0.094234549723278188,0.041292920031812314,0.022239753667789706,0.01573304339547113,0.019128458869035764,0.095858819779573598
Aaron Ripkowski,RB,GB,7.6259822364228187,4500.0,0.71151245453303924,0.094234549723278188,0.041292920031812314,0.022239753667789706,0.01573304339547113,0.019128458869035764,0.095858819779573598
Jacquizz Rodgers,RB,TB,7.4327760127007618,4700.0,0.57251330083984775,0.16346022630356649,0.14523254185211981,0.050205642897108244,0.017913989658696002,0.012683956473376,0.03799034197528578
Ryan Mathews,RB,PHI,7.3866044768468297,6300.0,0.49603257350846935,0.25891920088988146,0.12958562059741441,0.052095463788899656,0.034992031550626933,0.01430818473676891,0.01406692492793917
Daryl Richardson,RB,PIT,7.3348693197424959,4500.0,0.71692683911820509,0.086874011273961188,0.036063414042482693,0.028910187177313397,0.027406011223386456,0.042139048937431013,0.061680488227220213
Duke Johnson,RB,CLE,7.2475576127967596,5400.0,0.65762915050283499,0.13409856591984848,0.078220764215190849,0.032592152621240308,0.024238203124910148,0.0077969371053864681,0.065424226510588893
Josh Ferguson,RB,IND,7.2387310735643808,4500.0,0.63677624959319912,0.16522167965416953,0.073725246561867214,0.027238663924665028,0.017568983153262586,0.022311689123673723,0.057157487989162793
Kenjon Barner,RB,PHI,6.8112105789169481,4800.0,0.58953623298085756,0.19729436266656505,0.091709148833304791,0.055674664519902092,0.035577084582553264,0.016105445432678032,0.014103060984139307
Todd Gurley,RB,LARM,6.7689425183968517,8400.0,0.57950172378865528,0.21609185479277995,0.13473264759551126,0.021525525562492539,0.0017287473935213987,0.0033246454678353388,0.043094855399204296
Michael Burton,RB,DET,6.6743147497788637,4500.0,0.69339876539591039,0.13308366071796168,0.062939490514813734,0.019945354504183496,0.016439317089156531,0.021300133478550452,0.052893278299423772
Jay Ajayi,RB,MIA,6.664185533725318,4700.0,0.67955262271259542,0.091256209615315748,0.096659255449026024,0.06577352078132051,0.030429478857414958,0.0046093488933675458,0.031719563690959532
Fitzgerald Toussaint,RB,PIT,6.6420555769689003,4600.0,0.65212814932694618,0.15556903361149263,0.068656650985477893,0.045513280414864944,0.033219835085534451,0.017216820344897736,0.027696230230786201
Stepfan Taylor,RB,ARI,6.6367238270899378,4700.0,0.61459857311344723,0.11023304742407876,0.19233975806988488,0.048652439957638759,0.012360755152038742,0.0031789396439038942,0.01863648663900749
Ryan Hewitt,RB,CIN,6.4091551081128966,4500.0,0.71261591480421838,0.12681715405272759,0.064956860669763986,0.018399374243609646,0.009345863963273502,0.005735228056828837,0.062129604209577957
Denard Robinson,RB,JAC,6.3908236872704718,4800.0,0.64545265944202712,0.15541535862573336,0.1323652059087298,0.015822164751351935,0.0053544018181313074,0.0048009973112346895,0.040789212142791853
Kenyan Drake,RB,MIA,6.3297269896638024,4900.0,0.79376904900856604,0.063128697330070815,0.032395614520271503,0.013794484915531128,0.0068474198914620331,0.010778957281289496,0.07928577705280887
Chris Thompson,RB,WAS,6.2145307757731221,5200.0,0.74992422120591817,0.074091530358686028,0.069289764485110969,0.025961509224588196,0.022502551360496229,0.010771592775890704,0.04745883058930974
Patrick DiMarco,RB,ATL,5.9502293140087152,4500.0,0.77627626342623912,0.067130174446757965,0.029817300733855964,0.026225807475801034,0.057580718986141033,0.016681659025016806,0.02628807590618799
Wendell Smallwood,RB,PHI,5.9346890058218698,4500.0,0.7176719164568196,0.13691983506740618,0.060990451484206586,0.01935496620240831,0.011174380857913427,0.016666855642282395,0.037221594288963683
Matt Asiata,RB,MIN,5.7978083853373183,4800.0,0.71340691701203651,0.15591051684450261,0.064008553031062038,0.011715519921440825,0.0047939292348355518,0.0031719255050824497,0.046992638451040014
Giovani Bernard,RB,CIN,5.7972028493049645,5500.0,0.65553318425366858,0.18860894572058207,0.090245234495148013,0.024525535641339174,0.017822810927222026,0.003829715824034297,0.019434573138005798
Taiwan Jones,RB,OAK,5.7530274438165891,4500.0,0.80148893185218462,0.055495542777825278,0.047393352545781406,0.013573222365462082,0.023373316897225223,0.010187541294165159,0.048488092267356432
Chris Johnson,RB,ARI,5.6965849110455924,5600.0,0.78049223407011292,0.10023803084858289,0.038174277732167576,0.0092306400998525048,0.0065490782506713386,0.010473427264683498,0.054842311733929262
Andre Ellington,RB,ARI,5.537887851112222,4700.0,0.7168706141633101,0.11943131112398046,0.10401387606819479,0.024916713740106382,0.0063437730936489857,0.0031739022685170113,0.025249809542242204
Ka'Deem Carey,RB,CHI,5.377888315178132,4800.0,0.66397241145279817,0.21631596465890821,0.069513971502354166,0.017978511062922212,0.014350742225302868,0.0048328939020736653,0.013035505195640552
Jamize Olawale,RB,OAK,5.1941739943283824,4500.0,0.82722765418315225,0.055189228641345962,0.037872621776787033,0.012349731110012301,0.020928663540139881,0.0097814504569978568,0.036650650291564717
James Starks,RB,GB,5.0820080238365151,5300.0,0.80251232778760395,0.08911440573367102,0.033592008084095862,0.020895535258076681,0.019165718806235833,0.0032842175205278676,0.031435786809788847
Benny Cunningham,RB,LARM,4.9871049394215694,4900.0,0.72119414766525924,0.16110595556473889,0.066336068378099994,0.03124821326830193,0.0062338756314505818,0.0035123689775360301,0.010369370514613365
Knile Davis,RB,KC,4.5834046272326585,4500.0,0.78312200201742521,0.12975303257076676,0.043627496252520562,0.017282250272121897,0.0068732107201155508,0.0035931642746199603,0.015748843892430163
Antonio Andrews,RB,TEN,4.5032534060197209,4800.0,0.87788924393076018,0.033877461806617583,0.014853440662285305,0.017009736998617516,0.029660382411423412,0.0041451165371428917,0.022564617653153134
Chase Reynolds,RB,LARM,4.4442001651956913,4500.0,0.79963671134801706,0.11766722886660619,0.050627690272885266,0.0088068047293645649,0.0015102768853236419,0.002618312958898702,0.019132974938904569
Orleans Darkwa,RB,NYG,4.3686361860155642,4500.0,0.83007451961240153,0.083936910460996425,0.0424007149958485,0.016837951240736924,0.0055466793000711239,0.0036884218044812146,0.017514802585464319
John Kuhn,RB,NO,4.1504068391788822,4500.0,0.85915195160631008,0.070584913046351241,0.025992492107298596,0.011151030387809903,0.014825930685604932,0.0027695182760579837,0.015524163890567457
Robert Turbin,RB,IND,4.1283400964943278,4600.0,0.84798763189638326,0.078803339606159983,0.035540197227335833,0.011100948225337352,0.0086895353913179329,0.0056573071671845989,0.01222104048628108
Rex Burkhead,RB,CIN,3.7203045856128125,4500.0,0.86994989710786175,0.078158290363127506,0.030201118111332113,0.0066522680315540591,0.0043984483313487437,0.00080670949288661441,0.0098332685618893207
