name,pos,team,expectation,salary,prob_0_5,prob_5_10,prob_10_15,prob_15_20,prob_20_25,prob_25_30,prob_30+,label
David Johnson,RB,ARI,15.172167360540193,9000.0,0.088398740315603616,0.20785343235010223,0.23400439021404174,0.19147911166988973,0.15850870090606378,0.085541625894678452,0.034213998649620894,2.0
DeAngelo Williams,RB,PIT,13.800899672062833,7600.0,0.11008416343052274,0.26135744613152706,0.22043412006500016,0.21656706634328152,0.0970229327856202,0.062874296738402086,0.031659974505646601,1.0
Devonta Freeman,RB,ATL,13.778713891216825,7400.0,0.11586510299194433,0.2425944780885104,0.23845084971778266,0.22709841045934065,0.077735440295326128,0.063101707830776621,0.035154010616319863,1.0
C.J. Anderson,RB,DEN,13.184597189045302,7800.0,0.11759291729147164,0.25793362077861343,0.26650534343415572,0.21544450296715312,0.057787843594951968,0.054861513791923638,0.029874258141730798,2.0
Matt Forte,RB,NYJ,12.914739532461084,6800.0,0.14275894428081909,0.2779754048559801,0.24374258395724741,0.17722234062727901,0.075389319096478474,0.03644074082018884,0.046470666362007168,1.0
DeMarco Murray,RB,TEN,12.843175338858629,7400.0,0.14982294185720682,0.2822758426726516,0.22190074192144207,0.18740800529023371,0.076042353547247615,0.040274289617614242,0.042275825093604197,1.0
Latavius Murray,RB,OAK,12.380845897694742,7100.0,0.17308975898210507,0.28522576340617489,0.21183660462652321,0.17276539142092334,0.081241232361494525,0.045972677764723899,0.029868571438055297,1.0
Doug Martin,RB,TB,12.369934938720689,7100.0,0.15500715106649782,0.25378304968411308,0.25871792632563062,0.21220986503696371,0.064599709241815309,0.036130191907838199,0.019552106737141518,2.0
Ezekiel Elliott,RB,DAL,12.185181019070486,7900.0,0.17841710317497755,0.27584251921026509,0.21823967048036749,0.198110683683759,0.055505583615232883,0.047925933866133447,0.025958505969264814,1.0
Eddie Lacy,RB,GB,11.844106527723673,7000.0,0.18217331784700913,0.28286571556872098,0.23846794602237836,0.17019413877953155,0.067817888103685012,0.03530715315564454,0.023173840523030634,1.0
Mark Ingram,RB,NO,11.736447363029987,7000.0,0.21093889737534591,0.24788830783745816,0.26636843229010787,0.1457891942395271,0.053523635654023072,0.050328524712899433,0.025163007890638859,2.0
Lamar Miller,RB,HOU,11.635564540298542,7700.0,0.16821053992073723,0.30190923371792844,0.24774161358283675,0.1713938208545227,0.064290174936043942,0.029051150368793563,0.017403466619137654,1.0
Spencer Ware,RB,KC,11.556347964053037,6800.0,0.20157046745940704,0.25751773840532638,0.27458727483322459,0.15660097337120199,0.063022484690818892,0.013914968132127843,0.032786093107893988,2.0
Danny Woodhead,RB,SD,11.308413866671483,6400.0,0.23627364831194259,0.23353444185694197,0.27535043029037715,0.14511512858165612,0.057095268075109715,0.018920683929755742,0.033710398954217576,2.0
Ameer Abdullah,RB,DET,10.785525066052031,6700.0,0.20896998634745786,0.34204949678350682,0.2196553980427981,0.12156849458554819,0.059969438354678266,0.026303483395418544,0.021483702490592681,1.0
LeSean McCoy,RB,BUF,10.70369044245041,6800.0,0.24861793179895073,0.26092988261182942,0.27617054676810432,0.11233813863422762,0.049228024084906147,0.03273999637543034,0.019975479726551486,2.0
Frank Gore,RB,IND,10.652062855814176,5700.0,0.22282497189313663,0.33516236197461524,0.20693458260157405,0.12916580605577091,0.066107414820326907,0.019518427145528622,0.02028643550904741,1.0
Rashad Jennings,RB,NYG,10.644343097012134,6300.0,0.22213868539210818,0.314254776747938,0.25432737206420658,0.11292483219679547,0.054929951399791212,0.014529125305350396,0.026895256893811077,1.0
Adrian Peterson,RB,MIN,10.503038084883634,8200.0,0.25711854588578847,0.27959444494897351,0.22505181295066692,0.14855100824780676,0.049558905771168719,0.022528957315366888,0.017596324880229164,1.0
Arian Foster,RB,MIA,10.357902036169653,7100.0,0.26693309112600622,0.28581781570281034,0.25514210969493373,0.093840243753478436,0.042656360384297452,0.025423510904302178,0.030186868434171812,1.0
Jeremy Hill,RB,CIN,10.240945057917314,6600.0,0.26541067877662256,0.31705496375835179,0.20580702061777767,0.10830651643600409,0.06058817139404192,0.017442964604293076,0.025389684412909255,1.0
Ryan Mathews,RB,PHI,10.228657818202665,6300.0,0.27895835194659679,0.29763466272957806,0.20607990370197904,0.12696492547389526,0.039730942796287388,0.02198956059043625,0.028641652761227734,1.0
Carlos Hyde,RB,SF,10.099056455017603,6100.0,0.30492274861029406,0.2372718844561989,0.27188863882010628,0.094534901604931304,0.036514713298588214,0.031691776644178465,0.023175336565703083,0.0
Jeremy Langford,RB,CHI,9.9548984297382699,6500.0,0.29022047789193284,0.29059614886726159,0.22024593396485528,0.11596307029819812,0.039430763568781911,0.019169354118233423,0.024374251290737281,1.0
Tevin Coleman,RB,ATL,9.9538808754410226,6100.0,0.29914800346150355,0.32494992818800456,0.17682562615042577,0.097323681125728437,0.049724720824423391,0.011251462466650377,0.040776577783264267,1.0
Christine Michael,RB,GB,9.8726005522744416,5900.0,0.33308871637393905,0.24662602300481665,0.20949982390665037,0.1163924194803829,0.054396833512308652,0.011896898030653568,0.028099285691249164,0.0
Alfred Morris,RB,DAL,9.7677142405158968,5300.0,0.36065037407239847,0.27332206763959399,0.12714614739991292,0.13567556659553839,0.054890865130172696,0.0098060261326949651,0.038508953029688993,0.0
Thomas Rawls,RB,SEA,9.7377484179547533,6600.0,0.32449868976335483,0.2394019478553199,0.26904146324501865,0.088768971653236897,0.03064346924036573,0.019007640835440286,0.028637817407264315,0.0
Jonathan Stewart,RB,CAR,9.6948921095393068,6700.0,0.27633416339084099,0.3250331318850298,0.22021959416825684,0.10427756394931541,0.035810097520357083,0.021121599535570024,0.017203849550629723,1.0
Isaiah Crowell,RB,CLE,9.6918712329741581,5800.0,0.29157939716020426,0.30391985256585979,0.22712167132612729,0.09118388371039178,0.05395838067611463,0.012475611404922409,0.019761203156380198,1.0
LeGarrette Blount,RB,NE,9.661325863386363,6000.0,0.33413043318172003,0.23027454889490076,0.24786803117307435,0.11419660900104757,0.031388363093853934,0.023874542134972056,0.018267472520431455,0.0
Justin Forsett,RB,DET,9.6524121327648551,6600.0,0.33666149261024297,0.24960189245567047,0.24461408155241088,0.086735846508729023,0.031807743263546628,0.016366183365998647,0.034212760243401773,0.0
Todd Gurley,RB,LARM,9.5861256251493021,8400.0,0.31580132677229683,0.25359891587343864,0.27762409456526654,0.082819320049217091,0.030039763652226506,0.013997839199849262,0.026118739887705415,0.0
T.J. Yeldon,RB,JAC,9.2113042232060618,6500.0,0.33456944335503908,0.24682560598973668,0.29797089755217782,0.05635553687450813,0.027822065716950613,0.011885572179686081,0.02457087833190191,0.0
Melvin Gordon,RB,SD,9.1265132413167294,6600.0,0.34450727580576501,0.28826589409286468,0.21948063148136443,0.073211723486203362,0.02597347697615094,0.027400050120131181,0.021160948037520406,0.0
Theo Riddick,RB,DET,8.8268589258802379,5900.0,0.30088601667668746,0.37436994870648643,0.19388684677149609,0.073647423742028428,0.032200854691805662,0.0060503054943080647,0.018958603917187865,1.0
Matt Jones,RB,WAS,8.691638154249766,6200.0,0.42083158925851272,0.23071041378421342,0.18121065985334892,0.099584780472916593,0.028449867545617374,0.014826928864813457,0.024385760220577767,0.0
James White,RB,NE,8.1327806531606299,5600.0,0.41596333429183452,0.30208466934945488,0.1381085527292425,0.082063649496567068,0.034984646825843235,0.0080290916431742833,0.018766055663883167,0.0
Charles Sims,RB,TB,8.1316507518821037,5600.0,0.40929955894213466,0.29470887637145232,0.15836708422635717,0.085602753720450744,0.025626765970614244,0.010663642993329369,0.01573131777566129,0.0
Shane Vereen,RB,NYG,8.1128726238577844,5100.0,0.37441138525278922,0.37345848978159452,0.10585056740443012,0.08725375227215143,0.040729634725030703,0.0041266694676699404,0.014169501096334606,0.0
Tim Hightower,RB,NO,8.0193342778817609,4900.0,0.47171138367409782,0.25424208232300494,0.12547200689614946,0.06338812548075537,0.047998642073198663,0.016799081578116135,0.020388677974677957,0.0
Darren Sproles,RB,PHI,8.0062786844795397,5400.0,0.42992345934057158,0.28951012370570084,0.14291928261377027,0.071336221174641473,0.041035474165920037,0.011022577147344058,0.014252861852052469,0.0
Charcandrick West,RB,KC,7.9028132217274552,5800.0,0.46939315548790128,0.24464288409971363,0.15004943138854263,0.064743754196106618,0.040473058852952722,0.013225169578354443,0.017472546396429086,0.0
Duke Johnson,RB,CLE,7.8224244936247773,5400.0,0.44026432289521433,0.30167602666474858,0.13542001813421353,0.069776930422979319,0.020926137009818799,0.0057694501274006289,0.026167114745625115,0.0
Giovani Bernard,RB,CIN,7.6630104901887099,5500.0,0.48680698635886144,0.26239937215518289,0.12350555473273724,0.057754902522121072,0.035226504186991456,0.0093150187892887155,0.02499166125481727,0.0
James Starks,RB,GB,7.0422485850251011,5300.0,0.53788371409970326,0.24395561094159904,0.10346193015490095,0.053316090295251514,0.035202490932486757,0.0089060347376425705,0.017274128838416107,0.0
Terrance West,RB,BAL,6.887774586905012,5400.0,0.56414943056077838,0.22392673653083373,0.11494481157556796,0.041187737975445456,0.021629490685272704,0.0055961808913698322,0.028565611780731744,0.0
Travaris Cadet,RB,NO,6.7891969785501125,5300.0,0.50447770439236794,0.30317494113452315,0.087465334511404161,0.066141267610585586,0.02369911804665403,0.0075047416298039942,0.0075368926746612348,0.0
Derrick Henry,RB,TEN,6.7260657186974813,5300.0,0.64022000380547406,0.16923019890205765,0.064730810693645738,0.051209969699126584,0.033066824039431356,0.0062667569311173595,0.035275435929146955,0.0
Shaun Draughn,RB,SF,6.6164121942179328,4800.0,0.60079822548380934,0.18617221933350564,0.13409213942012432,0.033013566523806687,0.0096384716480862314,0.0030157332221849497,0.033269644368483418,0.0
Alfred Blue,RB,HOU,6.5897084652338958,4900.0,0.59052683380889648,0.20975281598609255,0.078623866539029322,0.081573590537962051,0.015471945318958045,0.0079990464439937056,0.016051901365067879,0.0
Chris Thompson,RB,WAS,6.3938443297553009,5200.0,0.60943054342121838,0.20216121888008481,0.097712430537500811,0.047503632397661089,0.01479618626108537,0.0033911876715133431,0.025004800830935769,0.0
Kenjon Barner,RB,PHI,6.2395280653109335,4800.0,0.62468665251750644,0.19686590880948768,0.090941494316473429,0.045756939800676938,0.014610409230667922,0.0019710735457826745,0.025167521779405518,0.0
Jalen Richard,RB,OAK,6.1897331329448271,4900.0,0.66578953582323752,0.14951665015797549,0.09206011588674555,0.043037086506657066,0.010039707173701312,0.014720148328812464,0.02483675612287076,0.0
Jerick McKinnon,RB,MIN,6.1471667078529402,5000.0,0.61732133810899015,0.22106301646746579,0.070941218217937668,0.049242751745828497,0.018351242468872906,0.0031121005910748779,0.019968332399830081,0.0
Bilal Powell,RB,NYJ,5.9884208506263628,5300.0,0.65612751903842492,0.16082448108770017,0.10519772937077762,0.035253608930717564,0.018858187505845083,0.006019618634662563,0.017718855431872467,0.0
Josh Ferguson,RB,IND,5.9785987413159454,4500.0,0.74591771934843598,0.13402422628709917,0.042860252506503785,0.0067571945366562683,0.00084005516953558981,4.0250874353196822e-05,0.069560301277416178,0.0
Brandon Bolden,RB,NE,5.8188510339631376,4900.0,0.66379097017451782,0.1983794385165164,0.066134583073603481,0.024685933834934531,0.016366634099126975,0.0037190651539068106,0.02692337514739369,0.0
Mike Tolbert,RB,CAR,5.7421002558051368,4700.0,0.66584545285619989,0.18502426562685925,0.078833850369078473,0.027622136153009357,0.018644475800951729,0.0052733677514549037,0.018756451442446431,0.0
Mike Gillislee,RB,BUF,5.5374120492743772,4800.0,0.71301929608017456,0.12888499557526989,0.087105613716771293,0.036613784396950406,0.01101351247710536,0.00091160110163136798,0.022451196652097424,0.0
Fitzgerald Toussaint,RB,PIT,5.4096217902486368,4600.0,0.71055525303815736,0.15487072409524369,0.070534922161551938,0.030636283580003563,0.0067598588420475902,0.0040958168775258241,0.022547141405469248,0.0
Chris Johnson,RB,ARI,5.3026867352127258,5600.0,0.70638297650417103,0.16554845166227991,0.074447503383592073,0.018907140431721151,0.0103527248578334,0.006924168437356092,0.017437034723046672,0.0
Benny Cunningham,RB,LARM,5.260900111783374,4900.0,0.70777192970770031,0.17333710776088823,0.057709751579191546,0.027479188001898847,0.014196675299348328,0.0017237423313418165,0.017781605319631431,0.0
Denard Robinson,RB,JAC,5.2528016484990134,4800.0,0.73485388951025876,0.15187235001921293,0.050957852009145786,0.0227130730965368,0.010546194311346815,0.0016132584802976556,0.027443382573201835,0.0
Taiwan Jones,RB,OAK,5.2288126973230442,4500.0,0.71066450393868974,0.19530282093108575,0.052849598164547304,0.0054698568917117621,0.0014539214048640775,0.00010011695954970012,0.034159181709552025,0.0
Matt Asiata,RB,MIN,5.0674144275104975,4800.0,0.73865624443922895,0.15325170268123789,0.042875811625883949,0.037994349134098791,0.0062239010814245134,0.00059068927114265925,0.020407301766982491,0.0
DeAndre Washington,RB,OAK,5.0219263727062806,4700.0,0.78353618886579268,0.12447554399847675,0.029818406826869457,0.019741459490512016,0.0039789345877888011,0.0031924869548619803,0.03525697927569834,0.0
Kyle Juszczyk,RB,BAL,4.8728001758698971,4500.0,0.74638187246964793,0.1690242528250793,0.033127914801146352,0.025341690444051834,0.0024565248150164795,0.00027437202566234513,0.023393372619396023,0.0
Jonathan Grimes,RB,HOU,4.8373103140850944,4500.0,0.79233792596564723,0.080526462502671717,0.064906457472962836,0.024549142630486607,0.023809776225748789,0.0012802508281178006,0.01258998437436573,0.0
Mike Davis,RB,SF,4.8005457926521391,4500.0,0.78309816539079158,0.10741094952280965,0.060661419171875071,0.020192529229758768,0.0049369134001739749,0.0020000146506297025,0.021700008633961126,0.0
Keith Smith,RB,DAL,4.7969845571928857,0.0,0.80419826251971893,0.12662735982010781,0.011482848134619384,0.0099747741697791079,0.011992708672426465,0.00019840352771506687,0.035525643155632676,0.0
Robert Turbin,RB,IND,4.7600019705952219,4600.0,0.75348283417790518,0.15399950506986279,0.045732943460821789,0.025183075263214637,0.0033056158285786866,0.00077390484928563711,0.017522121350330946,0.0
Andy Janovich,RB,DEN,4.7578876630577005,4500.0,0.7923570757922811,0.12913099623549257,0.030829198786053183,0.010976680575037768,0.0039133200005709353,0.00063194592808608191,0.032160782682478996,0.0
John Kuhn,RB,NO,4.7554474768715851,4500.0,0.76874245091837279,0.13295000444736738,0.059149040422311741,0.011992678219894986,0.0034634960986217335,0.00270383551942973,0.020998494374000923,0.0
Ka'Deem Carey,RB,CHI,4.7169444672611247,4800.0,0.78494310373627851,0.12609216518698133,0.044747400659523442,0.013937987601786519,0.0033599190975555889,0.0016186442770425213,0.025300779440831173,0.0
Andre Ellington,RB,ARI,4.5220161939972128,4700.0,0.78272649297323205,0.13198093482759138,0.042106923470659426,0.023697979956972634,0.003505131913726818,0.00052833338074080333,0.015454203477077358,0.0
Jordan Howard,RB,CHI,4.4816394576990959,5400.0,0.85175300047705171,0.076141424321134424,0.023598566271480596,0.010097985045437142,0.0022756434162272293,0.00084944478122692211,0.035283935687441391,0.0
Fozzy Whittaker,RB,CAR,4.4790257598332008,4800.0,0.80537244134309371,0.1187846879323106,0.035795853816125496,0.012833471229974334,0.0037521417751821833,0.00038623317340697724,0.023075170729906464,0.0
Devontae Booker,RB,DEN,4.4274565401907156,5200.0,0.80006579554858182,0.12224207368596915,0.040569508539459995,0.012157447650326439,0.0062196967333167201,0.00072434572416057422,0.018021132118185366,0.0
Lance Dunbar,RB,DAL,4.4146260427840742,4800.0,0.82719629890246449,0.10623766118151429,0.021804834207385118,0.013366560796318771,0.0043558695651048467,0.00013154763048297153,0.026907227716729213,0.0
Jamize Olawale,RB,OAK,4.293845983899776,4500.0,0.83338898445985621,0.099892941633022023,0.024845430543090817,0.009374372742398827,0.0092509233648359283,0.0046994498633079213,0.018547897393487965,0.0
Dwayne Washington,RB,DET,4.0258806749278335,4500.0,0.85116331909636767,0.078787843180062128,0.044262276398852253,0.0052029135619423399,0.0037757902609464244,0.001399490989138765,0.015408366512691238,0.0
Jay Ajayi,RB,MIA,3.993465907546113,4700.0,0.86146511947591398,0.077985821565140973,0.027437395735561743,0.011434764564667226,0.0021514190440071208,0.0026620125951219804,0.016863467019587356,0.0
Patrick DiMarco,RB,ATL,3.9459324147691017,4500.0,0.86421772374918537,0.089692521293144548,0.012565267976234286,0.011769740539732688,0.00078124424389160564,0.00026569144822025619,0.020707810749590997,0.0
Reggie Bush,RB,BUF,3.9356147979239484,4900.0,0.8390780519977834,0.113878328310305,0.02124644926646423,0.0094890949578407165,0.001268275210016606,0.00036490309757674153,0.014674897160012936,0.0
Tyler Ervin,RB,HOU,3.8867805987701889,4500.0,0.85857083699619174,0.10035291685174735,0.015724712510106532,0.0046430312606193531,0.0011128522379171139,0.00013230052244218063,0.019463349620975408,0.0
Malcolm Johnson,RB,CLE,3.7882972724873847,4500.0,0.88625354627574193,0.072649977210129779,0.01411144018568457,0.0046388625466359679,0.00084811793723378679,0.00017321697506214058,0.021324838869511455,0.0
Jay Prosch,RB,HOU,3.7832425617261563,4500.0,0.86372549086158135,0.10206365906979774,0.010456868582544515,0.0051049032291787325,0.0010310990478639508,0.00018990308491106735,0.01742807612412264,0.0
Antonio Andrews,RB,TEN,3.6212280632325293,4800.0,0.87246405175985731,0.087131279379371013,0.021777310276470119,0.0056992291625315413,0.0027441598721123458,0.00047361088975191306,0.009710358659906276,0.0
James Develin,RB,NE,3.5076285717114892,4500.0,0.91376391302254045,0.0521394695565566,0.012924241001782287,0.003327268748362873,0.00061670228790783679,0.00059699173538048974,0.01663141364746985,0.0
Kapri Bibbs,RB,DEN,3.5053285056754695,4500.0,0.91286804911112962,0.052905757289441017,0.013843698661350665,0.0028282984049550768,0.00056921058069941293,0.00046106647031450419,0.016523919482110128,0.0
D.J. Foster,RB,NE,3.489664476583902,0.0,0.90758202120102649,0.059764777035834001,0.014441528267381478,0.0020230001902196357,0.00048970738590261491,0.00052403123047940303,0.015174934689156478,0.0
Kenyan Drake,RB,MIA,3.4290125982147908,4900.0,0.90749885358866123,0.058356332903230855,0.017460907167036729,0.0032218682663197312,0.0015385953410633772,0.00053199435102356963,0.011391448382665072,0.0
Jacquizz Rodgers,RB,TB,3.4227332040522547,4700.0,0.91552827855980745,0.050338575954401749,0.014704178694642137,0.0054011732346686643,0.00078583744815963999,0.00041325115597473406,0.012828704952345641,0.0
Wendell Smallwood,RB,PHI,3.396316897464787,4500.0,0.92610762821932135,0.043563936776279198,0.011085275913330261,0.0026536961734643315,0.00065116427505829437,0.00042386393810881509,0.015514434704438052,0.0
Daniel Lasco,RB,NO,3.3789464503269193,4500.0,0.92858694729266889,0.040175845518477533,0.012566419143066138,0.0023833127554281331,0.00061099674625994635,0.00067361968479890083,0.01500285885930081,0.0
Stepfan Taylor,RB,ARI,3.3741412086158835,4700.0,0.91826927994325958,0.049470726771673426,0.014301404192402578,0.0049439171411500022,0.00078918557238716715,0.00046629907375220756,0.011759187305375143,0.0
Jalston Fowler,RB,TEN,3.3435874602726141,4500.0,0.92680810028626637,0.043301987088993472,0.012878637580077224,0.0022819762984413548,0.00075568673721371823,0.00069261606490647674,0.013280995944102035,0.0
Kenneth Farrow,RB,SD,3.3384177931941488,4500.0,0.93229507592627447,0.038339800008158016,0.011420608693095382,0.0022979793787341911,0.00050913944288891427,0.00054735482919861212,0.014590041721650692,0.0
George Atkinson,RB,CLE,3.3319433531171243,4500.0,0.93413627489551865,0.037438258364404668,0.010129574420656812,0.0024376637319656873,0.00042064926050905182,0.0004323936302477464,0.015005185696697624,0.0
Alex Collins,RB,SEA,3.3302507294445696,4600.0,0.93182569197395648,0.039438788288495417,0.010746373212465948,0.0028393165348556174,0.00046869780251417953,0.00046765923951267601,0.014213472948199926,0.0
Corey Grant,RB,JAC,3.3292331015979415,4500.0,0.9317235122160612,0.040398067137872154,0.010105369913797679,0.0024519288712101291,0.00042567168942549241,0.00042739075521984276,0.014468059416413695,0.0
Michael Burton,RB,DET,3.325779217568174,4500.0,0.92663992213141011,0.043749681701903034,0.010680618774925087,0.0054424959293399534,0.0012920195937785382,0.00047989603162319956,0.011715365837020241,0.0
Ty Montgomery,RB,GB,3.3224820785476825,4500.0,0.93362273906905968,0.037437573908923577,0.011352530276207957,0.0023152390523039044,0.00045104226506276701,0.00048786350255973265,0.014333011925882391,0.0
Aaron Ripkowski,RB,GB,3.3224820785476825,4500.0,0.93362273906905968,0.037437573908923577,0.011352530276207957,0.0023152390523039044,0.00045104226506276701,0.00048786350255973265,0.014333011925882391,0.0
Paul Lasike,RB,CHI,3.3174962826206502,4500.0,0.93589610215116603,0.035836850564859947,0.010182832311649659,0.0024350662990590007,0.00042814533510166159,0.00043837373311916925,0.014782629605044792,0.0
Ryan Hewitt,RB,CIN,3.3118115948162723,4500.0,0.93467556211905645,0.036843871372631454,0.010951578699335595,0.0024229439809839103,0.00044627196067150641,0.00048476448751520528,0.014175007379805848,0.0
Daryl Richardson,RB,PIT,3.308297056584137,4500.0,0.93086867890670932,0.040100320243024234,0.012643719993420925,0.0021853003151497911,0.00065775687076013295,0.00063515413507660146,0.012909069535859696,0.0
Rex Burkhead,RB,CIN,3.2954724928978818,4500.0,0.9344706461808362,0.036892911504299762,0.011828412893473642,0.0024372756315568156,0.00049565447640137841,0.00062521936616895095,0.01324987994726288,0.0
Zach Line,RB,MIN,3.2861180544406676,4500.0,0.93785195954441647,0.035078377196775833,0.009711314085345913,0.0023669097968268588,0.00049897939886868611,0.00038335421384839562,0.014109105763918208,0.0
Orleans Darkwa,RB,NYG,3.2783694189562125,4500.0,0.93578994147030536,0.036275239556302019,0.011330753155441593,0.002563404839991026,0.00049875820069071196,0.00064698496728849027,0.012894917809981322,0.0
Knile Davis,RB,KC,3.2741989808018936,4500.0,0.93642315881011984,0.035809719795259848,0.011324499819649328,0.0024345583206288792,0.0004549231440888018,0.00055846768604357806,0.012994672424209347,0.0
Chase Reynolds,RB,LARM,3.1640522220637681,4500.0,0.94857388380184471,0.027951802851465712,0.0086255808300899385,0.0021547148259637937,0.00034973208989077045,0.00032896622746079421,0.012015319373284537,0.0
