name,pos,team,expectation,salary,prob_0_5,prob_5_10,prob_10_15,prob_15_20,prob_20_25,prob_25_30,prob_30+,label
SEA,Def,SEA,12.335854286338527,5200.0,0.022511580694071762,0.21790300854977337,0.63233490305490081,0.08112905896859457,0.019333020782852397,0.0068306660685385793,0.01995776188126834,2.0
KC,Def,KC,11.998769818839939,4700.0,0.07437239984089597,0.35662030662304073,0.36786597990496134,0.098792500171824629,0.054366414666384026,0.012218035999862677,0.035764362793030871,2.0
BAL,Def,BAL,11.155781101413634,4500.0,0.066941937259293774,0.38418064865709101,0.40435162734480801,0.050312079157899182,0.089140040016937261,0.0014686131808246249,0.0036050543831462121,2.0
TB,Def,TB,10.33009745850223,4300.0,0.10732877152261099,0.40960818008208427,0.34265714179551493,0.11682537727639319,0.010926919191910505,0.0035568309494317411,0.0090967791820541679,1.0
CAR,Def,CAR,9.9118078265832779,5300.0,0.11095066444218582,0.52037127054832555,0.26064874078655192,0.054338917726320941,0.022233389677850549,0.010485405344741735,0.020971611474023433,1.0
BUF,Def,BUF,9.5491878071704228,4500.0,0.27199865102016713,0.4048373739845435,0.10324060479134312,0.16579644190458243,0.015756068323457096,0.0075368073227427557,0.03083405265316385,1.0
HOU,Def,HOU,9.4306994308434611,4900.0,0.13249740294194012,0.6269768714028352,0.11905733181929662,0.057027438879263981,0.023934103838282674,0.0060432754220924052,0.034463575696289078,1.0
DEN,Def,DEN,9.05200649990568,4700.0,0.068579667235356273,0.72060820363250322,0.092286915571172828,0.093890516987789843,0.011036105461518302,0.0059916998859618296,0.0076068912256977688,1.0
NYJ,Def,NYJ,8.9796357835320286,4700.0,0.21221298932139215,0.41390557016376811,0.31159934267262518,0.026413470779039338,0.019588892961076257,0.0030609030984528845,0.013218831003646162,1.0
PHI,Def,PHI,8.8321346526251965,4800.0,0.18823319344636805,0.50593667287400435,0.24805408175041288,0.019133245524318738,0.011700243200720188,0.0099635173685136847,0.016979045835662142,1.0
ARI,Def,ARI,8.564287137232073,4800.0,0.21849521491752422,0.47654633908114297,0.25119244021860576,0.017901795328716254,0.018146690260115665,0.0050198802392457777,0.012697639954649162,1.0
LARM,Def,LARM,8.4479851058060635,4300.0,0.028810094205536405,0.81224830274605075,0.12346818416402108,0.024468366529805056,0.0042184555799547798,0.0026529672381482919,0.0041336295364836342,1.0
SD,Def,SD,8.3699009120169752,4000.0,0.22621784718340734,0.49021834885254778,0.20965758710427757,0.054402561227570465,0.0082539973498758894,0.0032665283833399799,0.0079831298989811329,1.0
ATL,Def,ATL,8.2532028135463591,4100.0,0.22056371738601649,0.57188815510167645,0.1494670640840064,0.018976613303761426,0.009322641486780546,0.0053225883761700609,0.024459220261588636,1.0
IND,Def,IND,8.2287209603198157,4300.0,0.25193742482946063,0.51001013363585845,0.16892539297797549,0.026608945523699478,0.020256888659308098,0.0051126747768086437,0.017148539596889157,1.0
GB,Def,GB,8.1595938532158758,4400.0,0.037925178693181606,0.85278709780208628,0.074483941961505692,0.023563865288526279,0.0040408849849878211,0.0023233667603886803,0.0048756645093236597,1.0
CIN,Def,CIN,7.8785876424801433,4400.0,0.32332451010786123,0.48079557583296639,0.11459765293792812,0.033440912642791587,0.013761190114350072,0.0074412539768235674,0.02663890438727896,1.0
CHI,Def,CHI,7.7575763406355849,4400.0,0.10879554913821926,0.82826770412620643,0.026383471710522972,0.012299842820227043,0.0077797758537859326,0.0030778517184735826,0.013395804632564895,1.0
NYG,Def,NYG,7.4373875639765945,4300.0,0.334289927237024,0.46398981220095464,0.14940764175949375,0.023301326455784976,0.010541241075484578,0.0049679065713948388,0.013502144699862998,1.0
DAL,Def,DAL,6.9038098711511404,4500.0,0.17489819433727224,0.80306698754971184,0.0099186696717358473,0.0038730267582028216,0.0022893667086132294,0.0010788714040230131,0.0048748835704412472,1.0
OAK,Def,OAK,6.8495464869726632,4500.0,0.41827996347815072,0.49205406113985922,0.034344333845928492,0.0091491534764295158,0.006155604683965356,0.0020087016961113638,0.038008181679555324,1.0
PIT,Def,PIT,6.7036221203866289,4600.0,0.56315156056042137,0.15006927637816511,0.2406183525894279,0.014147313435908936,0.013017664229763814,0.0057113786316732194,0.01328445417463953,0.0
SF,Def,SF,6.1902469110959739,4000.0,0.46799540797360173,0.47285899793158204,0.018251816854934422,0.0080106854927266911,0.0028755496148809311,0.0012643521464942998,0.028743189985779828,1.0
MIN,Def,MIN,5.9666968356417049,4400.0,0.49101445463323784,0.38087422692065626,0.10218246741366732,0.012641620255866048,0.0049916503328663268,0.002475019735203332,0.0058205607085030225,0.0
NE,Def,NE,5.6186948658900775,4500.0,0.54125725606600528,0.37778642993817885,0.039786000887948481,0.021838942377486636,0.0079335728591958567,0.0033041755120050875,0.0080936223591801127,0.0
MIA,Def,MIA,5.5255708622081805,4300.0,0.68272328278729222,0.11706613784198638,0.17111967396216562,0.0078598297124224618,0.0050347718445441616,0.002123909916969998,0.014072393934619142,0.0
NO,Def,NO,5.4525620118512865,4200.0,0.70243173891440291,0.10743786798719167,0.15133389953263832,0.01169864505419119,0.010257494599030857,0.0034543191149660332,0.013386034797578765,0.0
DET,Def,DET,5.32499611263537,4400.0,0.74357691879440213,0.17822139071674686,0.013221308719245942,0.010465716378735475,0.0083961601998023567,0.002944572870346239,0.043173932320721232,0.0
JAC,Def,JAC,5.2303939761561162,4300.0,0.66880514068700259,0.25805076313710512,0.022045773843857138,0.017656931613153414,0.0080439981292119607,0.0041955698551717794,0.021201822734497961,0.0
TEN,Def,TEN,5.2215982831257195,4100.0,0.63425406971508536,0.2961596622078061,0.026607576122203373,0.014692598074347819,0.010239703244704473,0.0049288694413165985,0.013117521194536385,0.0
CLE,Def,CLE,4.3346689200438053,4100.0,0.77830070522980654,0.16602150957994261,0.018057945078915182,0.0071357188191325457,0.020899961941409279,0.0016717704881372589,0.007912388862656463,0.0
WAS,Def,WAS,4.0615134797488892,4400.0,0.85187305272521019,0.081971833950294004,0.031489539289311828,0.0089972141850481798,0.0088302159106298326,0.0029391055890613969,0.013899038350444546,0.0
