name,pos,team,expectation,salary,prob_0_5,prob_5_10,prob_10_15,prob_15_20,prob_20_25,prob_25_30,prob_30+,label
Antonio Brown,WR,PIT,14.043770050409917,9200.0,0.13239982341170692,0.23988895691649631,0.21662266512115178,0.19853046552609363,0.10687380198474292,0.049609831568552268,0.056074455471256751,1.0
Julio Jones,WR,ATL,13.578454847922005,9300.0,0.13993595236305953,0.2464223381842077,0.23762445513518141,0.18054193457388334,0.095717850609123883,0.05260068960190329,0.047156779532641233,1.0
Brandon Marshall,WR,NYJ,13.347803976803123,7600.0,0.1429260552400384,0.25689576436760825,0.24770596030176634,0.161155952826605,0.098200167805871152,0.042846710527692462,0.050269388930418712,1.0
A.J. Green,WR,CIN,12.937979355135544,8900.0,0.16054174279407196,0.27841214749414706,0.2192187617634079,0.15292795640237397,0.099560362695972821,0.044655205006693725,0.044683823843332908,1.0
Eric Decker,WR,NYJ,12.49742630612344,7000.0,0.16624308873717905,0.27520857423570633,0.24640982344392209,0.14824330188912416,0.08581270317806855,0.042706655755008704,0.035375852760991824,1.0
Doug Baldwin,WR,SEA,12.431072184184139,7000.0,0.17423001589115861,0.27108125189326659,0.2402622930326152,0.14241080858976321,0.10055723397990748,0.03955489386464759,0.031903502748641982,1.0
Demaryius Thomas,WR,DEN,12.423035970302719,7000.0,0.18176654627794195,0.25693896382731674,0.24959193898086116,0.14673021304276496,0.091572613614217951,0.036729965988997804,0.03666975826789981,1.0
Brandin Cooks,WR,NO,12.420720141840668,8400.0,0.18281241031874185,0.26432351196994497,0.22875609308563474,0.15275573600183978,0.099217510758088309,0.041136477958888036,0.030998259906862502,1.0
Larry Fitzgerald,WR,ARI,12.073938473138238,7400.0,0.19355306193925131,0.2616705831458862,0.25153413523868312,0.13729405710273612,0.08844881820280448,0.036249561016122631,0.031249783354516284,1.0
Mike Evans,WR,TB,12.003558669474522,8100.0,0.19718202526561449,0.27780648216477055,0.22896738301254962,0.13905345844313774,0.088176389001258917,0.034792099574509808,0.034022162538159498,1.0
DeAndre Hopkins,WR,HOU,11.971867466249201,8300.0,0.1790540213838436,0.28733418800088179,0.25263406711929215,0.13578903279056825,0.075727888887194575,0.040001796485691479,0.029459005332528147,1.0
Odell Beckham Jr.,WR,NYG,11.9101130422445,9400.0,0.32498299389378871,0.20126310622761093,0.15965335330265484,0.12867285376738488,0.074679266431501148,0.028765068575378944,0.08198335780168077,0.0
Sammy Watkins,WR,BUF,11.694769409422648,0.0,0.22592287150965235,0.26643652956934577,0.22018020160839227,0.13676056103069809,0.082500868035761274,0.034280999824481934,0.033917968421669172,1.0
Allen Robinson,WR,JAC,11.59993110836596,8200.0,0.22211355780831921,0.26646316094699407,0.22813561035229873,0.13956403115610772,0.082832857112219979,0.032374512634664294,0.028516269989396294,1.0
Jeremy Maclin,WR,KC,11.540625760814589,6900.0,0.20724139651623519,0.29046248469945612,0.23003770227604536,0.13324220730870137,0.079480325104383728,0.03136260403395405,0.028173280061224788,1.0
Jarvis Landry,WR,MIA,11.379886811443061,6500.0,0.23251624596404702,0.26983588563726857,0.23573914975073751,0.11522527214601221,0.086615543920725471,0.031944121165955061,0.028123781415254512,1.0
Michael Floyd,WR,ARI,11.350145011315515,7000.0,0.23000066846222725,0.27174225198313223,0.23343943923143323,0.12982197369653126,0.074679713823501429,0.032553731858088304,0.027762220945086638,1.0
Golden Tate,WR,DET,11.2220293918847,6700.0,0.219056554562434,0.30561157372142433,0.21266005877611482,0.12726475217994876,0.078351318710493584,0.035058445067224601,0.021997296982360356,1.0
DeSean Jackson,WR,WAS,11.216475547047544,6600.0,0.24751322415184185,0.2647301947421184,0.2179041577252406,0.12922673956035854,0.083814952769848364,0.032968788248272929,0.023841942802319334,1.0
Emmanuel Sanders,WR,DEN,11.174184624425969,6700.0,0.24187882936751043,0.279873488788076,0.21790722681151209,0.12445613836521249,0.078210902026452145,0.027960157263597792,0.029713257377639662,1.0
Randall Cobb,WR,GB,11.137756373198947,7400.0,0.24272704835308995,0.27779637870013318,0.22520760295224679,0.12009027830876298,0.075439124966104165,0.029663218955571162,0.029076347764092389,1.0
Michael Crabtree,WR,OAK,11.059075255201064,6200.0,0.25431176153567897,0.25599833493612789,0.22899913659552482,0.13586214780614375,0.0704385245241443,0.03003847567829598,0.024351618924084162,1.0
Amari Cooper,WR,OAK,11.024727021822942,7900.0,0.26971910994498477,0.25120221699098233,0.21401121962855824,0.13559379790111306,0.07376589538274933,0.025483112068885396,0.030224648082727124,0.0
Pierre Garcon,WR,WAS,10.958603576361199,6200.0,0.24340018366674837,0.28359769724199368,0.22629401180243947,0.12167851953287773,0.070251054930293072,0.031043498174101007,0.02373503465154711,1.0
Kamar Aiken,WR,BAL,10.769166156758372,5800.0,0.28027177726643454,0.25393269959324843,0.21562604794842935,0.1269426841451512,0.06684148110625332,0.030700037074694542,0.025685272865788828,0.0
Marvin Jones,WR,DET,10.523183581757785,6500.0,0.27803874092339254,0.26687757873009366,0.22716859944546391,0.11280500013677472,0.066088582935895826,0.025324752871895097,0.023696744956484911,0.0
John Brown,WR,ARI,10.47561073540086,6600.0,0.29990832188515504,0.24518909464423594,0.22048970089202302,0.10919755084087082,0.077255200206451866,0.026267105099830948,0.021693026431433102,0.0
Jordan Matthews,WR,PHI,10.473883019258448,6900.0,0.26626461055137113,0.2976690363330044,0.20428652842946027,0.11667512986182944,0.069786287796825594,0.02347045052789138,0.021847956499617974,1.0
Tyler Lockett,WR,SEA,10.430958487949328,6300.0,0.28252155819547881,0.27154939037524994,0.21372029707099827,0.11862560138902913,0.068967804464653643,0.023030716155280202,0.02158463234931016,0.0
Willie Snead,WR,NO,10.393564163261576,7200.0,0.29249244252440904,0.25952587147061179,0.21594602507898475,0.11939980041732111,0.064759152166894957,0.027426468744914868,0.020450239596864046,0.0
Brandon LaFell,WR,CIN,10.271549836062146,6000.0,0.29119448849457236,0.2722880370236021,0.20635717985816801,0.12109013267794565,0.066262484318893408,0.024841779607492412,0.01796589801932592,0.0
Allen Hurns,WR,JAC,9.8531218340343685,6900.0,0.31310885521287135,0.29301625781049684,0.18101316388932698,0.11002719229532626,0.058096454231081084,0.025122073492278338,0.019616003068619641,0.0
T.Y. Hilton,WR,IND,9.8361291105617639,7000.0,0.29647338300154547,0.31038202617286231,0.18924858740559616,0.10184213523788453,0.06250335355731676,0.022847695917191078,0.016702818707603442,1.0
Jermaine Kearse,WR,SEA,9.6793014839216873,5300.0,0.33202400529024712,0.2624027063927839,0.20385122393998822,0.105321131871089,0.058377069674126821,0.020581093469783211,0.01744276936198251,0.0
Stefon Diggs,WR,MIN,9.4178538896858726,6500.0,0.343865545698124,0.26418156090909789,0.19365453721025086,0.11350685579097863,0.052685753159046,0.018580529608544574,0.013525217623958698,0.0
Davante Adams,WR,GB,9.3547399801586266,5700.0,0.34604325303947281,0.26880669926829465,0.20196506434719008,0.09467659725865793,0.051699750435087184,0.021249171453804849,0.015559464197492842,0.0
Anquan Boldin,WR,DET,9.2276805016152217,5700.0,0.3554310033927035,0.28493307957472863,0.17014295031680451,0.10252355139061019,0.049089649548257258,0.019887073199986893,0.017992692576909608,0.0
Alshon Jeffery,WR,CHI,9.1931479743116125,7800.0,0.37722490037114942,0.26288908702326547,0.17065418696235524,0.091155804716926636,0.056506255376168116,0.023509185211323985,0.018060580338811399,0.0
Danny Amendola,WR,NE,9.1475609473420221,5500.0,0.3796142513206372,0.26100709378062731,0.17143654721347185,0.091204513540203508,0.057759485977901766,0.02158479090527949,0.017393317261879697,0.0
Ted Ginn Jr.,WR,CAR,9.0199188051803976,5700.0,0.45709838174788092,0.21005977882061511,0.13221616776908207,0.076048577434490061,0.064527346704540592,0.031391220897585261,0.028658526625806351,0.0
Devin Funchess,WR,CAR,8.9516324738561224,5700.0,0.40090977820654922,0.24369424545200974,0.17136665598085615,0.09361473899260285,0.05320175303700745,0.021090450613116124,0.016122377717858925,0.0
Donte Moncrief,WR,IND,8.6100775834374783,6700.0,0.37256135288233727,0.30874727479563124,0.16196778192833505,0.083490231589405925,0.0457610124308091,0.015168211922592188,0.012304134450889107,0.0
DeVante Parker,WR,MIA,8.5783369910066014,5800.0,0.41447709241017616,0.25325118264873692,0.16972573074460987,0.084093970345692839,0.044373998649622409,0.018880210253173074,0.015197814947989219,0.0
Travis Benjamin,WR,SD,8.571730102513138,6100.0,0.39793955482606175,0.2681774983218721,0.17667266052797237,0.085889944848097532,0.040359258713677175,0.018353804152842018,0.012607278609476838,0.0
Tavon Austin,WR,LARM,8.4896241209395242,6300.0,0.41580080905233102,0.25293022741683707,0.16802179994553165,0.091471527184276064,0.044839674140293127,0.013270690619167915,0.013665271641563682,0.0
Torrey Smith,WR,SF,8.2854403244213,5400.0,0.41348729629323666,0.27708368190719795,0.158701926864112,0.082652304637938961,0.043960913678775089,0.011960158267923245,0.012153718350816073,0.0
Kenny Britt,WR,LARM,8.0990139506989394,5200.0,0.41985624881623373,0.27354655333641703,0.17030936172142519,0.073500571849603138,0.041881452320865223,0.012185192788139581,0.0087206191673157504,0.0
Terrance Williams,WR,DAL,8.0954721875838285,4900.0,0.45234121579876507,0.251492919327652,0.1474839011053819,0.083363308160541522,0.032060256672966594,0.014584552180431197,0.018673846754261987,0.0
Dontrelle Inman,WR,SD,7.9700416638536602,5500.0,0.46489126676705878,0.23702672073509004,0.15122758340465289,0.085155255262826718,0.033863947448910872,0.011549387891525102,0.016285838489936401,0.0
Mohamed Sanu,WR,ATL,7.9328566001580558,6700.0,0.46360420475790382,0.23566787421569385,0.16084516256119724,0.079685777529087704,0.032526648502190274,0.013205311148687024,0.014465021285240531,0.0
Seth Roberts,WR,OAK,7.8965840114236707,5300.0,0.45997031773702224,0.25684102934468489,0.14597120796850435,0.072909812956501563,0.031190952072567262,0.018812206427605879,0.014304473493113482,0.0
Dez Bryant,WR,DAL,7.8869540075385078,7700.0,0.50922490233845508,0.20436722374269148,0.12826108130478961,0.079762455574731758,0.042354729213189009,0.017598212860971175,0.018431394965172807,0.0
Corey Brown,WR,CAR,7.7244302037747019,5200.0,0.46076875011366419,0.25773932676959521,0.15642997741396292,0.065220525033162155,0.037270647196922142,0.011444954868177242,0.011125818604516601,0.0
Dorial Green-Beckham,WR,PHI,7.7119672453654173,4900.0,0.45971843779539989,0.2728989694295551,0.13618886789044785,0.069730267057299636,0.03911540382615062,0.0091986824142158852,0.013149371586931014,0.0
Mike Wallace,WR,BAL,7.6588192173974017,6100.0,0.45174206476956896,0.27156964896778596,0.15514827132215483,0.07235749865481983,0.029186162144670246,0.0092638630615049962,0.010732491079495234,0.0
Harry Douglas,WR,TEN,7.6189954671566689,4500.0,0.47300204444027039,0.26248910248123813,0.13855369985426211,0.069343798142215612,0.029191550962945557,0.012549155873865956,0.01487064824520196,0.0
Jamison Crowder,WR,WAS,7.5438390052796223,5100.0,0.4685084598372018,0.27009994654600128,0.14356233731140677,0.069389941733019586,0.021984894314321771,0.011013302831037372,0.0154411174270118,0.0
Andre Johnson,WR,TEN,6.9273854543176103,4500.0,0.52273408134655464,0.24908203304071283,0.13122392327498433,0.056874531805052156,0.019096419728134563,0.0063270888563383889,0.014661921948223659,0.0
Nelson Agholor,WR,PHI,6.8307309211152818,5600.0,0.54528823640787505,0.22904401239271271,0.12066568839509552,0.062505575572498043,0.022347518588598524,0.0080695348084440319,0.012079433834776025,0.0
Quincy Enunwa,WR,NYJ,6.7377155481117628,5100.0,0.5459375468518749,0.22693956821469408,0.13303928310433766,0.05663543161360135,0.017617405392886157,0.0098339417068720736,0.0099968231157344743,0.0
Albert Wilson,WR,KC,6.685958495225651,5000.0,0.5527530922492041,0.22681183602583405,0.12387483860498014,0.057032318550896501,0.022067633340572622,0.0068194207939837725,0.010640860434528762,0.0
Robert Woods,WR,BUF,6.643455696207452,5300.0,0.57589861506618589,0.20214220711353456,0.1211287115544601,0.053006745039543966,0.028229678975154941,0.010005811088335226,0.0095882311627857823,0.0
Cole Beasley,WR,DAL,6.5546060014248244,5000.0,0.56948183783682205,0.21894628365007568,0.11367898491957583,0.062920184797320478,0.015860534192658399,0.0078765861932783409,0.011235588410269327,0.0
Vincent Jackson,WR,TB,6.4329119449426102,5400.0,0.6042146168611805,0.19700944945319951,0.10058833631924584,0.053974995590442408,0.019495416951128507,0.0081147260268208329,0.016602458797982368,0.0
Marqise Lee,WR,JAC,6.4187795633236311,4500.0,0.56221050889037649,0.24570975140703671,0.1049648282466632,0.052693056143214123,0.017819840782684355,0.006103414160788247,0.010498600369237207,0.0
Phillip Dorsett,WR,IND,6.4026105351530909,5500.0,0.58175069750218034,0.22010628151750747,0.11072745439352323,0.047844506824130842,0.021192260931867445,0.0058692265826308125,0.012509572248161127,0.0
Tyrell Williams,WR,SD,6.1827766565680857,5400.0,0.61047821672429725,0.2065518327964779,0.10471015858554092,0.039610887243265308,0.016444196005107495,0.0055712470657915784,0.016633461579519074,0.0
Chris Hogan,WR,NE,6.1521430263552688,4700.0,0.59597931920183889,0.22226274264427834,0.10172876740030333,0.047847730062439031,0.015013209713813393,0.0069874683793550102,0.010180762597972686,0.0
Quinton Patton,WR,SF,6.1032837646385794,4800.0,0.59459703364044014,0.23110531114078495,0.096698637409751223,0.047872081491900517,0.013548388615637058,0.0045441280203250963,0.011634419681161957,0.0
Eddie Royal,WR,CHI,6.0504505594573228,5300.0,0.61469736505193484,0.20060354084604393,0.10760820441743076,0.045255468780712509,0.015058561093290384,0.0071867181823746561,0.0095901416282133042,0.0
Kelvin Benjamin,WR,CAR,5.9593630588618955,7500.0,0.65121775187411479,0.17416127372227905,0.093663146495702301,0.039403554534591961,0.0161041364135068,0.011778702958560016,0.013671434001244971,0.0
Jordy Nelson,WR,GB,5.9364563698462067,8200.0,0.65889666302662397,0.16415774983175271,0.099050336573465847,0.035641649528614573,0.016829354310951228,0.0096447457166241087,0.015779501011967331,0.0
Julian Edelman,WR,NE,5.9085410941339367,7100.0,0.65552864798760735,0.16955355352494739,0.097951882467230036,0.036692003604807372,0.015606898486834341,0.011058863286735773,0.01360815064183721,0.0
Corey Coleman,WR,CLE,5.8858275257462296,6000.0,0.65879066206066272,0.1705819792820526,0.089742086781550337,0.041349581698555272,0.014516343001350698,0.011760347626571613,0.013258999549256325,0.0
Marc Mariani,WR,TEN,5.831518132056706,4500.0,0.63630231337082821,0.19633133338546094,0.097140136443072012,0.039068633385112121,0.012197900652042938,0.0090289470576115013,0.0099307357058724,0.0
Brandon Coleman,WR,NO,5.7621240582156705,4500.0,0.63937830949398367,0.1935347559775743,0.10128418721485995,0.037545995412070703,0.012988845490224712,0.0050087190897559856,0.010259187321530644,0.0
Kenny Stills,WR,MIA,5.7613161266345454,4900.0,0.64781839475136205,0.18932400977511704,0.091403376745798209,0.041350692721915626,0.012386111710505849,0.0057515039113553556,0.011965910383945901,0.0
Steve Smith,WR,BAL,5.7437065722733767,6400.0,0.67917985532040093,0.15810959254173482,0.087503079217323518,0.033927262605861333,0.014632604154000008,0.011930720666473885,0.014716885494206121,0.0
Brice Butler,WR,DAL,5.7326053559959815,4700.0,0.65426946060888136,0.181434711095287,0.088049069202345343,0.047349108618402809,0.014389822995373083,0.0032795165037287073,0.011228310975980725,0.0
Will Fuller,WR,HOU,5.6324518427400481,6200.0,0.66997661891697491,0.17298726373158535,0.087834895117560888,0.036260419753476582,0.012590419270877102,0.0090580750830317955,0.01129230812649318,0.0
Sterling Shepard,WR,NYG,5.5347587528132483,6200.0,0.68388267656662438,0.16367200813232116,0.083767768893327391,0.035617946680544778,0.013429633223675328,0.0082819670436377821,0.011347999459869099,0.0
Kevin White,WR,CHI,5.5226121442396447,5800.0,0.69297201316190693,0.15490419994599947,0.083265871810936448,0.033466382744873728,0.014075082357206354,0.008113278164925429,0.013203171814151246,0.0
Adam Humphries,WR,TB,5.5178882120422372,4700.0,0.66843654412473064,0.18310393780848666,0.077861577716862709,0.047693484975374859,0.0088214521735927795,0.0034368235069669154,0.01064617969398542,0.0
Rashad Greene,WR,JAC,5.3931509382873148,5000.0,0.68225974187025773,0.18179981848735757,0.075320274330438419,0.032760898690068339,0.01018802712146097,0.0051386938663551531,0.01253254563406213,0.0
Justin Hardy,WR,ATL,5.387960374215754,4800.0,0.6836170692665704,0.17885467262952032,0.078104581174205226,0.031775006993083534,0.01006850846503022,0.0048945763596574821,0.012685585111932518,0.0
Tyler Boyd,WR,CIN,5.3225414348950926,5400.0,0.70629746092548118,0.15205994298257436,0.077908833508524331,0.033079942703579314,0.011966697613695719,0.0079614908773771292,0.010725631388767544,0.0
Terrelle Pryor,WR,CLE,5.2832438855783712,5700.0,0.71320565795002799,0.14919834875482857,0.074997053536978789,0.03403821756986445,0.0091130380512797933,0.0050136203456373788,0.014434063791382894,0.0
Victor Cruz,WR,NYG,5.2598388489888102,5700.0,0.70777963835741708,0.15499598790728458,0.077049092791609736,0.031537802693560532,0.011957207281453884,0.0053269347970788979,0.011353336171594838,0.0
Brian Quick,WR,LARM,5.2293436150603929,4500.0,0.71344387954894939,0.16320932095501023,0.062536086245448569,0.031575525366143116,0.0087454023491096867,0.0035363746055975904,0.016953410929740852,0.0
Tajae Sharpe,WR,TEN,5.1967023706667517,6000.0,0.72099774954635121,0.14511168532039381,0.075301837960028359,0.029154796031251439,0.011476602255987645,0.0043122146558158903,0.013645114230171573,0.0
Adam Thielen,WR,MIN,5.1932972144545628,4500.0,0.7061223422373708,0.15896039924963734,0.080149573077035297,0.032101758286543207,0.0081507268608248373,0.0025713911276977947,0.011943809160890287,0.0
Sammie Coates,WR,PIT,5.186384319351462,5300.0,0.71608561898331102,0.14903802662819349,0.076060143262102281,0.031243571483206996,0.011668499810924654,0.0051087145900811631,0.010795425242179892,0.0
Cecil Shorts,WR,TB,5.1548926968755184,4900.0,0.7434851791619751,0.12499380843186282,0.071090317200173572,0.02648128258984293,0.011324567302071771,0.0053330099842631221,0.01729183532980965,0.0
Rishard Matthews,WR,TEN,5.1289697589607419,5300.0,0.72865054299640486,0.13821925729053464,0.074570412909959388,0.029240433142245077,0.012382201624350508,0.0059384836531473553,0.010998668383357146,0.0
Jaelen Strong,WR,HOU,5.0752352799249474,4900.0,0.73040840600175971,0.14240616115901122,0.071245550642530422,0.03072110545308494,0.0081983339705567811,0.0036264911502934712,0.013393951622764246,0.0
Ryan Grant,WR,WAS,5.0674058516852059,4600.0,0.72188272368806805,0.15112000679733914,0.074672874230827593,0.03078379207502625,0.0053804858111370568,0.0039324449839931511,0.012227672413608361,0.0
Eli Rogers,WR,PIT,5.015312835384683,5500.0,0.73494213231805061,0.14305063844121979,0.069354164364466647,0.026065316140934078,0.0092653231292149796,0.0043662716484083337,0.012956153957704639,0.0
Chris Conley,WR,KC,4.9906880302516425,4600.0,0.73445260933942447,0.14180150746507517,0.073160979438277263,0.026546073648411859,0.007627062235274127,0.0045392142370816934,0.011872553636455155,0.0
Jordan Norwood,WR,DEN,4.9530470971604128,4900.0,0.74560766698489678,0.13949442280742658,0.060925576234007121,0.026376976658926958,0.0097341080688650699,0.0032677587958658554,0.014593490450011033,0.0
Darrius Heyward-Bey,WR,PIT,4.9020412537828868,4500.0,0.76147191604974918,0.12009566294310735,0.063415123357324882,0.028223955126857301,0.0086410102996200971,0.0024958166213006625,0.015656515602040705,0.0
Breshad Perriman,WR,BAL,4.8992313187855192,5200.0,0.74606082211515101,0.13852636478052496,0.065988065623082334,0.025523180808553696,0.0070945844681664389,0.0032329979315336575,0.013573984272987564,0.0
Dwayne Harris,WR,NYG,4.8424604249918302,4500.0,0.76569709010370834,0.12014022667488361,0.063088533029442756,0.022754634914299639,0.0088681039722039341,0.0053304679017437632,0.014120943403717482,0.0
Andre Holmes,WR,OAK,4.779934636176745,4800.0,0.75832143340009306,0.13252417996059271,0.060902768242488081,0.025227825152497649,0.0071531074420908697,0.0038654347670821808,0.01200525103515579,0.0
Jared Abbrederis,WR,GB,4.6825815433395412,4700.0,0.76496176502343149,0.12857394282038045,0.062265947188123269,0.023802830909383812,0.0067422775881310956,0.0024754457786437473,0.011177790691905694,0.0
Josh Bellamy,WR,CHI,4.6770576368132968,4500.0,0.75250519570975949,0.14724506582953459,0.059201690126106141,0.022341193251039809,0.0060676070583674168,0.0024573592462834443,0.010181888778908669,0.0
Michael Thomas,WR,NO,4.6514280875700242,5000.0,0.77147056658603752,0.12653347311832711,0.057335815292371778,0.023315959681009406,0.0065064190806891613,0.0022256814166790382,0.012612084824885314,0.0
Jeremy Kerley,WR,SF,4.6358434267902275,4700.0,0.78272294959028321,0.11470687154951249,0.05670722713646964,0.02337214222578626,0.0059095309798844137,0.0016570009524737399,0.014924277565589103,0.0
Josh Huff,WR,PHI,4.560197153883025,4700.0,0.78228447290440128,0.1187758303562874,0.058713452949826592,0.019849232309421198,0.0046933440425967858,0.0029521446143467018,0.012731522823120055,0.0
Bradley Marquez,WR,LARM,4.5573511541530838,4500.0,0.81613552260646349,0.093896860415160516,0.047656745855094905,0.012216535363147886,0.0032519116470945968,0.0012487538048700142,0.025593670308168344,0.0
Jeff Janis,WR,GB,4.5527172987529019,4800.0,0.79751905228740827,0.10058290991815204,0.057606009979081559,0.019377186268401937,0.0087547325243560355,0.0022951117835055424,0.013864997239093568,0.0
Malcolm Mitchell,WR,NE,4.4979284750388038,4500.0,0.79067089359308296,0.1187642464226468,0.049601383138223251,0.020556553654299627,0.0039937307945640986,0.0018077682761145589,0.014605424121067676,0.0
Jaron Brown,WR,ARI,4.4388781943325499,4700.0,0.79591770157639963,0.11527429891263491,0.046313545510424256,0.021803456088984603,0.0063055010438609243,0.0028425687662572861,0.011542928101437382,0.0
Andrew Hawkins,WR,CLE,4.4124176427352237,4700.0,0.82669878129142849,0.089314914111101984,0.039469388483913577,0.014012777841147205,0.0062380677686331076,0.0069934836029255333,0.017272586900848409,0.0
Taylor Gabriel,WR,ATL,4.3876847752633541,0.0,0.83091958088896423,0.08633752458744666,0.045078414658687241,0.010741849802360677,0.0017886154799778458,0.001139003310534567,0.023995011272028244,0.0
Deonte Thompson,WR,CHI,4.3870201630515959,4500.0,0.80683086244744773,0.10692486988780332,0.048225524922214026,0.017243188541257705,0.0038133130998997075,0.0021395148694945973,0.01482272623188346,0.0
Laquon Treadwell,WR,MIN,4.3603859831137441,5300.0,0.84068266899385258,0.075620128478792556,0.042972963346948036,0.012068419425874659,0.0038786574267361046,0.0015068677767790823,0.023270294551014988,0.0
Tyreek Hill,WR,KC,4.2588728592236835,0.0,0.8269666292939023,0.095087145110581348,0.0410612540473577,0.016045510522897554,0.0028296822195522423,0.001302602696374968,0.016707176109332936,0.0
Chris Moore,WR,BAL,4.2298378022629963,0.0,0.83686721400345843,0.087479654261302872,0.039455073013276019,0.01365894640939575,0.0024405211232598153,0.0012013375246475906,0.018897253664658512,0.0
Leonte Carroo,WR,MIA,4.2084842412055963,4500.0,0.83158934507511029,0.093119420558089958,0.038935795163071968,0.016200821815270914,0.0028349852515716918,0.0012094519899744725,0.016110180146909812,0.0
Cordarrelle Patterson,WR,MIN,4.1711530880424235,4600.0,0.83487498416488204,0.087100860673984523,0.045290794662610337,0.012725811899145243,0.0037335453015130346,0.0015629804868792928,0.014711022810984001,0.0
Jalin Marshall,WR,NYJ,4.1594555041460062,0.0,0.8744504354111825,0.054980721170544457,0.0336531581550868,0.0078877201919519638,0.00079164786944017072,0.00050783367785550346,0.027728483523936923,0.0
Ricardo Louis,WR,CLE,4.1471501332780782,4500.0,0.87475804111846311,0.056894402160263452,0.030788680464361257,0.0087095577800360615,0.00082428648971390552,0.00042017576591706779,0.027604856221243319,0.0
Brenton Bersin,WR,CAR,4.1397309141878749,4500.0,0.85320759707691662,0.069799998093556276,0.041466528305134163,0.013581395347957652,0.0027361938830564297,0.00088646723286838814,0.018321820060509263,0.0
Johnny Holton,WR,OAK,4.1232007710686727,0.0,0.87856037680405064,0.053467259006978456,0.031378025774321541,0.0076266129920543463,0.00083592545784228465,0.00044226461353187731,0.027689535351218847,0.0
Arrelious Benn,WR,JAC,4.1143103003328525,0.0,0.87932353510522099,0.052576662932289138,0.031661524138350508,0.0077754023185977236,0.00080413265170937466,0.00044147816996509091,0.027417264683865412,0.0
Jakeem Grant,WR,MIA,4.095333800790586,4500.0,0.8795423569942189,0.053728232694707556,0.030809485465525178,0.007729748864439976,0.00081848589544744057,0.00043974613302160526,0.026931943952637309,0.0
Marquise Goodwin,WR,BUF,4.0950567689762458,0.0,0.87847056264379775,0.054421312856322193,0.031608024547381125,0.0076118839418759009,0.0008265759859257105,0.00044574939045661702,0.026615890634238783,0.0
Trevor Davis,WR,GB,4.0916477949318493,4500.0,0.8799313668632226,0.053346114565614396,0.030878927749340149,0.007725354048849711,0.0008111344710479239,0.00046078404744418101,0.02684631825447914,0.0
Alex Erickson,WR,CIN,4.091279058603928,4500.0,0.88031604727040458,0.052864468897104326,0.030916403908791138,0.0077461154220242589,0.00081419320992118282,0.00044306499736592147,0.026899706294386594,0.0
Jordan Taylor,WR,DEN,4.0826871208462236,4500.0,0.87949499359338945,0.054398262467072259,0.030687908224922754,0.0076485949009982559,0.0008063762308710711,0.00044870944132637967,0.02651515514141799,0.0
Tavarres King,WR,NYG,4.0804091577745449,4500.0,0.8805528893534631,0.053168097189426743,0.030679603818059138,0.0077454167816742667,0.00083001290467181758,0.00043842995127644282,0.026585550001426553,0.0
Isaiah Burse,WR,SD,4.0784340120944815,4500.0,0.88075446381946265,0.052995324426127199,0.030694790598720913,0.0077409905409156097,0.00081674131291604958,0.00044868036076353181,0.026549008941092224,0.0
Russell Shepard,WR,TB,4.0719254963305618,0.0,0.84427224382036381,0.087939931611814987,0.037065731039627195,0.012136560868619348,0.0014178815211017229,0.00090482367686222428,0.01626282746161033,0.0
Aaron Burbridge,WR,SF,4.0681252604990865,4500.0,0.88087079347774211,0.053301991814415445,0.030546130684255837,0.0078222306597688692,0.00083042668434516256,0.00042824881090385215,0.026200177868566862,0.0
Tommylee Lewis,WR,NO,4.0561794626704266,4500.0,0.88086820026419288,0.053558278650642041,0.030871775422017918,0.0076851283697554002,0.0008279081697868323,0.0004397093682827579,0.025748999755320169,0.0
Walter Powell,WR,BUF,4.0473552929529619,4500.0,0.88146300503894337,0.053302319457839191,0.030759696269974015,0.0076279741353536797,0.00082729489318667372,0.00044791447770581647,0.025571795726995274,0.0
Lucky Whitehead,WR,DAL,4.0307640880780342,4500.0,0.8528591266022344,0.076673501676610176,0.039180458741483064,0.012057605734329832,0.0028725031321153414,0.0019091053409283527,0.014447698772298215,0.0
Brandon Tate,WR,BUF,3.9609555585020315,4600.0,0.85579920948203481,0.077569583866981304,0.039123104639521927,0.010329652439911035,0.0019059685075117308,0.0010057598077652318,0.014266721256273148,0.0
Paul Richardson,WR,SEA,3.9608140340860372,4800.0,0.85911158053461911,0.076028397271821757,0.034473339362680266,0.012333149561281214,0.002249262327184599,0.0010243521988234632,0.014779918743588649,0.0
Greg Salas,WR,BUF,3.9480118747242239,4500.0,0.85290700960578669,0.080932230333304614,0.037507853549729901,0.012732767629808702,0.0026118142366089807,0.00099682167648297158,0.0123115029682775,0.0
Josh Doctson,WR,WAS,3.9396277040938932,4800.0,0.86171142507183451,0.074782278811280689,0.034177656348672994,0.011106001459864201,0.0022477330976355221,0.00090524755306761555,0.015069657657643072,0.0
Devin Hester,WR,BAL,3.9160165105021845,4700.0,0.86651848852607238,0.068348375861495086,0.039231335124466728,0.0078153140443822725,0.0013787456795804911,0.00077932255165201816,0.015928418212350713,0.0
Charles Johnson,WR,MIN,3.9145235995199057,4500.0,0.86974159035969889,0.066868505326657501,0.032526613943267474,0.012539182063221162,0.0016847559152422331,0.0010195824715096724,0.015619769920401344,0.0
James Wright,WR,CIN,3.8783008134369021,4500.0,0.87152407798693909,0.069719678292138196,0.029622904036951378,0.010740525895751248,0.001598561906979958,0.00072252414792012905,0.01607172773331789,0.0
Andre Roberts,WR,DET,3.8636513979600098,4500.0,0.87256721995421493,0.068739911388141381,0.030415898494545943,0.010081135201663059,0.0017180313162727208,0.00070845556590044074,0.015769348079259584,0.0
Braxton Miller,WR,HOU,3.8551504228657576,4500.0,0.87440204661807652,0.067538912049628336,0.029725313417835936,0.010092403720197447,0.0015461848724340299,0.00062654036956324803,0.016068598952262689,0.0
Rashard Higgins,WR,CLE,3.8455731650542662,4500.0,0.88475862348083312,0.059281694682756347,0.02675434631113504,0.0087591335991244659,0.00085104403631633266,0.00048390501381777572,0.01911125287601538,0.0
Eric Weems,WR,ATL,3.8160719879678711,4500.0,0.87552384141556883,0.06413624466182806,0.036816765999568783,0.0067614627209063487,0.0012090348527120061,0.00051208927477586978,0.015040561074640336,0.0
Quan Bray,WR,IND,3.7820294928716129,4700.0,0.88871948679168744,0.057032844720983786,0.027680648647267145,0.0072077116853689529,0.0010049614612202976,0.00062298523316354376,0.017731361460307592,0.0
Cody Latimer,WR,DEN,3.7431490624002417,4500.0,0.88432707859226867,0.061456784230792816,0.029871940372333133,0.0077112805325217724,0.0010965347648734742,0.00071820863288257341,0.014818172874325864,0.0
Rod Streater,WR,SF,3.7303029813793573,4500.0,0.89617333890596873,0.052413084255652817,0.024655959945605602,0.0076454960862906421,0.00085477449069203018,0.00046183009684033094,0.017795516218948666,0.0
Aldrick Robinson,WR,ATL,3.7269308095608049,4500.0,0.89242438094363263,0.054967611845007744,0.027263881572380761,0.0074141961782573816,0.00084758729678341155,0.00051824991006686554,0.016564092253869588,0.0
Matthew Slater,WR,NE,3.6554215650483473,4500.0,0.89712099057608574,0.055670910509453664,0.02393794554839106,0.0052539436069157621,0.0014608286855208948,0.0011184074253398851,0.015436973648292831,0.0
