name,pos,team,expectation,salary,prob_0_5,prob_5_10,prob_10_15,prob_15_20,prob_20_25,prob_25_30,prob_30+,label
David Johnson,RB,ARI,14.012314159683084,9000.0,0.12826081551706564,0.22002479834213365,0.24522235313570434,0.20409132319044276,0.098863516520244624,0.05915097649526347,0.044386216799146117,2.0
Devonta Freeman,RB,ATL,13.669841465218598,7400.0,0.14843042275066773,0.22231716518884512,0.21848617881622406,0.21880966588518883,0.087722100799381267,0.073441775512448376,0.030792691047245,1.0
DeAngelo Williams,RB,PIT,13.288582655017978,7600.0,0.15837059442920101,0.23515927080194707,0.22972157389192932,0.18923277603689181,0.097638832680885579,0.052893156967250908,0.036983795191894958,1.0
Matt Forte,RB,NYJ,12.825840087225139,6800.0,0.14348123088704337,0.28247957114641897,0.2234105578557454,0.18367575644982959,0.092962925860292589,0.045297578605264552,0.028692379195405585,1.0
C.J. Anderson,RB,DEN,12.521374016910643,7800.0,0.16951368955815796,0.27110836603085386,0.22361514777858263,0.17951239730732316,0.080798068016929042,0.044155650465717074,0.031296680842436621,1.0
Latavius Murray,RB,OAK,12.421759025204615,7100.0,0.17062954821749193,0.27490383845570943,0.23896099580548832,0.15422205342348377,0.082595561978057203,0.048662964657963471,0.030025037461806063,1.0
Lamar Miller,RB,HOU,12.394174029820119,7700.0,0.16707847591158032,0.25721859121746671,0.26308066846400979,0.17777267024028226,0.064534732028360769,0.035365776609805208,0.034949085528495613,2.0
DeMarco Murray,RB,TEN,12.273308882532197,7400.0,0.1863972276506688,0.26793906345104263,0.22451311232640317,0.16802686589074975,0.079957654335306813,0.041196148572516973,0.031969927773312076,1.0
Doug Martin,RB,TB,12.074861794887664,7100.0,0.17532590578382024,0.26833842381083156,0.25798610992625637,0.16665999540584536,0.067445364983093295,0.037791354281147563,0.026452845809006375,1.0
Eddie Lacy,RB,GB,11.959055771891244,7000.0,0.18879735410727835,0.27169065286288979,0.23761249141186547,0.16660729053985324,0.073099908594015314,0.034383968967086849,0.027808333517011223,1.0
Adrian Peterson,RB,MIN,11.086016007705307,8200.0,0.2393632715125284,0.25145277844177477,0.25163716722588669,0.14368819051375076,0.064134552026476721,0.032221968544625126,0.017502071734958147,2.0
Rashad Jennings,RB,NYG,11.049418167075874,6300.0,0.21348753034203857,0.31012225216307315,0.23179822677230125,0.13349790720843466,0.060106529926671343,0.024116007962078152,0.026871545625402966,1.0
Danny Woodhead,RB,SD,10.879250529202475,6400.0,0.24310066772109631,0.28139812350500565,0.24280516037345604,0.12018128563284333,0.057483113651559753,0.026226912780297193,0.028804736335741866,1.0
Jeremy Hill,RB,CIN,10.73789508856218,6600.0,0.23829726986302882,0.30660396858559774,0.20709591393389284,0.14517980280132714,0.058360145842002803,0.020803742563280408,0.023659156410870481,1.0
Frank Gore,RB,IND,10.430859254608588,5700.0,0.24196608557600727,0.32446493058575004,0.21502925957584501,0.11964558126033382,0.054246058413822476,0.022990084050389378,0.021658000537852148,1.0
Jeremy Langford,RB,CHI,10.219033862449779,6500.0,0.31750119529161852,0.26271153496188215,0.19592083851843042,0.11919422007070445,0.04561477822873141,0.0231076844479625,0.035949748480670916,0.0
Isaiah Crowell,RB,CLE,9.994122704974215,5800.0,0.2874356966199802,0.29379492647299832,0.23002672812395528,0.093132620154333365,0.051605447993311959,0.01791551219503458,0.026089068440386613,1.0
Spencer Ware,RB,KC,9.7757590873281135,6800.0,0.33393528937472572,0.25410662644893978,0.20583654517095176,0.11601126326868842,0.048760169683386492,0.014985371474222743,0.026364734579085274,0.0
Ameer Abdullah,RB,DET,9.7114116922518559,6700.0,0.29662571979884778,0.31560780288889051,0.2016830122558334,0.09714490562632716,0.046033673607661078,0.020761772070451483,0.022143113751989338,1.0
Christine Michael,RB,GB,9.6938135407598747,5900.0,0.3348449633864759,0.27519875586009113,0.1820756029286503,0.11575097850702967,0.049626113744411102,0.015078633527249655,0.027424952046092476,0.0
Ezekiel Elliott,RB,DAL,9.5492399643519938,7900.0,0.4062158639729877,0.19964662830927091,0.19425874916129071,0.098174970767118008,0.03761423579997638,0.026586718129021955,0.037502833860334886,0.0
Alfred Morris,RB,DAL,9.155176149392231,5300.0,0.39693587575953404,0.25145284691761416,0.16518485265891392,0.098651304423417019,0.036028406274050608,0.018139001003669469,0.033607712962800518,0.0
Ryan Mathews,RB,PHI,9.1441463684324038,6300.0,0.34183509747595486,0.31431217989888771,0.17511543404808802,0.088944572421334495,0.038791769603618069,0.016147148383878571,0.024853798168238194,0.0
LeSean McCoy,RB,BUF,8.9675144917556171,6800.0,0.41607262842545467,0.22011512074840242,0.19942293715769627,0.079212360599478102,0.034810762450676824,0.019812311555143101,0.030553879063149381,0.0
Mark Ingram,RB,NO,8.9403608648413968,7000.0,0.42225802339376145,0.22122040627020945,0.1956592380257354,0.06669291837035464,0.043424730346776817,0.018723219471420503,0.032021464121742317,0.0
Tim Hightower,RB,NO,8.8241248173015183,4900.0,0.40849263041007972,0.2527312852996938,0.15538838620182152,0.099491364256519749,0.046912477142461849,0.016801442709127853,0.020182413980295542,0.0
Todd Gurley,RB,LARM,8.6817029485826662,8400.0,0.38759157117435189,0.26222546918504863,0.19957450569941676,0.084957933206498304,0.034090139146668856,0.014273818263748194,0.017286563324267649,0.0
James White,RB,NE,8.6367840075723414,5600.0,0.38160446113651625,0.31182005235497079,0.14091147150708855,0.095316382423995538,0.033311926076343534,0.017476758459395884,0.019558948041689256,0.0
Arian Foster,RB,MIA,8.5510841780747668,7100.0,0.45278735430816008,0.22543028869870974,0.17099706921461563,0.0678728579409342,0.03253681567081744,0.01227661340201521,0.038099000764748259,0.0
Charcandrick West,RB,KC,8.5441870225676553,5800.0,0.42389695518213122,0.25722571651756948,0.16068231537789518,0.078135838555710019,0.040512000641840129,0.015510060137246548,0.024037113587607354,0.0
Carlos Hyde,RB,SF,8.3884234990319335,6100.0,0.43331108573139343,0.2475472571644303,0.18651685271391383,0.062755757417684924,0.02571656848520823,0.014013946098440446,0.030138532388929027,0.0
Giovani Bernard,RB,CIN,8.3201998563265676,5500.0,0.43373677241587894,0.2840738053684323,0.1291234160271848,0.074281906007961029,0.036006077881434451,0.015471893767544065,0.027306128531564666,0.0
Jonathan Stewart,RB,CAR,8.1470265012956133,6700.0,0.46230587197456702,0.2422385725382438,0.16098507533887635,0.055628849557981683,0.036847032306156921,0.014695326468389084,0.027299271815785786,0.0
Theo Riddick,RB,DET,8.1402954788550801,5900.0,0.4158413409567342,0.3044765679765406,0.147544581911107,0.069301933153738768,0.02600414081654371,0.015222218306544223,0.021609216878792158,0.0
LeGarrette Blount,RB,NE,8.1234925646862273,6000.0,0.49581844651303303,0.21128859144598228,0.14940680822936844,0.059849659864126381,0.031592277667114789,0.019739460700500949,0.032304755579874292,0.0
Darren Sproles,RB,PHI,8.0014375036985275,5400.0,0.44439567664453833,0.27251299880086033,0.14811330691247659,0.071272614957999955,0.032138871421443456,0.010671930435541719,0.020894600827139925,0.0
T.J. Yeldon,RB,JAC,7.9855794353041762,6500.0,0.44980537866440584,0.26143341444523543,0.16754769631657357,0.057837149673857467,0.027008923595659332,0.011565603933001878,0.024801833371266704,0.0
Charles Sims,RB,TB,7.9603958265734178,5600.0,0.43559502812351608,0.2703034428605724,0.16704446166426326,0.070601798399809498,0.02863977880605342,0.012985598163775315,0.014829891982010132,0.0
Thomas Rawls,RB,SEA,7.8683866962211724,6600.0,0.49577830789073879,0.21772668440470141,0.16323037320880199,0.052400462581856259,0.025212840250085963,0.016864330759191856,0.028787000904624133,0.0
Justin Forsett,RB,DET,7.7979904199653163,6600.0,0.51469932989351852,0.19938863519800051,0.15716939607606653,0.060386336055538344,0.023265600766164147,0.014293545105315258,0.030797156905397131,0.0
Duke Johnson,RB,CLE,7.7427618805625018,5400.0,0.45436736380835913,0.28213417889533043,0.1370887267104304,0.070521713277321887,0.028064282371261122,0.0082905350754217347,0.019533199861875412,0.0
Shane Vereen,RB,NYG,7.7252973842553168,5100.0,0.45030458620538133,0.29685101122161861,0.12462919078426325,0.068299591044679211,0.033609044515899182,0.0075850750798306978,0.018721501148327744,0.0
Melvin Gordon,RB,SD,7.6950447682535517,6600.0,0.5086158039266635,0.21775476639035746,0.15186017907078794,0.053487039035135221,0.027251361871883404,0.012422172371857259,0.028608677333315593,0.0
Terrance West,RB,BAL,7.3711147454661425,5400.0,0.5307742289049876,0.22249849600901353,0.12306970319275339,0.066199844985948803,0.02248519416251037,0.0068511518335277188,0.028121380911258737,0.0
Tevin Coleman,RB,ATL,7.2126010659311675,6100.0,0.58022275513352417,0.1705396005796769,0.1259063781494355,0.058196368090299162,0.025567045245704138,0.0092536481032467928,0.030314204698113464,0.0
Jerick McKinnon,RB,MIN,7.1305543036377808,5000.0,0.5406934782841597,0.22720274272279806,0.12332911676703452,0.056272812465840739,0.017273187088875867,0.0097650724304884293,0.025463590240803229,0.0
Travaris Cadet,RB,NO,6.9483893138680468,5300.0,0.51018345050067759,0.27750111826101442,0.11179303838652101,0.052216756533829185,0.029032088321343696,0.0063106780835347279,0.012962869913079518,0.0
Brandon Bolden,RB,NE,6.9319314830743251,4900.0,0.55854577208043021,0.21603834566202673,0.11289239694495963,0.060343960785807997,0.026807623223145376,0.0057443844404583165,0.019627516863172514,0.0
Matt Jones,RB,WAS,6.8867158279237195,6200.0,0.59148304480796998,0.17462451628747175,0.12690950552169813,0.051885514919758159,0.021658653913530328,0.0071623278211605853,0.026276436728411786,0.0
Bilal Powell,RB,NYJ,6.8493116374374843,5300.0,0.55968320550860817,0.21150679268470968,0.13356564017427686,0.045881447466826257,0.0223800002786862,0.007552686217198617,0.019430227669694836,0.0
Chris Thompson,RB,WAS,6.7987163144662786,5200.0,0.56788311144339865,0.22163734269172636,0.10896609021245195,0.051694592772751,0.019480766511155122,0.0066871539877401747,0.02365094238077706,0.0
Mike Gillislee,RB,BUF,6.7471651315631336,4800.0,0.59636741545085881,0.19272110912979315,0.10522175936472544,0.045570427728903587,0.029340691955178723,0.005244352641704037,0.025534243728836403,0.0
Alfred Blue,RB,HOU,6.720218874956446,4900.0,0.604408834404079,0.18855871744603034,0.095880125819294296,0.054181635118826926,0.022920070895434352,0.0078862593918204212,0.026164356924515322,0.0
James Starks,RB,GB,6.6772585242777565,5300.0,0.57543645194303539,0.219379383122598,0.10539108270295165,0.047922467136290454,0.025144322396090563,0.008516958139936321,0.018209334559097651,0.0
Mike Tolbert,RB,CAR,6.3815221928883075,4700.0,0.61372192535476144,0.2073525310641621,0.090790920181124252,0.035767233836158707,0.021701526095944959,0.0040439008546830444,0.02662196261316609,0.0
Denard Robinson,RB,JAC,5.9652535922796801,4800.0,0.65359636184046876,0.19074204796337776,0.078554063109175953,0.031190328246057886,0.016680824616633373,0.0034201142589088307,0.025816259965377689,0.0
Kenjon Barner,RB,PHI,5.867203962949235,4800.0,0.6702994165870898,0.16468611948073836,0.085575329811941853,0.036731751048638184,0.018419548010621168,0.0027602397329925237,0.021527595327978884,0.0
Benny Cunningham,RB,LARM,5.5045135017420082,4900.0,0.68964486808612135,0.17538515441655592,0.065075096099013574,0.033563840389811223,0.013828623505857661,0.0046029168174701587,0.017899500685169781,0.0
Ka'Deem Carey,RB,CHI,5.4704389110398868,4800.0,0.71282741832603935,0.15657124865477504,0.065675292911212754,0.025898273522210403,0.0087279092237968706,0.0022597217225462482,0.028040135639419497,0.0
Kyle Juszczyk,RB,BAL,5.4391209702913637,4500.0,0.67619128066885104,0.21298565627880214,0.054290306237186198,0.024222635046749097,0.0057253880080569541,0.0014082008731238409,0.025176532887231325,0.0
Robert Turbin,RB,IND,5.4245463794879329,4600.0,0.71939562714507954,0.15458536116798319,0.062137306958988531,0.024040850574428355,0.0072109548146092181,0.0046742772486787921,0.027955622090232366,0.0
Shaun Draughn,RB,SF,5.4038089854578919,4800.0,0.7241554166698102,0.13690884414784057,0.078294005244004788,0.023377977677447041,0.0090095547225926779,0.0017063463106425421,0.026547855227662103,0.0
Andre Ellington,RB,ARI,5.2452558676316219,4700.0,0.71970063957468422,0.15332691593815911,0.059581303632374433,0.035269999426230728,0.014217049640383041,0.0016620954266028272,0.016241996361565817,0.0
Fozzy Whittaker,RB,CAR,5.214992618677595,4800.0,0.73810641746688033,0.14348617374662548,0.058438545136964413,0.023601995094259781,0.0070582304238043314,0.0046065300783769804,0.02470210805308963,0.0
Jonathan Grimes,RB,HOU,5.2004561292458984,4500.0,0.74515741199795327,0.13715068011829254,0.052698866609558088,0.022835757107321466,0.014910882382178381,0.0051397332929511508,0.022106668491744266,0.0
Jalen Richard,RB,OAK,5.1871777804107202,4900.0,0.74546553889073297,0.12721323948169411,0.064064589707316863,0.029734189809338504,0.0078652056486442634,0.0035615278943706002,0.022095708567903116,0.0
Fitzgerald Toussaint,RB,PIT,5.1725954463382253,4600.0,0.73301532058231034,0.14741687702610498,0.063403153847715443,0.021758861483833977,0.0092932465983806851,0.0035901195331143666,0.021522420928540394,0.0
Chris Johnson,RB,ARI,5.1073372121527587,5600.0,0.74962895717053013,0.12905715462407666,0.061965240740539586,0.023785421835426483,0.01032578399541011,0.0054819771890937318,0.019755464444924164,0.0
Matt Asiata,RB,MIN,5.0223269055950981,4800.0,0.75031444942476744,0.1380055549135458,0.057342921777707626,0.024844044370032719,0.0050027925456080386,0.0013039072911154423,0.023186329677223234,0.0
Derrick Henry,RB,TEN,5.0203581012338665,5300.0,0.75896391288428156,0.13253403788693505,0.049681020146501019,0.02219571350391316,0.011295265526233727,0.0028253239258146635,0.022504726126321279,0.0
Antonio Andrews,RB,TEN,4.6146679151788321,4800.0,0.79638928773703521,0.113317355890151,0.036737109629820887,0.026128507414389622,0.0068294788687167703,0.002300081880883275,0.018298178579003281,0.0
Mike Davis,RB,SF,4.5721785386829223,4500.0,0.81049767464532685,0.1018861009201457,0.03934824672743413,0.018016734710059375,0.005510064640104592,0.0020366724327138975,0.022704505924216044,0.0
Andy Janovich,RB,DEN,4.4491146727867878,4500.0,0.82348046625348958,0.095442205914403319,0.035445622637204861,0.015199547522457862,0.007382291948647958,0.00097496946540056781,0.022074896258396304,0.0
Jay Ajayi,RB,MIA,4.3972098134774207,4700.0,0.81880976299658736,0.10102257286991038,0.039886008397028515,0.013028786802785131,0.0048771012935577554,0.003593254807945259,0.018782512832185252,0.0
DeAndre Washington,RB,OAK,4.3057139463255352,4700.0,0.83628241174345108,0.093234730713256497,0.032387605702079506,0.010613779588107407,0.002561974614923941,0.00062208314967388662,0.024297414488508272,0.0
Jamize Olawale,RB,OAK,4.2700179560278659,4500.0,0.82886591215495931,0.095802913930886663,0.036565396163675649,0.016141993507533054,0.0032531279455216607,0.001518582193737932,0.017852074103686093,0.0
John Kuhn,RB,NO,4.2384785554844928,4500.0,0.82536234068374881,0.10210051389004372,0.037474580614683541,0.013145585804048161,0.0032537291085260518,0.0020778414746269198,0.016585408424323711,0.0
Taiwan Jones,RB,OAK,4.221431925710073,4500.0,0.81986213826193477,0.12423393246752948,0.02645281324577323,0.0055905931269425975,0.0017674503793577185,0.00019981739021687585,0.021893255128245484,0.0
Devontae Booker,RB,DEN,4.1864087379827604,5200.0,0.83510849289149536,0.097324295108697556,0.032032334041704844,0.012433398091668992,0.0037939898256296074,0.0013880362922055393,0.017919453748598671,0.0
Dwayne Washington,RB,DET,4.1168947738903396,4500.0,0.8557582602208551,0.082192883715690848,0.024579967263969372,0.010667463514513559,0.0053246245366373839,0.00058263801321607874,0.020894162735118071,0.0
Keith Smith,RB,DAL,4.0937165963991564,0.0,0.86307426262781295,0.073362297253746683,0.021928781343878861,0.010787859376141885,0.01180899261928736,0.0012145555544098216,0.017823251224723415,0.0
Josh Ferguson,RB,IND,4.070117229628357,4500.0,0.837320847877013,0.10330005172076466,0.032097662054896108,0.0074781072841280894,0.0016185690632354928,0.00038765400664527962,0.017797107993317223,0.0
Reggie Bush,RB,BUF,3.9989366514689717,4900.0,0.86082511664526906,0.081416199251985413,0.029782539169946151,0.004301676850715145,0.0028581474097371527,0.00055843457295616603,0.020257886099391019,0.0
Tyler Ervin,RB,HOU,3.9057261798301051,4500.0,0.8732375345184139,0.075444962312586836,0.021448136301944004,0.0077519935224448387,0.0013405684788971401,0.00057565670701085505,0.020201148158702869,0.0
Jordan Howard,RB,CHI,3.7703397513331978,5400.0,0.88121944315985146,0.071312083823119751,0.02088191792038499,0.0069690315680853779,0.0020623970064990167,0.0015153163472582723,0.01603981017480096,0.0
Lance Dunbar,RB,DAL,3.7505959906222386,4800.0,0.87064162427724567,0.087192525851078811,0.018349846760346709,0.0057729460151354564,0.0031192923770953346,0.00038233298350493405,0.014541431735594228,0.0
Jay Prosch,RB,HOU,3.7469906070535797,4500.0,0.88900252822805437,0.066519987669613298,0.017515028487915835,0.0066350580115058207,0.0012799865581446545,0.00065681019520611155,0.018390600849560609,0.0
Orleans Darkwa,RB,NYG,3.7420260130790957,4500.0,0.89056319624752256,0.06538097490287248,0.016832773903117139,0.006525252264197515,0.0016516676709608718,0.00041575009557459663,0.018630384915754396,0.0
Patrick DiMarco,RB,ATL,3.7355564363202398,4500.0,0.87970073403575977,0.06939252317904275,0.023909020393340374,0.012177811959636102,0.00089903748576511649,0.00047635778374260717,0.013444515162714176,0.0
Malcolm Johnson,RB,CLE,3.6599024628956398,4500.0,0.88805874265591744,0.070808590566804316,0.017359082245312726,0.0073590133628386152,0.00065046425457882711,0.00046123635313405668,0.015302870561414831,0.0
Zach Line,RB,MIN,3.6418890720199331,4500.0,0.89544884181262119,0.063637387646231863,0.017156664184843483,0.005481455409349959,0.001584938506966271,0.00056443515183853855,0.016126277288147778,0.0
Ryan Hewitt,RB,CIN,3.5622718450096835,4500.0,0.90112820080338307,0.063119875452716578,0.014549608122204669,0.004430328739047828,0.0004861742109225466,0.00057212541482518943,0.015713687256900175,0.0
Kenyan Drake,RB,MIA,3.5249505941584394,4900.0,0.90447884496078701,0.052367112487039617,0.024395516581902778,0.0041266099556585157,0.00096877496993310404,0.00082224890419105464,0.012840892140489044,0.0
Kapri Bibbs,RB,DEN,3.4674363212514518,4500.0,0.91073694287200135,0.054877671959400944,0.01525694918323184,0.0039928999167518509,0.00059509085987835867,0.00051750874808631714,0.014022936460649992,0.0
Michael Burton,RB,DET,3.4616180665050216,4500.0,0.90923297299371841,0.058421299994038167,0.012637288106430382,0.0046992138316235034,0.00084963834635025663,0.00060384767808309902,0.013555739049756642,0.0
Wendell Smallwood,RB,PHI,3.4409507113807249,4500.0,0.91737759968545229,0.049349838346119938,0.013636287180788128,0.003822791454983637,0.00069297185231829246,0.00063723788531512083,0.014483273595022906,0.0
Knile Davis,RB,KC,3.4204300399588137,4500.0,0.91910657900858683,0.047591410888037214,0.013995365680579148,0.0042355979907024079,0.00049360709357357117,0.00062047486948017642,0.013956964469040725,0.0
Rex Burkhead,RB,CIN,3.4183075184326865,4500.0,0.90912045761019256,0.061445371441977772,0.012179768295630678,0.0034499791458924285,0.0006247121442489081,0.00044020947650194467,0.012739501885556186,0.0
Jacquizz Rodgers,RB,TB,3.4081665321669363,4700.0,0.91777675803146064,0.05012431555961705,0.013535716370989301,0.0039079527270291948,0.00062854617858181959,0.00064940474914601347,0.013377306383176385,0.0
D.J. Foster,RB,NE,3.3920507889337883,0.0,0.92035811193507344,0.04857982153742655,0.013161752473715694,0.0030464404779688742,0.000499212787325715,0.00062309093766387122,0.01373156985082627,0.0
Jalston Fowler,RB,TEN,3.3840783563841699,4500.0,0.92583773045404161,0.041939365053102168,0.012591986867958222,0.003028460557430457,0.0025412728720980095,0.00063722529518199153,0.013423958900187971,0.0
James Develin,RB,NE,3.3802992671843581,4500.0,0.9173561503014348,0.052966660835168912,0.012509688352610125,0.0032031493546760535,0.00056134249183238932,0.00060037230178763682,0.012802636362490237,0.0
Stepfan Taylor,RB,ARI,3.3690508905737548,4700.0,0.92323269780529127,0.045097967273013226,0.012430995988148771,0.0054303505202793227,0.00052132550815370813,0.00059296240750379584,0.012693700497610497,0.0
Daniel Lasco,RB,NO,3.3618066732812291,4500.0,0.92597671675588222,0.043367063227211476,0.012738836048325432,0.0030353541160560321,0.00048385417202915365,0.00074201441808439093,0.013656161262411782,0.0
Alex Collins,RB,SEA,3.3558690470537851,4600.0,0.92300624798592301,0.047061286825103729,0.012598099544014221,0.0032324979867815857,0.00058715073662505711,0.00065028893287539039,0.01286442798867732,0.0
Ty Montgomery,RB,GB,3.3547224685279167,4500.0,0.9241886612112501,0.045755314239736014,0.012648033878744807,0.0031989836108086145,0.00042694754971457134,0.00066334409085168952,0.013118715418894594,0.0
Aaron Ripkowski,RB,GB,3.3547224685279167,4500.0,0.9241886612112501,0.045755314239736014,0.012648033878744807,0.0031989836108086145,0.00042694754971457134,0.00066334409085168952,0.013118715418894594,0.0
George Atkinson,RB,CLE,3.3536639041664125,4500.0,0.92516497743913839,0.044861031661619921,0.012422388185764166,0.0031043066942474705,0.00048032568365106206,0.00066170479898434325,0.01330526553659475,0.0
Kenneth Farrow,RB,SD,3.3503569928132744,4500.0,0.92570623749838343,0.044010660555072662,0.012749942463419969,0.0031746313566451815,0.00051731241832500801,0.00066679517699602415,0.013174420531157924,0.0
Paul Lasike,RB,CHI,3.3454764612957999,4500.0,0.92514122255626074,0.045129830760676171,0.012386301069743923,0.0032320006527500529,0.00051434072874766536,0.00062432201405631933,0.012971982217765174,0.0
Corey Grant,RB,JAC,3.3422487516639703,4500.0,0.92512541826145778,0.045181778538576647,0.012492825637652418,0.0032298453463507431,0.0005230456164542908,0.00060364058850822903,0.012843446011000298,0.0
Daryl Richardson,RB,PIT,3.336610677833904,4500.0,0.92781987130253063,0.042225628173321199,0.012619786034877113,0.0030046130594129348,0.00055465502181396798,0.00061061706271948329,0.013164829345325094,0.0
Chase Reynolds,RB,LARM,3.3218748694847493,4500.0,0.92877373242972727,0.042063936237915496,0.012047611287349932,0.0031333279218018909,0.00049487175889130724,0.00055069205645229984,0.012935828307861847,0.0
