name,pos,team,expectation,salary,prob_0_5,prob_5_10,prob_10_15,prob_15_20,prob_20_25,prob_25_30,prob_30+
Johnny Holton,WR,OAK,19.833226032442127,0.0,0.095691048588740488,0.11104313217378345,0.13779462838160153,0.1656773645182468,0.14815223356305771,0.15353237552682469,0.18810921724774526
Sammy Watkins,WR,BUF,19.31397958371803,0.0,0.013429126000273232,0.11760989039287621,0.15685475161984641,0.23390731657482752,0.30893547969707891,0.070799785033263896,0.098463650681833728
Marquise Goodwin,WR,BUF,19.204268943173354,0.0,0.10560580145447249,0.11735838842414344,0.13931409123049901,0.15729145801852307,0.1678915135555101,0.1533833787250784,0.15915536859177346
Terrance Williams,WR,DAL,18.851017334362908,4900.0,0.11648999866894728,0.18507302367199938,0.14471027432733807,0.12100388938185601,0.11721789225151447,0.057970222429973406,0.25753469926837125
Tyreek Hill,WR,KC,18.592741627510925,0.0,0.1164386474145898,0.13219048429366956,0.14477732496240714,0.14802378936887808,0.15859548352477201,0.15432191250264204,0.14565235793304135
Julio Jones,WR,ATL,18.489983516217933,9300.0,0.021204801591927832,0.16886581040575716,0.23262944887100698,0.10915278364799895,0.21578545963940526,0.17805281159411812,0.074308884249785684
Chris Moore,WR,BAL,18.058090455468193,0.0,0.12123563100212498,0.14323996652752669,0.14214855161163473,0.1603807039433803,0.15074658382943051,0.15644205724225876,0.12580650584364395
Jalin Marshall,WR,NYJ,17.632957778738156,0.0,0.13807545211795785,0.15910797014104619,0.15052461602614173,0.13669930197507407,0.14460028890074536,0.12234341228508545,0.1486489585539493
DeVante Parker,WR,MIA,17.537874228087791,5800.0,0.08942166949307849,0.10847229970450871,0.20689285825794876,0.1298445169296471,0.3041322710160006,0.11252153689873197,0.048714847700084371
Jamison Crowder,WR,WAS,16.588559822517023,5100.0,0.20276293618492053,0.19769255055703497,0.12513329350130703,0.098274071339390631,0.10711339772228801,0.068118238320966445,0.20090551237409224
Antonio Brown,WR,PIT,16.420211233939146,9200.0,0.011574544283503029,0.13997243148687383,0.30561598616092978,0.27233598977342993,0.18835614103660128,0.0476910584459364,0.034453848812725868
Pierre Garcon,WR,WAS,15.902761687217293,6200.0,0.17518789497435269,0.23475697099166062,0.14377737715864972,0.082499637994987232,0.13741184353364805,0.073524310492411302,0.15284196485429044
Arrelious Benn,WR,JAC,15.902049624883116,0.0,0.21121099382896905,0.16754179204332781,0.12570530058421142,0.1246838018524247,0.12370016785771634,0.14261412009336497,0.10454382373998584
Willie Snead,WR,NO,15.895643559291877,7200.0,0.03182420209187517,0.25564600406668819,0.24434265626172308,0.14163387659200688,0.16350700406984378,0.13595528050217612,0.027090976415686828
Jarvis Landry,WR,MIA,15.821285346993216,6500.0,0.058286207129586348,0.23695511473991918,0.23747455902629083,0.11839393923050583,0.23051605701004388,0.062883338492867813,0.055490784370786153
DeSean Jackson,WR,WAS,15.777309452700687,6600.0,0.14069674502780968,0.20600698003126625,0.14210384050593503,0.11520682717740684,0.27264332639183053,0.048447588819951044,0.074894692045800473
Robert Woods,WR,BUF,15.591516475271298,5300.0,0.10267933132901777,0.21346896082928787,0.20388710215622841,0.098257886718818452,0.24679118634168007,0.10788615844863278,0.027029374176334629
Emmanuel Sanders,WR,DEN,15.43776528637283,6700.0,0.086688809162115313,0.18703065242231706,0.23895802566613936,0.18100093105107434,0.23313053436973802,0.019106923165471804,0.054084124163144016
Brandon Marshall,WR,NYJ,15.353469923052566,7600.0,0.065282736345460848,0.24168323170709202,0.28296045527235036,0.12837322404001772,0.14690736653536307,0.057209137033959447,0.077583849065756549
Jordan Matthews,WR,PHI,14.898246963075296,6900.0,0.067939278499362987,0.27487355686786868,0.18614639921890686,0.13951963131375725,0.26826753674108705,0.046862924286570157,0.016390673072447116
Demaryius Thomas,WR,DEN,14.593269025464432,7000.0,0.12461969391972715,0.25167292558658566,0.23055023745897077,0.14737572698765977,0.11916539380495676,0.023941664112064595,0.10267435813003535
Kamar Aiken,WR,BAL,14.455524253472484,5800.0,0.089007242478145815,0.22378795375595073,0.2689155634403122,0.211718920661284,0.10552418930997066,0.056378397646000888,0.044667732708335794
Harry Douglas,WR,TEN,14.423424124139823,4500.0,0.17635366583626791,0.24156532048434501,0.23393383417949881,0.10468376977983775,0.056205722805942895,0.053864886346907934,0.13339280056719965
Andre Johnson,WR,TEN,13.694039469235307,4500.0,0.21677715737557271,0.25309044145871612,0.19420030402553418,0.0907710645418255,0.095129038436920735,0.020480310056788062,0.12955168410464263
Brandin Cooks,WR,NO,13.672111065689037,8400.0,0.08573871188067532,0.30326525704263047,0.24910960050753936,0.10517868195086227,0.19154297710036725,0.04822747602698111,0.016937295490944075
Cole Beasley,WR,DAL,13.278163387449673,5000.0,0.31362283697140009,0.21599727339995831,0.1112131255004935,0.084681077962254353,0.11801227011698455,0.017306910389080821,0.13916650565982835
Alshon Jeffery,WR,CHI,13.08285027096098,7800.0,0.11893163130621384,0.28580564328829222,0.28815848864289217,0.067943862506469777,0.15442970045229706,0.078568223623603176,0.0061624501802316914
Taylor Gabriel,WR,ATL,13.005279240652154,0.0,0.36955312792135719,0.12832074247981412,0.18138819159836989,0.077259878500937462,0.077375175360726078,0.0073269075960065121,0.15877597654278885
Jermaine Kearse,WR,SEA,12.926093311436633,5300.0,0.20227482066978275,0.21700642125755654,0.20062316010880146,0.16243834035451216,0.14190545148426198,0.053571764000980966,0.022180042124104259
Doug Baldwin,WR,SEA,12.92288875527775,7000.0,0.14465901347404772,0.28371160970201142,0.23606703483555194,0.12361277744809228,0.12937657522895601,0.064224661400920702,0.018348327910420018
Walter Powell,WR,BUF,12.719062588026819,4500.0,0.32452438807550038,0.16462002357637875,0.15049884421730667,0.10657616995843831,0.10671167223927235,0.082885503868803487,0.064183398064299985
Brenton Bersin,WR,CAR,12.60565123830057,4500.0,0.29854448816588547,0.19027775624545679,0.1666003033691357,0.10044955534529136,0.10393898419305701,0.087120433706229697,0.053068478974943926
Marvin Jones,WR,DET,12.540310553032203,6500.0,0.19926202194052148,0.21485189453543221,0.28790980601434107,0.095358867196415661,0.11182621154381557,0.070755757149176798,0.02003544162029736
Danny Amendola,WR,NE,12.329792126284794,5500.0,0.34408196288947951,0.16922003447083411,0.18602191771470036,0.049436455148669158,0.13052397655571082,0.020241641497377671,0.10047401172322835
Michael Floyd,WR,ARI,12.026542220273882,7000.0,0.21791812921197498,0.30768271564031469,0.16414537128113582,0.091638756186894904,0.13295064298770826,0.062801570104760646,0.022862814587210643
Tavarres King,WR,NYG,11.957160128134518,4500.0,0.33902972370602424,0.18505308958207325,0.15633160388946754,0.097476233554581279,0.087921184853094803,0.081747187004106547,0.052440977410652241
Marc Mariani,WR,TEN,11.777022753305165,4500.0,0.30496460448803264,0.20144585016032346,0.20997178688116896,0.088675496674204407,0.10733766926043138,0.020527927872614631,0.067076664663224539
Jordan Taylor,WR,DEN,11.635640931177605,4500.0,0.37331947412212874,0.17396646314354697,0.14171811379658017,0.089995889782544622,0.094331207850704313,0.06728969248723729,0.059379158817257888
Jakeem Grant,WR,MIA,11.62762685353087,4500.0,0.36624012111010568,0.1774801801455482,0.14734801934608088,0.090255571573766291,0.090146902670842216,0.075630004689981434,0.052899200463675272
Golden Tate,WR,DET,11.450197038322075,6700.0,0.28314082308150729,0.24088765512217536,0.20270766515695482,0.10064918383883023,0.093876195428028428,0.030344009281033289,0.048394468091470647
Tajae Sharpe,WR,TEN,11.283998250017248,6000.0,0.27028011454653583,0.3126383013638081,0.15239951614886502,0.09120285370203686,0.080854610649340686,0.039816407128499397,0.052808196460914066
Anquan Boldin,WR,DET,11.083737958465322,5700.0,0.24033076932778674,0.27160976434466705,0.24287610384550148,0.12460382507937222,0.069011118900859564,0.017110034297296652,0.03445838420451635
Mike Evans,WR,TB,10.959642506626462,8100.0,0.27883453573037931,0.23509742653439339,0.19986606409392782,0.12990681444846108,0.12937300162103565,0.016738351628800205,0.010183805943002578
Alex Erickson,WR,CIN,10.680683709780153,4500.0,0.41584479035647998,0.17970536964037223,0.1317114316179317,0.082405059636618178,0.076675043418950567,0.066457218765712298,0.047201086563934916
Isaiah Burse,WR,SD,10.586170565595792,4500.0,0.40430459722616635,0.19332678122720756,0.13703063247508288,0.08307317185062027,0.072780129837169472,0.06809629063543296,0.041388396748320296
Aaron Burbridge,WR,SF,10.526942489079671,4500.0,0.39527284569303334,0.20650665903085649,0.14173630733783499,0.077879985123892756,0.075164352582374805,0.060831445399879405,0.042608404832128209
T.Y. Hilton,WR,IND,10.510696772645682,7000.0,0.20227729607470982,0.39081994856461955,0.22188877564283935,0.07257306230708449,0.054392809043285556,0.030040848536036443,0.0280072598314247
Eli Rogers,WR,PIT,10.433486712310051,5500.0,0.31805272034552723,0.30051066128690357,0.14846621062380566,0.087123390895040856,0.060975184052069323,0.045122374762767169,0.039749458033886152
A.J. Green,WR,CIN,10.424255744169738,8900.0,0.20632286231641894,0.36368879492822975,0.25617158673355361,0.058287444769137588,0.064552423847802826,0.03706841159439004,0.013908475810467143
Tommylee Lewis,WR,NO,10.399578785264314,4500.0,0.43990764289115963,0.16659626599562607,0.13423795129720179,0.07869675581413485,0.065241580562036994,0.067861149057789061,0.04745865438205165
Vincent Jackson,WR,TB,10.377302145811276,5400.0,0.49279961906351183,0.15189307334513996,0.063142100007004334,0.06056936414244464,0.072630961662216553,0.1388136765606873,0.020151205218995362
Trevor Davis,WR,GB,10.131965360724143,4500.0,0.45118759716490431,0.17726411989021867,0.11752006052905387,0.079326759887633616,0.065463054288170702,0.063862212786136185,0.045376195453882745
Malcolm Mitchell,WR,NE,10.122824903433735,4500.0,0.42446085688946805,0.2232849632214729,0.11768146666853192,0.071263070381521285,0.064795190374265843,0.031597886356150462,0.066916566108589343
Quincy Enunwa,WR,NYJ,10.001947442182216,5100.0,0.39227619486430909,0.23933658407750408,0.1399785831874257,0.066550340931436275,0.096496401222184267,0.019595474573581649,0.045766421143558993
Brandon Coleman,WR,NO,9.8776785614183673,4500.0,0.45958365173046756,0.19434364833378284,0.13307731526801653,0.06337254418131108,0.044653280313161001,0.023996974339277409,0.080972585833983562
Rishard Matthews,WR,TEN,9.8769844113542238,5300.0,0.39582608541104619,0.26655477329077271,0.12278868335224973,0.071069938811622935,0.058934318745988673,0.024701767778219256,0.060124432610100427
DeAndre Hopkins,WR,HOU,9.8355406984507638,8300.0,0.26740208395433551,0.34383232660298774,0.22316435292182532,0.058350337331205551,0.070196177086923134,0.013162871176994549,0.023891850925728063
Eric Decker,WR,NYJ,9.8193511688965245,7000.0,0.37622547484766522,0.26023012956197444,0.16050159006683648,0.068670688070325669,0.073197144363212965,0.0092006951100503751,0.051974277979934862
Michael Crabtree,WR,OAK,9.8009874782358963,6200.0,0.38812228069646981,0.25231645439041567,0.14186734454400637,0.1023030640828827,0.035284933635571634,0.029727381234289727,0.05037854141636422
Corey Brown,WR,CAR,9.7055705679026385,5200.0,0.41461749870570974,0.22583642043356622,0.13328773886998604,0.055496094626090134,0.12224232274419618,0.014756579654000275,0.033763344966451198
Dorial Green-Beckham,WR,PHI,9.6985932165001874,4900.0,0.35236339400024974,0.24816754838673299,0.20162528148043751,0.11144102450283468,0.03472772629650317,0.01388074093877298,0.037794284394468879
Jeremy Maclin,WR,KC,9.6740765399549566,6900.0,0.37724421821686166,0.23688428040772708,0.17074731652289749,0.07691906741514995,0.10311519265718676,0.0099107262719187999,0.025179198508258168
Aldrick Robinson,WR,ATL,9.5987822534654548,4500.0,0.46434328094395727,0.20321543254620353,0.11956182602300054,0.06988997436584618,0.047812571335256938,0.028101858963307795,0.067075055822427856
Laquon Treadwell,WR,MIN,9.5963747560574308,5300.0,0.44694478237742935,0.1983171199999029,0.13173462856138263,0.069691271461501836,0.065396004332232083,0.056416342575799389,0.031499850691751867
Cody Latimer,WR,DEN,9.5764783184989977,4500.0,0.55594098834538075,0.12293797791888,0.10648769246687174,0.03291959389163783,0.076682264457028984,0.005873451758105476,0.099158031162095275
Allen Hurns,WR,JAC,9.3975273977635183,6900.0,0.30888880768802129,0.3595102566159239,0.15177456928850502,0.083276568748666235,0.047562427209216912,0.02803415909728638,0.020953211352380274
Davante Adams,WR,GB,9.3443972938783944,5700.0,0.43213032836151039,0.23552970624141206,0.12832817718536571,0.056254984148508193,0.088637062129732713,0.020598750245653476,0.038520991687817342
Charles Johnson,WR,MIN,9.3274596994474255,4500.0,0.51325259110606225,0.17102948842067517,0.081490285042355129,0.072881463460191351,0.035635275781149688,0.097882958235502915,0.027827937954063433
Michael Thomas,WR,NO,9.2956696673251731,5000.0,0.40125849941313946,0.28694690428541364,0.11797957777643038,0.070543775027089181,0.047424342790628495,0.038737118142975577,0.037109782564323172
Sammie Coates,WR,PIT,9.2939996907966869,5300.0,0.37429033508358828,0.31077705022123153,0.12578119619152098,0.07570237808983607,0.047529892150163199,0.032827114019256927,0.03309203424440281
Josh Doctson,WR,WAS,9.2790743477265654,4800.0,0.46991186011070812,0.22517625624575824,0.10416627150308259,0.066789538982868907,0.044013588369995083,0.025828700836342366,0.064113783951244729
Quinton Patton,WR,SF,9.1937389323767089,4800.0,0.29609048744590183,0.38345245006727785,0.16212993964130751,0.076110416660057509,0.043425271037056991,0.0154274703116936,0.023363964836704675
Eddie Royal,WR,CHI,9.0881527062319503,5300.0,0.38259281037096826,0.26983471253582525,0.15957101446617186,0.067881096990507178,0.08778262083211516,0.024210210500293733,0.0081275343041185104
Allen Robinson,WR,JAC,9.0413863397400309,8200.0,0.32315541314683754,0.35138500176475423,0.16655769893029548,0.077387973332878598,0.044035319448159707,0.018759457613064846,0.018719135764009579
Jordan Norwood,WR,DEN,9.0261254694592505,4900.0,0.5201826986345458,0.17669317279204996,0.105639025711632,0.061587601580610447,0.055285446049487236,0.008419385512752002,0.072192669718922464
Brandon LaFell,WR,CIN,8.9592512523764647,6000.0,0.43612728468499279,0.21293019146257539,0.16037667317579721,0.064071440748960179,0.093322025420672777,0.01530414037597214,0.017868244131029391
Andre Roberts,WR,DET,8.9580814960762023,4500.0,0.44637582486028737,0.23304579049369792,0.13331313978542134,0.076403975046506103,0.042445766425732112,0.034501022477369615,0.033914480910985374
Ryan Grant,WR,WAS,8.9027144371014124,4600.0,0.62534532071243976,0.1214932835003262,0.053782488367821228,0.03038428363873074,0.047335975691082013,0.013195559385737812,0.10846308870386225
Kenny Britt,WR,LARM,8.9010372917621741,5200.0,0.40320362689816264,0.2615032974554683,0.15832248189999182,0.08636042659503948,0.038760044677077062,0.032725371652759017,0.019124750821501679
Leonte Carroo,WR,MIA,8.8658590443531597,4500.0,0.43750634233030411,0.26784777669408916,0.11883614547847773,0.06313336870897078,0.048028120299516981,0.022716298854374477,0.041931947634266865
Ricardo Louis,WR,CLE,8.8247731352395498,4500.0,0.50067077234670709,0.19176779483407885,0.11098874509268034,0.057212185345262068,0.06061382674793938,0.049823941743822507,0.028922733889509854
Dwayne Harris,WR,NYG,8.7866162621333732,4500.0,0.50567639452947311,0.15499692027050746,0.13533454504636358,0.084372925085600486,0.063249673425282787,0.02724149838167585,0.029128043261096644
Justin Hardy,WR,ATL,8.6800200325889136,4800.0,0.61574618536529069,0.12722939289659932,0.0671470431281663,0.036544583220948612,0.045100252644187627,0.012710507143996363,0.095522035600811184
Devin Funchess,WR,CAR,8.5770503204176958,5700.0,0.49444161536203179,0.20859722441231193,0.11700656396050553,0.052359418904384884,0.080593970033535065,0.0081081818160520965,0.038893025511178604
Will Fuller,WR,HOU,8.4604358791542253,6200.0,0.33404291274208375,0.41737712689813045,0.10965162208050752,0.058901441466320287,0.043133345896706574,0.022425989446480311,0.0144675614697709
Dez Bryant,WR,DAL,8.4479647563325102,7700.0,0.54245623751696193,0.13159045748445944,0.13574541845781266,0.041091954836408227,0.11244977443027965,0.016595551763622429,0.020070605510455686
Albert Wilson,WR,KC,8.3239616351405346,5000.0,0.52512873698293927,0.16727734369262756,0.12933119420699807,0.059383410268043862,0.078096353320360509,0.011181532735193419,0.029601428793837335
Kelvin Benjamin,WR,CAR,8.3108856367250059,7500.0,0.35153582156425162,0.40081367847467547,0.11751545578949089,0.053701929248117446,0.044400792130397111,0.013724344753023624,0.01830797804004387
Brice Butler,WR,DAL,8.1912463572327905,4700.0,0.55343792664956626,0.21072123479633581,0.092764771993069928,0.030596544377394185,0.031290811629350899,0.0017873370588954959,0.079401373495387534
Tyrell Williams,WR,SD,8.1516588863110879,5400.0,0.486202424583352,0.2537245312282731,0.09694289257935379,0.070639384299042179,0.032095524427314448,0.033431912312310463,0.026963330570353928
Victor Cruz,WR,NYG,8.0358233455619299,5700.0,0.4483475720038782,0.29320464883502489,0.11970228551912714,0.061128738358698011,0.032580911548201037,0.021258264205167257,0.023777579529903434
Randall Cobb,WR,GB,7.9695354377557406,7400.0,0.49040052968868175,0.24995738673697762,0.11799792419493957,0.043774809428562614,0.058814294371914939,0.0083237430747060449,0.030731312504217491
Breshad Perriman,WR,BAL,7.9517211765171689,5200.0,0.47390820485775931,0.27601507529725233,0.10189995746700835,0.064139412111059738,0.037916202270051588,0.022227508213911819,0.023893639782956933
Tyler Lockett,WR,SEA,7.9254347493115889,6300.0,0.50830667018651809,0.20250687690486655,0.12993925494117031,0.075446783534584436,0.048092111819336793,0.01874080119592985,0.01696750141759398
Rod Streater,WR,SF,7.8771899770949441,4500.0,0.47095417463759959,0.29106461354490426,0.10305818480046031,0.054632800144732617,0.032072613778044462,0.01823088559059529,0.029986727503663355
Mike Wallace,WR,BAL,7.8040368404795846,6100.0,0.47497341805329862,0.25340330958518181,0.1175008309012867,0.089411104705020422,0.039313181673253171,0.012114434755097422,0.013283720326861682
Amari Cooper,WR,OAK,7.7410080125920935,7900.0,0.47378948976946106,0.26533606190209041,0.11629098461076924,0.086887789844070737,0.027639173542339499,0.010869162973353781,0.019187337357915463
Sterling Shepard,WR,NYG,7.6445786156624846,6200.0,0.46067451574187668,0.30395362640894968,0.11329431299683305,0.055919278415256402,0.028728180005160361,0.018395097562690456,0.019034988869233535
Phillip Dorsett,WR,IND,7.4732095459933205,5500.0,0.44961670965218331,0.32439554795729453,0.12681219597904286,0.04043440684521326,0.030267654006251882,0.0072196822783030818,0.021253803281710937
James Wright,WR,CIN,7.3917621930060546,4500.0,0.55503821322286806,0.21636848932061634,0.097385143311926589,0.051958104011061712,0.029231330672902969,0.020471765708075795,0.029546953752548503
Mohamed Sanu,WR,ATL,7.3851746328622996,6700.0,0.55737305588516761,0.1931041875863396,0.13320048099943921,0.033348789795430642,0.039336748642678984,0.015668252040601505,0.02796848505034253
Julian Edelman,WR,NE,7.3711010607766303,7100.0,0.51361835292641433,0.27232297335562367,0.09645691920435151,0.043859505582951624,0.033269387313419704,0.01249751074905946,0.027975350868179764
Larry Fitzgerald,WR,ARI,7.336061027702435,7400.0,0.52122771635152876,0.25430306414820125,0.096900643899332978,0.050364368880386645,0.049576144694352189,0.0065814899968253682,0.021046572029372976
Jeremy Kerley,WR,SF,7.2705983215554069,4700.0,0.60073243854106617,0.18166186888262176,0.087235217217133801,0.04063134411007216,0.039539962560139807,0.0055740787032428456,0.044625089985723378
Deonte Thompson,WR,CHI,7.2494727386041369,4500.0,0.5300533210906323,0.25744488522153669,0.092491983248620346,0.04921526399364029,0.025822639443770033,0.023858699510435108,0.021113207491365152
Paul Richardson,WR,SEA,7.2385847984473006,4800.0,0.56345246793108827,0.22260325300288941,0.083135465645364309,0.053064001079645602,0.03034108317814176,0.019891866742879755,0.027511862419990676
Cecil Shorts,WR,TB,7.2260253465830386,4900.0,0.59505336300611811,0.13821048864567836,0.14321953630939302,0.037191425948693339,0.040727249181930464,0.033542904283247979,0.012055032624938728
Torrey Smith,WR,SF,7.1037027089113947,5400.0,0.50363537557706783,0.28422486680479625,0.11287867915396831,0.046656697824715682,0.025622483343264005,0.0047226950685857376,0.0222592022276022
Kenny Stills,WR,MIA,7.0599590473380456,4900.0,0.5973808676715362,0.19265910858159618,0.079651843147817689,0.041305321187523836,0.052991166831365913,0.006618412045799678,0.029393280534360605
Dontrelle Inman,WR,SD,7.009859380393574,5500.0,0.5239638351213558,0.25034051838294158,0.13132688287898708,0.034611284878618344,0.038600968038146957,0.004518302933547008,0.016638207766403262
Terrelle Pryor,WR,CLE,6.9934726307162789,5700.0,0.48422635582130069,0.33491249957108288,0.080920095036189674,0.044584668561851649,0.026804619134942538,0.016411398607094601,0.012140363267537773
Braxton Miller,WR,HOU,6.9265254415818287,4500.0,0.56171929706541801,0.24709034634188889,0.078912762248448454,0.04213992967314599,0.032079310981199351,0.014484742967332967,0.023573610722566165
Travis Benjamin,WR,SD,6.8868821960770852,6100.0,0.58314070697119536,0.19931533472843466,0.10797039112682318,0.04170178047520421,0.036294366494798752,0.008943810996338477,0.022633609207205516
Darrius Heyward-Bey,WR,PIT,6.820143755174958,4500.0,0.69180419827233142,0.10677302104170906,0.075354657116567678,0.042457855710217637,0.022134384279119099,0.0059719545048926943,0.055503929075162245
Tyler Boyd,WR,CIN,6.6641015141374336,5400.0,0.57556554090806877,0.2368250722659607,0.087827647193699288,0.043194788989302284,0.022237052731813142,0.014311318762363219,0.020038579148792614
Donte Moncrief,WR,IND,6.6485745062579067,6700.0,0.53588258564345781,0.27144215367953151,0.11110452199215362,0.034302692661515137,0.027454530981345569,0.0036335640634413587,0.016179950978555058
Eric Weems,WR,ATL,6.644982668151675,4500.0,0.75444082248626598,0.084988419267622392,0.037593059080400247,0.018371123764177155,0.023744586645614865,0.0045817657243707333,0.076280223031548813
Chris Hogan,WR,NE,6.5200124558104173,4700.0,0.65161324263813813,0.15741076381234492,0.063260910443543747,0.040057378127585141,0.062246468173596907,0.0095074265637559267,0.01590381024103513
Kevin White,WR,CHI,6.4757872819114279,5800.0,0.56298761621865001,0.27502134034309933,0.074380628788637146,0.036303119059219978,0.021605684395713715,0.011345139376014222,0.018356471818665589
Matthew Slater,WR,NE,6.4451496620294009,4500.0,0.73492361315846733,0.082514728480300975,0.064625601153645018,0.022488821312836613,0.041304430032467594,0.0048989470366176896,0.049243858825664698
Steve Smith,WR,BAL,6.3403220856363713,6400.0,0.58857691838331472,0.24373949717704094,0.079895338649559819,0.03938201743497155,0.021554905705997482,0.0095766864646943135,0.017274636184421144
Nelson Agholor,WR,PHI,6.3012813353261157,5600.0,0.61791157175364975,0.22390589535492236,0.060375758317806644,0.035725518260394107,0.032237943183839192,0.0096740051885822135,0.020169307940805722
Quan Bray,WR,IND,6.2817456166597569,4700.0,0.61755848415161951,0.21132060450441856,0.080304648871878645,0.036485478369870823,0.023565055801906955,0.012849780790300074,0.017915947510005414
Russell Shepard,WR,TB,6.1793547108360407,0.0,0.74123369197801192,0.089053645568240358,0.048779198388916617,0.038386691858303387,0.037460830822894191,0.0058687453593141798,0.039217196024319494
Rashard Higgins,WR,CLE,6.1563564673518343,4500.0,0.61882125291326184,0.22801620703592651,0.065676212401331452,0.035307238443228306,0.022109557085411607,0.011939493883344143,0.018130038237496184
Corey Coleman,WR,CLE,6.1176424405031673,6000.0,0.53289248031830294,0.33938109732053551,0.061806567729138423,0.032345405830732026,0.016660022024695541,0.0087238828780184813,0.0081905438985769921
John Brown,WR,ARI,6.114785840477551,6600.0,0.66068360105684776,0.17414626350304205,0.068072570526688192,0.036750352230566351,0.032076187653331749,0.0064344709718938244,0.021836554057630228
Marqise Lee,WR,JAC,6.0684560253790281,4500.0,0.6533817301793261,0.18160309122801574,0.068936663584083416,0.048375028570649431,0.020028020503269059,0.0072752730804446471,0.02040019285421156
Stefon Diggs,WR,MIN,6.0515067961767688,6500.0,0.61225264191322537,0.20808602833050516,0.094284764414264935,0.04836457874674311,0.026323212743132748,0.0041452101168518562,0.0065435637352767844
Ted Ginn Jr.,WR,CAR,5.9729848301597519,5700.0,0.68637445330360458,0.13666183794771117,0.072037016830757944,0.030840444505181055,0.061377722525829022,0.0045176939740608569,0.0081908309128553153
Lucky Whitehead,WR,DAL,5.9491165976740978,4500.0,0.79770688899658748,0.074208359795796819,0.02557822583775244,0.014884572782223713,0.019225529678003093,0.0011160519385352739,0.067280370971101219
Seth Roberts,WR,OAK,5.6947941560313495,5300.0,0.73540577258931694,0.12944839148290802,0.049985183518292342,0.030796261966259397,0.0083016750798249397,0.010308708928927024,0.035754006434471415
Andrew Hawkins,WR,CLE,5.642251141381541,4700.0,0.64767191434095361,0.22816245797526272,0.056246063051605337,0.028767645307876344,0.016469179189791083,0.0078812129061870753,0.014801527228324009
Jaelen Strong,WR,HOU,5.6178271406196316,4900.0,0.69703370522181007,0.16426485494727813,0.068929108383499138,0.024088824064394641,0.016909470015999101,0.0036621591554348754,0.025111878211583911
Jared Abbrederis,WR,GB,5.6170352839638324,4700.0,0.7358884670718594,0.12620161217262971,0.051091107307423389,0.022787962601777404,0.033404051930276416,0.0040207056502450022,0.026606093265788767
Chris Conley,WR,KC,5.530765579979164,4600.0,0.73635339830880497,0.11446762862327477,0.062254262988152453,0.029858044013342213,0.035721659674439667,0.0026842339262936701,0.01866077246569223
Josh Bellamy,WR,CHI,5.525349393814639,4500.0,0.70137131591801261,0.15164984194461364,0.078038012376058064,0.025167518193455893,0.02319141823353504,0.0031376814142807107,0.017444211920044118
Brandon Tate,WR,BUF,5.2650950133532071,4600.0,0.78581990612746599,0.086773856511454597,0.058756740776858912,0.013424471332942131,0.018779548185507661,0.0023703620419310684,0.034075115023839475
Greg Salas,WR,BUF,5.230531098610899,4500.0,0.7773054371117033,0.11300415659605584,0.035745952716903173,0.026744208957231681,0.0093329089120350438,0.0013945246113185052,0.036472811094752283
Adam Humphries,WR,TB,5.201580169321633,4700.0,0.76087100350453385,0.10027167431557556,0.054287857022472824,0.034693682694344329,0.036058417797437702,0.0044392960637403269,0.0093780686018953788
Devin Hester,WR,BAL,5.1965023903955743,4700.0,0.80352331107400954,0.089739121547267972,0.030937059750521433,0.015329782927401428,0.018573558113878279,0.0032852846812683155,0.038611881905653067
Adam Thielen,WR,MIN,5.1857307907047341,4500.0,0.72447718355577018,0.14324402854060411,0.065987590265724566,0.035010272013729887,0.016037604455745431,0.0042239149266976453,0.011019406241728317
Andre Holmes,WR,OAK,5.1690306515994324,4800.0,0.78765531204506611,0.098665435327061762,0.041005653013675508,0.025386384563482311,0.0078705939292427821,0.007146785154340511,0.032269835967131219
Jeff Janis,WR,GB,4.7340143582316934,4800.0,0.80868564556973843,0.098227745371003233,0.035592532395629435,0.013616099912599168,0.018266114994784158,0.0019998664323018561,0.02361199532394358
Jordy Nelson,WR,GB,4.6971106099662032,8200.0,0.72453903913577888,0.19279217205516791,0.044989862419746895,0.017242649946057568,0.0091724964419412913,0.0033215203439052846,0.0079422596574022456
Jaron Brown,WR,ARI,4.4125531006368837,4700.0,0.81683377802186896,0.10163830102357048,0.03083217190073418,0.018005517675434689,0.017470136944245391,0.0024131595485992604,0.01280693488554706
Odell Beckham Jr.,WR,NYG,4.3083684087310719,9400.0,0.83172656697467207,0.080686015225958863,0.05402692671519526,0.004505920970054718,0.011603650907426235,0.00028635219567168049,0.017164567011021165
Josh Huff,WR,TB,4.133176247971349,4700.0,0.84897024442220104,0.078458761985687867,0.027200251921109638,0.015476896266411409,0.017256801311632278,0.0025484645890845657,0.010088579503873315
Brian Quick,WR,LARM,4.0617856350878894,4500.0,0.83953890402409159,0.089601742076382898,0.037048884743143447,0.014769483634801959,0.0064364426290899257,0.002217423178030514,0.010387119714459957
Bradley Marquez,WR,LARM,3.9456198237844555,4500.0,0.85839522051232386,0.075844883526418341,0.033155752143572595,0.013271268421935271,0.0061142288319260534,0.0021495642100253206,0.011069082353798613
Rashad Greene,WR,JAC,3.9434111395534894,5000.0,0.8482046511591611,0.092791747749683809,0.026902261168869793,0.014516615666447052,0.0055311515131457227,0.0012911453707677241,0.010762427371924893
Tavon Austin,WR,LARM,3.873062604517961,6300.0,0.84672676348836973,0.090843006600610829,0.036027250387026262,0.012633384171393655,0.0056505079137646038,0.0010408259951576032,0.0070782614436771521
Cordarrelle Patterson,WR,MIN,3.8308775804255264,4600.0,0.8631510203160323,0.073334337494994947,0.032568940293845001,0.015199262005984397,0.0073619221431322629,0.0012276946247562824,0.007156823121254873
