name,pos,team,expectation,salary,prob_0_5,prob_5_10,prob_10_15,prob_15_20,prob_20_25,prob_25_30,prob_30+,label
Jacob Tamme,TE,ATL,12.997927401298597,5100.0,0.18842590864696626,0.24965876739796175,0.12734192864278857,0.17851593944239774,0.22570479979764069,0.026944284274111482,0.003408371798133442,1.0
Jordan Reed,TE,WAS,11.546803271043739,7400.0,0.1307123430332911,0.4624587431564236,0.15170982239736755,0.072207497860012682,0.093147417921998016,0.086131360407557506,0.003632815223349429,1.0
Eric Ebron,TE,DET,9.6418700187674897,5500.0,0.32660428938822833,0.22927963267648244,0.27695820729220982,0.079849172558118561,0.043014002434530685,0.036227395098452395,0.0080673005519777755,0.0
Zach Miller,TE,CHI,9.4331411840141577,5200.0,0.39402904121349319,0.271441289837764,0.1683856774832343,0.050296495401950629,0.039471263797219262,0.017869639418221474,0.058506592848117288,0.0
Delanie Walker,TE,TEN,8.9528053786120303,6600.0,0.23546633880538362,0.42942263685417376,0.20682443564659131,0.080288660785900093,0.0355885522918492,0.010927710303140319,0.0014816653129617143,1.0
David Johnson,TE,PIT,8.3060171486121899,4500.0,0.54206526798892252,0.19829215044422738,0.084772326042046986,0.054163963044913464,0.032899920776098032,0.047644240746441191,0.040162130957350488,0.0
Stephen Anderson,TE,HOU,8.0652730016748659,4500.0,0.47174024140160697,0.30456800922071436,0.055800362159123755,0.049541469089294576,0.07585750933621066,0.020912823314357728,0.021579585478691765,0.0
Jason Witten,TE,DAL,7.9778153005089552,5900.0,0.41230360197536009,0.33219054212046295,0.1029121727567484,0.065804069161258943,0.077225022906281388,0.0072893124402299472,0.0022752786396583189,0.0
Vance McDonald,TE,SF,7.3210480388709493,4600.0,0.44250186209077647,0.26874737281085043,0.22434633463904596,0.037653510503909235,0.011587417230816839,0.0074022683064366747,0.0077612344181644515,0.0
Luke Willson,TE,SEA,7.2291597038108613,4700.0,0.52799683409834108,0.25255289141138199,0.11405483808681174,0.04247679786683007,0.025808931824264039,0.0044732275671943008,0.032636479145176714,0.0
Austin Seferian-Jenkins,TE,NYJ,7.1579568807619056,5200.0,0.39283710999571836,0.44983531629540496,0.075160428500619186,0.043313417738023836,0.012958981372270561,0.012437883656118415,0.013456862441844911,1.0
Richard Rodgers,TE,GB,7.1261970603628342,4700.0,0.53821739685868908,0.17231898569691698,0.18363641424154725,0.059111747203394273,0.034923262001937037,0.0053533018061506735,0.0064388921913647599,0.0
Xavier Grimble,TE,PIT,7.0254603140247927,4500.0,0.6006250614357278,0.17724513375963916,0.083909769375758822,0.045918899357455266,0.060933667877599525,0.016901681699192213,0.014465786494627203,0.0
Jermaine Gresham,TE,ARI,6.7815422404929366,4500.0,0.5586061709334903,0.29558187365963062,0.039324297283929825,0.038675526306213293,0.022289818973419553,0.012668605615185355,0.0328537072281311,0.0
Will Tye,TE,NYG,6.7029154450602624,4900.0,0.52483808879217597,0.28823214259527363,0.089486202089269398,0.038985757780883402,0.043138366219250129,0.010472381587912423,0.0048470609352349522,0.0
Clive Walford,TE,OAK,6.5960221019702745,4700.0,0.60314316166907989,0.19992459166472118,0.085727269061520436,0.048211107418027185,0.032363441742668336,0.016906389002901041,0.013724039441081953,0.0
Coby Fleener,TE,NO,6.3955347222568424,5600.0,0.58911034749213909,0.18296951306474676,0.14369381561226632,0.044475675631986247,0.026992262310403269,0.010383856166974894,0.0023745297214834956,0.0
Kyle Rudolph,TE,MIN,6.3865258983181903,5000.0,0.56102122251746334,0.23751520883046545,0.13677263216726512,0.031133031290664047,0.012894605378348929,0.0086961717929332806,0.011967128022859748,0.0
Travis Kelce,TE,KC,6.321604010195081,6300.0,0.50806541309988063,0.31385512863556231,0.12392003571090315,0.029175493081761577,0.016033389712231737,0.0048086297002386813,0.0041419100594218983,0.0
C.J. Uzomah,TE,CIN,6.3086423918038754,4500.0,0.62294713224141696,0.23518489056383035,0.049287412321287714,0.033340187013089495,0.014102379452067472,0.014572203564780516,0.030565794843527467,0.0
Maxx Williams,TE,BAL,6.1260500847237056,4700.0,0.66314660227164179,0.13422144993303597,0.08313384089694445,0.080188245683433967,0.026061597039649585,0.0041359714203313197,0.0091122927549629803,0.0
Khari Lee,TE,DET,6.0874568026931897,4500.0,0.65438429585954905,0.10352540985692793,0.16403735182398366,0.041410851967841916,0.028637467622260489,0.0032808186734435492,0.0047238041959934314,0.0
Clay Harbor,TE,DET,6.0718031422238523,4500.0,0.62652249098009882,0.14219435991869975,0.16194795803917095,0.044282721795868306,0.016635322562846673,0.0038870378418760791,0.0045301088614394698,0.0
Virgil Green,TE,DEN,6.0632515607877968,4600.0,0.61728936500703546,0.21260852059999888,0.071998534295911909,0.047530459870323449,0.043517097338474635,0.0043194631818620202,0.0027365597063935057,0.0
Jesse James,TE,PIT,5.9944679514428838,4500.0,0.6475925706039225,0.14737469629504421,0.1260110613865974,0.037876438039400523,0.027959313875465935,0.0077855180646182473,0.0054004017349509707,0.0
Tyler Higbee,TE,LARM,5.9878003597275606,4500.0,0.66190583467327158,0.18378936692056114,0.061156682566482642,0.028564002541887117,0.040128427998903475,0.0091402227814008224,0.015315462517493305,0.0
Demetrius Harris,TE,KC,5.9438289424242177,4500.0,0.67598612056427576,0.18116590203261718,0.055756133823647067,0.030664601126234307,0.017937160328738353,0.011893573131927378,0.026596508992559855,0.0
Cameron Brate,TE,TB,5.6558311031967063,4700.0,0.62512944207976406,0.22941538353742971,0.095726993553000309,0.023745554890753442,0.0076922712555945478,0.0070641367608027311,0.011226217922655199,0.0
Trey Burton,TE,PHI,5.4817838205888147,4500.0,0.71047531977508183,0.11396573378338395,0.094985705639501844,0.034251267548613601,0.043456644354720519,0.0018569325672577416,0.0010083963314405637,0.0
Austin Hooper,TE,ATL,5.1957697350411003,4500.0,0.75209242006064825,0.12967513081410376,0.037334155885192566,0.043212062120565324,0.010509872878695864,0.0090076680119405231,0.018168690228853698,0.0
Dion Sims,TE,MIA,5.1950700497113038,4600.0,0.70926062824510572,0.13277114147815025,0.09999935871031583,0.038804540520133733,0.012472786973189711,0.002370436589908089,0.0043211074831966722,0.0
Dennis Pitta,TE,BAL,5.1639906132492674,4800.0,0.73421576795343957,0.16145351047820392,0.037377374395413408,0.028142057595054299,0.010836977219495751,0.0086781657412519121,0.019296146617141147,0.0
Gary Barnidge,TE,CLE,5.1535926874225897,6000.0,0.67466405466896484,0.18114602034442501,0.10312325859662932,0.030782339956722676,0.0056902353550779688,0.0010957022345448812,0.0034983888436353459,0.0
Marcedes Lewis,TE,JAC,4.94498584709235,4600.0,0.7009170403513878,0.18539195029768091,0.073411893963740399,0.025142879277441528,0.0049257703513460628,0.0031455436493478179,0.00706492210905543,0.0
Charles Clay,TE,BUF,4.8947031403597938,5100.0,0.75349035724353997,0.15382615273345829,0.031282045711363657,0.030754940164551565,0.0076991547060071787,0.006445884512618091,0.01650146492846143,0.0
Jordan Cameron,TE,MIA,4.887806569238486,4900.0,0.73185432780443616,0.13434224486012322,0.088038269010321829,0.029726153703474398,0.0090873010097520281,0.0023808051065332516,0.0045708985053588757,0.0
Brent Celek,TE,PHI,4.7709859003563997,4800.0,0.73804540211587055,0.14157607967160268,0.0723600192134745,0.03001197327065544,0.01417822358413507,0.0024878107423202019,0.0013404914019416326,0.0
Levine Toilolo,TE,ATL,4.635778970437646,4500.0,0.79379097673895727,0.095663285952161184,0.037579868444060534,0.041364004854998929,0.028036221401663446,0.0020538705849564337,0.0015117720232022053,0.0
Dwayne Allen,TE,IND,4.616413166098444,6200.0,0.76223751407616513,0.12229453985995392,0.087621493868837469,0.011044529447544613,0.0048478814559328679,0.0029875179596561162,0.0089665233319098786,0.0
Hunter Henry,TE,SD,4.5650647900420243,4500.0,0.78751969353403728,0.13450853329692963,0.027300839820701053,0.023283737664231016,0.0069924048474290504,0.0043228185004690022,0.016071972336202878,0.0
Marqueis Gray,TE,MIA,4.5488412187499314,4500.0,0.79931790737914121,0.11402302996511221,0.034863139758646994,0.023759217963717352,0.0078173746317099675,0.0053025767408537228,0.014916753560818407,0.0
James O'Shaughnessy,TE,KC,4.5255463224179842,4500.0,0.78405467262830941,0.13894758992850414,0.032529090935659387,0.016813744134591243,0.0085150648131020641,0.005204628740885551,0.013935208818948327,0.0
Troy Niklas,TE,ARI,4.4996460356463022,4500.0,0.83381190626407042,0.10400721871166843,0.013398727480152958,0.0096808053348851012,0.0026463180452650486,0.0049738745294376071,0.031481149634520388,0.0
Ryan Griffin,TE,HOU,4.4943578289950237,4600.0,0.75389694359035497,0.16095589307857772,0.047978752524820562,0.018614583022050855,0.011052807537471553,0.0045689620993070532,0.0029320581474172147,0.0
Niles Paul,TE,WAS,4.4014186702192939,4600.0,0.80557339113280002,0.11937446132498333,0.027299887970897191,0.021630642547332751,0.0080106538147188076,0.0055642046560219283,0.01254675855324585,0.0
Scott Simonson,TE,CAR,4.3615237702284952,4500.0,0.81832926052169941,0.10601400337767601,0.02730430699934086,0.020890203847719405,0.0082623325348484128,0.005891405123242514,0.013308487595473359,0.0
Brandon Myers,TE,TB,4.3568378165298949,4600.0,0.80910104643082226,0.11590269848126727,0.033537336576918111,0.016220899803172383,0.0068953469580341296,0.0047208412962570926,0.013621830453528674,0.0
Greg Olsen,TE,CAR,4.3558207351210063,7600.0,0.76172015029749141,0.1495119177664832,0.062145790993593415,0.015673911079570047,0.0066702368103833103,0.0027659920338826732,0.0015120010185960774,0.0
Gavin Escobar,TE,DAL,4.3526629563754611,4500.0,0.81521502736557561,0.1116078728093612,0.023554187445174408,0.021547642553627792,0.010103159940538576,0.0067052920699002556,0.011266817815822037,0.0
Lance Kendricks,TE,LARM,4.3047834866107948,4600.0,0.75034161717758074,0.1760043844077708,0.052133310343590818,0.0099121618011559619,0.0091397927721265579,0.0011044880002043722,0.0013642454975708108,0.0
Garrett Celek,TE,SF,4.2945048589414299,4500.0,0.80803325631162859,0.12795309551458015,0.028144705828992412,0.011164422406854051,0.0055943322514537723,0.0036189010485656826,0.015491286637925438,0.0
Brandon Williams,TE,SEA,4.2895535006250194,4500.0,0.82379382035469617,0.10280301404315856,0.0276049226450427,0.022069280331893329,0.0061412947881584693,0.0034633468649220723,0.014124320972128585,0.0
Vernon Davis,TE,WAS,4.2539860987131659,4700.0,0.79272624034404704,0.12381606758313905,0.044172296611102696,0.022823518360682075,0.014033597711956409,0.0011681353477033289,0.0012601440413692567,0.0
Brandon Bostick,TE,NYJ,4.2226640264220494,4500.0,0.81678312590003399,0.12832003768327613,0.014909521683361687,0.015429351656123001,0.0056521340951497358,0.0035938369986130737,0.015311991983442595,0.0
Larry Donnell,TE,NYG,4.0564458846956457,5100.0,0.8199070586942836,0.12980218163235216,0.019853879892956589,0.010853350167048956,0.005270861080388334,0.0032644031774290904,0.011048265355541244,0.0
Tyler Kroft,TE,CIN,4.0558585192605161,4800.0,0.82278344291833361,0.11397817541827066,0.030311749498274056,0.012157545554175099,0.01161552316106736,0.0039085748624823075,0.0052449885873966599,0.0
Anthony Fasano,TE,TEN,4.0355983949864287,4500.0,0.80461739201305282,0.12150732967744739,0.049160946190745507,0.016902300069201077,0.0048491156212422748,0.0013812416921637359,0.0015816747361471527,0.0
Sean McGrath,TE,SD,3.9985322339059572,4500.0,0.84679251808768807,0.095050959426147524,0.021154294860947821,0.017600156374817738,0.0050737408107172071,0.0025884550614025991,0.011739875378278954,0.0
Crockett Gillmore,TE,BAL,3.9861311758452103,4700.0,0.84686647253192893,0.095367006896700662,0.022030524294433078,0.015894773280395211,0.0054612327637939568,0.003467338483832206,0.010912651748915814,0.0
Geoff Swaim,TE,DAL,3.9644500656113468,4500.0,0.8235073903215091,0.11433789231310117,0.028929886202942432,0.01712987854448534,0.013360631479379392,0.001275267032317447,0.0014590541062649925,0.0
Martellus Bennett,TE,NE,3.9466388216324471,5500.0,0.84052564482940606,0.10097704021541909,0.029091501823640641,0.012139543445436923,0.0052313371114681272,0.0036022133689895754,0.0084327192056396459,0.0
Antonio Gates,TE,SD,3.9335090168053903,5900.0,0.8357162680214244,0.090389624304483204,0.047713335057141509,0.018123264704575339,0.0016532265640719316,0.0011500134611153478,0.0052542678871879316,0.0
Logan Paulsen,TE,CHI,3.9250601413527595,4500.0,0.8471663019450606,0.10758863361045273,0.012871880156061329,0.012548140128307829,0.0044396369975339628,0.0024856537225840351,0.01289975343999954,0.0
Jack Doyle,TE,IND,3.8986575411583697,5200.0,0.82980625792460305,0.096951819826316579,0.052769009901280188,0.011082742607972169,0.0055256665761397967,0.0021523307264343259,0.0017121724372537827,0.0
Jim Dray,TE,BUF,3.8426931657397505,4500.0,0.85577828377326537,0.068507735325659708,0.045763928094220731,0.022098141196045442,0.0030605262267559882,0.00078499457176973769,0.0040063908122830675,0.0
C.J. Fiedorowicz,TE,HOU,3.7688770485120133,4500.0,0.83884853409993476,0.10852724288637243,0.03068101301296134,0.011511301220157153,0.0060276187337755379,0.0022574154064389225,0.0021468746403599023,0.0
Lee Smith,TE,OAK,3.7447665640616665,4500.0,0.86839624175220531,0.075853252885315775,0.027614371705235719,0.012905317638356645,0.0062719138927903014,0.0027767705262060826,0.0061821315998899376,0.0
Ed Dickson,TE,CAR,3.6878074641659517,4500.0,0.87224226587194631,0.063894415257902071,0.03888887965284394,0.013937559564762118,0.0058419820078123592,0.0020387487644676354,0.0031561488802656053,0.0
Luke Stocker,TE,TB,3.6730678053624621,4500.0,0.85501878287879252,0.09183483750146039,0.036575515187468682,0.0091914109006806782,0.0017649977426458117,0.0010003287364780203,0.0046141270524737562,0.0
Darren Fells,TE,ARI,3.6118430692850332,4600.0,0.86931927221616057,0.097473697887932934,0.011144564849244146,0.0087715029167735326,0.0033184452929552947,0.0012025753944156106,0.0087699414425178156,0.0
Phillip Supernaw,TE,TEN,3.5537644589976267,4500.0,0.86245169707967451,0.087750973489553685,0.033943674156985029,0.011498989291794326,0.0027041939279459689,0.00061816129497814629,0.0010323107590683056,0.0
Julius Thomas,TE,JAC,3.5122877423739491,6400.0,0.8536275748120834,0.10574508259236037,0.031006886001134815,0.0071844170751583477,0.00090125935421808538,0.00029044388998633933,0.001244336275058569,0.0
Jimmy Graham,TE,SEA,3.4932771105261207,5500.0,0.88584953067768057,0.079953442056959978,0.0135859186702268,0.010091032546507105,0.0020384292015249877,0.0013515841626421518,0.0071300626844582448,0.0
Nick O'Leary,TE,BUF,3.4574521443289248,4500.0,0.89469959503724228,0.058722782467530349,0.024133425680771266,0.016125531285594737,0.0016387541996313573,0.00056682617239569135,0.0041130851568344428,0.0
Cory Harkey,TE,LARM,3.3975009928719402,4500.0,0.87220783154566406,0.092501624584912776,0.026128615446389308,0.0043447129064538501,0.0035998812484975013,0.00040332890612790285,0.00081400536195469812,0.0
Blake Bell,TE,SF,3.310093814840374,4500.0,0.89572931718116378,0.059904493044131923,0.036942503725134843,0.005074239002553005,0.00077131257423616807,0.00022438593600115361,0.0013537485367790553,0.0
Rhett Ellison,TE,MIN,3.1989285703914621,4500.0,0.91625100659714143,0.047415373762293128,0.026481681022073489,0.0058729215801676957,0.0014167268248674099,0.00035572010372614238,0.0022065701097305993,0.0
Jared Cook,TE,GB,3.1960026052309716,5100.0,0.90475389328356703,0.060739377444533782,0.028778212410750393,0.0031827504782671028,0.0019385381137786177,0.0002297792392839788,0.00037744902981907112,0.0
Kellen Davis,TE,NYJ,3.1014832768735916,4600.0,0.92166660086282559,0.056273767962671084,0.011696998789335713,0.0057255379653191026,0.0023696066956449338,0.00050988070165603405,0.0017576070225474882,0.0
