name,pos,team,expectation,salary,prob_0_5,prob_5_10,prob_10_15,prob_15_20,prob_20_25,prob_25_30,prob_30+,label
Antonio Brown,WR,PIT,15.123933352980115,9200.0,0.086528583182196556,0.22354337983780329,0.23431686785248232,0.22226395273633731,0.10783301681708167,0.054237778437154514,0.071276421136945198,2.0
Julio Jones,WR,ATL,14.513341601688371,9300.0,0.10267254125106237,0.22884184519109804,0.26011970856963135,0.18799831987401031,0.09918171497738279,0.06322861160903144,0.057957258527783766,2.0
A.J. Green,WR,CIN,14.339008819598128,8900.0,0.10504234422833703,0.27382211136472584,0.23022317729144043,0.15229570396373654,0.11993212627948827,0.049687872471274028,0.068996664400997859,1.0
Brandon Marshall,WR,NYJ,14.015772482915089,7600.0,0.11720693525445237,0.24722179386963986,0.24666414185037702,0.17346296947228693,0.11746207257671526,0.043010896705689139,0.054971190270839451,1.0
Odell Beckham Jr.,WR,NYG,13.68177116877151,9400.0,0.2244771599587308,0.23134969759779567,0.14358402244230437,0.17917333203951741,0.085407997670954888,0.030244088280002777,0.10576370201069415,1.0
DeAndre Hopkins,WR,HOU,13.618616366826782,8300.0,0.14118572421234654,0.24086570463511309,0.26660568503418541,0.14958920629190753,0.088630770783388588,0.059295608084859834,0.053827300958199376,2.0
Mike Evans,WR,TB,13.100826246862958,8100.0,0.15272565392423462,0.25681114538023936,0.24892914840410074,0.14977876183250577,0.10934128836299349,0.037931096925906294,0.044482905170019696,1.0
Demaryius Thomas,WR,DEN,12.863383078368845,7000.0,0.16350754675423748,0.24317209548103563,0.2619327414778877,0.15310708854745522,0.10009725585258267,0.041508346053296369,0.036674925833504603,2.0
Brandin Cooks,WR,NO,12.790192608932973,8400.0,0.17098326625087548,0.26151198883545163,0.22176771086816563,0.15909547099441468,0.11319665825104505,0.036315877315283858,0.037129027484764245,1.0
Doug Baldwin,WR,SEA,12.784308111589418,7000.0,0.15605564192461205,0.27297295654272519,0.2437859118360117,0.14643145987524897,0.10169053466429584,0.042434929800656974,0.036628565356449261,1.0
Allen Robinson,WR,JAC,12.584372101812034,8200.0,0.18100267554333435,0.23030627473572901,0.27319601252140457,0.14187054814560265,0.098030948248341715,0.045944888055084621,0.029648652750503202,2.0
Eric Decker,WR,NYJ,12.536461137624972,7000.0,0.16980265484319401,0.26259378083742657,0.25009737752591898,0.1429356424143445,0.10292114647478458,0.041139271923069827,0.030510125981262841,1.0
Sammy Watkins,WR,BUF,12.271451357941134,0.0,0.21138181767751976,0.24192287854744812,0.22911927378988842,0.14496257613065708,0.095754378293348152,0.042240258167841875,0.034618817393296683,1.0
Larry Fitzgerald,WR,ARI,12.260658458263045,7400.0,0.18446488149475743,0.27486003694285671,0.22924159178161926,0.1474788150292109,0.091854036757228169,0.039812178622109486,0.032288459372218567,1.0
Jarvis Landry,WR,MIA,12.21792636691843,6500.0,0.18764106561188293,0.26481499193783004,0.24337913228726316,0.14175289429890636,0.093455011678988176,0.036857726629789776,0.032099177555339801,1.0
Jeremy Maclin,WR,KC,12.139104527553968,6900.0,0.18120112576352443,0.27090372955620301,0.25498703549575391,0.13381963548211961,0.091468705018080923,0.039946078669114204,0.027673690015204484,1.0
Emmanuel Sanders,WR,DEN,11.850912693206544,6700.0,0.22345043403322043,0.24288062769868388,0.2398885966424196,0.14188720445759076,0.083706104939208742,0.037451349973013658,0.030735682255863088,1.0
DeSean Jackson,WR,WAS,11.439630646895663,6600.0,0.22659564787063158,0.27147476013737498,0.22883921015191486,0.12984402282324192,0.088518259891574955,0.027043202274866042,0.027684896850395751,1.0
Randall Cobb,WR,GB,11.401207545215952,7400.0,0.21001851914656411,0.29631421199286995,0.22992532018733461,0.12807441896079808,0.076526197723066181,0.033780032686598196,0.025361299302769404,1.0
Amari Cooper,WR,OAK,11.339503802003671,7900.0,0.24392063184118382,0.26533045763263474,0.21840246914480779,0.12657033740475213,0.087811696973707137,0.027974054099697204,0.029990352903217332,1.0
Pierre Garcon,WR,WAS,11.156807056396831,6200.0,0.20625366277693366,0.2895545798337999,0.26693904041348726,0.11884578143130699,0.070524595788427138,0.027961456828888731,0.019920882927156693,1.0
Michael Floyd,WR,ARI,11.116061107354886,7000.0,0.23484982286423578,0.28715906457219986,0.22183483352256228,0.12638962010703442,0.074543532341652147,0.029273215122738668,0.025949911469576564,1.0
Willie Snead,WR,NO,10.945956494207952,7200.0,0.24034440961416942,0.2713335775143505,0.23395409989989449,0.13816066893166062,0.07166667717331919,0.027141919062496956,0.017398647804108835,1.0
Michael Crabtree,WR,OAK,10.937271379967701,6200.0,0.24009602322772627,0.27691529448480201,0.23787341261645231,0.12691370582571657,0.06955138873093096,0.026920436245638776,0.021729738868733261,1.0
Golden Tate,WR,DET,10.915323045808233,6700.0,0.22229472897332511,0.31552268147738022,0.21901491207151819,0.1191738357497301,0.076662393467969769,0.028208927513557368,0.019122520746519045,1.0
Jordan Matthews,WR,PHI,10.730124962097099,6900.0,0.24067338919938125,0.30247076713003235,0.22584005892038428,0.11579090127928686,0.067456781297672672,0.02387892380400769,0.023889178369235219,1.0
Allen Hurns,WR,JAC,10.569493088996728,6900.0,0.26663893082272921,0.31065558642151536,0.1657905346115168,0.1316791993232303,0.079424035888903621,0.025898608952794975,0.019913103979310214,1.0
Marvin Jones,WR,DET,10.387375160420396,6500.0,0.25641866544330189,0.28940506079513684,0.24129534283841766,0.11163244202229027,0.061870687819444249,0.021904332507799853,0.017473468573609187,1.0
Kamar Aiken,WR,BAL,10.319087289336451,5800.0,0.29322690665333601,0.25563583087090369,0.22464813239577874,0.11772620075790367,0.066128223694688668,0.023954480950446996,0.018680224676942789,0.0
Tyler Lockett,WR,SEA,10.256258615380716,6300.0,0.27755807999087762,0.28695517780486351,0.21420490557975808,0.11619876567609012,0.064534689462436651,0.022941866950058076,0.017606514535916291,1.0
Brandon LaFell,WR,CIN,10.226486478946143,6000.0,0.29133308081021342,0.27536257866683983,0.20398720052564351,0.12085064901996334,0.068230268873104225,0.02336543343915971,0.016870788665076297,0.0
T.Y. Hilton,WR,IND,10.154968968860363,7000.0,0.27364672761683256,0.31758937568571927,0.18899591612277489,0.11089654847583721,0.06656104682718382,0.025692500774123099,0.016617884497529354,1.0
John Brown,WR,ARI,10.051688048393835,6600.0,0.30963546309782314,0.2660763088588432,0.20703809083063948,0.10800284315822095,0.067743060068485197,0.023048780999257883,0.018455452986731024,0.0
Jermaine Kearse,WR,SEA,9.7035064817519157,5300.0,0.32192997966265546,0.26226896651789805,0.21999245617869298,0.10292769466743969,0.05952969464302079,0.016824866164136941,0.016526342166155797,0.0
Danny Amendola,WR,NE,9.5905372360271777,5500.0,0.32232738312044984,0.29479323216183823,0.18527762534033726,0.10206660052204136,0.05430280593747483,0.025774903279454888,0.01545744963840376,0.0
Alshon Jeffery,WR,CHI,9.5186105773800271,7800.0,0.32034257268620869,0.29938043049270402,0.18825117679321798,0.097982539992199649,0.056432370885485507,0.024205787731917811,0.013405121418266951,0.0
Anquan Boldin,WR,DET,9.4433168280322963,5700.0,0.32536597607137635,0.29825194724171428,0.18829444549829125,0.10361257781565025,0.048236605572888322,0.017007692713911556,0.019230755086169234,0.0
Ted Ginn Jr.,WR,CAR,9.413357652126054,5700.0,0.41883117609043041,0.23409535945924884,0.13635915336373614,0.080570246862365594,0.068830149117326114,0.026475947341808546,0.034837967765083973,0.0
Stefon Diggs,WR,MIN,9.4132495660414186,6500.0,0.33578091622078371,0.28196590874008509,0.18228982714033784,0.11278666767265821,0.055852646327541305,0.019514972320985809,0.011809061577608309,0.0
Tavon Austin,WR,LARM,8.9912814847573994,6300.0,0.37922765397608521,0.27633176957438566,0.1516421830515873,0.10402461677367097,0.05857709607080968,0.016013664618557518,0.014183015934904633,0.0
Davante Adams,WR,GB,8.9191246445119923,5700.0,0.36286826643615633,0.28557323350845532,0.1857081955260777,0.089850355359963899,0.043856806150974932,0.018048943974279662,0.014094199044091999,0.0
Travis Benjamin,WR,SD,8.8418244263987553,6100.0,0.37253040836716417,0.28805617160051594,0.16624849541910719,0.092536467105204634,0.050612276475907853,0.018234640724587661,0.011781540307513359,0.0
Donte Moncrief,WR,IND,8.6977401557812435,6700.0,0.34747810460191786,0.33385510669268698,0.16145420089812321,0.083370735095688125,0.05044187899198966,0.014130018510046563,0.0092699552095476378,0.0
Devin Funchess,WR,CAR,8.6156467065245383,5700.0,0.41714095203778734,0.25743527459124677,0.14820355090196577,0.094928644528813791,0.052478771689782718,0.012798197375643795,0.017014608874759703,0.0
DeVante Parker,WR,MIA,8.4810282619259532,5800.0,0.38789945471912024,0.28716596002981165,0.17392921412982873,0.081769059890684864,0.045966212857543473,0.012830937620717749,0.010439160752293014,0.0
Dez Bryant,WR,DAL,8.1688676186669937,7700.0,0.48567448470509939,0.21299350964850325,0.13073265717404584,0.083985762135928663,0.056034629159074381,0.01036288330669875,0.020216073870650237,0.0
Terrance Williams,WR,DAL,8.1333384282988259,4900.0,0.44053059755192686,0.26349231843114918,0.1378927865343568,0.098195246205899395,0.030769611546854654,0.013033832592667292,0.01608560713714597,0.0
Torrey Smith,WR,SF,7.9887266971377011,5400.0,0.41410880575028131,0.2990345061776794,0.15539986550128601,0.073673852810102455,0.03637443991823968,0.011842439887770277,0.0095660899546416694,0.0
Kenny Britt,WR,LARM,7.9846488735274637,5200.0,0.40789115024508471,0.29523384968072475,0.17313262109525565,0.074358587129787199,0.029662499332980461,0.0096556514947379532,0.010065641021428318,0.0
Dontrelle Inman,WR,SD,7.9705164530525421,5500.0,0.42345086903736079,0.28318906124921922,0.15823824768963987,0.075119330574570306,0.041739533089613798,0.011058412958353811,0.0072045454012422006,0.0
Mohamed Sanu,WR,ATL,7.9173477031463371,6700.0,0.4389170773096806,0.25640618192344949,0.17040382333932047,0.085887481934527415,0.025976615910613818,0.013980349803012899,0.0084284697793960538,0.0
Mike Wallace,WR,BAL,7.8045402295624324,6100.0,0.42229618605849745,0.29218776549549774,0.16968979531533429,0.067781132669634245,0.02795303266282408,0.010942273041507409,0.009149814756705215,0.0
Dorial Green-Beckham,WR,PHI,7.5841756776414417,4900.0,0.45146296808545355,0.28721428663915488,0.14249852599650306,0.065827939806613389,0.03509299031173601,0.006402242209439751,0.011501046951099145,0.0
Harry Douglas,WR,TEN,7.4843500808358243,4500.0,0.44877806704659268,0.30298708042669648,0.13948133215724032,0.060887730608447113,0.026931266026286971,0.0076949258535237248,0.013239597881212315,0.0
Seth Roberts,WR,OAK,7.4516235247601088,5300.0,0.48700059328293521,0.26360027004529241,0.1283407454831868,0.064738311719243088,0.027360819488529156,0.01456697269785435,0.014392287282959606,0.0
Jamison Crowder,WR,WAS,7.4490673378353236,5100.0,0.45961284178105194,0.28182216780025382,0.14779607109612361,0.068736680684566093,0.021405683169012431,0.0090041518024184305,0.011622403666572899,0.0
Corey Brown,WR,CAR,7.2278122093545436,5200.0,0.49226772758491399,0.25853332409486784,0.13693274887043763,0.064500932751285933,0.031875574920538934,0.0074163163050412154,0.0084733754729147282,0.0
Nelson Agholor,WR,PHI,7.0830191513988172,5600.0,0.50849321876789266,0.25431700180050082,0.12773794398738325,0.064961483391560562,0.024300448154898825,0.011006451750165354,0.0091834521475987821,0.0
Andre Johnson,WR,TEN,6.9476318762618634,4500.0,0.49868973603355937,0.2798355379889283,0.13185637582749843,0.054890538749488849,0.01396012087278984,0.0063493350409683496,0.014418355486766178,0.0
Cole Beasley,WR,DAL,6.8393912377123636,5000.0,0.54014634281550122,0.23164048197399137,0.1208801105433813,0.067035085022498636,0.021706822656928734,0.0095316810890201473,0.0090594758986780391,0.0
Robert Woods,WR,BUF,6.8370734700344187,5300.0,0.55448288600591589,0.2123689923569059,0.12894653464717681,0.054566004899567699,0.028700834468096452,0.011616386507103709,0.0093183611152333878,0.0
Phillip Dorsett,WR,IND,6.6924938630167015,5500.0,0.55108203887794027,0.23141497624945664,0.12020926380156263,0.05909976970774769,0.019643277683632825,0.0065243533498707488,0.012026320329789258,0.0
Tyrell Williams,WR,SD,6.622706710417928,5400.0,0.52997717203926298,0.26355459974661355,0.12429696847549879,0.04871138198383506,0.016279954483072529,0.0070204398426547835,0.01015948342906235,0.0
Kelvin Benjamin,WR,CAR,6.5759408632034742,7500.0,0.57659749167041685,0.210149317794708,0.12191338812848516,0.049628263408535905,0.017056379039714253,0.010771178348908927,0.013883981609231801,0.0
Quincy Enunwa,WR,NYJ,6.572961721231291,5100.0,0.54629520000621068,0.24533422168802982,0.12193866658383674,0.051673154731196304,0.016443927215504538,0.0096405181359958837,0.0086743116392259192,0.0
Julian Edelman,WR,NE,6.5201710193741897,7100.0,0.59420728671791523,0.19494901412641108,0.1166050197429488,0.048175728324440802,0.021092503807792679,0.010219971510109045,0.014750475770383142,0.0
Marqise Lee,WR,JAC,6.4551148635599507,4500.0,0.54013864935182798,0.27107924820384799,0.10945913066577301,0.050668659614869126,0.012273801714375645,0.0043660269640017121,0.012014483485304275,0.0
Jordy Nelson,WR,GB,6.4207770047334298,8200.0,0.60942441787337753,0.18002602344175703,0.12198860547321616,0.043350346195355362,0.01887681714211862,0.011050516518790365,0.015283273355385235,0.0
Steve Smith,WR,BAL,6.2823521730185137,6400.0,0.62155694086852387,0.18404923793021483,0.10838159403745358,0.040971110112713323,0.017846594079442744,0.010270731582046576,0.01692379138960564,0.0
Chris Hogan,WR,NE,6.2578931043031858,4700.0,0.59043007003224057,0.21567914667157884,0.11098278768999353,0.050958264254202058,0.01251469679468265,0.010218270503153158,0.0092167640541490434,0.0
Albert Wilson,WR,KC,6.2562129025582784,5000.0,0.59207937967134361,0.21411692089022291,0.11001366386579831,0.050075559686636482,0.017063673957424898,0.0064088370236686076,0.01024196490490524,0.0
Vincent Jackson,WR,TB,6.2527613439151795,5400.0,0.61075481294347234,0.20790359083762547,0.092120896614223166,0.046053742891349406,0.01749388267454164,0.011069903938249468,0.01460317010053876,0.0
Corey Coleman,WR,CLE,6.2402279804188678,6000.0,0.6158734128701252,0.19163759740893946,0.10138433960049735,0.05261819015515707,0.01652505791720086,0.0087097306486376633,0.013251671399442524,0.0
Quinton Patton,WR,SF,6.1805016908745607,4800.0,0.59249520296645197,0.22529336219637067,0.096994281968895826,0.055106438474068944,0.013016065425030364,0.007786922254170995,0.0093077267150102859,0.0
Will Fuller,WR,HOU,6.100836481663781,6200.0,0.62095271507631922,0.18684290379679974,0.10585262410891536,0.053377177415189873,0.015469578491807068,0.0094488060773138989,0.008056195033655093,0.0
Sterling Shepard,WR,NYG,6.0357686626181577,6200.0,0.63413365378897657,0.18280050237933176,0.09978638280204645,0.046753388139693451,0.013678817996415191,0.012468085781681515,0.010379169111855111,0.0
Eddie Royal,WR,CHI,5.9619530825042801,5300.0,0.61700104698520053,0.20884275669838739,0.097880096070317529,0.046919759466120016,0.011909034289582832,0.009343493388271177,0.008103813102120919,0.0
Kenny Stills,WR,MIA,5.9241082551233815,4900.0,0.62486841981426,0.20297377908128292,0.096857879494928634,0.045199713082748207,0.01284185654954479,0.0073424935632788232,0.009915858413956662,0.0
Tajae Sharpe,WR,TEN,5.882768407868542,6000.0,0.65115073679487667,0.16898910365462994,0.10548038610690595,0.039588658625800431,0.013777986800184683,0.0092396329915263812,0.011773495026076075,0.0
Marc Mariani,WR,TEN,5.7335556603322271,4500.0,0.63393207653845385,0.21414322206016773,0.088515865762907181,0.035242990271983896,0.0088248771203964967,0.0074723962777755752,0.011868571968315065,0.0
Brice Butler,WR,DAL,5.7284367636100679,4700.0,0.64285517357487254,0.19675506450536348,0.088140850817385777,0.046211086997186318,0.012611075092642842,0.0024672289078842748,0.010959520104665624,0.0
Brandon Coleman,WR,NO,5.623483152218907,4500.0,0.6544548885502377,0.18569355926741993,0.099522367032771855,0.034147686542808801,0.010193753956341464,0.004786719047137262,0.011201025603282981,0.0
Victor Cruz,WR,NYG,5.568664547607046,5700.0,0.67188051408311489,0.16930089365172751,0.093651237873353277,0.037465216049806495,0.0093909716462029919,0.0079017187559492323,0.010409447939845771,0.0
Kevin White,WR,CHI,5.5442123751006234,5800.0,0.67898580743865311,0.17008150401882358,0.077079302412430231,0.04259566242531642,0.013223055587297699,0.008868124141540196,0.009166543975938397,0.0
Rishard Matthews,WR,TEN,5.4772154290475381,5300.0,0.67953335958269545,0.16617872603452977,0.095433346416277196,0.030827042083527229,0.012194617966395196,0.0038505550876539252,0.011982352828921695,0.0
Terrelle Pryor,WR,CLE,5.4747537059431126,5700.0,0.68688369173140651,0.16392170102145917,0.08317959230689545,0.038229134098989911,0.0088452120855185036,0.0056751613319475942,0.013265507423783175,0.0
Adam Humphries,WR,TB,5.4030400089710167,4700.0,0.66457545158844344,0.19852289824321559,0.074614526290625455,0.040349258104437166,0.0083560475942403914,0.0065984879228560426,0.0069833302561821114,0.0
Justin Hardy,WR,ATL,5.3464814742928803,4800.0,0.69156184465248671,0.17390371344073371,0.076212792242154895,0.028584780924136629,0.011772680775557924,0.0044301938087661398,0.013533994156163192,0.0
Eli Rogers,WR,PIT,5.3343282805498191,5500.0,0.70018688022222941,0.15796180510188881,0.08035345085957396,0.034731196435727245,0.0083921320100440264,0.0059997653112809426,0.012374770059256045,0.0
Tyler Boyd,WR,CIN,5.2869417940523258,5400.0,0.70515738232041436,0.15091935456922714,0.084674538516345751,0.030864984523714192,0.012401885263668236,0.0059764157735759365,0.010005439033054075,0.0
Brian Quick,WR,LARM,5.230428990575696,4500.0,0.70099882781421985,0.17553952874449399,0.067201815188351541,0.03035954954929411,0.0065437245360868467,0.0046190065915935937,0.014737547575960656,0.0
Breshad Perriman,WR,BAL,5.2263416502464919,5200.0,0.70590607648813386,0.16686947991552178,0.073166133414617293,0.027474769019996615,0.0067955792868362409,0.0041078620597361339,0.015680099815157937,0.0
Rashad Greene,WR,JAC,5.2004919362219901,5000.0,0.70646948010930277,0.16017150076124792,0.076983601585079428,0.032689803857727448,0.0083978871801419393,0.0033809995153414652,0.011906726991159045,0.0
Sammie Coates,WR,PIT,5.1993530077312595,5300.0,0.71189022170482052,0.15074506442642191,0.079228284014037309,0.03311489540802897,0.0096224146919496097,0.0048397695372989023,0.010559350217442429,0.0
Laquon Treadwell,WR,MIN,5.1275885241391812,5300.0,0.79595382387926861,0.085551104224471958,0.056514713563853791,0.015543021106424821,0.0073905582545752751,0.002038790784033219,0.03700798818737161,0.0
Adam Thielen,WR,MIN,5.1196758121800059,4500.0,0.70853653989306631,0.16358913893503071,0.074609583891527734,0.033167668876485985,0.0056860445355972093,0.0031946561318801831,0.011216367736410451,0.0
Chris Conley,WR,KC,5.0800206366558918,4600.0,0.7249236042892242,0.14433551548592985,0.079355334847213507,0.030093838905102706,0.0047068706383812681,0.0026349933599855197,0.013949842474163183,0.0
Jakeem Grant,WR,MIA,4.9788623560944263,4500.0,0.84720346889622133,0.052128710165136601,0.040372053721377948,0.0076809096928350147,0.00075033785537789071,0.0001758698252331454,0.051688649843817061,0.0
Marquise Goodwin,WR,BUF,4.9557058708144135,0.0,0.85936127191980693,0.049003427090272077,0.027248566358953955,0.0082504447601740357,0.00069282196637434604,0.00017636611335362221,0.055267101791063929,0.0
Cecil Shorts,WR,TB,4.9539137871951269,4900.0,0.75702370347455572,0.12091232006935282,0.071415538683796104,0.021281974117520634,0.0095138048198447969,0.0026027093712657668,0.01724994946366324,0.0
Taylor Gabriel,WR,ATL,4.9427340162103874,0.0,0.83458141373236172,0.065812362653776546,0.040990343667026453,0.010661761590107594,0.00088686253376219837,0.00047742966692963437,0.046589826156035179,0.0
Michael Thomas,WR,NO,4.9351675742434207,5000.0,0.74986635063360363,0.12890049444737123,0.069037598438051101,0.028711840769230675,0.0059965957269075389,0.0024869077277002221,0.01500021225713642,0.0
Arrelious Benn,WR,JAC,4.8823986672272959,0.0,0.85790814125702675,0.051430602508866732,0.029586197161228768,0.008327258639954923,0.00067921253260432707,0.00017847385880612285,0.051890114041511212,0.0
Johnny Holton,WR,OAK,4.8720336361611016,0.0,0.86195729048176695,0.047108457447347103,0.029503380310910907,0.0082666148282683795,0.00071980665955328419,0.00018432581930387084,0.052260124452848368,0.0
Jordan Taylor,WR,DEN,4.8401685396696443,4500.0,0.8635468871238835,0.046813709348308925,0.02859389129700406,0.008782219830125497,0.00069519172295753179,0.00019190986384581477,0.051376190813873353,0.0
Trevor Davis,WR,GB,4.8315073123564662,4500.0,0.86265509054850165,0.046251698390188993,0.031637995869376989,0.0078816974052425565,0.00072210502117809141,0.00019594862260435242,0.050655464142906025,0.0
Isaiah Burse,WR,SD,4.8295893645857131,4500.0,0.86217286896451073,0.047773660312697128,0.030598590328406509,0.0078576643637474769,0.00069441861316768051,0.00018121253988675576,0.050721584877582486,0.0
Jalin Marshall,WR,NYJ,4.8254100063204515,0.0,0.86182322278546974,0.049518740039785951,0.028847019157889262,0.0082701031569868966,0.00068055729975186714,0.00017042660146093279,0.0506899309586544,0.0
Walter Powell,WR,BUF,4.7975884570656504,4500.0,0.86574539926590577,0.046773985316478681,0.028091827775364276,0.0078305550309796593,0.00071214353039141453,0.00018651179619542862,0.050659577284683364,0.0
Tommylee Lewis,WR,NO,4.7874378693180679,4500.0,0.86479928138178741,0.045848849220099255,0.030255299633230447,0.0088330011626610114,0.00071694670885794857,0.00019447150214567721,0.049352150391217049,0.0
Alex Erickson,WR,CIN,4.7792774973514831,4500.0,0.86413011564616837,0.047638236328456422,0.030168988677966836,0.0078610866554817433,0.0006956067991209004,0.00018345312016678598,0.049322512772637606,0.0
Ricardo Louis,WR,CLE,4.7766551060594118,4500.0,0.86239899753348848,0.048492347823773922,0.030803551537124541,0.0090809126722853767,0.00067897489006453601,0.00018064552963807561,0.048364570013623889,0.0
Tavarres King,WR,NYG,4.759296308531356,4500.0,0.86687020459950315,0.0467258678510757,0.028215262173307491,0.007860619016490572,0.00069611794271216495,0.0001806626811015562,0.049451265735808138,0.0
Jaelen Strong,WR,HOU,4.75384642980924,4900.0,0.75199559329563959,0.14236562789877963,0.059443046596644358,0.025583091962324198,0.0060534385963550213,0.0040535174195295808,0.010505684230729005,0.0
Aaron Burbridge,WR,SF,4.7538325944716231,4500.0,0.86489843016428714,0.04862393196650093,0.028834238895330034,0.008059292681416046,0.0006942394560437565,0.00017657411199704549,0.048713292724423977,0.0
Andrew Hawkins,WR,CLE,4.7434289626649075,4700.0,0.80851349590632615,0.085408328409156034,0.050941537365597922,0.021733074163897911,0.0043879677715616605,0.0066387204518647252,0.022376875931594795,0.0
Jordan Norwood,WR,DEN,4.7240714441108844,4900.0,0.7580734054483248,0.13676185782874417,0.061760863145863494,0.021742532543486723,0.0072667951870777764,0.0022190811195591052,0.012175464726944404,0.0
Chris Moore,WR,BAL,4.6679312243876208,0.0,0.81348488762312476,0.098376510311144791,0.0379700379406561,0.017551987257749424,0.0018161967161421336,0.00056904062362598228,0.03023133952755697,0.0
Bradley Marquez,WR,LARM,4.6412915594710054,4500.0,0.81085582030421166,0.092866143641400001,0.058096959936958764,0.0072974750016340925,0.00076806944086856965,0.0010116068510073559,0.029103924823918562,0.0
Darrius Heyward-Bey,WR,PIT,4.6179996256797855,4500.0,0.78308613281108108,0.11450318012665207,0.060421763949255275,0.019392192017250884,0.0055018722395971907,0.0020316203096089106,0.015063238546555122,0.0
Jeremy Kerley,WR,SF,4.5825905652615271,4700.0,0.77441034499136219,0.13077937939837422,0.05324635610090344,0.021795378076332503,0.0044826583078606029,0.0022859908812713952,0.012999892243896461,0.0
Brenton Bersin,WR,CAR,4.5748278125611552,4500.0,0.84089934829540858,0.069183898934737142,0.045760414501182851,0.0085114096867096433,0.00085731833366476176,0.00054808962239160752,0.034239520625904976,0.0
Josh Bellamy,WR,CHI,4.538694865938079,4500.0,0.7825956346987214,0.12432891136214998,0.050434366310044526,0.023251245536071045,0.0037637113384419289,0.0025580684408739417,0.013068062313696395,0.0
Tyreek Hill,WR,KC,4.5229019528620729,0.0,0.81901192301200221,0.094437559097717047,0.038309959018958589,0.020571033427272383,0.0025718024241728117,0.001075064113959444,0.024022658905919068,0.0
Ryan Grant,WR,WAS,4.5117106652117913,4600.0,0.76918513987941917,0.13458380254441754,0.061131470626559034,0.020710087816974001,0.0033667698211571578,0.0011664626768702461,0.009856266634603178,0.0
Malcolm Mitchell,WR,NE,4.5068126832717583,4500.0,0.79220770142512864,0.11926759823850817,0.045362280086493255,0.022267914418109908,0.003628846089924771,0.0014503584620713026,0.015815301279764826,0.0
Dwayne Harris,WR,NYG,4.4766686041055692,4500.0,0.8014601761004877,0.10608323174537541,0.054362180780079754,0.015243178146929316,0.0034617187736410014,0.0033880839782900562,0.016001430475196449,0.0
Andre Holmes,WR,OAK,4.4752876577116494,4800.0,0.78684027271058976,0.11607352319830543,0.058183593759964666,0.023254341756167012,0.0022953809600291296,0.0020809985211046123,0.011271889093839209,0.0
Leonte Carroo,WR,MIA,4.4021862281913364,4500.0,0.81245448517810492,0.10440339911247494,0.044700247293146103,0.016297689539647463,0.0020003919901649589,0.00079726626807191854,0.019346520618390456,0.0
Jaron Brown,WR,ARI,4.3650994019610154,4700.0,0.7933017316052795,0.11878632259908875,0.050625801444628978,0.023012240325132775,0.0029448106339908637,0.0009820771031480342,0.01034701628873144,0.0
Jared Abbrederis,WR,GB,4.3038957252469956,4700.0,0.80112358110033688,0.11493505552550663,0.048192715153093223,0.019727625400984376,0.004481763199513409,0.0017709715446471252,0.0097682880759175448,0.0
Paul Richardson,WR,SEA,4.2852109035805768,4800.0,0.84425832145903323,0.076181070517644958,0.037183421290992703,0.018271595616751388,0.001482341121479823,0.00086733912088159278,0.021755910873215944,0.0
Deonte Thompson,WR,CHI,4.2704194425668867,4500.0,0.81841014180835137,0.10239884007595597,0.045541215609807589,0.014612502459243502,0.0018394674952715928,0.0015857811499390443,0.015612051401429907,0.0
Josh Doctson,WR,WAS,4.2533984653539445,4800.0,0.84869572656850478,0.07528898701771293,0.035449728757007151,0.015652657636115435,0.0012783936473330082,0.00080306025682540922,0.022831446116500977,0.0
Charles Johnson,WR,MIN,4.119591682370582,4500.0,0.86901038490372706,0.063510009211980994,0.026984082447332247,0.015098564572610962,0.0011047581154817634,0.00078257911995061697,0.023509621628916583,0.0
Andre Roberts,WR,DET,4.0946103194164882,4500.0,0.86708205598728416,0.068463462596480007,0.02735916812751954,0.012078768911322986,0.00085907874516671814,0.00063725552821685349,0.023520210104009034,0.0
Lucky Whitehead,WR,DAL,4.0928087184108843,4500.0,0.8589062398213505,0.070168938615622581,0.041826911672747637,0.0053186779611597594,0.0019044882280888835,0.00068055942097804199,0.021194184280051466,0.0
Josh Huff,WR,PHI,4.0569392740684949,4700.0,0.84150190597204533,0.084242799116629102,0.043377064141076234,0.014541541582463185,0.0028432305960248276,0.0015427337086827138,0.011950724883079198,0.0
Braxton Miller,WR,HOU,4.0297899745437755,4500.0,0.8721676598362641,0.064958961873469764,0.025534192104496874,0.014290201752171413,0.0008385034531032216,0.00044139774389856997,0.021769083236595661,0.0
James Wright,WR,CIN,4.0233899090109535,4500.0,0.87525852504287993,0.063140618647246946,0.026462302479781669,0.010571706844572159,0.00082127763905442378,0.00048911576438085357,0.02325645358208344,0.0
Quan Bray,WR,IND,3.9715937933136365,4700.0,0.89452086257350549,0.049020376822074149,0.021535160638176856,0.0064586271068979946,0.00054105378844936125,0.00054500658067245067,0.027378912490222517,0.0
Aldrick Robinson,WR,ATL,3.9692886276918058,4500.0,0.89909885372640186,0.044631384634610985,0.020505491106751102,0.0065014603688664206,0.00047096040367658205,0.00021325831270182355,0.028578591446989859,0.0
Cordarrelle Patterson,WR,MIN,3.9583018991697214,4600.0,0.85531892189874914,0.077076880232773912,0.040456183403596156,0.010401155167303729,0.0018547374215725555,0.0011667163921685209,0.013725405483836009,0.0
Devin Hester,WR,BAL,3.942867903897179,4700.0,0.8835247398320516,0.050614444110659899,0.038239012258788743,0.0037399758295505541,0.0017046464699564878,0.00047272064048568281,0.021704460858506552,0.0
Rashard Higgins,WR,CLE,3.9352762616175831,4500.0,0.89598892459138613,0.046684569189859845,0.023498728354013079,0.0072188265655869959,0.00038165520021291423,0.00019153247672712686,0.026035763622212767,0.0
Rod Streater,WR,SF,3.9120795344155974,4500.0,0.89967660251826576,0.043719403692473284,0.023131137120638426,0.0068062345207219009,0.00040002115962914933,0.00021164378337860051,0.02605495720489151,0.0
Jeff Janis,WR,GB,3.8993557993380743,4800.0,0.86091603944277073,0.071371182900381108,0.04105827443473814,0.010254857295911796,0.0036449854450888806,0.001244252465023746,0.01151040801608438,0.0
Brandon Tate,WR,BUF,3.8680626411353018,4600.0,0.86831798065791888,0.068986236335966775,0.036046326962358516,0.010224931390304649,0.0016383485901129166,0.00053646331778784263,0.014249712745549576,0.0
Greg Salas,WR,BUF,3.8272638567783344,4500.0,0.8753807629250675,0.061024514057625677,0.037803862091686694,0.0099551943647310064,0.0010567424929353387,0.00089001759530623335,0.01388890647264659,0.0
Russell Shepard,WR,TB,3.7942796487713064,0.0,0.87094459892167186,0.075358712337775732,0.031239500840239128,0.0062495534254819133,0.00065344945163706256,0.00096429666516158533,0.014589888358031676,0.0
Eric Weems,WR,ATL,3.6504259106404753,4500.0,0.90067018972325397,0.049296430991998368,0.029145727440573543,0.0033744846014174966,0.00048251994743001855,0.00017029650576209077,0.016860350789564119,0.0
Cody Latimer,WR,DEN,3.60127214091351,4500.0,0.89736056311504597,0.053246628663633715,0.029605800185315126,0.0053125667901688925,0.00056810440580135838,0.0005367388703284297,0.013369597969705285,0.0
Matthew Slater,WR,NE,3.4837510872304644,4500.0,0.91979109520479641,0.039886749467233036,0.020017052367197453,0.0032144969218603626,0.0014338431564667601,0.00021230592192028873,0.015444456960525474,0.0
