name,pos,team,expectation,salary,prob_0_5,prob_5_10,prob_10_15,prob_15_20,prob_20_25,prob_25_30,prob_30+,label
HOU,Def,HOU,12.365383312650962,4900.0,0.096733805316352131,0.14538416752297481,0.67003689193215976,0.01508663543337631,0.010434294177973667,0.0029904722537913812,0.059333733363371964,2.0
DAL,Def,DAL,11.425461885329543,4500.0,0.27757588739482003,0.51292448480209096,0.012163662798535993,0.006413177350169841,0.0041028022654981938,0.0014267196490055035,0.18539326573987938,1.0
KC,Def,KC,11.011833453382556,4700.0,0.22876990143214262,0.36243744704796421,0.16064443907953715,0.11922418660489069,0.05947645491261102,0.018898149996131531,0.050549420926722877,1.0
SEA,Def,SEA,9.971469665525845,5200.0,0.014621057158988992,0.55991612747233876,0.38459196996158329,0.01784907629473197,0.013006058627545463,0.0036531438906583741,0.0063625665941529561,1.0
GB,Def,GB,9.907918696708883,4400.0,0.091845889978439704,0.60399917110680212,0.096352047118172482,0.18039422961440316,0.010597390025266095,0.0053100293104010399,0.011501242846515403,1.0
CAR,Def,CAR,9.8705231225724432,5300.0,0.10307552165379842,0.47289089452771871,0.34028503957510037,0.05158232785311475,0.014464738636110749,0.0046812617794932936,0.013020215974663907,1.0
PHI,Def,PHI,9.5819515912395019,4800.0,0.24148682539678198,0.42089718178260221,0.17493703088626286,0.066262593651601448,0.066733455158374227,0.0086943081359885169,0.020988604988388941,1.0
DEN,Def,DEN,9.4020943058863988,4700.0,0.029632510997958515,0.7706499171194553,0.021102949817299065,0.1645580565319987,0.0054717472706979874,0.0025329553082662254,0.0060518629543241985,1.0
PIT,Def,PIT,9.0001221032540233,4600.0,0.1700273393837764,0.4909755266096078,0.27365880029446421,0.036921791973724943,0.010296840252649309,0.0053330020913720097,0.012786699394405595,1.0
BAL,Def,BAL,8.766933638638994,4500.0,0.16212420622580412,0.64995996727197025,0.070954489227858977,0.044010718060482602,0.053838027640673344,0.0067322186465995637,0.012380372926611012,1.0
ARI,Def,ARI,8.5793401181973827,4800.0,0.24077914147416071,0.50827050915132899,0.14663061642972519,0.03878264742989098,0.047901663416773869,0.0054990386439022374,0.012136383454218108,1.0
MIN,Def,MIN,8.0398008957037934,4400.0,0.21476410592612888,0.63023081990095664,0.073131258421902198,0.043207252571111542,0.016098424779904384,0.0061610093579533252,0.016407129042042921,1.0
SF,Def,SF,7.8215774441933572,4000.0,0.3820589801908586,0.43734487051549842,0.10544700429146654,0.011901614137176513,0.010579458147976197,0.0028590252825670525,0.049809047434456959,1.0
TB,Def,TB,7.8059785215115998,4300.0,0.11138439679633483,0.78383338000798708,0.073605182563134058,0.017258746047398809,0.0035587251729747352,0.0021309205634254479,0.0082286488487449683,1.0
MIA,Def,MIA,7.7220219000842807,4300.0,0.49445827085520516,0.19824848429829312,0.21991444259795656,0.031926864072167001,0.015144456142215563,0.0080200263231797447,0.032287455710982793,0.0
NYJ,Def,NYJ,7.531394148926239,4700.0,0.094369310284146246,0.84183893799778664,0.046658680294479893,0.0090639902305142597,0.0025491387025378706,0.0014304136611140289,0.0040895288294210859,1.0
CIN,Def,CIN,7.4055477446113906,4400.0,0.378880039872658,0.40513528270181748,0.15538202709586729,0.024597509878987268,0.01293021717817854,0.0068601250614292019,0.016214798211062167,1.0
OAK,Def,OAK,7.3940490986246568,4500.0,0.20959737593076519,0.71327727803044039,0.042082339843388494,0.0078243660792647815,0.005992406834835714,0.0026969199319392344,0.018529313349366285,1.0
LARM,Def,LARM,7.296261211304417,4300.0,0.12599733779499223,0.82832954621628885,0.02864560764302904,0.0072955172273463601,0.0035791462170057494,0.001710098433479942,0.0044427464678576728,1.0
CLE,Def,CLE,7.1597809246957347,4100.0,0.10580599238063199,0.87469714314901681,0.010559311621437041,0.0049335023244755378,0.0015147013900500075,0.00059977557326425452,0.0018895735611243855,1.0
CHI,Def,CHI,7.0906518143426975,4400.0,0.14122303894372723,0.83307395202367607,0.011801353548044095,0.0067664701135601744,0.0016403601978817513,0.00074900733910195842,0.0047458178340089082,1.0
NO,Def,NO,7.0723451492052405,4200.0,0.46529612000273768,0.34515173351866735,0.1313396441115558,0.011724299726432597,0.010194084894207651,0.0034819973389693002,0.032812120407429861,0.0
BUF,Def,BUF,6.9619147329240212,4500.0,0.27854015427906625,0.64219518455583935,0.029178698008586485,0.032234561903830693,0.0062320578810065429,0.0035515220930575015,0.0080678212786132759,1.0
ATL,Def,ATL,6.9272894994823941,4100.0,0.32206991589379819,0.61304868192409856,0.017478090557992966,0.012809094740360828,0.0081795682264246394,0.0035918243619982681,0.02282282429532646,1.0
IND,Def,IND,6.82132832161862,4300.0,0.42885411137789781,0.41765965840232394,0.09844601323837042,0.021415376141294466,0.010818875902422288,0.0040309497892698403,0.018775015148421167,0.0
DET,Def,DET,6.6868570992298224,4400.0,0.47063916185223875,0.43551204909626151,0.024005714617490233,0.015245097942017862,0.0069545328320383777,0.019591911619453804,0.028051532040499445,0.0
NYG,Def,NYG,6.6575371987183622,4300.0,0.23643370856988774,0.73705434206927112,0.010484725732822801,0.0066957426338697754,0.0020377440452100264,0.0014425653611969814,0.0058511715877417412,1.0
TEN,Def,TEN,6.6536547711874601,4100.0,0.36636172181295129,0.55754858919558581,0.029548723073140166,0.013880574234400015,0.013547096418388801,0.0039877391380655994,0.015125556127468111,1.0
SD,Def,SD,6.4719494269468427,4000.0,0.49045407712621425,0.33921430422655924,0.10455382265192133,0.042585475415523336,0.01065352785735346,0.0038698363418680853,0.0086689563805603543,0.0
WAS,Def,WAS,6.1645391455038689,4400.0,0.69409248828708492,0.08719070629317556,0.15045804608022478,0.017840728479574033,0.011617867521981127,0.0049291243841569866,0.033871038953802619,0.0
JAC,Def,JAC,5.7792769757026292,4300.0,0.65142897848537051,0.17188269622561969,0.12669040053869554,0.01796346515270476,0.0096476984577836458,0.0049354925737354824,0.017451268566090545,0.0
NE,Def,NE,2.9732187935140617,4500.0,0.95590890495945402,0.014354914581832608,0.021206922983443052,0.0026594698763651422,0.0028474052085540554,0.00075901189766864913,0.0022633704926828396,0.0
