name,pos,team,expectation,salary,prob_0_5,prob_5_10,prob_10_15,prob_15_20,prob_20_25,prob_25_30,prob_30+
MIA,Def,MIA,18.221629571063147,4300.0,0.26833075534497974,0.17912741282174233,0.081429084383175546,0.05488204885413888,0.026827070355827425,0.00049178594804975937,0.38891184229208625
SEA,Def,SEA,16.435451577536515,5200.0,0.043774567936433133,0.13812484937561478,0.13516337131668618,0.46718064379624574,0.11301506130850034,0.095188829237867811,0.0075526770286520146
KC,Def,KC,15.50441861377768,4700.0,0.091121518924892564,0.20043329620429942,0.18385711208454958,0.22404557630784516,0.19127998001505378,0.076484535742299589,0.032777980721059821
CAR,Def,CAR,14.387750907175572,5300.0,0.10707164014884746,0.17981534859324672,0.16428066641023159,0.41988944016022922,0.077159924129972926,0.02381592706849529,0.027967053488976729
HOU,Def,HOU,14.33916332917453,4900.0,0.22746953514368332,0.17841038466684014,0.16771379900171951,0.14848229535541527,0.15120199238096965,0.013302086572944063,0.11341990687842804
WAS,Def,WAS,14.114506388262118,4400.0,0.3452802066212845,0.24304261044423042,0.071226462254237566,0.062393161997436594,0.022472992309066391,0.00064359597213045194,0.25494097040161395
TB,Def,TB,13.924415470602858,4300.0,0.083133496802768797,0.26498439924916939,0.22307649389641393,0.27802660064223572,0.057286751749889606,0.064787184423058239,0.028705073236464224
DEN,Def,DEN,13.919740426944324,4700.0,0.13291920249164951,0.20736781884853431,0.15703834647853765,0.36260100142151447,0.082739240291469979,0.019286619927386929,0.038047770540907272
BUF,Def,BUF,13.848371386688157,4500.0,0.095742177751540605,0.24012439491055237,0.19843579249705284,0.33270529768782314,0.079993037717394674,0.01993679522114028,0.033062504214496032
DET,Def,DET,13.775145907271149,4400.0,0.39386371633853912,0.20172830195881247,0.072289140197059662,0.05662407587995083,0.019612113771596811,0.0018902137841392114,0.25399243806990185
TEN,Def,TEN,13.626051615285075,4100.0,0.32616942941790839,0.23738156977234551,0.11113298677468954,0.061875875336200266,0.050642005328512617,0.0038804896630633447,0.20891764370728039
CIN,Def,CIN,13.519731770811728,4400.0,0.24612166647564063,0.25722921582511665,0.13238425488486044,0.15278119657618544,0.057604284146273138,0.0046853875624294711,0.14919399452949417
IND,Def,IND,12.948822070500549,4300.0,0.2356139391365622,0.24900116416777404,0.19579557878672818,0.10389722646513845,0.086664185648580333,0.031905144866510436,0.097122760928706253
ARI,Def,ARI,12.792759192951479,4800.0,0.22991835741596428,0.21993450988288207,0.17593147406043211,0.15879894730349733,0.12868570415645228,0.045424549749845951,0.041306457430925946
JAC,Def,JAC,12.759159348879768,4300.0,0.26013009022439687,0.224364590718311,0.15202510688769302,0.17779889954002462,0.079285529775746683,0.012462893993789645,0.093932888860038186
PIT,Def,PIT,12.743344109158345,4600.0,0.24416796053453171,0.26734935310087082,0.16522725765118901,0.11291400324689646,0.09481815384061397,0.012033958162041124,0.10348931346385687
SF,Def,SF,12.718986787157167,4000.0,0.29928889346859561,0.26229908861782714,0.12607219603322672,0.11707358800673733,0.032710005065963554,0.0062149298577572794,0.15634129894989238
CHI,Def,CHI,12.652883701011753,4400.0,0.16357910173366652,0.33885482844401693,0.17645538894645729,0.16588811679126358,0.063244606853846835,0.0064589106157506111,0.085519046614998137
BAL,Def,BAL,12.353885616603868,4500.0,0.091117667880207906,0.41823195059326024,0.15515175348716057,0.20525718411297036,0.051816051002503784,0.060372763067376274,0.018052629856520744
GB,Def,GB,12.178526068416909,4400.0,0.22333924005479522,0.22001393674778483,0.21823122578884863,0.22372296092362151,0.04246673026834652,0.02085024592951466,0.051375660287088627
DAL,Def,DAL,12.146446868748168,4500.0,0.30967799764065207,0.33907983126637131,0.099792795088850861,0.043532844623262991,0.035106589791602388,0.0024437073738860639,0.17036623421537411
ATL,Def,ATL,12.122125419368722,4100.0,0.39042878861615354,0.23487261580719376,0.10682951056578278,0.057450782961988724,0.023714479717222063,0.0032611106504361288,0.18344271168122306
NYJ,Def,NYJ,12.094091000803425,4700.0,0.3367476794062263,0.28139396254761401,0.10766892160721726,0.073075214137976213,0.026258165597630695,0.025824185984996775,0.14903187071833868
NE,Def,NE,11.988197062325098,4500.0,0.25261973272400745,0.25328506345469004,0.15237439664931235,0.20749801311466773,0.056160897318151971,0.0099562678063432313,0.068105628932827303
LARM,Def,LARM,11.92866809055492,4300.0,0.24849696579262939,0.27484058206236872,0.11994825939127428,0.21503185000925459,0.064406807992889878,0.022678160412364697,0.054597374339218477
SD,Def,SD,11.653614111122819,4000.0,0.16609258706209237,0.29858292436537581,0.25143229048268556,0.17044399455197473,0.080217395577565354,0.012617667209572763,0.020613140750733429
PHI,Def,PHI,11.555632181445597,4800.0,0.19038343917156444,0.33683772289148384,0.17353155854359911,0.18414927207010059,0.063708587790796939,0.0093918653493400284,0.041997554183114981
NO,Def,NO,11.488168003176103,4200.0,0.28209784069112637,0.33829671715473897,0.14257012555946075,0.078139095809988526,0.034406605446752024,0.0046863843679876187,0.11980323096994586
CLE,Def,CLE,11.17075697489962,4100.0,0.22970198351958407,0.33741182759954896,0.14350793680249418,0.18609147820833682,0.033354362142721604,0.024352577098702661,0.045579834628611766
MIN,Def,MIN,11.169166855229321,4400.0,0.23578234872406659,0.39008086531387598,0.1293241332802062,0.090587894408989261,0.072363672404724508,0.0054741278781227452,0.076386957990014825
OAK,Def,OAK,11.117879993795375,4500.0,0.4575825103022747,0.22234132970252982,0.088737824736603008,0.038628039370540337,0.016483340795472531,0.002355779874625717,0.17387117521795378
NYG,Def,NYG,11.094161209234615,4300.0,0.23066874310843591,0.41334852863226673,0.14200396494240808,0.064309431836337097,0.055986516040653717,0.0028912511340843171,0.090791564305814212
