name,pos,team,expectation,salary,prob_0_5,prob_5_10,prob_10_15,prob_15_20,prob_20_25,prob_25_30,prob_30+,label
Jordan Reed,TE,WAS,13.236944633219389,7400.0,0.17802146826247689,0.20487833207344666,0.25393253014433331,0.15001048088342184,0.13003476599301464,0.050547146348036857,0.032575276295270107,2.0
Delanie Walker,TE,TEN,10.125463134005816,6600.0,0.27173344022127299,0.31399511158104698,0.18788641747764953,0.13039722994415356,0.047361133685502467,0.040923253598058928,0.007703413492315677,1.0
Greg Olsen,TE,CAR,10.092487568362113,7600.0,0.24956311278435481,0.34286827743677006,0.19672585732101153,0.12919156242066451,0.031470592186624402,0.038302280295732336,0.011878317554842607,1.0
Antonio Gates,TE,SD,9.8157751402465614,5900.0,0.26042454891797073,0.2908114196284412,0.26973252431175315,0.12566037910875213,0.031549073788416995,0.0080948168485925984,0.013727237396073361,1.0
Jason Witten,TE,DAL,9.2095003086294334,5900.0,0.29318178855800614,0.32362978548993304,0.22503898453733404,0.096330233505095911,0.036239786057201469,0.021349186415734515,0.0042302354366952274,1.0
Travis Kelce,TE,KC,8.2890364029122683,6300.0,0.38425227060231448,0.29863649676366089,0.17503507830673953,0.092261481418904334,0.023583110341344429,0.0216809434016755,0.0045506191653608757,0.0
Julius Thomas,TE,JAC,7.7760131943201856,6400.0,0.40737226379188807,0.28247428390334023,0.20814395540776548,0.064248314465301062,0.028429159205805948,0.0071195246948694332,0.002212498531029517,0.0
Austin Seferian-Jenkins,TE,NYJ,7.6870104254528151,5200.0,0.36448870986600412,0.38091343693117846,0.15950639026775829,0.061270359837718863,0.021463549056248074,0.0083423395875882565,0.0040152144535042693,1.0
Gary Barnidge,TE,CLE,7.6457251861470716,6000.0,0.42067213592465247,0.26238709019785644,0.20935886953061253,0.08579489908335293,0.018973618842511683,0.0023506509242419774,0.00046273549677188858,0.0
Coby Fleener,TE,NO,7.5972093491024824,5600.0,0.42625476799710105,0.30546636497229446,0.1527149756703175,0.073208461195387528,0.025204304104287058,0.015586243926482495,0.0015648821341298039,0.0
Jacob Tamme,TE,ATL,7.5795245510939866,5100.0,0.40236757848831439,0.32191918426875388,0.18599929486807945,0.052303601723956268,0.025092007500757369,0.010240576291277058,0.0020777568588616919,0.0
Eric Ebron,TE,DET,7.5727774968310015,5500.0,0.44639572619613593,0.26933467072871037,0.17344377899842681,0.07109332010219685,0.022383049124804297,0.011500228458925912,0.0058492263907998403,0.0
Dwayne Allen,TE,IND,7.4607743289629296,6200.0,0.4784846021305682,0.24891427421140264,0.17506766874394483,0.058497162703464625,0.0078480719622676959,0.011001302320306954,0.020186917928045226,0.0
Will Tye,TE,NYG,7.0456158272790219,4900.0,0.44530692972605418,0.33118395988317795,0.13686198677456768,0.057456765260949276,0.01690993246221989,0.010411707941957957,0.0018687179510728945,0.0
Kyle Rudolph,TE,MIN,6.9397335489608647,5000.0,0.55112544236587291,0.2417009767478514,0.091964841226917726,0.061607686375886934,0.013872681972688922,0.024154766632010036,0.015573604678772224,0.0
Richard Rodgers,TE,GB,6.6887099984292595,4700.0,0.48927363653821204,0.30771279725214334,0.11626890537684166,0.059396131629178457,0.018251328723128315,0.0085560808154984246,0.0005411196649976127,0.0
Jimmy Graham,TE,SEA,6.3330722283143421,5500.0,0.56163815326674971,0.2600714627772483,0.10633568032475953,0.041929069464149003,0.0083199625691271675,0.0041882012130919962,0.017517470384874671,0.0
Martellus Bennett,TE,NE,6.2019561689790468,5500.0,0.57357710513348148,0.24996854405624297,0.10730024690960865,0.036886603941678857,0.011690890447110644,0.010232759680223918,0.010343849831653897,0.0
Clive Walford,TE,OAK,6.0759821987779725,4700.0,0.57796544363648261,0.21959119209615369,0.14062980603525427,0.043045242657257156,0.011698682321171135,0.0050249585443027699,0.0020446747093787656,0.0
Brent Celek,TE,PHI,5.9508859763584496,4800.0,0.58754285470869039,0.23125517697665107,0.11049079360475532,0.051457625348054981,0.015003447479763486,0.0027145980741611047,0.0015355038079236606,0.0
Cameron Brate,TE,TB,5.9452834674488368,4700.0,0.59120274156037178,0.22879349061464158,0.12182815692790047,0.034399482960113144,0.01059768571813551,0.0097614514373351689,0.0034169907815026746,0.0
Lance Kendricks,TE,LARM,5.917127136364031,4600.0,0.58721729265751355,0.2413929344790377,0.10912108031103832,0.045347903605787263,0.0052920499843043169,0.0060055878919729327,0.005623151070345854,0.0
Jared Cook,TE,GB,5.8671149832712421,5100.0,0.61284325343597468,0.22103770520626398,0.10252881417008966,0.042148914332149824,0.0055693731164112503,0.0030427871056738841,0.01282915263343707,0.0
Jack Doyle,TE,IND,5.8366652794158664,5200.0,0.65208576535308937,0.18676326596737514,0.091535547451274527,0.03602520252552717,0.010619609304056274,0.0015762072473088163,0.021394402151368987,0.0
Vance McDonald,TE,SF,5.82621272207445,4600.0,0.59540889620454307,0.22131131132693962,0.13232262570035178,0.036885923969958025,0.0074304490029323622,0.00283916393576237,0.0038016298595125683,0.0
Vernon Davis,TE,WAS,5.7481146108680798,4700.0,0.58271625922687353,0.28420505765115994,0.066601004163477653,0.045489055743586901,0.013173566694096441,0.0051622967979220767,0.0026527597228836785,0.0
Jordan Cameron,TE,MIA,5.6834582734373367,4900.0,0.633190835590421,0.19400381898911248,0.12170708015596074,0.028003686529380397,0.012860823549108979,0.0018000580715012693,0.0084336971145153438,0.0
Charles Clay,TE,BUF,5.6634502574390435,5100.0,0.63052592955874953,0.21976399497402896,0.082439045644767964,0.036860296052974431,0.018575592481511624,0.0091758074883430928,0.0026593337996243852,0.0
Zach Miller,TE,CHI,5.5084444464873235,5200.0,0.62898818854579708,0.22199366785601479,0.10530954279575418,0.025451220983533682,0.0080249444674207748,0.0039254231699738787,0.0063070121815058501,0.0
Dennis Pitta,TE,BAL,5.3744498060733514,4800.0,0.63361388134861718,0.24033419088544777,0.077055758306870212,0.032358648488427101,0.0058964395249708175,0.0066896528310153936,0.004051428614652337,0.0
Maxx Williams,TE,BAL,5.2386312936712223,4700.0,0.67211029996105087,0.15986830556987067,0.12974341441783557,0.027461368524208184,0.0093812035163318517,0.00057863158587894792,0.00085677642482398129,0.0
Jermaine Gresham,TE,ARI,5.2128549188390183,4500.0,0.66306159027461964,0.18431711896946476,0.11909176069182335,0.022149648305225641,0.0068438563801597281,0.0021587946554822092,0.0023772307232253586,0.0
Larry Donnell,TE,NYG,5.0993003865545301,5100.0,0.69819944823754687,0.18296819771675724,0.064204076645782995,0.035343443399184549,0.0056806985574613181,0.0057975190040363981,0.007806616439231067,0.0
Ryan Griffin,TE,HOU,4.9600742309073684,4600.0,0.68576916499139984,0.18056374351665647,0.10019272289073029,0.026879984372563871,0.0041128750471563034,0.0014370707351097928,0.0010444384463832467,0.0
Marcedes Lewis,TE,JAC,4.9394418107281624,4600.0,0.69873973846845316,0.16209682627888197,0.10897961734717089,0.01940202250150971,0.0072966379951358686,0.0014758943134518263,0.0020092630953964623,0.0
Demetrius Harris,TE,KC,4.6789906368430101,4500.0,0.70663986656321276,0.19802888730952181,0.068417016903402572,0.014675442606470164,0.0085950999732671458,0.00077032309801383907,0.0028733635461117919,0.0
Luke Willson,TE,SEA,4.6604922350530069,4700.0,0.73830789999412927,0.15884910647424649,0.062753434836631594,0.025314061204282055,0.00557767146244417,0.0068641785221750518,0.0023336475060913254,0.0
Crockett Gillmore,TE,BAL,4.4878995791750329,4700.0,0.74671603191308611,0.17120257189671262,0.051839266318714654,0.016934038011553337,0.0043999298163245135,0.0024040501883678387,0.0065041118552411356,0.0
Tyler Kroft,TE,CIN,4.4405761716838406,4800.0,0.77817401703368694,0.1375079787044548,0.040778209035950828,0.030400349617190455,0.0024930515954594092,0.0008826525061163546,0.0097637415071416666,0.0
Virgil Green,TE,DEN,4.278204339999248,4600.0,0.78567575344741181,0.12033037059817164,0.06536369066843542,0.015760166849100483,0.0094886556396750858,0.0017539101486903224,0.0016274526485158933,0.0
C.J. Uzomah,TE,CIN,4.019670812087818,4500.0,0.8216590022521989,0.098521791523202271,0.048318195977597504,0.02523883360745291,0.0019107428855112923,0.0019118752176547613,0.0024395585363828154,0.0
Jesse James,TE,PIT,3.9161832886439938,4500.0,0.82894616792412601,0.11232825956933436,0.034616025464321125,0.014233864924972381,0.0016577686942967106,0.00071517304696858239,0.0075027403759808254,0.0
Dion Sims,TE,MIA,3.9032549114437591,4600.0,0.82779721430204345,0.087080107943288979,0.071082376501941449,0.0096107662202034663,0.0012443583651818271,0.0020715060783124974,0.0011136705890277107,0.0
Geoff Swaim,TE,DAL,3.8330545692698528,4500.0,0.85131135162457638,0.090448129431458468,0.025199462321173701,0.012650272975368164,0.017804389834729949,0.00014405217824399553,0.0024423416344493119,0.0
Darren Fells,TE,ARI,3.762180227762105,4600.0,0.84471542535589816,0.094047856707535918,0.044430768331238053,0.0099544084128403709,0.0013060396559702143,0.0010709944449013543,0.0044745070916154634,0.0
Brandon Myers,TE,TB,3.6121788762859732,4600.0,0.85333736676966854,0.094578009060049248,0.040691080193237993,0.0068097804719784898,0.0013332499409401577,0.00027671569056052458,0.0029737978735647329,0.0
David Johnson,TE,PIT,3.5018009875165887,4500.0,0.88637409494060315,0.073888384797765841,0.023143537011604629,0.007200000822457261,0.00074043302102772847,0.00041671134110542749,0.0082368380654358284,0.0
Stephen Anderson,TE,HOU,3.4974514648460637,4500.0,0.87172478228774997,0.086024386652950438,0.029961815852565299,0.0055815340969102905,0.00073445666382108174,0.0033098754892695232,0.0026631489567336413,0.0
Hunter Henry,TE,SD,3.4921229128802369,4500.0,0.86864712081617035,0.087048715574865612,0.033775928744010253,0.006308417449101638,0.00084904184723846832,0.00027163427938909696,0.0030991412892241795,0.0
Cory Harkey,TE,LARM,3.4367970373316536,4500.0,0.87099036255127493,0.098763798907495842,0.018359537054641519,0.0067449306825325319,0.00054883524014229723,0.00027005314936487477,0.0043224824145478109,0.0
C.J. Fiedorowicz,TE,HOU,3.3006209220524148,4500.0,0.88704811514401272,0.07531134532119596,0.031439086560940008,0.0045587249078097155,0.00084805759262522617,0.00019939813582140969,0.00059527233759533731,0.0
Nick O'Leary,TE,BUF,3.2580621896743409,4500.0,0.90448317259056854,0.065798569298817222,0.020888907327470743,0.0015875512129174003,0.00082761055177967122,0.0038195136564405851,0.002594675362005497,0.0
Garrett Celek,TE,SF,3.2451358593535611,4500.0,0.89701337883154197,0.071672251288137701,0.024523799509138591,0.0039580697778534082,0.00069884984461228081,0.00015401134291062794,0.0019796394058053703,0.0
Tyler Higbee,TE,LARM,3.2362347838003163,4500.0,0.88677393421354656,0.088672819170099781,0.020751792952967023,0.0015505451532254826,0.00077633751237063538,0.00018076354051165176,0.0012938074572787968,0.0
Austin Hooper,TE,ATL,3.2135745982068875,4500.0,0.8986523014253589,0.075649674183506641,0.018513102161464422,0.0041894597047923386,0.00070809118288194125,0.00015307762262218124,0.0021342937193733055,0.0
Niles Paul,TE,WAS,3.1501646905305032,4600.0,0.91718233882535161,0.056549581707229242,0.017897530936996579,0.0039273667162966434,0.00087828561828499126,0.00051918224674805849,0.003045713949093498,0.0
Clay Harbor,TE,DET,3.1388835999865208,4500.0,0.91425787063679831,0.05346651697808745,0.026348047187916494,0.0045812944366223117,0.00027443267486178198,0.00012963528204323636,0.00094220280366982421,0.0
Phillip Supernaw,TE,TEN,3.1056250761773727,4500.0,0.9274144206663848,0.04637302106691208,0.019344108324055399,0.00069639532353794973,0.00093270500917081388,0.0025413339676328022,0.0026980156423062297,0.0
Anthony Fasano,TE,TEN,3.1056250761773727,4500.0,0.9274144206663848,0.04637302106691208,0.019344108324055399,0.00069639532353794973,0.00093270500917081388,0.0025413339676328022,0.0026980156423062297,0.0
Gavin Escobar,TE,DAL,3.0669819062259869,4500.0,0.92671015755877562,0.053219869793433745,0.014246160240836258,0.00085524008484937194,0.00071879935724543397,0.00092016732334897189,0.0033296056415102462,0.0
Levine Toilolo,TE,ATL,3.0395513533144012,4500.0,0.9215029747269966,0.059938449293699451,0.014609154552896218,0.0012988514928706165,0.0006249897119495083,0.00053951500222913665,0.0014860652193588557,0.0
Luke Stocker,TE,TB,3.0356942879795845,4500.0,0.93250585821523579,0.047424098418045214,0.012456177112144889,0.0011433215891214162,0.0036304744312320404,0.0010732760407632636,0.0017667941934573976,0.0
Kellen Davis,TE,NYJ,3.0336542638558597,4600.0,0.9328408017664831,0.045431125614817006,0.016016389509892488,0.0014092308812761231,0.00084887156927397969,0.00053633670868599357,0.0029172439495716274,0.0
Khari Lee,TE,DET,3.0063977077308062,4500.0,0.92796681573342799,0.057725717138191905,0.0097359097728144921,0.00063994111441146456,0.00084009915866589593,0.0008620507678192388,0.0022294663146686681,0.0
Ed Dickson,TE,CAR,2.9901587697159329,4500.0,0.93496330000082983,0.048027131681724837,0.012064552232262396,0.00067047631507662824,0.00099232093253392951,0.00095974488176473513,0.0023224739558073471,0.0
Jim Dray,TE,BUF,2.9882679233969855,4500.0,0.93367550766288054,0.049197251504563146,0.012900423816995021,0.00050661065144295514,0.00075910706887253514,0.00076528007204740636,0.0021958192231981534,0.0
Lee Smith,TE,OAK,2.9828385341576857,4500.0,0.93456641321857625,0.047860270018309496,0.013352481327267889,0.00057741508542489184,0.00080554451596908511,0.00093209472360135891,0.0019057811108513811,0.0
Xavier Grimble,TE,PIT,2.9814513100029809,4500.0,0.93520842079838251,0.049218367075473543,0.010668710045962638,0.00063026468634186979,0.00096481748648573503,0.0010178790463817155,0.0022915408609723077,0.0
Marqueis Gray,TE,MIA,2.9761244505623186,4500.0,0.93701745301326889,0.046918686107831974,0.011186504447185053,0.00054975701444487423,0.00089881162018332051,0.0010656287299094477,0.002363159067176396,0.0
Trey Burton,TE,PHI,2.9642085821145501,4500.0,0.93578628375163819,0.047260066619863192,0.012854427072315964,0.00088306229552891546,0.0010694484274272607,0.00067187456923519071,0.0014748372639912521,0.0
James O'Shaughnessy,TE,KC,2.9584168178738635,4500.0,0.9390612269872205,0.045511039418133239,0.010704745301177069,0.00064537035984257667,0.00094177426644069138,0.00088223895180888359,0.0022536047153769814,0.0
Scott Simonson,TE,CAR,2.9511082933130539,4500.0,0.94058656338301339,0.044767125375370295,0.0098097210962552854,0.00059128304330668209,0.00091318210299241073,0.00083353262737371385,0.0024985923716879699,0.0
Troy Niklas,TE,ARI,2.9376350296970033,4500.0,0.94185476014481784,0.042628686957030544,0.011078857351959303,0.0010497485626170375,0.00058283107034343726,0.00064881275118550846,0.0021563031620460212,0.0
Rhett Ellison,TE,MIN,2.9297989882065441,4500.0,0.94278350768010966,0.043559570017851157,0.0091438498702106474,0.00062649702681379538,0.00079219857838019794,0.00069947125603225086,0.0023949055706019976,0.0
Brandon Williams,TE,SEA,2.9246710962597531,4500.0,0.94334616159032825,0.042233873975629853,0.010133581361563181,0.00064382184734514006,0.00081112754434403266,0.00076474139423267883,0.0020666922865568444,0.0
Brandon Bostick,TE,NYJ,2.9219491456715345,4500.0,0.9442253774379511,0.041469385957982004,0.009918882741011879,0.00068141041378912625,0.00079168417710109135,0.00070965034969307044,0.0022036089224714288,0.0
Sean McGrath,TE,SD,2.9182442401724802,4500.0,0.94424937651594576,0.041703688745314348,0.0097332738786961408,0.00068695928033032591,0.00080869238937922327,0.00075606373592645526,0.00206194545440759,0.0
Logan Paulsen,TE,CHI,2.9140187372828779,4500.0,0.94484230278582115,0.041229395218534873,0.0097393655213274619,0.00061593645163413448,0.00073998188101021944,0.00075115573628402354,0.0020818624053880528,0.0
Blake Bell,TE,SF,2.8892341334543148,4500.0,0.94664735508007603,0.038396150603913021,0.011610204450404967,0.00087726708046908239,0.00075157111397991896,0.00038083624914067262,0.0013366154220168386,0.0
