name,pos,team,expectation,salary,prob_0_5,prob_5_10,prob_10_15,prob_15_20,prob_20_25,prob_25_30,prob_30+,label
Jordan Reed,TE,WAS,10.546388670072208,7400.0,0.26163407049082033,0.27847680771356698,0.22700319348183198,0.11367211040322103,0.073856541039576326,0.036313503794767082,0.0090437730762164114,1.0
Delanie Walker,TE,TEN,9.6648991127257595,6600.0,0.29600401306014179,0.2651322104027623,0.25410997730861967,0.11475834187221362,0.039887767850464141,0.026598947520693819,0.00350874198510512,0.0
Greg Olsen,TE,CAR,9.2050185175619248,7600.0,0.3181402602581867,0.31623802991341254,0.1837751138556577,0.1121404863280083,0.036272495390222155,0.027742991541062082,0.0056906227134511994,0.0
Antonio Gates,TE,SD,8.4115027937097206,5900.0,0.37419344951974559,0.27751974421841824,0.21323208281020606,0.088474977765966037,0.031292736490019277,0.0077631934177027091,0.0075238157779422953,0.0
Travis Kelce,TE,KC,7.9104328828246553,6300.0,0.39999887000936329,0.31077119807078335,0.16823296027280915,0.076494037739518198,0.021364577787916516,0.020326854132771011,0.0028115019868390108,0.0
Jason Witten,TE,DAL,7.8175773708253997,5900.0,0.40533903369135826,0.2832072331810363,0.20897336019082249,0.063367749531366965,0.026804962377992084,0.0099742494546189147,0.0023334115728053397,0.0
Eric Ebron,TE,DET,7.8125098622499998,5500.0,0.42050757269129602,0.29625977646396717,0.1645614127658182,0.07208122763867425,0.023459966428391429,0.015539642834825363,0.007590401177027856,0.0
Austin Seferian-Jenkins,TE,NYJ,7.7056751951365889,5200.0,0.3810447563501555,0.36032258195702982,0.1471289491638286,0.078369978362649612,0.018590853949230442,0.011631675702286069,0.0029112045148200053,0.0
Jacob Tamme,TE,ATL,7.6787762798523449,5100.0,0.41187762377677672,0.30910434036320411,0.17207788507801583,0.061786954996821943,0.032408013005299101,0.01022763975310805,0.0025175430267739768,0.0
Julius Thomas,TE,JAC,7.4298960862282524,6400.0,0.45635659128389766,0.25423490700123363,0.18238368084789211,0.079532821935303893,0.013852549442977586,0.010458757803805034,0.0031806916848900768,0.0
Gary Barnidge,TE,CLE,7.3581018009012977,6000.0,0.46661861963216295,0.24317089001649211,0.18225858455220265,0.082130190398606071,0.016622361334762446,0.0058290112686904131,0.0033703427970834142,0.0
Will Tye,TE,NYG,7.0862664267940545,4900.0,0.48609326204452519,0.27308252499221636,0.14278456797834754,0.05976370120636499,0.018475836736859735,0.015529014618396635,0.0042710924232896141,0.0
Kyle Rudolph,TE,MIN,6.6432136807404127,5000.0,0.5422613844098495,0.24542538509257572,0.11746174516439009,0.058164134972905839,0.018645970786013079,0.012034263045847675,0.0060071165284182543,0.0
Coby Fleener,TE,NO,6.6318157318868964,5600.0,0.52852383129030978,0.2438415637365082,0.13770452338548014,0.061996532783525238,0.021579167919501777,0.0043314732727042938,0.0020229076119702475,0.0
Richard Rodgers,TE,GB,6.1956503180198039,4700.0,0.55787581179706669,0.24971575103940324,0.12546860054238074,0.039766492203165589,0.020057435752809324,0.0048703429763813809,0.0022455656887930718,0.0
Zach Miller,TE,CHI,6.1786107893615059,5200.0,0.58229638423662056,0.22644567235240795,0.10983681429147509,0.052701667557775035,0.017600283375666489,0.0074519582989358056,0.0036672198871189449,0.0
Dwayne Allen,TE,IND,6.1320782180992106,6200.0,0.59507359752608369,0.22034813666578301,0.10576690163157629,0.050447134637901514,0.011105881687079671,0.0089403253375753573,0.0083180225140009403,0.0
Vance McDonald,TE,SF,6.0345164236687516,4600.0,0.58748246521676739,0.22033159982116277,0.12251773992589218,0.04927612587725122,0.010365207308946486,0.0086184025544040633,0.001408459295575886,0.0
Cameron Brate,TE,TB,5.9631062063666169,4700.0,0.57909868248359753,0.24497705648867787,0.1197087159000476,0.034847329993726361,0.010332884546919954,0.006250949333340086,0.0047843812536908815,0.0
Tyler Kroft,TE,CIN,5.7451707494322122,4800.0,0.63014730483517256,0.19534947042545756,0.10593917035891859,0.048567933282503889,0.011550259073799467,0.0033310670376830594,0.0051147949864650327,0.0
Jordan Cameron,TE,MIA,5.725485703055698,4900.0,0.61363405841751628,0.21907674913152578,0.10483118706584195,0.04430275480965043,0.010715329885658448,0.0051807007382705357,0.0022592199515372212,0.0
Clive Walford,TE,OAK,5.7034804882415626,4700.0,0.61958927156438381,0.2057112923839767,0.12069485842953381,0.035598933747432768,0.010564467094181382,0.0042848201912993765,0.0035563565891919189,0.0
Brent Celek,TE,PHI,5.6700235592032104,4800.0,0.60193538922542067,0.24436362864701092,0.096902153037951272,0.039674485302048507,0.011830796832141798,0.0032786142181725382,0.0020149327372543466,0.0
Marcedes Lewis,TE,JAC,5.1482299897222665,4600.0,0.65995775528809475,0.20886623926906681,0.089712106183460982,0.031087051498360819,0.0061636920960171362,0.0026305922621223917,0.0015825634028771548,0.0
Lance Kendricks,TE,LARM,5.0471884619020546,4600.0,0.67682988098868824,0.19537312359081349,0.089683406012143377,0.025348237472737775,0.0081345779442244335,0.0026568655825682051,0.0019739084088244256,0.0
Jack Doyle,TE,IND,5.0369151871018145,5200.0,0.71525995654972718,0.1574602148089258,0.078924106403279723,0.027375454997616313,0.0090178188310693196,0.0025859634488199375,0.0093764849605618081,0.0
Jimmy Graham,TE,SEA,5.0339285577568651,5500.0,0.70573859973283204,0.16649448086414059,0.077797340157620687,0.033690156666744936,0.0069242533001813685,0.0032530220927285362,0.0061021471857519828,0.0
Jermaine Gresham,TE,ARI,5.012880586631927,4500.0,0.69384599371675271,0.16741916039547952,0.10188139853988555,0.023521021799776713,0.0075285254667113487,0.0046722386294030024,0.0011316614519913961,0.0
Dennis Pitta,TE,BAL,4.8428761276098244,4800.0,0.72006955153067653,0.16281535020099155,0.069970492047628979,0.036089527882938156,0.0034527648747130503,0.0037838596211944298,0.0038184538418578962,0.0
Vernon Davis,TE,WAS,4.8280534438850671,4700.0,0.72131459751830607,0.16338757554028147,0.070085714725864029,0.031350510511125876,0.0047090057950384418,0.0068851628930159904,0.0022674330163681132,0.0
Ryan Griffin,TE,HOU,4.8069205185118165,4600.0,0.70185974386717009,0.18781733250164379,0.073391297127184674,0.026620658572614347,0.0063368544975841608,0.0028379693876992049,0.0011361440461037492,0.0
Martellus Bennett,TE,NE,4.7497531018548136,5500.0,0.73728939303119012,0.15156342390165203,0.066514888601319308,0.027202961333299611,0.009807357276971379,0.0033491579348657995,0.0042728179207013701,0.0
Maxx Williams,TE,BAL,4.7336957296350954,4700.0,0.72528659861263656,0.15740785836058749,0.076753793679362747,0.032259043954342953,0.0050831746500939754,0.0014320533900294807,0.0017774773529467549,0.0
Charles Clay,TE,BUF,4.6608120478081636,5100.0,0.73456936469238121,0.1649991283209308,0.059563366947949462,0.025417596067612729,0.0093942329239553972,0.003439462906977771,0.0026168481401929564,0.0
Jared Cook,TE,GB,4.6371883932656299,5100.0,0.74122638946021546,0.14905253002480726,0.070041276342638112,0.029393649431373261,0.0059466381355540113,0.0012478418856440004,0.0030916747197672349,0.0
Luke Willson,TE,SEA,4.5787951917562433,4700.0,0.73816081256463517,0.15751114773991703,0.07068180806785393,0.025679121299822374,0.00337464726833287,0.0023351255890198775,0.0022573374704192928,0.0
Larry Donnell,TE,NYG,4.2741942591515114,5100.0,0.78361549181156698,0.13122696053332095,0.053972443666188079,0.019006012157320042,0.0061957946702533547,0.0033504284914332742,0.002632868669917719,0.0
Virgil Green,TE,DEN,4.2283591601576118,4600.0,0.7767721328477567,0.14011573215575054,0.055293792905743731,0.021285698086430712,0.0036868222420142049,0.0014224737453613779,0.0014233480169428497,0.0
Dion Sims,TE,MIA,4.1188122311478415,4600.0,0.79628014610449893,0.11180243956269084,0.074198449984707607,0.012211402569906349,0.0032412483381792697,0.00051142115005533488,0.0017548922899614512,0.0
Demetrius Harris,TE,KC,4.018688151246578,4500.0,0.8102872123999737,0.11233158408051551,0.053283032109764858,0.016814822695714559,0.0044292159273981672,0.0012488086403851289,0.0016053241462474931,0.0
Darren Fells,TE,ARI,3.9511000522535675,4600.0,0.83290475426174249,0.098486056385432369,0.044851075430985175,0.011691943161322042,0.0039855124923888104,0.0010069033287016412,0.0070737549394278478,0.0
Crockett Gillmore,TE,BAL,3.9261006898428477,4700.0,0.82602849686009938,0.10210730114031362,0.048100258021747673,0.017359819080022171,0.001919525444923356,0.0013300897858741748,0.0031545096670199512,0.0
C.J. Uzomah,TE,CIN,3.8779252463441796,4500.0,0.82890536120825775,0.10141600569250248,0.047199381213691348,0.017093615573810627,0.0016931336548065938,0.0015229116411761088,0.0021695910157556501,0.0
Geoff Swaim,TE,DAL,3.8622868872821337,4500.0,0.83584212405161717,0.10253789713077681,0.03855598153997241,0.010842273697344688,0.0061422108697014146,0.0025366532959668832,0.0035428594146201817,0.0
Jesse James,TE,PIT,3.7928474343335301,4500.0,0.8279101401308091,0.11424711701753254,0.039053396544447345,0.013790694524655599,0.0022669020066767853,0.0013203255890709086,0.0014114241868077206,0.0
David Johnson,TE,PIT,3.6631553813241422,4500.0,0.85863240248258754,0.092733838586146283,0.029546796709392739,0.011300786389164904,0.00092289326902059165,0.00093441643177175711,0.0059288661319169805,0.0
Clay Harbor,TE,DET,3.4705845223218388,4500.0,0.87039394215037036,0.088192278924545398,0.027384974120038295,0.0099420175438359511,0.0016189302896838084,0.00079211120361318335,0.0016757457679133199,0.0
Jim Dray,TE,BUF,3.4662303201337616,4500.0,0.87991439220744572,0.076710412915048515,0.029782734913429532,0.0059821801236508857,0.0014098421339176325,0.0046123818093888359,0.0015880558971195428,0.0
Stephen Anderson,TE,HOU,3.4566248408382108,4500.0,0.87199117682735494,0.085630487920215673,0.029234998633728016,0.0096944286807886266,0.0012713939623274276,0.00073214650200475551,0.0014453674735801913,0.0
Brandon Myers,TE,TB,3.436319645373628,4600.0,0.88483620593002421,0.070537891507394077,0.032022739305378238,0.0071480369746589299,0.0013317350918185585,0.00059502338293020997,0.0035283678077958213,0.0
Hunter Henry,TE,SD,3.4094921158667533,4500.0,0.87969420160807266,0.07834607145990613,0.030633594438569632,0.0079062013252116804,0.0010658503021966515,0.00066557865159799692,0.0016885022144451755,0.0
Nick O'Leary,TE,BUF,3.3959357986635261,4500.0,0.90444951201741808,0.059142569157401459,0.016759144990887761,0.0077253929519740553,0.0027935981591748048,0.0047785723996877456,0.0043512103234565952,0.0
Anthony Fasano,TE,TEN,3.3786498585685147,4500.0,0.89168258801959999,0.069722273913448235,0.026997942729362855,0.0037824315584072672,0.0036703433896052994,0.00063705894957675438,0.0035073614400002993,0.0
Garrett Celek,TE,SF,3.3406760600395362,4500.0,0.88698622687072071,0.076857641531169585,0.025570962145648607,0.0059422624936330557,0.0028667697387304856,0.0004687414540105162,0.0013073957660871655,0.0
Austin Hooper,TE,ATL,3.3374369278494229,4500.0,0.88729053701117722,0.077081796331086472,0.026130957237177347,0.0056682625629086453,0.0010915633095846342,0.00067807281669987032,0.0020588107313660982,0.0
Lee Smith,TE,OAK,3.3251383458073036,4500.0,0.88538666225768936,0.082494967830543275,0.023252181516807909,0.0049021186062179235,0.0013973817844722943,0.00063401112466598996,0.0019326768796043485,0.0
Cory Harkey,TE,LARM,3.2761568740436777,4500.0,0.89329435164431947,0.070165263669026229,0.030438422399579675,0.0038435905670150729,0.00064643139968337206,0.00026989536111490998,0.0013420449592610394,0.0
Levine Toilolo,TE,ATL,3.246248863626616,4500.0,0.89101434351425279,0.082959637207840844,0.019974147245550637,0.0028361186055577744,0.00083672705205061274,0.00065139628957073018,0.001727630085177147,0.0
C.J. Fiedorowicz,TE,HOU,3.2390752494831658,4500.0,0.89842784293221167,0.069938635899862087,0.023037894892608636,0.0061024167097107392,0.00090478147511883079,0.00030035627081872313,0.0012880718196695993,0.0
Ed Dickson,TE,CAR,3.2228291724324971,4500.0,0.89581570316220693,0.080165784710379551,0.017076137130637197,0.0032077031613882969,0.00096041952137646718,0.00083310139727057456,0.0019411509167417721,0.0
Niles Paul,TE,WAS,3.2135199351370285,4600.0,0.90946064166173368,0.059897100797346371,0.021194419293665875,0.004937290378647625,0.0009502901409291876,0.00089110619122484153,0.0026691515364528511,0.0
Kellen Davis,TE,NYJ,3.1628133852048057,4600.0,0.91739198876785588,0.056451361046947486,0.017906937508542168,0.0030187233383296925,0.00081993723989801711,0.00047354442495194056,0.0039375076734751236,0.0
Luke Stocker,TE,TB,3.1599951879563171,4500.0,0.91249377256376807,0.061457410597321765,0.017264889219623734,0.0044916472536598792,0.0012172662054316004,0.0015465000461869693,0.0015285141140081813,0.0
Phillip Supernaw,TE,TEN,3.1069589683962118,4500.0,0.91878720504619016,0.058689114923954899,0.015364282920949896,0.0019714544834302334,0.0026773520342490901,0.00064566501124573581,0.001864925579980287,0.0
Gavin Escobar,TE,DAL,3.1000935490064014,4500.0,0.92100997920801597,0.054607548616466883,0.017664058852350825,0.0021501679126904511,0.0020477611707426543,0.00062776833279904072,0.0018927159069345328,0.0
Trey Burton,TE,PHI,3.0673512905197473,4500.0,0.92065773749542712,0.057119975340669711,0.016597445577664648,0.003114035276743045,0.0006953545826080263,0.00051237918498756876,0.0013030725419001825,0.0
Tyler Higbee,TE,LARM,3.0497899439783187,4500.0,0.92373254187375664,0.05418188961237972,0.016778392924183105,0.0027238253661963593,0.00089279451790487429,0.0003413019477036474,0.0013492537578755513,0.0
Troy Niklas,TE,ARI,3.0438739200432394,4500.0,0.92735736016074299,0.051728086624538289,0.015105821554737808,0.0025333575482133302,0.00052744270443945765,0.00049089555693354256,0.0022570358503951134,0.0
Brandon Bostick,TE,NYJ,3.0384144255096657,4500.0,0.93287542841124727,0.047416511755446332,0.012931565613349299,0.0021825608911452119,0.00053437375772124283,0.00044604853108256253,0.0036135110400084165,0.0
Scott Simonson,TE,CAR,3.0366347048068425,4500.0,0.92361878604757885,0.058515903132802978,0.012613691673873349,0.0023597373611657819,0.00058894903581428813,0.0005469444086070172,0.0017559883401583225,0.0
Blake Bell,TE,SF,3.034600980174766,4500.0,0.92697026330141963,0.050153607904521939,0.017876374496298031,0.0026728702115696918,0.00064097290240811965,0.00035139053406257783,0.0013345206497201094,0.0
Xavier Grimble,TE,PIT,3.0320354445576192,4500.0,0.92656605960995164,0.054460491235797999,0.01351570282744077,0.0022526618967546614,0.00072951497756558123,0.00056803668057936571,0.0019075327719108681,0.0
Rhett Ellison,TE,MIN,3.0272623044609706,4500.0,0.9255809376883869,0.055152912041126559,0.014627977964129821,0.0020310707829116997,0.00056147816175144982,0.00039472261596251566,0.0016509007457314181,0.0
Khari Lee,TE,DET,3.0261218888985999,4500.0,0.92680189324046314,0.054768543099008214,0.013152559635232949,0.002131991120441123,0.00067576896530563934,0.00066561294624786912,0.0018036309933015787,0.0
Marqueis Gray,TE,MIA,3.0181050960318929,4500.0,0.93051010351540864,0.047298387505950126,0.017395648000256145,0.0021182250406349594,0.00056494488289265282,0.00054374054008993146,0.0015689505147678156,0.0
Sean McGrath,TE,SD,3.0034817581274069,4500.0,0.93154469782223248,0.04964193956218152,0.013631490469066756,0.0021631282885938587,0.00057817449559437488,0.00058290171876584245,0.0018576676435658219,0.0
Logan Paulsen,TE,CHI,2.9909966548595737,4500.0,0.93262260801585739,0.048820576360843561,0.013716275399223916,0.0020543586897825202,0.00058147214404911452,0.00058224791300261886,0.001622461477240934,0.0
Brandon Williams,TE,SEA,2.987714332753872,4500.0,0.93339221547133699,0.047908567871068806,0.01372929600537769,0.0022619663228913797,0.00058979071464347729,0.00049161243582167659,0.0016265511788605455,0.0
James O'Shaughnessy,TE,KC,2.9864396724686473,4500.0,0.9330729087819335,0.049087737620970039,0.01297466623868844,0.0021040571758364829,0.00050347526265075257,0.00049781010814486406,0.0017593448117762399,0.0
