name,pos,team,expectation,salary,prob_0_5,prob_5_10,prob_10_15,prob_15_20,prob_20_25,prob_25_30,prob_30+
Ben Roethlisberger,QB,PIT,32.908820958138726,8300.0,5.3820143520301644e-05,5.6709498987150551e-05,0.052321950258707221,0.040236133664165195,0.013997290801058467,0.0042037361356913813,0.88913035949787023
Jimmy Garoppolo,QB,NE,24.661560964618523,7100.0,0.00013907894805350476,0.079167198525211077,0.15256559302254849,0.08588028766922888,0.087779643336849816,0.28319261215959535,0.31127558633851288
Andy Dalton,QB,CIN,22.836647116343549,7800.0,0.006010381470590279,0.054232735648054448,0.016042560515310892,0.51715003223237366,0.0026534216684652753,0.13764857453652279,0.26626229392868267
Matthew Stafford,QB,DET,22.137473846371758,7800.0,0.0033687801387410087,0.10929923547051688,0.097736457111024175,0.073733442984245903,0.18093958105878685,0.53282153642970231,0.0021009668069829545
Jay Cutler,QB,CHI,21.751408285768051,6800.0,0.0094767827184307242,0.14019012567075201,0.05467773376385978,0.332695242292463,0.042139799375660161,0.20082727705820985,0.21999303912062457
Drew Brees,QB,NO,21.045975916335514,9200.0,0.0011420318939119531,0.0056143046343906109,0.40239908755321468,0.071279876498341638,0.032770864785377406,0.40686687349081058,0.079926961143953174
Matt Cassel,QB,TEN,20.464326412941762,6000.0,0.015491989126902058,9.7256614051875203e-05,0.6213604256182732,0.0012765639791648294,0.0014659591348813801,0.0010980597753261331,0.35920974575140052
Russell Wilson,QB,SEA,19.909307306435217,8400.0,0.064898272554182387,0.089252056186808565,0.072761891508592566,0.089112986674927189,0.45037296619675066,0.22677138496035693,0.0068304419183816299
Alex Smith,QB,KC,19.858661074272209,7000.0,0.013017719493052794,0.12777635352258609,0.17719971723256916,0.066925738586697286,0.30324475331451273,0.30075464545347114,0.011081072397110614
Derek Carr,QB,OAK,19.478038904155785,8300.0,0.0012992451154207284,0.039132279737976776,0.39176710813034155,0.23020517919796793,0.01707174016621963,0.17958008210984133,0.14094436554223203
Tyrod Taylor,QB,BUF,19.453620173931007,6900.0,0.029954547631808014,0.033303303932236093,0.032644647484389992,0.67129409536863316,0.041950045627359968,0.086731914960918283,0.10412144499465449
Jameis Winston,QB,TB,19.442952131764912,7600.0,0.0038536243155298717,0.1165270902120857,0.50481118402935754,0.036246354398321426,0.012601116768819766,0.01029777265421249,0.31566285762167318
Aaron Rodgers,QB,GB,19.355318931539987,8700.0,0.016360860091022399,0.0087469407470084082,0.023186676169351952,0.73730414546072454,0.093667724259015289,0.036939057646436332,0.083794595626441259
Trevone Boykin,QB,SEA,19.1386346297354,5000.0,0.043031865005760332,0.09789355351384578,0.15009607193175745,0.31781996537883045,0.17786557915395643,0.081123504523746434,0.13216946049210312
Matt Ryan,QB,ATL,18.736317608838768,7900.0,0.051008186870823508,0.017427176355169313,0.087803970714631127,0.3734737703005544,0.44587160789456731,0.0055858064095095352,0.018829481454744796
Jacoby Brissett,QB,NE,18.410827198092978,5000.0,0.073984660748335707,0.12664860187859139,0.15300461092744777,0.29153664855964734,0.10945208006338497,0.10522515726281764,0.14014824055977515
Eli Manning,QB,NYG,17.871268691004527,8100.0,0.0086403988850630789,0.0023967707298416362,0.59019988634663323,0.099582857032718727,0.073489448405914246,0.11215888056193664,0.11353175803789245
Philip Rivers,QB,SD,17.866810038474636,7700.0,0.0146748833271001,0.0011319367930978735,0.038969984297961779,0.85160995973222642,0.063260217899042556,0.0072501767771039347,0.023102841173467309
Ryan Tannehill,QB,MIA,17.339026506988851,6700.0,0.068148210781894189,0.046880048523031313,0.4550022126439493,0.097111839728497601,0.14063009234618759,0.061609623220174825,0.1306179727562651
Matt McGloin,QB,OAK,16.793159779844608,5500.0,0.14683323623801342,0.03858706636778015,0.12299890902103654,0.41307060589959582,0.10617681492842203,0.14002592993126381,0.032307437613888254
E.J. Manuel,QB,BUF,16.764300202424863,5000.0,0.19478879246579098,0.015580318987233603,0.16155719391263998,0.016193570227123553,0.59440707463871001,0.017078999372675888,0.00039405039582602296
Carson Palmer,QB,ARI,16.682014529858176,8200.0,0.0036195706599630043,0.36600336136001932,0.067951569202823164,0.075450339855892765,0.32725936010236362,0.15936316406284121,0.00035263475609695593
Cam Newton,QB,CAR,16.006521082563768,9000.0,0.094576741668836548,0.079372014027813326,0.24742541407392857,0.29896589879400104,0.21651139398342684,0.030884927611057936,0.032263609840935785
Josh McCown,QB,CLE,16.006415102879686,6000.0,0.18954609883486301,0.024569066021562683,0.23784918919619341,0.24303369207763201,0.094069165585701373,0.18361685750668125,0.027315930777366181
Ryan Fitzpatrick,QB,NYJ,15.611233132546419,7100.0,0.030037539992714603,0.11594429488927152,0.31122873291881892,0.29822710855746204,0.23776669658323973,0.0040498814021172544,0.002745745656375833
Dak Prescott,QB,DAL,15.465828444335944,7000.0,0.0057940348562743891,0.43315289246125366,0.033986514810521187,0.24751824827740335,0.064540410502941639,0.20415197610301383,0.010855922988591938
Brian Hoyer,QB,CHI,15.325287654666266,6000.0,0.0061563841651826922,0.00013220178694789214,0.79732915144253036,0.005804302003363836,0.009576369786062024,0.17464113279768712,0.0063604580182260069
Andrew Luck,QB,IND,15.181645511229645,8500.0,0.0018320718386154997,0.23840883284936926,0.026194191044628355,0.70600643568132104,0.011503241744614652,0.015239574123034198,0.00081565271841701028
Jared Goff,QB,LARM,15.047337690299711,6500.0,0.040722483489687739,0.23832155521946552,0.17706914241668023,0.33657689624393916,0.14994716317270179,0.043579719926283011,0.013783039531242523
Kirk Cousins,QB,WAS,13.791995648621239,7800.0,0.090642809051448503,0.45396963421256614,0.020061953113464343,0.068419542138982131,0.27554567948734032,0.091318825371230233,4.155662496831267e-05
Blaine Gabbert,QB,SF,13.298697463852095,6200.0,0.1122251878372829,0.24957625725482491,0.12681627061986062,0.42195898978224183,0.075348204489240622,0.0014847854235901306,0.012590304592959092
Sam Bradford,QB,MIN,12.809991980686375,6800.0,0.074615727019551215,0.0032226870327260616,0.81111355604578284,0.011526578677770658,0.097411349704407429,0.00092813181094003648,0.0011819697088218026
Kellen Clemens,QB,SD,12.669388027192454,5000.0,0.24886854059583649,0.26275018914082643,0.050081776945805914,0.23871730875157879,0.13277101941198263,0.0070298099982779748,0.059781355155691711
Carson Wentz,QB,PHI,10.51094918570495,6900.0,0.0013443440443146148,0.73786242504476074,0.023044143083562629,0.17431925109431909,0.023561173812904658,0.038739754390914295,0.0011289085292240679
Blake Bortles,QB,JAC,10.186467306128399,8100.0,0.038600464706679237,0.69119917717602253,0.052710281740427689,0.13113687603993887,0.084504703138230622,0.0018473012636622754,1.195935038710828e-06
Trevor Siemian,QB,DEN,9.9296379531268197,6400.0,0.0018957936389723327,0.79610864751674981,0.01805997458682564,0.12048207321129639,0.027185364675158245,0.034821090540696063,0.0014470558303015817
Joe Flacco,QB,BAL,9.1729550305699199,7400.0,3.0536137355144025e-06,0.90320368911734028,0.0069582459808976227,0.010373506519758501,0.013899807057685428,0.063599971915970069,0.0019617257946124194
Brock Osweiler,QB,HOU,8.8012183468962544,7200.0,0.0067485176231903117,0.87926087205883119,0.023638289617202723,0.030207504743917226,0.057734771478352015,0.0023471141129589026,6.2930365547682248e-05
Case Keenum,QB,LARM,8.4687033322747585,6600.0,0.00042328961803728208,0.91773632901417324,0.022586082265427486,0.010376807828627741,0.044728500486923076,0.0041204617586172564,2.8529028194089825e-05
Drew Stanton,QB,ARI,7.3731832380233016,5000.0,0.71494015730902361,0.007277107088262162,0.028627096415877663,0.095273231778123288,0.14715038775613012,0.0053826842773595533,0.0013493353752237953
Marcus Mariota,QB,TEN,6.9225975480773547,7500.0,0.58178366742349708,0.19422429328033125,0.00089213958695548694,0.21135876235013551,0.0077113408754103854,0.0017362603564505083,0.0022935361272197071
Matt Schaub,QB,ATL,5.8574874066954603,6000.0,0.77434040202173893,0.0076925157739405944,0.025649820648298637,0.17384111136349953,0.010136620295179886,0.0025142902235920131,0.0058252396737501645
