name,pos,team,expectation,salary,prob_0_5,prob_5_10,prob_10_15,prob_15_20,prob_20+,label
Devonta Freeman,RB,ATL,18.941570643135421,7400.0,0.031887909952999186,0.13903302828746975,0.20121069787249485,0.2825665187136307,0.34530184517340584,4.0
David Johnson,RB,ARI,18.844013492158091,9000.0,0.033697627465227288,0.14398125497622075,0.20817282053337474,0.26773593249993022,0.34641236452524687,4.0
DeAngelo Williams,RB,PIT,17.691405001278753,7600.0,0.050492634345392355,0.16674859405233658,0.20499659942418666,0.28646109584976803,0.29130107632831581,4.0
Matt Forte,RB,NYJ,17.551572426042057,6800.0,0.040458451340922991,0.16573085074032018,0.22741839965072644,0.2901643221230108,0.27622797614501926,3.0
Latavius Murray,RB,OAK,17.214272795115825,7100.0,0.049558129136005158,0.18144700921900614,0.23219650155335514,0.26215057352261495,0.27464778656901878,4.0
DeMarco Murray,RB,TEN,17.079529158413262,7400.0,0.053958109547011739,0.17821855876899481,0.22727582370819918,0.27595026734784395,0.26459724062795048,3.0
C.J. Anderson,RB,DEN,16.637158866547999,7800.0,0.052507110339896038,0.18948700907014882,0.24339034720460428,0.27168854551567467,0.24292698786967612,3.0
Adrian Peterson,RB,MIN,16.630434334172985,8200.0,0.049129442897543951,0.17962817561141015,0.24960898447357116,0.28869718452802584,0.2329362124894486,3.0
Lamar Miller,RB,HOU,16.582615225958161,7700.0,0.049636790741131469,0.18693593690277563,0.24586202564924414,0.28349831995891955,0.23406692674792906,3.0
Eddie Lacy,RB,GB,16.473595827649028,7000.0,0.055720026311282506,0.1948159377908161,0.24431323748533892,0.2668210554003132,0.23832974301224943,3.0
Doug Martin,RB,TB,16.372814282079652,7100.0,0.048434855992630539,0.18332402187362387,0.25577057407045556,0.29555613117867979,0.21691441688461027,3.0
Rashad Jennings,RB,NYG,16.101915875232972,6300.0,0.061388615446551713,0.20431586653105818,0.25993752252150409,0.24511068471293773,0.22924731078794822,2.0
Frank Gore,RB,IND,16.023423148153508,5700.0,0.068360797078883651,0.20956742321862684,0.24302279979338537,0.25027911306990697,0.22876986683919698,3.0
Jeremy Hill,RB,CIN,15.993992337370717,6600.0,0.06914486621906224,0.20362432798879229,0.25094723611817898,0.2505119863831291,0.22577158329083746,2.0
Danny Woodhead,RB,SD,15.982696986159784,6400.0,0.072887722890046761,0.19934838442743735,0.25467713368098294,0.24565617162635042,0.22743058737518221,2.0
Isaiah Crowell,RB,CLE,15.423635326733454,5800.0,0.07821643347143073,0.21949457017452981,0.26335375141488904,0.2302475419291774,0.20868770300997283,2.0
Spencer Ware,RB,KC,15.421636828976226,6800.0,0.084343839755682048,0.22035383025336133,0.2503632301459609,0.23356718955900604,0.21137191028598981,2.0
Ameer Abdullah,RB,DET,15.389844386098904,6700.0,0.07696597516437538,0.22291469207775638,0.26119932877394597,0.23256179772697649,0.20635820625694595,2.0
Ryan Mathews,RB,PHI,15.031654146738415,6300.0,0.099388013342962545,0.22151795378968964,0.25282293799618955,0.22612960889030287,0.20014148598085557,2.0
Christine Michael,RB,GB,14.812102125479566,5900.0,0.11000895479490529,0.22773931467184952,0.23844330415115092,0.22926073719190326,0.19454768919019125,2.0
Alfred Morris,RB,DAL,14.693162448763776,5300.0,0.12018191243456788,0.23019590210132812,0.23989956041254296,0.20993478838289806,0.19978783666866304,2.0
Jeremy Langford,RB,CHI,14.675451836822848,6500.0,0.10774800182872561,0.22777817906558567,0.25009330675281261,0.22878689725898377,0.18559361509389219,2.0
Tim Hightower,RB,NO,14.447202269813905,4900.0,0.15572309155759625,0.22611400154396713,0.20915906831257822,0.20180511857142569,0.20719872001443279,1.0
Todd Gurley,RB,LARM,13.997895016548121,8400.0,0.13565183958494598,0.21751976927722561,0.2691356032395853,0.2134089223548444,0.16428386554339899,2.0
Darren Sproles,RB,PHI,13.80469707979822,5400.0,0.13723300237453501,0.25805823961629909,0.23935659759372885,0.19410756045160718,0.17124459996383007,1.0
Giovani Bernard,RB,CIN,13.671119998388765,5500.0,0.13789316659654463,0.25730492405941435,0.24417396882664133,0.19795301395225753,0.16267492656514243,1.0
Charcandrick West,RB,KC,13.513710745575573,5800.0,0.16245434602722231,0.23619160880441009,0.24619120166294767,0.19169100091799998,0.16347184258741984,2.0
Charles Sims,RB,TB,13.498407884487211,5600.0,0.15975774655046232,0.25534135688036125,0.22937452398617142,0.18792155086471518,0.16760482171828961,1.0
Terrance West,RB,BAL,13.341387321568654,5400.0,0.16292133353538271,0.25377367091853953,0.23431510086410767,0.18942833163354372,0.15956156304842631,1.0
James White,RB,NE,13.332097075282544,5600.0,0.17617817022582399,0.26036665743172693,0.20687376792000919,0.18755700101546185,0.16902440340697783,1.0
Duke Johnson,RB,CLE,13.213543731813544,5400.0,0.15103718381030151,0.26593308310825237,0.24697968807986659,0.18618358416558517,0.1498664608359942,1.0
Ezekiel Elliott,RB,DAL,13.134702166676609,7900.0,0.20686947924394111,0.22317787301845984,0.2303861598961349,0.16985017704138433,0.16971631080007987,2.0
Theo Riddick,RB,DET,13.126067493582241,5900.0,0.14193785402491843,0.27182566014489867,0.25581031401502985,0.19023069377674184,0.14019547803841165,1.0
LeSean McCoy,RB,BUF,13.007468931484301,6800.0,0.20614226375685643,0.2308470529048984,0.2432361003064383,0.14983426955834145,0.16994031347346555,2.0
Shane Vereen,RB,NYG,12.994484871892494,5100.0,0.16565727244900608,0.27120784606361642,0.23440733326924731,0.17965082136933119,0.14907672684879891,1.0
Mark Ingram,RB,NO,12.825521327523344,7000.0,0.19534030610915065,0.23972549960596359,0.24854145247261641,0.16474568760560362,0.15164705420666574,2.0
LeGarrette Blount,RB,NE,12.72105676973608,6000.0,0.21777865035734886,0.23233157647641065,0.24171350376028855,0.14660668471300342,0.16156958469294874,2.0
James Starks,RB,GB,12.686892861747731,5300.0,0.192049787985939,0.27040489730237893,0.22301030359624352,0.16359579731209248,0.15093921380334596,1.0
Carlos Hyde,RB,SF,12.607138505506816,6100.0,0.2144056884415228,0.23775286664103862,0.24501149834685271,0.14876514734864124,0.15406479922194463,2.0
Jonathan Stewart,RB,CAR,12.592245031516399,6700.0,0.22751019347766976,0.23038915657253495,0.23242364756642966,0.1520043834042501,0.15767261897911544,2.0
Justin Forsett,RB,DEN,12.430694873593493,6600.0,0.21422678671112322,0.24076581913613843,0.25316496019021711,0.14643606063669581,0.14540637332582521,2.0
T.J. Yeldon,RB,JAC,12.380934410859435,6500.0,0.20816488524931714,0.2451679103688891,0.2605608487102547,0.14547507272439086,0.1406312829471483,2.0
Arian Foster,RB,MIA,12.332039961841769,7100.0,0.20859398933465415,0.24616123429583112,0.25958860595951289,0.14801575644060599,0.13764041396939614,2.0
Melvin Gordon,RB,SD,12.315144895310702,6600.0,0.22410909822876846,0.2450410432191763,0.24364343589547968,0.13957370422366422,0.14763271843291126,1.0
Tevin Coleman,RB,ATL,12.14801710828446,6100.0,0.2420178546411744,0.24307846975742156,0.2211421051311854,0.14857915837964153,0.14518241209057725,1.0
Chris Thompson,RB,WAS,12.099453145548923,5200.0,0.21171986880517246,0.27172313697602607,0.22196238539382857,0.16641105087649913,0.12818355794847344,1.0
Thomas Rawls,RB,SEA,12.096832111058092,6600.0,0.22768967197194176,0.24421409849339629,0.24567237515360801,0.14780945027391618,0.13461440410713776,2.0
Alfred Blue,RB,HOU,11.860462255296831,4900.0,0.23790593749447503,0.25803852326282006,0.21119881634082141,0.16762227233818219,0.12523445056370119,1.0
Jerick McKinnon,RB,MIN,11.8283908884559,5000.0,0.22914118707950148,0.26634607025081108,0.21652092127114808,0.16706590111755643,0.12092592028098244,1.0
Travaris Cadet,RB,NO,11.717724044513314,5300.0,0.23583000875538829,0.28817549607640608,0.18924727575185243,0.16009397818695592,0.12665324122939717,1.0
Bilal Powell,RB,NYJ,11.619112752240078,5300.0,0.23476213809573104,0.25698650567595288,0.23608238942308407,0.16090322060115306,0.1112657462040791,1.0
Brandon Bolden,RB,NE,11.508118772689061,4900.0,0.25827299054779368,0.25844021830161679,0.20768675900084407,0.15519606343563719,0.12040396871410833,1.0
Matt Jones,RB,WAS,11.415564164954869,6200.0,0.27630232707942437,0.24021755907035108,0.21836830216158887,0.14078251787602031,0.12432929381261527,0.0
Mike Tolbert,RB,CAR,10.760348689470083,4700.0,0.30312358631405301,0.26136160053312674,0.18875205755236085,0.13759645341854398,0.10916630218191564,0.0
Kenjon Barner,RB,PHI,10.534679185809395,4800.0,0.29484384394387864,0.27073621897279726,0.19589271409127723,0.14699421457989209,0.091533008412154782,0.0
Denard Robinson,RB,JAC,10.268066625717568,4800.0,0.30850146176059007,0.27325464599115473,0.19871264984751119,0.1297953814987016,0.08973586090204215,0.0
Mike Gillislee,RB,BUF,10.238927224308235,4800.0,0.34836776888820981,0.23541402111054827,0.18989922537894824,0.12487257697176486,0.10144640765052867,0.0
Derrick Henry,RB,TEN,10.016117104967995,5300.0,0.36004361455507555,0.25136100592971311,0.17141115438995633,0.11418925276197181,0.10299497236328321,0.0
Fitzgerald Toussaint,RB,PIT,9.7292445279807716,4600.0,0.35915043356386439,0.26413449248319515,0.16760475662439969,0.12144073817712542,0.087669579151415156,0.0
Benny Cunningham,RB,LARM,9.4908342659540246,4900.0,0.35112388473591344,0.28081735750019782,0.16589909594679247,0.1305307344788017,0.071628927338294068,0.0
Jonathan Grimes,RB,HOU,9.1574568137899526,4500.0,0.40576934816491106,0.24374432957677164,0.15549019089741217,0.11828482843943407,0.076711302921471339,0.0
Jalen Richard,RB,OAK,8.9494581186842339,4900.0,0.40901582564391065,0.24078827947451806,0.1720872165357,0.10986752788454568,0.068241150461325797,0.0
Shaun Draughn,RB,SF,8.8237027283428997,4800.0,0.38921403329217613,0.25648314274589062,0.19683864025996919,0.10058915518322036,0.056875028518743619,0.0
Andre Ellington,RB,ARI,8.7363612680437619,4700.0,0.38828456739806361,0.27588219686348797,0.17291382758095419,0.1081977373131443,0.054721670844349674,0.0
Robert Turbin,RB,IND,8.5664710751168087,4600.0,0.38943497301672553,0.29271371637493904,0.15958478508723259,0.10762198475684302,0.050644540764259761,0.0
Fozzy Whittaker,RB,CAR,8.3725837127273213,4800.0,0.42431199381776041,0.25667870416005845,0.16557125270108453,0.10288549531311801,0.050552554007978631,0.0
Mike Davis,RB,SF,8.2945327983290706,4500.0,0.44623190072912811,0.24543403925389684,0.15502619528719117,0.09590925047050998,0.057398614259273645,0.0
Ka'Deem Carey,RB,CHI,8.2346731167067109,4800.0,0.42828149279342775,0.27417200301109373,0.14865712023663227,0.097377292766668261,0.051512091192178026,0.0
Chris Johnson,RB,ARI,8.0779008401896846,5600.0,0.49392863231611051,0.21948637555910544,0.13970833544442601,0.076457796060797292,0.070418860619561305,0.0
Matt Asiata,RB,MIN,8.0623221569201675,4800.0,0.43293823306526813,0.26958931794710134,0.1596371097454852,0.093797388754335298,0.04403795048781016,0.0
Jay Ajayi,RB,MIA,7.809847877538008,4700.0,0.47595464419835759,0.23599823625773803,0.15298117692760313,0.08914147959800045,0.04592446301830104,0.0
Devontae Booker,RB,DEN,7.7583242851856591,5200.0,0.50056742701139489,0.2278405967067047,0.13356164423279343,0.080986341762100927,0.057043990287006741,0.0
Kyle Juszczyk,RB,BAL,7.3789411826625475,4500.0,0.47799159245440387,0.26755660339261594,0.1352382699818904,0.08716773790595253,0.032045796265137282,0.0
Antonio Andrews,RB,TEN,7.313908215872102,4800.0,0.52588930472489115,0.21935258747880632,0.13781906619988002,0.070149522193788338,0.046789519402634372,0.0
DeAndre Washington,RB,OAK,7.265303922052027,4700.0,0.50736830585555825,0.23768829709461628,0.14372375960074643,0.073513215142255797,0.037706422306823424,0.0
Andy Janovich,RB,DEN,7.0478395637320865,4500.0,0.54247623628996,0.21656407001024397,0.13179089090916679,0.068402541772249512,0.04076626101838017,0.0
John Kuhn,RB,NO,7.0003762612518337,4500.0,0.52598238585456247,0.24971746484170002,0.11176959573347103,0.076839779477896747,0.035690774092369877,0.0
Jamize Olawale,RB,OAK,6.2367993759594036,4500.0,0.59714669529204423,0.22012010755477607,0.096853950475264183,0.0555215960167844,0.030357650661131427,0.0
Jordan Howard,RB,CHI,6.0418998628043878,5400.0,0.64207232868454245,0.17891445318283139,0.094564174484247893,0.049653027862612692,0.034796015785765869,0.0
Dwayne Washington,RB,DET,5.6272956115416752,4500.0,0.64991121115842421,0.19658958919639155,0.089890932740808116,0.040303120137497858,0.023305146766878802,0.0
Josh Ferguson,RB,IND,5.4915794409870164,4500.0,0.62643327614913769,0.23401002684295219,0.084957619253426847,0.042361721920823187,0.012237355833659636,0.0
Lance Dunbar,RB,DAL,5.4552915225965366,4800.0,0.64435219401352339,0.21347154130932389,0.084172304903652725,0.043911850140629122,0.014092109632870997,0.0
Kenyan Drake,RB,MIA,5.4550915213142748,4900.0,0.67030443794385319,0.17996766290088825,0.086060233567269814,0.044496794602605465,0.019170870985383722,0.0
Reggie Bush,RB,BUF,5.4027497737130554,4900.0,0.66907977574722499,0.18436375818794398,0.088251487358232655,0.040397664419237041,0.017907314287361878,0.0
Tyler Ervin,RB,HOU,5.2506215742744757,4500.0,0.67352913861393016,0.19439093676757033,0.078488504007419607,0.038398577315382709,0.01519284329569767,0.0
Taiwan Jones,RB,OAK,5.2479942619293602,4500.0,0.64938027767422868,0.22450027149275084,0.08106385854948174,0.033933957506122985,0.011121634777416107,0.0
Orleans Darkwa,RB,NYG,5.233573493215971,4500.0,0.68769415622804231,0.18116660730860853,0.07225169982634054,0.041134703928657423,0.017752832708351304,0.0
Keith Smith,RB,DAL,5.1685128711414485,0.0,0.69795771435266785,0.17854972225081603,0.070242056554919163,0.031283619504460125,0.021966887337137236,0.0
Malcolm Johnson,RB,CLE,4.9593747423544485,4500.0,0.69465910487119598,0.18662907308888033,0.074786494984207072,0.034366565357138647,0.0095587616985780572,0.0
Patrick DiMarco,RB,ATL,4.9370546804596298,4500.0,0.69850932787193243,0.18835148937140697,0.067175375558126665,0.035236897595068768,0.01072690960346533,0.0
Jay Prosch,RB,HOU,4.9321272984249784,4500.0,0.7152930660535971,0.16948848669706096,0.066895550449443175,0.033052024124159786,0.015270872675739724,0.0
Zach Line,RB,MIN,4.845498168699125,4500.0,0.72334292406049105,0.16454449294278167,0.066939000712103153,0.031111025277040179,0.014062557007584724,0.0
Wendell Smallwood,RB,PHI,4.6224112598452942,4500.0,0.74215277931066481,0.15672592839938201,0.06443373741028853,0.025157081235623911,0.011530473644041391,0.0
Kapri Bibbs,RB,DEN,4.5750828395731755,4500.0,0.73458251421627052,0.1686596725987502,0.064876554681566223,0.023497254326408399,0.008384004177004932,0.0
Michael Burton,RB,DET,4.5450080514074163,4500.0,0.75329316936121349,0.14882618901290423,0.057217604486175466,0.031162596788864193,0.0095004403508428276,0.0
Jacquizz Rodgers,RB,TB,4.5286655095951991,4700.0,0.75338996629550181,0.14759535030128781,0.060654120519990043,0.02966143411197603,0.0086991287712443119,0.0
Stepfan Taylor,RB,ARI,4.492782113171474,4700.0,0.75696874361374866,0.14603042627702134,0.063190575782689398,0.023924621601632362,0.0098856327249086159,0.0
Rex Burkhead,RB,CIN,4.3479675786221952,4500.0,0.77008751739904169,0.14081899536229753,0.059181647189252791,0.021641557715244401,0.0082702823341640665,0.0
D.J. Foster,RB,NE,4.3190925535979776,0.0,0.76986706110947567,0.14440893239323149,0.05776719043192273,0.019954916358807969,0.0080018997065626086,0.0
Jalston Fowler,RB,TEN,4.3114491702230975,4500.0,0.77408002281979549,0.13936700777417613,0.058073885134254849,0.019943962997129423,0.0085351212746445793,0.0
Knile Davis,RB,KC,4.3071652193719254,4500.0,0.77396384461561007,0.13925678580198123,0.058517675204391821,0.020119364566190474,0.0081423298118269965,0.0
Daryl Richardson,RB,PIT,4.3054588921467269,4500.0,0.7751883538298544,0.13783758488231698,0.05833977690754262,0.020365569743853586,0.0082687146364330902,0.0
James Develin,RB,NE,4.2901933508207906,4500.0,0.77692308939904908,0.13655939048813162,0.058334831833919513,0.020078067810305536,0.0081046204685946768,0.0
Alex Collins,RB,SEA,4.2796563780781778,4600.0,0.77835966884603691,0.13637279840263586,0.05656326014564822,0.020576616963812692,0.0081276556418663978,0.0
Daniel Lasco,RB,NO,4.2664148691317862,4500.0,0.78021558055894058,0.13490683499491785,0.056293143932092435,0.020569828744007871,0.0080146117700419205,0.0
Corey Grant,RB,JAC,4.2542201234221073,4500.0,0.78221251566636751,0.13288620376803195,0.056322227294313104,0.020748570665728449,0.0078304826055595536,0.0
Ryan Hewitt,RB,CIN,4.2519685221281014,4500.0,0.7821499773607451,0.13355173451249011,0.056182079292870384,0.02006453490361328,0.008051673930281689,0.0
Ty Montgomery,RB,GB,4.2472399166490522,4500.0,0.78286450152408493,0.13281528468433665,0.056196444723640333,0.020176368270188347,0.007947400797750484,0.0
Aaron Ripkowski,RB,GB,4.2472399166490522,4500.0,0.78286450152408493,0.13281528468433665,0.056196444723640333,0.020176368270188347,0.007947400797750484,0.0
Kenneth Farrow,RB,SD,4.2376671186128112,4500.0,0.78382939415326902,0.13234601437055776,0.055898170454708594,0.020081698870189079,0.0078447221512763041,0.0
Paul Lasike,RB,CHI,4.2357053543003849,4500.0,0.78421579992654411,0.13215859744482997,0.055642568237808769,0.02008374088394755,0.0078992935068702853,0.0
George Atkinson,RB,CLE,4.2311950542417174,4500.0,0.78424537446928322,0.13242249673063294,0.05568596915641498,0.01984372089412046,0.0078024387495488753,0.0
Chase Reynolds,RB,LARM,4.23028478853458,4500.0,0.78456780425350425,0.13241708771019764,0.054795082744647595,0.020464173838662916,0.0077558514529880562,0.0
