name,pos,team,expectation,salary,prob_0_5,prob_5_10,prob_10_15,prob_15_20,prob_20_25,prob_25_30,prob_30+,label
Terrence Magee,RB,SEA,19.256937365415943,0,0.11154814427365178,0.10894253594184455,0.11390172988632362,0.1498349458559263,0.20240600748081095,0.18758035184780314,0.12578628471363967,4.0
Spencer Ware,RB,KC,18.912832084551603,6300.0,0.018128408000106313,0.16007109278698015,0.095855988921586491,0.25212628774966439,0.26481205448282807,0.16225588485504239,0.046750283203792257,4.0
Jalen Richard,RB,OAK,17.717556771878463,4900.0,0.1789373096522896,0.14568041705591853,0.0967488275948961,0.094808703887804879,0.1912951992905938,0.16447710204402571,0.12805244047447131,4.0
Isaiah Crowell,RB,CLE,17.001493760390659,6900.0,0.066888766387918908,0.21557491721179964,0.24933244014964981,0.14270127421865433,0.10616863934123229,0.061593455295802103,0.15774050739494302,2.0
Matt Forte,RB,NYJ,16.710072945968012,7500.0,0.020371917071157521,0.13178452707469404,0.31575208076935501,0.22561552047955777,0.19016817176362275,0.076529290922300333,0.03977849191931257,2.0
Christine Michael,RB,GB,16.540627097796019,6900.0,0.065824386238235902,0.22117415981960942,0.16252544323955731,0.19685196971309959,0.22376102539146206,0.045206159221266508,0.084656856376769188,4.0
DeMarco Murray,RB,TEN,15.922314977667574,7700.0,0.15257166981223763,0.17633657004566239,0.14250463562734139,0.15220453610426826,0.18606456642769764,0.14321457511905136,0.04710344686374119,4.0
LeGarrette Blount,RB,NE,15.860250933780737,6500.0,0.152693017127077,0.2659351557345741,0.12288650141973813,0.10224283678897807,0.1235705996164935,0.10202410745747734,0.13064778185566187,1.0
C.J. Anderson,RB,DEN,14.95296463189419,8000.0,0.076296606642572443,0.29091073992227562,0.20871019052752754,0.149867494441805,0.1170193824404287,0.10479301123377424,0.052402574791616377,1.0
Tevin Coleman,RB,ATL,14.851799994834494,6400.0,0.33032195163570072,0.13808729739720155,0.040341575500113254,0.048969635541153349,0.17218258999330266,0.22645326039242342,0.043643689540105057,0.0
DeAngelo Williams,RB,PIT,14.749508927394999,8800.0,0.059893990209060652,0.24488741587996507,0.2952894634013099,0.17629074774938952,0.11286569704346265,0.057281363856588469,0.053491321860223609,2.0
Isaiah Pead,RB,MIA,14.539019471752715,4500.0,0.33818206473017681,0.11050494239393176,0.086257950253781052,0.095014591072082044,0.13621327409635095,0.14999364773433593,0.083833529719341479,0.0
Latavius Murray,RB,OAK,14.31793655338288,7100.0,0.20983068099349828,0.19830159324447383,0.14698790933924064,0.11194536615624942,0.21670450151732315,0.057892581769544538,0.05833736697967034,4.0
Shane Vereen,RB,NYG,14.301450603490224,5200.0,0.18289618772434932,0.18419457383507312,0.22148238154203967,0.12598268780854649,0.12834181326005439,0.11956656372103733,0.037535792108899804,2.0
Melvin Gordon,RB,SD,13.955306650601369,7100.0,0.2780780001740269,0.21388657553828871,0.10668779896109438,0.067061843671965451,0.14314930180722171,0.10158046706207033,0.089556012785332539,0.0
Dexter McCluster,RB,SD,13.748608209658604,4500.0,0.36198037564799718,0.12503756425346607,0.10406471988831965,0.08021535386607076,0.11166231402803824,0.12099903324230178,0.096040639073806333,0.0
Derek Watt,RB,SD,13.748608209658604,4500.0,0.36198037564799718,0.12503756425346607,0.10406471988831965,0.08021535386607076,0.11166231402803824,0.12099903324230178,0.096040639073806333,0.0
Damien Williams,RB,MIA,13.72743476867652,4500.0,0.3506411580031043,0.10453001368589662,0.095857337992250796,0.12627905078788895,0.12960136394049465,0.13539489026540669,0.057696185324958023,0.0
Rod Smith,RB,DAL,13.544064203977925,4500.0,0.34281668331686893,0.10275436284744102,0.1426241115053124,0.12882650115711863,0.10823224631868825,0.089631900242200441,0.085114194612370478,0.0
Anthony Sherman,RB,KC,13.479189962950617,4500.0,0.36323998414416547,0.13516663112409966,0.11000511492610089,0.090626534571562667,0.09208959051636996,0.10483051655427002,0.10404162816343132,0.0
Frank Gore,RB,IND,13.224351938243712,5700.0,0.16884570788043532,0.28458422239877784,0.15258144850620262,0.140543254406787,0.1849519855217869,0.034347610286011618,0.03414577099999884,1.0
Giovani Bernard,RB,CIN,13.053664257354939,5700.0,0.25128705842688576,0.24441997601177273,0.15818195769270399,0.10107235152403522,0.11270811227872014,0.042832720027609107,0.089497824038273055,0.0
Lamar Miller,RB,HOU,12.9253995931854,7000.0,0.1209521286362979,0.26626901189047919,0.29576836630166942,0.16491751829816112,0.085519249003327372,0.028189729946635714,0.03838399592342933,2.0
Cameron Artis-Payne,RB,CAR,12.678262489130415,4800.0,0.22571317712570832,0.18489983489535816,0.29164963024260354,0.12929035696120256,0.062231664049591011,0.039829342234959784,0.066385994490576472,2.0
Malcolm Brown,RB,LARM,12.298187896431166,4500.0,0.41011037485768631,0.14895894292903625,0.11367851038332395,0.073688707007497023,0.062107369682977899,0.087092401713642131,0.1043636934258363,0.0
Paul Perkins,RB,NYG,12.182389086195185,4500.0,0.41052024372602158,0.14423643028713412,0.10715714806693268,0.080638515083179249,0.077377762011846637,0.095969238560429493,0.084100662264456311,0.0
Jonathan Williams,RB,BUF,11.91959645851524,4500.0,0.43385062065868807,0.13992903661131595,0.11410584467504822,0.069340973877642112,0.062954705374454953,0.075256999738426478,0.10456181906442419,0.0
Chris Ivory,RB,JAC,11.746327699583134,5600.0,0.28230341091416489,0.17766731080164522,0.30777608167975068,0.10020726435803153,0.029823993439133945,0.018876202214953206,0.083345736592320641,2.0
Tim Hightower,RB,NO,11.70493874917428,4800.0,0.30652500682558687,0.22588416501769507,0.14869330367526484,0.080475436055087501,0.1615428949947374,0.046397111988776912,0.030482081442851472,0.0
Devonta Freeman,RB,ATL,11.654973681743019,7400.0,0.3441963111620287,0.18399187778935688,0.17554310282251762,0.078398571477562115,0.1042393354682737,0.063224407808843919,0.050406393471417045,0.0
Raheem Mostert,RB,CHI,11.617592924402439,4500.0,0.42523708359215528,0.13392108741633935,0.12082988004867287,0.097939660585833935,0.085446665994768634,0.05048963581617872,0.086135986546051216,0.0
Jay Ajayi,RB,MIA,11.555300455281479,5700.0,0.42754939948569937,0.15980799158951456,0.092635705218259687,0.089898010169092324,0.094456033989511121,0.042187376331038903,0.093465483216883985,0.0
Jerome Felton,RB,BUF,11.533212743179128,4500.0,0.39584548584045409,0.14676321688124055,0.17215948580975948,0.10164132614441926,0.058025714318465836,0.025091658072567039,0.1004731129330938,0.0
Jeremy Hill,RB,CIN,11.236727812387391,6400.0,0.30178100294348298,0.27699326957701537,0.16324851876285673,0.084260643590366349,0.079602328405982747,0.026052351801468778,0.068061884918827031,0.0
Rob Kelley,RB,WAS,11.028362867595865,4700.0,0.47340705934085731,0.12951721524105295,0.10497317414902864,0.069604638630461527,0.067505184372142715,0.080052251421241283,0.074940476845215528,0.0
Theo Riddick,RB,DET,10.847080339136699,6400.0,0.32296553806483547,0.27750243085162501,0.1408488055434679,0.068797410140296555,0.094318903504893276,0.063091163912276815,0.03247574798260499,0.0
Duke Johnson,RB,CLE,10.724604258603499,5100.0,0.4449263147035562,0.20388247909685922,0.10593484434550657,0.057611724966488573,0.044093527804587127,0.035415207483001483,0.10813590160000093,0.0
Kenneth Farrow,RB,SD,10.535348502152406,4500.0,0.51705881273192245,0.15699109629020935,0.05763335913015992,0.044969253263920338,0.067334614964070741,0.055678631530836187,0.10033423208888108,0.0
Alfred Morris,RB,DAL,10.465210121198069,5400.0,0.41662321887167364,0.18601088495571336,0.12964814904035843,0.098543210931714323,0.07623445727664406,0.037962089135907214,0.054977989787989012,0.0
Zach Zenner,RB,DET,10.29268389181634,5200.0,0.50744162189899156,0.14747903353157552,0.091677226566433845,0.057661351722706478,0.050450934036688606,0.060978939466316745,0.084310892777287261,0.0
DeAndre Washington,RB,OAK,10.19966318375603,4900.0,0.54752376041590556,0.11946136736022737,0.050527480842342425,0.039376625650166815,0.10055309070911408,0.085033879816831623,0.057523795205412113,0.0
Charcandrick West,RB,KC,10.194092680978065,5200.0,0.37108862143259835,0.2751048195029992,0.11881883716241068,0.097202781199984101,0.053645066176691222,0.018014500235654353,0.066125374289662059,0.0
Carlos Hyde,RB,SF,10.100452101001858,6100.0,0.42006659678176828,0.27379759395876513,0.085295118143516688,0.056072981080659827,0.043032465450490047,0.037283536593711204,0.084451707991088837,0.0
Daniel Lasco,RB,NO,10.004633514514627,4500.0,0.53855873984595026,0.14426111430727256,0.046917741759853054,0.046534236614382454,0.09633725272348409,0.060108374353340578,0.067282540395716961,0.0
Jordan Howard,RB,CHI,9.8625009071708973,5300.0,0.54995232529205773,0.1661868542087922,0.05067831783164406,0.038248566086966543,0.044715492444465856,0.043380575574094936,0.10683786856197866,0.0
George Atkinson,RB,CLE,9.8553270722189126,4500.0,0.56962493546892912,0.14973440297094645,0.063262880853837536,0.031110619309181135,0.027167417075353056,0.027563076370125228,0.13153666795162758,0.0
Fozzy Whittaker,RB,CAR,9.8475217062804532,6300.0,0.434504447394777,0.22319768480748151,0.12927963049257241,0.050574539565413926,0.052359118542517,0.059308308123262633,0.050776271073975601,0.0
LeSean McCoy,RB,BUF,9.8239944066550979,6700.0,0.55482991939326132,0.15118932409524094,0.062541504993867097,0.034814344924965129,0.039391109482878855,0.063667071114652765,0.093566725995133798,0.0
Jacquizz Rodgers,RB,TB,9.8092295056986334,5300.0,0.52709349538421035,0.2007778583760364,0.053425817926069624,0.038154824176656645,0.0375780271862148,0.026576683029038688,0.11639329392177357,0.0
Travaris Cadet,RB,NO,9.7768280160973298,5100.0,0.46367621193778064,0.1985360339510836,0.083939999841871435,0.044866455600775672,0.125510767782124,0.060167546071702556,0.0233029848146621,0.0
Eddie Lacy,RB,GB,9.7034273414530148,7300.0,0.42416605950006347,0.26161117182709037,0.077256305082914728,0.074799333379364535,0.086717502304907282,0.024752602964551361,0.050697024941108247,0.0
Charles Sims,RB,TB,9.6974606440171254,6300.0,0.44227620902798576,0.22250247826978711,0.11842366583722412,0.063589239356989263,0.067330989898135768,0.025435048845685589,0.06044236876419247,0.0
Alex Collins,RB,SEA,9.6004210428804875,4500.0,0.56988322456136709,0.15457332526718867,0.041725643326482535,0.036308874539386714,0.054746522111099899,0.049205854447135856,0.09355655574733919,0.0
Darren Sproles,RB,PHI,9.403310675639279,5200.0,0.50959649304538013,0.16547309948488473,0.095949337244509617,0.058297939389961348,0.072640892565945789,0.052961050686856602,0.045081187582461796,0.0
Terrance West,RB,BAL,8.6658243836983768,5200.0,0.4810974561687904,0.21285869443321889,0.13530260804657834,0.068375669237980483,0.037795545625059601,0.017542264116866223,0.047027762371505966,0.0
Marcus Murphy,RB,NO,8.636146460035139,4500.0,0.62889777653226009,0.083186517826242451,0.060380683112518138,0.039913398485700163,0.079395827690420973,0.078339849704410019,0.029885946648448382,0.0
Ryan Mathews,RB,PHI,8.5353743153261448,6600.0,0.53613832728400046,0.17653261741524495,0.10737573818277417,0.051419963238027631,0.051546459510010322,0.03004651458287624,0.046940379787066229,0.0
James White,RB,NE,8.4949871835657422,5400.0,0.50123602738498163,0.23563481812880593,0.084771469916586406,0.05786343726242469,0.046809468871141548,0.030639712236706324,0.043045066199353485,0.0
Jamize Olawale,RB,OAK,8.4026238986647783,4500.0,0.60338762562004067,0.12295351567067254,0.067400999709645859,0.047345940579948821,0.084901976206344112,0.026627390872662113,0.04738255134068585,0.0
James Starks,RB,GB,8.1573303828061725,5100.0,0.56460718319491576,0.19629569037278213,0.055428915254974245,0.053818155965310636,0.060894175174538372,0.01928788877279642,0.049667991264682493,0.0
David Johnson,RB,ARI,8.0822422505305997,8400.0,0.46377702576194441,0.25975648883318525,0.13281084230915702,0.057795502929592277,0.048917540235221581,0.012075528417260162,0.024867071513639441,0.0
Jeremy Langford,RB,CHI,8.025821881400713,6500.0,0.58265936907056182,0.17563885958474634,0.07759058802213166,0.048095530327132388,0.039101497954268226,0.017526833276582554,0.059387321764576922,0.0
Kenjon Barner,RB,PHI,7.9767768466371773,4800.0,0.6108107517908965,0.13362867740455842,0.084560226112261397,0.044025815933836983,0.045354300565185933,0.034279929080063269,0.047340299113197454,0.0
Alfred Blue,RB,HOU,7.9638307866920233,4800.0,0.4908506412393106,0.22075801720766206,0.14576702180200468,0.068081999732688595,0.032476489599973339,0.018070505860380507,0.02399532455798024,0.0
Stepfan Taylor,RB,ARI,7.9261585184715644,4500.0,0.56151158937628698,0.18707611689620576,0.10864305654443929,0.0480667837821541,0.025745781963251082,0.0096882465566982164,0.05926842488096476,0.0
Chris Thompson,RB,WAS,7.9049428584698589,5100.0,0.58660889025820562,0.15263157120413068,0.097696303016562083,0.05434279937164941,0.036551632865935664,0.030245170976554266,0.041923632306962264,0.0
Mark Ingram,RB,NO,7.6575422454152227,6900.0,0.65008292133956969,0.12900860912884923,0.029406241643185036,0.026502815447748289,0.090631814996356044,0.054491822032493774,0.019875775411798021,0.0
John Kuhn,RB,NO,7.1937517822195831,4500.0,0.65942835952154988,0.12668626472500125,0.048237826735788226,0.036952679179717833,0.078533897409181319,0.023634339810327001,0.026526632618434659,0.0
Bobby Rainey,RB,NYG,7.1020231753783092,4500.0,0.64912795501394327,0.10066607902158131,0.10554692572657719,0.056535057830151773,0.041438771626899823,0.020112950315088311,0.026572260465758436,0.0
Derrick Henry,RB,TEN,6.9517015956355381,5500.0,0.71037764713255747,0.10201321628516805,0.026396139020610009,0.028444909091506657,0.046795511613220882,0.063869132331182091,0.022103444525754717,0.0
Mike Davis,RB,SF,6.9379059953526871,4500.0,0.68151264334723927,0.15397077633608405,0.035671214240862406,0.027361894453921884,0.020123392323267677,0.019434515895445547,0.061925563403179146,0.0
Benny Cunningham,RB,LARM,6.8084481786894813,4800.0,0.65046261439226261,0.16014779555569181,0.071758492212418881,0.035176383619056055,0.02450406439142706,0.014799851036629934,0.043150798792513906,0.0
Chris Johnson,RB,ARI,6.7840281327560596,5000.0,0.67478223062171028,0.14887925240202549,0.04879429126085489,0.024616216801227699,0.036874595845005041,0.026904284737249696,0.039149128331926901,0.0
Josh Ferguson,RB,IND,6.7679447001008972,4500.0,0.67112897303526187,0.15140960823848681,0.032957905040750274,0.031390585341492465,0.061101635010869869,0.026925454022110665,0.02508583931102799,0.0
Mike Tolbert,RB,CAR,6.7655866085753642,4800.0,0.58391066305422845,0.20025100480528732,0.11966207227025739,0.040598212495373841,0.020092596696911897,0.012852187540743997,0.022633263137197171,0.0
Shaun Draughn,RB,SF,6.724165358341784,4900.0,0.66534070225798403,0.17580337488575787,0.041208322622312055,0.027670276375963292,0.020681588929717418,0.019697606895006329,0.049598128033259047,0.0
Fitzgerald Toussaint,RB,PIT,6.6918310920494752,4700.0,0.66185563093363176,0.1531431576271082,0.068159067046331387,0.036672358333528568,0.022259066848040319,0.017712060384307646,0.04019865882705214,0.0
Mike Gillislee,RB,BUF,6.6576761522219483,5000.0,0.72106151249135431,0.10124852831430615,0.060216225229606762,0.030078297586163809,0.014924511932796525,0.0074264651442187014,0.065044459301553684,0.0
Ezekiel Elliott,RB,DAL,6.4619759798063905,8100.0,0.70805726252926293,0.13258118005599112,0.031560994300388369,0.022452151046179938,0.040230723813688841,0.036568196495307827,0.028549491759180916,0.0
Lance Dunbar,RB,DAL,6.4001723168552243,4800.0,0.74803080981714487,0.092533527801866244,0.022900800660946217,0.024558071345100681,0.038235544439115025,0.042823437418233905,0.030917808517593012,0.0
Jonathan Grimes,RB,HOU,6.3380829297743864,4500.0,0.63877983554327278,0.16979975739581632,0.095915890225087883,0.039408854609938364,0.021125649231008872,0.01603279807443737,0.018937214920438126,0.0
Devontae Booker,RB,DEN,6.2097294098509801,5300.0,0.68400483643541221,0.17040701790175425,0.044228876180623516,0.023443294589201538,0.022467019914957986,0.025023372718379972,0.030425582259670514,0.0
Aaron Ripkowski,RB,GB,6.185273431991626,4500.0,0.74593209650754633,0.11254327852162438,0.023035744571151002,0.021844220366251239,0.03272693566056014,0.022310462286820917,0.041607262086046121,0.0
Ty Montgomery,RB,GB,6.185273431991626,4500.0,0.74593209650754633,0.11254327852162438,0.023035744571151002,0.021844220366251239,0.03272693566056014,0.022310462286820917,0.041607262086046121,0.0
Jordan Todman,RB,IND,6.1011836389951482,4500.0,0.7396809251114721,0.096254372970877425,0.045635603634504023,0.025454728850129425,0.041034950292252181,0.030266043050148489,0.021673376090616134,0.0
Brandon Bolden,RB,NE,6.0276587462613529,4800.0,0.69469666546473052,0.16142453628743111,0.050451530865177084,0.030261972915842636,0.018138707442670102,0.0085396086271257807,0.0364869783970228,0.0
Malcolm Johnson,RB,CLE,5.9638280234804748,4500.0,0.77940243347950589,0.095672978259041377,0.028938729286869479,0.01175171061252531,0.0094855413238201236,0.013232050012057923,0.06151655702617978,0.0
Wendell Smallwood,RB,PHI,5.8988363474656644,4500.0,0.76744198936458419,0.094832606808492037,0.030438855322619383,0.017876524718808347,0.028532220561931852,0.026271483545278591,0.034606319678285653,0.0
Andy Janovich,RB,DEN,5.8743154403851028,4500.0,0.71755586162225349,0.14934113449990882,0.039924339335614907,0.022229904215470137,0.019354960889037681,0.022530651761217699,0.029063147676497258,0.0
Dwayne Washington,RB,DET,5.8528530600953701,4500.0,0.74093157008720534,0.12094914078194584,0.042594220657583261,0.017940575449146883,0.025528438838235811,0.019911202657773592,0.032144851528109211,0.0
Taiwan Jones,RB,OAK,5.7523994942549956,4500.0,0.76677405074890714,0.089029267884374402,0.034565366244523506,0.025747249330699037,0.043919716794558264,0.013579323448565319,0.026385025548372444,0.0
T.J. Yeldon,RB,JAC,5.7479766046583318,6600.0,0.6576695152145583,0.2388970752673211,0.033002943510036346,0.016840608674770639,0.01252168469812434,0.015239552200843462,0.025828620434345563,0.0
Matt Jones,RB,WAS,5.7119338535395192,6400.0,0.76304748087091756,0.10491255569325796,0.034912011347594162,0.018217958529455656,0.021247959943161046,0.031199161028695618,0.026462872586918203,0.0
James Develin,RB,NE,5.5582907905670682,4500.0,0.78387053447585164,0.10584882800497339,0.020867018533786141,0.016078240815039151,0.015423874559151998,0.014853134075761538,0.043058369535436146,0.0
Knile Davis,RB,KC,5.4872375221612053,4500.0,0.74840892355721533,0.13329602228198165,0.038346464104852221,0.025148912363723748,0.013816175205965311,0.0064304334234525093,0.034553069062809222,0.0
Andre Ellington,RB,ARI,5.3814378755922068,4700.0,0.74657442305323918,0.12011128235178378,0.05871238338634064,0.025716265232985577,0.019137274954244242,0.0055405207740662149,0.024207850247340252,0.0
Kyle Juszczyk,RB,BAL,5.235554937146607,4500.0,0.75874082022111633,0.1175320829236101,0.051439267649275471,0.025867722754282722,0.015444164376290904,0.009348720034074361,0.021627222041350251,0.0
Kenyan Drake,RB,MIA,5.2037204101887138,5900.0,0.82778006941353599,0.068464340120425835,0.014699228233581293,0.013849751819219283,0.01886827041816767,0.026893507765419166,0.029444832229650775,0.0
Patrick DiMarco,RB,ATL,5.1791033293968658,4500.0,0.82124879609194668,0.064220186285577643,0.030743594686301421,0.01466653963810844,0.019833599360516884,0.022392047819512689,0.026895236118036365,0.0
Ryan Hewitt,RB,CIN,5.0951824636679506,4500.0,0.8201156284672878,0.081737089650572275,0.021095203706160252,0.012098516691092029,0.016529670726545691,0.014707018158656656,0.0337168725996854,0.0
Robert Turbin,RB,IND,5.0905342268258824,5100.0,0.7864144751658565,0.097729930453289288,0.034089593617790494,0.026504074140393349,0.029426614255699816,0.0086336547686540529,0.017201657598316402,0.0
Bilal Powell,RB,NYJ,5.087729033617082,4900.0,0.81253393330360701,0.078127325394460434,0.033239882411524764,0.016148974532180525,0.016293877301335129,0.016298508110516023,0.027357498946376017,0.0
Justin Forsett,RB,DET,4.9809306079399311,6500.0,0.76699663725381795,0.14402975804554866,0.026974418797643854,0.014612141848353325,0.012727785398177469,0.01455014830506797,0.020109110351390763,0.0
Kapri Bibbs,RB,DEN,4.9484049155209506,4500.0,0.78583315385186292,0.12224548604790637,0.026616913384867616,0.015010683185426104,0.013460589220088479,0.01605891277606666,0.020774261533781972,0.0
Matt Asiata,RB,MIN,4.9413044718490493,4600.0,0.77534209109436902,0.11417428890686578,0.053824943099943089,0.021100512166198144,0.0091900536622928439,0.0033451692279054357,0.023022941842425395,0.0
Daryl Richardson,RB,PIT,4.9332834726213175,4500.0,0.8118697613032565,0.094600011406890505,0.022203352102159946,0.014995236475777409,0.014494137173087472,0.018170692806007048,0.023666808732820913,0.0
Corey Grant,RB,JAC,4.8591448094606484,4500.0,0.76935614208773206,0.15339180775851144,0.025220565346161069,0.011563790574029124,0.0069472311954564391,0.0082448552068868902,0.02527560783122287,0.0
Denard Robinson,RB,JAC,4.8365410614560673,4600.0,0.75907452632872108,0.14775040424093547,0.045966062868539485,0.017430613770877887,0.0059419921442146742,0.0022471545199440721,0.021589246126767155,0.0
Rex Burkhead,RB,CIN,4.6839938346445127,4500.0,0.81403180195543778,0.098653333227232826,0.03162459106255637,0.014226168037334973,0.012056947826359131,0.0047710467552649159,0.024636111135813973,0.0
Orleans Darkwa,RB,NYG,4.6581860225070377,4500.0,0.81341964598471139,0.084671662604067666,0.043410494472582627,0.020225853484476367,0.014279813484211978,0.0090691374951848893,0.014923392474765098,0.0
Jalston Fowler,RB,TEN,4.5499816253975425,4500.0,0.85707027522192836,0.059598100035894427,0.016478143966914393,0.012908519550668881,0.016645441877211668,0.02020817653936809,0.017091342808014075,0.0
Chase Reynolds,RB,LARM,4.4443185619342715,4500.0,0.82221885744708478,0.10769657659051618,0.022597943308189199,0.010677929137784328,0.010277989566474905,0.0064160481159813501,0.020114655833969285,0.0
Jerick McKinnon,RB,MIN,4.3841816156869262,5300.0,0.81659308148999288,0.097842678716881681,0.045118548117360616,0.015003355476206732,0.0068755566600914968,0.0029598745931579185,0.015606904946308705,0.0
Tyler Ervin,RB,HOU,4.3073548961301862,4500.0,0.83414810433350628,0.091192603669942265,0.028386635845544111,0.013882903659114624,0.009684538374437314,0.0096437682490315355,0.013061445868423963,0.0
Jay Prosch,RB,HOU,4.2457412365756424,4500.0,0.83984594056706152,0.087906958507233138,0.028119829718305723,0.01313369178708928,0.0090515703017289856,0.008819190978450981,0.013122818140130044,0.0
Antonio Andrews,RB,TEN,4.2139105296809563,4500.0,0.87142111627029939,0.056303037936784039,0.019957622725411035,0.013828974719866768,0.013430100135801835,0.0076853103541080553,0.017373837857728801,0.0
Michael Burton,RB,DET,4.1716373355708942,4500.0,0.85011167369763618,0.08734619706513809,0.020724467272688108,0.0070165160657655809,0.01027710676425563,0.01068792941667409,0.013836109717842295,0.0
Zach Line,RB,MIN,3.8748158900050851,4500.0,0.87042096683920922,0.080355689899509003,0.017451248011219951,0.0076207753518260221,0.0054764376918931138,0.0042998793901399563,0.01437500281620273,0.0
Todd Gurley,RB,LARM,3.8465783716369462,8300.0,0.8482712966238054,0.11030712229095178,0.015480829313711794,0.0054924309879313526,0.0064331018922575162,0.0035078199450218248,0.01050739894632011,0.0
