name,pos,team,expectation,salary,prob_0_5,prob_5_10,prob_10_15,prob_15_20,prob_20_25,prob_25_30,prob_30+,label
KC,Def,KC,13.326504535382911,4500.0,0.16943415039468221,0.24349288088313847,0.19473586958672129,0.20947897699171067,0.086213543830494385,0.046096385542168675,0.050548192771084341,1.0
HOU,Def,HOU,12.691581063024028,5200.0,0.31409919426983157,0.22030806657837956,0.1832231105046265,0.071942823676500386,0.051584732381284103,0.0020526315789473684,0.15678944101043052,0.0
SEA,Def,SEA,12.157911674347158,5400.0,0.16766666666666669,0.25866359447004605,0.28327619047619051,0.16026497695852532,0.060071428571428567,0.046723809523809522,0.023333333333333331,2.0
BAL,Def,BAL,11.981154405049656,4400.0,0.15420252428730688,0.34002570631448509,0.23450018315018314,0.11247985347985348,0.086697021399652963,0.043758974358974356,0.028335737009544008,1.0
TB,Def,TB,11.480702071819721,4500.0,0.1646547934489111,0.32572169228051573,0.245212130618013,0.14136367880485529,0.084158629217452749,0.022340056022408964,0.016549019607843135,1.0
DEN,Def,DEN,11.478153903844692,4800.0,0.17790675917649604,0.39769077676709252,0.16925094905094906,0.12590464798359535,0.046446320346320347,0.02817644855144855,0.054624098124098124,1.0
CAR,Def,CAR,11.388081003522451,5000.0,0.21817857111870889,0.26833174486286432,0.26115868490628769,0.12944580320472732,0.073457689234684959,0.010986582597730138,0.038440924074996656,1.0
NO,Def,NO,11.129553836398388,4100.0,0.34980280681984383,0.31453301387214977,0.12122240210489121,0.036978295771482823,0.038205826968925528,0.0,0.13925765446270691,0.0
CLE,Def,CLE,11.034287104565832,4300.0,0.31828753633764079,0.27454932037078111,0.19909432522010281,0.075150439226082541,0.018514678369911643,0.0060097560975609756,0.1083939443779201,0.0
PHI,Def,PHI,10.992603007522012,4500.0,0.22978741697558544,0.36053510179710363,0.19198883534691183,0.092147410913555397,0.047629938536577973,0.012918389780154487,0.064992906650111454,1.0
MIN,Def,MIN,10.74231175786784,4400.0,0.15697184021228139,0.38559553160871818,0.25789200203563817,0.1128355609596834,0.051931885211562639,0.016784718433654602,0.017988461538461537,1.0
BUF,Def,BUF,10.713754631840063,4300.0,0.25019744133631139,0.33496853856360692,0.20091329069105385,0.094126587436227746,0.054834351483834587,0.012,0.052959790488965541,1.0
NYJ,Def,NYJ,10.670587475633528,4600.0,0.28434327485380118,0.33659766081871345,0.17741793372319689,0.078240740740740736,0.030316666666666665,0.012232748538011696,0.080850974658869396,1.0
SF,Def,SF,10.669489771473163,4000.0,0.34397727545019829,0.27505847647674769,0.17881021273443284,0.076572602368631865,0.014305373966186502,0.0060097560975609756,0.10526630290624193,0.0
JAC,Def,JAC,10.643748614199598,4100.0,0.19208813024402613,0.38307845626186654,0.21711821170253195,0.1140933137967593,0.046103268405740354,0.016086132779494895,0.03143248680958087,1.0
ARI,Def,ARI,10.512416603656723,5100.0,0.19213248775138442,0.43586272942285176,0.15070847236199592,0.11843129101507793,0.05081667753902739,0.021114106019766397,0.030934235889896265,1.0
CIN,Def,CIN,10.501173177815655,4500.0,0.22252767077497609,0.37568015147737133,0.17611169945320315,0.12536179899547709,0.055643201747174062,0.011145148588308965,0.033530328963489342,1.0
PIT,Def,PIT,10.458704604899445,4500.0,0.18781000610126633,0.43418413671821493,0.20534719926803296,0.064228898118047814,0.052842070629211327,0.012341713812902786,0.043245975352323919,1.0
NE,Def,NE,10.431105362896856,4300.0,0.17625122731249349,0.40728972072298947,0.21323519442147251,0.12247718070859147,0.049856351104435918,0.010122067183462534,0.020768258546554709,1.0
NYG,Def,NYG,10.337136641227286,4500.0,0.30009330151923908,0.32956422981777672,0.16883975167118309,0.079404922578234005,0.049044716186405712,0.0060366972477064219,0.067016380979455017,1.0
SD,Def,SD,10.293976508009301,4300.0,0.23674405678568303,0.36059044343387714,0.1983656029351086,0.10700379230981304,0.058317314233331315,0.0041127456861422881,0.034866044616044617,1.0
CHI,Def,CHI,10.274594986383772,4400.0,0.37390286235688147,0.27936962422376915,0.15722090738872946,0.057443371267665341,0.027821853647301508,5.2631578947368417e-05,0.10418874953670573,0.0
OAK,Def,OAK,10.243278369493915,4400.0,0.34228508121824408,0.30026313454927195,0.17516517639184187,0.060581004995073039,0.026306898766236111,0.0060000000000000001,0.089398704079332883,0.0
MIA,Def,MIA,10.234676447914259,4600.0,0.24360557682513564,0.33824863374585512,0.21562242062947945,0.11197143227143228,0.049039265962795377,0.016307936507936507,0.025204734057365633,1.0
GB,Def,GB,9.4936264033462265,4400.0,0.3327835443003061,0.31388057290478627,0.19304274204496796,0.08016815101048036,0.023618162376434524,0.0023415044815450494,0.054165322881479752,0.0
ATL,Def,ATL,9.2778859833739133,4000.0,0.39799571188499028,0.30901049416266679,0.13686196749697002,0.047308068014234601,0.030574346556770809,0.0,0.078249411884367528,0.0
DAL,Def,DAL,9.1693665049333859,4600.0,0.3849818542180885,0.28603681817286764,0.17103933951370487,0.0727010926796538,0.02295606707758106,0.0060140845070422539,0.056270743831061953,0.0
TEN,Def,TEN,9.1377976827542096,4200.0,0.50554269470257596,0.23875379902346444,0.091844237201803472,0.025230392519264701,0.028664644811126919,0.0,0.10996423174176441,0.0
LARM,Def,LARM,9.1148299986330983,4500.0,0.31855278481905058,0.38816981056921218,0.14073087183793853,0.068243859598018472,0.033136342281729285,0.011015768833849327,0.040150562060201726,1.0
IND,Def,IND,8.7611481003734077,4400.0,0.42824710176446784,0.28162502931702371,0.14662986182759338,0.052574927621280187,0.027331972925598611,0.0020333333333333332,0.061557773210702979,0.0
WAS,Def,WAS,8.4861251355731948,4400.0,0.43613422737555946,0.27720465503051628,0.14282562463748871,0.059829592888782722,0.032649869185444984,0.0063555555555555561,0.045000475326652224,0.0
DET,Def,DET,7.7700110538107037,4200.0,0.54071235959383934,0.24363270174221668,0.10603718947456332,0.021333499180089154,0.012021197011946401,0.0063333333333333332,0.069929719664011916,0.0
