name,pos,team,expectation,salary,prob_0_5,prob_5_10,prob_10_15,prob_15_20,prob_20_25,prob_25_30,prob_30+,label
Spencer Ware,RB,KC,19.479966489512076,6300.0,0.0084187682459647903,0.15143531445343339,0.076566118779806389,0.24213980263111878,0.29083356619951944,0.19817981319205843,0.03242661649809888,4.0
Jalen Richard,RB,OAK,19.313592670227976,4900.0,0.16047290284907284,0.1291473304411879,0.073769873774679071,0.093411895608017548,0.14216905387546494,0.24637905247074543,0.15464989098083229,5.0
Terrence Magee,RB,SEA,18.555096796694997,0,0.13158119694588977,0.1189384443481324,0.12099681062031678,0.15136952968561451,0.17968953801860021,0.17069237990694164,0.1267321004745047,4.0
Christine Michael,RB,GB,18.060444246509441,6900.0,0.040696284595223543,0.17056157347509804,0.15326868108026132,0.21194607844947744,0.26140099218012852,0.066849217887633719,0.095277172332177376,4.0
Isaiah Crowell,RB,CLE,17.273119143496473,6900.0,0.044917094199690671,0.19599678135993734,0.27634191720176587,0.14851712349598753,0.13009966911998119,0.057890019386136943,0.14623739523650048,2.0
Matt Forte,RB,NYJ,17.163868832636108,7500.0,0.01147525306049128,0.13128299861866308,0.28979614690766003,0.23065878639469967,0.2108109692662932,0.088109839696856831,0.037866006055335771,2.0
DeMarco Murray,RB,TEN,16.251897241713817,7700.0,0.12042252976407347,0.20737403681621375,0.14384480023807,0.14929622858975411,0.16834107580360239,0.15708387670474869,0.053637452083537575,1.0
DeAngelo Williams,RB,PIT,15.85581449574434,8800.0,0.043439085528152843,0.20478153758638229,0.28864201121838623,0.18413457751897,0.14642194540834866,0.073846435248687517,0.058734407491072491,2.0
LeGarrette Blount,RB,NE,15.590439063141568,6500.0,0.14203533548439587,0.29698709279464025,0.13696342260800692,0.095825442826349194,0.11020073270326491,0.065351475310784682,0.15263649827255829,1.0
C.J. Anderson,RB,DEN,15.035882963022262,8000.0,0.060066996927262091,0.30366130047682782,0.22239285285731894,0.14608972660635927,0.11599017884278061,0.086795631105764409,0.065003313183686837,1.0
Shane Vereen,RB,NYG,14.234656689217257,5200.0,0.16808585296377021,0.20304837593146655,0.23218240531570528,0.12270290676537456,0.12563076407801921,0.10359109498296275,0.044758599962701519,2.0
Frank Gore,RB,IND,13.907098317717276,5700.0,0.12295011274040614,0.29490536408052687,0.15892288820729381,0.14347708701875603,0.21175954375355105,0.033802293545773895,0.034182710653692119,1.0
Latavius Murray,RB,OAK,13.898483109941797,7100.0,0.21399682203486661,0.21970304705305188,0.15498808618372789,0.11443088889382835,0.17856625177179813,0.05105809840570167,0.067256805657025479,1.0
Lamar Miller,RB,HOU,13.705100495034852,7000.0,0.085108879407618757,0.26104185313345973,0.30609182248825989,0.17077361723738083,0.097234672847919271,0.034556299307784102,0.045192855577577122,2.0
Melvin Gordon,RB,SD,13.516614824948029,7100.0,0.2505642312532978,0.28881951564575314,0.11266052306912164,0.058856264281692876,0.11073427041387407,0.0597981606537724,0.11856703468248808,1.0
Tevin Coleman,RB,ATL,13.383532303815414,6400.0,0.32399661910405342,0.22516947957752176,0.047918185036628154,0.053057126217829584,0.14161762156419289,0.14900503269765838,0.059235935802115822,0.0
Malcolm Brown,RB,LARM,12.75370402177731,4500.0,0.39368283001131799,0.14559137395563868,0.10764473117172227,0.083603040625227151,0.088491211656872584,0.06088552147448751,0.1201012911047338,0.0
Cameron Artis-Payne,RB,CAR,12.532140333124527,4800.0,0.24327310756215595,0.15853029336384555,0.28833751150937442,0.14375263203168481,0.070127595572572102,0.0429387452569455,0.053040114703421626,2.0
Devonta Freeman,RB,ATL,12.41537842048033,7400.0,0.27987845087987839,0.20492469303128011,0.20417025076999823,0.083523901869714201,0.10400655860396457,0.066341594662521167,0.057154550182643489,0.0
Tim Hightower,RB,NO,12.188893970046813,4800.0,0.29504375280111605,0.20863878252695381,0.15873795444322106,0.083622642828131991,0.15936799857641717,0.061002311700757671,0.033586557123402097,0.0
Jay Ajayi,RB,MIA,12.106252670759149,5700.0,0.44250862044650124,0.13254364226092305,0.07037594535673769,0.092209307418316719,0.07622562729833976,0.095643334797038376,0.090493522422143091,0.0
Carlos Hyde,RB,SF,12.070293568666274,6100.0,0.33576783996450832,0.30320242920187823,0.083193481179630088,0.057189476143313045,0.045280699064214572,0.032067590944428036,0.14329848350202753,0.0
Chris Ivory,RB,JAC,12.013137098039021,5600.0,0.28218102780024523,0.1247291136449829,0.34535622711544844,0.11115903105238391,0.040376910033231919,0.022055912571503366,0.074141777782204266,2.0
Giovani Bernard,RB,CIN,11.910098562116959,5700.0,0.25132342917713285,0.2965660923990171,0.15327691450760297,0.10190724764146337,0.10385935541112661,0.031463079448998288,0.061603881414658591,1.0
Isaiah Pead,RB,MIA,11.859894854760276,4500.0,0.43351481092191596,0.12573850400234871,0.090108814173456245,0.093769359324484935,0.10431811850583424,0.082756845574491297,0.069793547497468633,0.0
Anthony Sherman,RB,KC,11.787765183157987,4500.0,0.42040238690662396,0.14607669469489856,0.10190110070744132,0.092097342080644226,0.089235472833725293,0.068283530068901033,0.082003472707765743,0.0
Dexter McCluster,RB,SD,11.676771281928007,4500.0,0.43814635314480627,0.13403066200356237,0.106924369454122,0.075652960706871122,0.093897268789906563,0.065891740107467345,0.085456645793264424,0.0
Derek Watt,RB,SD,11.676771281928007,4500.0,0.43814635314480627,0.13403066200356237,0.106924369454122,0.075652960706871122,0.093897268789906563,0.065891740107467345,0.085456645793264424,0.0
Rod Smith,RB,DAL,11.422094017526216,4500.0,0.4522073467493008,0.081271851575883361,0.13966317885130261,0.10895717692846374,0.090391492525638314,0.062283402374908599,0.065225550994502668,0.0
Damien Williams,RB,MIA,11.131883849789844,4500.0,0.41098961266784229,0.13072487094098628,0.13446238465456037,0.12451413578157022,0.1134296447762586,0.03916642626931225,0.046712924909470099,0.0
Theo Riddick,RB,DET,11.120684002913981,6400.0,0.29866127959861566,0.29465533352369816,0.14518705252844225,0.071211663475163348,0.087710851839576248,0.061400573003906715,0.041173246030597681,0.0
Alfred Morris,RB,DAL,10.873072149089747,5400.0,0.40254445506208492,0.18645074264062567,0.14550268700937455,0.08379532797373096,0.068497083732134145,0.042719385982984956,0.070490317599064739,0.0
Eddie Lacy,RB,GB,10.823648435660619,7300.0,0.36947297235002219,0.267073829582476,0.084600217788430493,0.082923290237976843,0.10059284645784411,0.028250211909098256,0.067086631674152089,0.0
Paul Perkins,RB,NYG,10.815382319401115,4500.0,0.46964391624565255,0.1381474606928875,0.10638200648477017,0.079611554723287667,0.071379936371530769,0.059078490046903201,0.075756635434968175,0.0
Kenneth Farrow,RB,SD,10.755723520092932,4500.0,0.52763756785108529,0.15567912859706806,0.042826775539333714,0.037118670438659719,0.050781186355609409,0.075591396876100642,0.11036527434214323,0.0
Jeremy Hill,RB,CIN,10.604155851613998,6400.0,0.29403665398456508,0.317932992413275,0.1536035070873468,0.08669649806978276,0.076500105401984972,0.022263554574835462,0.048966688468210035,1.0
Duke Johnson,RB,CLE,10.600729466158732,5100.0,0.43059309893162251,0.22072353917416113,0.11282304083525281,0.054950798637370742,0.048428934537515081,0.030610455281065006,0.10187013260301267,0.0
Daniel Lasco,RB,NO,10.440556759118614,4500.0,0.54512229411529223,0.13177722627590735,0.035615848792695928,0.043240954091944041,0.075815210868388105,0.095110870566321004,0.073317595289451379,0.0
Charcandrick West,RB,KC,10.353201604904903,5200.0,0.33829491327784794,0.30317181829328121,0.10844834774554646,0.10407138021575887,0.067193643768063388,0.028497491379791413,0.050322405319710682,0.0
Jerome Felton,RB,BUF,9.9893143032666689,4500.0,0.48032265596516766,0.12046881490085623,0.15870187306530226,0.095225468547091491,0.055694301977261211,0.020518713311021935,0.069068172233299086,0.0
LeSean McCoy,RB,BUF,9.9838542675418331,6700.0,0.51739265520767919,0.20313285427023969,0.065218959862677423,0.030436240881253303,0.029554162499379259,0.032699080293677643,0.12156604698509339,0.0
Jonathan Williams,RB,BUF,9.8548499327076886,4500.0,0.51815852851575117,0.13983920825270724,0.10766995030590105,0.062365454975952805,0.052559528840290221,0.03846082788204961,0.080946501227347839,0.0
Travaris Cadet,RB,NO,9.6718817127447458,5100.0,0.46519672364755438,0.20643409693119971,0.086101975479345477,0.043637674422827254,0.10813626137578275,0.06395067802929455,0.026542590113995852,0.0
Raheem Mostert,RB,CHI,9.5784570765892187,4500.0,0.51020386133449858,0.12827447337004746,0.11520794336128098,0.092305137169597623,0.067064952495986291,0.035538517342222346,0.051405114926366846,0.0
Fozzy Whittaker,RB,CAR,9.4124898544165188,6300.0,0.4280314978860405,0.27277237418322647,0.12257102767067621,0.042466077796459806,0.03677091454238865,0.028614034458709182,0.068774073462499224,0.0
George Atkinson,RB,CLE,9.3967485405851754,4500.0,0.60537976724804821,0.14038530591148116,0.04602663799637649,0.026140739410610948,0.02246360500953774,0.039194100541885692,0.1204098438820598,0.0
Jordan Howard,RB,CHI,9.1867227186214677,5300.0,0.58198508557234074,0.16612174697580009,0.036602784553486797,0.035831421287162712,0.031515992492075234,0.064780203641761638,0.083162765477372697,0.0
Jacquizz Rodgers,RB,TB,9.0724186501792268,5300.0,0.59126075710959392,0.17476618123100929,0.033060264875513716,0.031934210679265503,0.026922772556540058,0.035506327515101528,0.10654948603297605,0.0
Alex Collins,RB,SEA,8.9285612744096898,4500.0,0.62625077147849539,0.13197895090289183,0.02916246336663092,0.029958754271209136,0.034338419563441545,0.063893817689508567,0.084416822727822735,0.0
DeAndre Washington,RB,OAK,8.8775497557731917,4900.0,0.59412957214926199,0.14398014732727421,0.048497819401846484,0.034614145923329231,0.067406633446400396,0.041900491946125031,0.069471189805762557,0.0
Darren Sproles,RB,PHI,8.8028716994594944,5200.0,0.49240302405083591,0.21697308110796332,0.099366940015780489,0.056358821567903311,0.058748112844793123,0.036117780008808942,0.040032240403914995,0.0
James Starks,RB,GB,8.665965498095229,5100.0,0.54801443815952267,0.19301905466201161,0.056252661539467862,0.054611749913782752,0.066065401466655557,0.02244443094033988,0.059592263318219783,0.0
Rob Kelley,RB,WAS,8.6261755506360025,4700.0,0.57844929541936574,0.13124593220702674,0.094810998224619941,0.055295447965680276,0.049108677430050665,0.033357726028318616,0.057731922724938073,0.0
Zach Zenner,RB,DET,8.486675405434621,5200.0,0.59004913645066648,0.13778450551418167,0.087436055705984117,0.050162465906346571,0.039415290227596933,0.027974429825074195,0.067178116370150087,0.0
Charles Sims,RB,TB,8.4766700345921908,6300.0,0.49398021491179367,0.23895406155862914,0.091603113340206294,0.055715271890695361,0.056074431294106969,0.021429145132541728,0.042243761872026706,0.0
David Johnson,RB,ARI,8.4141398989331773,8400.0,0.40946136192650501,0.30700217631754134,0.12995670073577156,0.065950618729159888,0.052361417407248576,0.01375022370896696,0.021517501174806525,0.0
Mike Davis,RB,SF,8.286982737510499,4500.0,0.62733836042477831,0.16982306762809715,0.033801945999316858,0.027659417877861601,0.021577857833096101,0.01867724908675009,0.10112210115009988,0.0
James White,RB,NE,8.2753837713316045,5400.0,0.5327226712031673,0.213795199595018,0.080401506801963327,0.05038466326450422,0.043964294149656115,0.038858965154502018,0.039872699831189094,0.0
Chris Thompson,RB,WAS,8.2524025314176122,5100.0,0.57710278255316072,0.16286407209948575,0.089468279245102089,0.049055527126492159,0.03424186165670582,0.028461836590876199,0.058805640728177198,0.0
Alfred Blue,RB,HOU,8.2194722598895957,4800.0,0.4720621210488824,0.23096497048188644,0.14703372335393258,0.067263941108828856,0.035787924318892425,0.020566042522094596,0.026321277165482795,0.0
Terrance West,RB,BAL,8.061437753364542,5200.0,0.5016253635060306,0.22355522029434419,0.1208242366734268,0.070848389519227215,0.031593089034370102,0.017955149323572651,0.033598551649028509,0.0
Ryan Mathews,RB,PHI,8.0553866437147104,6600.0,0.52185735176273496,0.21942432891824376,0.10759518742060736,0.04983327146247056,0.04038776571974774,0.020301245292127412,0.040600849424068282,0.0
Shaun Draughn,RB,SF,7.7854796518539864,4900.0,0.62057466840814579,0.1922331147085993,0.038590973221664555,0.027410046342317099,0.021743951226030515,0.018621449545521529,0.080825796547721221,0.0
Stepfan Taylor,RB,ARI,7.6862259246459859,4500.0,0.60982741834004683,0.15689375107232381,0.074289249476687386,0.052779796198504404,0.028929631314959996,0.02973731822364007,0.047542835373837668,0.0
Kenjon Barner,RB,PHI,7.3277053282721063,4800.0,0.61656562327899356,0.16225333829526623,0.08137718682822763,0.04129110948417794,0.034972447196111395,0.024161120330819418,0.039379174586403616,0.0
Jamize Olawale,RB,OAK,7.1676459981589744,4500.0,0.67201894427755171,0.11668783269732398,0.057518511680191689,0.038074391921797443,0.055035150116548678,0.017922022100207352,0.04274314720637902,0.0
Jeremy Langford,RB,CHI,7.1043010617509932,6500.0,0.59795000118638097,0.19974422801570924,0.076864753021453527,0.044759496729461785,0.028713913280736074,0.013024743666951583,0.038942864099306897,0.0
Mark Ingram,RB,NO,6.9998906748170562,6900.0,0.64568135557450002,0.17484771586248352,0.032195764585741402,0.025260975454344827,0.066883802912416065,0.027284503034396817,0.027845882576117288,0.0
John Kuhn,RB,NO,6.7272248043161138,4500.0,0.69092683326641846,0.11876259406360783,0.045588008162192273,0.033372931739810208,0.062086946370000479,0.022111794540674943,0.027150891857295828,0.0
Josh Ferguson,RB,IND,6.6503046323447057,4500.0,0.64129331195464123,0.20010449166451502,0.031356743840814091,0.028054426969978251,0.055240261419114811,0.015707564296456096,0.028243199854480518,0.0
Benny Cunningham,RB,LARM,6.4832318994231617,4800.0,0.67268410309530979,0.15908665309616291,0.059046133518874881,0.031096617396277098,0.025179269325344929,0.012290948621125933,0.040616274946904458,0.0
Chris Johnson,RB,ARI,6.4767239336060438,5000.0,0.64670041792996202,0.20345083487859708,0.044386450614284437,0.023635441030119442,0.030540184840103974,0.015539580954531612,0.035747089752401595,0.0
Mike Tolbert,RB,CAR,6.4716265201734702,4800.0,0.61196807139876297,0.2001967523289678,0.101755755019867,0.032719244342800179,0.015371249262322183,0.010635812079343551,0.027353115567936216,0.0
Fitzgerald Toussaint,RB,PIT,6.4037017495339867,4700.0,0.6989817243638361,0.13400572683428083,0.054992055793050824,0.030692635225119072,0.022977881464825902,0.017675844080674886,0.040674132238212264,0.0
Ezekiel Elliott,RB,DAL,6.340598821128161,8100.0,0.68269702096556872,0.1803270772610385,0.034617250452513619,0.016516055483399808,0.02574495629504921,0.016402975064418429,0.043694664478011985,0.0
Jonathan Grimes,RB,HOU,6.3231091298304278,4500.0,0.63509941665556102,0.18038702558276534,0.091581004003000885,0.036154121260582504,0.020805627371881349,0.016290209474874331,0.019682595651334459,0.0
Marcus Murphy,RB,NO,6.267710965008332,4500.0,0.72144495331783376,0.090895615704415664,0.065648789534344498,0.030977297088114839,0.052227842903418191,0.015153349391087954,0.023652152060785331,0.0
Aaron Ripkowski,RB,GB,6.2501011714063059,4500.0,0.74271876706148054,0.12093445572825617,0.021105028425096914,0.019482496770117978,0.028271969424210501,0.01555132209655302,0.051935960494284644,0.0
Ty Montgomery,RB,GB,6.2501011714063059,4500.0,0.74271876706148054,0.12093445572825617,0.021105028425096914,0.019482496770117978,0.028271969424210501,0.01555132209655302,0.051935960494284644,0.0
Mike Gillislee,RB,BUF,6.1858569839265662,5000.0,0.75528212184389443,0.090121009403563573,0.051717460321098238,0.024121877448637766,0.012043944443954993,0.0070428372564748966,0.059670749282376222,0.0
Bobby Rainey,RB,NYG,6.0320365445296114,4500.0,0.70745696008768344,0.085533474332317144,0.10683169348405464,0.043892127942653764,0.032845136451088025,0.0054736213940911023,0.017966986308111811,0.0
Lance Dunbar,RB,DAL,5.9463879451978539,4800.0,0.76117653010366171,0.10953574938688347,0.022847906353921026,0.017098597741485685,0.024575647381122834,0.024352369678743775,0.040413199354181244,0.0
Derrick Henry,RB,TEN,5.8938447447234168,5500.0,0.73135533394771624,0.13824371752322806,0.023807416317724796,0.022279132127933723,0.029920369823727828,0.031446449053704424,0.022947581205964806,0.0
Matt Jones,RB,WAS,5.8793801159183818,6400.0,0.74142255499200571,0.13447239873248157,0.032182962663145818,0.01560754913505007,0.016782683518989937,0.015915142390221636,0.043616708568105372,0.0
T.J. Yeldon,RB,JAC,5.8228456289404757,6600.0,0.64560492903873579,0.25547381808069169,0.033870971408605677,0.013482797542519074,0.01005113972274318,0.0061038826479445415,0.035412461558759913,0.0
Dwayne Washington,RB,DET,5.5920955803784915,4500.0,0.75301026658048809,0.12914582552672296,0.036988299973201473,0.014677846605346436,0.017489836773205199,0.010111803882012915,0.038576120659022724,0.0
Devontae Booker,RB,DEN,5.4921738724756128,5300.0,0.70699860472233222,0.18865656340045647,0.0370660926151457,0.01568426951189603,0.013444744143976645,0.0087726504583169971,0.029377075147876165,0.0
Malcolm Johnson,RB,CLE,5.483537760237513,4500.0,0.79638528475054593,0.1014061839430897,0.024304578951335497,0.0087897704292292395,0.0076005483649419477,0.0066119417941919913,0.054901691766665608,0.0
Brandon Bolden,RB,NE,5.3032150396969087,4800.0,0.75925407020073932,0.12626302098671061,0.040805166268123701,0.022277972420399514,0.014337833943423858,0.0082121225282594888,0.028849813652343435,0.0
Jordan Todman,RB,IND,5.1527937737885248,4500.0,0.77497208473610724,0.09939481256250611,0.050460866247184655,0.020264419429493863,0.031590149452225214,0.0056509904117948411,0.017666677160688128,0.0
Andy Janovich,RB,DEN,5.14532780572475,4500.0,0.74660580211063077,0.15965184101227509,0.03286807190950862,0.014699123251014516,0.011499489360884069,0.0078730807965916669,0.026802591559095312,0.0
Matt Asiata,RB,MIN,5.0920665992239007,4600.0,0.7835326198452236,0.098036055773644284,0.054729623575148961,0.020479498601486193,0.010480613659581374,0.0035088393759324598,0.029232749168983312,0.0
Robert Turbin,RB,IND,5.0652253467261295,5100.0,0.78399127868823593,0.10464215150680384,0.032022802018236325,0.024235233519125789,0.030347565330908533,0.0071232974450303795,0.017637671491659356,0.0
Justin Forsett,RB,DEN,4.9977839985848265,6500.0,0.72129147206602684,0.20155508235748146,0.028132165000654897,0.011761905977465539,0.010749186655338132,0.0059075325501935505,0.02060265539283956,0.0
Wendell Smallwood,RB,PHI,4.9948234215396266,4500.0,0.78609990959649767,0.12279968974260862,0.025250393143431669,0.013598158540654133,0.016024064400824104,0.0098047497938005077,0.026423034782183389,0.0
Knile Davis,RB,KC,4.9923007769977996,4500.0,0.76261517322859673,0.14329949167949185,0.030415483861394782,0.022067978325157736,0.013349586473309338,0.0059416311198365705,0.022310655312213067,0.0
Andre Ellington,RB,ARI,4.9448076272929473,4700.0,0.76977399723711948,0.11934608756376214,0.047741890399260273,0.024284512187196409,0.017233694660390909,0.0054569831977380311,0.016162834754532882,0.0
Patrick DiMarco,RB,ATL,4.9426782938252485,4500.0,0.82976156551396696,0.068706076554698486,0.028863734078657353,0.012867514708132161,0.015112865220447733,0.018283650973188372,0.026404592950908794,0.0
Bilal Powell,RB,NYJ,4.936839248436959,4900.0,0.79849130408578595,0.11069207526506623,0.027346437479522034,0.01340698820861576,0.012420253558654695,0.0083987990083284336,0.029244142394026666,0.0
James Develin,RB,NE,4.785774058458597,4500.0,0.82957048428724767,0.092793042615254978,0.015544461947195339,0.010222089403945155,0.0093964584264737468,0.0073711788765985749,0.035102284443284677,0.0
Corey Grant,RB,JAC,4.7519464260472111,4500.0,0.78379920410141291,0.14542088828346439,0.023803597965021149,0.0084714836127314924,0.0053035865251689135,0.0033837685148286928,0.029817470997372583,0.0
Taiwan Jones,RB,OAK,4.7259763827301091,4500.0,0.83167417005935451,0.073454812998304683,0.024814771655675236,0.017541631310609315,0.024073896699724172,0.0077828151936766288,0.020657902082655239,0.0
Kenyan Drake,RB,MIA,4.6952185692526065,5900.0,0.84093002212228707,0.083045289043114812,0.012807154390305409,0.010849440649882847,0.010855820759206058,0.01027817579233465,0.031234097242869172,0.0
Kyle Juszczyk,RB,BAL,4.5725567926422448,4500.0,0.79572974582786526,0.11356160384318051,0.03929589146180465,0.021738234785858301,0.010378893847291017,0.0065292696707212198,0.012766360563279105,0.0
Denard Robinson,RB,JAC,4.5514391902420694,4600.0,0.80203222519780726,0.1112916647296993,0.044512208170220564,0.013758818846087944,0.0054191924931589136,0.0015931721281967415,0.021392718434829261,0.0
Daryl Richardson,RB,PIT,4.5123324155673812,4500.0,0.83648563162422573,0.092114171520093546,0.016379058532422459,0.010705889688718617,0.01118384565025002,0.0097419843576681282,0.023389418626621698,0.0
Jerick McKinnon,RB,MIN,4.4434395828336504,5300.0,0.82587222202035737,0.084354660594000264,0.045675069096310694,0.014330040246326392,0.0077122120713905788,0.0028123500399533669,0.019243445931661548,0.0
Kapri Bibbs,RB,DEN,4.3148989112857761,4500.0,0.81639481843322104,0.12399357451559487,0.020163860439247023,0.0090621040265396954,0.00732384527795587,0.0051499258844960706,0.017911871422945164,0.0
Ryan Hewitt,RB,CIN,4.2386786930564826,4500.0,0.85082904772659373,0.089160633826017271,0.015059552364301966,0.0088174098517849516,0.0099378428437833337,0.005345625261789274,0.020849888125729354,0.0
Orleans Darkwa,RB,NYG,4.1723245216998457,4500.0,0.85252628256850671,0.07258966349928668,0.031508024775137262,0.014101956691602953,0.0098191872728457062,0.0061201210852125567,0.013334764107408222,0.0
Tyler Ervin,RB,HOU,4.1200259252620928,4500.0,0.83925383552513311,0.10027568360126299,0.023393231177165262,0.01064234011100253,0.0073307561507754988,0.0056560021097193823,0.013448151324941317,0.0
Chase Reynolds,RB,LARM,4.0821193082387488,4500.0,0.84124941562318245,0.1085007725159486,0.015361829943424875,0.0075154837784426973,0.0075231480028625491,0.0029735933244861346,0.016875756811652681,0.0
Jay Prosch,RB,HOU,4.0494887086190356,4500.0,0.84662161864024266,0.095486756527526043,0.022815024842559144,0.0099165444007637792,0.0067388110086493572,0.0051080209982733707,0.013313223581985709,0.0
Rex Burkhead,RB,CIN,3.9591966519371673,4500.0,0.85510961883583725,0.089641053446276722,0.021564451092562623,0.010321644145980606,0.0078817070327906278,0.0027015341437749297,0.012779991302777315,0.0
Michael Burton,RB,DET,3.9534881442221361,4500.0,0.85957240426333825,0.091929933115015516,0.016657621517221482,0.0052546898744392952,0.0063275082772606553,0.0048650861534023076,0.015392756799322555,0.0
Jalston Fowler,RB,TEN,3.9444755088804806,4500.0,0.88191652409537935,0.065442663471337162,0.01191168497315317,0.0083459568881149443,0.0087904950002171325,0.0092821156822998456,0.014310559889498453,0.0
Zach Line,RB,MIN,3.8913452622396187,4500.0,0.87379183176755404,0.078496641275734164,0.016124622487034376,0.0063680213218450738,0.0047513226509715827,0.0024168877339306861,0.018050672762930139,0.0
Todd Gurley,RB,LARM,3.8464303414737442,8300.0,0.826593961044231,0.14152532200619128,0.011727520850600569,0.0039611431429866784,0.0044791203778517669,0.0010855120739416415,0.010627420504197096,0.0
Antonio Andrews,RB,TEN,3.7277629481852972,4500.0,0.9005122347277813,0.050422687095244487,0.014157071321969255,0.0092204116598291301,0.0078371020482362278,0.0054813924864423238,0.012369100660497302,0.0
