name,pos,team,expectation,salary,prob_0_5,prob_5_10,prob_10_15,prob_15_20,prob_20_25,prob_25_30,prob_30+,label
Jordan Reed,TE,WAS,13.426897764287531,7500.0,0.15001794090625717,0.21439903073243102,0.24060709409722481,0.22913295939237002,0.084474162739853004,0.042950982708676158,0.038417829423188124,2.0
Greg Olsen,TE,CAR,10.039014441681131,7800.0,0.29361668294364879,0.2746678291689158,0.22057739590189385,0.11288949397101816,0.063063925776686902,0.018429524801478761,0.016755147436357941,0.0
Travis Kelce,TE,KC,9.6150346561595708,6000.0,0.26555717140785917,0.33820079352015031,0.21802936740036724,0.099613348906356286,0.053479587759235052,0.018192830922790715,0.0069269000832410622,1.0
Jason Witten,TE,DAL,9.3158783820414026,6000.0,0.30158059078826299,0.30842986549547924,0.22303234332673333,0.097940133593346787,0.037830947172378636,0.026115228509942915,0.0050708911138562024,1.0
Julius Thomas,TE,JAC,9.2793490504478608,6100.0,0.30975179262759028,0.25134632908863541,0.29384716419144197,0.10270524383836495,0.020510714531507122,0.010187566146042337,0.011651189576418126,0.0
Eric Ebron,TE,DET,8.8961682437421246,5600.0,0.2996728050195957,0.35853949668961804,0.18890146352028053,0.10170255226757427,0.027907444826908129,0.016761170657511718,0.0065150670185125069,1.0
Dwayne Allen,TE,IND,8.7176179451310745,6100.0,0.31789892351213961,0.33860576095568207,0.19564026603218709,0.098196347656205593,0.036053827649783002,0.0090658265484057678,0.004539047645597101,1.0
Jimmy Graham,TE,SEA,8.1719553811369021,5200.0,0.39548921938619341,0.30097619898514805,0.17178619652211877,0.072307459710569705,0.02887339102586825,0.027508288295229739,0.003059246074871401,0.0
Jacob Tamme,TE,ATL,8.1367750454883634,5500.0,0.41381976567085554,0.23408596728591388,0.23125922107351385,0.077550433598444407,0.025325951465435811,0.013290535253522058,0.0046681256523145266,0.0
Kyle Rudolph,TE,MIN,7.9925706025259577,5100.0,0.3907766782380272,0.29413209596773504,0.21292947104971996,0.061544892916307603,0.019943207659222754,0.01350878603081147,0.0071648681381761949,0.0
Gary Barnidge,TE,CLE,7.8625888493940375,5800.0,0.4500554719378469,0.20947171342624296,0.21443741251033968,0.08287669769103774,0.032636786394848558,0.0089323163190462278,0.0015896017206379178,0.0
Coby Fleener,TE,NO,7.7061391996481614,5500.0,0.46478308503254723,0.23595006037469457,0.17362974577207679,0.076274554507055184,0.026790170996106446,0.016457700705791112,0.006114682611728788,0.0
Rob Gronkowski,TE,NE,7.6359483636789314,7300.0,0.56234047748932414,0.12065829429765502,0.065864634845035977,0.23940157081072988,0.005018316725488174,0.0047563056617118647,0.0019604001700550119,0.0
Martellus Bennett,TE,NE,7.4896374883072223,6100.0,0.40852688247175828,0.34129342520670625,0.15516549458539325,0.058753956259195467,0.017335167848034364,0.01487495698246874,0.00405011664644372,0.0
Clive Walford,TE,OAK,7.0253493887531198,5000.0,0.48948329996923323,0.25478030014626368,0.15710507992798314,0.07365577057497355,0.012660384860475214,0.010385335203594215,0.0019298293174771579,0.0
Jared Cook,TE,GB,6.9601263869355483,5000.0,0.47137939211911167,0.3198280312193138,0.11713020227060558,0.051864578791515889,0.019295460325512347,0.018735943553750672,0.0017663917201898921,0.0
Jordan Cameron,TE,MIA,6.8512313750956375,5400.0,0.49077158687634265,0.28450826595493561,0.13540416539573505,0.059502858675894728,0.014685800808634112,0.013766463909647832,0.0013608583788095475,0.0
Zach Miller,TE,CHI,6.8306104910468406,5200.0,0.46508801969964919,0.33290747381130387,0.11827764114139092,0.053211719766851184,0.017599497132864933,0.011550347085559751,0.0013653013623800795,0.0
Jack Doyle,TE,IND,6.7765989499195092,5000.0,0.48008122204477038,0.29931796437577979,0.14823500953808594,0.044949267068743672,0.018640930584236663,0.004614105690482752,0.0041615006979013065,0.0
Dennis Pitta,TE,BAL,6.6945400997040441,5000.0,0.45713145263308175,0.35519859470460668,0.11980692125604744,0.046178497361672677,0.0072581098841481553,0.011496070626922412,0.002930353533520716,0.0
Charles Clay,TE,BUF,6.5822554901085013,5000.0,0.50426260013808899,0.29725536463463481,0.12182455470684586,0.042459832658627787,0.025348609423647795,0.0071640410300708524,0.0016849974080838301,0.0
Vance McDonald,TE,SF,6.4845916369448355,4900.0,0.46526200922847555,0.35515742768246722,0.11909001056850473,0.046819776411544549,0.0066875919081983651,0.0060130104021325417,0.00097017379867700491,0.0
Larry Donnell,TE,NYG,6.4833260417722078,5200.0,0.52075225741890629,0.27402822162309876,0.13581855535805221,0.04234847718641345,0.014882473735023129,0.0097870305962562375,0.0023829840822499108,0.0
Tyler Kroft,TE,CIN,5.9780424836680313,4800.0,0.55052528839035242,0.2985784593747684,0.088446267240585338,0.044684351703860564,0.0077252302520029572,0.0067193953278176319,0.0033210077106131052,0.0
Vernon Davis,TE,WAS,5.9454897962770348,4600.0,0.56259251265471188,0.27314254828276424,0.10577067403834967,0.040327165078201915,0.0099295081481695652,0.0065532077447067903,0.0016843840530961645,0.0
Will Tye,TE,NYG,5.9019101877076299,4800.0,0.60267599869968147,0.22384871959390107,0.10500268324635847,0.044211749284595037,0.014885717092071225,0.0043923488728126823,0.004982783210580633,0.0
Cameron Brate,TE,TB,5.606918690882484,4800.0,0.64564921522193719,0.19113404926934621,0.094349060502604137,0.045282215829004012,0.014768057343276773,0.0071202805853896323,0.0016971212484422869,0.0
Marcedes Lewis,TE,JAC,5.5939438844740623,4500.0,0.6202944070271551,0.20116035334239873,0.14469587168983888,0.021898454281198219,0.0031163230112219021,0.0048992092859728642,0.0039353813622137954,0.0
Jesse James,TE,PIT,5.5835173359711519,4500.0,0.6025931284287448,0.23193829837514562,0.12916337904916797,0.025183686964757389,0.0063026712378560414,0.0037638458420543633,0.0010549901022738777,0.0
Stephen Anderson,TE,HOU,5.3806192688327732,4500.0,0.63360015218430621,0.22593607888891579,0.099987556246195861,0.02352860353089228,0.010313980905691106,0.0031651036107913644,0.0034685246332075755,0.0
Lance Kendricks,TE,LARM,5.3571802629089325,4500.0,0.62068798701675687,0.25088969063733635,0.076981377413771382,0.043102209215561564,0.00567434531361268,0.0018259596023158643,0.00083843080064506092,0.0
C.J. Uzomah,TE,CIN,5.3552022736103018,4700.0,0.61077913189978461,0.26494910242267139,0.08454115720352702,0.026765059852949549,0.0099734041760017097,0.0017524648422980659,0.0012396796027675527,0.0
Crockett Gillmore,TE,BAL,5.2603209605007235,4600.0,0.68302491192412573,0.14809327198883507,0.12923302091557085,0.024401501597519897,0.006850173500951128,0.0064544006604526005,0.0019427194125447699,0.0
Richard Rodgers,TE,GB,5.2299290736286004,4600.0,0.67898572744015862,0.18158176804556259,0.084943348684861808,0.031740035781882697,0.017792863981468898,0.0027265855936780036,0.0022296704723876663,0.0
Luke Willson,TE,SEA,5.1740995306490767,4700.0,0.69637353176726979,0.15331280523406673,0.092610882638735195,0.042823820907648774,0.010056467804470646,0.002505462688874921,0.0023170289589345347,0.0
Brent Celek,TE,PHI,5.1584744886351617,5200.0,0.69474393520235533,0.14667726413580492,0.11653976170139468,0.026944823356701422,0.0079458793678934877,0.0047627085908438166,0.0023856276450062697,0.0
Austin Hooper,TE,ATL,5.0793942630360265,4500.0,0.71358245750936133,0.14475391203808996,0.069237188433550242,0.062665232902229279,0.0061687511845230081,0.0022474108682440947,0.0013450470640022051,0.0
Geoff Swaim,TE,DAL,4.5513863530741636,4500.0,0.74719380099646737,0.13709554454347647,0.091807672880063668,0.014658929161837003,0.0044480396506158979,0.0022510991771695788,0.0025449135903702056,0.0
David Johnson,TE,PIT,4.3639739419827164,4500.0,0.81552675759698567,0.10055934402753673,0.051292538383914822,0.0096164656984514141,0.0031763106007974863,0.00052671059826923526,0.019301873094044117,0.0
Dion Sims,TE,MIA,4.3609120674106743,4500.0,0.76583022553976343,0.14765662366208313,0.05731402185868277,0.014268407068304055,0.010391165697620774,0.0026528353471756672,0.0018867208263710971,0.0
Trey Burton,TE,PHI,4.0816015695953975,4500.0,0.80754245905771505,0.11059265384163348,0.057918602876900899,0.015701251331892332,0.0019625764497862579,0.0039330482297645804,0.0023494082123075651,0.0
Darren Fells,TE,ARI,3.9893937971548072,4600.0,0.8049462187412022,0.13164937482636113,0.040144183451660292,0.015821176858667983,0.0022037106765085842,0.002911357318103379,0.0023239781274961187,0.0
Niles Paul,TE,WAS,3.7136093358470479,4600.0,0.8478490078803822,0.099310783815973538,0.033195964273723545,0.013355434170590645,0.0013319007038497775,0.00039644002120359093,0.0045604691342768936,0.0
Garrett Celek,TE,SF,3.6674578712951327,4500.0,0.84284112195037553,0.096084863078452237,0.050816146287835547,0.007763370749593464,0.0011927016373835526,0.000498784079832251,0.00080301221652731005,0.0
Ryan Griffin,TE,HOU,3.663830782384168,4500.0,0.84535723386252071,0.094021727045708089,0.049601773179523613,0.0075818119816459415,0.00191837522711054,0.00050137690266060793,0.0010177018008300767,0.0
Xavier Grimble,TE,PIT,3.6064545577243803,4500.0,0.86067234929036374,0.088833561108274214,0.035257211028760546,0.0086820416183550804,0.001165557837805061,0.002530494722716564,0.0028587843937249845,0.0
Levine Toilolo,TE,ATL,3.5837332290215911,4500.0,0.85903885153870241,0.096732928294838552,0.029666751220499582,0.0089246451537078123,0.00087124559806179961,0.0003699740314177894,0.004395604162772411,0.0
Lee Smith,TE,OAK,3.4714502549906414,4500.0,0.86976939102773265,0.090441343636212063,0.029245436619845317,0.0056609170256812736,0.0011957997785018771,0.00024956233133352241,0.0034375495806933192,0.0
Demetrius Harris,TE,KC,3.4650960605234058,4500.0,0.85635911538181908,0.10897685750947017,0.025084060724499691,0.0078062671757435581,0.00031407044792854555,0.00019229141082460042,0.001267337349714409,0.0
Jermaine Gresham,TE,ARI,3.4569050251533988,4500.0,0.87031213724375134,0.089628203503054268,0.027110289053950881,0.010015944993490896,0.00061295652221384162,3.3656061734887653e-05,0.0022868126218033085,0.0
Blake Bell,TE,SF,3.3678379052990306,4500.0,0.86048802136900271,0.11950704061496023,0.01474716798988618,0.0022499364738610677,0.00053104259874477546,0.00027127769968953298,0.0022055132538559142,0.0
Maxx Williams,TE,BAL,3.3307428831426424,4600.0,0.8998165048072253,0.062456831411754718,0.02752188294553904,0.0042711058350775382,0.00062661572017488551,0.00077845758781161121,0.0045286016924162877,0.0
Nick O'Leary,TE,BUF,3.3094923983928437,4500.0,0.9075618467483294,0.042748167973901352,0.04324223849879831,0.0011565881348796765,0.00158596862278589,0.00082102621812865184,0.0028841638031761852,0.0
Brandon Myers,TE,TB,3.2300870696644366,4600.0,0.9150801241011185,0.054335468989592267,0.016361854640520611,0.008661993514428484,0.00078563151340589794,0.00080486533381971621,0.0039700619071147735,0.0
Kellen Davis,TE,NYJ,3.2072804905612866,4500.0,0.89873699198093393,0.079058154739027706,0.01374638360525662,0.0048646050750114486,0.00083101202185068511,0.00064748593746360202,0.0021153666404556161,0.0
Anthony Fasano,TE,TEN,3.1818437678172273,4500.0,0.89923895211015004,0.075292308990968379,0.021122032720654632,0.0016761994237434348,0.0011774213931997294,0.00040730637413560533,0.001085778987147797,0.0
Phillip Supernaw,TE,TEN,3.1190355879485234,4500.0,0.91258026666816516,0.061185727844508361,0.021434977001168542,0.002585216262128627,0.000800339502062336,0.00026209582970895655,0.0011513768922583126,0.0
C.J. Fiedorowicz,TE,HOU,3.110405320103514,4500.0,0.90791813617986061,0.070632127721502611,0.017535563500904839,0.00190591809813376,0.00078344244089183169,0.00028999542811495834,0.00093481663059182202,0.0
Justin Perillo,TE,GB,3.0925958950176624,4500.0,0.92288886899731815,0.052699715380237336,0.018645811375773879,0.0012317181743832166,0.0012436654115692408,0.0010189397282292154,0.0022712809324884451,0.0
John Phillips,TE,NO,3.0905855671037106,0.0,0.92028877600398207,0.060447625962230155,0.013688580688728458,0.00086031691562026707,0.00072887890326182132,0.00074132013266962936,0.0032445013935075116,0.0
Jace Amaro,TE,TEN,3.0650883955840666,4500.0,0.92681355432125434,0.052120882498067886,0.015585049807720557,0.00084201240323379732,0.00072280524812219442,0.00076172225953032426,0.0031539734620711357,0.0
Gavin Escobar,TE,DAL,3.0448550261421681,4500.0,0.92429456362881002,0.055657357460484932,0.015895321600914159,0.00061399325218094612,0.00080894066214916023,0.00086572660634382371,0.0018640967891171791,0.0
Hunter Henry,TE,SD,3.0355847041115669,4500.0,0.92507860895522731,0.051579638147513714,0.017686464574754337,0.0044805404636584431,0.0002857208763274378,0.00013253783824322945,0.00075648914427536395,0.0
Marqueis Gray,TE,MIA,3.0113020211708901,4500.0,0.93249316296514795,0.048930903852434718,0.013832087391740801,0.00047677042341828102,0.00079305801549081189,0.0010122203469622565,0.0024617970048049745,0.0
Ross Travis,TE,KC,2.9967600513859174,0.0,0.93172731761537997,0.053069331176043268,0.010357435779536382,0.00063179854120456135,0.00093035087039723208,0.00092898045099082198,0.0023547855664478134,0.0
Ed Dickson,TE,CAR,2.9962956821096065,4500.0,0.93934401119451538,0.041899869451127968,0.012415618097481956,0.0008230349973234049,0.00074967256954452228,0.0026202823195714976,0.0021475113704344799,0.0
Scott Simonson,TE,CAR,2.9962956821096065,4500.0,0.93934401119451538,0.041899869451127968,0.012415618097481956,0.0008230349973234049,0.00074967256954452228,0.0026202823195714976,0.0021475113704344799,0.0
Asante Cleveland,TE,SD,2.9829303818732051,4500.0,0.93444876416598344,0.04982819272294408,0.011027976300366176,0.00057953787686894603,0.0009570328290430404,0.0009300257179841035,0.0022284703868100226,0.0
Cole Wick,TE,DET,2.9783628292297428,4500.0,0.93238679045084893,0.050147160031543278,0.013597995469826105,0.0011845162483922714,0.00070514814521415315,0.00060283946894627307,0.0013755501852289645,0.0
Jeff Heuerman,TE,DEN,2.9771441011920263,4500.0,0.93572936156451592,0.04904310738950559,0.010366937722185698,0.00061210772027390505,0.00098558456386165232,0.00089045384634303735,0.0023724471933145677,0.0
Brandon Williams,TE,SEA,2.9535406120175005,4500.0,0.93850798650381817,0.043444549099822961,0.014430880069800535,0.00058520020660061327,0.00083721284971719249,0.00064316807410682718,0.0015510031961340183,0.0
James O'Shaughnessy,TE,KC,2.9532287391774252,4500.0,0.93830244184118017,0.04647655268961251,0.010935045407041334,0.00058590101901045044,0.00093953694229673927,0.00077342676667536243,0.0019870953341837852,0.0
Khari Lee,TE,DET,2.9437820221842053,4500.0,0.94044313715298689,0.044989569689714466,0.010043725240678411,0.00059496923973672037,0.00091030833729107254,0.00091042933996935988,0.002107860999622865,0.0
Clay Harbor,TE,DET,2.9437820221842053,4500.0,0.94044313715298689,0.044989569689714466,0.010043725240678411,0.00059496923973672037,0.00091030833729107254,0.00091042933996935988,0.002107860999622865,0.0
Logan Paulsen,TE,CHI,2.9365621170657858,4500.0,0.94067780439556348,0.044568332093476874,0.010622560355868924,0.00054504341414017478,0.00088805233380943437,0.00081781141075410965,0.0018803959963867353,0.0
Sean McGrath,TE,SD,2.922541399957495,4500.0,0.94305421989383864,0.042164079115780892,0.010679314740521704,0.00057169192262795259,0.0010016186278568118,0.0007833139537091608,0.0017457617456643152,0.0
Rhett Ellison,TE,MIN,2.9017868203874326,4500.0,0.9453384721213246,0.039582379980872349,0.011479465439687291,0.00076553782010679178,0.00080822779883542805,0.00058795392869918049,0.0014379629104741131,0.0
Jim Dray,TE,BUF,2.8996006133202101,4500.0,0.94615614971704998,0.040641463770373497,0.0091956789847710534,0.00060218127799839712,0.00080987210293772898,0.00068265551751141816,0.0019119986293574605,0.0
Brandon Bostick,TE,NYJ,2.8935834015604058,4500.0,0.94654395157901583,0.04021378517265263,0.0094312021816250566,0.00068072532293978545,0.00073434559147915858,0.00060866903228172259,0.0017873211200052611,0.0
Cory Harkey,TE,LARM,2.8866227762464876,4500.0,0.9467225699402132,0.040156904455891686,0.0096461877449695813,0.00061052434300452472,0.00071989163683741067,0.00051423765796053845,0.0016296842211231848,0.0
Tyler Higbee,TE,LARM,2.8857254065937856,4500.0,0.9465111433930995,0.040256646711753177,0.0098713192005617494,0.00065689408295712673,0.00066961882148229362,0.0004845446432464162,0.0015498331468996769,0.0
Troy Niklas,TE,ARI,2.8735088493451055,4500.0,0.95074701834265674,0.035685313934585142,0.0097191207174383461,0.00054040319971484043,0.0010968392711656768,0.00053588777206456286,0.0016754167623737814,0.0
