name,pos,team,expectation,salary,prob_0_5,prob_5_10,prob_10_15,prob_15_20,prob_20_25,prob_25_30,prob_30+,label
David Johnson,RB,ARI,16.553961173992128,8400.0,0.07275158347570429,0.16807076500890625,0.19556241171551617,0.24979863221305923,0.15312974552098499,0.10318855719501713,0.057498304870812866,3.0
DeAngelo Williams,RB,PIT,14.626167851659071,8800.0,0.070143578017521357,0.20183960777649901,0.27756421339759541,0.26652034860976953,0.092124376911607742,0.064362804720776046,0.027445070566231414,2.0
DeMarco Murray,RB,TEN,14.393736468968406,7700.0,0.10637837194378379,0.24059492088898116,0.22116361988822794,0.19684559643651223,0.12242855200144162,0.0775026444359386,0.035086294405115015,1.0
Ezekiel Elliott,RB,DAL,14.077556130951555,8100.0,0.10495046326829495,0.25978393745063527,0.19408673063888671,0.23394157366353135,0.11412809666787015,0.06399537948017002,0.029113818830611912,1.0
Latavius Murray,RB,OAK,13.533385532679571,7100.0,0.13615848400074596,0.24900232015680579,0.22459299089645113,0.20654492144819575,0.088582091696461251,0.055832715501959403,0.039286476299381042,1.0
Devonta Freeman,RB,ATL,13.383454424122574,7400.0,0.12460893378152996,0.23626532619868615,0.24544350533861312,0.22978850710120793,0.087107756536994277,0.058244540854864309,0.018541430188104554,2.0
Matt Forte,RB,NYJ,13.352730177749267,7500.0,0.12626414268496675,0.26523982269826463,0.20935514312219464,0.2386663085739226,0.077148968645483609,0.053076910990064646,0.030248703285103661,1.0
C.J. Anderson,RB,DEN,13.321009984327491,8000.0,0.11909031923680892,0.23889947824560206,0.23530772991282672,0.2670338212673693,0.077410632473582805,0.040489371677978711,0.021768647185832296,3.0
Melvin Gordon,RB,SD,12.467165380370329,7100.0,0.15529341751542702,0.28755989427659545,0.23138014449746863,0.17922154397317391,0.075377570135972266,0.039100208046491891,0.032067221554871163,1.0
Mark Ingram,RB,NO,12.441866019523273,6900.0,0.14306691534779864,0.2932396593021554,0.23221426386514232,0.19562862485558555,0.071327300504477664,0.040594063015945932,0.023929173108895002,1.0
LeSean McCoy,RB,BUF,12.353415329735668,6700.0,0.16932445554493356,0.28160105654462886,0.23305668309102601,0.16060308305441146,0.086155493714552153,0.035765042085936512,0.03349418596451182,1.0
Eddie Lacy,RB,GB,12.217326391834423,7300.0,0.14563608348441598,0.31294648896769456,0.21149690887455017,0.2005378061898547,0.073145628687232858,0.034808004229363539,0.021429079566888679,1.0
Tevin Coleman,RB,ATL,12.146577518738718,6400.0,0.19658047184568644,0.27779454578943724,0.20677901172481419,0.1705666383391988,0.06701201301097387,0.046681738624731628,0.034585580665158114,1.0
Spencer Ware,RB,KC,11.693662984304632,6300.0,0.2032418987934646,0.30922618696722665,0.19954980292099955,0.14676974477117824,0.064097196106291263,0.04502654836830644,0.032088622072533629,1.0
Lamar Miller,RB,HOU,11.689806145169664,7000.0,0.15089436646752311,0.31415161544766701,0.26095383548096351,0.1678404430772541,0.059441310914611717,0.028702944162498141,0.018015484449482845,1.0
Matt Jones,RB,WAS,11.483549980844305,6400.0,0.23975330702512143,0.23160623493321353,0.23099732612349219,0.18214534807804952,0.064614039239537999,0.021684954738296885,0.029198789862288913,0.0
Jeremy Hill,RB,CIN,11.274000740896328,6400.0,0.22954068565895275,0.27568433046643698,0.21805318242691341,0.156150697757931,0.063717506556306522,0.033240698671669004,0.023612898461790419,1.0
Christine Michael,RB,GB,11.148848465731334,6900.0,0.23365658055940941,0.30002209985535022,0.19425662828477955,0.14856711472447931,0.064015673336807286,0.031441381235963725,0.028040522003211037,1.0
Isaiah Crowell,RB,CLE,11.127375688745325,6900.0,0.22401440310861101,0.2818119423465022,0.2574400538896735,0.12013330479456857,0.062029937722394311,0.022962603699132781,0.031607754439118271,1.0
LeGarrette Blount,RB,NE,11.096689815476902,6500.0,0.24202087696450822,0.27134788962274831,0.22974880639691611,0.13631979024287097,0.068657419737,0.021653666487686966,0.03025155054826955,1.0
Todd Gurley,RB,LARM,11.085659048535554,8300.0,0.17881534843224109,0.34780304218804081,0.2262882193189194,0.13214153988580646,0.071833321172379727,0.031517342655125596,0.011601186347486884,1.0
Jeremy Langford,RB,CHI,10.903156611207958,6500.0,0.24230549879678237,0.31175661723501735,0.20316318834028088,0.12139789810563294,0.062278907368984462,0.023264854308858586,0.035833035844443521,1.0
Ryan Mathews,RB,PHI,10.883946008598334,6600.0,0.21346821002151553,0.32489170101911174,0.23616054043074816,0.11374535232223187,0.061727815996480778,0.022408248318659344,0.027598131891252837,1.0
Frank Gore,RB,IND,10.848058073690598,5700.0,0.22249549074826483,0.29225464799111095,0.26464396847545774,0.10821323757398768,0.071335658790179834,0.019189196548723406,0.021867799872275922,1.0
Carlos Hyde,RB,SF,10.241245918110963,6100.0,0.25429393235387104,0.31553049446967918,0.22844375096317082,0.10600328875986147,0.056735711322413451,0.015049912129729708,0.023942910001274579,1.0
Theo Riddick,RB,DET,10.223138713347167,6400.0,0.24562124175453545,0.35402817461175395,0.18974892830940543,0.10237177782273967,0.06520141987079546,0.024336184075027072,0.01869227355574337,1.0
Justin Forsett,RB,DET,9.834149038435406,6500.0,0.30121651143060424,0.27816715365250605,0.22325103604315971,0.11741414350742944,0.042147813873296414,0.016263215847831473,0.021540125645172992,0.0
Fozzy Whittaker,RB,CAR,9.6217889353124413,6300.0,0.33626010217176239,0.26485998821658768,0.21015223111885101,0.1115916435202122,0.031188506467732077,0.012663036736616359,0.033284491768238729,0.0
Giovani Bernard,RB,CIN,9.5403661333509433,5700.0,0.34653749649410753,0.23512012193080561,0.22532489638977946,0.1084177264812512,0.05089564988625167,0.017072782896446728,0.016631325921358384,0.0
T.J. Yeldon,RB,JAC,9.2735599663706019,6600.0,0.35725023800469086,0.28401587281464519,0.18510251682065357,0.084064990777679177,0.044226829909689881,0.015545527350534135,0.029794024322107787,0.0
Charles Sims,RB,TB,8.660975804925549,6300.0,0.40907835194535341,0.24937024886057707,0.18711931791622238,0.079846881997461996,0.039292788787064617,0.011684128703427539,0.023608281789893226,0.0
Shane Vereen,RB,NYG,8.3534777006260423,5200.0,0.38659421890636031,0.31508936287075706,0.16070588863364543,0.069976610940687842,0.042070091256006199,0.006787117273638915,0.018776710118904246,0.0
Charcandrick West,RB,KC,7.9762459579592715,5200.0,0.44413004040674037,0.26586252963854784,0.17596366110861134,0.055588965999523079,0.019257588008491981,0.014079871162672987,0.025117343675412532,0.0
Duke Johnson,RB,CLE,7.9353943840638905,5100.0,0.42981947846806517,0.3091143652127406,0.14183736192570781,0.060796762340147248,0.022432088478988296,0.0078856576140374432,0.028114285960313779,0.0
Chris Johnson,RB,ARI,7.845478871470009,5000.0,0.47350335233809498,0.24250193139199352,0.15143685656294686,0.068847760183205126,0.029580559296521643,0.015324932957755407,0.018804607269482392,0.0
Chris Thompson,RB,WAS,7.7873337491838477,5100.0,0.45093314275390239,0.28386509387005399,0.13924052063148357,0.054838402860365905,0.04529894850352971,0.012297121243858553,0.013526770136805989,0.0
Derrick Henry,RB,TEN,7.7819973183268445,5500.0,0.47626916106049616,0.25252021864922525,0.14087475085387738,0.069392376477325574,0.027661515665252285,0.0086842007962993403,0.024597776497524062,0.0
Kenyan Drake,RB,MIA,7.7123748388163635,5900.0,0.54580229801435387,0.19796605343103379,0.12732939222788195,0.05429343095715982,0.019951631760456359,0.0054056323307154633,0.0492515612783989,0.0
Terrance West,RB,BAL,7.6887555257020104,5200.0,0.47306305522516312,0.27659235386362391,0.12888754117578888,0.053863845737036321,0.034376557398876711,0.0077482005188245088,0.025468446080686481,0.0
Darren Sproles,RB,PHI,7.5568903120513085,5200.0,0.4757029504385194,0.27382265216036678,0.13799149872034822,0.051422446150065242,0.031814472462061205,0.0067011239569307757,0.022544856111708315,0.0
Jalen Richard,RB,OAK,7.3033656235258464,4900.0,0.53753148017553454,0.22254252307923938,0.11138960921734123,0.069457108239764143,0.028433066432582775,0.0039683938795826339,0.026677818975955492,0.0
Jay Ajayi,RB,MIA,7.302184762920783,5700.0,0.58566513027717904,0.18781968295288309,0.10683955927595383,0.042247116935418397,0.024410241472119946,0.0067086097848455548,0.046309659301600421,0.0
DeAndre Washington,RB,OAK,6.9544976822270401,4900.0,0.57216548871543205,0.21306209347228439,0.10711984458041664,0.053339186244234983,0.015577279990355183,0.0070090802427580489,0.031727026754519147,0.0
Alfred Morris,RB,DAL,6.8098003471006434,5400.0,0.58004266062399923,0.20923605532623854,0.10253678696137086,0.046997700130918689,0.031358794896295651,0.0084399021362941088,0.021388099924882959,0.0
James White,RB,NE,6.7268183461789315,5400.0,0.56426508443812073,0.23007970509592127,0.09762635385536983,0.060657698253567288,0.02399217407097852,0.0065826216498440218,0.016796362636198364,0.0
James Starks,RB,GB,6.4627041101276488,5100.0,0.62017404365151241,0.19411765431040495,0.087590538649296612,0.03718483628505357,0.030194833256539898,0.0059262409810274504,0.024811852866165211,0.0
Devontae Booker,RB,DEN,6.3048645958569391,5300.0,0.63259161726295865,0.17721765236289178,0.10253375412771597,0.045055971455308659,0.0089598554358435306,0.0073246989103756743,0.026316450444905486,0.0
Travaris Cadet,RB,NO,6.2056996551541328,5100.0,0.6130733931006711,0.2182926864627589,0.077841685745945882,0.03894894237633087,0.024161064424685356,0.017507795356008087,0.010174432533600198,0.0
Shaun Draughn,RB,SF,6.0311501137975814,4900.0,0.6530609072158946,0.17526594254633465,0.09793713252251833,0.027885110881525337,0.017663373720613541,0.0016253183960785915,0.026562214717034221,0.0
Chris Ivory,RB,JAC,5.9035468613242639,5600.0,0.77248131914069262,0.095536469559689113,0.048123452851153402,0.013376265600876755,0.0028201058446777304,0.0015258257982652178,0.066136561204644589,0.0
Tim Hightower,RB,NO,5.8826814501667082,4800.0,0.67016878986245187,0.18089465379268477,0.071515830597331645,0.026078775603368191,0.013618056718946898,0.016869257269203512,0.020854636156012924,0.0
Jamize Olawale,RB,OAK,5.8240682073909049,4500.0,0.66973479684495996,0.19750337211548802,0.047302058134769814,0.045070866222738065,0.0092413192265079699,0.0012873606280519158,0.029860226827484269,0.0
Dwayne Washington,RB,DET,5.8237746895324438,4500.0,0.70888516133496293,0.15247135841873705,0.061118593952843032,0.026804604728856204,0.0061213479595206774,0.0031639219170694214,0.041435011688010399,0.0
Matt Asiata,RB,MIN,5.8236460872620412,4600.0,0.65862162811264913,0.18227494619302995,0.09085903471803454,0.035157085658922858,0.0070715396607835797,0.0014157937095747506,0.024599971947005032,0.0
Denard Robinson,RB,JAC,5.5986856900006243,4600.0,0.67672510356458038,0.20044732552856454,0.055856702865737608,0.03137472582792046,0.0062830084043190553,0.0014767827457720267,0.027836351063105752,0.0
Bilal Powell,RB,NYJ,5.4887973255796885,4900.0,0.69233191537027516,0.17311927474356262,0.068384212315741516,0.032649906172536249,0.0086863381975748801,0.0041384009126837545,0.020689952287625418,0.0
Jordan Howard,RB,CHI,5.4449014809319927,5300.0,0.70830371466545117,0.16237949951384958,0.064350029780893658,0.025237407102618421,0.012443517563034445,0.0032956389208167376,0.023990192453336133,0.0
Robert Turbin,RB,IND,5.3542084397507725,5100.0,0.69964046314672845,0.1669424621576035,0.079243776396100002,0.021411504846991714,0.011401133053809217,0.0021811108985647812,0.019179549500202311,0.0
Lance Dunbar,RB,DAL,5.1195748018617877,4800.0,0.72247189096894515,0.1771093775756202,0.042170095555623156,0.024898784702613544,0.011352446898684464,0.00041591863828306224,0.021581485660230344,0.0
Jerick McKinnon,RB,MIN,5.1125525294208458,5300.0,0.74451891496375922,0.149706307046857,0.049778672784123658,0.018306118121330463,0.0088360600937655801,0.0030441779373681743,0.025809749052795473,0.0
Mike Gillislee,RB,BUF,5.1119200078352502,5000.0,0.70215628801367225,0.1975318016627948,0.044753826986307754,0.031949338334195262,0.0052080627004860089,0.00062676989295032859,0.017773912409593591,0.0
Josh Ferguson,RB,IND,5.028283203835004,4500.0,0.74111550460038589,0.15149781346608837,0.051624862966380365,0.029525494649606378,0.0030774968148431013,0.00033983240504162365,0.022818995097654164,0.0
Mike Tolbert,RB,CAR,4.9297211546800259,4800.0,0.76804246238197826,0.12590313936517539,0.052572312935681924,0.020695696025335945,0.0074294818582871765,0.001152298751808828,0.024204608681733061,0.0
Alfred Blue,RB,HOU,4.9135606858239358,4800.0,0.77073062235622991,0.12525228813147399,0.047366437779154863,0.026678990377186722,0.0041548148412626686,0.001159172911402679,0.024657673603289094,0.0
Benny Cunningham,RB,LARM,4.8364102226413435,4800.0,0.74605183217077586,0.15134246199667448,0.059423335724216299,0.021686775200950813,0.0027585690348831005,0.00052823922031398321,0.018208786652185664,0.0
Andy Janovich,RB,DEN,4.779194884375892,4500.0,0.7643348712592557,0.13304711138998226,0.054885388417899729,0.02103489600269071,0.008781073723407919,0.0011107860641797836,0.016805873142583708,0.0
Jacquizz Rodgers,RB,TB,4.7746354045131163,5300.0,0.78961207017494295,0.12581309477189959,0.034563916952384567,0.013141906945109879,0.0047961355181439487,0.0047318682172154238,0.0273410074203034,0.0
John Kuhn,RB,NO,4.7520338907980637,4500.0,0.76975080590403588,0.14579889086181894,0.03749933862012466,0.017469883539354438,0.0051866909835556587,0.00097382672463839758,0.023320563366471769,0.0
Fitzgerald Toussaint,RB,PIT,4.7446373354556872,4700.0,0.77241885632751583,0.13674565489048268,0.042765223350716024,0.02185915869690435,0.0028880868138699434,0.0013853915535252418,0.021937628366985214,0.0
Malcolm Brown,RB,LARM,4.7265003749173164,4500.0,0.77241449657496397,0.076701373503070186,0.12813767937873233,0.0080655287167086358,0.002693850770299776,0.00037640558257146699,0.011610665473653296,0.0
Taiwan Jones,RB,OAK,4.7195832054905349,4500.0,0.67679733118483953,0.25932566496624121,0.044656496749402759,0.0052994159980687917,0.0042243165684464025,0.00036437739962723352,0.0093323971333741877,0.0
Kenjon Barner,RB,PHI,4.6322843024760783,4800.0,0.79111496940806214,0.11637902020654468,0.04653676885717542,0.019001756121637958,0.0049383206226358417,0.0019625462511765166,0.020066618532766301,0.0
Damien Williams,RB,MIA,4.566528110792941,4500.0,0.75451931583597764,0.16964322814964669,0.039425722676393077,0.017503584864476139,0.0040116678620929656,0.00038240090655200135,0.014514079704860868,0.0
Andre Ellington,RB,ARI,4.4312133083254173,4700.0,0.81164345132278171,0.11806522271489948,0.030798462479410996,0.012140441993184091,0.0028008809161118699,0.00041956625407739586,0.024131974319534635,0.0
Jonathan Grimes,RB,HOU,4.4131975025522543,4500.0,0.84084040422841477,0.093063548080176639,0.024492323126752719,0.0071373105524744056,0.0018548352377157425,0.00014348564369543915,0.0324680931307701,0.0
Wendell Smallwood,RB,PHI,4.3832102420871948,4500.0,0.82977392203976952,0.0985035830541654,0.029805016116558045,0.013097691315773064,0.0025476685371598373,0.0011493920356866578,0.025122726900887068,0.0
Mike Davis,RB,SF,4.2734876555122527,4500.0,0.8431141009319667,0.089891154746461338,0.02361919506813262,0.017110616190780616,0.0015836268421050668,0.00035124010309338263,0.024330066117460716,0.0
Corey Grant,RB,JAC,4.2384788832634879,4500.0,0.81438607231936122,0.13249374762980276,0.01960167108011179,0.011556184068259041,0.00048066405009627099,0.0001488780552584031,0.021332782797110331,0.0
Kenneth Farrow,RB,SD,4.2079272885990155,4500.0,0.82731669721054746,0.12311404512149245,0.016273358142305974,0.0071280746840965536,0.0020232090523606278,0.00032824438520727054,0.023816371403989303,0.0
Kyle Juszczyk,RB,BAL,4.1198473251630849,4500.0,0.82654106834381957,0.10987954864585804,0.027334333940871033,0.01742571963409607,0.0056750532626819233,0.00066261238025019649,0.012481663792423079,0.0
Zach Zenner,RB,DET,4.0701900724195967,5200.0,0.86245600658446442,0.078510866650775751,0.023300564425275994,0.010380297370335252,0.0023217742969878939,0.00080010645693860043,0.022230384215221749,0.0
Kapri Bibbs,RB,DEN,3.9040859784058366,4500.0,0.88258457585407857,0.068581799613164268,0.017079732357849434,0.0066863079093679896,0.0016759471653319559,0.0004882814589898326,0.022903355641218894,0.0
Brandon Bolden,RB,NE,3.734508548104039,4800.0,0.86476948024397648,0.088026185654285813,0.025647017620518079,0.0077527097332871298,0.0019940197894929659,0.00028102324147207306,0.011529563716967981,0.0
Tyler Ervin,RB,HOU,3.7308885135848278,4500.0,0.88241431054217878,0.066926273589097737,0.023337118593085265,0.010930931717778737,0.0024329228645451344,0.00045144811757974023,0.013506994575735579,0.0
Daryl Richardson,RB,PIT,3.6897417402629902,4500.0,0.90024760229796474,0.058580501962250127,0.014613374034628713,0.0055201373320818321,0.0011251836078418906,0.00023723558702422529,0.01967596517820866,0.0
Alex Collins,RB,SEA,3.5756311312674836,4500.0,0.90011372686518631,0.065691921357610927,0.013293666245436857,0.0028846833856835557,0.00084356472153849517,0.00053478659848758099,0.016637650826056817,0.0
Malcolm Johnson,RB,CLE,3.5729140854903894,4500.0,0.89259866865289272,0.070510076759938561,0.014143103660482865,0.0082271867514614339,0.0011103812735751351,0.00033689412815658465,0.013073688773493155,0.0
Terrence Magee,RB,SEA,3.5549507871006467,0,0.90053215706268153,0.064504814671160982,0.0158373002337658,0.0021119948706209046,0.00053230682589057378,0.000522493878142257,0.015958932457738492,0.0
Jay Prosch,RB,HOU,3.5473970433360105,4500.0,0.90265514519552559,0.05628620971732657,0.019857935738193815,0.0049888808479151177,0.0026088308626112957,0.00022941544699323261,0.013373582191435465,0.0
Orleans Darkwa,RB,NYG,3.5383164777588156,4500.0,0.90731241660476436,0.055453731455012874,0.01745542196536632,0.0025746517598515175,0.00062554939981515547,0.00045728000768787184,0.016120948807502016,0.0
Cameron Artis-Payne,RB,CAR,3.4725595733594132,4800.0,0.91101340990151947,0.050111837637887777,0.017919687615464412,0.0071039476490598373,0.00082859604412828199,0.00047460853882513816,0.012547912613115031,0.0
Patrick DiMarco,RB,ATL,3.4631531881753803,4500.0,0.92093810495811013,0.044963360507414625,0.012231320141144983,0.0041406655296401711,0.0014532260049854478,0.00053790823004877194,0.015735414628656172,0.0
Isaiah Pead,RB,MIA,3.4288176832056627,4500.0,0.92535016718505425,0.041068516237111323,0.012675612626458893,0.0025135251489043194,0.0026968397396072226,0.00066922877510645472,0.015026110287758292,0.0
Daniel Lasco,RB,NO,3.4102305475030259,4500.0,0.91744108424849802,0.051469085071031158,0.013019426222029042,0.0029753716481055494,0.00066382380290369212,0.00056406447915318227,0.01386714452827976,0.0
Bobby Rainey,RB,NYG,3.4065730939064189,4500.0,0.92062014879312259,0.047370882876762471,0.013874663163255398,0.0024890364482328584,0.00069919199030405344,0.00081264430800577665,0.014133432420317895,0.0
Marcus Murphy,RB,NO,3.3978812047110765,4500.0,0.92181436834333119,0.046562969743288898,0.01361408159634166,0.0023234211059768414,0.00076451951860219706,0.00081826092472288032,0.014102378767736802,0.0
Rob Kelley,RB,WAS,3.3955473794448454,4700.0,0.91552292726742401,0.051682329639686261,0.014363154699867212,0.0051912205473947154,0.00086591946099999983,0.00051361142447669021,0.01186083696015091,0.0
Dexter McCluster,RB,SD,3.3914181149262808,4500.0,0.92707692163867894,0.041304232577524219,0.012748130085727043,0.0024087369398577726,0.0006968397396072256,0.00066922877510645472,0.015095910243498933,0.0
Derek Watt,RB,SD,3.3914181149262808,4500.0,0.92707692163867894,0.041304232577524219,0.012748130085727043,0.0024087369398577726,0.0006968397396072256,0.00066922877510645472,0.015095910243498933,0.0
Rod Smith,RB,DAL,3.3911357273118625,4500.0,0.92705893913912274,0.041369909813592211,0.012713290128417274,0.002395460700096253,0.00070570891920811239,0.0006647038882286266,0.015091987411335533,0.0
Aaron Ripkowski,RB,GB,3.390300834579663,4500.0,0.92489545960392572,0.043129934707344789,0.013759046745289542,0.0021935327763967409,0.00080856119209242602,0.00086015114449003883,0.014353313830461291,0.0
Ty Montgomery,RB,GB,3.390300834579663,4500.0,0.92489545960392572,0.043129934707344789,0.013759046745289542,0.0021935327763967409,0.00080856119209242602,0.00086015114449003883,0.014353313830461291,0.0
Paul Perkins,RB,NYG,3.3886476250669664,4500.0,0.92775583733945766,0.04084570626362799,0.012597443610432508,0.0022674716051834958,0.00063105711700715795,0.00066923878171689082,0.015233245282574834,0.0
Jordan Todman,RB,IND,3.3852616716595385,4500.0,0.91876419597411918,0.050006520449575244,0.014128940542574523,0.0027288553738698206,0.00073432548289979131,0.00065165960418554238,0.012985502572776425,0.0
Stepfan Taylor,RB,ARI,3.3753896546165425,4500.0,0.92900959533062066,0.039768394223863038,0.012744489754654961,0.0022208235218995056,0.00061740108001191968,0.00064462818252704172,0.014994667906423653,0.0
Jonathan Williams,RB,BUF,3.3736293962574484,4500.0,0.92964527633398775,0.039301195485049178,0.01252179972077448,0.0022038296276235951,0.00057211296661593318,0.0006209763687435476,0.01513480949720601,0.0
Jerome Felton,RB,BUF,3.3736293962574484,4500.0,0.92964527633398775,0.039301195485049178,0.01252179972077448,0.0022038296276235951,0.00057211296661593318,0.0006209763687435476,0.01513480949720601,0.0
James Develin,RB,NE,3.3729593796581003,4500.0,0.92407580566826741,0.045170986654721301,0.012652577962847317,0.0031450624217158434,0.00066925704068439458,0.00057166580876277524,0.013714644443000789,0.0
Anthony Sherman,RB,KC,3.3585511227382598,4500.0,0.92933569845662301,0.040453763258475703,0.010526381693896112,0.0045017929112888752,0.00050939933407313407,0.00047569761030501656,0.01419726673533841,0.0
George Atkinson,RB,CLE,3.3472426845432275,4500.0,0.93185041905377597,0.038989782632271097,0.010973532654653458,0.0022374997939839862,0.00045508425128840092,0.00048671860747649106,0.015006963006550677,0.0
Rex Burkhead,RB,CIN,3.3435780858516519,4500.0,0.93118987331847447,0.03835458651755886,0.012785218387070103,0.0020945104508932303,0.00065445708222726742,0.00073304559166890168,0.01418830865210737,0.0
Ryan Hewitt,RB,CIN,3.3435780858516519,4500.0,0.93118987331847447,0.03835458651755886,0.012785218387070103,0.0020945104508932303,0.00065445708222726742,0.00073304559166890168,0.01418830865210737,0.0
Antonio Andrews,RB,TEN,3.3435510130913788,4500.0,0.9170410419015097,0.04947238070325561,0.019000151620798912,0.0027129996254189851,0.0010831033152959031,0.0004806612554735205,0.010209661578248255,0.0
Chase Reynolds,RB,LARM,3.3246503233476155,4500.0,0.93073683551610098,0.03278445764591631,0.021125243022936533,0.0023456249036436327,0.00040652849718513157,0.00045092360956907864,0.012150386804648703,0.0
Raheem Mostert,RB,CHI,3.3195227275038373,4500.0,0.93399576121048722,0.037469695790522707,0.010598264195555368,0.0026675421691423171,0.0004977909499002506,0.00051107729096281664,0.014259868393429499,0.0
Jalston Fowler,RB,TEN,3.3078259555074245,4500.0,0.931357779825712,0.039451051189472959,0.012759652542610894,0.0021777518514957787,0.00067237057190584271,0.00060464275835998165,0.012976751260442988,0.0
Michael Burton,RB,DET,3.2935848640222418,4500.0,0.93418855208779106,0.037678022108084845,0.011234292461550461,0.0025175748412222384,0.00058090043500186425,0.0006734919477904463,0.013127166118559384,0.0
Knile Davis,RB,KC,3.2922342991804552,4500.0,0.93347137256363433,0.037999574599163352,0.010533407448208073,0.0044331672511529674,0.00053328541874320373,0.00049461717470621199,0.012534575544392105,0.0
Zach Line,RB,MIN,3.2840721397246253,4500.0,0.93645701182638441,0.035689112777617223,0.010966892902597027,0.0024388970958592812,0.00046124065613554512,0.00058974357943464598,0.013397101161972338,0.0
