name,pos,team,expectation,salary,prob_0_5,prob_5_10,prob_10_15,prob_15_20,prob_20_25,prob_25_30,prob_30+,label
Odell Beckham Jr.,WR,NYG,16.679116429473609,8900.0,0.12524662095362121,0.29183484570454543,0.024426316251911676,0.25375021125966046,0.089307834008887851,0.015778852644738991,0.19965531917663457,1.0
Randall Cobb,WR,GB,14.877800463075369,7100.0,0.080156297482941688,0.1893567925287768,0.068315872878878914,0.55841635273113865,0.060843711246050376,0.031982449472311388,0.010928523659902243,3.0
Brandon Marshall,WR,NYJ,14.424843934212422,7900.0,0.048445461675037688,0.11015648255677273,0.49920809946635741,0.20817107986683017,0.027015928389925791,0.10113334006679543,0.0058696079782809144,2.0
Eric Decker,WR,NYJ,13.828440406383598,7300.0,0.080071090272235662,0.10957796579158129,0.56911153319783792,0.076235499680692251,0.042251654997602223,0.11847715622223549,0.0042750998378152244,2.0
Allen Robinson,WR,JAC,13.59588969583181,7900.0,0.066053010285275243,0.23115873395707504,0.34134132494129815,0.20182697690175441,0.11489805394317845,0.033619293977004583,0.011102605994414008,2.0
Doug Baldwin,WR,SEA,12.883067687181571,7200.0,0.19075658271736778,0.064319920977333189,0.46229589469094384,0.069150185414543971,0.19198048372429205,0.018267150103053291,0.0032297823724656465,2.0
Mike Evans,WR,TB,12.679340648636208,8000.0,0.0050215172217401866,0.093870701489417313,0.79789117565455625,0.080939915513759383,0.010830551108859653,0.0095511850825608993,0.0018949539291061878,2.0
Brandin Cooks,WR,NO,12.6766591185983,8100.0,0.027784249931158606,0.28167199519994007,0.46291201406532262,0.13653086002353132,0.045610440057490924,0.03992426973873419,0.0055661709838224485,2.0
Antonio Brown,WR,PIT,12.580894726607161,9500.0,0.019157582687275378,0.45894614729281563,0.12829212891864242,0.30839232430983621,0.054143979475459611,0.028696862129216901,0.0023709751867539179,1.0
A.J. Green,WR,CIN,12.360447871282476,8300.0,0.03834130042641952,0.45957806489367858,0.18138673338506436,0.16802871137346523,0.129407652803368,0.015435129338805786,0.0078224077791986032,1.0
Larry Fitzgerald,WR,ARI,12.242889708542668,7600.0,0.18522545835569992,0.26466907957614572,0.18446736836241479,0.21103192059884548,0.108246504348834,0.034963667141136245,0.011396001616923824,1.0
Julio Jones,WR,ATL,11.698155366347283,9300.0,0.037082607664881903,0.34248808562117006,0.40215355702598427,0.18967530637873911,0.022209349932754363,0.004379701478649062,0.0020113918978212071,2.0
DeAndre Hopkins,WR,HOU,11.55217470112057,7900.0,0.032761035464284445,0.37800633499802072,0.44094115397521594,0.078812827018213627,0.039918346423152867,0.025138355505879888,0.0044219466152323169,2.0
Amari Cooper,WR,OAK,11.438110666307617,7700.0,0.080525689787983759,0.38041916915093837,0.29317182491139748,0.19094049649456091,0.035264110027459959,0.013953485257013541,0.0057252243706460634,1.0
Golden Tate,WR,DET,11.394078779511183,6500.0,0.15044449634382495,0.37924698296659526,0.16569932004336849,0.17221800759644268,0.11306414847787205,0.017577515712825897,0.0017495288590705569,1.0
Demaryius Thomas,WR,DEN,10.704246592786866,7200.0,0.21967440946404168,0.3225590268262144,0.21320573788979358,0.12597751988862402,0.088112758444566772,0.024375557437669108,0.0060949900490902776,1.0
Alshon Jeffery,WR,CHI,10.594428191513673,7900.0,0.17281211128681248,0.24541643193477838,0.44287514976555648,0.097373015254396789,0.024247149245458403,0.0091224414951102586,0.0081537010178873472,2.0
Emmanuel Sanders,WR,DEN,10.530594016982528,6500.0,0.058693436171906622,0.57841715067194366,0.1544309726719944,0.13994872501639813,0.049174614438144137,0.015588721409121499,0.0037463796204914939,1.0
Jarvis Landry,WR,MIA,10.496608012086567,7000.0,0.053283834664234475,0.56950209932548645,0.20095929846559982,0.10559078902289171,0.049638080596196246,0.01606141320611747,0.004964484719473819,1.0
Allen Hurns,WR,JAC,9.8013965004305454,6500.0,0.28762015084527215,0.37919801490567523,0.098133111430004749,0.086544141008733699,0.12411288316634139,0.019876623037975973,0.0045150756059965935,1.0
Davante Adams,WR,GB,9.7616888082907334,5700.0,0.41187099244943415,0.19871662394803938,0.074182183106248273,0.19488170724257278,0.088420959321483972,0.027067438716987569,0.0048600952152337068,0.0
DeSean Jackson,WR,WAS,9.3744868398490304,6800.0,0.056663994701670432,0.75623886536984364,0.046353975685828663,0.077997564667599495,0.030369295253574582,0.026643534585622072,0.0057327697358611866,1.0
Michael Crabtree,WR,OAK,9.183370524357084,6400.0,0.085687543619611312,0.6463346987869647,0.16583516487151526,0.061209821482870956,0.030660502363931939,0.0095814301674048332,0.00069083870770102066,1.0
Jeremy Maclin,WR,KC,9.0155769733976374,7000.0,0.04419078947166389,0.66500686187934965,0.25382036786023721,0.021096074958926118,0.012476703167242231,0.003258038515212031,0.00015116414736868533,1.0
Michael Floyd,WR,ARI,8.9011868996565671,6900.0,0.32765873842393312,0.36208605446997677,0.14049507857616689,0.070374277498067461,0.079994419227963354,0.013322431881568749,0.0060689999223235928,1.0
Jordan Matthews,WR,PHI,8.8207071282486247,6900.0,0.057735181216812051,0.77167960283938486,0.091496654506735789,0.031712900461693144,0.028796248426682398,0.014414241907624607,0.0041651706410671119,1.0
Travis Benjamin,WR,SD,8.5958526115173211,6900.0,0.17456829794553697,0.57585815586161804,0.14132503949656036,0.085041580389524321,0.013295898450428591,0.0080451523918119959,0.0018658754645196401,1.0
Stefon Diggs,WR,MIN,8.3768760841953487,6400.0,0.15952163824609977,0.55412467422619027,0.25550613611020079,0.018512775694352043,0.0079734877796655418,0.0036949196279568372,0.0006663683155346548,1.0
Pierre Garcon,WR,WAS,8.2795196958146366,6100.0,0.1846968294009243,0.65800588063537668,0.034771223624051675,0.078238325982327175,0.030430973039782986,0.012101497593771653,0.001755269723765499,1.0
Marvin Jones,WR,DET,8.2328242737630397,6900.0,0.42578414612193677,0.1961822009926075,0.23896668141205973,0.10338660686228289,0.017751636931878881,0.016835871529005241,0.0010928561502292263,0.0
Brandon LaFell,WR,CIN,7.3967201630443444,5600.0,0.38551665499644522,0.41738378086859462,0.085840019086749958,0.06724145806604484,0.034476625086680604,0.0075801088658225546,0.0019613530296622218,1.0
Tyler Lockett,WR,SEA,6.8719899041629544,6100.0,0.57334656019270636,0.2178535400122133,0.067224841501603724,0.067272575706480806,0.054395479357003847,0.017800271816824299,0.0021067314131678226,0.0
DeVante Parker,WR,MIA,6.8562121132084179,6200.0,0.32199276674608229,0.56222814593563175,0.068530823910568306,0.028206949681854093,0.010721362678842661,0.006422235121101948,0.0018977159259188411,1.0
Quincy Enunwa,WR,NYJ,6.2284777955709663,6000.0,0.63425146715558167,0.15931506677751939,0.11711562780495295,0.0382905311403893,0.019725135217683199,0.030058009960205974,0.0012441619436672627,0.0
T.Y. Hilton,WR,IND,6.1385002391893426,7400.0,0.61577280863160533,0.21548414740498117,0.073219611728202141,0.031340262416362751,0.051363137931662979,0.011351246177309085,0.0014687857098764827,0.0
Anquan Boldin,WR,DET,5.8238270818058107,6200.0,0.61309304956339927,0.23049729284523401,0.082743810263283979,0.043571502394788242,0.013954228335686072,0.015107783614802771,0.001032332982805743,0.0
John Brown,WR,ARI,5.6650532598104233,6400.0,0.65119631573875958,0.16802765130384514,0.12577377205672557,0.019256809122904239,0.026876718494510253,0.0063257407620821481,0.0025429925211729251,0.0
Cole Beasley,WR,DAL,5.6318267710186136,5100.0,0.61585546694208049,0.26313144279725081,0.013584217138310773,0.097501753461183796,0.0063419529202280193,0.0034074525005081411,0.00017771424043790305,0.0
Mike Wallace,WR,BAL,5.3615182973596696,6500.0,0.5575526601639117,0.33738914720490876,0.086932034828495444,0.013688252850166489,0.0025803375390179299,0.0016065695228557803,0.00025099789064372618,0.0
Torrey Smith,WR,SF,5.2192540481888692,5500.0,0.54322803287388544,0.39606351093175024,0.045018496636102689,0.0082431619735873277,0.0050182492927127445,0.0018918277036965171,0.00053672058826501989,0.0
Devin Funchess,WR,CAR,5.0054495672299844,5800.0,0.69430891376846138,0.15886663338999382,0.11786358067269961,0.013840403440505623,0.011001373995960613,0.0038698022368115442,0.00024929249556722611,0.0
Eddie Royal,WR,CHI,4.9193327621229637,5600.0,0.62392732027859388,0.31055349332501686,0.0387137991142553,0.017441622245237248,0.0052630316659896658,0.0027641996263336535,0.001336533744573304,0.0
Jamison Crowder,WR,WAS,4.8653746683117278,5000.0,0.65291885720031517,0.26293241598409411,0.056633518909358312,0.018175363989411927,0.0057455758604131315,0.0026637719446667889,0.00093049611174043445,0.0
Mohamed Sanu,WR,ATL,4.7708452466289657,6500.0,0.7772351175598442,0.05231074611486871,0.13539744857989303,0.016578901122481348,0.011995398782265125,0.0058602756063837339,0.00062211223426386663,0.0
Kelvin Benjamin,WR,CAR,4.4084048291935893,7800.0,0.7402465921702418,0.19934844189656556,0.027070245431993524,0.014129267634725988,0.013130140376837088,0.0041372416773295447,0.0019380708123063548,0.0
Dez Bryant,WR,DAL,4.3957836980573006,7900.0,0.7682193723696038,0.15688922899583677,0.029335521956257903,0.027797011282015765,0.011390856181203047,0.0045000345105270156,0.0018679747045558461,0.0
Kenny Stills,WR,MIA,4.3414770789392314,5200.0,0.69463402212396397,0.26977219303855848,0.019453958738981484,0.0089900914179537744,0.0041439224255838186,0.0023122922280674665,0.00069352002689094822,0.0
Dontrelle Inman,WR,SD,4.0872779464435682,5200.0,0.80173187757983988,0.10956263699841765,0.072165382882878368,0.0075419550005639078,0.0057609381481838464,0.0020995280704296966,0.0011376813196866977,0.0
Terrance Williams,WR,DAL,3.8804986270405499,4700.0,0.85737832965075578,0.075096365007887522,0.017932511504259483,0.037378172469126801,0.0090546224380695442,0.0025031085415400736,0.00065689038836070149,0.0
Tyrell Williams,WR,SD,3.8082421023417039,6100.0,0.85190864565931801,0.075036991804560929,0.04485445049812619,0.019367118559913993,0.0066166341548352372,0.0013802668217682416,0.00083589250147743529,0.0
Kamar Aiken,WR,BAL,3.6553859966907791,5600.0,0.87944957918244826,0.04482694275996623,0.05684759888881448,0.0071737251442753379,0.0080109180994564159,0.0033352150285628638,0.00035602089647611261,0.0
Andre Johnson,WR,TEN,3.6365069866494033,5000.0,0.85925508858593669,0.071410991621832273,0.057815835770655577,0.0076456947161168192,0.0023294750309698006,0.0013501285931128426,0.0001927856813759153,0.0
Seth Roberts,WR,OAK,3.6278917233032919,5200.0,0.87472933281487153,0.062298534698260515,0.040843564618376793,0.01056247273512133,0.0085704202238918725,0.0025655368579286307,0.00043013805154920489,0.0
Jordy Nelson,WR,GB,3.5285065481244926,8300.0,0.85326833119312107,0.11865483526327762,0.0094680765539384756,0.010685909723589486,0.0048305386180536869,0.0022463790675785688,0.00084592958044122724,0.0
Corey Brown,WR,CAR,3.5207175108544733,4900.0,0.82708172689384041,0.15603813976912412,0.0094901652285203746,0.0030207615039773593,0.0018906076361676,0.0024070509375182648,7.1548030851693081e-05,0.0
Will Fuller,WR,HOU,3.5097379838674581,6500.0,0.88730954663456152,0.055599594358874009,0.033275144046774695,0.018400890199110946,0.0031436154281065639,0.0018281857669397239,0.00044302356563238323,0.0
Dorial Green-Beckham,WR,PHI,3.3289857008684858,5000.0,0.88198457190397439,0.090808185497509852,0.015733570600939814,0.0058993136011287681,0.003212883365998852,0.0015848323273254233,0.00077664270312287884,0.0
Phillip Dorsett,WR,IND,3.3134646596320789,6000.0,0.87524906897161903,0.10449826460170937,0.0098661180774570253,0.0055421928102516536,0.0026957934533965418,0.0019419830871530517,0.00020657899841322651,0.0
Kenny Britt,WR,LARM,3.3097124432264029,5400.0,0.90577113193216752,0.04252703362967028,0.042571625955233297,0.0045860166343528116,0.0025211626479075019,0.0018134581292622591,0.00020957107140673215,0.0
Nelson Agholor,WR,PHI,3.2820834460920478,5600.0,0.88148274480965882,0.10112751992176103,0.0060263607692093921,0.0053621922329531568,0.0035641636048077876,0.0019649364402152857,0.00047208222139429208,0.0
Markus Wheaton,WR,PIT,3.1854159898866352,6000.0,0.92287267506185056,0.023988157551602777,0.048840810268176812,0.0025528417102626128,0.0010590740875148898,0.00062884678355001064,5.7594537042060587e-05,0.0
Tavon Austin,WR,LARM,3.1761198350198243,5900.0,0.89944348225076409,0.083340556797959306,0.0074576743240179905,0.0042124138701995642,0.0039613357306084824,0.0012093424313274616,0.00037519459512303595,0.0
Danny Amendola,WR,NE,3.1677642146962297,5900.0,0.94292640654410154,0.018448986039705934,0.017394416630350119,0.0093697398644548742,0.007970868743952338,0.0033066367224424895,0.00058294545499280642,0.0
Sterling Shepard,WR,NYG,3.0860332221884663,6500.0,0.92854921990456496,0.042828545039789931,0.018834669389801349,0.0054920179491945633,0.002158751325660015,0.0015276500489011971,0.00060914634208785606,0.0
Ted Ginn Jr.,WR,CAR,3.0694788862806712,6000.0,0.9333523599181538,0.04382901023636767,0.01014092458631574,0.0046903135345172575,0.0047687037671429932,0.0028548730325041677,0.00036381492499852332,0.0
Marqise Lee,WR,JAC,3.0674024990945998,4500.0,0.93187516410532356,0.045632652241953411,0.0097396373237611678,0.0070983395175903963,0.0032327740180316798,0.0010645699014418296,0.0013568628918980185,0.0
Jermaine Kearse,WR,SEA,2.9392200976795597,5200.0,0.95628250592045916,0.014052400821765126,0.021086665531952438,0.0041367983520981247,0.0032485576939288619,0.0010275360669627471,0.00016553561283357929,0.0
Harry Douglas,WR,TEN,2.9272349901883525,4500.0,0.94579372839443476,0.033566958472722112,0.014647682880044574,0.0038496949538956611,0.00090710627068682883,0.00041281654865185755,0.0008220124795639516,0.0
Julian Edelman,WR,NE,2.9069719501825788,6700.0,0.95794437956429335,0.019429220926643516,0.014251343253372697,0.0024688723148532316,0.0043263023348290549,0.0010123827465354201,0.00056749885947288592,0.0
Victor Cruz,WR,NYG,2.903137913052078,5800.0,0.95071760341807188,0.031202407476071847,0.01132372422027169,0.0029724230524539891,0.0018670001261817085,0.0013780093756383294,0.00053883233131076349,0.0
Quinton Patton,WR,SF,2.8828711645589924,4700.0,0.94088833700866992,0.048229480353411534,0.0069471642975349425,0.0023760509917258865,0.0008512409865653115,0.00045527620781496007,0.00025245015427745202,0.0
Jaron Brown,WR,ARI,2.8803376540885881,4900.0,0.93923403788835758,0.051058586947750166,0.0068828502485536328,0.0012301536736118634,0.00078658389216041227,0.00056278065919889537,0.00024500669036744781,0.0
Tajae Sharpe,WR,TEN,2.8258702907406397,5800.0,0.9635859907880332,0.017028170076642438,0.014228498548416256,0.0024560818079983025,0.0015530648431488069,0.00090324960292107576,0.00024494433283962812,0.0
Chris Hogan,WR,NE,2.7969674720758926,4800.0,0.95443230816346514,0.037899912177263601,0.0043273357126323306,0.0013624474475535582,0.0013372398050824151,0.00050820617423835961,0.00013255051976434574,0.0
Kevin White,WR,CHI,2.7898744939307263,5900.0,0.96963177010870294,0.017461369358198118,0.0045450000096965964,0.0045680475442316871,0.0020505779745552417,0.0012093017682419753,0.00053393323637352795,0.0
Vincent Jackson,WR,TB,2.7637602450999328,5300.0,0.96221428063730785,0.029552625889537235,0.004418963271765065,0.0018976581125141614,0.0011785341047961181,0.00056147404421692912,0.00017646393986269174,0.0
Adam Humphries,WR,TB,2.71816141342947,4700.0,0.96952137971292718,0.021427781198493919,0.0062355568863722011,0.0018806575853586665,0.00060613209739399587,0.00031220987163140288,1.6282647822554523e-05,0.0
Brandon Coleman,WR,NO,2.7131472896700366,4600.0,0.97342526985529998,0.018837265964693387,0.0032530818521206793,0.0022353181990450006,0.0012006841827348932,0.00069142180845986915,0.00035695813764595284,0.0
Taylor Gabriel,WR,ATL,2.6947026367496192,0.0,0.97768264649340975,0.015081534136019918,0.0028569967794120029,0.0023245318109515641,0.0005850541629761932,0.00047923362778563914,0.00099000298944496024,0.0
Marc Mariani,WR,TEN,2.6838123771786635,4500.0,0.97348872843832668,0.021579702392668744,0.0021522692243522517,0.0014220906606108215,0.00065930043490902961,0.00037443109764752483,0.00032347775148512361,0.0
Brice Butler,WR,DAL,2.6784707169729627,4500.0,0.98049746077162514,0.011492954453116041,0.0022108777823079823,0.0041380870407512586,0.0011066411379853577,0.00044150305981928005,0.00011247575439518835,0.0
Terrelle Pryor,WR,CLE,2.6697676933159586,5800.0,0.97814797766453054,0.015507022895481526,0.0030332850895773453,0.0016870792686341605,0.00096360680898515034,0.00055493548428674851,0.00010609278850445003,0.0
Jeremy Kerley,WR,SF,2.6540872073075596,5000.0,0.98192171385871174,0.0095961543413627219,0.0062724153511988165,0.0010246754483360049,0.00065436722617424274,0.00030961224290583137,0.00022106153131039408,0.0
Rishard Matthews,WR,TEN,2.6313337456331731,5400.0,0.98536477877015227,0.0061781706923692099,0.0066521410853089564,0.00094943508123034493,0.00048480797445240301,0.0002750483033449052,9.561809314189939e-05,0.0
Adam Thielen,WR,MIN,2.6217556423984218,4500.0,0.98318873267523033,0.011537460142911083,0.0039279904726005942,0.00076381626884086098,0.00033426939051464308,0.00018739386758284481,6.0337182319509223e-05,0.0
Albert Wilson,WR,KC,2.6051796322540963,4900.0,0.98328326901484486,0.013963704696993743,0.0017681690470150526,0.00057598005992359465,0.00025127531931216918,0.00014771326642920419,9.8885954815445512e-06,0.0
Tyler Boyd,WR,CIN,2.6036125717327074,5700.0,0.98882306086896021,0.0070437151975000448,0.0015038381885620095,0.0012150740771196035,0.00064821530293375702,0.00036439136212316434,0.00040170500280118038,0.0
Sammie Coates,WR,PIT,2.5976486324428687,5500.0,0.98688039952883988,0.0086427654211748781,0.0033686658951341169,0.00058598191235621929,0.00029492621098097958,0.00017681200580155408,5.0449025712338221e-05,0.0
Michael Thomas,WR,NO,2.5864280636027916,5200.0,0.98779704742056484,0.0098385737146213636,0.00089841608879778333,0.00072863627816641986,0.0003982049026231007,0.00022187465707962983,0.00011724693814645076,0.0
Eli Rogers,WR,PIT,2.5692615497455726,5500.0,0.98832168634153716,0.010361594358654446,0.00085083289706355196,0.00022080873769754497,0.00013750112224584544,8.1752289300833953e-05,2.582425350043867e-05,0.0
Rashad Greene,WR,JAC,2.5603773027938002,4700.0,0.99239520533824543,0.0055098099392919108,0.0010523879980710125,0.00037060689596747756,0.00033035467521555652,0.0001286621741970632,0.0002129729790117059,0.0
Steve Smith,WR,BAL,2.5579820149788413,6300.0,0.99400027374611055,0.003193136081111006,0.0012602179236421579,0.00071095434832408753,0.00052754825660357701,0.00024091846091452021,6.6951183294390235e-05,0.0
Robert Woods,WR,BUF,2.5578849035379223,5100.0,0.98967720876497767,0.0096641632863259195,0.00030960736005966708,0.00018747700458160581,9.3669414099957721e-05,5.6458715809264815e-05,1.1415454145883136e-05,0.0
Ryan Grant,WR,WAS,2.5552406626454784,4600.0,0.99314268892890323,0.004762475606233902,0.00095591757293780563,0.00055444424008967402,0.00029236921404525418,0.00023844443006792269,5.3660007722520287e-05,0.0
Andre Holmes,WR,OAK,2.550999116815023,4700.0,0.99471653823595396,0.0020960229212318832,0.0020910812670024452,0.00068302407138173306,0.00024899761690066189,0.00012773869528099534,3.6597192248445958e-05,0.0
Chris Conley,WR,KC,2.5429189351445416,4600.0,0.99467698628974832,0.003408316338702613,0.0011446205338708391,0.0003573866306762255,0.00027176540735674972,0.00012600206445825783,1.4922735187224166e-05,0.0
Rashad Ross,WR,WAS,2.5360132352046509,4600.0,0.99601212961273466,0.0016132070168310758,0.001963941135115757,0.0001915469380660589,0.00010494640607301383,5.0237651527568157e-05,6.3991239652202045e-05,0.0
Marquise Goodwin,WR,BUF,2.5279694603931526,5300.0,0.99632299669641311,0.0025937108603250551,0.00061955330051715078,0.00022401291148090545,0.00014305779010772429,7.4360096746020713e-05,2.2308344410354034e-05,0.0
Jordan Norwood,WR,DEN,2.5215130774387267,4700.0,0.99709563551272429,0.0021789161547699902,0.00035949109306448085,0.00016286768877883312,0.00012607445832700897,5.9187901984807809e-05,1.782719035044575e-05,0.0
Brian Quick,WR,LARM,2.52038108265773,4500.0,0.99709536107593677,0.0020640213859712399,0.00069509222042213846,5.752165000561744e-05,3.714472286158703e-05,1.9810851966916359e-05,3.1048092835792017e-05,0.0
Justin Hardy,WR,ATL,2.5192024674637903,5000.0,0.99753374748962953,0.0017641230063319892,0.00027010541758488928,0.00028868282167092429,7.6692914215306028e-05,4.6583166201401184e-05,2.0065184365442775e-05,0.0
Breshad Perriman,WR,BAL,2.5173771125519271,5100.0,0.99816329163672646,0.0010859540814217368,0.00022595204362685348,0.00029681137581690203,0.00013090366029193281,7.1700827109390697e-05,2.5386375006851178e-05,0.0
J.J. Nelson,WR,ARI,2.5162792528648681,4700.0,0.99808508917608652,0.0010998189658212704,0.00056728731059406748,0.00011092929814560478,5.9207847074929478e-05,3.5333607718849428e-05,4.2333794558954699e-05,0.0
Brandon Tate,WR,BUF,2.5142036252774531,4500.0,0.99751160631997471,0.0023247279039652238,6.6918742378909796e-05,4.5975530628982559e-05,2.4329758923566989e-05,1.6638198435270239e-05,9.8035456938216532e-06,0.0
Andrew Hawkins,WR,CLE,2.5138669247908569,4600.0,0.99791824430015619,0.0017771719684221922,7.9875554070699007e-05,0.000124213521097548,5.6788277434425042e-05,3.1615502497049397e-05,1.2090876321871267e-05,0.0
Jaelen Strong,WR,HOU,2.5129549017498864,4600.0,0.99847540026173998,0.00096086107872348956,0.00028474122181554453,0.00014129978556608438,7.6006891617992183e-05,4.5520026025922036e-05,1.6170734511205794e-05,0.0
Josh Bellamy,WR,CHI,2.5119616186002278,4500.0,0.99892704339301375,0.00050173143839555277,0.00024228546883212448,0.00014560827142819349,6.6646547299407073e-05,3.7227590795748072e-05,7.9457290234633143e-05,0.0
Paul Richardson,WR,SEA,2.5114598515339233,4600.0,0.99868922023686613,0.00088385985325703195,0.000159220728485551,0.00012417680462495985,6.472062472356081e-05,3.5970202993748963e-05,4.2831549049036884e-05,0.0
Cody Latimer,WR,DEN,2.5099713305411755,4500.0,0.9988864009082723,0.00069957461851120851,0.00016146590139359585,0.00013482425126336983,5.9753174741822922e-05,3.2402142422837276e-05,2.5579003394626015e-05,0.0
Lucky Whitehead,WR,DAL,2.5098233784437336,4500.0,0.99914563062635187,0.00036899443971985665,0.00018420344943030596,0.0001302785290230796,8.1984166011299698e-05,4.627002164023339e-05,4.2638767823192967e-05,0.0
Charles Johnson,WR,MIN,2.5096985380109333,4600.0,0.99908133241367825,0.00045503983521694169,0.0001747421204214951,0.00014182436318651453,7.4057991015114927e-05,4.0695216415238319e-05,3.2308060066244374e-05,0.0
Malcolm Mitchell,WR,NE,2.5092327481683263,4500.0,0.99893731272574338,0.00072254192758562338,0.00013179967163808772,8.9327826274127184e-05,5.46125212392651e-05,2.9773219901942787e-05,3.463210761759084e-05,0.0
Jared Abbrederis,WR,GB,2.508134512228116,4500.0,0.99937537151681,0.0001577447227381815,0.00020856136793353256,0.00011842224643704097,6.3551296830172138e-05,3.5802973164881159e-05,4.0545876086380727e-05,0.0
Josh Huff,WR,PHI,2.5057504559895705,4600.0,0.99923086498045377,0.00055273298989993753,0.00012644118813722724,5.0243443361128071e-05,1.9024252503966578e-05,1.1237970028946054e-05,9.4551756147512415e-06,0.0
Aldrick Robinson,WR,ATL,2.5053371077392299,4500.0,0.99950935261236917,0.00022913008934966815,8.4450037955542253e-05,0.00010020181294205971,3.9320413746891433e-05,2.1692286574814675e-05,1.585274706118962e-05,0.0
Johnny Holton,WR,OAK,2.5049914801239983,0.0,0.99946857216203688,0.00032879918857025176,8.4203326262524274e-05,4.8083211960041323e-05,3.0350284663235748e-05,1.6338308748291316e-05,2.3653517758453091e-05,0.0
Jarius Wright,WR,MIN,2.5042909102185131,4800.0,0.99948334260537675,0.00033406827366075955,9.9812330229576403e-05,3.773191795933962e-05,2.4162491823410255e-05,1.4061391843767446e-05,6.820989106476194e-06,0.0
Quan Bray,WR,IND,2.5034292127763833,4500.0,0.99959506130494558,0.00027581285392585874,4.7075668389256511e-05,4.2506096215102931e-05,2.060657204372975e-05,1.1439994247380886e-05,7.4975102331147001e-06,0.0
Russell Shepard,WR,TB,2.5032038680125934,0.0,0.99967254889402724,0.00014232686133142325,0.00011101877071985699,3.6969909408981278e-05,2.2801096433430561e-05,1.2585971152104722e-05,1.7484969271174367e-06,0.0
Jalin Marshall,WR,NYJ,2.5031104218659519,4700.0,0.99967292674317876,0.00017889385174674823,7.0441891806160141e-05,3.6478696940168085e-05,2.2586836123827554e-05,1.2563045876540559e-05,6.1089343280959935e-06,0.0
Darrius Heyward-Bey,WR,PIT,2.5029774470117188,4500.0,0.99963698434702375,0.00021728948576565352,9.5587907724478541e-05,2.6693732411682962e-05,1.3544063587790248e-05,7.7242420822510712e-06,2.1762214048461818e-06,0.0
Keith Mumphery,WR,HOU,2.5028882248339128,4500.0,0.9997290344676304,0.0001325440956232298,6.3911002469303169e-05,2.9783373785210448e-05,1.8902823961973862e-05,1.0360058951206297e-05,1.546417757863686e-05,0.0
Bennie Fowler,WR,DEN,2.5026480441114547,4600.0,0.99974368550913939,0.00012940638814383051,4.9844830046498683e-05,4.1507661916197249e-05,1.6455117386599648e-05,9.3225920864393388e-06,9.7779012810582927e-06,0.0
Jordan Taylor,WR,DEN,2.5023767633422653,4500.0,0.99975640144859701,0.00013430914402558293,4.8738989312516775e-05,2.6961222465888618e-05,1.6843382066883642e-05,9.0262918825357512e-06,7.7195216499119415e-06,0.0
Jeff Janis,WR,GB,2.5022788651752457,4800.0,0.99982180507580887,5.8611460702517956e-05,4.8070989502060522e-05,2.9221396977468998e-05,1.8300796391096398e-05,1.0523070114517566e-05,1.346721050354035e-05,0.0
Devin Hester,WR,BAL,2.5022158230425227,4600.0,0.99976425724511175,0.00014963659105949497,3.2932934928780589e-05,2.2443400025285159e-05,1.1771457856464115e-05,6.6555303538425974e-06,1.2302840664108269e-05,0.0
Alex Erickson,WR,CIN,2.5021148036788801,4500.0,0.99979441685754411,0.00012410000179443128,2.3841519358947793e-05,2.2207321680064224e-05,1.3833947995257425e-05,7.454898224927418e-06,1.4145453402713743e-05,0.0
Griff Whalen,WR,SD,2.5020906091975013,4600.0,0.99981370683271387,0.00010820288614814284,2.2925115688438462e-05,1.6739114291450022e-05,1.0767937708723219e-05,5.9987394355155625e-06,2.1659374013629421e-05,0.0
Tyreek Hill,WR,KC,2.5020719626049286,4500.0,0.99976281283260693,0.00014990850630490729,3.7751081692604265e-05,2.5249109690074554e-05,1.3465903599031274e-05,7.2738479107236025e-06,3.5387181962096377e-06,0.0
Cordarrelle Patterson,WR,MIN,2.5018413092396785,4600.0,0.99978005870111919,0.00015216987072917283,3.0912759148650035e-05,1.5259536003359801e-05,9.5194556901784691e-06,5.4052495793347931e-06,6.6744277295498642e-06,0.0
Robby Anderson,WR,NYJ,2.5018019611020978,0,0.99983428693547105,8.5660554591618807e-05,3.0384194108485649e-05,1.9482757581271347e-05,1.2253669271965176e-05,6.7046337087875238e-06,1.1227255266963228e-05,0.0
Bradley Marquez,WR,LARM,2.5017579124517075,4500.0,0.9998582685584263,6.4053706573533343e-05,3.2309422860281511e-05,1.2804538644154824e-05,8.184729819456752e-06,4.4709207070877658e-06,1.99081229694532e-05,0.0
Cameron Meredith,WR,CHI,2.5016462613771022,4500.0,0.99985787561553729,6.7455248189623838e-05,2.6104989747784658e-05,2.0209054451014287e-05,1.0643618114151308e-05,5.826112545409748e-06,1.1885361415128989e-05,0.0
Dwayne Harris,WR,NYG,2.5015281593278074,4500.0,0.99986150140092223,7.4099475217323741e-05,2.1413771563057182e-05,1.7118309423948558e-05,9.1715835665335252e-06,5.2379338773569382e-06,1.1457525429729963e-05,0.0
Leonte Carroo,WR,MIA,2.5014094634348121,4500.0,0.99984383914736008,0.00011423765335925713,1.1048935309350931e-05,9.8449361347435327e-06,6.2482602878261845e-06,3.3650837573882346e-06,1.1415983791079769e-05,0.0
Chris Moore,WR,BAL,2.5013471514518675,0.0,0.99985716430896443,8.346220898512682e-05,2.7813155000115668e-05,1.3454051976077095e-05,8.3796278751913149e-06,4.5080685585461454e-06,5.2185786409583914e-06,0.0
Rod Streater,WR,SF,2.5013434672116088,4500.0,0.99986963152244557,6.9551457573111995e-05,2.1041516622895438e-05,1.9380197039014557e-05,1.0135190540633427e-05,5.5421028925475837e-06,4.7180128862327654e-06,0.0
James Wright,WR,CIN,2.5011665326439441,4500.0,0.99989989491773335,5.1548512281619735e-05,1.335602853339518e-05,1.329750576302809e-05,8.2367807517845675e-06,4.4162252968442238e-06,9.2500296400010159e-06,0.0
Trevor Davis,WR,GB,2.501119597752989,4500.0,0.99992082953694461,2.8907285635229857e-05,1.7083257669048972e-05,9.8377480128799393e-06,6.1151343526713856e-06,3.4025165557132056e-06,1.38245208302188e-05,0.0
Eric Weems,WR,ATL,2.501102689196983,4500.0,0.99990554770332352,4.4287535723939105e-05,2.0752725975999921e-05,1.0102985945637674e-05,6.3095563747656416e-06,3.5326892546153299e-06,9.4668034017669499e-06,0.0
Andre Roberts,WR,DET,2.5008942506416916,4500.0,0.99992768609644456,2.8080418479548793e-05,1.7870457849333404e-05,1.0712102722403405e-05,5.6940912469538837e-06,3.0688634436443185e-06,6.8879698133894908e-06,0.0
Jakeem Grant,WR,MIA,2.5008503391805346,4500.0,0.99993620098967229,2.8853032917711173e-05,9.1144887363856308e-06,8.0245363077351446e-06,5.0680027961770578e-06,2.7753110652922341e-06,9.9636385048971507e-06,0.0
Mike Thomas,WR,LARM,2.5008293097234726,4500.0,0.99992905688861178,3.3067908244404402e-05,1.502310530887902e-05,8.1855593953630343e-06,5.1608449646639475e-06,2.8261598669100332e-06,6.6795336081667284e-06,0.0
Rashard Higgins,WR,CLE,2.5008231168547406,4500.0,0.99992351029508175,4.2980514443594093e-05,7.5697298372613184e-06,1.1809830506012929e-05,6.2521261842744716e-06,3.4255833885600397e-06,4.4519205587689652e-06,0.0
Tommylee Lewis,WR,NO,2.500790305779204,4500.0,0.99994074983712611,2.3780431468191185e-05,1.0704142071079371e-05,8.6351525656668306e-06,5.3602333642569757e-06,2.9868487010272608e-06,7.7833547033102788e-06,0.0
Tavarres King,WR,NYG,2.5006325839294212,4500.0,0.99994739892512352,2.2583450205332497e-05,1.1142599911332927e-05,7.8006251584493979e-06,4.1344731154900661e-06,2.2674361610922591e-06,4.6724903251127758e-06,0.0
Walter Powell,WR,BUF,2.5006092306942427,4500.0,0.99994085239207475,3.0548350913438071e-05,1.1997378076254381e-05,7.2626589208082312e-06,4.5756262339875858e-06,2.5005396602064782e-06,2.2630541204790293e-06,0.0
Matthew Slater,WR,NE,2.500588472490088,4500.0,0.9999582234432669,1.3302263806664792e-05,9.5117478043753357e-06,6.844898098128278e-06,4.1479081037128265e-06,2.3739273942411226e-06,5.5958115264067473e-06,0.0
Deonte Thompson,WR,CHI,2.5005868052445863,4500.0,0.99994909757125061,2.4050931904368382e-05,1.0917745753027378e-05,6.1125771230676312e-06,3.2151646145297928e-06,1.7752167455851986e-06,4.8307926080087624e-06,0.0
Jordan Payton,WR,CLE,2.5005178966543622,4600.0,0.99995015967328793,2.5153819146087344e-05,1.0198050796310166e-05,6.442084448780751e-06,4.062296436475616e-06,2.2950148063424742e-06,1.689061078406825e-06,0.0
Aaron Burbridge,WR,SF,2.5004870188716914,4500.0,0.9999589475564179,1.9033381661744718e-05,7.7075257758675179e-06,5.3648797776116839e-06,3.3989331119197153e-06,1.8634878716743017e-06,3.6842353825121373e-06,0.0
Ricardo Louis,WR,CLE,2.5004332391398676,4500.0,0.9999622372490925,1.8603725256510428e-05,5.050370722974111e-06,6.4212060598598406e-06,3.3979501341178503e-06,1.862532811945871e-06,2.4269659223414416e-06,0.0
