name,pos,team,expectation,salary,prob_0_5,prob_5_10,prob_10_15,prob_15_20,prob_20_25,prob_25_30,prob_30+,label
Drew Brees,QB,NO,19.99285714285714,9000.0,0.028571428571428571,0.088571428571428565,0.18428571428571427,0.21714285714285714,0.20571428571428571,0.14999999999999999,0.12571428571428572,3.0
Philip Rivers,QB,SD,18.828571428571429,8000.0,0.029999999999999999,0.097142857142857142,0.19714285714285715,0.25142857142857145,0.23000000000000001,0.10857142857142857,0.085714285714285715,3.0
Russell Wilson,QB,SEA,18.664285714285715,8700.0,0.037142857142857144,0.10571428571428572,0.20571428571428571,0.23999999999999999,0.20285714285714285,0.11428571428571428,0.094285714285714292,3.0
Derek Carr,QB,OAK,18.432142857142857,8100.0,0.015714285714285715,0.11428571428571428,0.21571428571428572,0.26571428571428574,0.20857142857142857,0.10714285714285714,0.072857142857142856,3.0
Aaron Rodgers,QB,GB,18.425000000000001,8900.0,0.037142857142857144,0.082857142857142851,0.24571428571428572,0.27285714285714285,0.16714285714285715,0.09285714285714286,0.10142857142857142,3.0
Kirk Cousins,QB,WAS,17.960714285714289,7200.0,0.035714285714285712,0.12,0.22428571428571428,0.23000000000000001,0.23000000000000001,0.084285714285714283,0.07571428571428572,3.0
Ben Roethlisberger,QB,PIT,17.925000000000001,8400.0,0.044285714285714282,0.13,0.20999999999999999,0.23142857142857143,0.20285714285714285,0.10000000000000001,0.081428571428571433,3.0
Matt Ryan,QB,ATL,17.899999999999999,8500.0,0.047142857142857146,0.12857142857142856,0.21857142857142858,0.22857142857142856,0.20285714285714285,0.077142857142857138,0.097142857142857142,3.0
Alex Smith,QB,KC,17.842857142857142,6800.0,0.051428571428571428,0.10142857142857142,0.20000000000000001,0.26428571428571429,0.24285714285714285,0.071428571428571425,0.068571428571428575,3.0
Matthew Stafford,QB,DET,17.539285714285715,8200.0,0.041428571428571426,0.12428571428571429,0.20999999999999999,0.24571428571428572,0.25,0.072857142857142856,0.055714285714285716,4.0
Eli Manning,QB,NYG,17.50714285714286,7700.0,0.044285714285714282,0.13428571428571429,0.23142857142857143,0.22428571428571428,0.21285714285714286,0.07571428571428572,0.077142857142857138,2.0
Jameis Winston,QB,TB,17.303571428571431,7600.0,0.037142857142857144,0.13714285714285715,0.2257142857142857,0.25714285714285712,0.19285714285714287,0.097142857142857142,0.052857142857142859,3.0
Ryan Tannehill,QB,MIA,17.210714285714285,7400.0,0.038571428571428569,0.13,0.22428571428571428,0.25857142857142856,0.2257142857142857,0.07571428571428572,0.047142857142857146,3.0
Carson Palmer,QB,ARI,17.164285714285715,8200.0,0.044285714285714282,0.1657142857142857,0.19714285714285715,0.23857142857142857,0.20000000000000001,0.097142857142857142,0.057142857142857141,3.0
Tyrod Taylor,QB,BUF,16.87142857142857,7300.0,0.072857142857142856,0.12428571428571429,0.2257142857142857,0.26000000000000001,0.1657142857142857,0.085714285714285715,0.065714285714285711,3.0
Cam Newton,QB,CAR,16.81785714285714,9200.0,0.047142857142857146,0.16285714285714287,0.21857142857142858,0.27142857142857141,0.14285714285714285,0.09571428571428571,0.06142857142857143,3.0
Ryan Fitzpatrick,QB,NYJ,15.453571428571429,7300.0,0.06142857142857143,0.19428571428571428,0.23428571428571429,0.24714285714285714,0.17285714285714285,0.059999999999999998,0.029999999999999999,3.0
Marcus Mariota,QB,TEN,15.357142857142858,7700.0,0.20714285714285716,0.091428571428571428,0.21285714285714286,0.19857142857142857,0.12,0.084285714285714283,0.085714285714285715,2.0
Blake Bortles,QB,JAC,15.078571428571427,7900.0,0.091428571428571428,0.18857142857142858,0.25285714285714284,0.23142857142857143,0.11571428571428571,0.077142857142857138,0.042857142857142858,2.0
Andy Dalton,QB,CIN,14.02857142857143,7500.0,0.23428571428571429,0.16,0.18142857142857144,0.17999999999999999,0.089999999999999997,0.080000000000000002,0.074285714285714288,0.0
Sam Bradford,QB,MIN,14.025,6600.0,0.17999999999999999,0.19142857142857142,0.23142857142857143,0.17285714285714285,0.11142857142857143,0.031428571428571431,0.081428571428571433,2.0
Blaine Gabbert,QB,SF,13.50357142857143,6000.0,0.17000000000000001,0.25,0.17714285714285713,0.23428571428571429,0.054285714285714284,0.044285714285714282,0.070000000000000007,1.0
Joe Flacco,QB,BAL,13.378571428571428,7600.0,0.27000000000000002,0.12714285714285714,0.18571428571428572,0.19285714285714287,0.10428571428571429,0.065714285714285711,0.054285714285714284,0.0
Andrew Luck,QB,IND,13.225,8700.0,0.27000000000000002,0.14000000000000001,0.17428571428571429,0.19142857142857142,0.11428571428571428,0.059999999999999998,0.050000000000000003,0.0
Brock Osweiler,QB,HOU,13.035714285714286,7200.0,0.14857142857142858,0.27000000000000002,0.23285714285714285,0.17285714285714285,0.094285714285714292,0.035714285714285712,0.045714285714285714,1.0
Brian Hoyer,QB,CHI,12.639285714285714,6000.0,0.35285714285714287,0.13,0.16142857142857142,0.13285714285714287,0.081428571428571433,0.045714285714285714,0.09571428571428571,0.0
Dak Prescott,QB,DAL,12.214285714285715,7100.0,0.46571428571428569,0.047142857142857146,0.10142857142857142,0.13857142857142857,0.09571428571428571,0.059999999999999998,0.091428571428571428,0.0
Case Keenum,QB,LARM,12.092857142857145,6700.0,0.22285714285714286,0.26142857142857145,0.23142857142857143,0.12857142857142856,0.064285714285714279,0.028571428571428571,0.062857142857142861,1.0
Carson Wentz,QB,PHI,11.74642857142857,7200.0,0.40142857142857141,0.11285714285714285,0.13,0.16428571428571428,0.07857142857142857,0.042857142857142858,0.070000000000000007,0.0
Trevor Siemian,QB,DEN,10.796428571428573,6700.0,0.45285714285714285,0.10142857142857142,0.13428571428571429,0.14285714285714285,0.070000000000000007,0.040000000000000001,0.058571428571428573,0.0
Jacoby Brissett,QB,NE,7.6464285714285714,6200.0,0.71857142857142853,0.031428571428571431,0.058571428571428573,0.07857142857142857,0.024285714285714285,0.018571428571428572,0.070000000000000007,0.0
Cody Kessler,QB,CLE,6.0607142857142851,6000.0,0.7985714285714286,0.025714285714285714,0.074285714285714288,0.024285714285714285,0.012857142857142857,0.0028571428571428571,0.06142857142857143,0.0
Joe Webb,QB,CAR,5.7642857142857142,5000.0,0.86857142857142855,0.0042857142857142859,0.022857142857142857,0.017142857142857144,0.0042857142857142859,0.0028571428571428571,0.080000000000000002,0.0
Derek Anderson,QB,CAR,5.6285714285714281,5000.0,0.86428571428571432,0.015714285714285715,0.025714285714285714,0.01,0.0042857142857142859,0.0057142857142857143,0.074285714285714288,0.0
Trevone Boykin,QB,SEA,4.7785714285714285,5000.0,0.90428571428571425,0.0057142857142857143,0.015714285714285715,0.015714285714285715,0.0028571428571428571,0.0014285714285714286,0.054285714285714284,0.0
