name,pos,team,expectation,salary,prob_0_5,prob_5_10,prob_10_15,prob_15_20,prob_20_25,prob_25_30,prob_30+,label
Eric Ebron,TE,DET,9.4866684782608939,5600.0,0.30099044421520915,0.23857450714885051,0.26879653716699414,0.15865451969306887,0.021244077503669506,0.010722131795929801,0.0010177824762778794,0.0
Jason Witten,TE,DAL,8.7942068491362431,6000.0,0.33530175648173943,0.29788211262737235,0.16941852614612488,0.17593581549934176,0.013282455360226399,0.0079871555233814902,0.00019217836181359538,0.0
Dwayne Allen,TE,IND,7.9381381971595211,6100.0,0.38412985816485545,0.19498272460176172,0.38764397947394702,0.019797114821948399,0.0093947780882162463,0.0039656949711492718,8.5849878121841908e-05,2.0
Travis Kelce,TE,KC,7.7890690830604425,6000.0,0.10837670824406474,0.80583589701494762,0.035521275971093662,0.025442503683602055,0.019641713791349602,0.0050942379855846284,8.7663309357802617e-05,1.0
Jordan Reed,TE,WAS,7.0129163405845842,7500.0,0.55382049846796222,0.2106019996076994,0.081937841374617695,0.10908482151507817,0.025020076713402003,0.017470093817950168,0.0020646685032905247,0.0
Jimmy Graham,TE,SEA,6.8189000574579932,5200.0,0.34995918435071893,0.50883292751357001,0.096429373567645568,0.025538747878354598,0.010831046854030831,0.0083391820935795509,6.9537742100400223e-05,1.0
Zach Miller,TE,CHI,5.3750888761942539,5200.0,0.44765632318984655,0.54080654367912073,0.0046469618942309296,0.0039946289532259843,0.0015744175868258178,0.0013010399763911688,2.0084720358642321e-05,1.0
Greg Olsen,TE,CAR,5.3442056106893352,7800.0,0.75119709365450571,0.10689484832589917,0.032619734910759965,0.07062965899264563,0.0095604649934134707,0.028374884839458478,0.00072331428331765207,0.0
Martellus Bennett,TE,NE,4.6830251576231126,6100.0,0.72110030918884316,0.19339812498073994,0.041426320993556344,0.027207991709829162,0.0057286183062654882,0.011056873421839135,8.1761398926891783e-05,0.0
Jack Doyle,TE,IND,4.4792452590225542,5000.0,0.75976678498240813,0.093553154440367173,0.14097292746106041,0.0035338763147639918,0.001144589726922768,0.0010108542627088118,1.7812811768616226e-05,0.0
Kyle Rudolph,TE,MIN,4.3608031033552432,5100.0,0.7745560198989202,0.099810579875070804,0.11283173427750899,0.0072104011132263371,0.0031252610095813655,0.0023164666693632889,0.00014953715632904819,0.0
Vance McDonald,TE,SF,4.1639813574372821,4900.0,0.71553938593324895,0.25765308077941024,0.013759708565036905,0.0073613088052788215,0.0029813819918011143,0.0026460342126830337,5.9099712540960328e-05,0.0
Jared Cook,TE,GB,4.1452736082257768,5000.0,0.77794737422934301,0.15407548693184428,0.035189874993910158,0.028307479634024007,0.0027676967881742299,0.0016815397179048017,3.0547704799633143e-05,0.0
Coby Fleener,TE,NO,3.9906557836487475,5500.0,0.79877806187098832,0.14213074701706083,0.037231281402855705,0.0092028371386642834,0.0094196605136976259,0.0031949899550475901,4.2422101685529064e-05,0.0
Julius Thomas,TE,JAC,3.9162045748172449,6100.0,0.79922579914186209,0.14503103277688739,0.036693237700236567,0.014075223968250894,0.0027493744841302114,0.0019096137275327026,0.00031571820110021378,0.0
Jacob Tamme,TE,ATL,3.741233473012449,5500.0,0.87598500950402891,0.021085883831299276,0.090000107515399913,0.0070362926591132661,0.0036078432387552997,0.0021541775507282141,0.0001306857006751939,0.0
Cameron Brate,TE,TB,3.6050715801535382,4800.0,0.82609268246086864,0.14737939946338391,0.012365327943027415,0.0098142942860686075,0.0024391340831832358,0.0018031399814750304,0.00010602178199308772,0.0
Jordan Cameron,TE,MIA,3.4569835050576478,5400.0,0.85120055106444792,0.12586512007807668,0.010198861262568989,0.0077082838457407368,0.0031273837590629064,0.0018994854005525926,3.1458955044415445e-07,0.0
Dennis Pitta,TE,BAL,3.299136570335274,5000.0,0.90630157021801394,0.045879004836204371,0.036626623289432468,0.0064800191964329368,0.0023532731087204275,0.002329932103311832,2.9577247883972871e-05,0.0
Charles Clay,TE,BUF,3.2057174305802119,5000.0,0.88463054842801281,0.094981362731348884,0.016891639939967378,0.0022425933351897789,0.00061829587042101309,0.00063550533359069887,5.4361469504044598e-08,0.0
Larry Donnell,TE,NYG,3.0875122008722666,5200.0,0.90294840504452001,0.086831141924090596,0.0043216691790736511,0.00279506606816629,0.0019167402294824479,0.0011597022236986528,2.7275330968238434e-05,0.0
Clive Walford,TE,OAK,2.9211352858165611,5000.0,0.93982908460147652,0.045500570601181012,0.0084676174163767146,0.0039262651868354212,0.0013818761490918233,0.00088657181349688851,8.0142315415185191e-06,0.0
Luke Willson,TE,SEA,2.8846125422772135,4700.0,0.94005343318523438,0.048566194150289455,0.0079883030106068266,0.0018602272736585274,0.00087413557117272376,0.00064840672031818197,9.3000887203101655e-06,0.0
Stephen Anderson,TE,HOU,2.7924999418451484,4500.0,0.96270215030371897,0.018848290792664629,0.016851498129174681,0.00079793975165251866,0.00045664510566898695,0.00033619454726634428,7.2813698539022494e-06,0.0
Tyler Kroft,TE,CIN,2.7892492084280667,4800.0,0.9561225229160536,0.035120907946849113,0.0052974472158393128,0.0022667175300915532,0.00065978795718660711,0.00051151462187005298,2.1101812109869638e-05,0.0
Marcedes Lewis,TE,JAC,2.7129376876694744,4500.0,0.96992478398745352,0.020321220652260268,0.0081452635028257132,0.00084709000965184356,0.00044113574444526639,0.00027554186840980844,4.4964234953479271e-05,0.0
Vernon Davis,TE,WAS,2.7046784917922193,4600.0,0.9761144354959479,0.011994327360616067,0.0083844955832465887,0.0023792024181943754,0.00062756048784855126,0.00048355375106390417,1.6424903082726026e-05,0.0
Gary Barnidge,TE,CLE,2.6365785617321165,5800.0,0.98327483467324994,0.0098026875322424177,0.0041675362370968555,0.0021449580715596924,0.00030705640425928994,0.00030278234804984847,1.4473354182007841e-07,0.0
Jesse James,TE,PIT,2.6147849883123402,4500.0,0.98517613717168062,0.0082837326847477865,0.0056265064131223877,0.00042439662028087127,0.00030231275371014746,0.0001847546941235708,2.159662334510136e-06,0.0
Will Tye,TE,NYG,2.5958613360895852,4800.0,0.9842798055459886,0.01355821815412123,0.0013823410274588287,0.00042623262858698359,0.00020216413136599877,0.00014735848897069477,3.8800235076480361e-06,0.0
Richard Rodgers,TE,GB,2.5930737547915825,4600.0,0.98680041092235204,0.0085620291601533182,0.0041249865579114694,0.00032827076935691235,0.00010560262475213679,7.7349266880327944e-05,1.3506985937363614e-06,0.0
Lance Kendricks,TE,LARM,2.5751550555952085,4500.0,0.99096555285587251,0.0052404199127832991,0.0024862342277024809,0.0007018972213388376,0.00033415492316572396,0.00026033612681216755,1.140473232511268e-05,0.0
C.J. Uzomah,TE,CIN,2.5612542281910011,4700.0,0.99128373536764547,0.0064057674440497698,0.001545803935949975,0.00044716337106016636,0.00018088996262981985,0.00013315940851445614,3.4805101505167258e-06,0.0
Crockett Gillmore,TE,BAL,2.5507586387168901,4600.0,0.99246233766601344,0.0062326748058143125,0.00053960428521773751,0.00040785512224187758,0.00017882338373385873,0.00017373021659553375,4.9745203830093795e-06,0.0
Ryan Griffin,TE,HOU,2.5306266048283228,4500.0,0.99575057781121978,0.0027926505229428082,0.0012133975468928643,0.0001216815361191326,6.9314595793626898e-05,5.1256372200907517e-05,1.1216148306952658e-06,0.0
Rob Gronkowski,TE,NE,2.5293823878602395,7300.0,0.9970332198050631,0.0016553662796942599,0.00035257087372017989,0.00052059278657333962,0.00025818195012094754,0.00016598706444835996,1.4081240379658108e-05,0.0
Brent Celek,TE,PHI,2.5223904846112526,5200.0,0.99646085446951049,0.003042813586510144,0.00023279572896302159,0.00013392788697014836,8.1418612422955148e-05,4.7332922893474702e-05,8.567927299277322e-07,0.0
Geoff Swaim,TE,DAL,2.5127040869969695,4500.0,0.9985640000393442,0.00076890813210125518,0.00038540252177451608,0.00017009094879231183,6.9075081839940612e-05,4.1246829968095449e-05,1.2764461794734985e-06,0.0
Austin Hooper,TE,ATL,2.508031470006447,4500.0,0.99924593629415082,0.00027381183107751724,0.00025086176184332113,0.00013229437730539017,5.4767416109067957e-05,4.021881777674274e-05,2.10950173680482e-06,0.0
Justin Perillo,TE,GB,2.5066693041598205,4500.0,0.99921414652629226,0.00034157397646348734,0.00038623160917962689,2.802125051567591e-05,1.6161622668777989e-05,1.2672801199642238e-05,1.1922136802036255e-06,0.0
Garrett Celek,TE,SF,2.5049550045486999,4500.0,0.99946803759071423,0.00026063901258037132,0.00016293286888071666,5.3820686898301317e-05,3.095203209802084e-05,2.2859858048383463e-05,7.5795077988602405e-07,0.0
David Johnson,TE,PIT,2.5049512280706532,4500.0,0.99915772087607679,0.00076049430161886835,4.3499854217771901e-05,1.9087351162670037e-05,1.0780545141269157e-05,8.2290643766634886e-06,1.8800740612196225e-07,0.0
C.J. Fiedorowicz,TE,HOU,2.504088086285408,4500.0,0.99958443467568847,0.00012644311776391091,0.00022392616831519059,3.2388411973888152e-05,1.8346102466930648e-05,1.4151831831748357e-05,3.0969195988029797e-07,0.0
Trey Burton,TE,PHI,2.5036170307467422,4500.0,0.99948941348035036,0.00041041934552116135,3.5767056694018131e-05,3.1598543578444021e-05,1.7693406422935469e-05,1.4879769533850502e-05,2.2839789892780141e-07,0.0
Darren Fells,TE,ARI,2.5033090076928306,4600.0,0.99962870909879897,0.0001837675582699757,0.00012611527118635004,3.2990576696817295e-05,1.5797479683886001e-05,1.2258873843552111e-05,3.6114151997814107e-07,0.0
Brandon Myers,TE,TB,2.5020556230080078,4600.0,0.99976318798945496,0.00014101165524530148,5.1274115117017743e-05,2.1789487378615562e-05,1.2478875214324284e-05,9.5969674690902304e-06,6.6091012055819552e-07,0.0
Cole Wick,TE,DET,2.5015224821494559,4500.0,0.99985016955557104,6.035363111628553e-05,5.5709157887616512e-05,1.556428365009696e-05,8.8579340165184639e-06,6.7636329650545709e-06,2.5818047935183443e-06,0.0
Xavier Grimble,TE,PIT,2.5014468164646146,4500.0,0.99979832106830802,0.00016196153503732628,1.3108372117729755e-05,1.2438262802506211e-05,7.1234256296806841e-06,6.9541079720633375e-06,9.3228132840928601e-08,0.0
Demetrius Harris,TE,KC,2.5014406133677074,4500.0,0.99981849094463393,0.00012925685411394709,2.1083176455388747e-05,1.4584454023173176e-05,1.0203953790540595e-05,6.2291474042957761e-06,1.5146957900576816e-07,0.0
Niles Paul,TE,WAS,2.5014235893573056,4600.0,0.99984792497257391,7.8424182094632037e-05,4.0960669405768143e-05,1.5965206201652525e-05,8.7667442836289847e-06,6.879140365665522e-06,1.0790850749467582e-06,0.0
Lee Smith,TE,OAK,2.5013943830496612,4500.0,0.99982359548796729,0.00012248616138767454,2.5971646197918575e-05,1.3763479256285782e-05,7.9659878502796626e-06,6.0795171558311456e-06,1.3772018456458711e-07,0.0
Jermaine Gresham,TE,ARI,2.5013102245456449,4500.0,0.99983927500398262,0.00010363006588194496,3.1618626483087861e-05,1.2422475248820772e-05,7.5297025298883168e-06,5.4103091777714084e-06,1.1381669626739048e-07,0.0
Blake Bell,TE,SF,2.501102984536955,4500.0,0.99987185513702548,7.390154170860123e-05,3.2472174951449673e-05,1.0744268242498949e-05,6.0080863374621513e-06,4.7575203820224652e-06,2.6127135261393424e-07,0.0
Levine Toilolo,TE,ATL,2.500633239051048,4500.0,0.99993002438914447,4.2602302270213006e-05,1.0775055511711202e-05,8.6243448617804906e-06,4.1539430988143811e-06,3.2154555354923478e-06,6.0450957809797589e-07,0.0
Dion Sims,TE,MIA,2.5004890875184991,4500.0,0.99994430897993281,3.3666918220566157e-05,1.047943964623771e-05,5.2223060764995406e-06,4.0888383184977869e-06,2.2322873658978274e-06,1.2304390827751916e-09,0.0
Kellen Davis,TE,NYJ,2.5003985699874991,4500.0,0.99996035053605481,2.0891173846496593e-05,6.7621370301696945e-06,5.3456632065441467e-06,4.138952338279217e-06,2.412828856565032e-06,9.8708667289209749e-08,0.0
Nick O'Leary,TE,BUF,2.5002500873316484,4500.0,0.99997932626758412,2.5636460646160637e-06,1.134695660956488e-05,3.8092039223187897e-06,1.4378514520819677e-06,1.5157292758555756e-06,3.4509100980676016e-10,0.0
Phillip Supernaw,TE,TEN,2.50024171059622,4500.0,0.99997863946772558,5.6797752411631865e-06,9.9255696084252116e-06,2.6128634108830831e-06,1.4968838540191342e-06,1.1401879351801354e-06,5.0525222481122576e-07,0.0
Tyler Higbee,TE,LARM,2.5002090958220986,4500.0,0.99997672384666847,1.1543662303706357e-05,7.8743956612656352e-06,1.8859115788572277e-06,1.0626508115958311e-06,8.6239435661241653e-07,4.7138619606753937e-08,0.0
Anthony Fasano,TE,TEN,2.5002020952780257,4500.0,0.99998254336539905,4.6061965906303913e-06,7.7524875723123799e-06,2.2705767559855364e-06,1.3422413774486915e-06,1.0174479263794964e-06,4.6768437847341838e-07,0.0
Ross Travis,TE,KC,2.5002010048555188,0.0,0.99997778161379547,1.3668276636621264e-05,4.4243567110861684e-06,1.6172183604920711e-06,9.5166591340021994e-07,7.2932232243104355e-07,8.2754626113043409e-07,0.0
Cory Harkey,TE,LARM,2.500174876155822,4500.0,0.99997879486419838,1.289752686758627e-05,5.2269388248516265e-06,1.506462553007544e-06,8.4292552007372971e-07,6.8039754831063364e-07,5.0884487164104978e-08,0.0
Brandon Bostick,TE,NYJ,2.50015306840305,4500.0,0.99998272026782209,1.10548850944029e-05,2.2221663629439655e-06,1.78366611904346e-06,1.3810113337495065e-06,8.050680952620178e-07,3.2935172500753099e-08,0.0
Asante Cleveland,TE,SD,2.5001479368470139,4500.0,0.99998124492418561,1.3753879688219123e-05,1.7300409069450606e-06,1.5744969578890358e-06,9.282333843365239e-07,7.0518547387905362e-07,6.3239403128788204e-08,0.0
Maxx Williams,TE,BAL,2.5001230694045558,4600.0,0.99998935387481436,3.5954320594311883e-06,2.9162094170507905e-06,2.2479657201904927e-06,1.0497315484174426e-06,7.9727013296731284e-07,3.9516307471738307e-08,0.0
Hunter Henry,TE,SD,2.5001202224714536,4500.0,0.99999058433007226,2.4480500958864715e-06,2.5669094768381565e-06,2.0444838923959029e-06,1.4680496247026903e-06,8.7744958570982826e-07,1.0727251803014352e-08,0.0
John Phillips,TE,NO,2.5001049652208533,0.0,0.9999872785580467,9.0834380766995473e-06,1.3815196444309029e-06,9.7737726077416e-07,5.7506786694964529e-07,4.4139375090253564e-07,2.6264535389211418e-07,0.0
Troy Niklas,TE,ARI,2.5000825848848458,4500.0,0.99999119916068169,4.7411736264790423e-06,1.9716267128429928e-06,1.0172638794938879e-06,5.9657243147004471e-07,4.5856585835562029e-07,1.563680937991289e-08,0.0
Jace Amaro,TE,TEN,2.5000792203909095,4500.0,0.9999895161929494,7.8722779922483414e-06,1.0924930041199794e-06,7.2290977678835462e-07,4.2606063925793025e-07,3.2772290319396448e-07,4.2342735075650004e-08,0.0
Logan Paulsen,TE,CHI,2.5000663746913983,4500.0,0.9999896433251142,9.004682406248585e-06,4.5556553083299378e-07,4.3924837978041668e-07,2.5264800202878693e-07,1.9910734745956416e-07,5.4232195273824482e-09,0.0
Sean McGrath,TE,SD,2.5000592307425178,4500.0,0.99999543302530258,1.3026993730987011e-06,9.8288045007130425e-07,1.0482349356491597e-06,7.4801723493080283e-07,4.7500872794330825e-07,1.0133975974598047e-08,0.0
Gavin Escobar,TE,DAL,2.5000588251971481,4500.0,0.99999517009316152,1.4421286400721474e-06,1.3879535026311977e-06,9.7267341487086415e-07,5.6778176163531325e-07,4.1869692438119354e-07,4.0672595507889455e-08,0.0
James O'Shaughnessy,TE,KC,2.5000544540077576,4500.0,0.99999285480201727,5.4245407054916239e-06,5.639210942049089e-07,5.6622723439616174e-07,3.2632683516159927e-07,2.551694127593696e-07,9.0127000515780014e-09,0.0
Khari Lee,TE,DET,2.5000441295129083,4500.0,0.99999620621545882,9.9067575662324053e-07,1.5507091854121379e-06,6.0329048328903411e-07,3.5562511133861224e-07,2.7080631713796394e-07,2.2677688144107412e-08,0.0
Clay Harbor,TE,DET,2.5000441295129083,4500.0,0.99999620621545882,9.9067575662324053e-07,1.5507091854121379e-06,6.0329048328903411e-07,3.5562511133861224e-07,2.7080631713796394e-07,2.2677688144107412e-08,0.0
Jim Dray,TE,BUF,2.5000434978811716,4500.0,0.99999665878742106,5.6335898798194493e-07,1.2828395871033702e-06,7.7776491133698557e-07,3.4912780865010408e-07,3.6803749081313173e-07,8.3792291522349474e-11,0.0
Brandon Williams,TE,SEA,2.5000382360131774,4500.0,0.99999592766004142,2.2794379354750116e-06,7.7351870683658847e-07,4.9645029215640773e-07,2.9116007409301451e-07,2.2652537565555176e-07,5.2475746368238923e-09,0.0
Jeff Heuerman,TE,DEN,2.500028672285886,4500.0,0.99999596704995519,3.2825805963064913e-06,2.2021160910960582e-07,2.5494303519156484e-07,1.4839557872431593e-07,1.141886866805078e-07,1.2630539741365854e-08,0.0
Rhett Ellison,TE,MIN,2.5000232291263313,4500.0,0.99999736114140358,1.5817678841657893e-06,5.3850606526528128e-07,2.453810467045218e-07,1.4242018498104032e-07,1.1258055438375201e-07,1.8202861440723259e-08,0.0
Ed Dickson,TE,CAR,2.5000176554856228,4500.0,0.99999825064061088,9.9624463589078062e-07,2.4247648953575623e-07,2.2415936428061734e-07,1.3271579687308046e-07,1.0193462381595097e-07,5.1828478507969939e-08,0.0
Scott Simonson,TE,CAR,2.5000176554856228,4500.0,0.99999825064061088,9.9624463589078062e-07,2.4247648953575623e-07,2.2415936428061734e-07,1.3271579687308046e-07,1.0193462381595097e-07,5.1828478507969939e-08,0.0
Marqueis Gray,TE,MIA,2.5000075870255443,4500.0,0.999999211582553,4.5347842937367862e-07,1.0880021370991057e-07,1.053061033488924e-07,7.3801719683410879e-08,4.7000205366258165e-08,3.0774906317940093e-11,0.0
