name,pos,team,expectation,salary,prob_0_5,prob_5_10,prob_10_15,prob_15_20,prob_20_25,prob_25_30,prob_30+,label
David Johnson,RB,ARI,13.880451607033722,8400.0,0.12683807278345482,0.22886975851252259,0.23553262129906266,0.20902699466534402,0.10333672602405027,0.060563627631543319,0.035832199084022562,2.0
DeAngelo Williams,RB,PIT,13.659281231491006,8800.0,0.14069693993535903,0.23231386753863845,0.21843829586313127,0.22261515889271624,0.095912131341628182,0.049321104531192268,0.040702501897334945,1.0
Matt Forte,RB,NYJ,13.124262849565655,7500.0,0.1306046352204954,0.27238005071697896,0.22616220315390165,0.20939521143321393,0.080604552734776874,0.050668324109680002,0.030185022630953753,1.0
Latavius Murray,RB,OAK,13.047268424838208,7100.0,0.15843074954651201,0.24570367809449395,0.22353946386036738,0.20512265783658246,0.084116679382463019,0.050151750136310763,0.03293502114327073,1.0
DeMarco Murray,RB,TEN,12.962283604285734,7700.0,0.16496818950003636,0.24950467980666907,0.21783823499232086,0.19824570732419355,0.083206336112265966,0.053884290050101584,0.032352562214412788,1.0
Devonta Freeman,RB,ATL,12.799595047314623,7400.0,0.16594900945413782,0.24292162256482167,0.2455090511974754,0.17862167853072566,0.082069037807399881,0.060136203475988935,0.024793396969450959,2.0
C.J. Anderson,RB,DEN,12.4954428094387,8000.0,0.16959711983486458,0.27207566151653284,0.22940217719867126,0.1836398378962612,0.063722297094662997,0.045172698718080335,0.036390207740927251,1.0
Lamar Miller,RB,HOU,12.124750652139671,7000.0,0.16798166892368019,0.26891549132619874,0.25173591082228458,0.1861923260972439,0.066324869953018437,0.035891269567249799,0.022958463310324851,1.0
Spencer Ware,RB,KC,11.624305449666766,6300.0,0.21948780777228097,0.28204956642908352,0.2064869275209997,0.15952443524639254,0.067193370699801622,0.027790280153657448,0.037467612177784403,1.0
Eddie Lacy,RB,GB,11.598957164750667,7300.0,0.19637411964912363,0.30382026556410063,0.21699455021799352,0.14874172734477589,0.072436494345355332,0.036401714117957014,0.025231128760694093,1.0
Isaiah Crowell,RB,CLE,11.563139597962572,6900.0,0.22800596685758323,0.27450598161444772,0.21787649465220948,0.1480821238912032,0.061010536271667665,0.02952826448027359,0.040990632232615294,1.0
Ezekiel Elliott,RB,DAL,11.364525766991365,8100.0,0.23634357059782596,0.27479119974194011,0.18884831874943683,0.1716971651434431,0.071121786234168899,0.033965374116833355,0.023232585416351897,1.0
Jeremy Hill,RB,CIN,11.171901040072456,6400.0,0.22885387197776169,0.28557109948013121,0.22971895938470091,0.13725543271006407,0.060667197051007975,0.027754168430293782,0.03017927096604078,1.0
Mark Ingram,RB,NO,11.157212182226246,6900.0,0.27366828069577709,0.25200958405456181,0.19474654414414497,0.14059779993969823,0.072389237913917784,0.036157455673146835,0.030431097578753435,0.0
Christine Michael,RB,GB,10.958062007966253,6900.0,0.25168129025535585,0.27222483081790738,0.21624337149635048,0.14481959996621435,0.062665502800398468,0.025730075754747814,0.02663532890902558,1.0
Melvin Gordon,RB,SD,10.649823289157055,7100.0,0.28397892848826761,0.28312044709756395,0.1956170224040058,0.1119201252859934,0.063432998635616092,0.024286874700137455,0.037643603388415887,0.0
Jeremy Langford,RB,CHI,10.56444653367571,6500.0,0.30286380536357083,0.2601244096234247,0.20159244250426775,0.11429599613109996,0.056781438975763605,0.025770753536901277,0.038571153864972438,0.0
Frank Gore,RB,IND,10.319844673845337,5700.0,0.24853017831336016,0.31893213574290685,0.23354212628310134,0.097831649555749758,0.058770758136837388,0.017453948364619994,0.024939203603424491,1.0
LeSean McCoy,RB,BUF,10.181985005053257,6700.0,0.32174232819057047,0.24801792963959257,0.20844536658534388,0.11398064333148761,0.054130331593491149,0.02394468163660237,0.029738719022912564,0.0
Tevin Coleman,RB,ATL,10.173212484817121,6400.0,0.32551178656368085,0.25638153395515439,0.19602672368734875,0.10462093904081031,0.06210893975617033,0.023911040661981686,0.031439036334854072,0.0
Ryan Mathews,RB,PHI,10.050215170213715,6600.0,0.30294028456638417,0.30357484041010702,0.1826065640016383,0.10590013571747711,0.049717406251259144,0.02300664358232091,0.032254125470813327,1.0
Todd Gurley,RB,LARM,9.9086404031227477,8300.0,0.30748628443175219,0.31321449249939304,0.15480713240625779,0.11599604189982202,0.066878452544116535,0.018077991989715034,0.023539604228943582,1.0
LeGarrette Blount,RB,NE,9.8306853940425079,6500.0,0.34532608954842137,0.26564093507302161,0.17276239227834153,0.10453325743502362,0.063363941961058629,0.017674116698250645,0.030699267005882828,0.0
Matt Jones,RB,WAS,9.5969946082581465,6400.0,0.37261359907382835,0.23333062153981074,0.19162249453247862,0.1031035623145474,0.049468765390443058,0.018972439284233245,0.030888517864658613,0.0
Theo Riddick,RB,DET,9.3982385445278069,6400.0,0.34112630136252192,0.28569955133187214,0.17971232534108697,0.10727052015658582,0.049016324880846104,0.016660468751795793,0.02051450817529148,0.0
Carlos Hyde,RB,SF,9.2073992481038438,6100.0,0.35619236012380351,0.28709392722782967,0.17865397101646407,0.091791885697073694,0.048286840508844964,0.012214426023660019,0.025766589402324562,0.0
Charles Sims,RB,TB,9.1475795184025586,6300.0,0.37560802637579216,0.26664509274550158,0.18008703527984268,0.098202422855044713,0.033985818981859643,0.015612819046654668,0.029858784715304482,0.0
Giovani Bernard,RB,CIN,9.0822504528608601,5700.0,0.3828327474019026,0.26024023995149742,0.18446241165857508,0.086475492478498187,0.041314661454956957,0.018522667871002017,0.026151779183567956,0.0
Justin Forsett,RB,DET,8.9088347146475471,6500.0,0.39172865489261216,0.28215120114506892,0.1551007926124551,0.08066227868531553,0.044422311122648522,0.019225249339571961,0.026709512202327659,0.0
Shane Vereen,RB,NYG,8.3751428230306555,5200.0,0.42208595848391373,0.26567389486769788,0.1621347785833217,0.078233850832887433,0.040370875710343652,0.010569408440122685,0.020931233081713695,0.0
T.J. Yeldon,RB,JAC,8.2700000201513362,6600.0,0.43878657046778169,0.27917151788147221,0.13050304718430869,0.073600019717113094,0.037837730486709666,0.012657221349997446,0.027443892912617292,0.0
Darren Sproles,RB,PHI,8.2037585176723962,5200.0,0.44946762470622681,0.25333512784244039,0.15068227555195304,0.075554431465967437,0.034026853229736795,0.011191766368405607,0.025741920835270018,0.0
James White,RB,NE,7.9759156666067614,5400.0,0.44163316349467419,0.27518935921439697,0.14734725206572319,0.070075995294258883,0.039930855783252221,0.0083360473335275485,0.017487326814167051,0.0
Charcandrick West,RB,KC,7.9035130803204945,5200.0,0.47387104459139101,0.25364126889593258,0.1301526765440689,0.075798688144770296,0.031376763659672818,0.009789502040027518,0.025370056124136724,0.0
Fozzy Whittaker,RB,CAR,7.6326857554835881,6300.0,0.49616109274155629,0.2464791589477861,0.13418138216328865,0.059392673422395258,0.028159854526033277,0.0071267725613867227,0.028499065637554076,0.0
Terrance West,RB,BAL,7.4987461995686999,5200.0,0.50294681839430744,0.23599509604000596,0.13938843233355094,0.067467180135812987,0.023742658673316111,0.0069224597624093116,0.023537354660597223,0.0
Duke Johnson,RB,CLE,7.4256482409900064,5100.0,0.48615839938082189,0.27779830948387269,0.12417216146482518,0.056180865469089354,0.024226853598239791,0.0073167759574886823,0.024146634645662642,0.0
Alfred Morris,RB,DAL,7.1847113937431049,5400.0,0.55129374793207275,0.21183462061017952,0.12054749308553561,0.057173334028458513,0.02126561298222342,0.012549017264564153,0.025336174096966167,0.0
James Starks,RB,GB,7.0820759424331552,5100.0,0.54649432570270062,0.22170068523805295,0.12235683531311495,0.052975966261878123,0.023373041938559078,0.011709119976355962,0.021390025569338125,0.0
Chris Thompson,RB,WAS,6.9716447962338197,5100.0,0.56988349302508345,0.20846262194110099,0.11272735981681824,0.045875260287089728,0.030764278864267667,0.0067577920486478248,0.025529194016991951,0.0
Derrick Henry,RB,TEN,6.9637248997752659,5500.0,0.55503968728305253,0.22004358326991941,0.12018404275833339,0.053295267608387223,0.021701330304654598,0.0050949266113753102,0.024641162164278432,0.0
Travaris Cadet,RB,NO,6.8400420284340688,5100.0,0.56137692132923778,0.24635040828527302,0.078442577761013044,0.054257600150647269,0.029130063982366155,0.0082639997976030072,0.022178428693860448,0.0
Tim Hightower,RB,NO,6.8297047516302483,4800.0,0.57456492128812242,0.20827233689803995,0.1143973942764186,0.047459977744612705,0.025567972047530165,0.0060473879287203901,0.023690009816555686,0.0
Chris Johnson,RB,ARI,6.6074566058372728,5000.0,0.58253648744894004,0.21541583328582409,0.1070078061568247,0.047320735125289927,0.019157468530729315,0.0081220369142349438,0.020439632538156852,0.0
DeAndre Washington,RB,OAK,6.3406234249335176,4900.0,0.63678894603620317,0.17567810969808562,0.093818702389003472,0.042102434386626586,0.020299296407985782,0.0041510935432217417,0.027161417538873755,0.0
Jalen Richard,RB,OAK,6.3105545233835283,4900.0,0.62580351963126202,0.18818129008715087,0.095008311201110932,0.039415038986619036,0.024015617425406855,0.0064266945460524048,0.021149528122397912,0.0
Mike Gillislee,RB,BUF,6.1948316595335386,5000.0,0.68537045684323972,0.14396865057970082,0.074744425407522644,0.039208164767906672,0.015587216881817143,0.0011677247985382006,0.0399533607212742,0.0
Jay Ajayi,RB,MIA,6.1286409831419268,5700.0,0.6504996152094219,0.16700829943664022,0.10051839556771948,0.033495146286686289,0.020769797392319791,0.0039922480466092133,0.023716498060603355,0.0
Mike Tolbert,RB,CAR,6.0847247520561698,4800.0,0.65398480533465742,0.17353845486301089,0.089681621886609067,0.040550150090809783,0.010122555172972727,0.0045954009512851378,0.027527011700655201,0.0
Devontae Booker,RB,DEN,6.0452980346965619,5300.0,0.65122230616768428,0.17842127547222655,0.09018432434238173,0.036602091250844231,0.014619308656900996,0.0041288915417146766,0.024821802568248008,0.0
Shaun Draughn,RB,SF,5.8915869994144776,4900.0,0.68127304043881087,0.16225101527569735,0.074135134892219012,0.034749745419852013,0.016989917871110091,0.0022134950575016478,0.028387651044808587,0.0
Kenyan Drake,RB,MIA,5.8648626318516897,5900.0,0.68880098649197952,0.13521410017528976,0.10157597555441747,0.028441054281627159,0.016763560202068352,0.0050660199879722029,0.024138303306645723,0.0
Denard Robinson,RB,JAC,5.7314507907063215,4600.0,0.68600478079714722,0.17295830820927541,0.067543410198044343,0.032516986729678107,0.0075640528909901384,0.0044954265691448982,0.028917034605720076,0.0
Fitzgerald Toussaint,RB,PIT,5.701843677666373,4700.0,0.69104392238431012,0.1713964821343136,0.066403680751194863,0.0293623403242717,0.0074105949227478308,0.0033692502718594614,0.031013729211302687,0.0
Chris Ivory,RB,JAC,5.5373992642870054,5600.0,0.72544525299305518,0.13409193106212863,0.077989132875127307,0.018740196841810577,0.0061498604653154199,0.0051359625322239047,0.032447663230339166,0.0
Robert Turbin,RB,IND,5.3872268421008584,5100.0,0.70662721656788763,0.1661140242345783,0.062598235085917442,0.029988749866044138,0.0091788407170588678,0.0041672042586373345,0.021325729269877438,0.0
Alfred Blue,RB,HOU,5.3424420660326257,4800.0,0.71965273018730425,0.15606832659002848,0.061741929866553941,0.027329120711018014,0.0072425919665713564,0.0025306383509038095,0.025434662327620049,0.0
Jerick McKinnon,RB,MIN,5.3257077288974086,5300.0,0.70544891791144659,0.16908003128585361,0.066647996660983158,0.027940203870246892,0.007183552054549844,0.0025564913781735122,0.021142806838746791,0.0
Kenjon Barner,RB,PHI,5.3077881306085377,4800.0,0.73479377648503774,0.13544330087717588,0.063790759223314786,0.026775298890307532,0.012806979443126304,0.0030368404481817888,0.023353044632856181,0.0
Benny Cunningham,RB,LARM,5.2342612039630865,4800.0,0.6953602385739186,0.186398787563577,0.06669125467252239,0.026352543489564336,0.0055819458893856429,0.0012089759426359276,0.018406253868396914,0.0
Jordan Howard,RB,CHI,5.2056212831612427,5300.0,0.74777629688557246,0.12958035149772554,0.061303569816722553,0.021068847771171104,0.011417331496540683,0.0049916801722275049,0.023861922360040606,0.0
Jamize Olawale,RB,OAK,5.2028123250751017,4500.0,0.72542734817275967,0.16290255570658227,0.047550253353849645,0.028898979110524185,0.012419531711660485,0.0013495461450253249,0.021451785799599565,0.0
Matt Asiata,RB,MIN,5.1637489318866381,4600.0,0.73190603937925214,0.14539303086160113,0.063191790672672277,0.028228421440293958,0.010016074034065207,0.001331046510342111,0.01993359710177359,0.0
Jonathan Grimes,RB,HOU,5.059800491683669,4500.0,0.73922294629726815,0.16491033539518565,0.041338047468341139,0.018569679387840893,0.0078346219152777615,0.0036548398695559923,0.024469529666531022,0.0
Bilal Powell,RB,NYJ,5.0208326093073081,4900.0,0.74451966386708091,0.14314039156472483,0.05198113761537522,0.029118519225858109,0.0098024108568042605,0.005898363796549645,0.015539513073607207,0.0
Mike Davis,RB,SF,4.8960533257414287,4500.0,0.7568527152906106,0.14138942667415838,0.052482223073398157,0.020577390975750443,0.0055049245391022407,0.0011011034411323988,0.022092216005847532,0.0
Josh Ferguson,RB,IND,4.869767594321762,4500.0,0.76362827563445335,0.1433965342465312,0.041279359423883021,0.022119430213041542,0.0038506510863948991,0.00065333352445045754,0.02507241587124592,0.0
Andre Ellington,RB,ARI,4.8683092951124243,4700.0,0.76044896955558738,0.14018602413471035,0.045824999511266548,0.026156641350690974,0.0052387072489134354,0.0010261303165940211,0.021118527882237604,0.0
Brandon Bolden,RB,NE,4.8507972311750418,4800.0,0.75154196316313937,0.14542894269550483,0.057326819704568453,0.018526449994113507,0.0075646715419741342,0.0021557772496113518,0.017455375651088144,0.0
Dwayne Washington,RB,DET,4.8355204022725298,4500.0,0.77739831097365386,0.11602485467283222,0.053601953049046323,0.022080401446978648,0.0083595106252777503,0.0015208181118966659,0.021014151120315461,0.0
Damien Williams,RB,MIA,4.7030371021954052,4500.0,0.77029249007153167,0.13271903818913822,0.050771745457683898,0.021117245799705749,0.0072309829891753453,0.0013840078161474099,0.016484489676618322,0.0
Lance Dunbar,RB,DAL,4.6102681946631474,4800.0,0.77767030276982152,0.13928461659871433,0.040880299125030863,0.017681193155678298,0.0039210385670215885,0.00091725549702573314,0.019645294286708206,0.0
Jacquizz Rodgers,RB,TB,4.6044990322796275,5300.0,0.80241877684111651,0.10486164607042227,0.048086598748212396,0.015156351915121623,0.0057029731081471189,0.0019631545661642647,0.021810498750815963,0.0
Cameron Artis-Payne,RB,CAR,4.4514102174215502,4800.0,0.82127077531944792,0.091580686521289534,0.043460867742266984,0.015819383590777971,0.0062540035298846537,0.0007915898930333957,0.02082269340329955,0.0
Andy Janovich,RB,DEN,4.4256012181567321,4500.0,0.79779110256540442,0.11434054801651145,0.050085752267287079,0.01669930219607323,0.0059279532031276142,0.0011408331372322516,0.01401450861436448,0.0
Malcolm Brown,RB,LARM,4.4171045475586039,4500.0,0.80762137325971928,0.10285292931626243,0.051950270535625558,0.015338693739482854,0.0037241451191811874,0.0030513631761351218,0.015461224853593589,0.0
John Kuhn,RB,NO,4.4096116769667848,4500.0,0.80409695449423679,0.11774090661365172,0.037973509458437492,0.017174392007702786,0.004182829738167514,0.0016161567224510943,0.017215250965353261,0.0
Kyle Juszczyk,RB,BAL,4.2292819897163456,4500.0,0.79740122414502024,0.13733944831243031,0.03245278721505012,0.017278257855470523,0.0030798939090465561,0.00097166644082871017,0.011476722122153437,0.0
Wendell Smallwood,RB,PHI,4.0436114512599115,4500.0,0.86058897720004457,0.079611597317576194,0.025671360609587548,0.010631888336831369,0.0021391703855311553,0.0010032765434541061,0.020353729606975624,0.0
Corey Grant,RB,JAC,3.9861540468016963,4500.0,0.84147932043007345,0.10470275702933403,0.027282749364932087,0.0083947811409881192,0.0017812518378886608,0.00045413896831417139,0.015905001228469433,0.0
Antonio Andrews,RB,TEN,3.9274333702257165,4500.0,0.85153014973141772,0.096585597980264754,0.026435779565345797,0.0067540327222627167,0.0017697193270489939,0.00088142861305742933,0.016043292060602437,0.0
Kenneth Farrow,RB,SD,3.9232552678194166,4500.0,0.87316986205412772,0.073675237698178603,0.022001058729665665,0.0084969933747334123,0.0018162375193322582,0.0008308005672779074,0.02000981005668526,0.0
Kapri Bibbs,RB,DEN,3.8175975760014511,4500.0,0.87873285581203653,0.072436750058004595,0.020765528078856104,0.007925393347798005,0.0015432403855366943,0.00084862844431109186,0.017747603873457984,0.0
Daryl Richardson,RB,PIT,3.7839788821172569,4500.0,0.8843412008742989,0.0685727209767278,0.019964839837985218,0.0067928607849711709,0.0012360986946466468,0.00075294251110565621,0.018339336320265288,0.0
Tyler Ervin,RB,HOU,3.7412215319526156,4500.0,0.88779601003329978,0.066248053173999455,0.016950751206243477,0.0088102070389327221,0.0034938108260730047,0.00057913587099436435,0.016122031850457602,0.0
Zach Zenner,RB,DET,3.7158981864962595,5200.0,0.88659680619869929,0.070393881533809322,0.017654235226156053,0.0057320498530473631,0.0020563862573435049,0.001418383551017009,0.016148257379927554,0.0
Patrick DiMarco,RB,ATL,3.6946671252606103,4500.0,0.87848104310058461,0.081824412364674151,0.017372191684134178,0.005625786379009165,0.00092386591722249593,0.00048716472678505548,0.015285535827590277,0.0
Taiwan Jones,RB,OAK,3.6852899320589194,4500.0,0.87323780483331104,0.083225360465987733,0.023576781817009878,0.0050484981253720099,0.0018305933620909802,0.00054336972546076279,0.01253759167076806,0.0
Jay Prosch,RB,HOU,3.6607522828891566,4500.0,0.89607221202368748,0.062947254116579962,0.01538383667951548,0.0067885861018590291,0.0013164866205709028,0.00059448977417140094,0.016897134683615804,0.0
Malcolm Johnson,RB,CLE,3.6115762912365237,4500.0,0.89739211142359177,0.062675511131425138,0.017980599545676414,0.0047748904268842219,0.00055859050001197104,0.00059961038456576865,0.016018686587845683,0.0
Orleans Darkwa,RB,NYG,3.4995859650193735,4500.0,0.90523104949807887,0.05978832025988335,0.01530686635185366,0.0045942812050603814,0.00058152809917543489,0.00055368052017669715,0.013944274065771898,0.0
Jordan Todman,RB,IND,3.4878244991474396,4500.0,0.91317776783786608,0.048416894672988445,0.013587661496051852,0.010441315198274957,0.00069416819616406806,0.00070812540422780172,0.012974067194427001,0.0
James Develin,RB,NE,3.463785019911513,4500.0,0.89703175644225464,0.074731756699920646,0.011445417227146404,0.0030660756558554382,0.00099399449053946647,0.0005275258329846314,0.012203473651298726,0.0
Aaron Ripkowski,RB,GB,3.4386816654333954,4500.0,0.9140417666884576,0.053484146743813556,0.013177475515768268,0.0030013867596279122,0.0024488561413729187,0.00060249500952435308,0.013243873141435649,0.0
Ty Montgomery,RB,GB,3.4386816654333954,4500.0,0.9140417666884576,0.053484146743813556,0.013177475515768268,0.0030013867596279122,0.0024488561413729187,0.00060249500952435308,0.013243873141435649,0.0
Stepfan Taylor,RB,ARI,3.4369793839219032,4500.0,0.92403048087895978,0.04308529462596361,0.011909916687324145,0.0037355571037399763,0.00065988452022235035,0.00074539386865399803,0.015833472315136786,0.0
Alex Collins,RB,SEA,3.4356990261153668,4500.0,0.91935967780980776,0.046847326699845933,0.013210894555054345,0.0035023615250807183,0.0026990907342149145,0.00060464966197683269,0.013775999014020357,0.0
Michael Burton,RB,DET,3.4172749715781445,4500.0,0.91790460930061801,0.050055809490805368,0.013343214437071264,0.0036203182213607578,0.0005674251576716458,0.0004826342634425331,0.014025989129030671,0.0
Rob Kelley,RB,WAS,3.4135913445328581,4700.0,0.91960341306733651,0.047754952830671361,0.013691429035182771,0.0037070962546864013,0.00059723623217239027,0.00075196497126380369,0.013893907608687183,0.0
George Atkinson,RB,CLE,3.400005371137286,4500.0,0.9163186441711636,0.050494477680507452,0.016171555760049972,0.003186450604690659,0.00052810009021253231,0.00064218877001130735,0.012658582923364773,0.0
Daniel Lasco,RB,NO,3.3981698130054441,4500.0,0.92339867812628973,0.042410157086716339,0.01485255807007364,0.0030750129928998715,0.0025632655108198186,0.00067436335570745479,0.013025964857493645,0.0
Terrence Magee,RB,SEA,3.3786743553188288,0,0.92254579258250435,0.046615078587275836,0.013084219008980736,0.0028579716145727663,0.00061722259564549479,0.00060640149294217298,0.013673314118079512,0.0
Jerome Felton,RB,BUF,3.3627662992779594,4500.0,0.92881777325946224,0.041013811943004824,0.011602022052947953,0.0028821422197236025,0.00047922438767061522,0.00070706019660296549,0.014497965940588149,0.0
Rex Burkhead,RB,CIN,3.360100170584261,4500.0,0.92432031124240721,0.045057327676949248,0.013131389874012264,0.0030973642108038987,0.00045264904451193381,0.00067932586808844731,0.01326163208322716,0.0
Rod Smith,RB,DAL,3.3567494863343739,4500.0,0.92715554918000187,0.042217203450482237,0.012688049305679796,0.0030022238520230594,0.00052811131989056103,0.0006800869520632029,0.013728775939859316,0.0
Jonathan Williams,RB,BUF,3.356358054076086,4500.0,0.92651338410825368,0.043037142056321351,0.012610132094106828,0.0030447956622286611,0.00048094432607732434,0.00072158074326438741,0.013592021009748404,0.0
Ryan Hewitt,RB,CIN,3.3554952897632186,4500.0,0.9258721372309503,0.043031097814303268,0.013112428814107869,0.0036801978024620682,0.00045383899328626181,0.00069319507479467237,0.013157104270095397,0.0
Marcus Murphy,RB,NO,3.3535828320775813,4500.0,0.92663096787335597,0.042558575912557156,0.013245306863356943,0.0029611025809062261,0.00043982500255972801,0.00069511497595244791,0.013469106791311589,0.0
Raheem Mostert,RB,CHI,3.3518466054875105,4500.0,0.92546490164956074,0.044574785373504802,0.012385321134385023,0.0031915358284762816,0.00040322852021812638,0.00069007121408751876,0.013290156279767451,0.0
Knile Davis,RB,KC,3.3508233966490719,4500.0,0.9243490567525352,0.045106539420874753,0.013457666539460145,0.0030497497254139408,0.00051772444755927469,0.00063503358565310079,0.012884229528503812,0.0
Jalston Fowler,RB,TEN,3.3507827671584103,4500.0,0.92412642261448863,0.04485378595012772,0.014087001121660664,0.0031126076363333275,0.00046951872394183995,0.00057763217596581051,0.012773031777482511,0.0
Paul Perkins,RB,NYG,3.3477733305959543,4500.0,0.92563206131343212,0.044194721780946751,0.012788409564648835,0.003097949917662525,0.00056947010689079904,0.00063441501888703434,0.013082972297532374,0.0
Chase Reynolds,RB,LARM,3.3470555228351246,4500.0,0.92635943006966992,0.042120934043892638,0.014201852064318531,0.0032351018295518853,0.0005484799933306579,0.00065671470834510574,0.012877487290891023,0.0
Isaiah Pead,RB,MIA,3.3441924288055631,4500.0,0.92767399504448933,0.04209165663460427,0.012732630760401667,0.0028940014499284094,0.00051900080339804529,0.00070205963622211611,0.01338665567095643,0.0
Anthony Sherman,RB,KC,3.3427636811296684,4500.0,0.92372324866661648,0.046074370268938403,0.013437864577439437,0.0032130994268544681,0.00057969177287755516,0.00044776195815760341,0.012523963329116114,0.0
Dexter McCluster,RB,SD,3.3406181735980622,4500.0,0.92741452688881032,0.042379440539820984,0.012831923252839869,0.0029965735204518424,0.00055723706651098783,0.00064684193898028111,0.013173456792586228,0.0
Derek Watt,RB,SD,3.3406181735980622,4500.0,0.92741452688881032,0.042379440539820984,0.012831923252839869,0.0029965735204518424,0.00055723706651098783,0.00064684193898028111,0.013173456792586228,0.0
Zach Line,RB,MIN,3.3155840302211708,4500.0,0.92807861940340364,0.04272637079093599,0.012296136581266191,0.003402155970914345,0.00049009624460405151,0.00060781823872429206,0.012398802770151535,0.0
Bobby Rainey,RB,NYG,3.3153524491716446,4500.0,0.92725718862024697,0.043921418070930647,0.012236997244052318,0.0031601426489836475,0.00044168270345364304,0.00063919407709263733,0.012343376635240716,0.0
