name,pos,team,expectation,salary,prob_0_5,prob_5_10,prob_10_15,prob_15_20,prob_20_25,prob_25_30,prob_30+,label
Jordan Reed,TE,WAS,10.285128377966016,7500.0,0.26778252129493046,0.27528909940368107,0.24740981231799292,0.11108755810455236,0.054390510669354103,0.033447335866146823,0.010593162343342859,1.0
Greg Olsen,TE,CAR,9.2971491467822318,7800.0,0.30940114669841895,0.30342903339588184,0.19873710254398555,0.12961654624136609,0.038216072562919971,0.011391985817645374,0.0092081127397827915,0.0
Jason Witten,TE,DAL,9.1511991923472831,6000.0,0.30906567929985784,0.30613344774486834,0.21032563113259639,0.12082581617525655,0.033306890940768719,0.016317572948460028,0.004024961758192387,0.0
Julius Thomas,TE,JAC,8.7142881222979671,6100.0,0.35755914894421176,0.27537440963726439,0.20911067813543821,0.11376070643940332,0.025577485171846871,0.010229611547383855,0.0083879601244516815,0.0
Travis Kelce,TE,KC,8.4054441347560349,6000.0,0.37272877500231821,0.2903449211263287,0.19648447815941034,0.091937228632435308,0.03166886290137625,0.0094296401030722881,0.007406094075059249,0.0
Eric Ebron,TE,DET,8.1589970919467607,5600.0,0.37319399901635597,0.32116731220160294,0.17596042528460687,0.085212416475618932,0.023933192699273572,0.017414011801293924,0.0031186425212483835,0.0
Jacob Tamme,TE,ATL,8.1560624603660195,5500.0,0.39022461817510418,0.28350742897504921,0.20723503426596551,0.077140050184356462,0.01733276077608633,0.018104599095692873,0.0064555085277453348,0.0
Coby Fleener,TE,NO,7.9197749334591441,5500.0,0.41291082284831016,0.30592207716714093,0.15966825514805374,0.06942737712358675,0.01986720923483587,0.025588166125995047,0.0066160923520771422,0.0
Gary Barnidge,TE,CLE,7.2854407767028837,5800.0,0.48327561331997176,0.23948205836270778,0.15114009062353445,0.10325577665695101,0.013884053396632101,0.0054888516586005494,0.003473555981602434,0.0
Clive Walford,TE,OAK,7.0296045667961504,5000.0,0.49454342110115246,0.25353921234729604,0.15309496884733681,0.06645173458399907,0.019112731812466088,0.010527280789982281,0.0027306505177672872,0.0
Martellus Bennett,TE,NE,6.9881737837670093,6100.0,0.51073494579529333,0.23847371868969519,0.1469365050679981,0.074574720749602558,0.011810124398885093,0.012821024238036813,0.0046489610604889715,0.0
Dwayne Allen,TE,IND,6.8154181464872003,6100.0,0.48241294198779011,0.28722413839365141,0.1500746124239499,0.056338869145119312,0.016284124337843594,0.0055115852376925577,0.0021537284739528788,0.0
Jimmy Graham,TE,SEA,6.5581203181802206,5200.0,0.55579692015301974,0.22186834463587654,0.13116491931921351,0.062622122911805342,0.011983825125714383,0.010693953286632136,0.0058699145677393533,0.0
Kyle Rudolph,TE,MIN,6.5060183929750321,5100.0,0.5241631139691596,0.25489277904915764,0.15491654515607331,0.038483388043716184,0.020532672606221453,0.0044518686428022354,0.0025596325328702046,0.0
Vance McDonald,TE,SF,6.4985197666629251,4900.0,0.51449423638274716,0.29062389555970397,0.10597322321134767,0.067984694719192551,0.013627009411159401,0.0058390834033700233,0.0014578573124799834,0.0
Richard Rodgers,TE,GB,6.4434026413904899,4600.0,0.54820643745619146,0.24451851858621229,0.12945290205483598,0.046225672234748737,0.018579340485828426,0.0082330084996926397,0.0047841206824908574,0.0
Will Tye,TE,NYG,6.3566581520827565,4800.0,0.55977869685059678,0.24588027160963241,0.11148267842199899,0.052879708341894906,0.014936163284713795,0.009115937262786351,0.0059265442283767938,0.0
Dennis Pitta,TE,BAL,6.3299948484687132,5000.0,0.56395043933275801,0.23917126538326833,0.12260690004912302,0.043290216576936671,0.011646856246378283,0.013678177452721728,0.005656144958814789,0.0
Jordan Cameron,TE,MIA,6.2317789049896541,5400.0,0.55622174029329663,0.24993826315776332,0.11441885572550549,0.06038511773894488,0.010871192650387581,0.006754476833929551,0.0014103536001728674,0.0
Jack Doyle,TE,IND,6.1505971292480899,5000.0,0.54476270678765981,0.26436054413107296,0.13109474691053713,0.043584320896926501,0.010982553744193983,0.0033414124750337543,0.0018737150545763681,0.0
Cameron Brate,TE,TB,5.7986840151554055,4800.0,0.61953605178218174,0.19758638237563303,0.12018285411164772,0.038318803383520159,0.017485495667737449,0.0052675752031222083,0.0016228374761585917,0.0
Lance Kendricks,TE,LARM,5.7876597268192871,4500.0,0.59956345693418478,0.24042342382644868,0.10068089283014221,0.03845566159127807,0.01053469444429455,0.0059874560684203895,0.0043544143052322293,0.0
Jared Cook,TE,GB,5.7045203220098015,5000.0,0.63332238929631146,0.19535888957595268,0.10791596946651506,0.043695977238640979,0.0058789762448322909,0.0098475259717561523,0.00398027220599146,0.0
Marcedes Lewis,TE,JAC,5.6059461194069549,4500.0,0.61786106311989542,0.21680607486201123,0.11444295737159192,0.035687885686520308,0.0098374060362084337,0.00385735395514825,0.0015072589686246055,0.0
Charles Clay,TE,BUF,5.5679951686003655,5000.0,0.62224874307552047,0.22011411588595964,0.10286272717431581,0.040807190278739629,0.0071792439395980973,0.0050006338715084999,0.001787345774358163,0.0
Zach Miller,TE,CHI,5.3657926575216823,5200.0,0.65173633051573865,0.20388502467377936,0.089194723133628917,0.040179336704844172,0.0075096796010352147,0.0056063685778023299,0.0018885367931714273,0.0
Rob Gronkowski,TE,NE,5.35965239324113,7300.0,0.68780784427553288,0.15650744848083945,0.087808566693555135,0.048875021410126541,0.010735892153379962,0.0023244743175343963,0.005940752669031513,0.0
Larry Donnell,TE,NYG,5.2588925795680206,5200.0,0.65920657143631745,0.20445194190250487,0.088205026028736533,0.032387091318460876,0.0076092658475301481,0.0063949919492012055,0.0017451115172487891,0.0
Brent Celek,TE,PHI,5.2386259188666822,5200.0,0.6654049478195343,0.19909884357570135,0.085635448075833745,0.031661459178604627,0.012208073430392674,0.0036028057939882486,0.0023884221259449089,0.0
Vernon Davis,TE,WAS,5.2113639026007696,4600.0,0.66759960277200137,0.19358678591533096,0.092722026100972285,0.032157564532561869,0.0054471130074741072,0.0067894020603316545,0.001697505611328807,0.0
Dion Sims,TE,MIA,5.1690520548312131,4500.0,0.66500947229424678,0.20748817444734186,0.083931478309149765,0.027131356783370617,0.010661071081543998,0.0020926538826299469,0.0036857932017174575,0.0
Tyler Kroft,TE,CIN,5.0574502750899226,4800.0,0.67669852466707048,0.20786326798381313,0.070869738400809637,0.030132141777046772,0.0049864894207175808,0.0065860121066589209,0.0028638256438840875,0.0
Jesse James,TE,PIT,4.9038495715049093,4500.0,0.69091344182177861,0.19119901692193988,0.082084741792724625,0.024026515918962866,0.0079451076954048482,0.0022408051764276509,0.0015903706727610322,0.0
Darren Fells,TE,ARI,4.7278482496973062,4600.0,0.71889198377939789,0.17919595259836366,0.063289526303020233,0.026075934203373164,0.0067860271796962588,0.0020140067858780177,0.0037465691502711236,0.0
Jermaine Gresham,TE,ARI,4.4916765909326264,4500.0,0.75952118413352665,0.14195622674529004,0.060145627772859908,0.022181437612163443,0.013659272340667701,0.001052800249563991,0.0014834511459283408,0.0
Ryan Griffin,TE,HOU,4.4856678253828104,4500.0,0.75408354333994054,0.14468990292630413,0.069357113813376392,0.021522905748591645,0.0051061383125971397,0.0035509393715947289,0.001689456487595103,0.0
Geoff Swaim,TE,DAL,4.4598174366803462,4500.0,0.75918494541004855,0.13860963875099297,0.079173863453822699,0.010473627595219758,0.0054517586772365144,0.0029412503663938635,0.004164915746285594,0.0
Crockett Gillmore,TE,BAL,4.4103872103684836,4600.0,0.77264413360018991,0.12470838835239387,0.073212487480940294,0.018200755334290542,0.0032331496333717546,0.0057318947794842336,0.0022691908193295833,0.0
Luke Willson,TE,SEA,4.3471551584251937,4700.0,0.77379055958299792,0.13077411001172284,0.063989248762240283,0.022724234626469084,0.004694083876427578,0.0016340504314725668,0.0023937127086699535,0.0
Trey Burton,TE,PHI,4.3338871041092766,4500.0,0.78226067532096077,0.12610964023663981,0.059758154808576838,0.01996646077896409,0.0053818291599570852,0.0017841906836785469,0.0047390490112228321,0.0
Stephen Anderson,TE,HOU,4.2086760864182429,4500.0,0.77893455584347127,0.13630119271289431,0.057335907122182526,0.022237650940376739,0.003160050857930443,0.0011934148846041858,0.00083722763854096149,0.0
Austin Hooper,TE,ATL,4.167388285068367,4500.0,0.79051818386813899,0.12737047485597439,0.053879635350916576,0.020421457139478454,0.0043008255058395598,0.0019540088691132741,0.0015554144105393295,0.0
Maxx Williams,TE,BAL,4.1610851747311326,4600.0,0.79508046118053544,0.11928276716782731,0.059350732372156628,0.018876440875167148,0.0033094627940202948,0.0015235014896017895,0.0025766341206914546,0.0
C.J. Uzomah,TE,CIN,4.1128781966744148,4700.0,0.79137792199811752,0.12970470322655153,0.055444825832355125,0.015384432794028215,0.0060519235147457225,0.0010766400798402742,0.00095955255436185592,0.0
Demetrius Harris,TE,KC,3.9415358871405228,4500.0,0.82020849305590993,0.10909370047301439,0.048582927620645408,0.01401615314419901,0.0035575795274795162,0.0024990706604036631,0.0020420755183485711,0.0
Justin Perillo,TE,GB,3.8823940958739049,4500.0,0.84075343739460362,0.056392916997727686,0.097485383918556004,0.0021162637513847137,0.00057913009384783116,0.00061587884988072942,0.0020569889939988538,0.0
Xavier Grimble,TE,PIT,3.6814895839173976,4500.0,0.84724843423382712,0.10212253222792869,0.033100318370758018,0.0098567852154444989,0.0021637470406383336,0.0040358566126533048,0.0014723262987509161,0.0
Levine Toilolo,TE,ATL,3.6601630623842372,4500.0,0.85462382964261829,0.09411800739100297,0.032994215374151689,0.011451484876975797,0.0023219941140637068,0.00060286843823882023,0.003887600162948444,0.0
David Johnson,TE,PIT,3.6358987617180021,4500.0,0.84639488437493215,0.1003391106807434,0.039588169825644171,0.010457446018368427,0.0015386561842372969,0.0005292831566481161,0.0011524497594266924,0.0
Niles Paul,TE,WAS,3.6179911412819066,4600.0,0.85655095482233601,0.090320979679852698,0.036278607007719225,0.012218363470768661,0.0018799595939115428,0.00089151632802778546,0.0018596190973844474,0.0
C.J. Fiedorowicz,TE,HOU,3.6151268392654714,4500.0,0.85701485101708275,0.087532905532797287,0.03791247997901312,0.014428157502910476,0.0012902517129018806,0.00041118643832127437,0.0014101678169731577,0.0
Garrett Celek,TE,SF,3.5470224813236739,4500.0,0.87268738494961517,0.077120649964510096,0.036569376103825157,0.0074003297660407159,0.0010061928783857827,0.00065673194242864925,0.0045593343951947198,0.0
Lee Smith,TE,OAK,3.4898830604766364,4500.0,0.86261450928122341,0.098188882734942348,0.026057081223408343,0.0085799927736910659,0.0024632525544121858,0.0010301672901692324,0.0010661141421538342,0.0
Nick O'Leary,TE,BUF,3.4818008269571239,4500.0,0.89652680217255543,0.058856333625368649,0.024492474737880025,0.0065485324125116404,0.0028989318034566775,0.0080816375163662701,0.0025952877318619603,0.0
Gavin Escobar,TE,DAL,3.4733546372159294,4500.0,0.90978444760202182,0.052028869038074979,0.020247762697245066,0.0022497033186314038,0.00095364059255352465,0.0027989254667080878,0.011936651284764946,0.0
Brandon Myers,TE,TB,3.4128237022481334,4600.0,0.88843557675539386,0.068324240593059429,0.029445477281015986,0.0065982482680831305,0.0041929455395714188,0.00049320455113218526,0.0025103070117444611,0.0
Cory Harkey,TE,LARM,3.3885881315279716,4500.0,0.87945260656033186,0.083405578344323356,0.026027549234396968,0.0056000625412170341,0.003911688980492484,0.00040422483879241873,0.0011982895004452713,0.0
Blake Bell,TE,SF,3.3438868396848722,4500.0,0.89081619942725376,0.075015911211170558,0.021557454817681287,0.0082660924856986576,0.00073503153318588274,0.00036824994130971081,0.0032410605837004847,0.0
Troy Niklas,TE,ARI,3.3075183480799613,4500.0,0.89112941108725108,0.078888891718510171,0.019571937415164983,0.0038067840643364859,0.0039623408638640436,0.00064195940799456857,0.0019986754428789975,0.0
Jim Dray,TE,BUF,3.2998756566016674,4500.0,0.91472862760291718,0.050009293747258023,0.019010261116378779,0.0059105972757789024,0.0026423468510065867,0.0042656940228913663,0.0034331793837689335,0.0
Phillip Supernaw,TE,TEN,3.2026931430027101,4500.0,0.9089299300417214,0.063297901902790027,0.01840067019783018,0.0052678240201415871,0.00057388426882629617,0.00040217002008313804,0.0031276195486070928,0.0
Clay Harbor,TE,DET,3.2007586134388402,4500.0,0.9055008124420848,0.065183374773791256,0.021485378203764661,0.0041505157923115345,0.0013964091471349558,0.00058827008330924297,0.0016952395576040856,0.0
Rhett Ellison,TE,MIN,3.1502712972896205,4500.0,0.9151732546993957,0.056734030614678757,0.021063762463719007,0.0019788231537939045,0.0027525352406543688,0.00045884425907933007,0.0018387495686787074,0.0
Kellen Davis,TE,NYJ,3.1233005378678671,4500.0,0.92142134299194822,0.055975048979405272,0.014595862333202793,0.0029264845850706538,0.00064082413204234593,0.00047483780984192874,0.0039655991684879842,0.0
Logan Paulsen,TE,CHI,3.0999238443429991,4500.0,0.9216468897860598,0.058077181342952949,0.0131364185728835,0.0024066917482626275,0.0006052764539170839,0.00055696953605421408,0.0035705725598696382,0.0
Hunter Henry,TE,SD,3.0998623602540323,4500.0,0.92001250363264342,0.053942584602015245,0.019483351317092137,0.0037928121113252936,0.00057852849665842969,0.0005771963118155007,0.001613023528449263,0.0
Anthony Fasano,TE,TEN,3.0491788823438202,4500.0,0.92399997918469323,0.053230992292900778,0.018002587229352825,0.0023414665986565401,0.00060919843393632701,0.0004427530050316448,0.0013730232554284088,0.0
Ed Dickson,TE,CAR,3.0480522940670478,4500.0,0.9252981370474942,0.051985788097399115,0.018006752797075417,0.0019038516328461258,0.0005920820811110202,0.00057049489173711639,0.0016428934523371572,0.0
Cole Wick,TE,DET,3.0372457424457711,4500.0,0.92224821176164917,0.058664849359050593,0.014364644189615297,0.0024794259016275395,0.00052229874296410314,0.00043744481264503822,0.0012831252324475477,0.0
John Phillips,TE,NO,3.0292909187554518,0.0,0.92752695250107786,0.053839031733194154,0.01311890594625569,0.0022067603612441942,0.00059984361583058409,0.00056240226483390441,0.0021461035775631673,0.0
Marqueis Gray,TE,MIA,3.0227967165008778,4500.0,0.92697447652097131,0.053910822148967086,0.014269745599684551,0.0020097546289157843,0.00061125172174477131,0.00054727452669438856,0.0016766748530217389,0.0
Khari Lee,TE,DET,3.0044066762263117,4500.0,0.92868187029078919,0.05364534893592502,0.013201600621366851,0.0016683072404867654,0.00059479243149086422,0.00060255300029185674,0.0016055274796493266,0.0
Jace Amaro,TE,TEN,2.9999456161771638,4500.0,0.93171622362760265,0.049794735323384257,0.013284575057748374,0.0022277787643039978,0.00060839739148939819,0.00059038132858506775,0.0017779085068857212,0.0
Ross Travis,TE,KC,2.9980513151438068,0.0,0.93271070211306562,0.049156750944281673,0.012896040899234677,0.0020187496074711934,0.00059168478980671806,0.00055401559702463908,0.0020720560491149262,0.0
Asante Cleveland,TE,SD,2.9967817517985362,4500.0,0.93182365913211007,0.050036965132718825,0.013086213387393488,0.0021041566110745332,0.00060773802429137937,0.00054313573924075946,0.0017981319731705668,0.0
Jeff Heuerman,TE,DEN,2.9958114434134653,4500.0,0.93186462868182351,0.050207310704669793,0.012821381050269835,0.0021170253165911307,0.00063489778671801218,0.00058957880579174962,0.0017651776541353355,0.0
Brandon Williams,TE,SEA,2.9917939651821612,4500.0,0.93299619560132174,0.049235819886530287,0.012510573688116281,0.0021196119113308142,0.00062234330081388338,0.00073122976056205205,0.0017842258513247973,0.0
Brandon Bostick,TE,NYJ,2.9907524153280916,4500.0,0.93091283403999769,0.051230636011031193,0.013318042870324535,0.0019758037449693305,0.00066506936021449919,0.00042561212622117941,0.0014720018472409958,0.0
Sean McGrath,TE,SD,2.9833399640304425,4500.0,0.93370392228564059,0.048217919884835078,0.013291994003379467,0.0019654088889361574,0.00060527482706004354,0.00056790785100874458,0.0016475722591388631,0.0
James O'Shaughnessy,TE,KC,2.9788355033464686,4500.0,0.93417351506635316,0.048101040685860831,0.012702413191251243,0.0022275978029838777,0.0007059072494735194,0.00055140522161237074,0.0015381207824650524,0.0
Scott Simonson,TE,CAR,2.9786757880188524,4500.0,0.93443405430971738,0.047448710771985529,0.013394061130412164,0.0019692055951269498,0.00058194760583842205,0.00057014430183341467,0.001601876285086002,0.0
Tyler Higbee,TE,LARM,2.9646607862789449,4500.0,0.93509106420253785,0.047232160384503744,0.01318668319775086,0.0022234855007865375,0.00061111334089049968,0.00036599087872136635,0.0012895024948085198,0.0
