name,pos,team,expectation,salary,prob_0_5,prob_5_10,prob_10_15,prob_15_20,prob_20_25,prob_25_30,prob_30+,label
Antonio Brown,WR,PIT,15.732468283375672,9500.0,0.10442001667116628,0.20483178259481008,0.19656135886969231,0.22834417133742005,0.10558007328383641,0.06701368859110475,0.093248908651970747,3.0
Julio Jones,WR,ATL,14.466827612203126,9300.0,0.10755153761260457,0.21696558745276323,0.26490012182020717,0.19811554622366828,0.099904779246818398,0.052681229330952491,0.059881198312985669,2.0
A.J. Green,WR,CIN,14.011012850405219,8300.0,0.15314990136401288,0.20767392045888938,0.22695338688378566,0.18609555605414493,0.12879931461704575,0.043662356546548979,0.053665564075572394,2.0
Odell Beckham Jr.,WR,NYG,13.641798753680661,8900.0,0.2225683585550377,0.25736063490217326,0.1148118941607045,0.1666702239336155,0.10176988077946109,0.036692278169795811,0.10012672949921232,1.0
Mike Evans,WR,TB,13.560217808151387,8000.0,0.13758396392864297,0.25009709431264349,0.2585937037253721,0.14834510685263763,0.10001928629680168,0.05679926508239537,0.048561579801506702,2.0
Brandin Cooks,WR,NO,13.45830778444895,8100.0,0.14540612334493691,0.23934787294020832,0.25074957045451812,0.1682600204992086,0.10375468785242478,0.046743654515570394,0.045738070393133622,2.0
Allen Robinson,WR,JAC,13.349687052808633,7900.0,0.15264972285276318,0.25097782104673327,0.23747429668772047,0.1518155882247165,0.10954537651267339,0.055739359983564829,0.041797834691828469,1.0
DeAndre Hopkins,WR,HOU,13.346725694528828,7900.0,0.13231101878548979,0.25788773293310352,0.26820634018245781,0.15251954629337514,0.089999324920291501,0.057670301805253468,0.041405735080028851,2.0
Brandon Marshall,WR,NYJ,12.80563055146065,7900.0,0.1386559582465903,0.28111376834556134,0.26010225893786615,0.14943492234680036,0.096245476716945555,0.038258899985258783,0.036188715420978269,1.0
Doug Baldwin,WR,SEA,12.507661451280949,7200.0,0.1877233903508625,0.25119846591042949,0.2324798327284508,0.15426202139885201,0.10145402329142793,0.037975153035511112,0.03490711328446694,1.0
Larry Fitzgerald,WR,ARI,12.495767374407249,7600.0,0.17642776248522615,0.26783913689661815,0.23480965106779125,0.1471429583024175,0.097954916828529928,0.042946493398893552,0.032879081020524371,1.0
Amari Cooper,WR,OAK,12.086050692684145,7700.0,0.20659502433547139,0.26375080260119999,0.21821604850231607,0.16187413453260915,0.072656522767861914,0.039413195287865833,0.037494271972675818,1.0
Demaryius Thomas,WR,DEN,11.996363577584209,7200.0,0.19680806564574516,0.27456477167389098,0.23488977639384315,0.13612822177007672,0.088904738616706017,0.037102664713391575,0.031601761186346548,1.0
Jarvis Landry,WR,MIA,11.989619640071458,7000.0,0.19443330421402757,0.26759105975914121,0.24913808182092792,0.13556004221233364,0.084426726662480786,0.039906955550473362,0.02894382978061593,1.0
Jeremy Maclin,WR,KC,11.864823033623317,7000.0,0.17464856594580946,0.28861851849182596,0.25740570465921764,0.14367502115490111,0.076541076306365488,0.034584618098658669,0.024526495343222064,1.0
Randall Cobb,WR,GB,11.714534792314227,7100.0,0.21068676397770411,0.2661930088174605,0.25037440657483451,0.12790664110568889,0.075312861100062356,0.040618200652816148,0.028908117771433692,1.0
Eric Decker,WR,NYJ,11.699775926281752,7300.0,0.18451806602446405,0.29947137602378648,0.24504741855517556,0.13318270190191647,0.077639972609114288,0.033754697184018113,0.026385767701525453,1.0
Emmanuel Sanders,WR,DEN,11.614120763699741,6500.0,0.21965928499461426,0.2840169344557828,0.21549447511118755,0.12750472975552382,0.087754092907338266,0.034613620583486535,0.030956862192066649,1.0
Jordan Matthews,WR,PHI,11.512818376541141,6900.0,0.19175987597119198,0.30257302039811695,0.23911932694916513,0.13541275471900874,0.074752665367722182,0.033321494988200764,0.023060861606594193,1.0
DeSean Jackson,WR,WAS,11.386646216361674,6800.0,0.21971747672965541,0.25554560486770911,0.25923570117821654,0.14600576798638526,0.06670532355977149,0.029774786039170768,0.023015339639091859,2.0
Michael Crabtree,WR,OAK,11.150604992615303,6400.0,0.23440344674020139,0.26026839852574618,0.24899261545051768,0.13493259037766611,0.069832973951879596,0.031644756696779956,0.019925218257209623,1.0
Allen Hurns,WR,JAC,10.919285701643817,6500.0,0.24834415989405031,0.28903322306133117,0.20723366370998089,0.12986579135710993,0.069889945884611254,0.03361098157750967,0.022022234515407246,1.0
Golden Tate,WR,DET,10.686824067319169,6500.0,0.28318876326427384,0.26948998392779133,0.19778450042300375,0.12083805904248748,0.072310884536847045,0.03064842921412915,0.025739379591467448,0.0
T.Y. Hilton,WR,IND,10.646742020470848,7400.0,0.24710381905318321,0.31601932901387797,0.1975819642081392,0.12024925128648861,0.069668221511129877,0.028139126844434439,0.021238288082747001,1.0
Michael Floyd,WR,ARI,10.480319938471368,6900.0,0.27399687424454011,0.27235613293204552,0.22422568209214022,0.11771231280810629,0.067177786720903396,0.024029645029806024,0.020501566172459209,0.0
Pierre Garcon,WR,WAS,10.453050774977166,6100.0,0.26580429461801081,0.27556067551503854,0.23300181320837401,0.12126697792833636,0.061966001825174671,0.02548041860332665,0.016919818301739276,1.0
Alshon Jeffery,WR,CHI,10.361758057792361,7900.0,0.29081171966452052,0.29038966133498118,0.18994834612105496,0.11517874884412589,0.057983264732430269,0.024918488632987949,0.030769770669898867,0.0
Marvin Jones,WR,DET,10.346192176747483,6900.0,0.26309919011555555,0.29545832022919999,0.22287799086790819,0.11590594525589927,0.058881093787722161,0.026514377245501521,0.01726308249821323,1.0
Tyler Lockett,WR,SEA,10.234851839539655,6100.0,0.27447538083140538,0.30206702149911796,0.20390803382763983,0.11148995797227662,0.064315057856526525,0.025988259116081245,0.017756288896952514,1.0
Brandon LaFell,WR,CIN,10.085536810947005,5600.0,0.29490560432541058,0.28352207007168945,0.19655291399202346,0.12062981033144439,0.063974254394424002,0.026671159460613877,0.013744187424394667,0.0
DeVante Parker,WR,MIA,10.064693325076682,6200.0,0.30993843772881119,0.26478118214287694,0.20904482440738192,0.11035906170155022,0.061379206934133408,0.023839029891728619,0.020658257193518138,0.0
Danny Amendola,WR,NE,9.8714289281869743,5900.0,0.32448361268307607,0.26732036993536951,0.20264774435069485,0.10191344405089522,0.057705197240272399,0.022289200280756174,0.02364043145893539,0.0
John Brown,WR,ARI,9.8308508853553231,6400.0,0.33256418644555835,0.26594530070486588,0.18500487765792986,0.10494426383959722,0.068435551988931642,0.025698469522962866,0.017407349840154778,0.0
Travis Benjamin,WR,SD,9.7358847692691608,6900.0,0.31097371764699872,0.28133085016539111,0.21048453350637392,0.10719743818801228,0.05154706488132961,0.021956739260655049,0.016509656351240375,0.0
Dez Bryant,WR,DAL,9.7007064444990938,7900.0,0.35184103178363718,0.26059386425333714,0.17480380686726904,0.11035275770992142,0.05210694830122168,0.024337731648466317,0.02596385943614777,0.0
Stefon Diggs,WR,MIN,9.6401536102309606,6400.0,0.30103180795526863,0.31457542199205663,0.19416081683610414,0.096077255416912546,0.059528176968869757,0.017522128762941493,0.017104392067846651,1.0
Kamar Aiken,WR,BAL,9.5702526687870346,5600.0,0.33180075667530196,0.28014800373251486,0.20234193187337784,0.080000080481477318,0.066524475441791825,0.021053575736304009,0.018131176059233374,0.0
Ted Ginn Jr.,WR,CAR,9.4210576396734904,6000.0,0.40217732357242669,0.24720181345254658,0.14643914520400819,0.082615669939179376,0.062770420831029169,0.02464589638185738,0.034149730618952795,0.0
Anquan Boldin,WR,DET,9.3764454013016714,6200.0,0.33498649467431996,0.29112265239446011,0.18855597461609166,0.093908069680573247,0.051547686882905466,0.026716512883582601,0.013162608868067105,0.0
Davante Adams,WR,GB,9.320424542647693,5700.0,0.35098849670646931,0.263044534755977,0.19798047080466241,0.10086659700594562,0.053738295273763788,0.019635983596226595,0.013745621856955628,0.0
Mohamed Sanu,WR,ATL,8.9854411402084082,6500.0,0.35355759953503374,0.27581837208354393,0.2059469616833802,0.092128942653548485,0.045450015083864981,0.016632442632546585,0.010465666328082917,0.0
Devin Funchess,WR,CAR,8.8747773215252277,5800.0,0.38403717907682738,0.26635195630748476,0.1693808363262013,0.10063515928862052,0.048510169242158972,0.018769911947296089,0.012314787811412242,0.0
Mike Wallace,WR,BAL,8.5796264236520425,6500.0,0.35971624645396127,0.30295131379393309,0.19306563635915874,0.083657194172703453,0.039039205779427516,0.013662219855312994,0.0079081835855034227,0.0
Tavon Austin,WR,LARM,8.5612816312063629,5900.0,0.37729761039892723,0.31571597140205743,0.14823702996527283,0.084453964803383366,0.044077632186487983,0.017347847555064674,0.012869943688806729,0.0
Jordy Nelson,WR,GB,8.5588008194733547,8300.0,0.43182373044415251,0.25130366037849261,0.15069415497791111,0.084624764254096235,0.041984476007154228,0.013295929219207595,0.026273284718986441,0.0
Kelvin Benjamin,WR,CAR,8.5135374917002373,7800.0,0.39639243574104788,0.28600289641796722,0.16467750526233124,0.083014231607115727,0.03783693069554174,0.014356552000049124,0.017719448275947382,0.0
Jermaine Kearse,WR,SEA,8.4510619916663767,5200.0,0.42261203939764902,0.24080854229725437,0.17835385565634457,0.078300034902350629,0.05785477187533921,0.011388640431322873,0.010682115439739763,0.0
Torrey Smith,WR,SF,8.4378675834228609,5500.0,0.39593842766245863,0.28663644039882658,0.16459658027598892,0.08183757802062365,0.044793624713610841,0.015484056811826873,0.010713292116664481,0.0
Julian Edelman,WR,NE,8.0397331920609236,6700.0,0.44185258972718489,0.26469115520388226,0.15189184794354874,0.078801470006433519,0.035187994280602458,0.011281152179847785,0.016293790658500826,0.0
Nelson Agholor,WR,PHI,8.0346262641669242,5600.0,0.42687996751206797,0.28134331817929403,0.15326450192931584,0.078906550418156848,0.036032658228234475,0.010014585090666698,0.013558418642264225,0.0
Kenny Britt,WR,LARM,8.0278399745272004,5400.0,0.39985979223819773,0.3117687642366489,0.15211615752908353,0.08710341205508626,0.03072935489103629,0.0096047426289589434,0.0088177764209885125,0.0
Phillip Dorsett,WR,IND,7.7886175881035102,6000.0,0.43260075236365697,0.28566923741549893,0.14797708406989049,0.083293962425345022,0.035646273752718914,0.0084329033635165262,0.0063797866093736368,0.0
Quincy Enunwa,WR,NYJ,7.691469335089856,6000.0,0.42587000497305039,0.30138564719460148,0.15817970144624685,0.070744604736601518,0.023662285006873836,0.011573036988996236,0.0085847196536299915,0.0
Seth Roberts,WR,OAK,7.6568180786756574,5200.0,0.47595448023727255,0.2425316681023649,0.15205845296364359,0.073470963523713517,0.032989235889464001,0.011415725177691639,0.01157947410584995,0.0
Tyrell Williams,WR,SD,7.5919263457315527,6100.0,0.49023160061096888,0.23502475996103209,0.1453086772171043,0.068083763104547543,0.036415692753241455,0.012834464580482385,0.012101041772622992,0.0
Markus Wheaton,WR,PIT,7.552681679691279,6000.0,0.50094050163611414,0.22511402992101109,0.14228521548595605,0.070852279567795232,0.035980484781500004,0.011337052489072399,0.013490436118551523,0.0
Corey Brown,WR,CAR,7.4895163288909847,4900.0,0.46406032028376609,0.27165782443346997,0.14813066867883948,0.065058918770333402,0.033105935875170391,0.0096850357029173214,0.0083012962555044662,0.0
Eddie Royal,WR,CHI,7.4599661337075789,5600.0,0.46407213290573429,0.26208878142446224,0.16664059298936587,0.064185966175259485,0.023537213665515318,0.011115351538220247,0.0083599613014431716,0.0
Will Fuller,WR,HOU,7.4590528363524573,6500.0,0.49099431733222709,0.2388717475403071,0.1525098552990754,0.062955743901712796,0.031339010235099538,0.011963187005841213,0.011366138685737041,0.0
Cole Beasley,WR,DAL,7.383375980962283,5100.0,0.47086784612366828,0.27354583487808753,0.13959380463184037,0.073096267339271326,0.023629538415297267,0.010065873070160198,0.0092008355416745308,0.0
Sterling Shepard,WR,NYG,7.3639687571444075,6500.0,0.4929169062211235,0.2462379306561287,0.14130633543067639,0.067558386015450722,0.032013818763502871,0.011046888082821843,0.0089197348302964448,0.0
Steve Smith,WR,BAL,7.2172549132458457,6300.0,0.51940896337074849,0.2310810372767747,0.1292413219790064,0.067322321355609616,0.03040122271512612,0.010818613320485311,0.011726519982249481,0.0
Jamison Crowder,WR,WAS,7.2018401465383199,5000.0,0.48836901550292205,0.27432745231277772,0.13198873633673219,0.060604707617871553,0.020609719842864502,0.012561528278706454,0.011538840108125651,0.0
Kevin White,WR,CHI,7.1359474009668427,5900.0,0.52309713489138743,0.22585704690678574,0.14158709106970721,0.059823043022400525,0.027960899052765522,0.0093603846675311443,0.012314400389422907,0.0
Terrance Williams,WR,DAL,6.8013022552511551,4700.0,0.56303753265340251,0.21836257893667138,0.11689147314460373,0.050983393201000815,0.024961490486899728,0.0080961139863250497,0.017667417591096277,0.0
Dorial Green-Beckham,WR,PHI,6.7580074795023473,5000.0,0.55068507642942888,0.23388117899999555,0.119271748525525,0.050139966764533923,0.023158270762688758,0.008327062573877211,0.014536695943950914,0.0
Kenny Stills,WR,MIA,6.7247620621731956,5200.0,0.52640369545206378,0.25436606474774875,0.13344358055851335,0.053630306494094566,0.012831395015727417,0.0094196921549118788,0.0099052655769401379,0.0
Dontrelle Inman,WR,SD,6.7163601512249267,5200.0,0.57134912185856002,0.19496797837006674,0.13168494820557947,0.050969001428032366,0.035015278772433135,0.0080818851898018657,0.0079317861755262946,0.0
Andre Johnson,WR,TEN,6.7015276858623025,5000.0,0.53416437868894284,0.25209155402482319,0.11969564792655478,0.060007409785351074,0.01697908072800574,0.0066789349830983138,0.010382993863224567,0.0
Vincent Jackson,WR,TB,6.5809313090497872,5300.0,0.5612235308459893,0.22824400147790405,0.11832340411035444,0.052482428507401147,0.020503413146096043,0.0087442856166027681,0.010478936295652708,0.0
Victor Cruz,WR,NYG,6.5537698673064568,5800.0,0.56430805761120129,0.22102309409644372,0.1207868430031746,0.054441376476200343,0.023791350091119597,0.0080350987511153237,0.0076141799707449805,0.0
Marqise Lee,WR,JAC,6.5301204871877214,4500.0,0.54387834786107947,0.25608224142337754,0.11752447418098588,0.050697954332303979,0.014069417559628851,0.0058918638401928907,0.011855700802431266,0.0
Tyler Boyd,WR,CIN,6.5200642533797923,5700.0,0.56881174851129235,0.21525320299189352,0.12506797990613663,0.053328587844497261,0.021150578963594856,0.0083238354019217215,0.0080640663806633827,0.0
Robert Woods,WR,BUF,6.5099772615805245,5100.0,0.58236835121489039,0.21605074145197639,0.11144454808352905,0.046679831172845541,0.019935584789785292,0.0064082328972885272,0.017112710389684642,0.0
Tajae Sharpe,WR,TEN,6.4936243389190835,5800.0,0.56839759460261974,0.2171192340447233,0.13065721640604272,0.046065235113429047,0.020542743673023001,0.0079948827642816259,0.009223093395880148,0.0
Terrelle Pryor,WR,CLE,6.3872588412250373,5800.0,0.59787837493910179,0.20230416417158359,0.10439402879402411,0.054463790150086448,0.020985302709739622,0.0072041598895757064,0.012770179345889105,0.0
Chris Hogan,WR,NE,6.357962428494222,4800.0,0.55833660213417391,0.24104926157325759,0.12371824705423803,0.049296443199950225,0.013691646795878497,0.0066332545616757587,0.0072745446808257274,0.0
Sammie Coates,WR,PIT,6.332815924147793,5500.0,0.58151503950108341,0.21026321463820735,0.12508738176284223,0.051853016180455826,0.016033128197206543,0.0084531885639064757,0.0067950311562985444,0.0
Adam Humphries,WR,TB,6.1415364918679973,4700.0,0.59695801252389946,0.21968600040290542,0.10760540787163855,0.046963770779465612,0.009250776793365759,0.0076454285807676875,0.011890603047956767,0.0
Quinton Patton,WR,SF,6.0112805176200377,4700.0,0.60491302771615696,0.23021838539410328,0.088590804986988819,0.043997044550271709,0.015074961049242804,0.0061816104419310505,0.011024165861305366,0.0
Rishard Matthews,WR,TEN,5.9824000473482339,5400.0,0.61929153943761095,0.18852732025003369,0.12145259192067943,0.043566238867878825,0.01404048944232523,0.0047366663495021577,0.0083851537319701349,0.0
Harry Douglas,WR,TEN,5.9750853476599266,4500.0,0.63331553149952569,0.18720279222733907,0.099655136986970802,0.047631048390492578,0.013950122774591678,0.0058563504841048792,0.012389017636974765,0.0
Justin Hardy,WR,ATL,5.8696401955476034,5000.0,0.63652228274330058,0.18801244990923585,0.10679060523129257,0.04072310060263272,0.0077617558120518376,0.0080771222520438397,0.012112683449442338,0.0
Albert Wilson,WR,KC,5.8342691667473154,4900.0,0.63172145049965056,0.19514974285103073,0.10306864093462825,0.042006617319761061,0.013811542813469279,0.0055148339089838537,0.0087271716724763582,0.0
Jaron Brown,WR,ARI,5.6930085177432312,4900.0,0.6486996139406388,0.19222733136773357,0.097305198663484832,0.033966792533931596,0.0080115733128329966,0.0072095881187599423,0.012579902062617972,0.0
Eli Rogers,WR,PIT,5.5225029862446808,5500.0,0.67119141276653094,0.16858677075999062,0.097158286576205261,0.035134830728753688,0.015590948167654727,0.0042442753506385213,0.0080934756502250727,0.0
Michael Thomas,WR,NO,5.4617314142487681,5200.0,0.66927025169881516,0.17876337013674656,0.092717067913322959,0.03464140447470028,0.01157110919750089,0.0045327007271208546,0.0085040958517927593,0.0
Andre Holmes,WR,OAK,5.4007779639025824,4700.0,0.70314058052368833,0.14855449748738062,0.081389099932139594,0.039334193881341711,0.0079082812996464878,0.0057930440709838306,0.013880302804819456,0.0
Chris Conley,WR,KC,5.3471853517775632,4600.0,0.67298123608043714,0.18941767223746733,0.085354512941953023,0.030901867277713758,0.0073490735089378591,0.0025087802216317472,0.011486857731859616,0.0
Breshad Perriman,WR,BAL,5.3374841167959568,5100.0,0.68599540226543143,0.16768350000953289,0.087197679842908091,0.037997179467212067,0.0085046052596029001,0.0030884075238272251,0.0095332256314858803,0.0
Marquise Goodwin,WR,BUF,5.2749506036132683,5300.0,0.70291379436457679,0.15560942131567901,0.081486187669811555,0.035484109623069117,0.008516068271917145,0.0053639998644491775,0.010626418890496906,0.0
Brice Butler,WR,DAL,5.2644175967567302,4500.0,0.71224055376266771,0.15996302225393244,0.067733008742518294,0.027362401186966895,0.011834311268290421,0.0050690247521663579,0.015797678033458828,0.0
Brandon Coleman,WR,NO,5.255205568328476,4600.0,0.68440383557301054,0.17829779162897641,0.080735551610088954,0.037328111485616849,0.0082229587605240403,0.0034535545359952991,0.0075581964057873756,0.0
Taylor Gabriel,WR,ATL,5.2485060368370231,0.0,0.72388672742814864,0.15170609615760985,0.067220806096328162,0.026289236691660677,0.0047723185921319331,0.0028098554321065432,0.023314959602014726,0.0
Jordan Norwood,WR,DEN,5.2133320926422435,4700.0,0.68065131367990095,0.19179172896123034,0.071781695202889101,0.037925559531906912,0.0073209125365882033,0.0027907767661877834,0.0077380133212965659,0.0
Adam Thielen,WR,MIN,5.2106747037121561,4500.0,0.68661946139460217,0.18352642625365337,0.077881944496461894,0.031758628263903722,0.0079249710726831454,0.0026712259720752985,0.0096173425466205709,0.0
Andrew Hawkins,WR,CLE,5.2056893454868156,4600.0,0.70899048306139589,0.16198730694131153,0.068690303025378915,0.032943276834090013,0.010260406197621662,0.0062899698658523059,0.010838254074350068,0.0
Jeremy Kerley,WR,SF,5.0122775348496864,5000.0,0.73087674276144066,0.14221646821425701,0.072305835502208204,0.033772206863896564,0.0069952881446928433,0.0023919238379861286,0.011441534675518771,0.0
Marc Mariani,WR,TEN,4.9144887096324101,4500.0,0.73713374359237205,0.14463789370128785,0.072582878009341795,0.024700362945604896,0.0048885972613636084,0.0032858632406382099,0.01277066124939232,0.0
Rashad Greene,WR,JAC,4.8616274344622088,4700.0,0.73740149646202768,0.15131113272312594,0.063623111577991956,0.029194966414425101,0.0041490453739725782,0.0023297054272051745,0.011990542021252302,0.0
Rashad Ross,WR,WAS,4.8594722533507806,4600.0,0.78893415667236677,0.10233578405498635,0.060576624397506502,0.015202332359443295,0.0033577483774647116,0.0019929164443614083,0.027600437693870914,0.0
Robby Anderson,WR,NYJ,4.8526153862098802,0,0.86178162510212419,0.048256365614691057,0.028465290381268611,0.0092628985119684887,0.00067896701247205371,0.00018331978308656701,0.051371533594387953,0.0
Mike Thomas,WR,LARM,4.8519844412369491,4500.0,0.86133608991639632,0.048236673399220338,0.030280698940928941,0.0078163697274617906,0.00068734329713509451,0.00018535071811965581,0.05145747400073665,0.0
Jarius Wright,WR,MIN,4.8347060396473278,4800.0,0.77368806331338136,0.11689209884831192,0.06060238103428036,0.021338143001219136,0.0039257234103757957,0.0026475421222469306,0.020906048270184278,0.0
Griff Whalen,WR,SD,4.8304228447441515,4600.0,0.84418601002779681,0.069585078408760506,0.029102235695621041,0.0086519606571319567,0.00087380429219534252,0.00037466730770015482,0.047226243610792404,0.0
Keith Mumphery,WR,HOU,4.7831659835078248,4500.0,0.86170628938117333,0.049130336449774471,0.030807543652731181,0.0089790805418355941,0.00068744419470412029,0.00018648868437815328,0.048502817095402252,0.0
Jordan Payton,WR,CLE,4.7635553423676136,4600.0,0.86368674919784583,0.048091981468099149,0.029782141133706655,0.0093175297713139517,0.00073352124751845831,0.00023624749723331046,0.048151829684281347,0.0
Paul Richardson,WR,SEA,4.7413451240872773,4600.0,0.75175278663943335,0.14061202062978889,0.065717428534630959,0.023895091222908209,0.0038172188764268055,0.0020449691235360093,0.012160484973275787,0.0
Johnny Holton,WR,OAK,4.7064643853020218,0.0,0.83600172457104727,0.077744467610535398,0.032057050651505888,0.013678785942072461,0.0015912539438105618,0.00066048518752567277,0.038266232093502953,0.0
Brian Quick,WR,LARM,4.6997501548371723,4500.0,0.75385844444888983,0.14176428658224888,0.062377477601556625,0.025431480325580885,0.0034863305500884936,0.0012278981270996386,0.011854082364535059,0.0
J.J. Nelson,WR,ARI,4.6921886710868943,4700.0,0.79454423713173228,0.092792720157178293,0.064266998250867693,0.023495487163931808,0.0050843677209898071,0.0016787647044915264,0.018137424870808168,0.0
Jalin Marshall,WR,NYJ,4.6053760797471428,4700.0,0.77940274987079627,0.12288283024807391,0.049457101230873844,0.02800410077478151,0.0055244607200644266,0.0017125889834440997,0.013016168171966744,0.0
Alex Erickson,WR,CIN,4.5843840812212555,4500.0,0.79597410240326161,0.12089345454613529,0.037229162659533015,0.019645607974437158,0.0024874669777030299,0.0012453272054159205,0.022524878233514782,0.0
Malcolm Mitchell,WR,NE,4.5524677736573445,4500.0,0.78154630089337329,0.11964096013890245,0.058493852607175795,0.021391345583454322,0.0046261968483364913,0.0011817802016072718,0.013119563727149255,0.0
Jaelen Strong,WR,HOU,4.5473415154130121,4600.0,0.78543959922668838,0.11627071574282068,0.058463897742860892,0.019165731354583611,0.0038561209595862856,0.003918308917019931,0.012885626056440636,0.0
Aldrick Robinson,WR,ATL,4.5212647281868659,4500.0,0.78547500492644284,0.12395796735211435,0.046047532680830776,0.024986305326265217,0.003924257659311022,0.0026093947001185037,0.012999537354917648,0.0
Bennie Fowler,WR,DEN,4.5001365915476885,4600.0,0.85425820590352375,0.064205398469950048,0.035228338448252752,0.008825473497762637,0.0014912033396600416,0.00067997541624521352,0.035311404924604398,0.0
Russell Shepard,WR,TB,4.4904423942685643,0.0,0.78297496176940762,0.12542129076897274,0.052079320818595648,0.022267804709052406,0.003479596030279745,0.0011759467831500225,0.01260107912054192,0.0
Cameron Meredith,WR,CHI,4.4677187058740637,4500.0,0.84694823595058522,0.074232276031880581,0.035247705698522397,0.0090283357286597317,0.00060008795622160506,0.00086742425788111424,0.033075934376248686,0.0
Ryan Grant,WR,WAS,4.4461786299394408,4600.0,0.78821981467244107,0.11714113507601359,0.057301262411113947,0.020310316164111431,0.0040150061119209358,0.0027199553459795757,0.01029251021842004,0.0
Jordan Taylor,WR,DEN,4.4141654999496192,4500.0,0.81000168655382709,0.10941738557932774,0.038129895716838037,0.020216047620236682,0.0024131993367193512,0.0013244139903363806,0.018497371202715423,0.0
Charles Johnson,WR,MIN,4.3944486246401819,4600.0,0.79033922562928516,0.12043408274245927,0.054407259768915223,0.01927355392028577,0.0028138531142711544,0.0014620752875271941,0.011269949537256695,0.0
Chris Moore,WR,BAL,4.3122905915696634,0.0,0.82223268525446791,0.092270728512606814,0.048103454439812954,0.018422815957741485,0.0014615838219918251,0.00062737355096886057,0.016881358462409853,0.0
Josh Huff,WR,PHI,4.2785319321351389,4600.0,0.81499238869863644,0.10392766902321389,0.043361322200651364,0.018772459461802327,0.0042753040240098763,0.002482059549932138,0.012188797041754419,0.0
Tyreek Hill,WR,KC,4.2627617976019696,4500.0,0.82114764466232903,0.098377719259968452,0.048754229009149552,0.012547400382811718,0.0018618224396480846,0.00063067084299972813,0.016680513403092428,0.0
Darrius Heyward-Bey,WR,PIT,4.2226487350111848,4500.0,0.80618146197109686,0.11680687457165918,0.043936621521233579,0.019029854230693116,0.0026704591062358999,0.0012383370819610585,0.010136391517120355,0.0
Jared Abbrederis,WR,GB,4.1018563170524169,4500.0,0.84301277985821432,0.083615569439743437,0.04264930276188475,0.011941397350731643,0.001583753689510797,0.0016559321418059549,0.01554126475810815,0.0
Trevor Davis,WR,GB,4.0783978120282889,4500.0,0.88169335672999327,0.058149367017280268,0.023530469364531969,0.0074676223677226927,0.00046605369334374301,0.00020211706236843217,0.028491013764758311,0.0
Tommylee Lewis,WR,NO,4.0707376675656146,4500.0,0.88832226144039617,0.051944676454338409,0.021618963155185689,0.0077386095997108309,0.00053071333800826497,0.00024319698872307343,0.029601579023635853,0.0
Josh Bellamy,WR,CHI,4.061027253508632,4500.0,0.83587492732615221,0.090165503507064898,0.048930990055947567,0.0093168656202964363,0.0012823569960266454,0.001795249984373491,0.012634106510138922,0.0
Ricardo Louis,WR,CLE,4.033581774092311,4500.0,0.89159812490429069,0.039955979298241281,0.033446022407744053,0.0075324860639330408,0.00039326329163860387,0.00018932458373614359,0.026884799450415227,0.0
Cody Latimer,WR,DEN,4.0306004952868033,4500.0,0.83660737839682486,0.094167755787075397,0.04028249629475416,0.014743767910412313,0.0015809898065616266,0.00078825933674810892,0.011829352467623556,0.0
Jakeem Grant,WR,MIA,4.0064683093389055,4500.0,0.89060459334763253,0.047657783877647984,0.028127313777465222,0.0055791711698914134,0.00050115620460002258,0.00020384562721689699,0.027326135995545255,0.0
Leonte Carroo,WR,MIA,3.9929439813857348,4500.0,0.86040180240858333,0.065537539936489586,0.046726507915392498,0.0099274017846506853,0.00096256214326796599,0.00061428079509913782,0.015829905016515863,0.0
Walter Powell,WR,BUF,3.9374505105609781,4500.0,0.90302400333647481,0.041019605107587023,0.020369787822583522,0.0068950836952257266,0.00045116363048884763,0.00021420059856160163,0.028026155809077167,0.0
James Wright,WR,CIN,3.9245414529996796,4500.0,0.85522694481888994,0.076837899325313638,0.041735484251502357,0.011732660515500678,0.0014693216659537709,0.00064055112476801824,0.012357138298070865,0.0
Cordarrelle Patterson,WR,MIN,3.9197483377351601,4600.0,0.86500460900919462,0.069717605792206844,0.038295918036814453,0.0095587927987330675,0.0011832149300860493,0.00088539916641356613,0.015354460266551531,0.0
Tavarres King,WR,NYG,3.9131340966611781,4500.0,0.90001873359386264,0.043802238529201391,0.021679760589300316,0.0078277605028352001,0.00041759022767624208,0.0002260269440492341,0.026027889613073476,0.0
Jeff Janis,WR,GB,3.9090515868695812,4800.0,0.86706920210310057,0.069321149786761724,0.034768238772991455,0.0084939598240646938,0.0041853493599563699,0.0028828252441050503,0.013279274909019558,0.0
Aaron Burbridge,WR,SF,3.8937417120904403,4500.0,0.9035157249920448,0.040467645449153287,0.021743976795585509,0.0076263855427988973,0.00038882231931319479,0.00021006292337143114,0.026047381977731935,0.0
Rod Streater,WR,SF,3.8595805050504106,4500.0,0.86439584689266591,0.072832444459600534,0.033567882895535153,0.014878487931087089,0.0018867442194302477,0.00072360554833447916,0.011714988053347147,0.0
Andre Roberts,WR,DET,3.8513314104183736,4500.0,0.87024321812743644,0.06161488294104138,0.045818837200335708,0.007278179838968263,0.0007203105994978866,0.0005411803837416752,0.013783390908978087,0.0
Quan Bray,WR,IND,3.8405077555311959,4500.0,0.86859971299536354,0.069742085391211947,0.032270720233230098,0.015270478045107956,0.0011123140475386868,0.00064876363064908103,0.012355925656898902,0.0
Lucky Whitehead,WR,DAL,3.8226028527970772,4500.0,0.88772022296706754,0.055962601177407999,0.030452804632256487,0.0052042429720229018,0.00064017764023208601,0.00043383888738639275,0.019586111723625517,0.0
Deonte Thompson,WR,CHI,3.8141809075481636,4500.0,0.86232503087252965,0.079574535340288341,0.035251080468848901,0.0085978573086360685,0.0013141448932107763,0.0015889656828451356,0.011348385433641448,0.0
Brandon Tate,WR,BUF,3.800086293642662,4500.0,0.87653900857802214,0.062195008145895077,0.036487200234139601,0.0064380598527951924,0.0051423473994166823,0.00055010778329800468,0.0126482680064332,0.0
Bradley Marquez,WR,LARM,3.7894672185438854,4500.0,0.88689322876065435,0.058814641877823551,0.029755953408293036,0.005127395850311506,0.00059283645954504613,0.00032684803777425212,0.018489095605597229,0.0
Dwayne Harris,WR,NYG,3.7758481782306927,4500.0,0.87404298605836017,0.068064025653195845,0.03494168365129998,0.0076141712276690064,0.0014546483937036539,0.0011166781133212548,0.012765806902448568,0.0
Devin Hester,WR,BAL,3.7009670475559489,4600.0,0.90061428797244325,0.045488619238596775,0.029783087800330555,0.0055361878178888102,0.00060590086520821978,0.00047400548567836932,0.017497910819852525,0.0
Rashard Higgins,WR,CLE,3.699756543653737,4500.0,0.9020751647244124,0.040342077264146334,0.034558474753914298,0.0051143700899253918,0.00039068356228094941,0.00019236999647201947,0.017326859608848087,0.0
Eric Weems,WR,ATL,3.6234320461850666,4500.0,0.91073365699279762,0.042676529851338824,0.023707994224094461,0.0035777223445162495,0.00048225438363865323,0.00027351196940059722,0.018548330234212297,0.0
Matthew Slater,WR,NE,3.4003522968302353,4500.0,0.92176333422651069,0.040134178639201719,0.020887007584501533,0.0034067463705028654,0.00057749323838565756,0.00024733741535956584,0.012983902525537458,0.0
