name,pos,team,expectation,salary,prob_0_5,prob_5_10,prob_10_15,prob_15_20,prob_20_25,prob_25_30,prob_30+,label
Ross Travis,TE,KC,18.276956244914821,0.0,0.11733345300135271,0.13188549239912539,0.14170892229930437,0.17944641195321515,0.15125673362846145,0.14178444803918494,0.13658453867935602,3.0
John Phillips,TE,NO,18.268308517717287,0.0,0.12492478823591968,0.13616260393208651,0.1419303721577167,0.13930922043693034,0.15470840040384473,0.1815952693653303,0.12136934546817177,5.0
Jacob Tamme,TE,ATL,12.709525248717739,5500.0,0.20720549166556698,0.19475584022294895,0.23750143951993136,0.20827891126731551,0.055660805929161158,0.068811634070566757,0.027785877324509392,2.0
Clive Walford,TE,OAK,10.852393911291315,5000.0,0.30835326081943254,0.18328172630957448,0.27335022137170173,0.092003757925423132,0.079295980306172104,0.044564285357130681,0.019150767910565213,0.0
Rob Gronkowski,TE,NE,9.6224121437957191,7300.0,0.34661311962421792,0.15329773844084557,0.35505300774544246,0.035354683904276596,0.10144906509581407,0.0028614273331962737,0.0053709578562070887,2.0
Jason Witten,TE,DAL,9.4958507101597913,6000.0,0.33941698893693173,0.24834347978852209,0.23374948000551696,0.098648320028790218,0.032808020297824952,0.033045640113972985,0.01398807082844101,0.0
Richard Rodgers,TE,GB,9.0050115706668024,4600.0,0.36729052334194434,0.22962341684585072,0.25281976365775816,0.082549973268719948,0.033693762673966302,0.025221494604316854,0.0088010656074437275,0.0
Cole Wick,TE,DET,8.693558658062889,4500.0,0.53883961074490883,0.13055563511830695,0.10012865086725625,0.067545134747516417,0.13002734465666221,0.019146362156141395,0.013757261709208161,0.0
Eric Ebron,TE,DET,8.5744432464559885,5600.0,0.45849263795646372,0.20599415963858331,0.14428441493136712,0.090295604962769727,0.067486187590666519,0.025274248294712257,0.0081727466254374378,0.0
Trey Burton,TE,PHI,8.1253436415349718,4500.0,0.46405039990696362,0.24783146902956474,0.15776914068401654,0.059810313816248233,0.022646523082866493,0.01307803566201777,0.034814117818322637,0.0
Lance Kendricks,TE,LARM,8.067284755486039,4500.0,0.35289460436728265,0.38457061551555721,0.15823856256758345,0.032469973085349525,0.049779317859525551,0.018282002118818117,0.0037649244858834301,1.0
Asante Cleveland,TE,SD,7.7063833003595477,4500.0,0.55254647228485843,0.18589386592931106,0.087765238077845587,0.071055908983943164,0.070820492660734313,0.016043015346239142,0.015875006717068436,0.0
Jermaine Gresham,TE,ARI,7.4358409733857265,4500.0,0.50537241478620465,0.27951399749010264,0.061833186413305034,0.05769303139992589,0.076780410445066657,0.012305432096453298,0.0065015273689417947,0.0
Coby Fleener,TE,NO,7.4137636073884465,5500.0,0.56229749200802304,0.16864969088686374,0.1372297371923161,0.047142233848820804,0.035816020333862934,0.041779062614305126,0.0070857631158082485,0.0
Will Tye,TE,NYG,7.2152281548814647,4800.0,0.52121378230056403,0.25596374392249255,0.09949360761294064,0.040137192269529144,0.058214929829090878,0.018350307148013775,0.0066264369173690734,0.0
Jace Amaro,TE,TEN,7.0944206184366685,4500.0,0.59394618527273091,0.17637519634459706,0.080284156436223442,0.061256183880263458,0.061631329658712437,0.013765613635949116,0.012741334771523697,0.0
Jeff Heuerman,TE,DEN,6.9014298577841391,4500.0,0.61497341242369163,0.17446648110993643,0.070062751285572503,0.048642694958830897,0.062219223691990448,0.014494219475710272,0.015141217054267802,0.0
Marcedes Lewis,TE,JAC,6.8808817416882935,4500.0,0.44535628240135927,0.36069320431619878,0.13463923622326379,0.019042772184295231,0.023836467580630346,0.0087185051420781839,0.0077135321521744965,0.0
Vance McDonald,TE,SF,6.8334991267341678,4900.0,0.42507844555587843,0.3747604895206858,0.15500379466724795,0.022711180501268066,0.0082332412225143391,0.0076788502418967544,0.0065339982905087057,0.0
Austin Hooper,TE,ATL,6.7604533314634896,4500.0,0.6544248004568296,0.14292915173836024,0.057910317135597925,0.079141765193668959,0.013152978285435065,0.025041830116872634,0.027399157073235609,0.0
Julius Thomas,TE,JAC,6.6421431656944989,6100.0,0.41004580215743613,0.41574381504999447,0.13970130288675059,0.016077180467935815,0.012118943407610289,0.002972877943746048,0.0033400780865269313,1.0
Dennis Pitta,TE,BAL,6.4352749972437095,5000.0,0.48770561676824831,0.38583737891838477,0.043440323691529698,0.04708114901473294,0.01573033377133478,0.014107729943161538,0.0060974678926080427,0.0
Cameron Brate,TE,TB,6.3691030331863034,4800.0,0.57086962462422375,0.24484735514581135,0.093536848467775324,0.038832440183238094,0.041438025797688294,0.0056279711751862117,0.0048477346060769363,0.0
Jordan Reed,TE,WAS,6.3677555828135333,7500.0,0.53774044392612674,0.28788915307037849,0.096117788183268091,0.041189386349335784,0.022880466528724434,0.0092343937741297052,0.0049483681680366981,0.0
Jesse James,TE,PIT,6.3609561729357518,4500.0,0.60702388491045356,0.20532225853958197,0.083246765053011845,0.044109190235678969,0.043528589377366145,0.010044673013570763,0.0067246388703368562,0.0
Travis Kelce,TE,KC,6.0127530981124195,6000.0,0.56375106050860258,0.27018326823325706,0.094688495558592281,0.051122281716003963,0.01509015806391634,0.0028719337394761801,0.0022928021801513973,0.0
Stephen Anderson,TE,HOU,5.930233000328867,4500.0,0.58328499384323451,0.31278146252772521,0.029350219905529794,0.026044068317176192,0.024899846127117608,0.011215368031945607,0.012424041247271035,0.0
Martellus Bennett,TE,NE,5.6445368037293955,6100.0,0.67489349485551553,0.20023864779811656,0.046174996089773754,0.039311574843124246,0.0040801488932224487,0.018262662143770422,0.017038475376476975,0.0
Vernon Davis,TE,WAS,5.5984392658537594,4600.0,0.68996861795186737,0.15750739396893437,0.075120607982007023,0.040972544125403951,0.01501134001605574,0.0068336486099240621,0.01458584734580742,0.0
Kyle Rudolph,TE,MIN,5.5703254916422109,5100.0,0.62648122555836749,0.22647743719617788,0.092183406926122743,0.029768513751371167,0.017810714464700894,0.0030927436693916339,0.0041859584338682278,0.0
Greg Olsen,TE,CAR,5.4623613970713469,7800.0,0.53352566668715096,0.38683939073619678,0.051484142185626865,0.019503582745137943,0.003437964858501937,0.0023054309870728595,0.0029038218003127479,0.0
Clay Harbor,TE,DET,5.3075169169801715,4500.0,0.74432462169564273,0.10260572880036291,0.097044375802728317,0.017745464994926401,0.01252302553420279,0.003959123166843148,0.021797660005293658,0.0
Khari Lee,TE,DET,5.1780160307825289,4500.0,0.75120112423969299,0.090430781844481639,0.1100680425721097,0.017736399103222878,0.0092324707508672273,0.0025036138852657839,0.018827567604359736,0.0
Xavier Grimble,TE,PIT,5.1571231249498481,4500.0,0.73343181859079443,0.17159112816935962,0.031030382719711019,0.022566854792108803,0.010009744676090671,0.0092481823580552007,0.022121888693880425,0.0
Ryan Griffin,TE,HOU,4.9513302783039821,4500.0,0.69637855056937592,0.19790745267897034,0.059742948197353749,0.022749497425876158,0.015892808308717941,0.0043892315023133805,0.0029395113173925364,0.0
Darren Fells,TE,ARI,4.9132999713361638,4600.0,0.71216935634309209,0.19514306270250825,0.035175973569179252,0.026436442239551196,0.023685374904075979,0.00327965231929834,0.0041101379222948983,0.0
Jack Doyle,TE,IND,4.8775072965131674,5000.0,0.73415758161181854,0.12166713184673233,0.10302874499328629,0.024813684081140916,0.010402757402692954,0.004547263202003363,0.0013828368623257196,0.0
Lee Smith,TE,OAK,4.8508749614921394,4500.0,0.7779289803297772,0.077666564025775681,0.090930793758263712,0.027877794231162649,0.013070013627697124,0.0044564317505028104,0.0080694222768206893,0.0
Geoff Swaim,TE,DAL,4.5732153517703136,4500.0,0.79687776049111958,0.078662329009576787,0.079659606171681163,0.027016790375227268,0.0058661162126247461,0.0035442615223760291,0.0083731362173942673,0.0
Dion Sims,TE,MIA,4.5537906981664387,4500.0,0.76729052813105492,0.12427775554857275,0.067187151030233705,0.028001602911212533,0.0057884609361778441,0.0023378865546441409,0.0051166148881042961,0.0
Maxx Williams,TE,BAL,4.4213856555076712,4600.0,0.76537142153968207,0.15088785095318843,0.047067227483957273,0.020473745739124336,0.0096304454034976724,0.0022591342496724709,0.004310174630877745,0.0
Justin Perillo,TE,GB,4.4112141268526894,4500.0,0.78945605198676261,0.11459175174278872,0.046309504770928794,0.032242550893910676,0.011552675733451843,0.0039432087991151206,0.0019042560730425317,0.0
Gary Barnidge,TE,CLE,4.4075368609550667,5800.0,0.74170753931140743,0.18514260683127115,0.04190070318799588,0.023998963391090779,0.002194882173148731,0.00071502871011756483,0.0043402763949685064,0.0
Jared Cook,TE,GB,4.3610528293360007,5000.0,0.78587709229329361,0.086232647264802231,0.10762040543921481,0.015255442993280554,0.0021700452059133023,0.0014651908681652366,0.0013791759353303334,0.0
Tyler Higbee,TE,LARM,4.2680458736573037,4500.0,0.77115779799569173,0.17896512554885477,0.016518047745103955,0.010057274370613892,0.013282000787451322,0.0045468471060652622,0.0054729064462191853,0.0
Tyler Kroft,TE,CIN,4.1535723758499845,4800.0,0.81100534311614092,0.099850062313684637,0.059189628807897625,0.016290298482424487,0.008935705601495916,0.0019112090147046024,0.0028177526636518138,0.0
C.J. Uzomah,TE,CIN,4.1224325721350183,4700.0,0.81854955315060896,0.10728451182346366,0.031628103127191519,0.026596385663222349,0.009125415706345924,0.004432814603655571,0.0023832159255120686,0.0
Jordan Cameron,TE,MIA,4.0945931159015529,5400.0,0.80470642994594566,0.11390415288195309,0.053308427343288486,0.021171083384198104,0.0034637979244039065,0.00091368774653224525,0.0025324207736783792,0.0
Levine Toilolo,TE,ATL,4.0684721842640394,4500.0,0.85993793841286936,0.049236778740636859,0.04533611065278325,0.03112620599523494,0.0037808583618912121,0.0023335437096421866,0.0082485641269421529,0.0
Brent Celek,TE,PHI,4.0571141158001494,5200.0,0.81099139380073348,0.11312586979582921,0.046062099779790658,0.016604444717549412,0.010781349675894367,0.0017283023652830982,0.00070653986491971588,0.0
C.J. Fiedorowicz,TE,HOU,4.0241020481125753,4500.0,0.80210997347894308,0.13563578063759668,0.0365862647297793,0.013600848831107668,0.0081172396866319284,0.0019558052320734591,0.0019940874038679728,0.0
Demetrius Harris,TE,KC,3.9714121097746014,4500.0,0.81535312558892936,0.13253369852264504,0.017444026015095909,0.022942854451337216,0.0052715668398764627,0.0033399300634577205,0.0031147985186580677,0.0
David Johnson,TE,PIT,3.8087432318207162,4500.0,0.85312392491362055,0.094335853885742602,0.018270144340114442,0.01742961322385473,0.0092127709454853154,0.0052316147653468769,0.0023960779258356524,0.0
Cory Harkey,TE,LARM,3.7599918574291267,4500.0,0.8277987749112814,0.11959240655639265,0.037361183330820606,0.0066990366714468237,0.0064953363660767783,0.0011607075178256823,0.00089255464615619197,0.0
Kellen Davis,TE,NYJ,3.4669142085218256,4500.0,0.87719625853112149,0.0878748110060079,0.015242419296729239,0.0097174542394719947,0.0070176002051165554,0.00092269341605070521,0.002028763305502005,0.0
Luke Willson,TE,SEA,3.4622303242166188,4700.0,0.89475368899204777,0.063991888015208179,0.013671316721328949,0.019410610456593268,0.0030151944427033411,0.0018023497826039879,0.003354951589514541,0.0
Blake Bell,TE,SF,3.4558625074480132,4500.0,0.87383388157669539,0.077825740081867475,0.039818147901443314,0.0051542528905074948,0.001184253646365558,0.00045567534828151626,0.001728048554839421,0.0
Zach Miller,TE,CHI,3.4508248676377051,5200.0,0.86726471486605539,0.10569720083128264,0.0070842306692898999,0.013839267765382367,0.0037091520175787183,0.0011269466909691861,0.0012784871594416502,0.0
Brandon Myers,TE,TB,3.4347676673513883,4600.0,0.88730033836097755,0.07513079885449829,0.015630086327711939,0.013456427650222544,0.0047262230829550255,0.002084287017171223,0.0016718387064633489,0.0
Phillip Supernaw,TE,TEN,3.4235965905951868,4500.0,0.89615054409277173,0.049142538748827215,0.041242699008870058,0.0081918834451981878,0.0016907649068688239,0.0010183548627422611,0.0025632149347214073,0.0
Charles Clay,TE,BUF,3.4174145699686616,5000.0,0.88964508910996576,0.074778668953643421,0.015797815487452824,0.013485231177170105,0.0010924948150957705,0.0010144077967197734,0.0041862926599524671,0.0
Troy Niklas,TE,ARI,3.3921594461727294,4500.0,0.88198604623203702,0.092745862487532554,0.0055659994362790635,0.010290952420374221,0.0059361489315714125,0.00176724220819273,0.0017077482840128144,0.0
Anthony Fasano,TE,TEN,3.3375702931310776,4500.0,0.90605377079408012,0.043896237218379722,0.037880827594916129,0.0074678462564262364,0.0015229089320943675,0.0008657787375502689,0.0023126304665532318,0.0
Hunter Henry,TE,SD,3.3306548295358605,4500.0,0.9068242102203713,0.057833696925604715,0.014603663405303011,0.01297371191908318,0.0029762939910817025,0.0019074150341547298,0.0028810085044017161,0.0
Rhett Ellison,TE,MIN,3.2907685338783383,4500.0,0.89869187448623089,0.066479431265393935,0.02362912423913565,0.0060506832946192104,0.002623541212225051,0.00042995564421658371,0.0020953898581787217,0.0
Dwayne Allen,TE,IND,3.2589007356483175,6100.0,0.88967461485115518,0.087282549051049638,0.010915410374838154,0.007965303257510957,0.0025010483992412859,0.0013535383139271098,0.00030753575227755411,0.0
Garrett Celek,TE,SF,3.2444982019158863,4500.0,0.89619598113244769,0.080085500875939936,0.013113972788027208,0.0059440035551342942,0.0014816491511739068,0.0012234763808092527,0.0019554161164674374,0.0
Jimmy Graham,TE,SEA,3.234740464409958,5200.0,0.91037249308170054,0.061854989942689502,0.0093374661094041706,0.013581589063281115,0.0016042639525061209,0.0012422922047293924,0.0020069056456890741,0.0
Nick O'Leary,TE,BUF,3.2338986382943067,4500.0,0.91730292293612392,0.045022095474505065,0.026035684078566077,0.0067415223338580512,0.00085492616683208427,0.00015768413828360432,0.0038851648718313202,0.0
Larry Donnell,TE,NYG,3.2056460853478383,5200.0,0.90604303424889743,0.070640153232400263,0.0096386463773119654,0.0077968623257773416,0.0033346537526446436,0.0013804375431087485,0.0011662125198598522,0.0
Gavin Escobar,TE,DAL,3.1987693038090161,4500.0,0.93248649376612602,0.036300651715483488,0.012800463030091025,0.0098365795798904272,0.001559097567050618,0.0023349928270444279,0.0046817215143141327,0.0
Niles Paul,TE,WAS,3.1916167007617458,4600.0,0.92244625602023356,0.052454511505833037,0.0092475351971638281,0.0082716307650625188,0.0017050283942859183,0.00163266358892005,0.0042423745285010738,0.0
Logan Paulsen,TE,CHI,3.1625487978549649,4500.0,0.91189541724834056,0.067589950904117374,0.0056332641188187385,0.0099818068135610651,0.0028217459948301289,0.00072328064861534468,0.0013545342717165745,0.0
Crockett Gillmore,TE,BAL,3.1600539822876463,4600.0,0.89973462786640446,0.084209346030103119,0.0070310211311078903,0.0059404098810848602,0.0012300497655083006,0.00070437677181454646,0.0011501685539768974,0.0
Brandon Williams,TE,SEA,3.1510652779422204,4500.0,0.92874937556981763,0.04412362205333905,0.0093618177436738097,0.012080369450241022,0.0017295811330227564,0.0010017707729621148,0.002953463276943498,0.0
Jim Dray,TE,BUF,3.1415103687781447,4500.0,0.93106066602848703,0.031090948662728844,0.027714209953238506,0.006521351343645271,0.00041915731275900318,0.00014454109331191902,0.0030491256058294987,0.0
James O'Shaughnessy,TE,KC,3.1376033464934765,4500.0,0.91823796241707945,0.059625147677528072,0.007930867631347779,0.0099189486991228364,0.0015377798642852015,0.0011630588767840193,0.0015862348338526592,0.0
Sean McGrath,TE,SD,3.1202331254558842,4500.0,0.92818740678836531,0.046880182127687131,0.010411501377478014,0.0090533715694711484,0.001836978242685535,0.0011754845224378511,0.0024550753718751779,0.0
Brandon Bostick,TE,NYJ,3.0879644196625859,4500.0,0.91642222081363123,0.068327261992166335,0.0046019750473634954,0.0062859489460411477,0.002419730747495962,0.00073580261929698373,0.001207059834004874,0.0
Ed Dickson,TE,CAR,3.0827312112628626,4500.0,0.92411538080633271,0.056395582703540365,0.011171853090410026,0.0040563542064050535,0.00062342051405745954,0.00033263181492499251,0.0033047768643295456,0.0
Marqueis Gray,TE,MIA,3.0145052302843136,4500.0,0.93592153922941834,0.044619812005806357,0.0076500041933251208,0.0086590161444321037,0.0010210657570675068,0.00061049543455935396,0.0015180672353912342,0.0
Scott Simonson,TE,CAR,2.8604200415852983,4500.0,0.95087000209003836,0.040367854920698283,0.0032714776946299751,0.0026026875117397927,0.00031655970316763361,0.00041021390600475981,0.0021612041737211945,0.0
