name,pos,team,expectation,salary,prob_0_5,prob_5_10,prob_10_15,prob_15_20,prob_20_25,prob_25_30,prob_30+,label
Antonio Brown,WR,PIT,13.869678430700706,9500.0,0.13876962471949464,0.22348177296789862,0.23214294165646501,0.21287962390676202,0.094251983351515009,0.046373414902104851,0.052100638495760319,2.0
Julio Jones,WR,ATL,13.163561200084036,9300.0,0.15514021205099371,0.25184990137185409,0.24613913742757743,0.15133034528969111,0.10876743600259901,0.043000671441349066,0.043772296415935871,1.0
Mike Evans,WR,TB,13.095908917078368,8000.0,0.16538505750545732,0.23749959823819405,0.24890290755269801,0.16285692265210058,0.094002213391252976,0.049666470494106642,0.041686830166190278,2.0
Brandin Cooks,WR,NO,12.890781567668281,8100.0,0.16933959578073893,0.24660120655162368,0.24806943551827026,0.15728837970688508,0.094562014092736485,0.041068569212971522,0.0430707991367743,2.0
A.J. Green,WR,CIN,12.749004208329739,8300.0,0.18280303222113314,0.24447690295475777,0.22676695183760645,0.16271839512294875,0.10722864085294494,0.039546142875739126,0.036459934134870052,1.0
Doug Baldwin,WR,SEA,12.442232157331969,7200.0,0.19201380342612231,0.26072568577498095,0.22710935857495915,0.13895564394603671,0.10307189215044391,0.042303984484574675,0.035819631642882412,1.0
DeAndre Hopkins,WR,HOU,12.378012427906679,7900.0,0.17112189829968957,0.27466837984245535,0.24608242529994884,0.1417474269653238,0.093216906236728972,0.043266608344634756,0.029896355011218696,1.0
Larry Fitzgerald,WR,ARI,12.321469186524727,7600.0,0.18609749107364459,0.26211545548143411,0.24524578909000475,0.13948992918647457,0.092915332411553433,0.040218887654607377,0.033917115102281133,1.0
Brandon Marshall,WR,NYJ,12.280747871530938,7900.0,0.1696759927237326,0.29372589298256835,0.23836843065395757,0.13359346929034396,0.08927389099710431,0.041362835755767539,0.033999487596525692,1.0
Allen Robinson,WR,JAC,12.143811817341735,7900.0,0.19654622689447843,0.26196167782620361,0.23918757239193447,0.1398247706843746,0.088667305466423485,0.043665931232232592,0.030146515504352885,1.0
Jeremy Maclin,WR,KC,11.763135962327704,7000.0,0.19444439353341594,0.27854756827496646,0.24923782944310588,0.13508251226610241,0.081790089980715186,0.035092249118549121,0.025805357383145919,1.0
Jarvis Landry,WR,MIA,11.716460041908729,7000.0,0.20931316747053422,0.27546868598591301,0.23823415629377384,0.12541683607691217,0.085208093579558997,0.038041177731460159,0.028317882861847946,1.0
Eric Decker,WR,NYJ,11.584998984087829,7300.0,0.20042143848096977,0.29177924280185996,0.23922180988403027,0.12666479076084824,0.079969519926130328,0.037150870459649446,0.02479232768651262,1.0
Demaryius Thomas,WR,DEN,11.584612715164655,7200.0,0.21649158718314074,0.28181634454948157,0.23276377223564726,0.12494132469170638,0.076352473689959316,0.033519633032151379,0.034114864617913999,1.0
Amari Cooper,WR,OAK,11.513467908042671,7700.0,0.24751432579108607,0.25228705270747254,0.21855617501925328,0.13568323023031464,0.075702724945284322,0.035489070068238225,0.034767421238351075,1.0
Randall Cobb,WR,GB,11.447133645324705,7100.0,0.23058956819014478,0.27170697693207424,0.23004317957946063,0.12477429067339924,0.076401903865550666,0.036295746296241785,0.030188334463128661,1.0
Odell Beckham Jr.,WR,NYG,11.416605172015132,8900.0,0.33007613980551254,0.24679387230637914,0.11898581093807302,0.12353476256804907,0.077465034608764166,0.034898236296433301,0.068246143476789339,0.0
Michael Crabtree,WR,OAK,11.404612028866289,6400.0,0.23442492536074017,0.24846319570740588,0.2460663509753602,0.14058628651351104,0.071685393086295207,0.033469292059370929,0.025304556297317322,1.0
DeSean Jackson,WR,WAS,11.298599404575462,6800.0,0.24812736989637849,0.24371568466072424,0.23666164909779483,0.14046981654164031,0.07277003573716645,0.032312720630491357,0.025942723435805344,0.0
Emmanuel Sanders,WR,DEN,11.062456036730698,6500.0,0.25732939538755145,0.26405208718492451,0.22022538174879938,0.12317160879250534,0.076969601882055233,0.032028259846127324,0.026223665158037292,1.0
Allen Hurns,WR,JAC,10.9473602966288,6500.0,0.25272092698450327,0.28136142327886871,0.21702196924271921,0.1192117937400449,0.071551429224361141,0.031756916331931589,0.026375541197571586,1.0
Jordan Matthews,WR,PHI,10.881669634217948,6900.0,0.22875840010056445,0.31151626749916189,0.22033932237409246,0.12110322823970801,0.063286305338147081,0.033195325593059682,0.021801150855266474,1.0
Pierre Garcon,WR,WAS,10.876198008975804,6100.0,0.25845775431754336,0.26520196042252947,0.2240430737431654,0.12789415597267584,0.074526323940944203,0.02935668347728634,0.020520048125855991,1.0
Marvin Jones,WR,DET,10.532379328565487,6900.0,0.28293056256252608,0.26798121442780687,0.20817128325914816,0.12371747048121511,0.068021194351220865,0.027162594032716789,0.022015680885366342,0.0
Golden Tate,WR,DET,10.519449458651531,6500.0,0.27330842485376527,0.28456252720847869,0.2078602084743392,0.11327892509001808,0.073421771490618917,0.02607322826496581,0.021494914617813863,1.0
Michael Floyd,WR,ARI,10.497781149477682,6900.0,0.29107254562787177,0.25281905205126953,0.21966804036501003,0.11946627363978886,0.070421854388448835,0.023516441258925741,0.023035792668685533,0.0
Tyler Lockett,WR,SEA,10.462109244009824,6100.0,0.2856430389434107,0.2699251863563224,0.20953279984956846,0.11556108973958637,0.070604816895996722,0.028290944969660767,0.020442123245454715,0.0
T.Y. Hilton,WR,IND,10.119530844083391,7400.0,0.28348386206831983,0.31532890147361264,0.18851161895868673,0.10173332728644693,0.062310765423865773,0.025995950172037662,0.022635574617030731,1.0
John Brown,WR,ARI,9.8561538024491391,6400.0,0.34574405665671254,0.2434640501266313,0.18984711767528695,0.10417876480109355,0.075338478560998484,0.023397795199970071,0.01802973697930732,0.0
Brandon LaFell,WR,CIN,9.8556567026085737,5600.0,0.3184938364867318,0.2708853473524615,0.19932807784904089,0.11195399635536166,0.057394826200150177,0.024324605874109329,0.017619309882144496,0.0
Stefon Diggs,WR,MIN,9.664353772851646,6400.0,0.32075772473313918,0.28516236466081318,0.19767120766937776,0.096647041416949866,0.060016743034931402,0.023989394647294257,0.01575552383749448,0.0
DeVante Parker,WR,MIA,9.6424480410504998,6200.0,0.31858529146667303,0.2990036836191608,0.18230790504061753,0.1002128021582878,0.061223644410559823,0.021330830725310199,0.017335842579392212,0.0
Kamar Aiken,WR,BAL,9.6368541878453335,5600.0,0.35033744498335756,0.25291338130584118,0.1951099803010283,0.095414427806448848,0.064374998219397767,0.021019512420860361,0.020830254963066095,0.0
Travis Benjamin,WR,SD,9.6212972470638736,6900.0,0.3266715653093597,0.28119422533365779,0.19718654385021461,0.10100572952369051,0.050217587324586019,0.026269111847283064,0.017455236811208721,0.0
Alshon Jeffery,WR,CHI,9.5522780521644002,7900.0,0.35267257080680342,0.26999793116679338,0.17389075963273323,0.10698303664737911,0.046947564172502627,0.025244067240768144,0.024264070333020193,0.0
Davante Adams,WR,GB,9.5183913482984615,5700.0,0.34585274139655547,0.2578896385723814,0.20442921724396232,0.09477292392330712,0.057338047068072717,0.023269380076674697,0.016448051719046237,0.0
Anquan Boldin,WR,DET,9.3546033388967746,6200.0,0.33043940646933218,0.29616109451457312,0.18693811827737028,0.10082686146531329,0.050241376957163707,0.021745453713443979,0.013647688602804062,0.0
Danny Amendola,WR,NE,9.3085314104144032,5900.0,0.36400735439276261,0.26662350920485794,0.1804229818791234,0.095113904771574956,0.045687568501038271,0.031197071552187532,0.016947609698455404,0.0
Devin Funchess,WR,CAR,9.1049990762104898,5800.0,0.38314819386904986,0.25706548498175286,0.1749042372868323,0.092943154394106386,0.050958626278340788,0.023273388895646212,0.01770691429427184,0.0
Jermaine Kearse,WR,SEA,9.0804181888840301,5200.0,0.38809817904656685,0.23624914205392153,0.19599765946380049,0.08770634811666457,0.059434201319407735,0.016240485220000208,0.01627398477963957,0.0
Dez Bryant,WR,DAL,9.0322844145985464,7900.0,0.40608737089279612,0.24442265516892292,0.15645225680068001,0.10362229902886552,0.043330583671231056,0.023073960977248873,0.023010873460255571,0.0
Tavon Austin,WR,LARM,8.6254289424988553,5900.0,0.4074481280440031,0.27226555504225941,0.15117072217935196,0.087531339573913583,0.047538287396045306,0.015711446450594076,0.018334521313833091,0.0
Mohamed Sanu,WR,ATL,8.5539586545219315,6500.0,0.41100290728417421,0.23837091401560179,0.19192716697539594,0.086716314528956978,0.046478755630251958,0.015515402230937527,0.009988539334680956,0.0
Torrey Smith,WR,SF,8.5095506570874964,5500.0,0.3777952797079589,0.30043495406693094,0.17353245334568249,0.08206686823267928,0.038345298358318375,0.017356652231271835,0.010468494057158868,0.0
Ted Ginn Jr.,WR,CAR,8.4735030794476174,6000.0,0.49290072827522807,0.1995520555895034,0.12804656152882793,0.077232118044131715,0.048087252573443109,0.024778848740955765,0.029402435247910419,0.0
Mike Wallace,WR,BAL,8.3465511557866705,6500.0,0.4093603765847641,0.27697812347470041,0.16450771445173132,0.083471093122829965,0.035944853638077395,0.01611464458197286,0.013623194145924132,0.0
Corey Brown,WR,CAR,8.128950969854543,4900.0,0.43395719491626539,0.25715182304492912,0.16778379389163839,0.076088766480569961,0.038935021797883378,0.013651801758121649,0.012431598110592461,0.0
Kenny Britt,WR,LARM,8.0391694441143926,5400.0,0.41972881670771212,0.29170941292859703,0.14656188632755968,0.084431669418270267,0.034841453283422516,0.011589377882130226,0.011137383452309161,0.0
Seth Roberts,WR,OAK,7.8300494839476906,5200.0,0.46618693347020501,0.24932491491513681,0.14862462268087728,0.070650154781196517,0.037194160312124101,0.015610839361622003,0.012408374478838569,0.0
Markus Wheaton,WR,PIT,7.6970777688433065,6000.0,0.49642354018807572,0.21362321504459442,0.1466146424093146,0.080650404689905128,0.039141321887185179,0.012672093526021572,0.01087478225490365,0.0
Nelson Agholor,WR,PHI,7.6617044160290053,5600.0,0.46080414983509449,0.26286398135948197,0.14982043074265394,0.074467027816851133,0.029397097059509741,0.012240644692827835,0.010406668493581463,0.0
Cole Beasley,WR,DAL,7.6186735904451943,5100.0,0.4633717478883328,0.26910393710006419,0.14489315377226708,0.072608791696447211,0.025795926064918973,0.0090916590075897277,0.01513478447038062,0.0
Kelvin Benjamin,WR,CAR,7.5174258484845478,7800.0,0.50704615431692368,0.22571769944328765,0.13917523336323398,0.070278123890964952,0.028447418026806174,0.010591300990041399,0.018744069968742626,0.0
Jamison Crowder,WR,WAS,7.5171182010831705,5000.0,0.47616917300252642,0.25608492446251091,0.1485487204613998,0.069782310044463364,0.025856024593297923,0.010441508005313809,0.013117339430488104,0.0
Quincy Enunwa,WR,NYJ,7.4784894241746294,6000.0,0.47164406682991183,0.26361811223985215,0.14659625965288886,0.069915901377229472,0.026003845961706112,0.012878416859260642,0.0093433970791507726,0.0
Jordy Nelson,WR,GB,7.4226329282456227,8300.0,0.54631263070660663,0.19063151524518196,0.13530406098987563,0.060948674935106716,0.030893734770170538,0.011030004837794453,0.024879378515264106,0.0
Tyrell Williams,WR,SD,7.3681527260155155,6100.0,0.49438496424645123,0.24735336845901582,0.13925645073268703,0.068238314904141048,0.028951656522373172,0.0097042592685740829,0.012110985866757979,0.0
Phillip Dorsett,WR,IND,7.3660376621553096,6000.0,0.50380235644491078,0.24223778999256096,0.12892491688887742,0.070111733707882012,0.03087370611130761,0.011354564308088766,0.012694932546373189,0.0
Dontrelle Inman,WR,SD,7.3413709502499387,5200.0,0.52717366632652929,0.20584516722414153,0.14000864649108491,0.067689698646552901,0.035732927614626583,0.011108923723605363,0.012440969973459172,0.0
Eddie Royal,WR,CHI,7.2893622389522497,5600.0,0.49374054217773194,0.24476916913225238,0.14916917391170956,0.067820249927026857,0.02506353697562785,0.010195065360369725,0.0092422625152826978,0.0
Julian Edelman,WR,NE,7.0446656597307724,6700.0,0.55623328155868401,0.20202250939180139,0.12063860315343596,0.064646175971002501,0.033269177001866788,0.0080789757825702104,0.015111277140639289,0.0
Dorial Green-Beckham,WR,PHI,6.9770627774416161,5000.0,0.5260751476616603,0.24858236707809223,0.12395654406487114,0.050193572505815659,0.02848671205065019,0.0087981557283150803,0.013907500910594782,0.0
Will Fuller,WR,HOU,6.9333610095607554,6500.0,0.53610626008360496,0.2273044116656682,0.13142468400186741,0.059839960591761471,0.026317293548232881,0.0078791129553937665,0.011128277153471299,0.0
Marqise Lee,WR,JAC,6.8513842568166492,4500.0,0.53333146887023919,0.24506912734292455,0.12554750067943377,0.053632609243269298,0.020914785000537409,0.0068157017891939163,0.014688807074401641,0.0
Terrance Williams,WR,DAL,6.8135842651995713,4700.0,0.55848232041175305,0.2141665991296727,0.11656836473930912,0.067743112801730898,0.02259309628808041,0.0073936614782271221,0.013052845151226674,0.0
Vincent Jackson,WR,TB,6.7316363395331349,5300.0,0.56301519817911572,0.21495078482338176,0.11636962452238341,0.061659512202836081,0.023940331689914978,0.0083481300767201463,0.011716418505647662,0.0
Andre Johnson,WR,TEN,6.7135178061013212,5000.0,0.53848586068864612,0.25027733373472028,0.11395158736104662,0.059619691561076098,0.018410872542429083,0.0087565092120155032,0.010498144900065988,0.0
Sterling Shepard,WR,NYG,6.6306978612496783,6500.0,0.57998142361987071,0.20022632350368402,0.11924293701900156,0.054863228419910065,0.02479330723850217,0.0080924071994645051,0.012800372999567249,0.0
Kenny Stills,WR,MIA,6.6050053122443586,5200.0,0.55565460456258187,0.23426428043226777,0.12283583312962934,0.048264873162192475,0.016076583806319406,0.011273800566714927,0.011630024340294684,0.0
Quinton Patton,WR,SF,6.5770133731696374,4700.0,0.55362684273652685,0.24766669251578383,0.10890969842888326,0.053566091865555297,0.014464638406103767,0.006746318844777421,0.015019717202370544,0.0
Chris Hogan,WR,NE,6.5586396474980599,4800.0,0.55536302648672076,0.22954284930654401,0.12868872482390123,0.052172316735006635,0.017977832431317054,0.0061865171948944572,0.010068733021616153,0.0
Kevin White,WR,CHI,6.5549758329537342,5900.0,0.59506523165466929,0.19061171068758673,0.11194018922027132,0.057391971835376573,0.021448119995885823,0.0096622439782832192,0.013880532627927405,0.0
Steve Smith,WR,BAL,6.5349019493838343,6300.0,0.59288611391050439,0.19804939949468023,0.11076175333449181,0.050477385282538326,0.024941139546715257,0.0083577234155489104,0.014526485015520427,0.0
Adam Humphries,WR,TB,6.3987466520886827,4700.0,0.59433999796068837,0.2080507851264109,0.10604419483972603,0.053573800079287984,0.014101426164019009,0.0085337481174696372,0.015356047712397767,0.0
Harry Douglas,WR,TEN,6.3948405898440628,4500.0,0.5923790104128368,0.202436792363313,0.11254492774491844,0.056825500798047435,0.015890434353778037,0.0080656285465238991,0.011857705780582841,0.0
Robert Woods,WR,BUF,6.3594385361868371,5100.0,0.5914395954688958,0.21483499531355307,0.10154187350584552,0.049828739763060063,0.023651595730842051,0.0077962924774314648,0.010906907740371962,0.0
Victor Cruz,WR,NYG,6.2563528422565788,5800.0,0.61498444495162696,0.1890276668970074,0.10486669174123445,0.051257263908165866,0.019818247565399731,0.0072214773346241361,0.012824207601941882,0.0
Albert Wilson,WR,KC,6.1463432679547836,4900.0,0.60804055432896997,0.20135232782560727,0.11090999752075023,0.046148426017370181,0.016229454378615383,0.006561216252793497,0.010758023675893709,0.0
Tajae Sharpe,WR,TEN,6.1442206406355986,5800.0,0.63028978133106295,0.17995912006770964,0.10186085124619602,0.046933806068959416,0.020947592276333468,0.0063240002056624721,0.013684848804075951,0.0
Tyler Boyd,WR,CIN,6.1150356420920273,5700.0,0.62955785508070872,0.17767497011053329,0.10691230424616967,0.049937273041768468,0.016951302593489769,0.006260264474251976,0.012706030453078247,0.0
Terrelle Pryor,WR,CLE,6.026818293305257,5800.0,0.62346698815546331,0.20051192389577394,0.098910212683215745,0.041516211280163133,0.015371810425097348,0.006968742855929278,0.013254110704357043,0.0
Sammie Coates,WR,PIT,6.0004281156027925,5500.0,0.63985770540389675,0.17776206688017027,0.099898086815993534,0.046311669990296025,0.017240360505063494,0.0056098580083419527,0.013320252396238356,0.0
Justin Hardy,WR,ATL,5.9343115378749189,5000.0,0.63466825327690257,0.19070664339043267,0.1001057202080666,0.043178807092659532,0.010963763255272414,0.0065976890526542971,0.013779123724012039,0.0
Brice Butler,WR,DAL,5.7529355121097394,4500.0,0.66982422066907166,0.16555497314311751,0.086663633139283616,0.042451873227535041,0.013507792984240636,0.0084438153721269719,0.013553691464624691,0.0
Rishard Matthews,WR,TEN,5.6317188308596799,5400.0,0.67095480022378429,0.16980081854999429,0.089110434417071102,0.037630601300928879,0.01504359937298037,0.0054883149906480256,0.01197143114459254,0.0
Jaron Brown,WR,ARI,5.6237001983204218,4900.0,0.66677896895085864,0.17745826943420132,0.088271279489973389,0.036450021773716264,0.011747101695085173,0.0073417280777516598,0.011952630578413594,0.0
Brandon Coleman,WR,NO,5.5709794226313987,4600.0,0.6682844477085369,0.17750184821847945,0.083682804741139608,0.041295132189634237,0.015046601516001316,0.0046486349184993881,0.0095405307077101251,0.0
Adam Thielen,WR,MIN,5.506669283751437,4500.0,0.67468246525504616,0.18094468186497967,0.084265820933515548,0.030866049050416101,0.0098301446983119472,0.0041544274743061087,0.015256410723423191,0.0
Eli Rogers,WR,PIT,5.5039762634666749,5500.0,0.69181764947571067,0.15337511890981825,0.083553055536962031,0.03973176315330048,0.013934751582071277,0.0059600478683271476,0.011627613473810763,0.0
Marc Mariani,WR,TEN,5.4057009438688013,4500.0,0.68658700614336587,0.16412326017335299,0.088495494350336115,0.033089725465447244,0.011946966692598345,0.0063034399358963423,0.0094541072390028017,0.0
Andre Holmes,WR,OAK,5.3805312401958183,4700.0,0.69512472128534442,0.15638543336108163,0.084728357422815981,0.0377712789219238,0.0088345092789874988,0.006599881528847296,0.010555818200998834,0.0
Michael Thomas,WR,NO,5.353180048564405,5200.0,0.68989969454651212,0.16685835441217442,0.083480075006114568,0.033880845129170452,0.010790321798987455,0.0040506176604990039,0.011040091446541741,0.0
Breshad Perriman,WR,BAL,5.3511812644142562,5100.0,0.6875265421425083,0.17271837970646328,0.081253972135338026,0.032153265820652754,0.010992545521377992,0.0034863106803629607,0.011868983993296448,0.0
Jordan Norwood,WR,DEN,5.2944892089323732,4700.0,0.6772691431363238,0.18998403367919051,0.076699498741949201,0.034506919098177109,0.0090856321327255126,0.0035363340517769546,0.0089184391598565709,0.0
Brian Quick,WR,LARM,5.2074932852952767,4500.0,0.71630926386456972,0.15820589215315756,0.07218490548173026,0.02708145815724132,0.0035146859106164412,0.0026365519894728608,0.020067242443212733,0.0
Rashad Greene,WR,JAC,5.1867468173545532,4700.0,0.72144574517180171,0.1461991940282828,0.07213484002103164,0.032446904471380003,0.010663533987877548,0.0028852966951003998,0.014224485624525022,0.0
Marquise Goodwin,WR,BUF,5.1637447653798123,5300.0,0.71968131529745305,0.1501019731822226,0.075163110403186031,0.028983113221199723,0.0072993983253601758,0.0038921707242847011,0.014878918846293023,0.0
Chris Conley,WR,KC,5.1623057174034477,4600.0,0.70612583272396334,0.16231178296536924,0.075806382711704867,0.03401758229370546,0.0078846379919179158,0.003402854862385445,0.010450926450953184,0.0
Andrew Hawkins,WR,CLE,5.1149137471790986,4600.0,0.73550416161451426,0.14162851064657628,0.06323788972208827,0.030790952752052198,0.0070981144851782543,0.004799511279425529,0.016940859500164614,0.0
Jeremy Kerley,WR,SF,5.1103236115637625,5000.0,0.73065574945613032,0.14044321068605387,0.070815521726566091,0.032664841902086371,0.0071996790405188145,0.0034928369473081044,0.014728160241337119,0.0
Taylor Gabriel,WR,ATL,5.0510496794820323,0.0,0.74679357089757792,0.13674460335684435,0.063080855327483781,0.023554278529460706,0.0052030996957112162,0.0028166411604158823,0.021806951032505881,0.0
Ryan Grant,WR,WAS,4.9660849845270727,4600.0,0.72920624085893315,0.14733295504491994,0.071807964450376571,0.030583190897768859,0.0089702976919140316,0.0026722882438536964,0.0094270628122324202,0.0
Jarius Wright,WR,MIN,4.9573158427588133,4800.0,0.73605178592671383,0.1470010362484051,0.069940449868553092,0.021238638845993172,0.0083571174966166218,0.0038229796315753231,0.013587991982142906,0.0
Rashad Ross,WR,WAS,4.8884892223436971,4600.0,0.76121996603678876,0.12739725327624196,0.063061291208686421,0.020254576911950165,0.0056036924532313782,0.003340948339203253,0.01912227177389737,0.0
Jaelen Strong,WR,HOU,4.8232879984068351,4600.0,0.74588418720341099,0.13876240501252543,0.070181597224142439,0.024150960371585543,0.007431892541916443,0.0033177838423900717,0.010271173804028335,0.0
J.J. Nelson,WR,ARI,4.8184931699797975,4700.0,0.77558352389448759,0.10858587087401178,0.059857884057714826,0.028538477635601817,0.0086649609547794371,0.004585745674350941,0.014183536909052401,0.0
Paul Richardson,WR,SEA,4.7275628512987264,4600.0,0.760584463834589,0.13397644744456208,0.059735427542784658,0.025380030279348646,0.005102090825858956,0.0022821312569532809,0.012939408815902496,0.0
Russell Shepard,WR,TB,4.6436499515204481,0.0,0.77179175602698735,0.12466002128585553,0.059239247875105233,0.026237380380355578,0.0033649152901492905,0.0014491623024572744,0.013257516839088353,0.0
Josh Huff,WR,PHI,4.6239176187217907,4600.0,0.77595614578797845,0.12739074847679299,0.052700924845182878,0.021578447347228878,0.0053398688051728071,0.0032160083199064961,0.013817856417736828,0.0
Bradley Marquez,WR,LARM,4.6109561471775518,4500.0,0.81564429290427742,0.10292738898444571,0.035806100307837957,0.012717924017003487,0.001349752282985962,0.00067044074665259794,0.030884100756795711,0.0
Malcolm Mitchell,WR,NE,4.5680247880341689,4500.0,0.78022126858354679,0.11920584435569052,0.057126334776796482,0.023641035391878278,0.0067246783337976401,0.0018005509614383503,0.011280287596851311,0.0
Jalin Marshall,WR,NYJ,4.5309987447344229,4700.0,0.79311280030599307,0.11412522500757792,0.051580494191981158,0.018709877113042468,0.004107436461221037,0.0020086177399085258,0.016355549180275441,0.0
Charles Johnson,WR,MIN,4.5200726952895378,4600.0,0.78549315904836969,0.11796045371552634,0.059902028908911019,0.017050441904998621,0.0038423657632822472,0.001770560350995111,0.013980990307916738,0.0
Darrius Heyward-Bey,WR,PIT,4.4599393246298806,4500.0,0.78510146390552937,0.11916894284577097,0.057112115101106115,0.022643588162235502,0.0040500056349641565,0.0020275622840877153,0.0098963220663063397,0.0
Josh Bellamy,WR,CHI,4.4199056568300232,4500.0,0.79204085977463945,0.11872378654514969,0.054553096489581926,0.014324436654692586,0.0061272701837751953,0.0025532107643555365,0.011677339587805381,0.0
Jared Abbrederis,WR,GB,4.358331789703584,4500.0,0.80844198793896749,0.10445611558771828,0.048669739458049303,0.019287654783241716,0.0038235665752540302,0.0019150326552253942,0.013405903001543365,0.0
Aldrick Robinson,WR,ATL,4.3566984418511705,4500.0,0.80464230045303053,0.10854495785752907,0.047039300959123932,0.021861750835023935,0.0043344240111410602,0.0016393654681059009,0.011937900416044905,0.0
Alex Erickson,WR,CIN,4.3180923236377549,4500.0,0.81416874718660537,0.10714755206246523,0.040661809463842735,0.017445946559739231,0.0034941631409468308,0.0014658525448027907,0.015615929041597181,0.0
Jordan Taylor,WR,DEN,4.3089355554457578,4500.0,0.81085480003333854,0.11079696143834677,0.041736009164132608,0.016977177832555132,0.0035101217714652109,0.0015106218013531472,0.014614307958807405,0.0
Chris Moore,WR,BAL,4.2954830156489647,0.0,0.82045789709792738,0.097883304224059137,0.044961002697992199,0.016114655229136351,0.003645132881256701,0.001153503236846404,0.015784504632781755,0.0
Lucky Whitehead,WR,DAL,4.2717066357035263,4500.0,0.84316387696034445,0.075892855864624756,0.043158162637320648,0.012392081471737577,0.0028643167834557534,0.0019586375893009289,0.020570068693215249,0.0
Griff Whalen,WR,SD,4.2355025486243667,4600.0,0.85844961798594988,0.06918783528712448,0.035078293500974411,0.008755867027253901,0.0011710284997691672,0.0006789684587050008,0.02667838924022118,0.0
Tyreek Hill,WR,KC,4.2204856978104104,4500.0,0.8310230949130315,0.088281321536116383,0.043201580296487109,0.017887899112862104,0.003850301974072089,0.0013766412601167698,0.01437916090731285,0.0
Cameron Meredith,WR,CHI,4.208622180102954,4500.0,0.84469163470126984,0.084057119598338656,0.036202015277009031,0.0106837982231826,0.0014290286472654664,0.0010605643229630697,0.021875839229970672,0.0
Cordarrelle Patterson,WR,MIN,4.2031953323419327,4600.0,0.83058849067485008,0.092911305919201825,0.045965534959101342,0.010511227192147178,0.0018771765833113475,0.00079761176181502192,0.017348652909572382,0.0
Deonte Thompson,WR,CHI,4.1832603247168825,4500.0,0.81797154674407646,0.10383136428987216,0.046710657706960659,0.015457770106683045,0.0026553850255948094,0.0030145066714156294,0.010358769455396438,0.0
Johnny Holton,WR,OAK,4.1823482846506659,0.0,0.84857202708090029,0.076185607513593795,0.039977624003825603,0.012242626839166984,0.0019001013561257994,0.00086171358308654016,0.020260299623300268,0.0
Dwayne Harris,WR,NYG,4.1512800958718028,4500.0,0.83607708391006741,0.085627695399342382,0.043638448367497078,0.015905198262418579,0.0036920212818638658,0.0020128972913014435,0.013046655487508618,0.0
Cody Latimer,WR,DEN,4.1470762020012613,4500.0,0.8339993259280496,0.091142502991791982,0.042958130973546192,0.013521530079614919,0.0024677927011526593,0.00099929880004363488,0.01491141852579927,0.0
Robby Anderson,WR,NYJ,4.1209644536356951,0,0.87539976459137792,0.053841817670762807,0.035532993439984395,0.0076828817403372255,0.00081776049254240471,0.00049712295815382247,0.026227659106839676,0.0
Jeff Janis,WR,GB,4.1182186664502316,4800.0,0.84634865822774041,0.074906290567513287,0.044847250866474946,0.013217427915635255,0.004814779231926144,0.0019965436164252285,0.013869049574284139,0.0
Bennie Fowler,WR,DEN,4.1113800167009504,4600.0,0.85166621294240041,0.078490030356377138,0.036185589208888633,0.011518487958067283,0.0021164192808679305,0.0011716920524773545,0.018851568200919454,0.0
Keith Mumphery,WR,HOU,4.1045853363409499,4500.0,0.87938121124916835,0.0541536224677674,0.030597127808176604,0.0069878390629585932,0.00099105409809887939,0.0004253259580601026,0.027463819355768963,0.0
Jordan Payton,WR,CLE,4.0986624008016301,4600.0,0.87898782042662715,0.054244053945783618,0.031319975983504111,0.007039592205083758,0.00089238966845178421,0.00046330103338862379,0.02705286673715902,0.0
Mike Thomas,WR,LARM,4.0915840243968038,4500.0,0.88032777541216323,0.053258572907849709,0.030451200810793413,0.007694251809211454,0.00081150844526719688,0.0004276319029423475,0.027029058711770811,0.0
Brandon Tate,WR,BUF,4.0291000106484978,4500.0,0.84388795125438398,0.087223443064367981,0.040505973163708214,0.011054828855699028,0.002791113438676713,0.00082187602296571367,0.013714814200197373,0.0
James Wright,WR,CIN,3.9970038498515601,4500.0,0.85159950258606798,0.079061932486857722,0.038644892180252521,0.013913573754062308,0.0024445772343261725,0.001100579004236114,0.013234942754196528,0.0
Andre Roberts,WR,DET,3.9809214746288548,4500.0,0.85485222187056886,0.076564265945263554,0.041020728132224876,0.01059791599133555,0.0013319294783526079,0.00077132930400670562,0.01486160927824727,0.0
Rod Streater,WR,SF,3.9688989856121033,4500.0,0.8548288392593737,0.077665257193397091,0.037485545700051956,0.013564498615273471,0.0020533878357649723,0.0009197751565724429,0.013482696239565772,0.0
Devin Hester,WR,BAL,3.9444273059181678,4600.0,0.86507865187466182,0.068250218371336824,0.037855705494899396,0.010588655502026272,0.0010048952161038128,0.0018692623762070397,0.01535261116476444,0.0
Leonte Carroo,WR,MIA,3.9409065838705306,4500.0,0.86469185932046322,0.066551243084199352,0.04011722825042896,0.010987519635676344,0.0020102842552682468,0.00085346945987343603,0.014788395994089277,0.0
Quan Bray,WR,IND,3.8976409709195798,4500.0,0.85887982127278628,0.080478354375139921,0.033721056050674797,0.010857936417870966,0.0016785276756172683,0.00078544640004675882,0.013598857807863246,0.0
Rashard Higgins,WR,CLE,3.8571006201542302,4500.0,0.88320162392554347,0.058032715428965015,0.027996373410899257,0.011046785689833938,0.00070291192404463765,0.0014564503468195954,0.017563139273893035,0.0
Eric Weems,WR,ATL,3.8129601664246144,4500.0,0.88372360971572628,0.058019795727783881,0.032196774230784826,0.0074920835528929849,0.0008170835959872896,0.00063009439760739242,0.017120558779216137,0.0
Ricardo Louis,WR,CLE,3.785776789243978,4500.0,0.89121688050889825,0.052899578816831654,0.02890892460355092,0.007493893915469999,0.00079223162808446303,0.00045857790696302589,0.018229912620200021,0.0
Walter Powell,WR,BUF,3.7818437354506278,4500.0,0.89175286655478592,0.055247108847033245,0.025523533642246434,0.0073408242297146528,0.00081862874548975192,0.0005221090581578829,0.018794928922570443,0.0
Trevor Davis,WR,GB,3.7774783994119803,4500.0,0.89364690827205151,0.051572039579082879,0.027452003042428282,0.0073377923386161933,0.00085306984953744747,0.0005361581095834195,0.018602028808698746,0.0
Jakeem Grant,WR,MIA,3.743272101658258,4500.0,0.89406647150379237,0.054041363548108422,0.02548814993862606,0.0071962268504241521,0.00083049833118545974,0.00048420056721775828,0.017893089260644396,0.0
Aaron Burbridge,WR,SF,3.7426343018322643,4500.0,0.89575926045575638,0.052924882265601901,0.024149990686615476,0.0075641319352295388,0.00082290411933891891,0.00049627603259384009,0.018282554504862644,0.0
Tommylee Lewis,WR,NO,3.7377686771131704,4500.0,0.89062578845453311,0.059213949559013775,0.024334815524042736,0.0072739634879299773,0.0008321659030602783,0.00043730681647751162,0.017282010254941072,0.0
Tavarres King,WR,NYG,3.7177094090608156,4500.0,0.89681175872783436,0.051734891304206838,0.025359558886775983,0.0073567441210135639,0.00082334256784890084,0.00047653896673445414,0.017437165425584104,0.0
Matthew Slater,WR,NE,3.6336430067491827,4500.0,0.89533492680880888,0.057104650063582112,0.02561568038438845,0.0055857187522339868,0.0010043964773042723,0.0014581536582508245,0.013896473855431439,0.0
