name,pos,team,expectation,salary,prob_0_5,prob_5_10,prob_10_15,prob_15_20,prob_20_25,prob_25_30,prob_30+,label
Griff Whalen,WR,SD,23.411318560197653,4600.0,0.069851131810906061,0.046659222183904253,0.054106620411529555,0.10922108276605723,0.05581683488665181,0.5611883602855956,0.10315674765535544,5.0
DeVante Parker,WR,MIA,22.910688251208004,6200.0,0.0056930835535467118,0.066912141096244687,0.080724993349724772,0.079897167893436677,0.22685755085508744,0.53519606386166063,0.0047189993902990871,5.0
Taylor Gabriel,WR,ATL,21.647302638041644,0.0,0.055265944576935407,0.078597441629071396,0.09224571803180058,0.17914446484509469,0.051088443165322815,0.47279495844497144,0.070863029306803577,5.0
Johnny Holton,WR,OAK,20.166576563815948,0.0,0.086052802007717075,0.10129639745163792,0.15961482295289853,0.14707866636571459,0.13588829920099985,0.18496566975473122,0.18510334226630079,6.0
Rashad Ross,WR,WAS,19.964420931557445,4600.0,0.16573037010510955,0.069131578373202135,0.082336848940070734,0.070891732652365855,0.096764808238325659,0.45939721456218313,0.055747447128742952,5.0
Markus Wheaton,WR,PIT,19.354383773947582,6000.0,0.11755793460526345,0.092673671126930396,0.11286692854586207,0.14603071918219823,0.063538353233942232,0.45162460026614976,0.015707793039653768,5.0
Julio Jones,WR,ATL,17.069255904105486,9300.0,0.013011715651025609,0.15868136236258548,0.2047078554512172,0.24685432599592322,0.29489062699189994,0.07094874430470556,0.010905369242643058,4.0
Robby Anderson,WR,NYJ,16.665679373070692,0,0.17581266019147981,0.16857019068353354,0.1502219829910639,0.12922153624859456,0.1102787791690313,0.12864969141957391,0.13724515929672285,0.0
Brandin Cooks,WR,NO,16.649194026338986,8100.0,0.0721229239406673,0.21329175288804747,0.1794437919291075,0.19371915624625502,0.18673413453340856,0.050605400904804504,0.10408283955770962,1.0
Mike Evans,WR,TB,16.251223455156804,8000.0,0.12068019192755434,0.21502946689033897,0.19739634452487126,0.083073696090219501,0.11913139478128114,0.2038680132745192,0.060820892511215488,1.0
Jarvis Landry,WR,MIA,16.206621812948303,7000.0,0.025965710684414875,0.25630080261661548,0.17190962712353439,0.14539219786977714,0.32927810396708163,0.049721886034952263,0.021431671703624203,4.0
Antonio Brown,WR,PIT,16.078454466979583,9500.0,0.021644277439933225,0.29282429215248779,0.25937485438196806,0.10469077973674984,0.075188449879903682,0.20767466527239747,0.038602681136560034,1.0
Chris Moore,WR,BAL,15.677440299811089,0.0,0.19655156966217399,0.17895519329898649,0.12873110912815453,0.13144582449723874,0.11529761272708999,0.18338584363631322,0.065632847050043019,0.0
Terrance Williams,WR,DAL,15.606451934834437,4700.0,0.12018992042880376,0.20559123409538355,0.20677510052982426,0.14904708477664927,0.09621280714960298,0.18269238382985997,0.039491469189876276,2.0
Jordan Matthews,WR,PHI,15.388380039901483,6900.0,0.043226239825327299,0.28689008727574433,0.22739411794815959,0.15810839019840242,0.12394242805378732,0.11796599102859186,0.042472745669987266,1.0
Jamison Crowder,WR,WAS,15.364734094645208,5000.0,0.24314036870181455,0.17247669437882562,0.1473567684087107,0.094646724955142619,0.076036475201129591,0.14237252149373364,0.12397044686064312,0.0
Russell Shepard,WR,TB,15.098727818328442,0.0,0.40546428327541117,0.088558187841088667,0.060150732011217192,0.068578794643234006,0.095847622465969853,0.071562286967619251,0.20983809279545967,0.0
Jarius Wright,WR,MIN,14.769585839377724,4800.0,0.27531201254046805,0.12338432687670686,0.09906465773278543,0.093018406912310156,0.21490333203091808,0.17955149248107363,0.014765771425737843,0.0
Michael Crabtree,WR,OAK,14.589766140756014,6400.0,0.25030058537224492,0.16347982051977836,0.19518195750291287,0.11626703325473561,0.063372495809359775,0.074846192928228084,0.13655191461274038,0.0
Emmanuel Sanders,WR,DEN,14.159845271122581,6500.0,0.059413015228870547,0.35525151335151761,0.19690088266798325,0.1383896369365305,0.1072461031108084,0.12628670952911752,0.01651213917517225,1.0
DeSean Jackson,WR,WAS,13.73979481363815,6800.0,0.29654441247884861,0.18804030700849539,0.1501668773904993,0.12651786495295664,0.03772252724998286,0.05160724926371809,0.14940076165549912,0.0
Alshon Jeffery,WR,CHI,13.669540973402979,7900.0,0.26037615617386045,0.33550375824099316,0.06424511335761314,0.085920019546217918,0.028473862120543522,0.044912257360978675,0.18056883319979308,1.0
Amari Cooper,WR,OAK,13.474225468710429,7700.0,0.2396292106955,0.21723033657826113,0.22906439545904825,0.10081292529607526,0.037895663277369013,0.049616006174216715,0.12575146251952968,0.0
Tyreek Hill,WR,KC,13.421824618715343,4500.0,0.28013293270725004,0.17619282955828477,0.16701362954170271,0.11395661257651798,0.10448160922572323,0.076064634046304549,0.082157752344216711,0.0
Danny Amendola,WR,NE,13.392523433367749,5900.0,0.41508444778849873,0.1400052956172084,0.025077096515261962,0.11896089827984219,0.044315384583138426,0.14227915803372607,0.11427771918232413,0.0
Brandon Marshall,WR,NYJ,13.384641624772177,7900.0,0.08274678994964578,0.36980913449636055,0.20498185912473255,0.097792294382941264,0.14873207118727094,0.076497150848743548,0.019440700010305394,1.0
Allen Robinson,WR,JAC,13.284405259291281,7900.0,0.15373990872451271,0.25205716917707816,0.22401233319936667,0.095552055940995681,0.22829061208266144,0.029520590374128502,0.016827330501256822,1.0
Cameron Meredith,WR,CHI,13.242420981578789,4500.0,0.28915305765332477,0.15294940813530242,0.1966594212414107,0.10015631433650982,0.11470749436228063,0.072343968349088877,0.074030335922082788,0.0
DeAndre Hopkins,WR,HOU,13.210707963485085,7900.0,0.056087619996960651,0.33761446925404415,0.29764681781442726,0.13427568302005358,0.10047212862251563,0.05056893608939781,0.023334345202600942,1.0
Michael Thomas,WR,NO,13.134724896756591,5200.0,0.36003544213867006,0.21350527425813237,0.12097033500242375,0.054494888768136872,0.0478413573766596,0.0025624177910421766,0.20059028466493514,0.0
Keith Mumphery,WR,HOU,13.12927809685104,4500.0,0.35730147181201455,0.10057807273808926,0.1620385035073893,0.11827199273316667,0.063632221853674176,0.13086641253912334,0.067311324816542603,0.0
Doug Baldwin,WR,SEA,13.012874632039134,7200.0,0.21633648938214076,0.17255442927155201,0.2589230583510142,0.10726887128970167,0.18873389062685231,0.019839328636047416,0.036343932442691525,2.0
Jermaine Kearse,WR,SEA,12.97705532011673,5200.0,0.27223839516318993,0.18000140267341763,0.20110498990575704,0.097415324371729867,0.12965372284166679,0.049980837153996607,0.069605327890242208,0.0
Marvin Jones,WR,DET,12.327884123321041,6900.0,0.20575261798568362,0.23285212111255685,0.29034589038302033,0.084002976085263956,0.090311269706879749,0.059999596680380463,0.036735528046215056,2.0
Cole Beasley,WR,DAL,12.327033730826988,5100.0,0.18855779558102811,0.28624556363535064,0.20540287778584942,0.17303816709118069,0.051656781708998463,0.05035232895702655,0.044746485240566042,1.0
Anquan Boldin,WR,DET,12.282995080704875,6200.0,0.23759384640905748,0.22210891804825889,0.26449616168120332,0.10147977387482204,0.062384434885008909,0.050712606396608656,0.061224258705040654,2.0
Kamar Aiken,WR,BAL,12.270039238120066,5600.0,0.21955170572756769,0.28216904441446777,0.16885129089213663,0.12976727798949311,0.10042437022181139,0.067932742223236794,0.031303568531286699,1.0
Brandon Coleman,WR,NO,12.232999450395022,4600.0,0.41955659938779105,0.13372256076956116,0.08932127217861538,0.068502181782483226,0.16379149923479533,0.026417347025545355,0.098688539621208451,0.0
Marquise Goodwin,WR,BUF,12.158983813261194,5300.0,0.213558631897103,0.30488546788034204,0.16121643937337035,0.13289011818102445,0.075309236166143823,0.082893050297066326,0.029247056204950161,1.0
Dontrelle Inman,WR,SD,12.090118162941787,5200.0,0.34893074220684883,0.14175148477407709,0.17214382821305313,0.092570626799909059,0.14823153874630934,0.043380072790338321,0.052991706469464245,0.0
Davante Adams,WR,GB,12.045618745395714,5700.0,0.32727600645731464,0.20156410168248029,0.1412507479926472,0.10314307212463983,0.13144118897374468,0.019831705904771284,0.075493176864402115,0.0
Andre Johnson,WR,TEN,11.998938614459927,5000.0,0.32383970783769145,0.21791793299308237,0.13692062454778348,0.11786818062433327,0.078702617170900657,0.047511706082414534,0.077239230743794046,0.0
Jalin Marshall,WR,NYJ,11.764561044633339,4700.0,0.26095183787424575,0.26583462672113262,0.18662867038960954,0.10065814367513026,0.083308180429557482,0.058938284822941632,0.043680256087382699,1.0
Bennie Fowler,WR,DEN,11.742746362206157,4600.0,0.39142037270720581,0.13568749319834966,0.10831447531993085,0.15261280045304115,0.094969579213273619,0.067968802541661072,0.049026476566537941,0.0
Tommylee Lewis,WR,NO,11.449989532959266,4500.0,0.40881837778240881,0.16020257981318206,0.15463090407782654,0.067512239863926862,0.087520725899320417,0.013756484151815091,0.10755868841152005,0.0
Demaryius Thomas,WR,DEN,11.386668325651456,7200.0,0.13084772518757998,0.4296058162483784,0.1851297890859597,0.10372663879959432,0.10244877692250824,0.038049935195125825,0.010191318560853575,1.0
Harry Douglas,WR,TEN,11.275241860268403,4500.0,0.31665271861673411,0.20018488899871079,0.21522243000838451,0.12684230159798127,0.057307557003639549,0.019982789536583025,0.063807314237966747,0.0
Marqise Lee,WR,JAC,11.116961900726055,4500.0,0.33324579568433127,0.23816524225414629,0.14393726675483984,0.083111403322374988,0.12193184936214531,0.03810925338558338,0.041499189236578804,0.0
Kenny Britt,WR,LARM,11.065798046101092,5400.0,0.2225045679375382,0.30986125411329629,0.25794010914676668,0.089038554647936113,0.047553817308006147,0.030049217242941132,0.043052479603515457,1.0
Eddie Royal,WR,CHI,11.060600551892271,5600.0,0.25875156767679486,0.2572893229943583,0.30261326618560036,0.05113911397457592,0.056930625272844634,0.0052201755500537071,0.068055928345772371,2.0
Marc Mariani,WR,TEN,11.048003816074662,4500.0,0.34320527912779658,0.17826065489870402,0.22099428246579897,0.085982448682124638,0.090381687319957243,0.038509507152061827,0.042666140353556696,0.0
Tyrell Williams,WR,SD,10.97615181017067,6100.0,0.37527391264229576,0.18617697191904464,0.17792006116365758,0.057418417542931068,0.091789578751197712,0.07362478448099051,0.037796273499882696,0.0
Allen Hurns,WR,JAC,10.91480982952451,6500.0,0.30807801363642334,0.23867876499509377,0.17916917162667842,0.09958198105796974,0.13037277444795542,0.014045063894996851,0.030074230340882472,0.0
Travis Benjamin,WR,SD,10.772866327997246,6900.0,0.22639111442721538,0.31014620640681234,0.23938485160978018,0.1231251407609625,0.048220726962148477,0.026239142048954948,0.026492817784126259,1.0
Stefon Diggs,WR,MIN,10.407150501132211,6400.0,0.21391240844666889,0.39976274969837633,0.17061961784494964,0.076809880310822934,0.1053431391277103,0.019642274879807502,0.013909929691664446,1.0
Dez Bryant,WR,DAL,10.323985746881791,7900.0,0.45418499156733777,0.23222087810602049,0.078396375398706475,0.07556992129223454,0.020189854203402628,0.02535501768488526,0.11408296174741292,0.0
Trevor Davis,WR,GB,10.319087832849759,4500.0,0.46101396916363596,0.14189240439111345,0.14697396760303091,0.064569685112085481,0.099910562176501808,0.014686834778732097,0.070952576774900328,0.0
Dorial Green-Beckham,WR,PHI,10.273454646933919,5000.0,0.37373537053209366,0.25817400192749751,0.17909257461019859,0.052537627198972786,0.034629483972337498,0.013133440453485631,0.088697501305414261,0.0
Mike Thomas,WR,LARM,10.210847123994448,4500.0,0.45592359215265849,0.15195392614931202,0.14566469689660383,0.073313189682431931,0.075600121259075351,0.038328686211130364,0.05921578764878787,0.0
Adam Humphries,WR,TB,10.20848376580828,4700.0,0.50066156220055014,0.15014759475231629,0.1010202405374229,0.056110631366544234,0.065520010610221835,0.042275335113443883,0.084264625419500694,0.0
Jakeem Grant,WR,MIA,9.9730350302546569,4500.0,0.43115911328970385,0.17877433200311288,0.16963494205309407,0.066569456793025006,0.081062989593344667,0.013728079700667042,0.059071086567052532,0.0
Jordan Payton,WR,CLE,9.9228002890866165,4600.0,0.46060930554107343,0.1638283418992941,0.14072314892458115,0.073768517943167508,0.068734936909954941,0.038094833655328134,0.05424091512660062,0.0
Pierre Garcon,WR,WAS,9.7782151497677763,6100.0,0.48664482235209483,0.15960340016575936,0.12200752202111552,0.082113808637424235,0.054893026715843674,0.019788118487025292,0.074949301620737069,0.0
Quincy Enunwa,WR,NYJ,9.6826159124426514,6000.0,0.29236781417246882,0.37433894205998103,0.14440425419612984,0.080552135755140017,0.057739221553323547,0.018748114101096339,0.031849518161860567,1.0
Eric Decker,WR,NYJ,9.5474602575748033,7300.0,0.25017502826810961,0.42816969682682915,0.15847304114141056,0.064652793340045811,0.058787257593414903,0.015370217589814132,0.024371965240375784,1.0
Jeremy Maclin,WR,KC,9.495459965631369,7000.0,0.33897744996393725,0.26197067455770745,0.21737427923214278,0.079119181106248021,0.075268849565904156,0.0089615718063149226,0.018327993767745448,0.0
Tyler Lockett,WR,SEA,9.0956023273979127,6100.0,0.44279439047972974,0.20881396057116247,0.15198545065484403,0.056265514323009969,0.10208371839080922,0.012110726137616313,0.025946239442828242,0.0
Randall Cobb,WR,GB,8.9357841942457839,7100.0,0.51313051750782224,0.18914624095998681,0.10446304294499591,0.059380007709772288,0.061672767972239702,0.0033965546018586016,0.068810868303324516,0.0
Golden Tate,WR,DET,8.8852873987661098,6500.0,0.52329597574921449,0.13073694508246866,0.145548838657067,0.051637304436943039,0.10256449658699174,0.0069025993131495156,0.039313840174165497,0.0
Aldrick Robinson,WR,ATL,8.7025521508236068,4500.0,0.5399159459112447,0.16103143001663364,0.11491210952787748,0.062736039606344413,0.049049118944087221,0.0033730849752204601,0.06898227101859207,0.0
Larry Fitzgerald,WR,ARI,8.4794740711219436,7600.0,0.30932821477939071,0.45470268571398603,0.11088543504430347,0.037266366245412984,0.061233604021437037,0.0067375124471634974,0.019846181748306314,1.0
Chris Hogan,WR,NE,8.4097044162937209,4800.0,0.54376814082743918,0.13277937090382541,0.13607039810086116,0.068087119278511646,0.074111812159299004,0.011585614709965731,0.033597544020097965,0.0
Tajae Sharpe,WR,TEN,8.3958347805599907,5800.0,0.48760434857224294,0.23713215691571232,0.13298292061881575,0.048091798185763347,0.030526069907213311,0.0027455359527530651,0.060917169847499356,0.0
Tavarres King,WR,NYG,8.3512144418004883,4500.0,0.51499500557154776,0.18568376903648118,0.12745414120971252,0.067031334586153707,0.052519404759976032,0.01438468488600708,0.037931659950121689,0.0
Dwayne Harris,WR,NYG,8.2223237648676299,4500.0,0.54120545091427286,0.16749120607009887,0.16203647269553123,0.037652455873034389,0.020647872672144629,0.0026205188881885592,0.068346022886729293,0.0
Will Fuller,WR,HOU,8.216012863546311,6500.0,0.33597148003317828,0.4256646268086608,0.14096024580936192,0.039103067901207635,0.02321187885184578,0.0017438791343158508,0.033344821461429586,1.0
Brice Butler,WR,DAL,8.1456255440208363,4500.0,0.51707037833495495,0.18106920759866402,0.12095454835071077,0.10163415415257716,0.035646095249407317,0.01660436332682512,0.027021252986860759,0.0
Justin Hardy,WR,ATL,8.142306633285596,5000.0,0.57874231333532089,0.1373848834539487,0.090621640263500836,0.086068892789661663,0.055067367814759897,0.0049265681200721416,0.047188334222735939,0.0
Robert Woods,WR,BUF,7.8816540591087794,5100.0,0.58529439062594302,0.18943067005340791,0.051225262871030526,0.068596843593749082,0.031635279679976307,0.018464086078781271,0.055353467097111968,0.0
T.Y. Hilton,WR,IND,7.8652053185438779,7400.0,0.48208521678070493,0.29291337557517338,0.083531961680807926,0.038201765626093898,0.066354187760412714,0.0045973232647962808,0.032316169312011103,0.0
Sterling Shepard,WR,NYG,7.8604161036641482,6500.0,0.46179843232122714,0.29260741630055487,0.1247465110406329,0.044252731329335653,0.039316106435365629,0.001568036068136521,0.035710766504747242,0.0
Torrey Smith,WR,SF,7.8580946935969589,5500.0,0.44382624661857023,0.28613076084341338,0.14721968659022366,0.059698622422149884,0.03376592572693389,0.0092951274468420046,0.020063630351867031,0.0
Jaelen Strong,WR,HOU,7.8348305909764324,4600.0,0.52638759886039499,0.20439289412132819,0.14364396017911452,0.043413779467712257,0.03070006739651918,0.0081715694070237602,0.043290130567907238,0.0
Jared Abbrederis,WR,GB,7.7328020109172808,4500.0,0.65350609556494343,0.11408720318967898,0.066434303297451466,0.045080452802499803,0.046951332673467336,0.0027040518468184568,0.071236560625140499,0.0
Seth Roberts,WR,OAK,7.5478035547654834,5200.0,0.65238188239294537,0.1031909415947169,0.093773188440577096,0.045389263909081351,0.034036327797809518,0.010982855708606683,0.0602455401562631,0.0
Leonte Carroo,WR,MIA,7.4953131969136715,4500.0,0.58544472238000667,0.18989726958041364,0.099284718178207859,0.03088919833928155,0.037738001998098736,0.0012488343135195223,0.055497255210471969,0.0
Paul Richardson,WR,SEA,7.4667983546132941,4600.0,0.63584417017977768,0.13233922247569377,0.096625664211437229,0.036847578274646721,0.031715908258040715,0.0018104771564251081,0.064816979443978767,0.0
Victor Cruz,WR,NYG,7.4491952832670956,5800.0,0.51945878066690576,0.25751292101430079,0.10633015703952588,0.041520258014772875,0.036481052923696987,0.0015657075961497916,0.037131122744647839,0.0
Andre Holmes,WR,OAK,7.4488284023691431,4700.0,0.68708031028931993,0.084199109961858309,0.078130084026483554,0.041098931030682545,0.029113521105535618,0.008601172243311991,0.071776871342808177,0.0
Jordan Taylor,WR,DEN,7.2883616271409579,4500.0,0.56377566288033687,0.1678997518273285,0.14259923754035772,0.052881959418648206,0.043051819974449533,0.013282835977540436,0.016508732381338882,0.0
Josh Bellamy,WR,CHI,7.2292217277767108,4500.0,0.60361178084673905,0.16078964013575822,0.11584232976899975,0.038255661187100415,0.033261850682511779,0.0053307555817027246,0.042907981797188056,0.0
Rishard Matthews,WR,TEN,7.2173117544864356,5400.0,0.58476080843076939,0.20301287952370187,0.098428305062684726,0.035467013633052775,0.027799531351433801,0.0016405386973334251,0.048890923301023903,0.0
Kenny Stills,WR,MIA,7.211298750288603,5200.0,0.56358357482953447,0.23188568661667011,0.072648319939421044,0.042627511788087699,0.055078895022292469,0.0035098457447915519,0.030666166059202707,0.0
Jordan Norwood,WR,DEN,7.1364734816583848,4700.0,0.51567394835278146,0.26991817318354649,0.093190456315740994,0.054597224870917331,0.045732666185902451,0.0076637872879580108,0.013223743803153339,0.0
Brandon LaFell,WR,CIN,7.0645412258430085,5600.0,0.55986929905787097,0.22858924601282837,0.093984176837468111,0.048105053324334311,0.036662392386280836,0.0051653296768027395,0.027624502704414893,0.0
Alex Erickson,WR,CIN,7.0225961103994905,4500.0,0.60024922774903422,0.17887253425762056,0.09721863084987882,0.045764276615468343,0.039736449741027018,0.0087079518688700265,0.029450928918101037,0.0
Walter Powell,WR,BUF,6.9398738945998115,4500.0,0.6004370901789533,0.17457513743340539,0.11154316130926266,0.046097261184333868,0.02891512953320205,0.0089656101088376287,0.029466610252005192,0.0
Michael Floyd,WR,ARI,6.9308695917284968,6900.0,0.51464036192777463,0.29875328319255579,0.084316845891833275,0.031574150548875871,0.052284532043813142,0.0032493386805733109,0.01518148771457389,0.0
Eli Rogers,WR,PIT,6.9272064832281171,5500.0,0.6361008727153995,0.18405571026084608,0.074900579309522083,0.019220505844530431,0.024594256422943498,0.0011910705757067919,0.059937004871051393,0.0
Sammie Coates,WR,PIT,6.9118029701448656,5500.0,0.53728721993045148,0.29391336393570611,0.07848342576176863,0.023860206401830238,0.027780358585365726,0.0017412933192862121,0.036934132065591554,0.0
Aaron Burbridge,WR,SF,6.9046771530559869,4500.0,0.57598614539389048,0.20563743353094999,0.11276918046843412,0.03574957434339554,0.04037464897788412,0.0070848634358274222,0.02239815384961831,0.0
Phillip Dorsett,WR,IND,6.8945381502064889,6000.0,0.56576945379099963,0.26533587726889601,0.059845595115443399,0.031011669119116184,0.040135071395046164,0.0040399312761733048,0.033862402034325431,0.0
Malcolm Mitchell,WR,NE,6.8786385838981552,4500.0,0.68311822968438674,0.11709848493434599,0.08174309637127837,0.031908466611485761,0.022746247204479032,0.0023819588738682842,0.061003516320155944,0.0
Cody Latimer,WR,DEN,6.7752407472794793,4500.0,0.65520764078669846,0.16981487859915972,0.025068680641335259,0.072892076549331775,0.020178713565799426,0.022494825608012099,0.034343184249663386,0.0
J.J. Nelson,WR,ARI,6.7724954634501859,4700.0,0.6959111427879332,0.13149706760168928,0.044717859204565905,0.023390459117501795,0.0427930215396446,0.0058433867987947126,0.055847062949870581,0.0
Quinton Patton,WR,SF,6.7547337690662044,4700.0,0.55649530784566426,0.2342937207260497,0.11371810759979754,0.048844793300384486,0.019794871509209399,0.0073618944488067902,0.019491304570087856,0.0
Julian Edelman,WR,NE,6.7049257924182246,6700.0,0.64588998055173674,0.16625935093506625,0.093087430611466418,0.023664656726869019,0.017532109854593185,0.00050235123671862696,0.053064120083549673,0.0
Mohamed Sanu,WR,ATL,6.7026865779876115,6500.0,0.64786553040963424,0.11920424731007571,0.1259897406324326,0.043488713855967462,0.028297503984965378,0.0018701901534621417,0.033284073653462566,0.0
Jeff Janis,WR,GB,6.5669141979292203,4800.0,0.73677325696704021,0.087886598415562345,0.049123897712362898,0.029952269203392796,0.034730117544701559,0.00099928204235960605,0.060534578114580538,0.0
Jeremy Kerley,WR,SF,6.5231207555642472,5000.0,0.65164098438340667,0.16729690104759767,0.073736352608362712,0.03772920273017194,0.028237671951651933,0.0034110123072375888,0.037947874971571496,0.0
Kelvin Benjamin,WR,CAR,6.4686491827081003,7800.0,0.45684114723224989,0.40658601417247398,0.087020646352727868,0.024561875232243457,0.008944451684860617,0.00043935159191315731,0.015606513733531014,0.0
Devin Funchess,WR,CAR,6.3982415854093748,5800.0,0.57726478274021598,0.23852478275564643,0.10115975675495141,0.027637270126397412,0.036843443793539044,0.008124219751431289,0.010445744077818587,0.0
Eric Weems,WR,ATL,6.3800987237684579,4500.0,0.72849023543945424,0.08409951598214932,0.05736591344384101,0.054447021873496572,0.030165295785867595,0.0014146403125612926,0.044017377162629802,0.0
Ricardo Louis,WR,CLE,6.3774224475045784,4500.0,0.64831120877345094,0.15846243696971618,0.098750253310215669,0.032187625514144488,0.029833468274947043,0.0048885001702474425,0.027566506987278333,0.0
Albert Wilson,WR,KC,6.274723952842546,4900.0,0.66466171370673155,0.13049307585474665,0.10307456379896703,0.038444677987766199,0.041407874092196664,0.0034203719024022182,0.018497722657189578,0.0
Kevin White,WR,CHI,6.2088807298148136,5900.0,0.65844660080791118,0.1997607022522512,0.062481672269311714,0.018179032989371551,0.013691309797189388,0.0004097808203707242,0.047030901063594206,0.0
A.J. Green,WR,CIN,6.1214399592580353,8300.0,0.63113629933164883,0.18565519895955887,0.10681850499228739,0.033811893181139807,0.020333661848550684,0.0015756099962949805,0.020668831690519442,0.0
Chris Conley,WR,KC,6.0569236043470731,4600.0,0.6825368807593617,0.12759504935031857,0.098434090595110602,0.036763470011826935,0.029422880858509831,0.0034466852682102423,0.021800943156662114,0.0
Andre Roberts,WR,DET,5.9771116601125165,4500.0,0.74416059803487755,0.096352625321767166,0.070020634452951633,0.019046977841556647,0.021531801191006551,0.0013383740132187235,0.047548989144622009,0.0
Deonte Thompson,WR,CHI,5.9095393641921463,4500.0,0.70162015911698594,0.15770775817579605,0.062999554137705138,0.016533503446396376,0.018633295421976778,0.0014799524648547791,0.041025777236285033,0.0
Corey Brown,WR,CAR,5.8114386190948037,4900.0,0.64569760809443599,0.19761996077959851,0.079338874410511934,0.031704323788891327,0.03082168928451463,0.0058158319731353852,0.0090017116689121383,0.0
Tavon Austin,WR,LARM,5.7906568905650726,5900.0,0.69196798063095466,0.14397848920766784,0.098821883507451955,0.022259460332332375,0.011461419485256119,0.00062328098918069475,0.030887485847156584,0.0
Vincent Jackson,WR,TB,5.6516294074297697,5300.0,0.74164162931562727,0.1271708470650956,0.055508624658848447,0.013259059152809763,0.021024354281236904,0.00053831026779866948,0.040857175258583282,0.0
Tyler Boyd,WR,CIN,5.6421481449337056,5700.0,0.69394746445203059,0.17479550147413739,0.061151254271048158,0.020233756521760696,0.021103509315959994,0.00051935242101788673,0.028249161544045498,0.0
Jaron Brown,WR,ARI,5.5897582566376665,4900.0,0.62286680195223121,0.2726150761835423,0.044318991944385586,0.018687007826535457,0.026048722853784356,0.0027129457976075044,0.012750453441913598,0.0
Mike Wallace,WR,BAL,5.5345588602602067,6500.0,0.65680862276994734,0.21050297000843643,0.0671056352297459,0.023974458523869983,0.029646285909767239,0.0040427778367204577,0.0079192497215126289,0.0
Jordy Nelson,WR,GB,5.516975567763776,8300.0,0.72037701922347575,0.15919336872915835,0.058040182091115493,0.010658819172076346,0.016006261316621688,5.8929120293219251e-05,0.035665420347259086,0.0
Terrelle Pryor,WR,CLE,5.4438350658923031,5800.0,0.6983912405087751,0.1723963977694698,0.071129950192771435,0.021362140669549175,0.011206526212382981,0.00042743469371066847,0.025086309953340803,0.0
Ryan Grant,WR,WAS,5.4022546155899054,4600.0,0.80798139040561778,0.066753670705760562,0.037215308319658101,0.025150707144369511,0.014947907740441255,0.0051058123793086465,0.042845203304844225,0.0
Nelson Agholor,WR,PHI,5.3988295737513861,5600.0,0.71353969545745766,0.1577444478809486,0.060303552730864421,0.025553504266942837,0.020208459616434291,0.0022048001111710032,0.020445539936181367,0.0
Adam Thielen,WR,MIN,5.3727615895939502,4500.0,0.72228406016341296,0.14269978978134906,0.058515125642383065,0.023852351297936076,0.03695742070975637,0.0043717336758095967,0.011319518729352798,0.0
Matthew Slater,WR,NE,5.3476040610512765,4500.0,0.78445096272492598,0.074927222812666935,0.060972360144132501,0.022653225961895507,0.025335129827975224,0.0016323123485931042,0.030028786179810824,0.0
Quan Bray,WR,IND,5.2232516273847445,4500.0,0.74304720646957945,0.15651147542060434,0.037466012788835816,0.0094750998009975624,0.024985100802538379,0.00033803919857396954,0.028177065518870309,0.0
Lucky Whitehead,WR,DAL,5.1917200900876921,4500.0,0.77546268245529282,0.092918768102231666,0.057553057212675424,0.035579439606006319,0.0097710657715900807,0.0014339073024989893,0.02728107954970483,0.0
Rod Streater,WR,SF,5.1586622491621803,4500.0,0.72876840945652344,0.15423783195844593,0.061844084046405852,0.016652214035829817,0.018243252446240806,0.00051703631925090253,0.019737171737303289,0.0
Rashad Greene,WR,JAC,5.1457584719430072,4700.0,0.78847475424304325,0.089499628298419662,0.047912022343421568,0.019953769403660365,0.026041196896566973,0.0019794411271224577,0.026139187687765745,0.0
Ted Ginn Jr.,WR,CAR,5.0743131212047734,6000.0,0.72898277894201446,0.12666863163750688,0.10542516966227644,0.0093612109125881162,0.016979424808524282,0.00029718328936720898,0.012285600747722666,0.0
Andrew Hawkins,WR,CLE,5.0395672740708868,4600.0,0.76004796303729616,0.13533206524397393,0.049299704082618898,0.015802786118447511,0.011981878354550744,0.00022354061920926702,0.027312062543903615,0.0
Brian Quick,WR,LARM,5.0273586128861707,4500.0,0.7925982122799724,0.087240094240853008,0.063894990637912166,0.015856939903252043,0.0075526384855250702,0.00060735702163656948,0.032249767430848862,0.0
Darrius Heyward-Bey,WR,PIT,5.0155111946509079,4500.0,0.76012180904487414,0.1321535059758551,0.046018140386175937,0.021752371023764237,0.015062434702186695,0.0055938015563321425,0.019297937310811482,0.0
Rashard Higgins,WR,CLE,4.9761659425796294,4500.0,0.7781667451959603,0.11453379614160511,0.05050881619022058,0.016601419171925032,0.012340011111738453,0.00033494746295260951,0.027514264725598085,0.0
James Wright,WR,CIN,4.9671182232712097,4500.0,0.78926053541013219,0.10733953698524307,0.042318293492371283,0.015563894165352933,0.016135895226479628,0.00051315560030478922,0.028868689120116166,0.0
Josh Huff,WR,PHI,4.8601431218084823,4600.0,0.8030378578740841,0.095745524951106525,0.039714888025831459,0.018407208056958939,0.014254357083149146,0.0018978634681332722,0.026942300540736517,0.0
John Brown,WR,ARI,4.752352858054679,6400.0,0.72926025829412389,0.19066203838464457,0.037356484971292486,0.01091515516026653,0.021065629770343264,0.0011501590027379078,0.0095902744165914013,0.0
Breshad Perriman,WR,BAL,4.6138035700444489,5100.0,0.76084268551559997,0.15025741228184183,0.049625538396688283,0.014769604334566998,0.011639798098012681,0.00082535292564533784,0.012039608447645053,0.0
Bradley Marquez,WR,LARM,4.5983896100382253,4500.0,0.83936378390436361,0.06271184014960024,0.049498579109110999,0.012011375708352713,0.005728900038888581,0.00029112714915691866,0.03039439394052703,0.0
Charles Johnson,WR,MIN,4.5327051911049825,4600.0,0.80374474770442028,0.10585852546756193,0.046339120560103836,0.012895198376976526,0.012903225660232758,0.00065260709214286304,0.017606575138561807,0.0
Steve Smith,WR,BAL,4.4271749463818617,6300.0,0.76588958891853465,0.16007150324115138,0.043227823420189021,0.010208132959346427,0.01013071547090702,0.00020597033399239275,0.010266265655879032,0.0
Odell Beckham Jr.,WR,NYG,4.1332582694368396,8900.0,0.89417958887220961,0.050465847040797589,0.0019239717273680484,0.019569933159180115,0.0013167945707328432,0.0021161563078432766,0.030427708321868634,0.0
Devin Hester,WR,BAL,4.0219986838448962,4600.0,0.85238745514200276,0.08037675657472064,0.027862608094064371,0.016205975731740378,0.012087492536526993,0.00045884054756045712,0.010620871373384395,0.0
Brandon Tate,WR,BUF,3.7181169520016866,4500.0,0.87674485810675551,0.06250076210030793,0.034987882594437553,0.011166776902904402,0.006678732024048833,0.00036987963920102895,0.0075511086323447104,0.0
Cordarrelle Patterson,WR,MIN,3.6775943487081304,4600.0,0.8866611499057695,0.059147831049556933,0.024537145783430803,0.0083365730229591119,0.014117588422822517,0.00065430162363873813,0.0065454101918225082,0.0
