name,pos,team,expectation,salary,prob_0_5,prob_5_10,prob_10_15,prob_15_20,prob_20_25,prob_25_30,prob_30+,label
Jordan Reed,TE,WAS,10.725103851811747,7500.0,0.25154646360197763,0.26689888990229493,0.24598354722383478,0.12520849756438665,0.062651587091246033,0.033465766700967584,0.01424524791529273,1.0
Greg Olsen,TE,CAR,9.4270078448674095,7800.0,0.32259054690895578,0.2941422270656206,0.19229390519504039,0.11860483901323707,0.035203302932156212,0.021019906668658814,0.016145272216330803,0.0
Jason Witten,TE,DAL,9.0123634271130424,6000.0,0.30941385465304366,0.32861868303828934,0.2016945478171184,0.10610414027654376,0.027733391319578179,0.020407378785424955,0.0060280041100021064,1.0
Julius Thomas,TE,JAC,8.8099425878957724,6100.0,0.33929445641148392,0.28500767932852328,0.22356299263906557,0.10846882492853638,0.025781516178252518,0.0099514232453444887,0.0079331072687936575,0.0
Travis Kelce,TE,KC,8.6089220777304423,6000.0,0.36488635989789669,0.28584116754138428,0.19460336992168892,0.095495231638955319,0.043797356681012312,0.0099239710356638713,0.0054525432833987288,0.0
Eric Ebron,TE,DET,8.1617738912015998,5600.0,0.35710463104254675,0.34796165495775372,0.16982939711045761,0.080822234469479379,0.023443320023622576,0.017971740010792506,0.0028670223853476716,0.0
Coby Fleener,TE,NO,8.0529851682794806,5500.0,0.42342985702186786,0.29796095529948191,0.1465392594960315,0.063676199284223481,0.027231893508450615,0.03196702837117741,0.0091948070187678355,0.0
Jacob Tamme,TE,ATL,7.8677797304316615,5500.0,0.40751403120555718,0.29058285957147911,0.19397418710631817,0.062180614079534187,0.025242645090300306,0.017183012967905014,0.0033226499789058487,0.0
Dwayne Allen,TE,IND,7.1815856698442451,6100.0,0.46541684085146945,0.26714457273402303,0.17502826930633109,0.06625726210282995,0.014817606595624835,0.0084044031546789896,0.0029310452550429696,0.0
Gary Barnidge,TE,CLE,7.1196264988776594,5800.0,0.48816830590137444,0.26371371022320245,0.13684654842792154,0.074225623546310002,0.024162121999561446,0.011033900200856799,0.0018497897007733104,0.0
Clive Walford,TE,OAK,6.8629148591612799,5000.0,0.50585236306471404,0.2497728444201287,0.15182062130639579,0.065607341572454236,0.015615803857444769,0.0091786819402744982,0.0021523438385879193,0.0
Martellus Bennett,TE,NE,6.7349044986732558,6100.0,0.53609071707950595,0.21440202261487856,0.161982894069407,0.059978337254812275,0.013620472532715266,0.010879953220512056,0.0030456032281692942,0.0
Vance McDonald,TE,SF,6.6229639589925311,4900.0,0.50562029416896781,0.29084795176396377,0.11597155437260695,0.063425746270316316,0.01233345713942968,0.0096772079533267944,0.0021237883313887603,0.0
Kyle Rudolph,TE,MIN,6.5073406803400191,5100.0,0.52736752775741724,0.25310569506727376,0.1444150075210677,0.051875481240841008,0.015040944927698318,0.0063516867545215664,0.0018436567311801064,0.0
Jack Doyle,TE,IND,6.4959504557773347,5000.0,0.53019991119884979,0.24202364229760076,0.1589237944943557,0.049835267300578107,0.008062360914512099,0.0090960269015345329,0.0018589968925690828,0.0
Richard Rodgers,TE,GB,6.3601170456564518,4600.0,0.56935116652776074,0.22575409368622673,0.12571574281224587,0.043972819455317301,0.019749883101818341,0.011030716440503876,0.0044255779761272511,0.0
Dennis Pitta,TE,BAL,6.1559300052303962,5000.0,0.55799937888171569,0.25829502252700515,0.11412890137744898,0.048222536766392175,0.010067096102151556,0.0091124914586445359,0.0021745728866416824,0.0
Jimmy Graham,TE,SEA,6.1234817528422392,5200.0,0.58185304678471905,0.22370948005001826,0.11891751969599573,0.053978360925512732,0.010300820000954307,0.0087010354547463354,0.0025397370880539255,0.0
Will Tye,TE,NYG,6.0897887080183883,4800.0,0.57665577303182125,0.24411787748262875,0.1061737600130572,0.045857989199406625,0.017010287673539508,0.0068805373963338129,0.0033037752032134262,0.0
Jordan Cameron,TE,MIA,6.0554393336510186,5400.0,0.56545916369710225,0.26532077445193641,0.096186901591868698,0.052126658163169685,0.011264148265126105,0.0071457189037741481,0.0024966349270224295,0.0
Charles Clay,TE,BUF,6.0094807715475307,5000.0,0.58823684377631347,0.22516731969305542,0.12227297598354003,0.043647872246342971,0.0073199721906924663,0.0098988183785261585,0.0034561977315294068,0.0
Cameron Brate,TE,TB,5.9588166717064803,4800.0,0.60400096209297827,0.1959599294056068,0.13470861543763585,0.041872528661885691,0.018730492446233302,0.0032546329479730732,0.001472839007686498,0.0
Lance Kendricks,TE,LARM,5.9132013640606926,4500.0,0.57887554608336955,0.25876221429512375,0.10215121623476561,0.036726849552433008,0.01395608134347358,0.0055745661160902845,0.0039535263747444305,0.0
Jared Cook,TE,GB,5.6979689625317977,5000.0,0.64090839012378742,0.18910845185845784,0.10226802314069587,0.047107750911549298,0.0053112575495904953,0.010695873513315406,0.0046002529026035527,0.0
Marcedes Lewis,TE,JAC,5.6515671843017117,4500.0,0.6080480576149021,0.22769215039411775,0.11697680939444739,0.029751938826981239,0.011090136435779094,0.0045430614775030251,0.0018978458562699007,0.0
Zach Miller,TE,CHI,5.3311513862765363,5200.0,0.6521912942295981,0.2079460401778504,0.085092908081006446,0.041322184556858571,0.0065917248285879224,0.0045320299260811665,0.0023238182000170885,0.0
Larry Donnell,TE,NYG,5.285099117830879,5200.0,0.6596216949230912,0.19740173619470119,0.094520500052172426,0.032792734971328001,0.0091560169546101369,0.0044818302279490867,0.0020254866761477155,0.0
Vernon Davis,TE,WAS,5.258145030569974,4600.0,0.66261069434006448,0.19383827166269693,0.095643129416840389,0.034186611776398514,0.0070691293666706317,0.0050472930139342041,0.0016048704233950337,0.0
Brent Celek,TE,PHI,5.2309877710586621,5200.0,0.67016889194370688,0.18693783748081952,0.094159220438348179,0.032988659405998842,0.0091881172057083557,0.004932966067890514,0.0016243074575282852,0.0
Rob Gronkowski,TE,NE,5.1022706380645193,7300.0,0.70263078223829267,0.15013318399787157,0.090871325795855898,0.046046720268714945,0.0055684049465486267,0.0018051843077816331,0.0029443984449343511,0.0
Tyler Kroft,TE,CIN,5.0422745670674605,4800.0,0.6908476991549003,0.18601664508521734,0.07353897511085293,0.034967400708858794,0.0064488031468759206,0.0056734638426189019,0.0025070129506760699,0.0
Jesse James,TE,PIT,5.0373987186687641,4500.0,0.67519583988762377,0.19694102916246509,0.092373217648094086,0.021317684358371312,0.010265057839983577,0.003078411554969596,0.00082875954849278373,0.0
Darren Fells,TE,ARI,4.6743636617788482,4600.0,0.72370676522401822,0.17346216446588153,0.065589124379767452,0.027524475721356231,0.0051750677114507778,0.0017113300756265116,0.0028310724218997938,0.0
Maxx Williams,TE,BAL,4.5684955372605138,4600.0,0.72802056078913291,0.18986264223205229,0.052943880883850478,0.014693184714927855,0.006929229001827051,0.0019506881054004838,0.0055998142728085534,0.0
Dion Sims,TE,MIA,4.5642670976781883,4500.0,0.73284031699747654,0.1726936416664602,0.063012231395291399,0.018821089048721037,0.0085986795562174104,0.0019626259835729041,0.0020714153522610797,0.0
Luke Willson,TE,SEA,4.4198418464039229,4700.0,0.7728281984118256,0.12217091167216629,0.067821242204324839,0.027878268637202178,0.0061505198914058564,0.0017083313115022738,0.0014425278715733735,0.0
Austin Hooper,TE,ATL,4.4131004289002966,4500.0,0.77579049953277435,0.12677253019007137,0.059133949644965121,0.025763903349911407,0.0050286878959295072,0.0057630642297720139,0.0017473651565762332,0.0
Jermaine Gresham,TE,ARI,4.3910596813038083,4500.0,0.75772197265186314,0.15023499905772789,0.065889464450151036,0.013703654566374766,0.0092319867138884962,0.0018382659279405724,0.0013796566320539603,0.0
Ryan Griffin,TE,HOU,4.3221762750643364,4500.0,0.77294707932393836,0.12994998841361408,0.071435724408177151,0.016796701980795775,0.005486463157309566,0.0018122789625282824,0.0015717637536357657,0.0
Crockett Gillmore,TE,BAL,4.299189797828892,4600.0,0.77308556164033948,0.14734440937361773,0.050351532399980456,0.018467468102958157,0.0025667350338977341,0.0047178443147365317,0.0034664491344695335,0.0
Geoff Swaim,TE,DAL,4.2361643504006699,4500.0,0.7700842131769543,0.14594076681355803,0.06247089819406193,0.014372230672171638,0.0041647738541831366,0.001807828622500954,0.0011592886665692964,0.0
Trey Burton,TE,PHI,4.1368847007580127,4500.0,0.80071850019677193,0.11943956549169248,0.053238198648879048,0.017858830462427408,0.0025066825765483148,0.0017937942568341987,0.0044444283668469775,0.0
C.J. Uzomah,TE,CIN,4.1094177540174552,4700.0,0.8004948838542072,0.11475881934143997,0.057481195229190506,0.020523846673320519,0.0046327612657498423,0.0010969684759288294,0.0010115251601637864,0.0
Demetrius Harris,TE,KC,4.0944678970920272,4500.0,0.79335529429245033,0.12948556604863781,0.055161115024009583,0.013868996393728964,0.0051659012979198976,0.0016300907881795714,0.001333036155074423,0.0
Stephen Anderson,TE,HOU,3.9751267370375905,4500.0,0.80286628433288398,0.12950660717504295,0.047740671814572297,0.013606334495093063,0.0040850773790486409,0.00092638507998558559,0.0012686397233736546,0.0
Xavier Grimble,TE,PIT,3.8708974366818221,4500.0,0.81681402184600427,0.12145192259205413,0.044791498700028916,0.010205428350653974,0.0039448007560991469,0.00093403409375973189,0.0018582936613993231,0.0
Nick O'Leary,TE,BUF,3.7567376400302464,4500.0,0.86880342883747086,0.071281611407715578,0.038488961188195225,0.0072272941122374585,0.0026125989086741531,0.0029026465310413307,0.0086834590146657661,0.0
Cory Harkey,TE,LARM,3.7256241157018728,4500.0,0.80522778321963595,0.15776117093751107,0.028038327771474105,0.0067711462758506891,0.0012041660094415042,0.00021749587664814986,0.00077990990943939821,0.0
David Johnson,TE,PIT,3.6765122621007209,4500.0,0.83841094929809035,0.10599182874932135,0.044337611240583517,0.008128817503848116,0.0013690759156785061,0.00045234492380788081,0.0013093723686704562,0.0
Levine Toilolo,TE,ATL,3.6709678702616624,4500.0,0.84506381881488635,0.10248390284240441,0.037358113219107807,0.0078557712757084553,0.0049562750733019734,0.00082182758897252322,0.0014602911856179826,0.0
Lee Smith,TE,OAK,3.4863043761044779,4500.0,0.8652860660598477,0.093385850054068534,0.03018277543053419,0.0066019634706323306,0.0018607141547307324,0.00078424874751341096,0.0018983820826726045,0.0
Garrett Celek,TE,SF,3.4155669311361869,4500.0,0.87962436208484329,0.079770879444205189,0.028097819401962022,0.0073702613679144623,0.002966294641321809,0.0006243897188823917,0.0015459933408715669,0.0
Brandon Myers,TE,TB,3.4132472802704461,4600.0,0.8816220791215319,0.078703589884645569,0.026646375140058506,0.006966024809219166,0.0034111987207307505,0.00074634235069633752,0.0019043899731176286,0.0
Niles Paul,TE,WAS,3.3802306150992076,4600.0,0.88465061417371571,0.076999705228626231,0.026324102779695165,0.007887610572007573,0.0011649052170030069,0.00083276236026706165,0.002140299668685358,0.0
Troy Niklas,TE,ARI,3.3498581893031405,4500.0,0.8847513140420441,0.082052266178298749,0.022794161469479997,0.0044578846813642728,0.0034445600503230016,0.00071308917480184637,0.0017867244036884706,0.0
Jim Dray,TE,BUF,3.2931152707354823,4500.0,0.90742479404113985,0.055377870801272808,0.026067067795960533,0.0047505020995000594,0.0014653621157472891,0.00063035163937097199,0.0042840515070089501,0.0
Clay Harbor,TE,DET,3.2761280387780891,4500.0,0.90150920109697119,0.067002830122477833,0.021530663400039701,0.0042286931966909018,0.0015109352399962151,0.00065551323457437938,0.0035621637092508622,0.0
Tyler Higbee,TE,LARM,3.2522080768580621,4500.0,0.87929568738084141,0.10164748191059869,0.013142432197873139,0.0041190066525466527,0.00043766643966975137,0.00028242124740775638,0.0010753041710630036,0.0
Blake Bell,TE,SF,3.2388488974692615,4500.0,0.89616095568859588,0.075234713096826361,0.019640566363064792,0.0065240017060727643,0.00068464329513371247,0.00030994910323548072,0.0014451707470716118,0.0
C.J. Fiedorowicz,TE,HOU,3.2331784061662368,4500.0,0.90110440866021613,0.066540866603695542,0.024050996987535666,0.0050787258427758752,0.0014252196450478304,0.00042854676585284585,0.0013712354948764889,0.0
Gavin Escobar,TE,DAL,3.1857799719195747,4500.0,0.91939792128813957,0.055533224374242407,0.015616495265441328,0.0024250819548986375,0.00060230407414908044,0.0007046716418957949,0.0057203014012336085,0.0
Phillip Supernaw,TE,TEN,3.1107424967810502,4500.0,0.91647171609478939,0.058905898493021698,0.018101686643836792,0.0035249468829400307,0.00086198606240920532,0.00056869011497587079,0.0015650757080274403,0.0
Hunter Henry,TE,SD,3.1094441981100154,4500.0,0.91896555301104377,0.055275220590929978,0.018443665686407318,0.0044759738757531847,0.00062897655450850016,0.00039100467723574792,0.001819605604120988,0.0
Kellen Davis,TE,NYJ,3.0686352818269702,4500.0,0.92274894533862695,0.05399950839889165,0.017534208657043651,0.0029367019060116089,0.00063535406321749458,0.00042448130256486741,0.0017208003336439844,0.0
Justin Perillo,TE,GB,3.0467793445718785,4500.0,0.92589371907334717,0.054070469579990253,0.013719115309414952,0.0029251704865218752,0.00068387030692528775,0.00084238870427936889,0.0018652665395217829,0.0
Khari Lee,TE,DET,3.041732393678509,4500.0,0.92470156536025583,0.056421346600241187,0.013519961945536415,0.0020802730091040718,0.00065324144518833698,0.00068136814770874076,0.0019422434919658964,0.0
Anthony Fasano,TE,TEN,3.0363280533079653,4500.0,0.92697736896631344,0.05272622113385679,0.014695347126118885,0.0023381291280008465,0.00097007522951927439,0.0004330484878831615,0.0018598099283081366,0.0
Jace Amaro,TE,TEN,3.0199376264305662,4500.0,0.92865887092508315,0.052265676986538834,0.013759998467012029,0.0022312989059830434,0.00065407386392867797,0.00060257756171419813,0.0018275032897407844,0.0
Marqueis Gray,TE,MIA,3.0164500395768568,4500.0,0.9267654219146042,0.055317195463645587,0.013073058201590916,0.0021628838893485406,0.00057346331556276241,0.00043844052057875438,0.001669536694669724,0.0
Cole Wick,TE,DET,3.0089164193573512,4500.0,0.9302525829848648,0.049455201164402628,0.015045269238868168,0.0027539534678429484,0.0005724361688269643,0.00053178745884654012,0.0013887695163479813,0.0
Logan Paulsen,TE,CHI,3.0081806903157742,4500.0,0.9293710980093226,0.052081515715316384,0.013383935723504499,0.0024328719919126307,0.00060133027007809375,0.00050486669290032921,0.0016243815969657369,0.0
John Phillips,TE,NO,3.0019579236985936,0.0,0.93130764098209129,0.050297428144139726,0.013250328544502398,0.002202171632029442,0.00055363477966016131,0.00050315198160585267,0.0018856439359716483,0.0
Ross Travis,TE,KC,2.9998519479174477,0.0,0.93134182014528233,0.050412090160442034,0.013187366288583434,0.0021636560828060631,0.00055165553637480857,0.00049746677357565103,0.0018459450129361132,0.0
Jeff Heuerman,TE,DEN,2.9913746749932359,4500.0,0.93268409086885107,0.049168926339487037,0.013082067501267933,0.0022032601877701855,0.00060559174346063024,0.00050312381006178519,0.0017529395491018612,0.0
Brandon Bostick,TE,NYJ,2.9900911913195172,4500.0,0.93080616892762646,0.051331971643489051,0.013365838868550304,0.0020786579074499397,0.00053882198387210931,0.00043145808206900265,0.0014470825869431624,0.0
Asante Cleveland,TE,SD,2.9861902424135653,4500.0,0.93321911674795399,0.048741110958306952,0.013123468160546384,0.0021432300379466279,0.00058145638904988535,0.00050068637133619234,0.0016909313348604223,0.0
Ed Dickson,TE,CAR,2.9839275881222607,4500.0,0.9327562956120371,0.049608895797124117,0.012762539513646457,0.0022922406489914826,0.00051140721015477495,0.0004778972699066062,0.0015907239481397408,0.0
Rhett Ellison,TE,MIN,2.9835766367038636,4500.0,0.934115190299729,0.046818405428848776,0.014306102132960328,0.002141417263647086,0.00055467396967817824,0.00051706727136269605,0.0015471436337746948,0.0
James O'Shaughnessy,TE,KC,2.9800592142254296,4500.0,0.93348110839339149,0.048898118317451986,0.012875671371280723,0.0021195390921996153,0.00053336512396096199,0.0004859873656813879,0.0016062103360342502,0.0
Sean McGrath,TE,SD,2.9721713411628516,4500.0,0.93486679273692774,0.047850768106121926,0.012551223488816796,0.0020485654116078563,0.0005604065676903903,0.00046723555613382457,0.0016550081327016046,0.0
Brandon Williams,TE,SEA,2.9658899730511972,4500.0,0.93640556008393783,0.04613317032330487,0.012507165856402836,0.0022217127571362702,0.00068448635532067999,0.00045598078259782176,0.0015919238412997218,0.0
Scott Simonson,TE,CAR,2.9533277234697994,4500.0,0.93750281016655035,0.045701149637471981,0.012249333122283644,0.0020636231090517044,0.00047865330293243575,0.00044570201872143377,0.0015587286429889745,0.0
