name,pos,team,expectation,salary,prob_0_5,prob_5_10,prob_10_15,prob_15_20,prob_20_25,prob_25_30,prob_30+
Aaron Rodgers,QB,GB,33.940051530905443,8900.0,6.7707387583524771e-05,0.00083096989529479119,0.037148091824100414,0.004896442192044854,0.0030658768867795803,0.010007072185292719,0.94398383962890409
Marcus Mariota,QB,TEN,31.19276040024355,7700.0,3.0914704405960938e-06,0.00013517678799744172,0.10048558229680683,0.011932146782320817,0.00070367886400778557,0.17665168121711189,0.71008864258131466
Tyrod Taylor,QB,BUF,26.187737547782163,7300.0,0.00085517625106839874,0.012346320737604007,0.085557955598491178,0.33044775717885971,0.014948318958182312,0.073360222026750979,0.48248424924904343
Philip Rivers,QB,SD,23.685423331559207,8000.0,0.0046172351342328739,0.035069585626990543,0.14796629696488453,0.045131405825607922,0.11001302086978504,0.62745318364075175,0.029749271937747485
Matt Ryan,QB,ATL,22.782510775869557,8500.0,0.00051837186872345212,0.039843110142709817,0.16725681831401601,0.040231595422182888,0.21342542933445408,0.5293076547784229,0.0094170201394907799
Andrew Luck,QB,IND,21.306306307896861,8700.0,1.4550228987760248e-05,0.01054829207261237,0.32307697475141112,0.039157592121342712,0.14954813123559302,0.47724017909187205,0.00041428049818103565
Blaine Gabbert,QB,SF,21.134164230623597,6000.0,0.00061395956678656329,0.19067823120836119,0.15167327176786705,0.15175454946109948,0.040434723356839418,0.27045912705588843,0.19438613758315784
Derek Carr,QB,OAK,20.970563769421389,8100.0,0.010381116485034614,0.039397169725819761,0.1919568319667973,0.21134847948318197,0.18345820444354824,0.30636974821359564,0.057088449682022466
Kirk Cousins,QB,WAS,20.952461689307274,7200.0,0.003419728144893097,0.019961454201471589,0.04345009075079731,0.56351303536194108,0.14877951917125423,0.09181440067675313,0.12906177169288965
Blake Bortles,QB,JAC,20.406528887854254,7900.0,0.00057856656471615251,0.028881697139571172,0.062177600180161142,0.52366212786782707,0.21257443220014088,0.074687651094919927,0.097437924952663457
Dak Prescott,QB,DAL,19.616138644989967,7100.0,0.00039638973889111542,0.26084524828382272,0.090695873617114925,0.086269794264692959,0.089427622979479524,0.47060140232403203,0.0017636687919666712
Jameis Winston,QB,TB,19.466392683569111,7600.0,0.049491744020176989,0.1909608872737526,0.07133423745377708,0.19771593016213626,0.24768415197712099,0.068346695398075127,0.17446635371496105
Ryan Tannehill,QB,MIA,19.143507140973529,7400.0,0.0030699073695396326,0.053586062323426928,0.19919591724895133,0.29585943960752692,0.34015425316376924,0.049563687978927122,0.058570732307858898
Andy Dalton,QB,CIN,17.57203702014403,7500.0,6.2596812127434728e-05,0.13060242478921053,0.50444969441532483,0.032963170341148866,0.0030347761080950606,0.24926047934565793,0.07962685818843529
Ben Roethlisberger,QB,PIT,17.49823716897955,8400.0,0.0030471793414897867,0.068043254302982428,0.53209046309490615,0.13785968397761669,0.082393559215002937,0.015605417287839136,0.16096044278016275
Drew Brees,QB,NO,17.445691327386047,9000.0,0.035396119471457835,0.025287241475316424,0.19387122799940895,0.44552035700438519,0.27679394314109906,0.011986997652424924,0.011144113255907577
Sam Bradford,QB,MIN,17.236257448492061,6600.0,0.14568408766501967,0.0056659797004359087,0.0023175131261368295,0.72807277041254215,0.0061248235404114523,0.00042899184268063863,0.11170583371277343
Eli Manning,QB,NYG,16.817330039153909,7700.0,0.10054336478287941,0.040218447029700892,0.094079560915353064,0.42823404165499562,0.33502338941461479,0.0013766793126907787,0.00052451688976543032
Ryan Fitzpatrick,QB,NYJ,15.623791448388392,7300.0,0.010704162526505601,0.21378233315681519,0.21588095196732415,0.33251723369955988,0.18077431930513704,0.028434280982193257,0.017906718362464807
Cody Kessler,QB,CLE,15.227732585314715,6000.0,0.046747808444585585,0.21504401852234756,0.18571933035890889,0.35192262510247035,0.12929853797971433,0.051425404500877313,0.019842275091095807
Trevor Siemian,QB,DEN,14.833041390916559,6700.0,0.00013718395977658192,0.45179860900631008,0.13941781726583483,0.086221722467798745,0.1350769570451317,0.18717271839803523,0.00017499185711278026
Jacoby Brissett,QB,NE,14.382393633599692,6200.0,0.013751764825636597,0.51402767370457947,0.021867567678284832,0.22091942775064877,0.047560234392301531,0.14430663925195411,0.037566692396594811
Cam Newton,QB,CAR,14.215267971445828,9200.0,0.020457290833404446,0.24732584715018949,0.30449525458394772,0.30419682305802503,0.086738387349150528,0.0079455741759571208,0.028840822849325782
Trevone Boykin,QB,SEA,12.532658015043172,5000.0,0.028356630199758263,0.56667649366501083,0.035917074253749667,0.22660923328972293,0.057632094042841635,0.062393466514913266,0.02241500803400347
Derek Anderson,QB,CAR,12.468049614497918,5000.0,0.28620306936937978,0.24472507527008802,0.11106977104548399,0.13960598866897272,0.03422339128295436,0.15072586930699663,0.033446835056124474
Russell Wilson,QB,SEA,11.921938119523752,8700.0,0.17905872968399333,0.39031725579676285,0.047220643146747662,0.14089996845267169,0.23563939801476125,0.0068296316569861548,3.4373248077097172e-05
Carson Wentz,QB,PHI,11.59975967525158,7200.0,0.00026240101452374223,0.70377530548026823,0.05868210061538142,0.068306542923755556,0.051259845854281151,0.11752420705049309,0.00018959706129664252
Carson Palmer,QB,ARI,11.090651814424822,8200.0,0.10267020521291848,0.57696902935270233,0.015398302612637771,0.11348642786605595,0.18747570370121866,0.0039996821667267618,6.4908774005109319e-07
Joe Webb,QB,CAR,11.012493407068359,5000.0,0.54458134475810505,0.011863542197865585,0.20098436631259367,0.03277066657956066,0.065562858284490627,0.0062926456160158732,0.13794457625136849
Joe Flacco,QB,BAL,10.362341209318584,7600.0,9.8854795455472527e-05,0.77705818472209542,0.085449360749546108,0.01553208663056844,0.031394546987191629,0.090465594630914109,1.3714842287303752e-06
Matthew Stafford,QB,DET,9.9924472079499917,8200.0,0.1939335870616172,0.50551530501741604,0.064393794924403211,0.085665553317181883,0.14529836892628095,0.0051737525520321502,1.963820106859135e-05
Brock Osweiler,QB,HOU,9.1054944175652466,7200.0,0.0050599715467846817,0.82989107876087675,0.034794520098273336,0.10067421361584766,0.028418077600038061,0.0010867241001569518,7.5414278022441474e-05
Alex Smith,QB,KC,8.2472034296679873,6800.0,0.60880871463587605,0.089064704165906533,0.015692797459197081,0.1234579515184273,0.15635810802464983,0.0065540713854768083,6.3652810466384671e-05
Case Keenum,QB,LARM,8.1352999170764821,6700.0,0.0028599883759230374,0.91163075298768725,0.058935616794580668,0.010449877109425252,0.014754379480491945,0.0011401043660618304,0.00022928088583005617
Brian Hoyer,QB,CHI,4.1607033507925966,6000.0,0.86181779629924704,0.042430267210787513,0.00022483261736536261,0.092858574790147447,0.0026583010084691772,9.7821148062598227e-06,4.4595917704133503e-07
