name,pos,team,expectation,salary,prob_0_5,prob_5_10,prob_10_15,prob_15_20,prob_20_25,prob_25_30,prob_30+,label
Jay Ajayi,RB,MIA,21.451843107862786,7800.0,0.006962868273078739,0.076226950041075478,0.16687906598690253,0.2055382663538555,0.11599461537712502,0.32319882786943233,0.10519940609853047,5.0
DuJuan Harris,RB,SF,19.920463395134789,5200.0,0.043820497454679412,0.12088890108604586,0.18497097467088777,0.18907825630065053,0.11423903655245553,0.19096283806130931,0.15603949587397167,5.0
Ty Montgomery,RB,GB,18.96360546894412,6200.0,0.057578588578145226,0.1864634541400747,0.14196553984247881,0.1263738534807014,0.13401754947528385,0.26084786168066837,0.092753152802647745,5.0
Melvin Gordon,RB,SD,18.458565652984475,8300.0,0.00070703380083129487,0.075159561709470801,0.33463653189726972,0.15331862803416924,0.25249025415832188,0.14440555549500064,0.039282434904936332,2.0
Le'Veon Bell,RB,PIT,17.955644094979355,8100.0,0.089912667959474918,0.20622298157041116,0.1046697679628712,0.15073775186257177,0.12066621991503239,0.25996720232718529,0.067823408402453267,5.0
Darren Sproles,RB,PHI,17.450432428030926,5100.0,0.069924160904655849,0.12582845079491756,0.2046534708757439,0.21077220429816992,0.22235140064441844,0.099218769030678403,0.067251543451415957,4.0
Matt Forte,RB,NYJ,17.29416181680331,7100.0,0.026725829644517234,0.17760903240318873,0.19721244987957931,0.24795664827017316,0.20341804783735468,0.084500435156892512,0.062577556808294466,3.0
Tim Hightower,RB,NO,15.624211939127136,6200.0,0.062872855883563603,0.22989061203949204,0.25326194676279562,0.16540584699017366,0.14439904505289214,0.081659230122523366,0.062510463148559611,2.0
DeMarco Murray,RB,TEN,15.525595203639279,7400.0,0.038658062180681019,0.25902786229849944,0.22200641031226698,0.21201130095248619,0.15401525978812011,0.061895842164511945,0.052385262303434321,1.0
Jeremy Hill,RB,CIN,14.685319255612603,6100.0,0.05297223285151606,0.11687053678432052,0.47239356806137883,0.1611566269296727,0.13993905506949811,0.024107863216705772,0.032560117086908105,2.0
Jordan Howard,RB,CHI,14.560281219510635,6900.0,0.094427813669968261,0.095526045788248748,0.38708418695336955,0.25937481895783704,0.10757105613719764,0.020100911614749552,0.035915166878629168,2.0
Mark Ingram,RB,NO,14.494756404328292,6300.0,0.085998130665571659,0.24687226737877482,0.28129733336711155,0.13656306525741166,0.14093867444131231,0.058738656379093826,0.049591872510724166,2.0
Paul Perkins,RB,NYG,13.921901004296219,4500.0,0.28761118908276628,0.17594570359900844,0.14433433105912921,0.11781882377173497,0.069799027711962558,0.094718505374112943,0.10977241940128571,0.0
Todd Gurley,RB,LARM,13.861630856308617,7000.0,0.23906414423857075,0.2490921066712426,0.12217452362686043,0.13751089750307163,0.050940173496108833,0.096884248782559329,0.10433390568158656,1.0
Devonta Freeman,RB,ATL,13.854217596656756,7000.0,0.1039014712271089,0.34337449986989849,0.2017055447775751,0.098919085068322171,0.13295152453695108,0.052644405218270088,0.066503469301874035,1.0
Rashad Jennings,RB,NYG,13.528493717399222,5600.0,0.2892890686435452,0.18594184427172977,0.15195464837808348,0.11446961991317491,0.064194956519119592,0.097543458764874413,0.096606403509472735,0.0
Isaiah Crowell,RB,CLE,13.309861397108477,6000.0,0.2889314122242595,0.22714488879142947,0.16458613145297385,0.075932193191133313,0.059954705053357017,0.036259748284675833,0.14719092100217096,0.0
Duke Johnson,RB,CLE,13.22057833387897,5100.0,0.32109901156192872,0.20290355602706614,0.13305864401581929,0.079101028628226461,0.074659334256031343,0.060336910675163488,0.12884151483576423,0.0
Chris Thompson,RB,WAS,12.930887074004977,4900.0,0.19910156412458993,0.11902342992308694,0.38620665879340493,0.10711355078693208,0.11785464528037411,0.038379698857780913,0.032320452233830968,2.0
Damien Williams,RB,MIA,12.55736290116482,4500.0,0.4092869736810314,0.14696274410080173,0.10807066099479258,0.084764605541450294,0.040381674001856979,0.090612479606424823,0.11992086207364221,0.0
Alfred Blue,RB,HOU,12.493061903285634,4500.0,0.24418704740833544,0.14317296106892038,0.2834799711368014,0.14975098181229587,0.11818873934576328,0.020973580324387963,0.0402467189034958,2.0
Chris Ivory,RB,JAC,12.333698708923931,5200.0,0.2083849260055895,0.26108139082887027,0.25453713863559957,0.09964894297870748,0.083170235868916767,0.027131050441419568,0.066046315240896838,1.0
LeGarrette Blount,RB,NE,11.879870832726779,6400.0,0.20366821792144688,0.10413472920777915,0.45191838315235644,0.14387771879055217,0.071772947928474523,0.007202864365820961,0.017425138633569877,2.0
David Johnson,RB,ARI,11.514461538877178,9400.0,0.32266203847696706,0.12667122100976466,0.20749842028541349,0.15738620362460146,0.16026543741651206,0.011903019372550143,0.013613659814190954,0.0
Rob Kelley,RB,WAS,11.480164284671421,5300.0,0.2719340036508579,0.11132592853041623,0.39709905031614129,0.093404048495900519,0.073708176316848728,0.017315450311626811,0.035213342378208515,2.0
Bilal Powell,RB,NYJ,11.341870619227828,5400.0,0.38353451382692677,0.19056687096567296,0.10920687722354998,0.13127895311146398,0.077468686017290858,0.030636498352588557,0.077307600502506846,0.0
Giovani Bernard,RB,CIN,10.970666938503484,5900.0,0.29295446758362303,0.17258027860945294,0.30225034669961715,0.10173853835161088,0.085933102093358055,0.014284560694301408,0.030258705968036592,2.0
Derrick Henry,RB,TEN,10.961481462663354,5300.0,0.34084123684310913,0.16490224625093761,0.20744212453090879,0.13940475385533063,0.089682036373130561,0.026441349194260343,0.031286252952323075,0.0
Akeem Hunt,RB,HOU,10.761911229576361,4500.0,0.44866670531301167,0.16308900716626507,0.12499699289038047,0.073231216012078881,0.056534004752842988,0.049442596136399314,0.084039477729021678,0.0
Mike James,RB,TB,10.451100198554466,4800.0,0.47356715002755889,0.16415039063857556,0.11010235757264783,0.063356170729028646,0.060272506322335766,0.04058524277563616,0.087966181934217264,0.0
Benny Cunningham,RB,LARM,10.395001270558094,4500.0,0.47439042758414901,0.19053173858364073,0.074531215337157314,0.083796981017763478,0.035724185753195636,0.047698024946012489,0.093327426778081257,0.0
Roosevelt Nix,RB,PIT,10.148698917824523,4500.0,0.45757856517632095,0.13981175092620524,0.13402101067827688,0.10931535761854633,0.071165515040759936,0.042281883583881637,0.045825916976009039,0.0
Paul Lasike,RB,CHI,10.003997400714708,4500.0,0.4988029120834902,0.15366590011182527,0.10413742695763165,0.066051592458121769,0.058406206119876895,0.04400308699124799,0.074932875277806177,0.0
Jonathan Stewart,RB,CAR,9.918304678464656,6800.0,0.37678778813024316,0.35632455474434499,0.070049515206701773,0.041004768928911813,0.043271466730290871,0.02701014257300989,0.085551763686497598,0.0
Matt Asiata,RB,MIN,9.8167885461426287,5800.0,0.38931547229351315,0.23517349782727362,0.14853444480087283,0.094629796305156291,0.068166681183438355,0.028407660788708409,0.035772446801037236,0.0
Kenneth Dixon,RB,BAL,9.6784452612939749,4600.0,0.55141876229952769,0.13141550748625705,0.062538012419009525,0.07816232571983335,0.036645463578903026,0.073800564511763325,0.066019363984706189,0.0
Peyton Barber,RB,TB,9.6773633639118479,5700.0,0.40017472301360091,0.27142538975996616,0.13984729430008225,0.048129589823762725,0.05261829274759651,0.027493242231253493,0.060311468123738041,0.0
Shaun Draughn,RB,SF,9.4931822814988109,4800.0,0.56323871648546631,0.13337391742355389,0.082240201290383425,0.05517884964745487,0.0250345945049733,0.05397464991993918,0.086959070728228893,0.0
Terron Ward,RB,ATL,9.2184552813403648,5200.0,0.5255346316226468,0.22231381296712041,0.053265237768198484,0.032382561292035004,0.044187271119689578,0.036071436391546974,0.086245048838762689,0.0
Charcandrick West,RB,KC,9.1258010404887049,6000.0,0.4215991604769716,0.27179092354680684,0.11744423490787156,0.06699143052385674,0.054883629941053093,0.026278020348634617,0.041012600254805451,0.0
Devontae Booker,RB,DEN,9.1149380291649269,7800.0,0.36592924790113557,0.34922243690481958,0.099512286306025807,0.083641037326484022,0.041394130196952185,0.022476423547290611,0.037824437817292354,0.0
Ka'Deem Carey,RB,CHI,8.9984802116032299,4500.0,0.51460275764749841,0.11499947623318887,0.17318933057135211,0.089874547486396367,0.043204414364198765,0.013976649336071472,0.050152824361294014,0.0
Lorenzo Taliaferro,RB,BAL,8.9613549942168493,4500.0,0.59954843390162971,0.1192569223621036,0.053596128567819305,0.064823073352994837,0.032545905064240106,0.07021533990213219,0.060014196849080298,0.0
James Starks,RB,GB,8.9297509036268465,5300.0,0.58292934113984574,0.11682229866112519,0.08711628094588092,0.055564776190462913,0.055825531927065651,0.037615098992464534,0.064126672143155122,0.0
Lamar Miller,RB,HOU,8.9026787473548961,7500.0,0.43910753429573662,0.11853018842058581,0.27991872317389016,0.085771375658204044,0.058989503580079379,0.0040276088380613913,0.013655066033442492,0.0
Ezekiel Elliott,RB,DAL,8.7896164165502206,8900.0,0.43809840059961169,0.33998335983084077,0.050581850630839462,0.032078323821875372,0.046240271169410388,0.046023663055992453,0.04699413089142989,0.0
C.J. Prosise,RB,SEA,8.771908867496208,4700.0,0.51744766419378696,0.20931811694651606,0.066034131264152057,0.067526014210744778,0.06108518354985696,0.029834111156247557,0.048754778678695612,0.0
Fitzgerald Toussaint,RB,PIT,8.7652477059159182,4500.0,0.57931309395436781,0.15225791524434659,0.048900862833605792,0.062904722126656806,0.0486404482083964,0.054783522369335813,0.053199435263290795,0.0
T.J. Yeldon,RB,JAC,8.7050006947479837,5500.0,0.45287741886607263,0.24622094469056569,0.13370259578890464,0.060564209089733874,0.049046673748299373,0.016552230258620342,0.041035927557803269,0.0
Kyle Juszczyk,RB,BAL,8.5768912187266437,4500.0,0.62101753448305219,0.11538079382609327,0.050453132367207026,0.061841666384691733,0.030341007494697148,0.062717312890482851,0.058248552553775881,0.0
Alfred Morris,RB,DAL,8.5158289510310468,4500.0,0.55621439849169496,0.20550232835529766,0.061208100669862035,0.033437882645679345,0.039022996314290542,0.04076752038910119,0.063846773134074081,0.0
Spencer Ware,RB,KC,8.4329135263159003,7300.0,0.45665283944922436,0.14582055392191906,0.25708966018180823,0.066994538734161474,0.056391410198729341,0.0071986065745207163,0.0098523909396368067,0.0
Ryan Mathews,RB,PHI,8.3745644495263321,5500.0,0.56568215055926874,0.14417427113214437,0.094566931234721957,0.066497945362800154,0.063644405238237653,0.025193085207366232,0.040241211265460868,0.0
Terrance West,RB,BAL,8.2485834623910659,6500.0,0.61663618943632836,0.13224877684860453,0.05388201291005465,0.063815381930201767,0.026357144971809882,0.055376030825233916,0.051684463077766939,0.0
Javorius Allen,RB,BAL,7.9859261204027412,4600.0,0.65264647203665249,0.1090357666847588,0.047161086715887708,0.057426194547562731,0.026571084765278603,0.054181138575917866,0.052978256673941883,0.0
Bobby Rainey,RB,NYG,7.9212084296417089,4500.0,0.63546839758559504,0.12452959304335044,0.068732965777461019,0.050312578835421472,0.025277713090063342,0.034476208919436174,0.061202542748672435,0.0
Orleans Darkwa,RB,NYG,7.8854992196098017,4500.0,0.63831945418023894,0.12402545850334197,0.067668609232444138,0.049215196015706404,0.025083952303778495,0.03480791585179184,0.060879413912698147,0.0
Lance Dunbar,RB,DAL,7.637846889464031,4500.0,0.66595680273512359,0.13900069682778471,0.029530380912585748,0.0249279056025206,0.031004838879647764,0.054374060574331431,0.055205314468006181,0.0
Ronnie Hillman,RB,SD,7.5907838504467149,4500.0,0.59552132382856704,0.18400366180735492,0.090530224904839279,0.027389282612632106,0.027501866109636747,0.017954212396292839,0.057099428340677195,0.0
Jerick McKinnon,RB,MIN,7.4154752996220132,5700.0,0.64066270159012484,0.13966175159313898,0.066279484414548839,0.053289589381086279,0.022255984321068623,0.029364361650385837,0.04848612704964668,0.0
C.J. Spiller,RB,NYJ,7.4092072161779541,4500.0,0.67355042730677162,0.13954235995212635,0.035749442875801347,0.029783113163139842,0.017304668754483502,0.04281515909026317,0.061254828857414227,0.0
Kenyan Drake,RB,MIA,7.1104365808756365,4500.0,0.71081707400677041,0.097496848413180001,0.048398326853799856,0.033654830140164467,0.014464211199365758,0.033082754784856831,0.062085954601862621,0.0
Kapri Bibbs,RB,DEN,7.0061020179033848,4600.0,0.58519187019341001,0.22864182006992315,0.064432133444456655,0.048909124950815147,0.023353023230895893,0.011995555914956303,0.037476472195543023,0.0
Andre Ellington,RB,ARI,6.9681535677074136,4500.0,0.66781031335009466,0.10292009244026556,0.07504960299814864,0.060663531843461557,0.051889390299821828,0.013181793712067909,0.028485275356139775,0.0
Aaron Ripkowski,RB,GB,6.9632498344478524,4700.0,0.62806200670853218,0.17276539905677249,0.070521112480685766,0.039466520580185183,0.038328205731469195,0.015625968113543085,0.035230787328812102,0.0
Doug Martin,RB,TB,6.8216297314973353,6500.0,0.69140818458983422,0.1092979049805137,0.071782555992364716,0.033116555597096094,0.029529225964479652,0.018419910004738655,0.046445662870972883,0.0
Alex Collins,RB,SEA,6.7424130009444063,4500.0,0.69974617586850951,0.12902954484083567,0.046240587994119821,0.033248731307837599,0.016852436678521675,0.017946975195957362,0.056935548114218408,0.0
Malcolm Brown,RB,LARM,6.5160722507936413,4500.0,0.71177906832658688,0.12749971723504439,0.038088278818954976,0.037959994051445838,0.014417243632727214,0.019115211985690952,0.051140485949549695,0.0
Chase Reynolds,RB,LARM,6.4722554210839203,4500.0,0.71507071152220747,0.12609057103081858,0.037584569116401324,0.037454025747191137,0.014209835971317841,0.018897939434730959,0.050692347177332821,0.0
Carlos Hyde,RB,SF,6.3891878273299865,6800.0,0.71375202703124307,0.10422201979460151,0.071342000004690417,0.033301895321021235,0.020025122875303492,0.014596472751783595,0.042760462221356807,0.0
Stepfan Taylor,RB,ARI,6.2058977075237909,4500.0,0.7223156560003402,0.087691408302112084,0.068409280621866034,0.046924589387573892,0.038272955876229552,0.0091371556572897184,0.027248954154588528,0.0
Kerwynn Williams,RB,ARI,6.2058977075237909,4500.0,0.7223156560003402,0.087691408302112084,0.068409280621866034,0.046924589387573892,0.038272955876229552,0.0091371556572897184,0.027248954154588528,0.0
Rex Burkhead,RB,CIN,6.0941300559976748,4500.0,0.69098319999677005,0.11604991784771343,0.10231756640437968,0.031476936016788512,0.027738698794653561,0.0077090458626215205,0.023724635077073061,0.0
Tyler Ervin,RB,HOU,5.9994289673591359,4500.0,0.70424389457294023,0.095970762299848231,0.10279810036019243,0.040486842317805694,0.032642865702920042,0.0058580901096073621,0.017999444636686165,0.0
Jay Prosch,RB,HOU,5.7639312108316547,4500.0,0.72322621439362345,0.091609221833810317,0.094825470069047638,0.038176400993745307,0.029759111430915738,0.0051085645486990249,0.017295016730158676,0.0
Wendell Smallwood,RB,PHI,5.6396640417271025,4600.0,0.76578773625389662,0.08842480498007968,0.045569483489156036,0.032846906362248733,0.028452515782637269,0.011301560792097921,0.027616992339883666,0.0
Kenneth Farrow,RB,SD,5.538761086485156,4500.0,0.7467561006318777,0.12664952837969112,0.054926683583296318,0.014197524168597084,0.012914741549181742,0.0084083052797239537,0.036147116407632233,0.0
Antonio Andrews,RB,TEN,5.2602887752617082,4500.0,0.75913738106737716,0.13328532399855708,0.03071310478730253,0.023424351082182812,0.01752477343984158,0.010982568058358792,0.024932497566380114,0.0
James White,RB,NE,5.1340712878002446,5400.0,0.7571117219126331,0.065813682013255978,0.11906738421659087,0.031023343950812021,0.016680176010980142,0.0025992840699841954,0.0077044078257436366,0.0
Patrick DiMarco,RB,ATL,5.1205469429808179,4500.0,0.76603652246957188,0.13488329514554029,0.035466113909940575,0.014105746465652267,0.014635972893357869,0.0061583563954921393,0.028713992720445083,0.0
Jeremy Langford,RB,CHI,5.0540104298497361,4900.0,0.78376896973779686,0.1025297172924708,0.046956716660964189,0.019838532476935063,0.016316456913873532,0.0061699564649924715,0.024419650452967106,0.0
Mike Tolbert,RB,CAR,5.0017783622278387,4500.0,0.7930911378566825,0.12599341565216862,0.019790043757109049,0.0091348176024747801,0.0086837288512571741,0.0059011765035155636,0.03740567977679235,0.0
Ryan Hewitt,RB,CIN,4.9091985359265209,4500.0,0.78599118507389321,0.088940917299267577,0.06720208982936178,0.019878010194706284,0.01662355876164695,0.0043341385804674783,0.01703010026065677,0.0
Kenjon Barner,RB,PHI,4.8675313803512905,4800.0,0.81781663111771452,0.0748558070561018,0.033435677115446573,0.024148865666988626,0.020569264063618746,0.0083826305620127682,0.020791124418116709,0.0
Fozzy Whittaker,RB,CAR,4.7625373693742192,4600.0,0.80436623998345513,0.1245701531062325,0.016971103034938317,0.0082792274703793918,0.0081216403124025963,0.0055498423759075613,0.032141793716684373,0.0
Christine Michael,RB,GB,4.668925669973345,7000.0,0.76764847637140921,0.146375951588747,0.038302742356867939,0.016830957392049792,0.013952543591886477,0.0035199902635101189,0.013369338435529293,0.0
Jalston Fowler,RB,TEN,4.6147150415013929,4500.0,0.80977373787893869,0.11066415991645852,0.022657675031344693,0.017081583028115341,0.012521535743559584,0.0078839322318287868,0.019417376169754232,0.0
George Atkinson,RB,CLE,4.551507740104455,4500.0,0.86411115263070049,0.059088337564862849,0.024305405391144907,0.0068732924286589786,0.0042214723472969191,0.0026703830960732671,0.03872995654126267,0.0
John Kuhn,RB,NO,4.4966624133830644,4500.0,0.81081995468248891,0.10494227016541657,0.033503553555113023,0.016592657228982021,0.013669537782613315,0.0067607934809598147,0.013711233104426429,0.0
James Develin,RB,NE,4.4761932913632192,4500.0,0.82238731673865806,0.056055176388972061,0.074739133774468572,0.023303877320760894,0.011848078993982564,0.0022869617960038237,0.0093794549871542409,0.0
Brandon Bolden,RB,NE,4.4761932913632192,4500.0,0.82238731673865806,0.056055176388972061,0.074739133774468572,0.023303877320760894,0.011848078993982564,0.0022869617960038237,0.0093794549871542409,0.0
Derek Watt,RB,SD,4.3816613939203011,4500.0,0.82205479555108907,0.10861435858417633,0.025096263558215665,0.0096155837642142774,0.0098565650561365462,0.0078022907292197522,0.016960142756948408,0.0
Will Tukuafu,RB,SEA,4.354956385858924,4500.0,0.85212124917200638,0.085513370431313088,0.014408793302373315,0.0083231890709112872,0.0075309014789026575,0.0047327203545511082,0.027369776189942293,0.0
Andy Janovich,RB,DEN,4.1942285745361207,4500.0,0.82378523581712426,0.11377399462648159,0.024562909842644459,0.014012595002347895,0.0064051407245305468,0.0034688354829159481,0.013991288503955111,0.0
Denard Robinson,RB,JAC,4.0684037904587091,4500.0,0.84903249047514073,0.087426113617691995,0.029533398441448047,0.0096525888566230018,0.0065199459240832588,0.0025201400850877968,0.01531532259992505,0.0
Travaris Cadet,RB,NO,4.0593668913198782,4500.0,0.84732491830957146,0.087695409548672693,0.027432659065041057,0.012336809479405277,0.0097590512664673043,0.0047776487128928079,0.010673503617949482,0.0
Anthony Sherman,RB,KC,3.8036417675976519,4500.0,0.86550492589631911,0.084299988855673469,0.021220871604441964,0.0093282207367989343,0.0068621640579339463,0.0030277230030483753,0.0097561058457843793,0.0
Knile Davis,RB,KC,3.7811659315351935,4900.0,0.86106457602245712,0.092917626076888957,0.01910273381027983,0.0084203829429530686,0.0064456924033811716,0.0028348351127029611,0.0092141536313371103,0.0
Zach Line,RB,MIN,3.5104629627600694,4500.0,0.90255131761009544,0.053727001025804431,0.020308601889530296,0.0084995858039365671,0.004841208804199925,0.0017233710088515966,0.0083489138575817811,0.0
