name,pos,team,expectation,salary,prob_0_5,prob_5_10,prob_10_15,prob_15_20,prob_20_25,prob_25_30,prob_30+,label
Ezekiel Elliott,RB,DAL,17.443405338857477,8900.0,0.048369473357684843,0.1684722454480595,0.18924597012428901,0.21185685639352636,0.20419649345584504,0.11114860590864858,0.066710355311946995,3.0
Devonta Freeman,RB,ATL,13.903150325828184,7000.0,0.11289581673439335,0.22868521065974867,0.2510846890043788,0.21749238770705809,0.10476844647577319,0.049835262498897921,0.03523818691974983,2.0
Melvin Gordon,RB,SD,13.861989573839223,8300.0,0.099105741405391121,0.20341719205742148,0.30509488549104058,0.23297070707243334,0.079466179258311939,0.051753534781547247,0.028191759933855025,2.0
DeMarco Murray,RB,TEN,13.652245408971075,7400.0,0.10455203924420139,0.22558742427081827,0.29418719284970613,0.19999534061374741,0.1033558558450753,0.044677420029664322,0.027644727146787559,2.0
Matt Forte,RB,NYJ,13.013593353397592,7100.0,0.1386683918428957,0.24174675211283819,0.24849692904991411,0.22774141335583037,0.075568792750433975,0.041384357583298476,0.026393363304789565,2.0
Tim Hightower,RB,NO,12.410904181846702,6200.0,0.20101049881543598,0.24827882574340829,0.22390017314034447,0.1583886754042737,0.097478251162919818,0.026740405858518307,0.044203169875100159,1.0
Mark Ingram,RB,NO,11.828080509560857,6300.0,0.18068365017969371,0.2808128413254688,0.23284427191605275,0.19320362743266167,0.059884862666371601,0.027830312218175418,0.024740434261576651,1.0
Le'Veon Bell,RB,PIT,11.216038257400962,8100.0,0.22291173495770542,0.25059699892638365,0.29172109621589076,0.1290682045716765,0.05322348733981333,0.021360139918469159,0.031118338070061376,2.0
Jay Ajayi,RB,MIA,11.189729018126684,7800.0,0.23591213951307119,0.2654552656043011,0.24939893954152517,0.11922144086426732,0.062014573035309134,0.049343083443983429,0.018654557997542998,1.0
Jonathan Stewart,RB,CAR,11.139705636424836,6800.0,0.21309227850517795,0.31407752026071734,0.22434639461840397,0.13240835991932728,0.061507757947278037,0.021850180419181915,0.032717508329913554,1.0
Christine Michael,RB,GB,10.914293044558363,7000.0,0.2627830189444737,0.27077246291525553,0.2079305061155301,0.14720463093763433,0.052928742350059385,0.02438525349239307,0.033995385244653974,1.0
Devontae Booker,RB,DEN,10.725860469524116,7800.0,0.24834903934660518,0.29011106840164547,0.20702450816629045,0.15924353911624115,0.046592131744665907,0.026336847410919271,0.022342865813632901,1.0
Ty Montgomery,RB,GB,9.870593573802898,6200.0,0.32524571671080527,0.24789800355746303,0.24296168130822876,0.087615834883277163,0.045498915082265279,0.023076554245987323,0.027703294211973772,0.0
Todd Gurley,RB,LARM,9.8662794870022719,7000.0,0.3278569646557884,0.21718448132859708,0.26921321970651463,0.10307212074808295,0.040692886485393487,0.018143371679031652,0.023836955396591818,0.0
Charcandrick West,RB,KC,9.8640389217263955,6000.0,0.25712969000817992,0.34643670411772587,0.22820196421672165,0.073119352779803887,0.059840701459848558,0.012012687066586649,0.02325890035113392,1.0
Matt Asiata,RB,MIN,9.5783892147992731,5800.0,0.31679761450838612,0.31049116541469557,0.18355971440213717,0.096012182093519693,0.05021132797543007,0.01989772058620114,0.023030275019630644,0.0
Isaiah Crowell,RB,CLE,9.154615324556163,6000.0,0.35274673532708162,0.29531964302771208,0.2028847206449117,0.05792688326499057,0.039469130546601679,0.025044638742831686,0.026608248445870768,0.0
Darren Sproles,RB,PHI,8.9958054634967137,5100.0,0.36160100964060582,0.30149180939350295,0.16802364041103554,0.085433514103794087,0.05086951532402087,0.006619948966309369,0.025960562160731667,0.0
Terrance West,RB,BAL,8.9925048064770419,6500.0,0.39407287768662258,0.24518520478773295,0.21320352475124221,0.068289824481968783,0.025543704504117457,0.019478132720826841,0.034226731067489274,0.0
David Johnson,RB,ARI,8.5332513464062938,9400.0,0.45710845733220795,0.24510072644458297,0.12382201815716387,0.083218141388353054,0.040090149641145587,0.016935207963231631,0.033725299073315132,0.0
Duke Johnson,RB,CLE,8.2817774137326854,5100.0,0.38003241130023807,0.36124312788813451,0.11260583475396746,0.075837851304893941,0.042679042317623525,0.0051601991087564776,0.022441533326386025,0.0
Rashad Jennings,RB,NYG,8.2147413979598145,5600.0,0.45262364738058863,0.21305349838007651,0.22441624109763314,0.046535169360846604,0.018625603357272136,0.015929056832201537,0.028816783591382133,0.0
T.J. Yeldon,RB,JAC,8.0183312034765919,5500.0,0.43769812394379992,0.2694832543096497,0.16117095601151638,0.069857521692840208,0.034444270745460054,0.0088378334176650621,0.018508039879069172,0.0
Jordan Howard,RB,CHI,7.9870879494597906,6900.0,0.46508424793688491,0.27467792151638293,0.11201972140796829,0.073504686165028768,0.034063441707358616,0.014861651997552613,0.025788329268823792,0.0
Lamar Miller,RB,HOU,7.9114359464417046,7500.0,0.50993032583034803,0.21534157677059251,0.12724497993274106,0.077920998889579679,0.023655464615566796,0.0095483021509062856,0.036358351810265914,0.0
DuJuan Harris,RB,SF,7.8697373658723224,5200.0,0.46512927072546767,0.223541749617439,0.19300364275447993,0.063315564469065153,0.026767347359780654,0.010795605185161308,0.017446819888606312,0.0
Peyton Barber,RB,TB,7.8339762813710614,5700.0,0.43934332201599718,0.28782655647478783,0.17127736765482016,0.045299478015639064,0.019014484264865586,0.01172970123125526,0.025509090342635075,0.0
Bilal Powell,RB,NYJ,7.80838649258666,5400.0,0.4527632315771411,0.2659360182305166,0.15728504507220409,0.069629385831804502,0.029740554315068238,0.0045844379596698187,0.020061327013595635,0.0
Chris Ivory,RB,JAC,7.6966360818483457,5200.0,0.44610390249595222,0.29536616565107698,0.15035397062859782,0.057268609821124826,0.01962424125063144,0.0069266006643429433,0.024356509488274065,0.0
Spencer Ware,RB,KC,7.4051577821322025,7300.0,0.56082735390160776,0.19956442373592073,0.11297361872666258,0.054883104194158497,0.025932525654316106,0.0071218997201474869,0.038697074067187233,0.0
Ryan Mathews,RB,PHI,7.3759847807268315,5500.0,0.54909103248134394,0.20648233299617186,0.11127870833955369,0.060777279364327412,0.037272504329703193,0.0089350500797051105,0.02616309240919484,0.0
LeGarrette Blount,RB,NE,7.0091320180242587,6400.0,0.58142477277295879,0.18144830432483633,0.13022416699202174,0.049727444999608399,0.02054259734848381,0.0063570648335889582,0.030275648728502517,0.0
Jeremy Hill,RB,CIN,6.9056926577310751,6100.0,0.55804901795328865,0.23112068996432858,0.10821604616830938,0.050691190650509484,0.016913176323433154,0.0091364940738987658,0.025873384866232654,0.0
Terron Ward,RB,ATL,6.7434085931140642,5200.0,0.59072387551775274,0.21781802212066897,0.092473899703263987,0.040775325525536185,0.020366682988243113,0.0025673822489605557,0.03527481189557418,0.0
Ronnie Hillman,RB,MIN,6.7388812473677815,4500.0,0.5627731378730858,0.22651423813205532,0.10888079819119184,0.062524541297418856,0.014475477810122869,0.002254575798964382,0.022577230897161103,0.0
Alfred Morris,RB,DAL,6.6162185403907383,4500.0,0.55943932645745675,0.22108416584736351,0.1466916628003376,0.031524543239503142,0.019285834160934542,0.0038498589638423209,0.01812460853056156,0.0
Giovani Bernard,RB,CIN,6.513204427531341,5900.0,0.61894296718693376,0.19787398090854816,0.085681110486407322,0.035490142623567526,0.026190888482275639,0.0071101434697615918,0.028710766842506483,0.0
C.J. Prosise,RB,SEA,6.3287216611009223,4700.0,0.62918952451367383,0.20655817247325406,0.076479574212754017,0.030013499471865792,0.021928581582688414,0.0029513491815969803,0.032879298564167103,0.0
Derrick Henry,RB,TEN,5.9232479412640435,5300.0,0.67848506216093052,0.15669004377289461,0.068886933433345135,0.042650382613681176,0.028359785868546386,0.0088235084539459111,0.016104283696656205,0.0
Carlos Hyde,RB,SF,5.9088676494383421,6800.0,0.73137664702437843,0.11079925140982305,0.078503450151534759,0.020258424320982498,0.0039581135470448045,0.01387805801792381,0.041226055528312357,0.0
Jerick McKinnon,RB,MIN,5.8976532644186923,5700.0,0.64973214662069811,0.18240550968166619,0.10103369486311005,0.023092094140539022,0.017706946807519379,0.0094925116252533928,0.016537096261213934,0.0
Rob Kelley,RB,WAS,5.6242118158987431,5300.0,0.65971365258938819,0.19712437079769971,0.06129211926191841,0.054236288399759296,0.01324313983659486,0.0027236399550688247,0.011666789159570845,0.0
Paul Perkins,RB,NYG,5.6158899681686201,4500.0,0.65913582358086809,0.19726378628715435,0.091858347457258113,0.018177658832663399,0.0093180213663365333,0.0048059370823070654,0.019440425393412543,0.0
Damien Williams,RB,MIA,5.5100894660021398,4500.0,0.75843632377144188,0.11805148709089273,0.050847595880172326,0.021768660307429195,0.0048466876683416447,0.0011610743851075008,0.044888170896615183,0.0
Kapri Bibbs,RB,DEN,5.4358278260817752,4600.0,0.69748120146746373,0.18945202109849471,0.040064521323193311,0.03748456062933303,0.0099238347020223251,0.0006164095275430888,0.02497745125194923,0.0
Wendell Smallwood,RB,PHI,5.2524102190558093,4600.0,0.74112073770512521,0.12259927443298801,0.074022231115527345,0.031131477440096051,0.0059647155491329394,0.00064343452736647364,0.024518129229764134,0.0
Doug Martin,RB,TB,5.1407383697240201,6500.0,0.77532113734002694,0.090426897913392021,0.076231814903796949,0.020073734967611379,0.002991422574570008,0.0094247992874748505,0.025530193013127665,0.0
Knile Davis,RB,KC,5.078322041456282,4900.0,0.72388238947324135,0.16194345352483067,0.06117546220967577,0.026077070610996254,0.0079135989496559363,0.0013784941932902246,0.017629531038309373,0.0
James White,RB,NE,5.0757408844654117,5400.0,0.76823594333895284,0.12067394739045514,0.0449437695430994,0.025739973525755133,0.012116413230026593,0.003322384931374156,0.024967568040336327,0.0
Kenneth Farrow,RB,SD,5.0547163263036392,4500.0,0.74312516271204498,0.14716456676031772,0.058137870215629273,0.021604664199239718,0.0037765237052433637,0.0017733399989647053,0.024417872408559395,0.0
Kenjon Barner,RB,PHI,4.9938338158719144,4800.0,0.74000188706148584,0.15989264244333978,0.049435449307591389,0.019281101676148927,0.007071805790395326,0.0027923635072759287,0.021524750213761955,0.0
Aaron Ripkowski,RB,GB,4.8153129333637761,4700.0,0.76393936793141903,0.13821888436793264,0.049425652722150007,0.019103527415256793,0.0058878163373934037,0.0047535558018878274,0.018671195423959942,0.0
Benny Cunningham,RB,LARM,4.7909750425853188,4500.0,0.77769687923683284,0.13438483728031145,0.040561360339327869,0.016507625965347075,0.0028290173099253082,0.00018887714753792825,0.027831402720717623,0.0
Chris Thompson,RB,WAS,4.5939640362263532,4900.0,0.80521977715917592,0.1055767860699999,0.039511394747353233,0.016472604624917158,0.011629443643151041,0.0013848774512725652,0.020205116304130119,0.0
Kenneth Dixon,RB,BAL,4.586284215853933,4600.0,0.77948450772635913,0.13957368267960116,0.039664047461371983,0.014246937426736531,0.0073391103154462718,0.0011588876744706331,0.018532826716014413,0.0
Mike James,RB,TB,4.2880413375735564,4800.0,0.82826997478955289,0.10956628579784758,0.025371343748070662,0.010222022207458123,0.0022976531189364225,0.00022004471684482107,0.024052675621288992,0.0
John Kuhn,RB,NO,4.2655116962027941,4500.0,0.81702124011274058,0.12251201910145919,0.029259439494649469,0.0070883807830175354,0.0022020349986313342,0.00030773133702866957,0.021609154172473725,0.0
Fozzy Whittaker,RB,CAR,4.2147206173778899,4600.0,0.81608138386864348,0.11442854505655967,0.036533456355162863,0.014927370321565693,0.0019276461690346317,0.0011362789472442118,0.014965319281790091,0.0
Kyle Juszczyk,RB,BAL,4.029000422981257,4500.0,0.8326233450493884,0.1284491486740244,0.011976060395004078,0.0053353246315153754,0.0010817824836406094,0.00027166045244452706,0.020262678313982714,0.0
Alfred Blue,RB,HOU,3.9513953196572964,4500.0,0.86861459704990185,0.064338975691757352,0.034998425718317051,0.012608059506879531,0.002964150353280578,0.00055345936653396969,0.015922332313328839,0.0
Derek Watt,RB,SD,3.8938628981111179,4500.0,0.82446674376768614,0.11984218440638529,0.034674017728283629,0.011020718232449737,0.0032694671984735647,0.00018820671044263249,0.0065386619562791248,0.0
James Starks,RB,GB,3.8786529583977822,5300.0,0.87622115596290095,0.067549041834186432,0.025535144057831586,0.009925715924911236,0.0023125471083416151,0.0012550951368496585,0.017201299974978244,0.0
Antonio Andrews,RB,TEN,3.8752748318705148,4500.0,0.88537225758236826,0.067588266091596877,0.015550915100996196,0.0067458625317035718,0.0016887967617231269,0.00031884474464753557,0.022735057186964999,0.0
Mike Tolbert,RB,CAR,3.7889704075843609,4500.0,0.87671889784023738,0.073842705642102671,0.023890602307441045,0.0069546936061184502,0.0018402192830583868,0.00063234351831968822,0.016120537802723059,0.0
Patrick DiMarco,RB,ATL,3.7157980540307012,4500.0,0.88737200329386035,0.06783846897049732,0.020937114307906811,0.0047540372466842199,0.0017460579217081123,0.00039299926185805574,0.016959318997485213,0.0
Kenyan Drake,RB,MIA,3.6647566500616109,4500.0,0.8895012506138652,0.067529160519603573,0.019820890756710802,0.0060332613668313499,0.0012260050128196959,0.00033648161238418722,0.015552950117785109,0.0
Jeremy Langford,RB,CHI,3.6460558828412233,4900.0,0.88344750624045909,0.071516153800867774,0.018927713272513441,0.011409494461777383,0.0038149822435102863,0.00026386067512468059,0.010620289305746702,0.0
Shaun Draughn,RB,SF,3.5434641754723408,4800.0,0.89809169067405503,0.061115545162404208,0.018601447942207035,0.0087194320647234237,0.0010510274651417033,0.00048238700109048331,0.011938469690378501,0.0
Travaris Cadet,RB,NO,3.5411534003535303,4500.0,0.91022586559862062,0.055461828311684003,0.011869833365727483,0.0041555838873566248,0.00072233778870990151,0.00033099973380273451,0.017233551314099042,0.0
Ka'Deem Carey,RB,CHI,3.5145456752535802,4500.0,0.90437000036387316,0.056249477906649067,0.019367546236957606,0.0049229536612905665,0.001767333933123369,0.00034073558927343164,0.012981952308833707,0.0
Andre Ellington,RB,ARI,3.4648167706516624,4500.0,0.90947917591930882,0.055903761724437034,0.014140236723425929,0.0049717725996018258,0.0025770513827402921,0.00031761006592382962,0.012610391584562687,0.0
Fitzgerald Toussaint,RB,PIT,3.4156484352859708,4500.0,0.91842872971970035,0.051315635175559662,0.011271882336607005,0.003484470481983764,0.00053624297135260093,0.00039190111274740793,0.014571138202049456,0.0
Alex Collins,RB,SEA,3.4036187917505942,4500.0,0.92870024185776556,0.040636728622477768,0.010751719732967119,0.0024953660065302257,0.00055436987098546949,0.00048014510140570552,0.016381428807868557,0.0
Malcolm Brown,RB,LARM,3.4021697011408638,4500.0,0.92415217715323561,0.046252401929657995,0.010298428749625218,0.0028738225537051033,0.0005043514812558275,0.00035100709883973129,0.015567811033681057,0.0
Lance Dunbar,RB,DAL,3.3834563896455698,4500.0,0.92286963561437396,0.04468166495085419,0.015320669764257406,0.0021116488687680617,0.00065658176975378528,0.00062112929568669073,0.013738669736306447,0.0
C.J. Spiller,RB,NYJ,3.3819951672142232,4500.0,0.92883145711995363,0.038682636387788835,0.01107639039042827,0.0062428465579952601,0.00042554300510419226,0.00045627861463149361,0.014284847924098362,0.0
Javorius Allen,RB,BAL,3.3662909507608045,4600.0,0.92827538145107646,0.040588492511151847,0.013115176666382606,0.0023818056600554559,0.00059336669906823181,0.00058472669861618144,0.014461050313649753,0.0
Paul Lasike,RB,CHI,3.3633426732150351,4500.0,0.93065765289652591,0.038740956608566676,0.012101599963295696,0.0023646633691635582,0.00053229588462505183,0.00061146589599583477,0.01499136538182751,0.0
Lorenzo Taliaferro,RB,BAL,3.3570880432538219,4500.0,0.93079977509345779,0.038551452419373619,0.012485415789362729,0.0022797237258935926,0.00051564074012147923,0.0005989059947622467,0.014769086237028802,0.0
Roosevelt Nix,RB,PIT,3.3437136400703409,4500.0,0.92955381413256111,0.041502197478990067,0.011087704875899093,0.0025126073862476129,0.00058637688843115752,0.00049376931690126404,0.014263529920970143,0.0
Orleans Darkwa,RB,NYG,3.3247003750566746,4500.0,0.93313949321103118,0.037890887869072416,0.011319140726393038,0.0024024264354171468,0.0004640839275608942,0.00049900015028947443,0.014284967680235983,0.0
Bobby Rainey,RB,NYG,3.3247003750566746,4500.0,0.93313949321103118,0.037890887869072416,0.011319140726393038,0.0024024264354171468,0.0004640839275608942,0.00049900015028947443,0.014284967680235983,0.0
Anthony Sherman,RB,KC,3.3230903112446764,4500.0,0.92965229004039218,0.041994862848533029,0.01150286350925836,0.0023069321374248339,0.00048555743572664353,0.00041284330640985574,0.013644650722254669,0.0
James Develin,RB,NE,3.320511770129166,4500.0,0.93032856552330467,0.041122838656240709,0.011457317440783456,0.0025310805960283181,0.00049310697779900603,0.0006245862994946526,0.013442504506349413,0.0
Brandon Bolden,RB,NE,3.320511770129166,4500.0,0.93032856552330467,0.041122838656240709,0.011457317440783456,0.0025310805960283181,0.00049310697779900603,0.0006245862994946526,0.013442504506349413,0.0
Akeem Hunt,RB,HOU,3.32046029407846,4500.0,0.93564036971803299,0.035987173057093036,0.010227765708910503,0.002441869020147436,0.00043358959656518469,0.00044041663403847472,0.014828816265212687,0.0
Jalston Fowler,RB,TEN,3.3145422549465775,4500.0,0.93182668340451513,0.038455061651114307,0.012284373099275846,0.0031485642517960562,0.00060927462405425275,0.00059495160802986293,0.013081091361214608,0.0
Will Tukuafu,RB,SEA,3.3117311160928713,4500.0,0.93104362254043183,0.040181028737214554,0.011942437559418612,0.0024749522052856946,0.00060857099997167156,0.0006332286520863708,0.013116159305591782,0.0
Chase Reynolds,RB,LARM,3.3097292133985698,4500.0,0.93546991249763667,0.036583107757156771,0.010211534940935197,0.0024600359474451277,0.00043370823193215446,0.00043088652746053451,0.014410814097433847,0.0
Rex Burkhead,RB,CIN,3.3082109243051483,4500.0,0.93120329917300237,0.040417458246587608,0.011483980615264297,0.0026737400587239775,0.00049287945889544096,0.00064809902450842813,0.013080543423018065,0.0
Ryan Hewitt,RB,CIN,3.3082109243051483,4500.0,0.93120329917300237,0.040417458246587608,0.011483980615264297,0.0026737400587239775,0.00049287945889544096,0.00064809902450842813,0.013080543423018065,0.0
Stepfan Taylor,RB,ARI,3.3063432876202326,4500.0,0.93223431495504427,0.038483863946019201,0.012666611682039058,0.0023498896621934082,0.00056262618043226927,0.00061074115141943508,0.013091952422852693,0.0
Kerwynn Williams,RB,ARI,3.3063432876202326,4500.0,0.93223431495504427,0.038483863946019201,0.012666611682039058,0.0023498896621934082,0.00056262618043226927,0.00061074115141943508,0.013091952422852693,0.0
Tyler Ervin,RB,HOU,3.2584601846834196,4500.0,0.93733837483218019,0.036024694620766191,0.010480128280154308,0.0024253157479389624,0.00045675384076049747,0.00045442617303345146,0.012820306505166613,0.0
Jay Prosch,RB,HOU,3.2584601846834196,4500.0,0.93733837483218019,0.036024694620766191,0.010480128280154308,0.0024253157479389624,0.00045675384076049747,0.00045442617303345146,0.012820306505166613,0.0
Andy Janovich,RB,DEN,3.258365823405529,4500.0,0.93567958844500598,0.037845900952645263,0.010616045381198154,0.0024372240885626763,0.00046948505244748115,0.00052056935355123909,0.012431186726589232,0.0
George Atkinson,RB,CLE,3.2243551259584144,4500.0,0.94679766546530841,0.027498098874527095,0.0089768622488162215,0.0021630556414827034,0.00048786176177214045,0.00034558413641411553,0.013730871871679382,0.0
Denard Robinson,RB,JAC,3.2147519221096079,4500.0,0.94145038519704582,0.032909374712255531,0.010277066044437943,0.002521982839395301,0.00037069845890858781,0.00041337839650051926,0.012057114351456491,0.0
Zach Line,RB,MIN,3.2011921698779098,4500.0,0.94298318802178172,0.031237321928190728,0.010994965714225405,0.0020275712773818494,0.00048985242524597519,0.00051139801988257436,0.011755702613292009,0.0
