name,pos,team,expectation,salary,prob_0_5,prob_5_10,prob_10_15,prob_15_20,prob_20_25,prob_25_30,prob_30+,label
DeMarco Murray,RB,TEN,14.415131590219671,7400.0,0.097744172778411242,0.22782055337615045,0.23986499847175738,0.217845961608194,0.12045007451179575,0.057096646864326001,0.039177592389365259,2.0
Devonta Freeman,RB,ATL,13.558190566330254,7000.0,0.12977155458890405,0.24556508883597217,0.23311551680060649,0.20431421862136989,0.097968498877536656,0.056798636891243662,0.03246648538436777,1.0
Melvin Gordon,RB,SD,13.139892787183431,8300.0,0.13448671139898422,0.24653385796669344,0.256302071531398,0.20464784462730079,0.078819150239356803,0.050164630645245942,0.029045733591021156,2.0
Matt Forte,RB,NYJ,12.7024884827102,7100.0,0.1434346867013124,0.28249288872544281,0.23631951567172754,0.18696729546321664,0.07521747809370373,0.045065934687468411,0.030502200657128501,1.0
Ezekiel Elliott,RB,DAL,12.441800466542281,8900.0,0.20687130057594014,0.24371943605683877,0.20750230062512995,0.16960987238801389,0.08914201296171817,0.050846410706595527,0.032308666685763918,1.0
Mark Ingram,RB,NO,11.430031962549981,6300.0,0.23418592730201318,0.24782810838286146,0.22169510412434107,0.17867453297770178,0.05997397551626274,0.037204474099355185,0.020437877597464668,1.0
Le'Veon Bell,RB,PIT,11.222335865215641,8100.0,0.26411635060034105,0.24664271989683692,0.22062421459562187,0.13877288881646982,0.061031858721784522,0.034098576853099423,0.03471339051584655,0.0
Tim Hightower,RB,NO,11.089132502105198,6200.0,0.27263840496393726,0.24436518023373874,0.2097553780846893,0.13789277777758288,0.079710466088648235,0.026810191469029205,0.028827601382374529,0.0
Jay Ajayi,RB,MIA,11.011206500630117,7800.0,0.27245953845693921,0.25619161971846266,0.20730830042578335,0.14079161442478649,0.05642619751540788,0.03399619684068822,0.032826532617932551,0.0
Devontae Booker,RB,DEN,10.183738239780499,7800.0,0.28873937542642858,0.29256624477373766,0.20260671859205825,0.11663674638799483,0.048080112222652072,0.02478195929178903,0.026588843305339619,1.0
Christine Michael,RB,GB,10.098479402365159,7000.0,0.311514365513264,0.24536957629915096,0.21490881675049348,0.13374695669703598,0.054245610671178585,0.023406682367085346,0.016807991701791546,0.0
Todd Gurley,RB,LARM,9.6380207303598091,7000.0,0.34863781874848748,0.25161297728884413,0.21287447966805892,0.094468466381518693,0.040316519329438458,0.022008378539368836,0.030081360044283897,0.0
Isaiah Crowell,RB,CLE,9.5300164029014418,6000.0,0.35806784677252429,0.26417240886651927,0.19525020330701701,0.087226428261872185,0.037436270133808923,0.024065584999866208,0.033781257658392572,0.0
Jonathan Stewart,RB,CAR,9.4782693981704114,6800.0,0.36476523817036899,0.26003136927959231,0.18799003121611965,0.08239002012344912,0.05850592234136829,0.015076349641822348,0.031241069227279723,0.0
Matt Asiata,RB,MIN,9.2520217525922472,5800.0,0.35166104888175842,0.28257619301399595,0.18925750945581338,0.094879584890266364,0.041630575479791494,0.014543994537716995,0.025451093740657925,0.0
David Johnson,RB,ARI,9.1964117612036258,9400.0,0.43478248195862518,0.22275700409525676,0.14053602219136896,0.097414590649634827,0.04098652151013904,0.022425681062712321,0.041097698532262784,0.0
Charcandrick West,RB,KC,9.0506911706537672,6000.0,0.36882115851945313,0.28608268460975483,0.17640335177942137,0.082434583312913215,0.043079596162185568,0.019356236754064095,0.023822388862208194,0.0
Darren Sproles,RB,PHI,9.0067484110939073,5100.0,0.40489900968852716,0.25165206753718788,0.15336129506847118,0.10245296555246526,0.044130172334857602,0.015789163514911109,0.027715326303579958,0.0
Lamar Miller,RB,HOU,8.5904227939928521,7500.0,0.47456874464764637,0.20513357266232429,0.13568248762370774,0.1001008889487016,0.035201889288548754,0.013369948333620317,0.035942468495450644,0.0
Ty Montgomery,RB,GB,8.4979028171612345,6200.0,0.40124387424567626,0.2820474942933564,0.1741823161586212,0.074444154817793248,0.028887913649132246,0.016318857772330584,0.022875389063090227,0.0
LeGarrette Blount,RB,NE,8.3086548421640014,6400.0,0.47309289372011071,0.21604232279201294,0.15655879982504553,0.078207421735388499,0.031865516909761353,0.011352052979626789,0.032880992038054106,0.0
Ryan Mathews,RB,PHI,8.3045074059389226,5500.0,0.46885994827813238,0.21772730542012655,0.15061552835560635,0.081783987616738454,0.046507392020752769,0.009150907255309676,0.025354931053333925,0.0
Terrance West,RB,BAL,8.138557242114711,6500.0,0.45546107178617296,0.25168271587565588,0.15872190833986083,0.05898074134613094,0.034906374704984498,0.013059685765022384,0.027187502182172609,0.0
Peyton Barber,RB,TB,8.0878313137512308,5700.0,0.46054906332853868,0.25831748426572254,0.14929645160135574,0.061065375498694022,0.024769881759044654,0.013754074202427056,0.032247669344217848,0.0
Bilal Powell,RB,NYJ,8.0069177686099202,5400.0,0.45064009234461766,0.28309512279152754,0.12495211018674238,0.069330564278092255,0.034541273626128292,0.014092010537076552,0.0233488262358152,0.0
T.J. Yeldon,RB,JAC,8.0047976083107244,5500.0,0.43869857450061539,0.28470993548387796,0.14850139833342646,0.065541307697998125,0.028921386546691668,0.0077605087415890516,0.025866888695801171,0.0
Rashad Jennings,RB,NYG,7.9394723595272279,5600.0,0.46183668418686241,0.23702629092176483,0.18285107273986143,0.061734765873837749,0.019720796468648469,0.012212654500544004,0.02461773530848162,0.0
Jordan Howard,RB,CHI,7.8166853037191792,6900.0,0.5047876439519734,0.22357246908087705,0.12241204396699802,0.08329094358072045,0.027747007077395847,0.0094364370306737784,0.028753455311361416,0.0
Jeremy Hill,RB,CIN,7.7292613530242917,6100.0,0.4942441946289497,0.22398768172052572,0.15007900123858944,0.064504477207874583,0.037496212091747944,0.0098443392089966036,0.019844093903316165,0.0
DuJuan Harris,RB,SF,7.7104612976832412,5200.0,0.49812325660967238,0.22095733741010201,0.16140919720798275,0.0512376053112212,0.034392854208628997,0.0087907167987688415,0.025089032453624132,0.0
Duke Johnson,RB,CLE,7.6751512476418906,5100.0,0.46200554004401473,0.27175752306147294,0.14392623926835671,0.071985675176013078,0.023106243586084745,0.0065892097057111401,0.020629569158347325,0.0
Chris Ivory,RB,JAC,7.4154127754645405,5200.0,0.49411869463777308,0.26483348805594681,0.13220945709528761,0.051251157110529875,0.026002726935439747,0.0061555475330753034,0.0254289286319478,0.0
Spencer Ware,RB,KC,7.3777511794756014,7300.0,0.53297485468489847,0.19502046413377744,0.13819147605482432,0.07831026945604426,0.031226864092530088,0.0089906068953853127,0.015285464682540689,0.0
Giovani Bernard,RB,CIN,7.229958115711403,5900.0,0.53671281521575942,0.22016795858839544,0.12360359777444051,0.057923330573037772,0.032740537158060135,0.0091014105555630442,0.019750350134743855,0.0
Jerick McKinnon,RB,MIN,6.3947668101134578,5700.0,0.59413320690857108,0.20836693260146083,0.11314157157501999,0.040802500790431871,0.017557606104041775,0.011548549099570133,0.01444963292090422,0.0
Terron Ward,RB,ATL,6.3340094354733161,5200.0,0.61515344731278276,0.21323959513518576,0.082708222039225066,0.03952359034931846,0.016437267992936433,0.0068467978315084705,0.026091079339043671,0.0
Ronnie Hillman,RB,MIN,6.2910208814598541,4500.0,0.61553137291374405,0.19999442031433223,0.094461789525813716,0.048349043080980182,0.016159124888040111,0.00411671478011619,0.021387534496973708,0.0
Derrick Henry,RB,TEN,6.2412121020234128,5300.0,0.61059774968918945,0.22505634547999984,0.076916513760367969,0.03580788629848098,0.02375016580318089,0.0094899853341951033,0.018381353634585366,0.0
Alfred Morris,RB,DAL,6.1508817609667821,4500.0,0.61843673735721605,0.19477982080156328,0.1166550572578699,0.030922746272121972,0.016981390222456667,0.0020433302714410011,0.020180917817331615,0.0
Rob Kelley,RB,WAS,6.0350360089897075,5300.0,0.64227292820095094,0.18705894646414861,0.084531065457939467,0.046837196500957419,0.013514601396571303,0.007525382358371145,0.018259879621061591,0.0
Paul Perkins,RB,NYG,5.9221578279883564,4500.0,0.65281107924587534,0.18903243487384869,0.083189564666180424,0.034229194519639329,0.013884553912539451,0.0025009472667154608,0.024352225515201335,0.0
Alfred Blue,RB,HOU,5.7949590082887967,4500.0,0.72571454379332634,0.12177279755487427,0.07060390689726638,0.033254365788072789,0.00655375863000253,0.0024140128419004275,0.039686614494557196,0.0
Chris Thompson,RB,WAS,5.7161902763890744,4900.0,0.67799608677118883,0.16366457473089932,0.080249180954130347,0.035766153884392152,0.023382086883738825,0.0032494330608032608,0.015692483714847213,0.0
C.J. Prosise,RB,SEA,5.5888892975469906,4700.0,0.6578370739283993,0.21076442256313546,0.067450514296687608,0.031955075990334689,0.011065820298194723,0.0026948032080072733,0.018232289715241219,0.0
Damien Williams,RB,MIA,5.5694782963429219,4500.0,0.72560935278743111,0.13371021828756513,0.071619897435810029,0.025109250542501994,0.0065369178933770639,0.0051487579587740353,0.032265605094540753,0.0
James White,RB,NE,5.5253654198592592,5400.0,0.71311789934381442,0.14110974475043667,0.069721200773662922,0.035642912483109294,0.014848583293122381,0.0052932791738513557,0.020266380182002396,0.0
Kenneth Farrow,RB,SD,5.2817055800986914,4500.0,0.72001391296855377,0.15570469270375351,0.064668571287719995,0.02759903074330889,0.0060436411942655748,0.0029855722880225981,0.022984578814375808,0.0
Aaron Ripkowski,RB,GB,5.0619300125368287,4700.0,0.74187011521599688,0.14287135640980236,0.056479467081580928,0.02891369182380292,0.0080962366141625469,0.0027131156992732876,0.019056017155380963,0.0
Kapri Bibbs,RB,DEN,5.0478694975224316,4600.0,0.75378481730146407,0.1362116562833498,0.047253323711140063,0.029973783584128038,0.0089540513927663934,0.0011515671673882775,0.022670800559763848,0.0
Wendell Smallwood,RB,PHI,4.836301235280021,4600.0,0.76710768043899125,0.13199883774421023,0.051454451678434189,0.019528969077253065,0.0071931488272246663,0.0017779507373293921,0.020938961496557051,0.0
Knile Davis,RB,KC,4.8049807727305351,4900.0,0.7680355767579421,0.12977641050107411,0.049423351984676796,0.025160546470954531,0.0077925210520504839,0.0020360263745694933,0.01777556685873322,0.0
Benny Cunningham,RB,LARM,4.7717225235693155,4500.0,0.77044489622228218,0.13798108720253485,0.045103630334134205,0.017313879847913976,0.0057198329345705982,0.00066879461308959874,0.022767878845474973,0.0
Kenneth Dixon,RB,BAL,4.7584487767714503,4600.0,0.78248687227102265,0.11806318262187943,0.052163483767510753,0.016816995282948048,0.0068595279927217024,0.0013693933585369503,0.022240544705380533,0.0
John Kuhn,RB,NO,4.6631958505889317,4500.0,0.80523813256887888,0.10126951718167129,0.03702602112446652,0.027124916574793236,0.0054218512179506871,0.00081446171237181935,0.023105099619867755,0.0
Kenjon Barner,RB,PHI,4.6616949437159061,4800.0,0.78911602240773893,0.11450727766491242,0.046237260585880881,0.023462494963832316,0.0059950830712645646,0.0022951505076399393,0.01838671079873111,0.0
Carlos Hyde,RB,SF,4.5632216504467253,6800.0,0.80865672632265784,0.10182935385341872,0.048697875271195339,0.011153400253595071,0.0036832204493564918,0.0024267412588170065,0.023552682590959891,0.0
Doug Martin,RB,TB,4.5418177505956665,6500.0,0.80741405804281108,0.10787778988257521,0.043571549020369499,0.011785797660455549,0.0035838680150428151,0.0025568638717123663,0.02321007350703375,0.0
Mike James,RB,TB,4.1515554543819952,4800.0,0.84541513286102443,0.09095308533078611,0.028300249265576633,0.011698504327022999,0.0020611268922680216,0.00053324809151821526,0.021038653231804184,0.0
Ka'Deem Carey,RB,CHI,4.101611992407924,4500.0,0.85065594738245809,0.080798488266671006,0.030537608166552894,0.016388740665439109,0.0032894971111709259,0.0020124574728608863,0.016317260934846582,0.0
Shaun Draughn,RB,SF,4.0234229779293909,4800.0,0.84331146358964459,0.10074948735925407,0.022723077648911846,0.013860233778052435,0.0031189645605108778,0.00073775437398061175,0.015499018689645625,0.0
Orleans Darkwa,RB,NYG,3.9723987774932694,4500.0,0.89548967513099953,0.04855307304995686,0.023145918143639733,0.0032109992588179627,0.00063992420200009866,0.00053367654522951471,0.028426733669356274,0.0
Antonio Andrews,RB,TEN,3.9590974402886099,4500.0,0.8569029102554987,0.086672703313893387,0.026886133549568047,0.0095612236965538586,0.0023638346997415286,0.00083350426318539329,0.016779690221559618,0.0
Kenyan Drake,RB,MIA,3.9303082952099979,4500.0,0.86336240650329055,0.081513344359409989,0.02566327785191716,0.0099196970085331845,0.0010979814475787046,0.00054044081827735386,0.017902852010992967,0.0
Andre Ellington,RB,ARI,3.9006047895915126,4500.0,0.86326938986777224,0.086876811639963594,0.021263639895280545,0.0082122828776225749,0.0021414650936593849,0.00068167439119250304,0.017554736234509236,0.0
Fitzgerald Toussaint,RB,PIT,3.8545645753209947,4500.0,0.87419658304556247,0.048898338776241938,0.057820095340237854,0.0030227829964681666,0.0025078953470084034,0.00055234932272587981,0.013001955171755909,0.0
Fozzy Whittaker,RB,CAR,3.8435064750890646,4600.0,0.86712928884345353,0.081780015541516426,0.022910480748114428,0.010621446283720455,0.0014187173659825291,0.00089948216461007704,0.015240569052603872,0.0
Derek Watt,RB,SD,3.8106538263541916,4500.0,0.86207503894586124,0.08433330722679741,0.026937307627085759,0.013048889870096454,0.0011590856675982527,0.00050771919831118118,0.011938651464250861,0.0
Kyle Juszczyk,RB,BAL,3.8036939960168112,4500.0,0.88656678133914013,0.065422766249209022,0.020049870733677647,0.0064573469552323438,0.0012356762904951676,0.00055838956698841375,0.019709168865258114,0.0
James Starks,RB,GB,3.7674729347363298,5300.0,0.88664698218248661,0.065783988937671442,0.019255016723513152,0.0076552936794378598,0.0023334915785971754,0.0014755050860305911,0.016849721812263518,0.0
Patrick DiMarco,RB,ATL,3.7414849574540412,4500.0,0.8779906527881205,0.07471194558810007,0.021919886490086624,0.008304319650570267,0.0022630154518058277,0.00032394535997376029,0.014486234671343334,0.0
Bobby Rainey,RB,NYG,3.7406465034203986,4500.0,0.88388388408558138,0.070312583983827975,0.022020174321105791,0.0047224081487578914,0.0014218294367058465,0.00048830286079382167,0.017150817163226778,0.0
Rex Burkhead,RB,CIN,3.7394792564530128,4500.0,0.88471721261562586,0.066514626762876311,0.021996899042868823,0.0087126103970787266,0.002161100443898389,0.00048592421304956545,0.015411626524601735,0.0
Travaris Cadet,RB,NO,3.6788003932811053,4500.0,0.88244481227960048,0.070792163356852594,0.022198825686142867,0.010281573573301487,0.00095602654133698296,0.00048096907742879773,0.012845629485336416,0.0
Javorius Allen,RB,BAL,3.6504500085494089,4600.0,0.89403912481640591,0.057742274791769244,0.026490881467964928,0.0047013553534071585,0.0017225838288438308,0.00073533714258122143,0.014568442599027648,0.0
Mike Tolbert,RB,CAR,3.6378299806087901,4500.0,0.89698199433666059,0.0610806025084253,0.017818094198010136,0.0062679455587876728,0.0011135753228663199,0.00080303682643018441,0.015934751248820433,0.0
Alex Collins,RB,SEA,3.5180501264602269,4500.0,0.9029896212803038,0.060945934080570835,0.015148612790789056,0.0055190861162463479,0.0013948227051088617,0.0005214554764347792,0.013480467550545903,0.0
Zach Line,RB,MIN,3.5161842766584863,4500.0,0.90340138407718484,0.059844306878752966,0.014899778112788951,0.0070034361026534734,0.0012714918496042824,0.00051380189507260331,0.013065801083942473,0.0
Anthony Sherman,RB,KC,3.5104877461904249,4500.0,0.90686456239283209,0.057322156822493212,0.015415552635136566,0.0044953144370891056,0.00078976701246219689,0.00062195184380847723,0.014490694856178477,0.0
Andy Janovich,RB,DEN,3.5079280428937354,4500.0,0.90620055800117238,0.056746053520316996,0.016070325189686274,0.0057625569750177187,0.0011055909018697668,0.0005053866873727989,0.013609528724563327,0.0
Lorenzo Taliaferro,RB,BAL,3.4862907081188155,4500.0,0.9129293935560121,0.050033454765431938,0.01705727127403241,0.0040990559019250701,0.00067060393816209204,0.00049058187799628139,0.014719638686440209,0.0
Jeremy Langford,RB,CHI,3.4413275141925133,4900.0,0.91306326855919173,0.051925235775814739,0.014809389902375724,0.0060775121382063502,0.00082682790098096315,0.00083589197527181151,0.012461873748159101,0.0
Lance Dunbar,RB,DAL,3.4194915490856239,4500.0,0.92209458484800733,0.044590465967466839,0.014382635857709748,0.0029211259068994515,0.00054364536614583592,0.00062294026703722935,0.014844601786733903,0.0
Malcolm Brown,RB,LARM,3.4188876158663417,4500.0,0.91697731952022865,0.051131861936673517,0.013272943614317842,0.0035856680979718713,0.00058547243331156932,0.0006019290686235584,0.013844805328873716,0.0
Tyler Ervin,RB,HOU,3.4136705077772747,4500.0,0.91724179723966737,0.047157545020350515,0.014981330103669668,0.0075443236039457176,0.00053102452756494047,0.00045269291703202641,0.012091286587770429,0.0
Ryan Hewitt,RB,CIN,3.3988000437802106,4500.0,0.92097929223885189,0.045878984171957612,0.015086019343995862,0.0032660676814478037,0.00046510998942416175,0.00070605322603070771,0.013618473348292146,0.0
Jay Prosch,RB,HOU,3.3849659814598092,4500.0,0.92246196763057919,0.044327349889369157,0.012207648057216598,0.007476732754699439,0.0004731073995371782,0.00061189354665176613,0.012441300721946704,0.0
C.J. Spiller,RB,NYJ,3.3785474159651359,4500.0,0.92444606974393551,0.0435993759550454,0.012662233479344967,0.0031958304190293405,0.0025057379290712774,0.00077646251487327369,0.012814289958700367,0.0
Jalston Fowler,RB,TEN,3.3693769662300732,4500.0,0.92459342260013344,0.044618161938612379,0.012648752574775442,0.0033487256019690929,0.00049405995946102033,0.00066159539914777046,0.013635281925901643,0.0
George Atkinson,RB,CLE,3.3625489260273289,4500.0,0.92872548871424587,0.040633645053781607,0.012110043526694373,0.0030947165679265842,0.000416948075682078,0.00061361087270895068,0.014405547188960409,0.0
Chase Reynolds,RB,LARM,3.3607332148301818,4500.0,0.92206289856272738,0.0480252737561635,0.012675305872037411,0.0031902247364457115,0.00047297282154548865,0.00061227710783080271,0.012961047143249988,0.0
Paul Lasike,RB,CHI,3.3592386696529477,4500.0,0.92643618015459339,0.042962693649838311,0.012643426272496292,0.0030913631560489066,0.00048491376304051625,0.00072987087362568826,0.013651552130357132,0.0
Akeem Hunt,RB,HOU,3.3520081577078731,4500.0,0.92438556352936985,0.045659835897446932,0.01250428967576462,0.003271182255571204,0.00051697579323511163,0.00063481810869181086,0.013027334739920788,0.0
Will Tukuafu,RB,SEA,3.348446826170659,4500.0,0.92487910829562714,0.045166528664800094,0.012702014865101231,0.0031201856956165168,0.00047867882706158037,0.00060273952841673369,0.013050744123376862,0.0
Roosevelt Nix,RB,PIT,3.3296110008577413,4500.0,0.92798108683655522,0.042294833570749771,0.012633539509195468,0.0030116708774140764,0.00051647501706894008,0.00059745823114869896,0.012964935957868571,0.0
Denard Robinson,RB,JAC,3.3249492986244595,4500.0,0.9231840341531965,0.048591141314018961,0.011548127551333033,0.0037394538607267453,0.00047188657541730075,0.00055217474676209064,0.011913181798545653,0.0
Stepfan Taylor,RB,ARI,3.3193437176097302,4500.0,0.928502143612425,0.041995707163721252,0.012590379852185047,0.0031729321429900845,0.00041853189375492899,0.00072175468475962489,0.012598550650164094,0.0
Kerwynn Williams,RB,ARI,3.3193437176097302,4500.0,0.928502143612425,0.041995707163721252,0.012590379852185047,0.0031729321429900845,0.00041853189375492899,0.00072175468475962489,0.012598550650164094,0.0
James Develin,RB,NE,3.3140766274922315,4500.0,0.93050076949385607,0.040412387167023056,0.011981822774386792,0.0030623948723251799,0.00043559923955428071,0.00062397382406713603,0.01298305262878786,0.0
Brandon Bolden,RB,NE,3.3140766274922315,4500.0,0.93050076949385607,0.040412387167023056,0.011981822774386792,0.0030623948723251799,0.00043559923955428071,0.00062397382406713603,0.01298305262878786,0.0
