name,pos,team,expectation,salary,prob_0_5,prob_5_10,prob_10_15,prob_15_20,prob_20_25,prob_25+
Jason Witten,TE,DAL,10.694469080552786,5400.0,0.32517996710378921,0.17878412277768019,0.17927022186814032,0.20547423611697593,0.071310719421405336,0.039980732712009352
Jimmy Graham,TE,SEA,10.445142324565751,6600.0,0.22455416463837727,0.34437881844340545,0.22156474943388818,0.092835032493779501,0.0603211248321191,0.056346110158430746
Coby Fleener,TE,NO,10.137703355736505,5600.0,0.29386655828732733,0.25771460460966694,0.21762997905424561,0.12574177558266753,0.067894630649325743,0.037152451816767358
Delanie Walker,TE,TEN,9.8631569391592873,6200.0,0.30789682639407884,0.30100451186611321,0.17655727081757386,0.092522557635626571,0.069149505009321113,0.052869328277286493
Cameron Brate,TE,TB,9.8239216826937508,5400.0,0.28869052538093865,0.29919895977262495,0.22024522671566721,0.094460784344319718,0.045309948630416562,0.052094555156033076
Greg Olsen,TE,CAR,9.1451184606699947,7200.0,0.32220340427746835,0.28360415648836024,0.23572670803142795,0.090518052459530721,0.037326431511876375,0.030621247231336975
Rob Gronkowski,TE,NE,8.9598236104610081,8000.0,0.4046014593159839,0.23411017276884202,0.18050100582854159,0.082037423617261213,0.043009425532364448,0.055740512937006985
Travis Kelce,TE,KC,8.8525009157016257,6300.0,0.36046744798272023,0.29517977770772286,0.16798825100593281,0.10112008703742668,0.040238539022535373,0.035005897243662938
Julius Thomas,TE,JAC,8.5950176618837943,5500.0,0.39057855907571709,0.29648243934658464,0.16369607973925621,0.057208288038635653,0.036669099563278525,0.055365534236528097
Antonio Gates,TE,SD,8.5307715063357232,5700.0,0.36498159285700293,0.32584189884601078,0.14800615538404305,0.094139288936750484,0.033273095038168048,0.03375796893802481
Jordan Reed,TE,WAS,7.8421888669887974,7000.0,0.45090027371407593,0.2502279220519828,0.16494912270066947,0.065772165516630399,0.049757470688661161,0.018393045327980351
Martellus Bennett,TE,NE,7.8021506983179139,5300.0,0.48109083755576126,0.22493051260140715,0.16260847859373481,0.058110188571267589,0.030347809228245835,0.042912173449583924
Gary Barnidge,TE,CLE,7.3326153616745451,4900.0,0.47103239232612748,0.30080143095872913,0.11430192922259808,0.050386548781660906,0.031430356968425222,0.032047341742459934
Tyler Eifert,TE,CIN,7.1236863845957918,6100.0,0.48654819219855894,0.25011162901443629,0.17099144861781604,0.050276314653473701,0.028548270869907171,0.013524144645808013
Zach Miller,TE,CHI,7.0170875683229781,5400.0,0.49277483343842954,0.28160280149295752,0.12227656770591361,0.052501303220258908,0.034464803613170364,0.016379690529270505
Hunter Henry,TE,SD,6.9116919514055084,5400.0,0.5253957088604666,0.23294151185431874,0.14256006003488661,0.051917796682474524,0.027401244529681797,0.019783678038171784
Zach Ertz,TE,PHI,6.8719790270463976,4600.0,0.48877756605539985,0.28654257500141678,0.13718130443220117,0.048450559998280428,0.027101031014891749,0.011946963497810392
C.J. Fiedorowicz,TE,HOU,6.8041883311590654,5200.0,0.5245157311947668,0.24366692562365394,0.13796194109285573,0.050138558361785636,0.027753035297599322,0.015963808429338679
Kyle Rudolph,TE,MIN,6.7196178459891218,5000.0,0.58110473917869276,0.16739390655448663,0.15039518166546645,0.049898382192728588,0.029994799308906004,0.021212991099719067
Jesse James,TE,PIT,6.6294274957992734,4900.0,0.60968765872523634,0.19638056555302791,0.092135322551150978,0.025334001041070229,0.013079975266261566,0.063382476863253545
Vance McDonald,TE,SF,6.5061415085680796,4800.0,0.58076645293195917,0.24529708093820965,0.068138215943164882,0.046222624034544149,0.016891213975166495,0.042684412176955587
Richard Rodgers,TE,GB,6.4666418604165115,4600.0,0.59046674140960298,0.19607437705885383,0.093694845110635,0.088620953913321115,0.011713969474718944,0.01942911303286789
Dominique Jones,TE,MIA,6.3838375724532535,4800.0,0.59742734014076471,0.22566739459627339,0.071864864781654533,0.05325816684565151,0.011315278384167779,0.040466955251488503
Dennis Pitta,TE,BAL,6.3598634275202279,4900.0,0.59818779844693315,0.20958111662343498,0.087200394003483478,0.059197545348589731,0.018767583059919334,0.027065562517639384
Lance Kendricks,TE,LARM,6.0523361196004108,4500.0,0.61690561984119285,0.22005617388967721,0.081450143341601555,0.036633347376428337,0.007162856537581413,0.037791859013518288
Tyler Higbee,TE,LARM,5.9546010745412978,4500.0,0.68179969113170236,0.17119259878883733,0.05230498166218378,0.02600667747575992,0.0063826343398091729,0.062313416601707604
Virgil Green,TE,DEN,5.7120771352116826,4500.0,0.61683181736154136,0.2291091103686213,0.094700171554267951,0.026222006187309861,0.020444517638047471,0.012692376890211953
Austin Hooper,TE,ATL,5.6079443165005962,4500.0,0.64006415223738122,0.17780647864235735,0.12869393815179575,0.035028328022347545,0.01072599044346486,0.0076811125026536526
Vernon Davis,TE,WAS,5.3258178178901918,4500.0,0.66514759035662552,0.20970971428123031,0.078314110429517039,0.011635207702279958,0.012046880820802788,0.023146496409544571
Garrett Celek,TE,SF,5.3109908922707776,4500.0,0.68499315413629169,0.18946322192439649,0.06015133257510024,0.031992447652676885,0.010544270136144208,0.022855573575390246
Will Tye,TE,NYG,5.2852051535997937,4500.0,0.6799938430813115,0.20432010162694614,0.060266232678515837,0.017327149484122027,0.010256350361906946,0.027836322767197413
Josh Hill,TE,NO,5.1485464236574998,4500.0,0.71945355145489465,0.15347612352657766,0.063376757700501621,0.03105182739532468,0.0068845359955608141,0.025757203927140388
Ryan Griffin,TE,HOU,5.1207185767131342,4500.0,0.72188267925776006,0.14897708793882855,0.067241838564325099,0.029077031522735004,0.010654957874814682,0.022166404841536879
Marcedes Lewis,TE,JAC,5.108057782206914,4500.0,0.68388656612585241,0.18047909876530391,0.088399306041237233,0.030691353925364751,0.010458591893698785,0.0060850832485430124
Trey Burton,TE,PHI,5.0328681757627578,4500.0,0.69533167466817081,0.18550449636193958,0.071107450212388096,0.019882939280990018,0.021661776859693147,0.0065116626168185846
Darren Fells,TE,ARI,4.9704303374585432,4500.0,0.80760619659553423,0.091619703909159911,0.03114133610165783,0.0029218330235681899,0.0021364595418686071,0.064574470828210856
Derek Carrier,TE,WAS,4.8964167209395191,4500.0,0.81160639329600337,0.075587741940831538,0.050140433280025161,0.0015572502647493108,0.0067979211991767699,0.054310260019213442
Dion Sims,TE,MIA,4.8402393153395646,4500.0,0.82805201762067149,0.075277167454305127,0.0281102278898917,0.0022276440274953909,0.0017974072868408716,0.064535535720794998
Ross Travis,TE,KC,4.834775739638471,4500.0,0.80892381146384607,0.088687426555259727,0.041078321618592033,0.0020933811535636861,0.006254361369128953,0.052962697839608781
Ladarius Green,TE,PIT,4.7761410037346872,4500.0,0.82617193746230388,0.070386355737816889,0.040766302868876655,0.0016000438765263745,0.006867692630590865,0.054207667423884984
Levine Toilolo,TE,ATL,4.7548193688254656,4700.0,0.74947683417694955,0.14802309556592899,0.053090026940124248,0.020771274432769417,0.0087469434005313876,0.01989182548369639
Marqueis Gray,TE,MIA,4.752393160602411,4500.0,0.81070942663549306,0.095750966722569525,0.031926668930557074,0.0068703121310175874,0.0034497367580689155,0.051292888822293971
Neal Sterling,TE,JAC,4.6817516651427855,4500.0,0.81067894836933718,0.10308707086900162,0.029969551331343425,0.0029061576697103409,0.0021856723152971647,0.051172599445309816
Gavin Escobar,TE,DAL,4.6802480197665428,4500.0,0.78431328246654597,0.12011357257504411,0.032242465203912399,0.0065188996152230018,0.052164498571604705,0.0046472815676702984
Darren Waller,TE,BAL,4.6245068675342775,0.0,0.75515803291617101,0.15971195261803858,0.043018307687349502,0.013755813497657917,0.0038941013827691771,0.024461791898013521
A.J. Derby,TE,DEN,4.6129738333397174,4500.0,0.81703515368083535,0.10631643437477269,0.018933038064174613,0.0023607822016321598,0.0054430488330014723,0.049911542845583849
Jerell Adams,TE,NYG,4.6084310148436263,4500.0,0.76623523103187741,0.14233431995562409,0.047211246106407159,0.014848939342552939,0.0064687450450607101,0.022901518518477108
Stephen Anderson,TE,HOU,4.5954661022497936,4500.0,0.80191776255822733,0.097154994824856677,0.045417724399731976,0.017337073807805307,0.011770666644670318,0.026401777764708201
Alan Cross,TE,TB,4.5742673518136856,4500.0,0.82088684270424661,0.085626009906990583,0.042773170937278761,0.002115543397686707,0.0056576768808537696,0.042940756172942816
Ben Koyack,TE,JAC,4.4837304423492759,4500.0,0.79685289702572271,0.080526041941614765,0.059679285697536597,0.057908363372071781,0.0020306747983136466,0.0030027371647395524
Jermaine Gresham,TE,ARI,4.4255164336310875,4500.0,0.75803887184793095,0.15732178106374647,0.053378054851023995,0.013806241532973744,0.00766858216012476,0.0097864685442004759
C.J. Uzomah,TE,CIN,4.3895269022583179,4500.0,0.84620984861654924,0.065316187729792766,0.040809886093978863,0.0016870714817283951,0.0039768243010224764,0.042000181776927652
John Phillips,TE,NO,4.3478790991511165,4500.0,0.82437034746493176,0.089584863368071005,0.048878256745118295,0.0011930703334874563,0.0012120784705011735,0.034761383617889774
Larry Donnell,TE,NYG,4.2985326332030134,4500.0,0.83458057284431764,0.097520929336664106,0.022152634648142624,0.0023210501717973874,0.0062068875031289676,0.037217925495949086
Blake Bell,TE,SF,4.2135963407909074,4500.0,0.85172473370577917,0.081615433840269327,0.021280081523684106,0.0033016854450488432,0.0017517124906947967,0.040326352994523654
Cory Harkey,TE,LARM,4.1957221343925504,4500.0,0.83237217500432004,0.10627565867974345,0.022595799160436778,0.001955190708026122,0.0021942844835537529,0.034606891963919938
Logan Paulsen,TE,CHI,4.118602181177982,4500.0,0.8443603194117616,0.078418446221090815,0.039794698724995213,0.0045232297436430726,0.012373626158958708,0.02052967973955026
Ben Braunecker,TE,CHI,4.1096469282325412,4500.0,0.84353906437410509,0.08024682673031186,0.040532931890482397,0.0028320169097264722,0.012125156070815117,0.020724004024558391
David Johnson,TE,PIT,4.0736931113223207,4500.0,0.81893140600552505,0.11418370525960606,0.040363809131928087,0.0050198831903424937,0.0027383328930171489,0.018762863519581181
Xavier Grimble,TE,PIT,3.9983874779523112,4500.0,0.8364702708032371,0.10291676405799473,0.032285954327485017,0.0039279392001011762,0.0015903527787149636,0.022808718832466827
Asante Cleveland,TE,SD,3.9638962326937204,4500.0,0.85078636568074617,0.09085045871580838,0.027148143580547634,0.0022285556184133445,0.0039855482158209603,0.025000928188663313
Geoff Swaim,TE,DAL,3.8636807142697824,4500.0,0.84121163816779732,0.089606150613471131,0.044272161197624213,0.010079033438854476,0.0098065133825943982,0.0050245031996591239
Rhett Ellison,TE,MIN,3.7757198486032442,4500.0,0.81313918508706462,0.14086620578881354,0.031905293892768825,0.0093062856083528916,0.0013668287937587602,0.0034162008292408542
Justin Perillo,TE,GB,3.6967874350078942,4500.0,0.85634540351378918,0.089837249109885914,0.029910263665209744,0.013037868981966209,0.0037599700303673845,0.0071092446987811239
Brandon Myers,TE,TB,3.6579744985574383,4500.0,0.85924357010991326,0.097983398870667357,0.020642882151198437,0.0074760149851236055,0.0033729778324333307,0.011281156050663847
Anthony Fasano,TE,TEN,3.6504938429433484,4500.0,0.83860484564436166,0.12402442733018575,0.023823181637761336,0.0034476649746915718,0.002414419006111417,0.0076854614068881848
Tyler Kroft,TE,CIN,3.6076137787227642,4500.0,0.87887207533865974,0.064651244992154383,0.038724067365179755,0.0039716698826718624,0.0013963457326460229,0.012384596688687893
Phillip Supernaw,TE,TEN,3.5089836810420194,4500.0,0.86215448480818169,0.091398647552731763,0.036134387585206332,0.0058715732580606377,0.0016899402680171653,0.0027509665278018331
Ed Dickson,TE,CAR,3.4845569327686814,4500.0,0.86745417383392454,0.093744344059185761,0.025763711411717065,0.0057910993872306235,0.0019670350302852207,0.0052796362776567421
Brandon Williams,TE,SEA,3.4334758609921217,4500.0,0.87468131865724275,0.088051076110320536,0.024981854481416377,0.0052637505005560378,0.0022208656287175175,0.0048011346217465816
Brandon Bostick,TE,NYJ,3.3593455619739876,4500.0,0.89528396444632119,0.071102343403533899,0.019704014896120742,0.0032268835003829242,0.0017358800703320815,0.0089469136833090074
Demetrius Harris,TE,KC,3.256634188403011,4500.0,0.89838793999938016,0.071854033953236571,0.018877714018479819,0.0043034159197611957,0.0040773526145849674,0.0024995434945565779
James O'Shaughnessy,TE,KC,3.2400027707291326,4500.0,0.90458200608212136,0.069803778734844502,0.012493119303422798,0.0025099447055458206,0.0073750531828304716,0.0032360979912353883
Jeff Heuerman,TE,DEN,3.2100778728648143,4500.0,0.91354874496792415,0.059390456613469561,0.013015812999766996,0.0021506827115174371,0.0093300697112019357,0.0025642329961198724
Brent Celek,TE,PHI,3.1887480430412176,4500.0,0.91331866886949375,0.062546734725437758,0.012910925242550466,0.0015555831803374057,0.0036261660542090649,0.0060419219279713105
Luke Stocker,TE,TB,3.139117585445272,4500.0,0.90890127725672554,0.067285293806040314,0.016972709850564521,0.0024710220632840657,0.0026687477248880762,0.0017009492984962429
Seth DeValve,TE,CLE,3.0879227570300576,4500.0,0.91541263581876664,0.062210439021963104,0.016637469949341507,0.0024067288697076018,0.0017846458248618445,0.0015480805153590715
Sean McGrath,TE,SD,3.0788297049861488,4500.0,0.91732154937122057,0.062843712904668642,0.013365459126970528,0.0015621076451654381,0.0030308678567479439,0.0018763030952264241
Randall Telfer,TE,CLE,3.0570036526718618,4500.0,0.91745575036774751,0.063186987259848712,0.014410162650176033,0.0016576973213569598,0.0020266859942514753,0.0012627164066190064
Nick Vannett,TE,SEA,3.0175782146442227,4500.0,0.92657790992007694,0.054842786303476318,0.012843937621835716,0.0022102312296429939,0.0012713869320692707,0.0022537479928982041
