name,pos,team,expectation,salary,prob_0_5,prob_5_10,prob_10_15,prob_15_20,prob_20_25,prob_25_30,prob_30+,label
Odell Beckham Jr.,WR,NYG,17.663238143085742,9000.0,0.32076564569139998,0.095052468784743785,0.10456776325362116,0.080782349703053646,0.033739027573016243,0.014630912358759818,0.35046183263540565,6.0
Julio Jones,WR,ATL,16.154427056981095,8800.0,0.058833739361687808,0.11573430312237898,0.087188220385625029,0.56908074744457571,0.1287310845004338,0.029466197691542781,0.010965707493755982,3.0
Jordy Nelson,WR,GB,12.666766240927201,7700.0,0.042784129194226306,0.31315924960698782,0.37729023617265295,0.149484909450045,0.079227673153555056,0.031401073651782574,0.006652728770750454,2.0
Antonio Brown,WR,PIT,12.425547426665274,8600.0,0.081604213410181092,0.15483928447836884,0.57518703258361514,0.11811774281556806,0.040114019411729915,0.020538845239772625,0.0095988620607644175,2.0
Jordan Matthews,WR,PHI,11.93630754558524,5900.0,0.080620109249738295,0.27785362964745708,0.36039127315609704,0.24917053972748526,0.021401993454440126,0.0087668105426035852,0.0017956442221788347,2.0
Mike Evans,WR,TB,11.842180823823979,8500.0,0.11282675902685597,0.33011177701297645,0.1869557964468499,0.33627291962274952,0.018015303455847183,0.012853711106136138,0.0029637333285849172,3.0
Davante Adams,WR,GB,11.656818829948788,7200.0,0.085659482923044802,0.20195794672812481,0.58528608242194624,0.072982857186370598,0.032791201421233832,0.019917008934416357,0.0014054203848633403,2.0
Brandin Cooks,WR,NO,11.465515403294749,7300.0,0.17262669673972078,0.30243233090017418,0.18493301796770548,0.26290829868980575,0.057311509635459355,0.017192780149509757,0.0025953659176247363,1.0
Mohamed Sanu,WR,ATL,10.385491522823465,5600.0,0.28071436635406111,0.29310218296744461,0.090628053761571167,0.27359651454330902,0.02976649122503373,0.030910691281151773,0.001281699867428474,1.0
Kelvin Benjamin,WR,CAR,10.355054337980235,7000.0,0.25552298016191305,0.18653322526591612,0.38784500905062919,0.099513782191702302,0.049730135650729743,0.016153936575576303,0.0047009311035331337,2.0
Mike Wallace,WR,BAL,10.333163658752333,6900.0,0.031907769764600274,0.56628045587861819,0.2949211610231669,0.024831261248933707,0.076996501779622709,0.0032522426817702,0.0018106076232879684,1.0
Demaryius Thomas,WR,DEN,9.5502704670133269,7500.0,0.21338726407187614,0.37684155362730531,0.27497693063681383,0.07805833748406607,0.037636731667314016,0.017071964634521476,0.0020272178781032325,1.0
Tyrell Williams,WR,SD,9.5173721544282817,5900.0,0.24727604095353989,0.31982786861102852,0.27933641891636635,0.10738793232480162,0.030651630937802148,0.013784866633812329,0.0017352416226492646,1.0
Emmanuel Sanders,WR,DEN,9.2938564388111953,6900.0,0.29944911682000042,0.31435126404904878,0.22577274868825403,0.077388747320902576,0.058425437167641252,0.021983948665722314,0.0026287372884305272,1.0
Michael Thomas,WR,NO,8.8672871752043143,6400.0,0.33024415569187099,0.36769709360153607,0.088962838339783218,0.14131696982914804,0.056693530821817016,0.013963696111962425,0.0011217156038824472,1.0
Allen Robinson,WR,JAC,8.819041890794967,7000.0,0.25460862194679068,0.46531877156519807,0.15339923564261185,0.067150614510348525,0.025059170512291253,0.022673798746384498,0.011789787076375209,1.0
Adam Thielen,WR,MIN,8.6310430660856152,5600.0,0.29695948974482411,0.21288254568383697,0.47113754420049436,0.010848743019382608,0.0042578853250874876,0.0026442929317559575,0.0012694990946184716,2.0
Brandon Marshall,WR,NYJ,8.5331971231333963,7100.0,0.42267390116713693,0.20246237885543578,0.14721719869240113,0.20701361290344378,0.015002982425102814,0.005269759160945027,0.0003601667955344206,0.0
Doug Baldwin,WR,SEA,8.421291346894364,6900.0,0.25318861215898214,0.38343179413975814,0.31706277513325976,0.028325348039589041,0.010738782642403634,0.0055818139832222039,0.0016708739027849961,1.0
Rishard Matthews,WR,TEN,8.3818701416772186,5800.0,0.36167931509957091,0.32147270410271261,0.16949106218169702,0.091625004533442619,0.039630047747135765,0.01475875726660072,0.0013431090688404027,0.0
DeAndre Hopkins,WR,HOU,8.3493121142762963,7400.0,0.39836556728103656,0.30071704699160434,0.14286617040910526,0.10009327927342118,0.028714345381129578,0.014538349075605857,0.01470524158809741,0.0
A.J. Green,WR,CIN,8.1757390710307138,8700.0,0.3812966605696142,0.36908188404686876,0.10178239895962526,0.081927200509999687,0.039288131025730651,0.0089914701106311151,0.017632254777530228,0.0
Willie Snead,WR,NO,7.8600655824866372,6400.0,0.38217031390472511,0.33398761808653843,0.15782733375327937,0.095326633940646735,0.019293044512162884,0.009899407789046832,0.0014956480136006751,0.0
Larry Fitzgerald,WR,ARI,7.6203332062753999,7200.0,0.50161005025913064,0.091753848513228431,0.33357955733106365,0.042021805327486811,0.019286747008097026,0.0096137807210549663,0.0021342108399385784,0.0
Cole Beasley,WR,DAL,7.4635183530262408,6500.0,0.37755889131726811,0.38651223062087614,0.14519150155340144,0.058784742740681767,0.021116203159411984,0.010298268624312094,0.00053816198404853981,1.0
Sterling Shepard,WR,NYG,6.941447379809321,5800.0,0.51090627802761124,0.19992582696336139,0.22637401281140271,0.032334321565681001,0.016186303693201568,0.012605817463983555,0.0016674394747585406,0.0
Jarvis Landry,WR,MIA,6.7484657939092569,6800.0,0.36684726126161488,0.517303010873845,0.04184227327481934,0.054650557793133131,0.013357889833037338,0.0051141177441721064,0.00088488921937820248,1.0
Stefon Diggs,WR,MIN,6.7013312124508149,6700.0,0.50762274298018262,0.26634613344453562,0.15154604195646643,0.043295781219272494,0.020635158910960107,0.0068012492298342511,0.0037528922587485355,0.0
Taylor Gabriel,WR,ATL,6.6080504333305701,4600.0,0.61784089138455456,0.18687980453018083,0.021465373458632114,0.12932739264433368,0.022546828840469806,0.019318711665400345,0.0026209974764287618,0.0
Kenny Britt,WR,LARM,6.3674512206552869,6400.0,0.51697825632669314,0.29313680345526666,0.13750762752822446,0.018226511515682109,0.021750615188360699,0.011296679059114773,0.0011035069266582748,0.0
Dontrelle Inman,WR,SD,6.3029059168060959,5300.0,0.43705348369504915,0.4547774722254081,0.04685613718104438,0.04239655971698196,0.011043698025544247,0.0069635026621467418,0.00090914649382547975,1.0
Alshon Jeffery,WR,CHI,6.1785807935877033,7200.0,0.64313159318940138,0.13430025856387498,0.12321722361112597,0.064101306359271762,0.021036325883303328,0.0092361134895070675,0.0049771789035153386,0.0
Randall Cobb,WR,GB,6.1591443004501274,6600.0,0.60234149956460092,0.15940383070309122,0.17782834171828912,0.036488456461286935,0.013765531110873084,0.0092529071660528671,0.0009194332758059177,0.0
Terrelle Pryor,WR,CLE,5.7470241481269131,7100.0,0.58098540371659213,0.27753742492802547,0.085241394638384455,0.034546118545052858,0.012193065614853541,0.0085025695300529041,0.00099402302703862624,0.0
Quincy Enunwa,WR,NYJ,5.4044423081767352,5800.0,0.6472948005328607,0.23407789918975785,0.026049102057966643,0.079583446325872845,0.0093995121817012379,0.0033367250011542165,0.0002585147106863823,0.0
Julian Edelman,WR,NE,5.2662171129543243,6000.0,0.69673797041885943,0.13256603160516289,0.12039230941575013,0.030046193251460129,0.013260747816016851,0.0058451050447496473,0.0011516424480008476,0.0
Dez Bryant,WR,DAL,5.2394814167662531,7500.0,0.67313343805247139,0.23015300138676839,0.018761450383804265,0.049361908261870827,0.01641806785954596,0.0084376575906169142,0.0037344764649220059,0.0
Cordarrelle Patterson,WR,MIN,4.9908179983256877,5500.0,0.71305514287221383,0.10065098088604227,0.17158444904358736,0.0084629699789788172,0.003408249255214644,0.0020843586877556659,0.00075384927620725597,0.0
Allen Hurns,WR,JAC,4.8960116671246006,5600.0,0.72186168033295472,0.18047030821150142,0.03059309387204515,0.044245959044172077,0.013826388921158506,0.0060095319106104293,0.0029930377075578197,0.0
Tavon Austin,WR,LARM,4.6887667362812033,5400.0,0.7102848152756801,0.19474674783492152,0.062578195360894026,0.018263595397942183,0.0084057695185184543,0.0051662356977687949,0.00055464091427489984,0.0
Brian Quick,WR,LARM,4.3366661576224121,4500.0,0.67890182798620935,0.29015084495428922,0.021810472695987414,0.0052138404082125271,0.0022766257419711885,0.0012587376006344458,0.00038765061269595595,0.0
Jamison Crowder,WR,WAS,4.3211367045801392,6000.0,0.78982236711399345,0.091382937052973595,0.095596557603921203,0.014182450795851202,0.0063980509402032076,0.0023352697986853432,0.00028236669437210304,0.0
Brandon LaFell,WR,CIN,4.1774812086103976,5600.0,0.77351863303061774,0.1647559446955611,0.038091142552828257,0.010480984250674379,0.0068226188491553631,0.0035498761768967624,0.002780800444266662,0.0
Robby Anderson,WR,NYJ,4.12249235984181,0,0.71731089790551472,0.25211382940099619,0.022058615380679537,0.0066657703772512768,0.0011877354568954434,0.00052755050975870096,0.00013560096890424426,0.0
Chris Hogan,WR,NE,4.0993702032366386,5900.0,0.83503844018020279,0.067525614106494394,0.0523691889576057,0.036669857295369757,0.0051783623737960477,0.0026889758787505447,0.00052956120778086674,0.0
Breshad Perriman,WR,BAL,3.683027427469447,5200.0,0.81064874814805399,0.16675759193716369,0.0092242745501688195,0.0043159541706733733,0.0076346184021924141,0.00087284987384177051,0.00054596291790604088,0.0
Kendall Wright,WR,TEN,3.5671630807385499,4800.0,0.87790468048954351,0.075830042407261267,0.015490259013860135,0.020062749235147524,0.0077123222849793558,0.002610089221655463,0.0003898573475525086,0.0
Marqise Lee,WR,JAC,3.477488648914091,5000.0,0.86070507604183555,0.10790590861949093,0.01691219297889893,0.0073433241848073847,0.0048512380702568254,0.0016681202070249728,0.00061413989768539345,0.0
J.J. Nelson,WR,ARI,3.4363220205935159,5600.0,0.8649729074080722,0.10474582285635152,0.018252314809310881,0.0045528030403273433,0.0056110180416514702,0.001474599754482109,0.00039053408980480785,0.0
Adam Humphries,WR,TB,3.3635354547078373,5200.0,0.8792477396176569,0.09165783731262736,0.013774007929888419,0.010296498469159993,0.0030418611841078781,0.0016260420249244627,0.00035601346163529116,0.0
John Brown,WR,ARI,3.2838081512761383,6200.0,0.92422603061025377,0.028984823437100463,0.027801328254726632,0.0081803684071068434,0.0079055584625532214,0.0019009860976952073,0.0010009047305637683,0.0
Nelson Agholor,WR,PHI,3.2507329875767659,5400.0,0.9227416504646373,0.038727585019792496,0.012975046596419121,0.01997280275688109,0.0032252959653246362,0.0017834650729093072,0.00057415412403602581,0.0
Terrance Williams,WR,DAL,3.1825282594272033,5200.0,0.90106061863706888,0.078476675931718573,0.0085967170438617097,0.0079180960939865715,0.0028301531725172082,0.0010031089276898732,0.00011463019315704642,0.0
Quinton Patton,WR,SF,3.0733802316646055,4500.0,0.89603303330348272,0.096790356398722854,0.0050717240922041867,0.0010836889014115452,0.00067335727650611593,0.00030880949356184559,3.9030534110968294e-05,0.0
Kamar Aiken,WR,BAL,3.0457563159896495,5100.0,0.9262591374808361,0.052168838095998579,0.012426591915107647,0.0061736962211672202,0.0018479203046018939,0.00072555499671230373,0.00039826098557620132,0.0
Jermaine Kearse,WR,SEA,2.8816262026994135,4500.0,0.93299781814867688,0.062667626835006457,0.0016943147208312082,0.0012340631291149304,0.00079802047695046033,0.0003855370087764786,0.00022261968064379211,0.0
Sammie Coates,WR,PIT,2.8143460909943814,5400.0,0.96864011455444721,0.0082185930762172701,0.018501747839009278,0.0022688113040634649,0.0014401333769256046,0.00064582466396094604,0.000284775185375857,0.0
Roger Lewis,WR,NYG,2.7946511400037584,4500.0,0.962915795530911,0.026979384068850264,0.0034942012893782151,0.0038890235184380348,0.0010476932316570782,0.0011838449825152721,0.00049005737825018293,0.0
Torrey Smith,WR,SF,2.776281686696997,5200.0,0.95828252099008415,0.033905186747138834,0.0040553814904369058,0.0023590724412587568,0.00087407297718739756,0.00049173094763340036,3.2034406260607056e-05,0.0
Danny Amendola,WR,NE,2.7736752580409809,4600.0,0.96167743415109908,0.029904453179465319,0.003313720897791631,0.0033295157894500326,0.00097430023906157207,0.0005908893478749265,0.00020968639525790602,0.0
Pierre Garcon,WR,WAS,2.7594846180477917,5400.0,0.9700562644088544,0.01856810790955337,0.0038826616145257215,0.0050021541636971418,0.0020014385888946604,0.00041976727986757425,6.9606034607011481e-05,0.0
Tajae Sharpe,WR,TEN,2.7569549591170603,4600.0,0.96093133131763531,0.032966877549085699,0.0016677013327596249,0.0032604362328436482,0.00068989304725056123,0.00039774177432659477,8.601874609860876e-05,0.0
Tyler Lockett,WR,SEA,2.7450955336616141,4900.0,0.95996987419797519,0.035085753882080996,0.0027209067296975428,0.001099454647868156,0.00062967951372786012,0.00035912952926339485,0.00013520149938674945,0.0
Andrew Hawkins,WR,CLE,2.728245718711908,4500.0,0.97182302041866775,0.018188961221679265,0.0046986698677038939,0.0036865662059178805,0.0011147428924738953,0.00041872230698492685,6.9317086572401023e-05,0.0
Jeremy Kerley,WR,SF,2.7257124970544524,5100.0,0.97520077054014143,0.008524152351414415,0.013351665361909395,0.0021760582541075157,0.00038808298639482762,0.00033383244097076516,2.5438065061779006e-05,0.0
Jalin Marshall,WR,NYJ,2.674424958586672,4500.0,0.97284211528186793,0.021738595728921725,0.0039809080156105433,0.00087730981336247096,0.0003338084354769942,0.00017319395716254029,5.4068767597490119e-05,0.0
Tyreek Hill,WR,KC,2.6734883670205201,4700.0,0.97304374305187213,0.022545867479777847,0.0024332740532397434,0.0010488333766554316,0.00056334677749177164,0.00032447241223050398,4.0462848732443768e-05,0.0
Kenny Stills,WR,MIA,2.6554483388582604,5700.0,0.98157010449321502,0.011699433789870803,0.0031741441277424115,0.0018151795743195334,0.0012267259055893183,0.00043611688615180592,7.8295223110999519e-05,0.0
Justin Hardy,WR,ATL,2.6518910932452004,4500.0,0.98548045795669392,0.0077009179482324004,0.00069861411372366467,0.0044041642618391401,0.0010107738881831067,0.00037232184568107291,0.00033274998564692933,0.0
DeVante Parker,WR,MIA,2.646467868815412,5600.0,0.98107580316226106,0.013080643176281079,0.0032285498492534994,0.0011937210679050874,0.0010025007910872562,0.00037161211709810867,4.7169836113782731e-05,0.0
Brandon Coleman,WR,NO,2.6367971189921899,4500.0,0.97780898082240142,0.019899662607105444,0.00056850538739111113,0.0010146070557962379,0.00039439201741035888,0.00022578502320051233,8.8067086695009619e-05,0.0
Dorial Green-Beckham,WR,PHI,2.6121933061338951,4900.0,0.98881408951496996,0.0037628336764399532,0.0051168698590404061,0.0013884905168861023,0.00049887842308072965,0.00029422964867353998,0.00012460836090914175,0.0
Jeff Janis,WR,GB,2.5986254515272309,4800.0,0.98570336273972803,0.011322306839097646,0.001537356587532997,0.00079370723169054863,0.00035193841635218281,0.00023629218372425327,5.503600187399741e-05,0.0
Cameron Meredith,WR,CHI,2.593936518844858,5300.0,0.98929828116239826,0.005589577747727963,0.0035723305643295248,0.00070222221521766656,0.00046885632015081566,0.00021718997987482582,0.00015154201030066506,0.0
Michael Floyd,WR,ARI,2.589773538105097,5000.0,0.98994598527162436,0.0058289154028698569,0.0023318915871906589,0.00085202481593466505,0.00054710034407749091,0.00032933569287619494,0.00016474688542664749,0.0
Chris Conley,WR,KC,2.5772390399709577,4500.0,0.98666960262236203,0.012238331635170019,0.00049104679268948423,0.00031941825798570346,0.00016817762636859218,9.3888287361098478e-05,1.9534778062451114e-05,0.0
Devin Funchess,WR,CAR,2.570494978913306,4800.0,0.9924806674649771,0.0043405776864991683,0.0014055338700090349,0.00081427012239775954,0.00051919775077261909,0.0002870974659185932,0.00015265563942572555,0.0
Aldrick Robinson,WR,ATL,2.5704628529787268,4500.0,0.99448282697665935,0.0022495111770897869,0.0003790997312909251,0.0016718229327113785,0.00060105248265301806,0.00022452154669629597,0.00039116515289937986,0.0
Ted Ginn Jr.,WR,CAR,2.5676209500192018,5300.0,0.99396016068207382,0.002028088048101145,0.0022970065832474199,0.00078755765003907425,0.00043934163947674705,0.00025929719978855053,0.0002285481972734238,0.0
Steve Smith,WR,BAL,2.5590705368965638,5400.0,0.99122991713182695,0.0067507711676745002,0.0014902761488987117,0.00024628655927694536,0.00015503441676007927,7.0905448124819072e-05,5.6809127437802719e-05,0.0
Jordan Norwood,WR,DEN,2.5554407920959941,4500.0,0.99211054406934762,0.0061462892965472313,0.00089796022187996877,0.00044060396826811691,0.00024103275622192942,0.00013546481405236329,2.8104873682725898e-05,0.0
Charone Peake,WR,NYJ,2.5538730963318073,4500.0,0.9923625372164091,0.0051975444119644765,0.0020656976722478997,0.00017547397701453331,0.00011769342360703136,5.2241704993948883e-05,2.881159376303508e-05,0.0
Braxton Miller,WR,HOU,2.5529671961086402,4500.0,0.99457714257213448,0.0034733176280396173,0.00064283951916153622,0.00045242301159490996,0.00034542930830382725,0.00014137030507488678,0.0003674776556908843,0.0
Brice Butler,WR,DAL,2.5413041620875871,5100.0,0.99463208760617094,0.0038856825425007588,0.00060102641148472948,0.00052233070310104797,0.00021259403070703802,0.00013005517954150738,1.6223526493629276e-05,0.0
Eli Rogers,WR,PIT,2.5411287573177006,4900.0,0.99566848339318959,0.0023761712115684132,0.00084285707808004343,0.00058707503793194822,0.00030335543727141677,0.00016943782653392866,5.2620015424699652e-05,0.0
Eric Weems,WR,ATL,2.5339267423408307,4500.0,0.99742031200387904,0.0012389385030284286,0.00014546941986155978,0.00048144775634720055,0.00025171631255093205,0.00013299428132836338,0.00032912172300422483,0.0
Charles Johnson,WR,MIN,2.5329956552548176,4600.0,0.99512856821282858,0.0039591260074432356,0.00055387414532780403,0.00015227848846824894,7.9521109840199016e-05,4.3847591000720194e-05,8.2784445091577417e-05,0.0
Eddie Royal,WR,CHI,2.5328018938067531,5100.0,0.99529717650935579,0.0038629658352086326,0.00034473786563570669,0.0002116538725213787,0.00013975742346207805,8.0106217564148604e-05,6.3602276251930123e-05,0.0
Arrelious Benn,WR,JAC,2.5311850046237283,4500.0,0.99514180501216787,0.00418551586322657,0.00027950603656459944,0.00022045706022324636,8.8316930309657068e-05,4.7173364879996542e-05,3.722573262794431e-05,0.0
Ricardo Louis,WR,CLE,2.5203812070851375,4500.0,0.99741514952786103,0.0018122374006677826,0.00037899086976001553,0.00019515568161362462,0.00010668871829565172,6.8503568596870018e-05,2.3274233204912583e-05,0.0
Harry Douglas,WR,TEN,2.5203747228925466,4500.0,0.99738349344957888,0.0018574749433045859,0.00039309626880424205,0.00017124183725190741,0.00010464972380497081,5.7554574359658553e-05,3.2489202895734658e-05,0.0
Cecil Shorts,WR,TB,2.5159899297761648,4500.0,0.99800108810008636,0.0014349016196511918,0.00022688543186460421,0.00015825548280645009,9.9176799885599204e-05,5.3441235462813437e-05,2.6251330242594237e-05,0.0
Ryan Grant,WR,WAS,2.5154859976336241,4500.0,0.99823300365805268,0.0011435934268239831,0.00028777780122542289,0.00014331609274603071,9.1269944920383973e-05,4.9154370650739414e-05,5.1884705581002885e-05,0.0
Corey Coleman,WR,CLE,2.5125889070675429,5700.0,0.99845882440177258,0.0010568150662660534,0.00019645801366373312,0.00015192427642618563,8.1969064747171167e-05,4.4438946438200696e-05,9.5702306857106934e-06,0.0
Paul Richardson,WR,SEA,2.5123153974207004,4500.0,0.99856018476580122,0.00099713878845634585,0.00017674596200771442,0.00011077841037201551,6.8775863541812294e-05,3.762351829980851e-05,4.8752691520919564e-05,0.0
Tyler Boyd,WR,CIN,2.5096573823330459,4600.0,0.99897521144969359,0.00060726439156937495,0.000140956063136177,0.00016240321391775892,5.5237782709373694e-05,3.2591311433091135e-05,2.6335787540224262e-05,0.0
Geronimo Allison,WR,GB,2.509592687373706,5200.0,0.99896825078418316,0.00052567925984065911,0.00031130352632037473,6.8368118667345312e-05,8.806217139459273e-05,2.4191191120895605e-05,1.4144948473057425e-05,0.0
Corey Brown,WR,CAR,2.507866712123775,4800.0,0.99914891985142085,0.00049951260912201327,0.00014921598682349655,0.00010805022374702321,4.8406254327135026e-05,2.7130554133643549e-05,1.8764520425883352e-05,0.0
Cobi Hamilton,WR,PIT,2.507439743117196,4500.0,0.99908241357953032,0.00059128204768975963,0.00019895105300713698,6.2316270647256577e-05,3.3534981940405731e-05,1.805847111404351e-05,1.3443596071026085e-05,0.0
Bryce Treggs,WR,PHI,2.5069690649352347,4500.0,0.99919826346222518,0.00052877828551888689,0.00011435265217332734,7.1018390902246556e-05,4.4095573343210443e-05,2.3869134560914079e-05,1.9622501276481644e-05,0.0
Rashard Higgins,WR,CLE,2.5058739173331093,4500.0,0.99927454688970796,0.00050021536371166954,0.00010284563515592042,6.0904070593111141e-05,3.2523368446661764e-05,2.1466148975700775e-05,7.498523408323429e-06,0.0
Bradley Marquez,WR,LARM,2.5049890057223254,4500.0,0.99955837798970437,0.00017845925224485462,0.00011958235815783771,6.6652086022825241e-05,3.5809791861612538e-05,2.0192428441709633e-05,2.0926093566358362e-05,0.0
Albert Wilson,WR,KC,2.5049213342465539,4900.0,0.99933230543349505,0.00049846003201673187,8.4844604983351775e-05,4.1912286838617143e-05,2.5939726724767698e-05,1.3916409137010351e-05,2.6215068042275655e-06,0.0
Trevor Davis,WR,GB,2.5041983658653071,5100.0,0.99959836706072025,0.00017356882077924091,0.00012520481324909371,4.4128578049101554e-05,2.7926598653903952e-05,1.9082825694561065e-05,1.1721302853596021e-05,0.0
Jordan Taylor,WR,DEN,2.504190784816168,4500.0,0.99943028710917214,0.00044062923923944878,5.3718405306557593e-05,3.8511902763099414e-05,1.9511437058463382e-05,1.0808623422659891e-05,6.5332830376351942e-06,0.0
Dwayne Harris,WR,NYG,2.5039461823830198,4500.0,0.99969191082436426,0.00013982956681188758,6.303299018940706e-05,3.0757843393303909e-05,1.5944020650196785e-05,8.7463921383383878e-06,4.977836245245694e-05,0.0
Bennie Fowler,WR,DEN,2.5038669186260725,4600.0,0.99957630426134436,0.00023736635068473578,9.5353360753053129e-05,4.3438625081984098e-05,2.8214054558674708e-05,1.5642133137021885e-05,3.681214439699393e-06,0.0
Maurice Harris,WR,WAS,2.5034079226941355,0,0.99970144081361478,0.00015530504239245985,4.7550014870780345e-05,3.4097989622913221e-05,2.1558041196148437e-05,1.1772870615868826e-05,2.8275227686289361e-05,0.0
Rod Streater,WR,SF,2.5033315129281792,4500.0,0.99956383535474091,0.00030134604009102184,8.3548969621081973e-05,2.4848241835863265e-05,1.5201951554240012e-05,6.9468662927112693e-06,4.2725758638034495e-06,0.0
Griff Whalen,WR,SD,2.5032786894914434,4500.0,0.99972611504751407,0.0001254618382040661,3.8491131758126858e-05,5.2376217111675475e-05,2.3449168198742849e-05,1.2882939631462185e-05,2.1223657581710048e-05,0.0
Josh Bellamy,WR,CHI,2.5032284907013418,4500.0,0.99954559090500139,0.00037288899391911372,3.5657393371715668e-05,1.7052618424854155e-05,1.1096822277966622e-05,6.1246802070523474e-06,1.1588586797560744e-05,0.0
Lucky Whitehead,WR,DAL,2.5032190733393258,4500.0,0.99968734282209903,0.00016050756320948041,5.6100248504516981e-05,4.8685627831620343e-05,2.4830949208782787e-05,1.3824801424058005e-05,8.7079877225180026e-06,0.0
Aaron Burbridge,WR,SF,2.5029625375900966,4500.0,0.99965436764519877,0.00018794783356713374,0.00011047961195348933,2.2583567580896684e-05,1.3879255528874761e-05,6.3272162817612067e-06,4.4148698889558334e-06,0.0
Rashad Ross,WR,WAS,2.5025098461753879,4500.0,0.99976247760055847,0.00012723189464467958,4.4003847898919898e-05,2.7401234214305472e-05,1.4579774000269615e-05,7.8532469673805917e-06,1.6452401716016369e-05,0.0
Deonte Thompson,WR,CHI,2.5024467733020832,4500.0,0.99976957186639526,0.00012957537817635543,3.845299484398227e-05,2.1902764386832857e-05,1.3865375786666736e-05,7.6013576160880908e-06,1.9030262794585974e-05,0.0
Malcolm Mitchell,WR,NE,2.5024104632606545,4500.0,0.99975256912228294,0.00014050064513655927,4.3363966260378708e-05,3.0145204537623651e-05,1.5850346877867717e-05,8.7883823540509538e-06,8.782332550598612e-06,0.0
Pharoh Cooper,WR,LARM,2.5023909494610552,4500.0,0.99979443106012988,7.3698121922013377e-05,6.3709627013405358e-05,3.2802164797031966e-05,1.5406612976473255e-05,8.4340770550829996e-06,1.1518336106127388e-05,0.0
Jarius Wright,WR,MIN,2.5023885468963436,4500.0,0.99978009202425711,9.7884811206099716e-05,7.1545494182163446e-05,1.631314680427797e-05,1.035634490086288e-05,5.589601026911321e-06,1.8218577622654752e-05,0.0
Mike Thomas,WR,LARM,2.5023789710830528,4500.0,0.99980861201842386,5.5601668984715299e-05,6.5623391956161407e-05,3.1520033234569905e-05,1.6984581902806534e-05,9.5544328917672547e-06,1.210387260611472e-05,0.0
Devin Hester,WR,BAL,2.5023140794403713,4500.0,0.99979250222902627,0.00011143802537400582,4.1496147664045546e-05,1.5341440408961142e-05,9.7557909252290113e-06,5.4622003116323134e-06,2.4004166290160159e-05,0.0
Matthew Slater,WR,NE,2.5018793381556166,4500.0,0.9997860882929972,0.00014320594433239267,2.6347415577345899e-05,1.9461681921498919e-05,1.2028043506347444e-05,6.7842699833518326e-06,6.0843516815018265e-06,0.0
Chris Harper,WR,SF,2.5018708968090881,4500.0,0.99982257917326955,9.0340920090779193e-05,3.1041631349557937e-05,2.7433242211457799e-05,1.3992013101603479e-05,7.6648199095245073e-06,6.9482000675797146e-06,0.0
Brittan Golden,WR,ARI,2.5017618727334257,4500.0,0.999744961551292,0.00021401876546886029,1.548292300548096e-05,1.0466492413128304e-05,6.6404297724932273e-06,3.5768056234127028e-06,4.8530324244532802e-06,0.0
Freddie Martino,WR,TB,2.5017121862783798,4500.0,0.9998523922503969,5.8947436179775854e-05,3.8562915451168214e-05,2.1455238182955703e-05,1.3308912616546344e-05,7.2689886949221572e-06,8.0642584775727375e-06,0.0
Alex Erickson,WR,CIN,2.501653032509823,4500.0,0.99985888621413532,7.6540015547931075e-05,1.9852860932493762e-05,1.3688978471014074e-05,8.4441450975064984e-06,4.8689060346553525e-06,1.7718879780851725e-05,0.0
Jakeem Grant,WR,MIA,2.5015438810263828,4500.0,0.99986067618455921,6.8025873493189387e-05,2.5625919064573885e-05,1.8226736524078195e-05,1.3628383583531099e-05,6.3367455285435917e-06,7.4801572469433373e-06,0.0
Cody Latimer,WR,DEN,2.5012746315985517,4500.0,0.99988894365507441,4.3930211482358706e-05,3.1688223695556489e-05,1.4757498963893704e-05,9.3569240454646332e-06,5.1221306909081419e-06,6.2013560475097799e-06,0.0
Rashad Greene,WR,JAC,2.5011971905819199,4500.0,0.99988052539199235,7.1934331545915321e-05,1.6424129016746604e-05,1.209421959120152e-05,7.6086490859677143e-06,4.16536020110192e-06,7.2479185664287193e-06,0.0
Chris Moore,WR,BAL,2.5011295817418602,4500.0,0.99988847526606472,6.2470260729897731e-05,2.2230800822758817e-05,1.1100799726052071e-05,4.9427614075303026e-06,2.7731212877944428e-06,8.0069899614257341e-06,0.0
Leonte Carroo,WR,MIA,2.5010448166020645,4500.0,0.99990295553211317,4.9125592708703205e-05,1.7990806997482242e-05,1.2640689477642603e-05,7.9401431535969615e-06,4.3890389381825714e-06,4.9581966109277895e-06,0.0
De'Anthony Thomas,WR,KC,2.5010332410527338,4500.0,0.99988629874899482,6.0580340119841172e-05,3.2345278918842994e-05,9.5689927989303875e-06,6.0310985822500466e-06,3.3967159620035788e-06,1.7788246235950615e-06,0.0
Tavarres King,WR,NYG,2.5009765356891167,4500.0,0.99992283264053461,2.6127079842876331e-05,2.6315069814744614e-05,7.8702669341812959e-06,5.0041001070375275e-06,2.7385072413383355e-06,9.1123355251800597e-06,0.0
Keith Mumphery,WR,HOU,2.5008974431620499,4500.0,0.99991714772026397,3.9063946596070417e-05,1.8020734971071159e-05,1.1283302516801164e-05,7.1058958425695949e-06,3.8999158728599973e-06,3.4784839364432926e-06,0.0
Marc Mariani,WR,TEN,2.500809744251979,4500.0,0.99990595549504424,6.7503354472488018e-05,7.1185729861100499e-06,8.2461803326791673e-06,5.1488247823218641e-06,2.8698071075835164e-06,3.1577652747338576e-06,0.0
Jake Lampman,WR,NO,2.5007875295346573,4500.0,0.99992579386275071,3.7209633852176782e-05,1.5190690673747138e-05,9.2939743531166753e-06,5.7899851375766831e-06,3.2126785953287387e-06,3.509174637742208e-06,0.0
Demarcus Robinson,WR,KC,2.5005656049875071,4500.0,0.9999474580394474,2.5229332338661723e-05,1.2266252063376808e-05,6.1560087943258616e-06,3.8827481623381408e-06,2.1262551685355225e-06,2.8813640248158575e-06,0.0
Brenton Bersin,WR,CAR,2.500554563162507,4500.0,0.99995818135411862,1.6049752992128961e-05,9.6755712681263516e-06,5.1944937038179836e-06,3.2886940800910498e-06,1.7949269320839025e-06,5.8152069047724342e-06,0.0
Isaiah Burse,WR,SD,2.5004272442514877,4500.0,0.99996448233584512,1.3995950738847759e-05,9.2250431047547719e-06,5.1182307298763593e-06,2.7132222891460852e-06,1.4857869333158818e-06,2.9794303593963224e-06,0.0
