name,pos,team,expectation,salary,prob_0_5,prob_5_10,prob_10_15,prob_15_20,prob_20_25,prob_25_30,prob_30+,label
Jay Ajayi,RB,MIA,18.329794229891714,7800.0,0.012747519905470819,0.13650100351345518,0.26023138814918439,0.22973630433570452,0.15618665449556018,0.089894538151265191,0.11470259144935979,2.0
Melvin Gordon,RB,SD,17.972667286913289,8300.0,0.0016707022517968135,0.090465099148999098,0.32681500281038611,0.20032609282885194,0.20931315029628164,0.13463814624849627,0.036771806415188124,2.0
Matt Forte,RB,NYJ,17.114634513264512,7100.0,0.036758962732673428,0.17236426528025467,0.22211251785769431,0.22385763188985083,0.20240317616239153,0.067413598775492786,0.075089847301642601,3.0
Darren Sproles,RB,PHI,16.745707807181141,5100.0,0.10364535831139567,0.14935271032945346,0.19146607923059014,0.18613503970092035,0.20162642901764125,0.092391756461817201,0.075382626948181861,4.0
DuJuan Harris,RB,SF,16.396107150064381,5200.0,0.064203850293921269,0.20133675005130203,0.26470202621159866,0.18631415894989331,0.10135386007568278,0.066305395552297752,0.11578395886530422,2.0
Jordan Howard,RB,CHI,16.347219187196483,6900.0,0.10381142300382928,0.098048618018156924,0.25556277227308732,0.27019079306272376,0.10773233351300701,0.10098895280333743,0.063665107325858283,3.0
Jeremy Hill,RB,CIN,15.875151627493462,6100.0,0.073033203913145037,0.12005054764435187,0.3678529851108725,0.16760383296847839,0.12035030478295144,0.098098817783966882,0.053010307796233891,2.0
Tim Hightower,RB,NO,15.807167966879062,6200.0,0.059081768965243565,0.20540160898017293,0.27114809205856993,0.14933257505398151,0.18798988436389716,0.074680614064607076,0.052365456513527864,2.0
Ty Montgomery,RB,GB,15.577068606489256,6200.0,0.090503133446870818,0.25487516521790593,0.21740487487602383,0.13368453028218447,0.13254689809916229,0.077944976280898193,0.093040421796954473,1.0
Chris Thompson,RB,WAS,15.003125482252223,4900.0,0.18353787301097338,0.10518125295355925,0.2875145895677334,0.11260800859787495,0.12643721249079048,0.14923008223954262,0.035490981139525979,2.0
DeMarco Murray,RB,TEN,14.865177641032613,7400.0,0.071220730418420836,0.28171651087676636,0.20276546177950922,0.19226228451342148,0.13920548506864303,0.054141751850102067,0.058687775493137063,1.0
Mark Ingram,RB,NO,14.854754825021981,6300.0,0.082032828261686688,0.21573448146424182,0.2929633172684703,0.12992514170691979,0.18075490000622668,0.05622388636227145,0.042365444930183162,2.0
Devonta Freeman,RB,ATL,14.450827928581575,7000.0,0.11587889820878909,0.30319608920232349,0.19201865829087392,0.098493150964446233,0.16002195224080937,0.05345214268483945,0.076939108407918441,1.0
David Johnson,RB,ARI,14.089683680804171,9400.0,0.27722131686384532,0.10985875272529444,0.1254073864144645,0.161548379114237,0.19486063833913467,0.10599826841486351,0.025105258128160571,0.0
Le'Veon Bell,RB,PIT,13.865547547258737,8100.0,0.11369547452730988,0.3438525444935937,0.16874639385670698,0.14331649112220954,0.1104030622764816,0.039804509621235336,0.080181524102462848,1.0
Paul Perkins,RB,NYG,13.360907410800943,4500.0,0.24196053014424276,0.23334265635554083,0.17648179644312106,0.1211235822038554,0.077747873660160879,0.039480104059211263,0.10986345713386768,0.0
Alfred Blue,RB,HOU,12.982611511978828,4500.0,0.28654169413408043,0.12060553622732356,0.22332904491755878,0.14027672643459296,0.11852806798229971,0.056904547917728955,0.053814382386415636,0.0
Rob Kelley,RB,WAS,12.893136248273779,5300.0,0.25442943195753714,0.11238162095399254,0.32199891815977444,0.10555329294872902,0.087943649266074925,0.074127831446380035,0.043565255267511933,2.0
Derrick Henry,RB,TEN,12.758363103360489,5300.0,0.31530612132116115,0.1471802900125862,0.15293227336498044,0.1472985126740832,0.096696157898153584,0.09591038428269559,0.044676260446339829,0.0
Rashad Jennings,RB,NYG,12.744151567982646,5600.0,0.24041384571112584,0.25448760119912661,0.19225184932839709,0.11463892415680503,0.069374876689334217,0.032660756290678092,0.096172146624533189,1.0
LeGarrette Blount,RB,NE,12.53460387412219,6400.0,0.19672302781110404,0.14533805393387228,0.35601352793706231,0.16592178857057527,0.075378639717814291,0.029191008505838594,0.031433953523733113,2.0
Damien Williams,RB,MIA,12.339432366209824,4500.0,0.3700815984728526,0.17816666905240483,0.13441100879337362,0.095015046557466162,0.058067583752858497,0.042730196661871549,0.12152789670917274,0.0
Bilal Powell,RB,NYJ,12.156023889099053,5400.0,0.3575950943943545,0.17730642587540263,0.12919958515218374,0.12493525572281695,0.084338295671015931,0.026482999273296469,0.10014234391092983,0.0
Paul Lasike,RB,CHI,12.097617955949818,4500.0,0.42185240809827168,0.14384370769756469,0.10520969995202988,0.073456265848953081,0.073223940690471501,0.089129954568677436,0.093284023144031808,0.0
Mike James,RB,TB,12.075959576979876,4800.0,0.37835849137487815,0.18909144960850013,0.11794550586028366,0.073741122109136636,0.072619950891972984,0.076717557891585894,0.091525922263642548,0.0
Giovani Bernard,RB,CIN,11.932816933005254,5900.0,0.30872180849198022,0.15840954289513343,0.23652267157197174,0.10927572329712702,0.079209659884988848,0.060434112634369083,0.047426481224429558,0.0
Todd Gurley,RB,LARM,11.88100590814537,7000.0,0.21930268644308601,0.35744958772155405,0.17883177268261996,0.087891990375689719,0.041581254280672934,0.010693696622621983,0.10424901187375529,1.0
Akeem Hunt,RB,HOU,11.675188518775098,4500.0,0.43639855958161422,0.1464612381096996,0.12023851972366865,0.064214353660018972,0.059459860539079486,0.072241080964577431,0.1009863874213416,0.0
Roosevelt Nix,RB,PIT,11.539740448130175,4500.0,0.3642863836588342,0.17933348181803818,0.14750456494913963,0.11916286465527247,0.072186026692697122,0.051033754197338133,0.066492924028680164,0.0
Chris Ivory,RB,JAC,11.443889456699619,5200.0,0.25289944404843751,0.25957488439184162,0.23699915282080744,0.10348053892598355,0.063313579641108939,0.035167890101836942,0.048564510069984058,1.0
Isaiah Crowell,RB,CLE,11.42650849217576,6000.0,0.37004486258051283,0.22691802800486402,0.14357828252718516,0.071352829599516138,0.045360731769426073,0.03474569091370535,0.10799957460479044,0.0
Duke Johnson,RB,CLE,11.249578645155413,5100.0,0.41224113983927541,0.19703195092255385,0.11204879087382597,0.072902489523804168,0.055664972231191163,0.058866952730714982,0.091243703878634591,0.0
Ka'Deem Carey,RB,CHI,10.963192579442737,4500.0,0.4615440609016474,0.11033317349727799,0.1389727168484175,0.10636665777753578,0.049595490822588177,0.052562252613326872,0.080625647539206188,0.0
James Starks,RB,GB,10.963156817458822,5300.0,0.48729359205459372,0.12574634604546633,0.093166240500679454,0.065089515682917723,0.07119683925748832,0.082201266410880991,0.07530620004797349,0.0
Terron Ward,RB,ATL,10.794152623057155,5200.0,0.49316155549889917,0.1761651332822336,0.052618020323298674,0.038562362680805456,0.072478500508166302,0.075843679656907206,0.091170748049689596,0.0
Benny Cunningham,RB,LARM,10.457500874385568,4500.0,0.41329679446664663,0.25556234822794383,0.10623507703476957,0.064595366303154669,0.036591496244203006,0.013904917671987378,0.109814000051295,0.0
Matt Asiata,RB,MIN,10.199999613910595,5800.0,0.36984098912329311,0.22864380825977243,0.14555066545810347,0.11379264222596862,0.080931684731245401,0.028607498871505928,0.03263271133011119,0.0
Ezekiel Elliott,RB,DAL,10.196728680705924,8900.0,0.48640109489510341,0.19763398661846318,0.047075448376444007,0.037692305641611856,0.072209827091235371,0.1251820436475784,0.033805293729563736,0.0
Jonathan Stewart,RB,CAR,10.006248486945092,6800.0,0.41069535156631776,0.2896140999693646,0.076430595728875311,0.048061272694213099,0.057617279580747499,0.053438422291238422,0.064142978169243331,0.0
Alfred Morris,RB,DAL,9.9899735872866682,4500.0,0.53140933200775786,0.14945206363977095,0.062679747284531406,0.043053750501232724,0.06145571129579095,0.092981337799544761,0.058968057471371418,0.0
Peyton Barber,RB,TB,9.8934358008776773,5700.0,0.38105191991379028,0.27843417533896309,0.14062814809675597,0.056008167153962549,0.057526595396485559,0.026943770703363807,0.059407223396678727,0.0
Andre Ellington,RB,ARI,9.1397866147535964,4500.0,0.5798567748440725,0.10532892053724663,0.066265255853250341,0.073400482897244018,0.078136179216127449,0.048819192058434838,0.048193194593624027,0.0
Devontae Booker,RB,DEN,9.0540494450489568,7800.0,0.39535552764212961,0.31150501756303617,0.11032211335686477,0.076119010598936096,0.042948879655090123,0.023908892253183222,0.039840558930760092,0.0
Lamar Miller,RB,HOU,9.0287703615015857,7500.0,0.4918615928826281,0.10321462023216973,0.20530025350720046,0.088557361579207572,0.0642587917331853,0.023344184695383175,0.023463195370225644,0.0
Lance Dunbar,RB,DAL,8.9772197347870879,4500.0,0.60316281988936415,0.13386409977923755,0.041104794839943226,0.033390609108299232,0.063555037353656946,0.058012581955316125,0.066910057074182711,0.0
Fitzgerald Toussaint,RB,PIT,8.8494453440853853,4500.0,0.52659751358202622,0.20596843288628972,0.064858827196885335,0.064224622308142923,0.049404519257733079,0.02282567561089556,0.066120409158027346,0.0
Bobby Rainey,RB,NYG,8.7782263526971498,4500.0,0.52722509933885298,0.18929852796219865,0.10084563355518987,0.061195859161209246,0.033553541706897817,0.016249978424067838,0.071631359851583601,0.0
Orleans Darkwa,RB,NYG,8.7291943735423381,4500.0,0.53171218685433841,0.18776050192977045,0.099294853388939036,0.059989799320873158,0.033450707658968411,0.016620828735928427,0.071171122111182109,0.0
Spencer Ware,RB,KC,8.7150299397968514,7300.0,0.50524533731077526,0.11937435841522138,0.19522741534930577,0.069768216667674257,0.052971247317641725,0.040800068356021277,0.016613356583360227,0.0
Kenneth Dixon,RB,BAL,8.589874279703217,4600.0,0.54806908547258415,0.17756139880932864,0.090852651558723185,0.065905577078417668,0.029310067425856189,0.020137849788597541,0.068163369866492712,0.0
Charcandrick West,RB,KC,8.3923786540715817,6000.0,0.50471464255363752,0.20933358290249321,0.12056770818473159,0.059533535022002759,0.043307243675993881,0.020236145350026911,0.042307142311114078,0.0
C.J. Prosise,RB,SEA,8.3367136333489071,4700.0,0.5043167458750758,0.23635942518526798,0.069605940742899927,0.067466872439061465,0.066860837568526829,0.025405803881446518,0.029984374307721391,0.0
T.J. Yeldon,RB,JAC,8.3149098024572954,5500.0,0.48128675137487703,0.22924630728511056,0.12914558319845235,0.066156873983423167,0.040086383695533093,0.023252881953254687,0.030825218509348992,0.0
Stepfan Taylor,RB,ARI,8.2915018131515339,4500.0,0.63142951216208265,0.095069753342185412,0.064760591087289626,0.060900411269296399,0.062292670287554704,0.036145593253271692,0.049401468598319356,0.0
Kerwynn Williams,RB,ARI,8.2915018131515339,4500.0,0.63142951216208265,0.095069753342185412,0.064760591087289626,0.060900411269296399,0.062292670287554704,0.036145593253271692,0.049401468598319356,0.0
Doug Martin,RB,TB,8.284179722427826,6500.0,0.60555902795946592,0.13113497067893895,0.083191022715151663,0.04287586250424253,0.036568302380359394,0.046628105406540367,0.054042708355300943,0.0
Ryan Mathews,RB,PHI,8.1229626494964986,5500.0,0.58106744975819358,0.14801576755292517,0.088439932889235476,0.058996060977692048,0.058072610313398304,0.023156591949584547,0.042251586558971023,0.0
Shaun Draughn,RB,SF,8.0761580771647541,4800.0,0.54526564286130741,0.19415100185294151,0.11433810325971015,0.051384150543305196,0.021465875436596681,0.016453677077078222,0.056941548969060882,0.0
Lorenzo Taliaferro,RB,BAL,8.0616199964128636,4500.0,0.59734090951684893,0.15619309998461134,0.077261555110808455,0.055968534765320377,0.027047906639597632,0.02314093511086238,0.063047058871950903,0.0
Kenyan Drake,RB,MIA,7.8574298914265439,4500.0,0.63683338677421941,0.13187368126639357,0.070739935887755512,0.044369760448021302,0.024853307208974985,0.018689746421125773,0.072640181993509453,0.0
C.J. Spiller,RB,NYJ,7.81783982586904,4500.0,0.65371885961053,0.13413998842646066,0.054609066043633005,0.031609632804816747,0.022663198650101819,0.024304668249168056,0.078954586215289752,0.0
Kyle Juszczyk,RB,BAL,7.7971510862406923,4500.0,0.61492702488587903,0.15174179169690888,0.072915915602178652,0.053418659707830739,0.025208813609982467,0.020570202298987691,0.06121759219823257,0.0
Ronnie Hillman,RB,MIN,7.5773592818297173,4500.0,0.56926592594617265,0.20057631084348509,0.091899194183856517,0.046132852324369922,0.028521679940304131,0.023209572354237838,0.040394464407573813,0.0
Jerick McKinnon,RB,MIN,7.4874848046502134,5700.0,0.55825536867207082,0.20479987053901508,0.10233804016671909,0.062371211455571285,0.022975380298735835,0.0074566554302262144,0.041803473437661727,0.0
Terrance West,RB,BAL,7.4325088854984189,6500.0,0.59450861899286844,0.18650041874984202,0.083095224427100128,0.051957318867576867,0.020432963586508392,0.011052240931866452,0.0524532144442377,0.0
Javorius Allen,RB,BAL,7.3560828328205172,4600.0,0.63877573267980481,0.14733802006785798,0.069541092841453114,0.049735102246124333,0.021960445393016212,0.016315447675620653,0.056334159096122806,0.0
Kapri Bibbs,RB,DEN,7.3347114181677373,4600.0,0.59503540495129004,0.19649401737530631,0.070581581358415607,0.050059404531819104,0.026802398147286331,0.016519640850952859,0.044507552784929696,0.0
Malcolm Brown,RB,LARM,7.2461617904900359,4500.0,0.62340259908359541,0.19139407741704878,0.061975446092803595,0.033077274723039368,0.016783276307345732,0.0062434415654908908,0.067123884810676257,0.0
Carlos Hyde,RB,SF,7.2087558343118721,6800.0,0.66351380727590192,0.12433828056421567,0.080901271681652107,0.031605693787142994,0.018858505808660428,0.026484418264660723,0.054298022617766194,0.0
Chase Reynolds,RB,LARM,7.2010668788899785,4500.0,0.62722785779541257,0.18949185176642583,0.06123526547228076,0.032676609293850446,0.016560953174489974,0.0061807691643448468,0.066626693333195791,0.0
Rex Burkhead,RB,CIN,7.1346665015340536,4500.0,0.65730883111992122,0.10993522040214039,0.09828424330975645,0.038927119578687858,0.03061520608977181,0.027235704372125073,0.037693675127597109,0.0
Aaron Ripkowski,RB,GB,6.9669193823712501,4700.0,0.64848217859552326,0.1450240088209391,0.073949169517626395,0.040522014542798787,0.03708839278035779,0.017687078973115476,0.037247156769638995,0.0
Alex Collins,RB,SEA,6.8755711325619231,4500.0,0.61661414369973311,0.20241481694866675,0.067529466137330338,0.038278003914262865,0.022245291435262722,0.006762337543746463,0.046155940320997742,0.0
Jeremy Langford,RB,CHI,6.7963676561863151,4900.0,0.72356568663307019,0.090525147513039722,0.04449069889985649,0.029801557183824469,0.027675513150501391,0.043972544171378157,0.039968852448329352,0.0
Tyler Ervin,RB,HOU,6.5023508893222886,4500.0,0.70646551899986487,0.07918930373722495,0.088402077346541291,0.043043230400494632,0.038119791404895118,0.018801763405517955,0.025978314705460952,0.0
Patrick DiMarco,RB,ATL,6.2998568758659408,4500.0,0.70570870302124755,0.14426738146715207,0.046090104309764034,0.019962029057021862,0.026190056985027878,0.011135829042188471,0.046645896117598236,0.0
Jay Prosch,RB,HOU,6.283644257738267,4500.0,0.72113560706238988,0.076978023699393661,0.083243921439006205,0.041311897472195304,0.035365385698208976,0.016605213550941179,0.025359951077864543,0.0
James White,RB,NE,6.1036052580697895,5400.0,0.69103894150861478,0.096381942990106398,0.1161325024485093,0.045261841992898705,0.023293544326794553,0.012119048882691002,0.01577217785038516,0.0
Kenneth Farrow,RB,SD,5.9897173730080198,4500.0,0.71155114150935594,0.134573629925127,0.066819574171730969,0.023628263081379285,0.014595687234610698,0.011295278903493909,0.037536425174302279,0.0
Ryan Hewitt,RB,CIN,5.8360176256875116,4500.0,0.74666102613197582,0.089675502804511822,0.070225902947659874,0.026919967820317799,0.020278650270727679,0.016900975511626917,0.029337974513180293,0.0
Wendell Smallwood,RB,PHI,5.8178292881230877,4600.0,0.75206557560752263,0.096839771175815492,0.047244369729658661,0.032466652923018854,0.029082005062067342,0.010967465193535399,0.031334160308381806,0.0
John Kuhn,RB,NO,5.7592703270017775,4500.0,0.72223423303913648,0.12625632934153971,0.058165206009403086,0.027247793762438095,0.032314039340019141,0.014211869937261779,0.019570528570201529,0.0
James Develin,RB,NE,5.5343303660766727,4500.0,0.74503078579773685,0.088126449704451187,0.084442597403089653,0.036370611585246883,0.018059476282284374,0.0088672174379439851,0.019102861789247066,0.0
Brandon Bolden,RB,NE,5.5343303660766727,4500.0,0.74503078579773685,0.088126449704451187,0.084442597403089653,0.036370611585246883,0.018059476282284374,0.0088672174379439851,0.019102861789247066,0.0
Mike Tolbert,RB,CAR,5.3807577384828313,4500.0,0.77300677702958731,0.12211732820475012,0.02756440887664164,0.013782009905337747,0.014402591445084113,0.012917162172472981,0.036209722366125886,0.0
Antonio Andrews,RB,TEN,5.3596157539099156,4500.0,0.7656953557801186,0.12194801646287733,0.029739931185081638,0.023374143432970534,0.018580932056411689,0.012167615741418886,0.028494005341121474,0.0
Kenjon Barner,RB,PHI,5.1532593063496206,4800.0,0.79754442509716095,0.084409172933880325,0.036308161726081291,0.025043892759278014,0.022481423527670557,0.0092100088121151395,0.025002915143813729,0.0
Travaris Cadet,RB,NO,5.1362391878392204,4500.0,0.76787298718643393,0.11041030186065774,0.04973294496919306,0.021255386829542307,0.024147130812646429,0.010507434793557559,0.016073813547969176,0.0
Fozzy Whittaker,RB,CAR,5.08911387785869,4600.0,0.78957823102741376,0.1178921209099113,0.0233849101779178,0.012494182289876568,0.013482342049949208,0.012562979203659549,0.030605234341271836,0.0
Jalston Fowler,RB,TEN,4.7764185028445798,4500.0,0.80905154702845317,0.10388386387086418,0.022973274236521641,0.017832563718204551,0.013964254656896274,0.0092104324907208331,0.023084063998339323,0.0
Derek Watt,RB,SD,4.6925540791207467,4500.0,0.80014001321182948,0.11272031426003312,0.030732854435782112,0.016353926870751403,0.011332512474633571,0.011166333115695851,0.017554045631274488,0.0
Christine Michael,RB,GB,4.6498472144734153,7000.0,0.78403624973034414,0.12340298142085973,0.042220414911439082,0.018283603330648903,0.014029456395023503,0.0040136108646961124,0.014013683346988309,0.0
Andy Janovich,RB,DEN,4.5634675012280539,4500.0,0.80452608955988247,0.11364901392813855,0.032079479866986171,0.016756661785989894,0.0086755678463022803,0.0054149638281557142,0.018898223184545013,0.0
Will Tukuafu,RB,SEA,4.4553482309541756,4500.0,0.84254523807580339,0.084638182199537851,0.018417792845719549,0.011961795958564643,0.011426664977276001,0.0090421920767214843,0.021968133866377332,0.0
George Atkinson,RB,CLE,4.3722509249396735,4500.0,0.86545242896913099,0.063285570667618127,0.024673624546397852,0.0075968279993972095,0.003891621014830011,0.0031260846980394139,0.031973842104586488,0.0
Denard Robinson,RB,JAC,4.242606930346656,4500.0,0.83021353349401472,0.094702094550594071,0.036341452277190066,0.013264899347854135,0.0069619064055547724,0.0045737848083820141,0.013942329116410095,0.0
Zach Line,RB,MIN,4.0410443270715719,4500.0,0.85746281024554338,0.072600705678926278,0.030188697111189221,0.015963827872760159,0.0091853075183255962,0.0028621222698226494,0.011736529303432846,0.0
Anthony Sherman,RB,KC,3.8013865388841181,4500.0,0.87777395698567584,0.067327866327248687,0.02426483261489382,0.0098036283082987095,0.0063203656495413119,0.0030555646976640071,0.011453785416677832,0.0
Knile Davis,RB,KC,3.7099559234626489,4900.0,0.8808756643957677,0.070187420053538355,0.021532904037042441,0.0087141556170895144,0.0059013107277120572,0.0027568645298232295,0.010031680639026729,0.0
