name,pos,team,expectation,salary,prob_0_5,prob_5_10,prob_10_15,prob_15_20,prob_20_25,prob_25_30,prob_30+,label
Julio Jones,WR,ATL,17.5596436101713,8800.0,0.0094375857592465754,0.23224066904582041,0.069930555877456307,0.26652438371469894,0.35313987135445657,0.012687178628321534,0.056039755619999486,4.0
Jordy Nelson,WR,GB,12.263563146352338,7700.0,0.095156342568273114,0.18553185512628495,0.54611895536331767,0.081644985512688173,0.051749169229795423,0.023786846224908394,0.016011845974732191,2.0
A.J. Green,WR,CIN,11.490579660174964,8700.0,0.18476585797313652,0.20111804295374683,0.4234134060631955,0.11561003243103812,0.022315021970604653,0.019315839449658329,0.033461799158619986,2.0
Davante Adams,WR,GB,11.34366664941502,7200.0,0.047589412072423225,0.27215070187371398,0.60465218235274054,0.030765266469947671,0.033079822466156289,0.0091958812955190792,0.0025667334694993017,2.0
Doug Baldwin,WR,SEA,10.837585001960969,6900.0,0.18314129207285076,0.24371982068700671,0.41778917701251994,0.076514797313912697,0.041729495726378955,0.032952507256506322,0.0041529099308248796,2.0
Odell Beckham Jr.,WR,NYG,10.098196401614805,9000.0,0.17592691431598279,0.57795724370921697,0.044679944447819746,0.10565036501882837,0.025463044068489201,0.015718198980098838,0.05460428945956438,1.0
Mike Wallace,WR,BAL,9.9368430895928217,6900.0,0.17845322458293428,0.34004403997998861,0.36987078998287926,0.069796539687688383,0.017605377164820794,0.019815543773672499,0.0044144848280163428,2.0
Antonio Brown,WR,PIT,9.7830351326100278,8600.0,0.30499253730783327,0.29640439619043768,0.14061211439447982,0.18607444641479864,0.04819448177623812,0.017477346841412354,0.0062446770747996948,0.0
Jordan Matthews,WR,PHI,9.7058540440293779,5900.0,0.14480080886058747,0.45018701590199284,0.30618565891113969,0.034747288965776064,0.050830847148011449,0.010044834525981332,0.0032035456865111668,1.0
Larry Fitzgerald,WR,ARI,9.3164215093261671,7200.0,0.30622703526527623,0.12105767546853485,0.51557521940194873,0.029076588265012533,0.020927797375691334,0.0041644761053248186,0.0029712081182114341,2.0
Mohamed Sanu,WR,ATL,9.2341617414701211,5600.0,0.048304856883573229,0.76469291190710864,0.023301104804287869,0.13227554880579143,0.020375229532671357,0.0097450668016063821,0.0013052812649612801,1.0
Kelvin Benjamin,WR,CAR,9.2077460434911664,7000.0,0.25357934789822739,0.30424746216658283,0.33723042610042026,0.073554923042238235,0.018869347390399877,0.0097809809809049318,0.0027375124212263191,2.0
Brandin Cooks,WR,NO,9.1153154048879657,7300.0,0.43314052148376042,0.15130008001546211,0.16088511872978434,0.18637874890661868,0.054482806253880495,0.011238278800684582,0.0025744458098094676,0.0
Mike Evans,WR,TB,8.9200264075582556,8500.0,0.069605725926573603,0.77064894383882621,0.066108071862703205,0.04468333815863048,0.024559388577441606,0.0064745536474004675,0.017919977988424311,1.0
Terrelle Pryor,WR,CLE,8.857154700400935,7100.0,0.20562921209747959,0.45410661601256924,0.2334919824151962,0.086669406611734501,0.012672320661704076,0.0057700983689004011,0.0016603638324159461,1.0
Demaryius Thomas,WR,DEN,8.7694516466059316,7500.0,0.17276484180502202,0.56637017223069552,0.159177775634816,0.057007102989326361,0.028888683663720823,0.013370461132486602,0.0024209625439327812,1.0
Emmanuel Sanders,WR,DEN,8.7588161876048716,6900.0,0.30543013517964041,0.30316778639538777,0.28129702800136558,0.066747282788035225,0.03358875730207235,0.0080626997448543496,0.0017063105886444194,0.0
Brandon Marshall,WR,NYJ,8.4791841982842495,7100.0,0.15404207931155797,0.59244989863486586,0.19228655870883182,0.039444555873345027,0.0109570302568145,0.0091181112918486094,0.0017017659227361111,1.0
Michael Thomas,WR,NO,8.4775167151782451,6400.0,0.37808424382258915,0.28630637618671589,0.18160234705822315,0.098357699838983723,0.030421701662075758,0.023164825157965849,0.0020628062734466416,0.0
Rishard Matthews,WR,TEN,8.4635290614729151,5800.0,0.17583090593489389,0.54305247486204833,0.23063175286885965,0.025224859050486111,0.017041493866826969,0.00591403875580283,0.0023044746610822861,1.0
Allen Robinson,WR,JAC,8.3138340777185018,7000.0,0.1731237817493973,0.62765787523978156,0.12991714973959911,0.032810008172255413,0.020395863002985484,0.0062389528852435719,0.0098563692107376186,1.0
Randall Cobb,WR,GB,7.9067271061314743,6600.0,0.35493227154672807,0.38933478445578662,0.124326086171394,0.09960067436185796,0.019097271431660425,0.0096270483974805737,0.0030818636350925955,1.0
Tyrell Williams,WR,SD,7.6252172990629505,5900.0,0.36955598321749988,0.3931675727623532,0.15000890385035631,0.036088299408219671,0.036886385468310398,0.011237280103046638,0.0030555751902139154,1.0
Kenny Britt,WR,LARM,7.4003374397206159,6400.0,0.48865539477579811,0.3131244995848842,0.041254961939635057,0.076549969215333649,0.051373674236504602,0.026320861148692566,0.0027206390991517744,0.0
DeAndre Hopkins,WR,HOU,7.2199234038340183,7400.0,0.47037250672847186,0.3383333979881511,0.095073519898531786,0.037761760365091566,0.026916529430056957,0.006981341444628089,0.024560944145068639,0.0
Cole Beasley,WR,DAL,7.2130579171996221,6500.0,0.35498196595183662,0.47713627858114355,0.079565867248694452,0.057389473825289555,0.022240816563592239,0.0074963355068199495,0.0011892623226237716,1.0
Cordarrelle Patterson,WR,MIN,6.8497751108693485,5500.0,0.3264934252957199,0.57146744965193463,0.049062112417028438,0.029957521091734534,0.012486268973352067,0.0052801587914875093,0.0052530637787429162,1.0
Adam Thielen,WR,MIN,6.1656886148556422,5600.0,0.46980456386617581,0.42474288385005593,0.048104727332029362,0.032410711917680218,0.016406320248645842,0.0040814569305288517,0.0044493358548839341,0.0
Alshon Jeffery,WR,CHI,6.0425012172834904,7200.0,0.65244705226151745,0.057383001566214308,0.25024188119663693,0.023535908314065653,0.0085463716618633442,0.0034382230603384033,0.0044075619393642391,0.0
Jarvis Landry,WR,MIA,5.9697838394692413,6800.0,0.55785450767142442,0.28206781230018546,0.093306669337405113,0.0495763499961617,0.010512060153364099,0.0059590514683820449,0.00072354907307707649,0.0
Kendall Wright,WR,TEN,5.4905617794480595,4800.0,0.53240560346861443,0.38913822934172071,0.04743648343749253,0.018626915367737612,0.0068760415131727303,0.00342831809746657,0.0020884087737953216,0.0
Stefon Diggs,WR,MIN,5.4064684067428512,6700.0,0.65873858035758948,0.12464667538226519,0.20610002850162959,0.0038778184219312208,0.0030131040213349234,0.0018623859581401632,0.0017614073571094574,0.0
Dez Bryant,WR,DAL,5.1958111764246695,7500.0,0.74080809265854286,0.12198657443253537,0.061635815722452074,0.045377383290266228,0.010796209141070479,0.0076576452906331064,0.011738279464499729,0.0
Sterling Shepard,WR,NYG,5.1372709972260449,5800.0,0.64664506360812513,0.25184877139632311,0.054534706013280032,0.030277854444269801,0.0095896504384963919,0.0058879004741700458,0.0012160536253354726,0.0
Nelson Agholor,WR,PHI,4.8039144116005152,5400.0,0.70874702465489714,0.19493343083056741,0.055274369705497713,0.022063213382469877,0.010176366030779104,0.0058871748430758706,0.0029184205527130439,0.0
Dontrelle Inman,WR,SD,4.6643222829606064,5300.0,0.69419436235763621,0.22818976270657934,0.045130583744615031,0.020274250098951736,0.0083849505052749941,0.0032124098245134972,0.00061368076242913048,0.0
Tavon Austin,WR,LARM,4.6406884281498737,5400.0,0.73288741834712812,0.15550664378656576,0.083380599284992779,0.015069237760738031,0.0064287688546326325,0.005853735470632478,0.00087359649531022841,0.0
Adam Humphries,WR,TB,4.4159110504362964,5200.0,0.72197672318812056,0.22053906744592086,0.027976045595242804,0.017196084255473636,0.0079127235984978398,0.0034292727789310032,0.00097008313781316979,0.0
Terrance Williams,WR,DAL,4.2976667729947309,5200.0,0.72186219199187007,0.23524991245680779,0.020628351506114105,0.010191699797560952,0.0087057170417595003,0.0028167035120540895,0.00054542369383370356,0.0
Willie Snead,WR,NO,4.1935840677401215,6400.0,0.8158507551581613,0.076789463490120224,0.076015685267290092,0.020261914598683376,0.0072504068111696159,0.0031986179347636779,0.00063315673981182124,0.0
Julian Edelman,WR,NE,4.0868408887544838,6000.0,0.81531725551844014,0.11337044066929133,0.03106735858181927,0.025279066712562477,0.010144551568568709,0.0039273411097080066,0.00089398583960994063,0.0
Jamison Crowder,WR,WAS,3.9288637449102994,6000.0,0.82674273224055828,0.10776316932750959,0.029009979099922076,0.029303030722209335,0.0045979232510871522,0.0020678256986052931,0.00051533966010817219,0.0
Chris Hogan,WR,NE,3.7738152851216733,5900.0,0.81048669575915522,0.14693748796922113,0.026564383300195248,0.011158344550418385,0.0034140516953928245,0.0011921177964096395,0.00024691892920743566,0.0
Kenny Stills,WR,MIA,3.6560121877440439,5700.0,0.81022835965957651,0.16765798613971331,0.0080456791888404225,0.010442368063689592,0.0022519168558260464,0.0012071094555051577,0.00016658063684860149,0.0
Allen Hurns,WR,JAC,3.6496616858484505,5600.0,0.89073490948061307,0.04510051216829556,0.02863058814968298,0.023508641222989481,0.0063199011988767434,0.0035468602196475824,0.0021585875598946563,0.0
Quincy Enunwa,WR,NYJ,3.6433131836579924,5800.0,0.83919529227373912,0.122337393239503,0.018928966567847309,0.012515048853927161,0.004733251800738243,0.0019307670839515591,0.00035928018029361285,0.0
DeVante Parker,WR,MIA,3.6015520085653971,5600.0,0.81312909531013033,0.16891583211014016,0.0085174075838625202,0.0053888035842139751,0.0023706943069087072,0.0014650131505997705,0.00021315395414441311,0.0
Brian Quick,WR,LARM,3.5328916804189689,4500.0,0.84501260608578355,0.13594897697823485,0.0038529757924131961,0.0045032511453684705,0.0062085986996241018,0.0029993894364084613,0.0014742018621674235,0.0
John Brown,WR,ARI,3.2887726621706967,6200.0,0.90983033772124133,0.044048498892465024,0.032478071876775573,0.0088938316914207415,0.0024571125135801029,0.0017726752132139199,0.00051947209130320945,0.0
Steve Smith,WR,BAL,2.9545390241976714,5400.0,0.91707068487945143,0.078801610367020491,0.002325502393536859,0.00070334489843566197,0.00054929566080200566,0.00028278623864954391,0.00026677556210419947,0.0
Tyler Lockett,WR,SEA,2.9471574986805456,4900.0,0.94199881102478888,0.03829000003077157,0.013230605469897237,0.0029846008723724243,0.0021691453972447847,0.0010496915150446202,0.00027714568988054431,0.0
Michael Floyd,WR,ARI,2.9354492815188631,5000.0,0.96140083328131165,0.0093887701413191745,0.015532098914398452,0.010350010743123701,0.0018697115389602309,0.00091515335154749428,0.00054342202933951856,0.0
Robby Anderson,WR,NYJ,2.9136505115809843,0,0.92660633880454779,0.068366686100107238,0.0028605567090616056,0.0010589509918479021,0.00049192979372630061,0.00033550917139399969,0.00028002842931500725,0.0
Brandon LaFell,WR,CIN,2.9074104392437534,5600.0,0.95279819398812893,0.029436487083248641,0.0099910911204831379,0.0034327984534531552,0.0018897766931698532,0.0011532172722387478,0.0012984353892774359,0.0
Ted Ginn Jr.,WR,CAR,2.8992643530544258,5300.0,0.93317308990515513,0.060126860602691748,0.0035983710249939626,0.0012653026914207996,0.0010300853816537418,0.00041857946947975822,0.00038771092460454108,0.0
Marqise Lee,WR,JAC,2.8987968447926997,5000.0,0.94707899224295089,0.03807063985679697,0.0075459581186034909,0.0045545761836173681,0.0014881529850646255,0.00081363440723807294,0.00044804620572848401,0.0
Devin Funchess,WR,CAR,2.852557212182778,4800.0,0.96116542046826714,0.022139653716009688,0.0087224377330694033,0.0036359334137593918,0.0024264917145046176,0.0014015086989473868,0.00050855425544209818,0.0
Breshad Perriman,WR,BAL,2.8149089560416876,5200.0,0.95242668333889913,0.038447045973427907,0.0060205752091528307,0.0013674038623344683,0.00086462474100029696,0.00049730028207019543,0.00037636659311512932,0.0
Pierre Garcon,WR,WAS,2.805834326919094,5400.0,0.968450185461883,0.017327176095251307,0.0031674111388649618,0.0080982168746668096,0.0019354553701307522,0.00078114198567067622,0.00024041307353242879,0.0
Torrey Smith,WR,SF,2.7929935332567015,5200.0,0.95302093248422792,0.040888816968085308,0.0026198670302693084,0.0021218683823687767,0.00084065401297300573,0.00037277524651628091,0.00013508587555949566,0.0
Jeremy Kerley,WR,SF,2.7726279307225203,5100.0,0.95290204780796928,0.043517191289268134,0.0014016499074965101,0.0011243197757466979,0.00060685906889709426,0.00033790636108546075,0.00011002578953651538,0.0
Kamar Aiken,WR,BAL,2.7666226747614489,5100.0,0.96274559850490571,0.025942132465694729,0.0087453160731820745,0.0013333591111715304,0.00060068944148270267,0.00041662892158470996,0.00021627548197873919,0.0
Taylor Gabriel,WR,ATL,2.7368654700251795,4600.0,0.97094263237793543,0.021473544426582298,0.00082409648012961138,0.0043069263880398121,0.0013194623349987104,0.00087597922397500796,0.00025735876833923854,0.0
Jordan Norwood,WR,DEN,2.7335367175911904,4500.0,0.96792603831606794,0.024649047599151423,0.0035715107696300923,0.0017904917695256018,0.0011465152926108876,0.00066589182919063689,0.00025050442382351494,0.0
Cameron Meredith,WR,CHI,2.7248478201118669,5300.0,0.97343392667044748,0.012745295410770277,0.011524176215029247,0.0010827343989763454,0.00057839901279516407,0.00034428464296283964,0.00029118364901859454,0.0
Quinton Patton,WR,SF,2.7196406759007936,4500.0,0.96632847406033096,0.02852402180568642,0.0022550262762336473,0.0013083231319315272,0.0011554524370224121,0.00029285546603178604,0.00013584682276335193,0.0
Tajae Sharpe,WR,TEN,2.68822700588224,4600.0,0.9755147684744907,0.018193342221553471,0.0026635584377550426,0.0018459243546017779,0.00092618472645087345,0.00045534099579268349,0.00040088078935570899,0.0
J.J. Nelson,WR,ARI,2.6717188927331006,5600.0,0.97494030630925832,0.018810745017187203,0.004320670876346854,0.0012280730073309723,0.00042092117229023236,0.0001943702991513199,8.4913318435190331e-05,0.0
Brice Butler,WR,DAL,2.6646336321877842,5100.0,0.97769723720052659,0.016172016209111687,0.0034437358683095808,0.0014852861078139394,0.00072493694792608141,0.00039165830289908919,8.5129363412983332e-05,0.0
Jermaine Kearse,WR,SEA,2.6532690490522741,4500.0,0.98071230031486056,0.013381756230384309,0.0028738934316170791,0.0014962601426016528,0.0009129414328165207,0.00044319623494107227,0.00017965221277847497,0.0
Sammie Coates,WR,PIT,2.6502615591002239,5400.0,0.97881904682918874,0.014862792143009366,0.0048035930446095479,0.00086456513948769773,0.00033771780929114752,0.00026139052766625153,5.0894506747290469e-05,0.0
Jalin Marshall,WR,NYJ,2.6496211989654932,4500.0,0.97509843573273225,0.022182714630402969,0.0013715910691326112,0.00081221084983577093,0.00027754386629185042,0.00014816001711666897,0.00010934383448804736,0.0
Roger Lewis,WR,NYG,2.6395129157212667,4500.0,0.97665943991376303,0.02106770458893592,0.0010522691716355046,0.00060570429769086164,0.00032699304286241498,0.0001773488371367329,0.0001105401479754763,0.0
Tyreek Hill,WR,KC,2.6387000136784642,4700.0,0.98436724859090563,0.0079573093951657761,0.0051889304630116286,0.001219226204741972,0.00073714688640372727,0.00043155582256746073,9.8582637203944366e-05,0.0
Charone Peake,WR,NYJ,2.6292718071117673,4500.0,0.97962266714686275,0.017461062165034364,0.0017525097744542036,0.00051602135895180521,0.00021992276786181759,0.00021352303621258821,0.00021429375062233876,0.0
Dorial Green-Beckham,WR,PHI,2.5802523375677837,4900.0,0.98934663185032268,0.0079455157753417979,0.001244371453673364,0.00075475586031691273,0.00037584949395012672,0.00021009860496833777,0.00012277696142693904,0.0
Albert Wilson,WR,KC,2.5703361668849838,4900.0,0.98985258695539591,0.0078484283898889225,0.0014005973000620485,0.00043222162568309756,0.00027182077856234153,0.00015305318797616941,4.1291762431446267e-05,0.0
Jeff Janis,WR,GB,2.5633635508302919,4800.0,0.99228437661616298,0.0054439958222635863,0.00085952953104623286,0.00066295417379376085,0.00040592851318106704,0.00022254735032869677,0.00012066799322359403,0.0
Corey Coleman,WR,CLE,2.5471197064829698,5700.0,0.99441838081435618,0.0034734925593285721,0.0010846322365707592,0.00054538018658556453,0.0002909298119007858,0.00015691605760884429,3.0268333649203842e-05,0.0
Arrelious Benn,WR,JAC,2.5421387553492685,4500.0,0.99508774060606708,0.0033299640516385753,0.0007425337038284883,0.00033093856590041352,0.00020695376735457147,0.00011337442695484851,0.0001884948782560569,0.0
Corey Brown,WR,CAR,2.5402201734046628,4800.0,0.99561879528809738,0.0025135727976421116,0.00094054288133217493,0.00042138267937400821,0.00026756929683669086,0.00015529331567185915,8.2843741045833427e-05,0.0
Danny Amendola,WR,NE,2.53552951865418,4600.0,0.99597799029257139,0.0023233872874786881,0.00086654968780320229,0.00047930980123318329,0.00020228084690557889,0.00011717951308117527,3.3302570926645323e-05,0.0
Eddie Royal,WR,CHI,2.5354209759246018,5100.0,0.995499681588916,0.0030796193874682862,0.00089418920028882631,0.00021042509786974029,0.00013698507796577289,8.4777278191919186e-05,9.4322369298898532e-05,0.0
Chris Conley,WR,KC,2.5298956343985566,4500.0,0.99579616409684746,0.0032603717301791907,0.00048816466981572429,0.00022024212670927889,0.0001332023737951942,7.5445055103803838e-05,2.6409947549682412e-05,0.0
Justin Hardy,WR,ATL,2.5273420244849159,4500.0,0.99769742373214487,0.0010610426857175391,0.00012649727656188588,0.00068781949530848183,0.00019869535067116643,0.00012617447856188552,0.00010234698103420217,0.0
Brandon Coleman,WR,NO,2.5249010010352659,4500.0,0.99683793401500931,0.0020925721684180477,0.00061548583974986191,0.00026361809031215356,0.0001156211793186878,5.5119483883808685e-05,1.9649223308450196e-05,0.0
Eli Rogers,WR,PIT,2.5244220067518635,4900.0,0.99730217009607069,0.0015919338769921057,0.00053823727070971821,0.00025000775712885826,0.00018263840472068142,9.4777214509396144e-05,4.0235379868458768e-05,0.0
Charles Johnson,WR,MIN,2.5241220517536163,4600.0,0.99628087314398972,0.0031448200367794098,0.00035534951833256098,8.9014112743139218e-05,3.7410885511797524e-05,3.2836380118563764e-05,5.9695922524529739e-05,0.0
Eric Weems,WR,ATL,2.5223498965823259,4500.0,0.99843005535242269,0.00065594556842188238,6.1888149411990038e-05,0.00040942636492158916,0.00012032959096047113,7.6431559658580439e-05,0.0002459234142030178,0.0
Rashard Higgins,WR,CLE,2.5212147332918229,4500.0,0.99765468972915672,0.0013685282549860908,0.00047010878803122795,0.00027238689312134294,0.00012128681476983864,6.8402660470296835e-05,4.4596859464775741e-05,0.0
Aldrick Robinson,WR,ATL,2.5187855477665906,4500.0,0.99877043271967703,0.00038797674177787182,5.1976389711068075e-05,0.00041360816966886852,0.00012155262933049113,7.7201178756154215e-05,0.00017725217107830631,0.0
Cecil Shorts,WR,TB,2.5168613092635019,4500.0,0.9978855632023631,0.0015734851070585143,0.00016111114422215464,0.00019799671387418866,8.9814609980497527e-05,4.9922713738460594e-05,4.2106508763160744e-05,0.0
Braxton Miller,WR,HOU,2.5111640062302985,4500.0,0.99865031184770481,0.00095025463365542575,0.00018337797641904621,8.3326862493791537e-05,6.0673324369821767e-05,3.0162023476364011e-05,4.1893331880582763e-05,0.0
Paul Richardson,WR,SEA,2.5095875918239408,4500.0,0.99901525532115509,0.00051843293886744948,0.00023308409888285537,0.00011180633900631211,5.7881398361255614e-05,3.1357837691942313e-05,3.2182066035535328e-05,0.0
Andrew Hawkins,WR,CLE,2.509535870067618,4500.0,0.99859459865652977,0.0011409621928803416,0.00012301353568696378,7.6386463252818914e-05,4.0132912259373838e-05,2.0931230375904656e-05,3.9750090144651811e-06,0.0
Jordan Taylor,WR,DEN,2.5094453707850244,4500.0,0.9990122846267957,0.00055118253532712355,0.000212363886751811,9.7335960047586448e-05,6.1404726323834014e-05,3.3164438778225941e-05,3.2263825976106236e-05,0.0
Ricardo Louis,WR,CLE,2.5092101871638137,4500.0,0.99906382763825285,0.00034042605223563542,0.00043126270104974697,8.1546716832942934e-05,4.2879223966787858e-05,2.4963938495080421e-05,1.509372916710183e-05,0.0
Ryan Grant,WR,WAS,2.5091853751431095,4500.0,0.99894982939526245,0.00065667217261478875,0.00020771933118706232,6.9466227506926237e-05,6.3129141293048996e-05,2.7763541959650668e-05,2.5420190175684649e-05,0.0
Tyler Boyd,WR,CIN,2.5090444664963663,4600.0,0.99878098642682889,0.00096526136426963499,7.5260880530356888e-05,9.8361182480367082e-05,3.5132290887028517e-05,2.3325729714469427e-05,2.1672125289419415e-05,0.0
Josh Bellamy,WR,CHI,2.5090242144881669,4500.0,0.99914398688630457,0.00047809326357396492,0.00016357803445046648,6.988636267981328e-05,4.3779932857567481e-05,2.6384090121456613e-05,7.4291430012517169e-05,0.0
Rod Streater,WR,SF,2.5063583976231425,4500.0,0.99924557977364892,0.00052798973702218469,7.1216660095606638e-05,8.9909523422183671e-05,2.7934938630192994e-05,1.5408496031284524e-05,2.1960871149458939e-05,0.0
Bradley Marquez,WR,LARM,2.5061447559791636,4500.0,0.99934531354328104,0.00046563011975946414,4.789875305117555e-05,4.4805178733897388e-05,2.8488940773226315e-05,1.4640165289440225e-05,5.3223299112127457e-05,0.0
Bennie Fowler,WR,DEN,2.5058890997490959,4600.0,0.99937834624231103,0.00034304160500677074,0.00012954438921040863,6.9456917852761996e-05,4.4722491704293536e-05,2.5563636286505708e-05,9.3247176282453319e-06,0.0
Bryce Treggs,WR,PHI,2.5056598810470292,4500.0,0.99945045274973721,0.0003045409568618434,8.2809204315747493e-05,6.9913975136798274e-05,4.4145233309311586e-05,2.4934825926881065e-05,2.320305471236802e-05,0.0
Harry Douglas,WR,TEN,2.5053344005694749,4500.0,0.99952434184597816,0.00022568810739680704,8.8197065824384974e-05,6.8609769227290527e-05,4.3861981916637266e-05,2.4624902176064866e-05,2.4676327480144146e-05,0.0
Griff Whalen,WR,NE,2.5042694119876594,4500.0,0.99951337789783079,0.00031582821430224114,6.4768849506469889e-05,5.3755625754550867e-05,2.7498902668169436e-05,1.583621221101822e-05,8.9342977269589071e-06,0.0
Rashad Ross,WR,WAS,2.5034387171411612,4500.0,0.99962647984065012,0.00021577975097890673,8.6272062844845677e-05,2.9557997085164215e-05,1.8786447071663885e-05,9.8037245854620509e-06,1.3320176783724633e-05,0.0
Rashad Greene,WR,JAC,2.5031645859682605,4500.0,0.99975859342016027,0.00010683801083396304,4.298156212006168e-05,2.7695969735128876e-05,1.7400941542847102e-05,9.8408254977718735e-06,3.6649270109626493e-05,0.0
Dwayne Harris,WR,NYG,2.5031289128740113,4500.0,0.99968558116997008,0.00019743404836722041,3.9547492337395732e-05,2.7470212609449671e-05,1.7471261765867018e-05,9.5099602046360985e-06,2.2985854745423868e-05,0.0
Geronimo Allison,WR,GB,2.5030759696562854,5200.0,0.9997129880930492,0.00012454843204985508,8.8000420552502353e-05,3.0418320075679502e-05,1.8714241245552805e-05,1.0743647855105376e-05,1.4586845171929918e-05,0.0
Cobi Hamilton,WR,PIT,2.5026250533210765,4500.0,0.99974281393444187,0.00012583685446439702,6.3453696368591443e-05,3.0174823730665509e-05,1.8787543853112991e-05,1.0982457341984968e-05,7.9506897998751959e-06,0.0
Brittan Golden,WR,ARI,2.50233081732059,4500.0,0.99977491588934553,0.00012842912834016814,3.7522617323361142e-05,2.1779891821866853e-05,1.3626566062490818e-05,7.5834898537894354e-06,1.6142417253286222e-05,0.0
Malcolm Mitchell,WR,NE,2.5023194051204234,4500.0,0.99978264507699566,0.00010007360585778885,4.8236582796009216e-05,3.483619236736082e-05,1.7773238835625496e-05,1.0064500180217661e-05,6.3708029675492614e-06,0.0
Trevor Davis,WR,GB,2.5022440239020267,5100.0,0.99975543132029543,0.00016200550650225987,2.9332545329159138e-05,2.1222305466179038e-05,1.310464331704372e-05,7.2168136698357585e-06,1.1686865419856694e-05,0.0
Mike Thomas,WR,LARM,2.5022387995742292,4500.0,0.99980175186017795,0.00011832433516300568,1.9922234563162401e-05,1.7969962606731196e-05,1.1481105248837139e-05,5.8809752139068664e-06,2.4669527026381897e-05,0.0
Aaron Burbridge,WR,SF,2.5021847955160963,4500.0,0.9998143415856896,8.3152553219093168e-05,2.8982479562784369e-05,3.8416174454854811e-05,1.4298834149160907e-05,7.904462064451853e-06,1.290391086017007e-05,0.0
Lucky Whitehead,WR,DAL,2.5021292623610614,4500.0,0.99968510930829935,0.00026571296678542486,1.2536954375725565e-05,2.1635141439290241e-05,8.1662404314503984e-06,4.6405438100874394e-06,2.1988448586567778e-06,0.0
Deonte Thompson,WR,CHI,2.5021097064386084,4500.0,0.99980497356130138,0.00010663402601952435,3.7938878843505011e-05,1.5738805459293444e-05,9.993595861461071e-06,5.6324381056315894e-06,1.9088694409684584e-05,0.0
Alex Erickson,WR,CIN,2.5021034251862213,4500.0,0.99983978798988637,8.2712434673239924e-05,1.682809979682516e-05,1.6062497964431327e-05,1.0106829539836897e-05,5.7082479866273965e-06,2.8793900152553513e-05,0.0
Matthew Slater,WR,NE,2.5020245989393981,4500.0,0.99981134160900054,8.9274831705961235e-05,3.7620863487615383e-05,3.0868262935658621e-05,1.5748898190800679e-05,9.0954185267263475e-06,6.0501161530064293e-06,0.0
Cody Latimer,WR,DEN,2.5019833468590926,4500.0,0.99981164327681993,9.2699162234873757e-05,4.8709898130964481e-05,1.7585219094469829e-05,1.1133071224132125e-05,6.1523000542280551e-06,1.2077072441609494e-05,0.0
De'Anthony Thomas,WR,KC,2.5018768802160229,4500.0,0.99980019431933143,0.00011551122062840755,3.8344692683918265e-05,2.0566434100370809e-05,1.2997976456809574e-05,7.3470600770536598e-06,5.0382967222549428e-06,0.0
Jarius Wright,WR,MIN,2.5015818059136832,4500.0,0.99986421069573861,5.9284135674263162e-05,3.8436096437826857e-05,1.1946185784190099e-05,7.5497906854578705e-06,4.3719918808856102e-06,1.4201103798187209e-05,0.0
Maurice Harris,WR,WAS,2.5015428531029928,0.0,0.99986937378152807,6.9317624934811284e-05,1.9700710613095688e-05,1.2577559919888778e-05,7.9605578635343319e-06,4.4512067925778636e-06,1.6618558347832479e-05,0.0
Brenton Bersin,WR,CAR,2.5014507430685149,4500.0,0.99987403273932585,6.0323378076131666e-05,2.8847134768473382e-05,1.1912046400985612e-05,7.5721568487662974e-06,4.2835601840096294e-06,1.302898439567808e-05,0.0
Pharoh Cooper,WR,LARM,2.5014488452746231,4500.0,0.99985163914496877,7.7504475122408277e-05,3.6727715653553592e-05,1.4691475052678431e-05,9.510619425956183e-06,5.2203052774501389e-06,4.7062644993746133e-06,0.0
Jake Lampman,WR,NO,2.5013276446621378,4500.0,0.9998778735719468,5.2984502626114645e-05,3.9342464242365528e-05,1.0676899145987521e-05,6.7098615992757652e-06,3.7954635833308664e-06,8.6172368561608602e-06,0.0
Chris Moore,WR,BAL,2.5012529545681264,4500.0,0.99984861813473669,0.00010677619094114386,2.118958540110157e-05,9.0315503480790637e-06,5.7257235763803077e-06,3.2295272988299973e-06,5.4292876981440116e-06,0.0
Devin Hester,WR,BAL,2.5011538121710557,4500.0,0.99989458177833102,4.6058562669633663e-05,3.4004969542902162e-05,8.5478805929412254e-06,5.4378537274731234e-06,3.0662217472097471e-06,8.3027333893453989e-06,0.0
Tavarres King,WR,NYG,2.5010474804976259,4500.0,0.99989953281755739,5.4786060240369869e-05,1.8550904169084144e-05,1.0453399907342934e-05,6.6362301574689955e-06,3.7071408015965172e-06,6.3334471671644734e-06,0.0
Chris Harper,WR,SF,2.5010133047929184,4500.0,0.9999057490897747,4.1823037049414795e-05,2.6176103765532314e-05,1.1097049213250688e-05,6.9817891819612564e-06,3.9044279740224382e-06,4.2685030408734992e-06,0.0
Keith Mumphery,WR,HOU,2.5009487266149231,4500.0,0.99989837291696582,5.8687124734523128e-05,2.095370395082163e-05,9.5894358388251971e-06,6.0334373777705654e-06,3.4088293601217005e-06,2.9545517723334959e-06,0.0
Jakeem Grant,WR,MIA,2.5008889559814347,4500.0,0.99991268059367078,4.5955130167387837e-05,1.8264376681962592e-05,9.8290573323195155e-06,6.058275550634075e-06,3.5297628820626049e-06,3.682803714744408e-06,0.0
Leonte Carroo,WR,MIA,2.5008557395046505,4500.0,0.99991515750456117,4.0110338375086028e-05,2.5447697082875237e-05,8.0827532788577336e-06,5.0701511829182171e-06,2.8278713700729382e-06,3.3036841493037839e-06,0.0
Freddie Martino,WR,TB,2.5008238803890994,4500.0,0.99992084218362454,4.1621893858242462e-05,1.5148328009992378e-05,9.3282930110311025e-06,6.0026967090582174e-06,3.3373793603527347e-06,3.7192254262784388e-06,0.0
Marc Mariani,WR,TEN,2.5006811262959174,4500.0,0.99994529625069917,2.6752169797539541e-05,7.9183784314190929e-06,6.5357856965031714e-06,4.1009405123665497e-06,2.3012488140077219e-06,7.0952260483828808e-06,0.0
Demarcus Robinson,WR,KC,2.5005755027731662,4500.0,0.9999485701447629,2.5602577966729682e-05,1.0791241412221921e-05,5.3073012001469552e-06,3.3586862361445294e-06,1.8976462950976673e-06,4.4724021264358739e-06,0.0
Isaiah Burse,WR,SD,2.5005574743384487,4500.0,0.99994912938036018,2.4511333225338175e-05,1.2264740102411402e-05,5.1950576774164744e-06,3.2876371455663242e-06,1.8391346874582787e-06,3.7727168012259589e-06,0.0
