name,pos,team,expectation,salary,prob_0_5,prob_5_10,prob_10_15,prob_15_20,prob_20_25,prob_25_30,prob_30+,label
Julio Jones,WR,ATL,14.186568719616941,8800.0,0.12857030822391419,0.2330508662118167,0.23723367287071967,0.17520679902456943,0.11030192112360689,0.059112907428621228,0.056523525116752321,2.0
Odell Beckham Jr.,WR,NYG,12.769916894295777,9000.0,0.25514602692148591,0.2423219215273768,0.13779341764813308,0.15292790163003067,0.094751837967292529,0.041732831807119092,0.075326062498562302,0.0
Jordy Nelson,WR,GB,12.528046450990123,7700.0,0.181437495486964,0.26572112304763396,0.23520122436710553,0.14723674085709987,0.086567804690738687,0.042284798664037788,0.041550812886420943,1.0
Mike Evans,WR,TB,12.486177464572602,8500.0,0.17800044164460879,0.28276905944707764,0.23020774984668582,0.13450190137110471,0.08634772510537353,0.045313978376140908,0.042859144209008937,1.0
Antonio Brown,WR,PIT,12.47695167730383,8600.0,0.19154284689832674,0.2906138987091344,0.18688319793287658,0.14214391518912081,0.10377947206703454,0.042185295181613125,0.042851374021894199,1.0
Brandin Cooks,WR,NO,12.037589110227076,7300.0,0.1977531062031464,0.2623243994951987,0.23628922551680179,0.14276686680390177,0.10005738074590755,0.034115859937672952,0.02669316129737119,1.0
Demaryius Thomas,WR,DEN,11.911840148702797,7500.0,0.20109518980096247,0.28087967032872602,0.22170198472532363,0.14113620111638464,0.086568478511958605,0.038412145529330859,0.030206329987314387,1.0
A.J. Green,WR,CIN,11.649485862205317,8700.0,0.23073648063480687,0.25044805086454464,0.23497669650273334,0.13608284368766985,0.084976492520367736,0.03115007013842392,0.031629365651454119,1.0
Brandon Marshall,WR,NYJ,11.635436448243313,7100.0,0.20906807215942708,0.27916035530647804,0.24080585435646748,0.12602579605122738,0.078655737329148448,0.038154875348775506,0.028129309448476355,1.0
Emmanuel Sanders,WR,DEN,11.425803145880245,6900.0,0.22145051850451949,0.27561850468620241,0.2352958915098467,0.12750696748667317,0.080617346034234857,0.035239974458139929,0.024270797320383748,1.0
Kelvin Benjamin,WR,CAR,11.203569094295702,7000.0,0.22931793710198117,0.29398082028977962,0.21635556541644019,0.1337737077774738,0.063475233198255404,0.034219315862276903,0.028877420353792742,1.0
Doug Baldwin,WR,SEA,11.007400760855685,6900.0,0.24458791261332319,0.27195412619603748,0.23431351157447397,0.12053081368294519,0.077139709934833461,0.029221864634356311,0.022252061364030826,1.0
Allen Robinson,WR,JAC,10.928610334982979,7000.0,0.24164188557556207,0.30921195819568925,0.2066825885808819,0.1151349121368634,0.066502492259429308,0.029093223296267148,0.03173293995530755,1.0
Willie Snead,WR,NO,10.826737691851507,6400.0,0.25285150208396467,0.27264374254677082,0.22928219169467143,0.12884978635688843,0.067654283073527777,0.026464861011826397,0.022253633232350679,1.0
Davante Adams,WR,GB,10.724424052134021,7200.0,0.25250026452838992,0.27201768924935887,0.2437038333575636,0.12085822015873791,0.060068940990347222,0.031948537417800085,0.018902514297802285,1.0
Jarvis Landry,WR,MIA,10.566096839954474,6800.0,0.29122237512114263,0.27373859871325645,0.18804725473583175,0.11910669041070497,0.074155566482347945,0.026531947896126201,0.027197566640590306,0.0
DeAndre Hopkins,WR,HOU,10.41837066409256,7400.0,0.32340372338373663,0.23334252755551194,0.20486678406587044,0.11245264837736874,0.069312331699127039,0.028034757844573054,0.028587227073812227,0.0
Larry Fitzgerald,WR,ARI,10.41154576554133,7200.0,0.31077681693860415,0.24241979936967478,0.20232894279602348,0.12301180320200426,0.071574309885337986,0.029583541170089166,0.020304786638266702,0.0
Alshon Jeffery,WR,CHI,10.356350352921774,7200.0,0.30085534030161826,0.23580683630078947,0.24278664444099482,0.1181088769817879,0.051454539042370788,0.027783533849416432,0.023204229083022502,0.0
Jordan Matthews,WR,PHI,10.3436216372431,5900.0,0.27594091665412235,0.28575423221301605,0.21465393475914471,0.11279922530190135,0.066758602289704025,0.025583290953954726,0.018509797828157048,1.0
Michael Thomas,WR,NO,10.306844641420012,6400.0,0.2634888972454637,0.29122401211561583,0.22790839545138686,0.11883773628655543,0.058067857854715625,0.025021114542413635,0.015451986503848679,1.0
Terrelle Pryor,WR,CLE,10.184869078694161,7100.0,0.2902270580666218,0.28670153409393889,0.19855935376810249,0.11915003951977234,0.060168429473164198,0.02581904356859379,0.019374541509806959,0.0
Cole Beasley,WR,DAL,10.116845588898144,6500.0,0.26893424187676784,0.30047702348921917,0.21840895149248069,0.12064937623393322,0.053995268753214108,0.023888940275139735,0.013646197879245208,1.0
Mike Wallace,WR,BAL,10.066524009032138,6900.0,0.27289074672264141,0.31908325870969895,0.20014833158739273,0.10755051378421543,0.055941463627085866,0.027332981424883326,0.017052704144082595,1.0
Randall Cobb,WR,GB,10.030833552861994,6600.0,0.29367799130592037,0.29056228087018438,0.20752829132805717,0.09967429053490913,0.068698280485977814,0.021567181393147315,0.018291684081803823,0.0
Mohamed Sanu,WR,ATL,9.8678943130351442,5600.0,0.30396253626701575,0.28297693595737006,0.20064118235381959,0.12109427304099764,0.053688987661234241,0.022235839002046835,0.015400245717516199,0.0
Tyrell Williams,WR,SD,9.6984583886450331,5900.0,0.31563497641344723,0.28364608945219738,0.20480117123946934,0.099327129680170101,0.0545011016256002,0.028749670049528574,0.013339861539587234,0.0
Julian Edelman,WR,NE,9.6896510104538773,6000.0,0.36261240823979379,0.24069907098745202,0.18158538833602819,0.097743961057880246,0.072415816803214281,0.027311067131224477,0.017632287444407164,0.0
Quincy Enunwa,WR,NYJ,9.6774615111364621,5800.0,0.32157938594265278,0.28286055937922772,0.19434657030298902,0.10984983926372509,0.048681644664172477,0.025180331408527407,0.01750166903870529,0.0
Rishard Matthews,WR,TEN,9.6060619738730111,5800.0,0.29956785116776979,0.30249870583119731,0.21028468065576805,0.10755599982233167,0.046287538114544051,0.019605188631886778,0.014200035776502124,1.0
Stefon Diggs,WR,MIN,9.4473312114930277,6700.0,0.32050087070976735,0.30304504404930216,0.19550286620154697,0.090892282206470609,0.050937602328225355,0.023533642911051662,0.015587691593636516,0.0
Jamison Crowder,WR,WAS,9.350883556679193,6000.0,0.35846962226689999,0.24065364303751746,0.21042651981785426,0.10645141011763969,0.051713334849370719,0.018262063671636616,0.014023406239081181,0.0
Kenny Britt,WR,LARM,9.3039434315733143,6400.0,0.32753843735220883,0.29660058731628058,0.19637178780031903,0.099758738069274835,0.04446667800004532,0.023275278208284195,0.011988493253587274,0.0
Sterling Shepard,WR,NYG,8.977663611618981,5800.0,0.36826927949076321,0.27782803235873077,0.17584739192239776,0.09981440341073311,0.04674893230216328,0.016751184446304752,0.014740776068906791,0.0
Dontrelle Inman,WR,SD,8.5978223665021218,5300.0,0.37842188279988476,0.28445013691957416,0.18281295703918718,0.090229368054394909,0.03796554089971526,0.015228392217768115,0.0108917220694753,0.0
Allen Hurns,WR,JAC,8.4667829851119496,5600.0,0.38760054410020506,0.28403351597283361,0.18176477785834561,0.079916878920344284,0.043454558551391305,0.01251237034230308,0.010717354254577168,0.0
Adam Thielen,WR,MIN,8.3992360398907788,5600.0,0.38996810080576744,0.29351544228670456,0.173440813170919,0.076100051591517656,0.039214783400877751,0.017436270577224463,0.010324538166988778,0.0
Terrance Williams,WR,DAL,8.3579658721442449,5200.0,0.41703021544621571,0.25880251739570403,0.16888063917310378,0.087409203732194532,0.043430589375880381,0.013216677808684477,0.01123015706821694,0.0
Dez Bryant,WR,DAL,8.2759727122037781,7500.0,0.4406540319888414,0.2588415560606474,0.13824292855821954,0.083924203604967731,0.045782325637080658,0.01776132405075858,0.014793630099484693,0.0
DeVante Parker,WR,MIA,7.993358471625295,5600.0,0.47694442326905739,0.23326268514093337,0.13089191767139768,0.076460851618535899,0.056383177367804217,0.013773488363507978,0.01228345656876394,0.0
John Brown,WR,ARI,7.8782491809818787,6200.0,0.45984264194845836,0.24670399462973791,0.1590269939447618,0.074998820798727536,0.031564551292113698,0.01431486459855209,0.013548132787648645,0.0
Cordarrelle Patterson,WR,MIN,7.8227621166317602,5500.0,0.43901234800997918,0.28049771538659651,0.15574958541075368,0.066013596481378778,0.032991037808457364,0.016487708952096617,0.009248007950738291,0.0
Brandon LaFell,WR,CIN,7.7613333567101384,5600.0,0.47654801789215595,0.2495923592745127,0.14323636835000494,0.06102501829330164,0.039393869402264282,0.013851560827934543,0.01635280595982621,0.0
Kenny Stills,WR,MIA,7.7356197507186728,5700.0,0.4624329475624378,0.26206795677833938,0.14587922205355791,0.063977249507825532,0.042924956745061402,0.011999242692333241,0.010718424660444764,0.0
Tavon Austin,WR,LARM,7.6958569307113525,5400.0,0.44620108456638813,0.28653301099765238,0.15034236256464623,0.056776532178336697,0.03116251022122081,0.020950155980653345,0.0080343434911023821,0.0
Pierre Garcon,WR,WAS,7.6110098589094388,5400.0,0.49145209459549544,0.22496973996250658,0.15482093603647265,0.068966080441811309,0.0366389510469773,0.010901981483797368,0.01225021643293937,0.0
Nelson Agholor,WR,PHI,7.3980212382157085,5400.0,0.49640824437019021,0.24274266681464476,0.1434726292535729,0.061859266858568837,0.032714245031956218,0.0098250788294122447,0.012977868841655129,0.0
Jeremy Kerley,WR,SF,7.2364952887174914,5100.0,0.48250706424280349,0.28361784384296185,0.13014887029478978,0.052250012978380583,0.02767280322666436,0.01251994248296057,0.011283462931439262,0.0
Chris Hogan,WR,NE,7.1870162139734424,5900.0,0.53090595951236297,0.20702539387796839,0.14237043711023525,0.065590935078893547,0.035183900813070643,0.0099155748275073213,0.0090077987799615077,0.0
Ted Ginn Jr.,WR,CAR,7.1801821982970129,5300.0,0.5369234801479057,0.23087692956119574,0.12270447185899078,0.047568411506532259,0.027569863275839556,0.01103573664314548,0.023321107006391149,0.0
Sammie Coates,WR,PIT,7.1273533031232486,5400.0,0.55901632484804442,0.19099634678945882,0.12645654724628616,0.056728430027165717,0.04186228662774244,0.012122424165540907,0.012817640295761145,0.0
Torrey Smith,WR,SF,7.0069993548442051,5200.0,0.52621376218528548,0.24243645069907113,0.11608756655509461,0.066962194770628786,0.030253706724824803,0.0082761319831504664,0.0097701870819449903,0.0
Steve Smith,WR,BAL,6.9142470777123322,5400.0,0.51665947152639946,0.26320467550445276,0.12178963410412019,0.054871960240039312,0.021345463947007433,0.01184628672350271,0.010282507954478735,0.0
Kendall Wright,WR,TEN,6.9091902710589519,4800.0,0.49547016328089311,0.28969972886554951,0.12162595118045376,0.055343424715278033,0.01928865727147399,0.010011310471784178,0.0085607642145666008,0.0
Brice Butler,WR,DAL,6.7564302705011823,5100.0,0.57265104548960977,0.19428683048677436,0.1231882795863606,0.064512710800572581,0.025996729802824105,0.0085140080615678463,0.010850395772290416,0.0
Adam Humphries,WR,TB,6.7340581563174959,5200.0,0.53484084538741317,0.23664987596243672,0.14187304423262992,0.053010499046236913,0.015311342288669639,0.0086031696630505892,0.0097112234195631114,0.0
J.J. Nelson,WR,ARI,6.5972734725218309,5600.0,0.55412919232315017,0.23755750397091652,0.12007579376279762,0.045999735507177994,0.020268043743381772,0.013419351992632691,0.0085503786999430783,0.0
Marqise Lee,WR,JAC,6.597060319531372,5000.0,0.52359758361085718,0.27071066661596604,0.12270352148418323,0.053698284347889272,0.016112389713480599,0.005269440036803956,0.0079081141908202424,0.0
Michael Floyd,WR,ARI,6.5616891318625594,5000.0,0.6038848505104194,0.1862780525493333,0.1036394724497029,0.053142581215370577,0.025967139083845465,0.013724565534237069,0.013363338657091333,0.0
Breshad Perriman,WR,BAL,6.5367050710827277,5200.0,0.5506098589469246,0.24600553533897063,0.11084240664239048,0.059882839537321202,0.017011636066139296,0.0065030665515858344,0.00914465691666831,0.0
Brian Quick,WR,LARM,6.4707156541249002,4500.0,0.52865242056408301,0.28269788651208355,0.11176894750458786,0.049334544334915811,0.012869841003652724,0.0046479921600259076,0.010028367920651208,0.0
Cameron Meredith,WR,CHI,6.4101220198347804,5300.0,0.58029536348291022,0.21818664105581542,0.11185631759049018,0.051084271309465058,0.019994068429564731,0.0092637718485965598,0.0093195662831574797,0.0
Tyreek Hill,WR,KC,6.3380169927620713,4700.0,0.59055739670179608,0.21260807769508125,0.11092702626849338,0.046188610280692516,0.022336947704199209,0.0051699814078845618,0.01221195994185368,0.0
Tyler Lockett,WR,SEA,6.3365045086082441,4900.0,0.58271006584603036,0.21944456441022003,0.1186025127594371,0.044378845367663504,0.016392029272333065,0.0054141510918805395,0.013057831252435273,0.0
Kamar Aiken,WR,BAL,6.19610664832806,5100.0,0.60937532278911155,0.20301097360240444,0.093983459225268656,0.058358226723389375,0.016599693088035442,0.0097334164175229086,0.0089389081542685257,0.0
Robby Anderson,WR,NYJ,6.195660915941426,0,0.59212607189315247,0.23257409538285398,0.093041793080084048,0.049067718845553304,0.012594163940451514,0.0073202201530601476,0.013275936704845549,0.0
Tajae Sharpe,WR,TEN,6.1932590348590093,4600.0,0.61435029630078619,0.19357978465162259,0.10462754772435337,0.052752054762835003,0.012355407725751132,0.011358517163512535,0.010976391671138591,0.0
Taylor Gabriel,WR,ATL,6.1565992896695354,4600.0,0.59123943346186336,0.22880369399515776,0.10377074669020993,0.04499204987377925,0.013219630109817923,0.0064759317679312324,0.011498514101240604,0.0
Quinton Patton,WR,SF,6.0500665095062791,4500.0,0.60481703976652001,0.21337962126061261,0.10584738407898622,0.050146700458286904,0.0094427766822621599,0.0064362673452662451,0.0099302104080661781,0.0
Andrew Hawkins,WR,CLE,6.0270884620856364,4500.0,0.59494069867815236,0.23715557212310862,0.095826914964750112,0.045086049194059091,0.011209049335457719,0.0040448044257028627,0.011736911278768646,0.0
Devin Funchess,WR,CAR,5.9736185930740913,4800.0,0.60256006935850537,0.22536585480677962,0.10339656111662941,0.04427437656935336,0.0089326775485512877,0.0043647281524386407,0.011105732447741788,0.0
Jordan Norwood,WR,DEN,5.9442180228519526,4500.0,0.6014272386510594,0.23117005193518683,0.10198246422755694,0.039744918532179416,0.0095314680785871398,0.0057247229807303734,0.010419135594700164,0.0
Jermaine Kearse,WR,SEA,5.8674922834316936,4500.0,0.61860353810254032,0.21770020119397124,0.094639397362616479,0.041644096572465712,0.012397835531211215,0.0037341494112482425,0.011280781825946379,0.0
Brandon Coleman,WR,NO,5.8201380148773563,4500.0,0.63124989471509574,0.20930736212588755,0.08625712178891573,0.04733410374710454,0.0087153131287345132,0.0040285971314726592,0.013107607362790274,0.0
Corey Coleman,WR,CLE,5.8134659219977589,5700.0,0.65581940258911353,0.17532463615559349,0.085137040560443966,0.049518612472717237,0.017186934381900335,0.0071973585227910596,0.0098160153174403127,0.0
Chris Conley,WR,KC,5.8007456055055879,4500.0,0.62789463221332675,0.21536728631672813,0.09135606280354909,0.037097599950321795,0.01094619228822785,0.0038042210717268293,0.013534005356119996,0.0
Eddie Royal,WR,CHI,5.6868541796093215,5100.0,0.6727257745254448,0.17240355381662609,0.085112109441886727,0.033517074401724835,0.013788277939083602,0.0046047572860432838,0.017848452589190683,0.0
Jalin Marshall,WR,NYJ,5.5450126327093328,4500.0,0.66886752943677152,0.18686483093261683,0.080415012012376191,0.035726795730159633,0.0083910238692009951,0.0051420421369854216,0.014592765881890313,0.0
Roger Lewis,WR,NYG,5.3001953221414908,4500.0,0.67727519324121654,0.19221133707709676,0.073696057952638908,0.036088126322138731,0.0070587657351101471,0.0032814722184152123,0.010389047453383236,0.0
Eli Rogers,WR,PIT,5.2736008477774927,4900.0,0.70655233403090578,0.14712517361774288,0.086354897469667333,0.037352386015726907,0.0076583583864205844,0.003349945807618728,0.011606904671917594,0.0
Dorial Green-Beckham,WR,PHI,5.2531177996282441,4900.0,0.70534455214604097,0.16329362047734924,0.075125818206051409,0.026686438967551955,0.010761433277647977,0.0054330913279236745,0.013355045597435432,0.0
Jeff Janis,WR,GB,5.2435035181071665,4800.0,0.68882831976488823,0.177913397579016,0.081069562589917724,0.030718470118773954,0.0075802086696362906,0.0027422216518495843,0.011147819625918015,0.0
Ricardo Louis,WR,CLE,5.1748682511437858,4500.0,0.73643577666623894,0.14628924314159833,0.065900058197082348,0.017161502639697946,0.0053068801440847259,0.0024801617839150204,0.02642637742738255,0.0
Danny Amendola,WR,NE,5.1676707666770687,4600.0,0.73729235516330849,0.13208554579593679,0.069385936490118177,0.028947610145549859,0.012300905370143172,0.0021929487234106076,0.017794698311533099,0.0
Tyler Boyd,WR,CIN,5.1183755491078458,4600.0,0.73420009281923837,0.14049997485132024,0.065458040171448489,0.031000348740650465,0.0092640235734288423,0.0033679765825031668,0.016209543261410633,0.0
Arrelious Benn,WR,JAC,5.0985978491643325,4500.0,0.7114914878647528,0.17472431512093436,0.062087068565425362,0.028158789750783474,0.0057083488871112649,0.0015890539941130122,0.0162409358168801,0.0
Albert Wilson,WR,KC,5.0264473152102944,4900.0,0.71851327670120901,0.15665995605173347,0.072486310611216839,0.032031979199341795,0.0074147648025353688,0.0039381621073623406,0.00895555052660197,0.0
Paul Richardson,WR,SEA,4.9901217991933775,4500.0,0.71381092661426293,0.17201028002999608,0.068907270452087235,0.026033667614523602,0.0046579618161658332,0.0022017458519995562,0.012378147620965074,0.0
Malcolm Mitchell,WR,NE,4.9852274583965501,4500.0,0.84266718899986803,0.046704508669156895,0.040962153976912399,0.0098330336205848037,0.019798017903485808,0.0003350845428739341,0.039700012287117163,0.0
Corey Brown,WR,CAR,4.9743172860220115,4800.0,0.7213342782313229,0.16173577238468567,0.069005524642298713,0.027417350068549364,0.0067036639617301715,0.00244816009442773,0.011355250616986374,0.0
Braxton Miller,WR,HOU,4.9520106946089921,4500.0,0.76643256538768301,0.13029610689462889,0.055466821563149755,0.015332064699555193,0.0016744146742869444,0.0024724253129786403,0.028325601467717457,0.0
Charone Peake,WR,NYJ,4.9087107272490149,4500.0,0.74187873851627872,0.14604491128418184,0.068832591161259921,0.019583746641228229,0.0042301729093998904,0.0026225575919456207,0.016807281895706003,0.0
Geronimo Allison,WR,GB,4.858153490084816,5200.0,0.75938903409463576,0.11875488356236022,0.070582053802060632,0.02679856741171752,0.0100030120541182,0.0018446417262298941,0.012627807348877973,0.0
Maurice Harris,WR,WAS,4.8427213410634886,0,0.8626965086025008,0.046342344948648813,0.030674571663063605,0.008272132650760905,0.00071355956638408016,0.00018239531737336892,0.05111848725126715,0.0
Chris Harper,WR,SF,4.7657791522763722,4500.0,0.8632310621929763,0.048321772088288001,0.030993815063713705,0.0081777811022888253,0.0006886652487529182,0.00017096935878796091,0.048415934945191037,0.0
Tavarres King,WR,NYG,4.6817310397687271,4500.0,0.86549944777966559,0.049084583001877062,0.030665157489551426,0.0079600746257669323,0.00071448329492722709,0.00020166455840995231,0.045874589249801007,0.0
Justin Hardy,WR,ATL,4.6644324739164169,4500.0,0.78239324322647597,0.12030837187773916,0.052877108139401385,0.015514145820754241,0.0040424090025820971,0.011672572940436797,0.013192148992610224,0.0
Jarius Wright,WR,MIN,4.6525566897870236,4500.0,0.85495271606285639,0.061397447657537886,0.032870715328193932,0.0063946106226347348,0.001343189346041073,0.00063514399758066934,0.042406176985154961,0.0
Cody Latimer,WR,DEN,4.6455927110348814,4500.0,0.86882237886569869,0.047822288204604234,0.02826733463495603,0.0090288312871714058,0.00056870909518507221,0.00019181462685615659,0.045298643285526984,0.0
Matthew Slater,WR,NE,4.6271634453200079,4500.0,0.85946965317705171,0.03806965550969351,0.041867714525063035,0.010126819010419756,0.021778363623494518,0.00022464601590441017,0.028463148138372724,0.0
Rashard Higgins,WR,CLE,4.5885701779130059,4500.0,0.80579898820546136,0.098409019984918314,0.051595526920334978,0.018653675187902126,0.0015875708592976981,0.0012708464782948355,0.022684372363791006,0.0
Rashad Greene,WR,JAC,4.5869905249643086,4500.0,0.86389763102470152,0.056730920584012724,0.026908657469422594,0.0089526942633069706,0.00083725254546107434,0.00048714015791378275,0.042185703955180044,0.0
Keith Mumphery,WR,HOU,4.5854067924258723,4500.0,0.86555905444812287,0.054032168385045203,0.030541074324924766,0.0057658916085161901,0.00069805986886800923,0.00016483781341950534,0.043238913551101918,0.0
Bryce Treggs,WR,PHI,4.5391161826639976,4500.0,0.78693227328849691,0.12041935647770241,0.047670805075513967,0.025103436235042898,0.0039632229511476526,0.001681212949519735,0.014229693022577075,0.0
Harry Douglas,WR,TEN,4.5197592139982961,4500.0,0.78908182111148528,0.1173533813237219,0.04983736615972225,0.024604322962369321,0.0036559699961330417,0.0013663464118947649,0.014100792034673654,0.0
Rashad Ross,WR,WAS,4.489825892514026,4500.0,0.86429452499093973,0.057012164230146982,0.030436287723766935,0.0087832729410647695,0.00080282271514587982,0.00056113263448113559,0.03810979476445258,0.0
Charles Johnson,WR,MIN,4.3951160580072459,4600.0,0.80905286729780301,0.10060123517951962,0.053073934107301587,0.017669901482200368,0.0024650661365260233,0.0013242223090622067,0.015812773487586255,0.0
Trevor Davis,WR,GB,4.3343986269720407,5100.0,0.8171581308364162,0.090900410454856806,0.056317498669060814,0.015743722579145379,0.0035077221340786965,0.0028927255294604677,0.013479789796981037,0.0
Jordan Taylor,WR,DEN,4.2924990526472602,4500.0,0.82178957542268849,0.093738633509437994,0.04664347807018545,0.019143948047914177,0.0021356952860977331,0.0013778381482545108,0.015170831515421139,0.0
Alex Erickson,WR,CIN,4.2576184521084528,4500.0,0.88387776449598043,0.03796194757455227,0.035441525315568462,0.0094029400657613775,0.00072565255063862836,0.00017922877837895667,0.032410941219118271,0.0
Josh Bellamy,WR,CHI,4.2450064424679921,4500.0,0.81674965377658504,0.10285252490872675,0.049244172055499295,0.013383373342310944,0.0019918683602689695,0.0020112154080613623,0.013767192148547353,0.0
Cecil Shorts,WR,TB,4.2073604520312173,4500.0,0.81313480263287885,0.11058525212908742,0.041308265094786752,0.019738717701895024,0.0025580255291728282,0.0023766913759746414,0.010298245536205041,0.0
Cobi Hamilton,WR,PIT,4.1746283459095608,4500.0,0.83705742698687757,0.085062198375688056,0.04730798029759592,0.010046675925700518,0.0023998663659871452,0.0015400142286669236,0.016585837819484205,0.0
Ryan Grant,WR,WAS,4.1745447784989143,4500.0,0.84801557139728911,0.071171829041351151,0.048088903828807643,0.010744683392391969,0.0025619265584666969,0.00075566332748795435,0.01866142245420524,0.0
Jakeem Grant,WR,MIA,4.1428526876056591,4500.0,0.86585680851874114,0.061294464137583153,0.039788369813529366,0.0057428659759038037,0.0026713455348566181,0.00027639695776676421,0.024369749061618252,0.0
Brittan Golden,WR,ARI,4.1411559074466568,4500.0,0.85846212362413565,0.070977558977729602,0.035623186492691389,0.010301666899733417,0.00096027958191977514,0.0017517121701917501,0.021923472253597153,0.0
Leonte Carroo,WR,MIA,4.1081812562784901,4500.0,0.87448641787128634,0.048932692150837294,0.044222765835981344,0.0056393197981758287,0.0024334092910197778,0.00016575797883205777,0.024119637073866398,0.0
Dwayne Harris,WR,NYG,4.0736232816859985,4500.0,0.88594715148712655,0.05257528859162143,0.025642537181061891,0.0059222159184469814,0.00041265930234862948,0.00020263363822634368,0.029297513881167324,0.0
Freddie Martino,WR,TB,4.0731026469500407,4500.0,0.87130256453981436,0.062559476377547205,0.029709207100872499,0.011667868215981037,0.00092925745961381441,0.00065571111052869179,0.023175915195642185,0.0
Aaron Burbridge,WR,SF,4.0683723663622455,4500.0,0.8665488293434972,0.071296524040507708,0.029243020352703344,0.0078650931994357666,0.00053454494558208764,0.00077964908191869328,0.023732339036354754,0.0
Bennie Fowler,WR,DEN,4.0680677562690528,4600.0,0.8339547971254212,0.094118329136041443,0.042000371368787683,0.013681517746315708,0.0029906346904199806,0.00244392479001695,0.01081042514299721,0.0
Deonte Thompson,WR,CHI,4.0327907912002043,4500.0,0.88730851650154063,0.044623854001411965,0.032658217488411551,0.0089592491306582263,0.00071303384724668531,0.00026890147926548818,0.025468227551464214,0.0
Pharoh Cooper,WR,LARM,4.0203340001717569,4500.0,0.88346955217530743,0.053075883083115484,0.027668067831658014,0.01000066394876778,0.00057498473639925707,0.00034510864324514086,0.024865739581506743,0.0
Lucky Whitehead,WR,DAL,3.9683095224658489,4500.0,0.83985356319591609,0.10092767538691161,0.034311407756061368,0.0076727489968263542,0.0031310976233288753,0.0020693464372466791,0.01203416060370887,0.0
Mike Thomas,WR,LARM,3.9485002085660601,4500.0,0.89490348770580264,0.048280451692799993,0.025414725349035654,0.0034231301201003896,0.00036405544696689694,0.00041829718682420209,0.027195852498469439,0.0
Jake Lampman,WR,NO,3.9449998965942763,4500.0,0.89797785374616701,0.04589062050698528,0.02234418340597737,0.0056075055176567192,0.00049885076496357741,0.00021555799434930538,0.02746542806389923,0.0
Rod Streater,WR,SF,3.9413946557586086,4500.0,0.88030339891753762,0.058925940829168619,0.031457913671285469,0.0063972984185675713,0.00052148978767495649,0.00026761391259363872,0.022126344463171081,0.0
Isaiah Burse,WR,SD,3.9106377333075173,4500.0,0.90484954461881573,0.04070335897243163,0.020165332148937249,0.0058116262835189204,0.0004208814296726962,0.00023003248739921506,0.027819224059223723,0.0
Demarcus Robinson,WR,KC,3.9095657791811638,4500.0,0.90215646584545817,0.043181689671807071,0.020325092917326083,0.0067833885731768025,0.00042418371283027822,0.000203523704786691,0.026925655574613704,0.0
Chris Moore,WR,BAL,3.8733521941158311,4500.0,0.87865226188833268,0.066183612854713178,0.027743999286452492,0.0063345938412331356,0.00059263655916057679,0.0010528810469947504,0.01944001452311275,0.0
Bradley Marquez,WR,LARM,3.860922556690185,4500.0,0.88626057822249416,0.05678579664198434,0.030219992590985595,0.0048085395007170283,0.00050023397948969269,0.00048627254944095687,0.020938586514887295,0.0
Devin Hester,WR,BAL,3.8321516003328311,4500.0,0.9029457267994937,0.043589496206958227,0.023290015966109068,0.0052190497039322744,0.00048016165040431336,0.00027205110745461274,0.024203498565646648,0.0
De'Anthony Thomas,WR,KC,3.7881513595478813,4500.0,0.87706052527936673,0.065541739742560778,0.034155366836182005,0.0068184998206604341,0.0008602731577625895,0.00085477477394263078,0.014708820389524169,0.0
Aldrick Robinson,WR,ATL,3.7690631419095935,4500.0,0.88200373523892228,0.062926856146926599,0.030317106586247637,0.0063107193344798251,0.003107261392793477,0.00052182197746918405,0.014812499323159724,0.0
Griff Whalen,WR,SD,3.6072043533657716,4500.0,0.89437766944211483,0.05802225658090665,0.026936223916403625,0.0064028998466831629,0.00049231197021281368,0.00075195316357953498,0.013016685080098817,0.0
Eric Weems,WR,ATL,3.5212412223949978,4500.0,0.92003983186864802,0.036879084694136297,0.019498016392565085,0.0058337457062189613,0.00047446415076226684,0.0022083589612145022,0.015066498226454589,0.0
Brenton Bersin,WR,CAR,3.4366636769776191,4500.0,0.91474661325719298,0.043975225025529106,0.024768512623901201,0.003469968489774042,0.00041594904227622916,0.00020498110990336204,0.012418750451422857,0.0
Marc Mariani,WR,TEN,3.3768608334169827,4500.0,0.92920312671312488,0.033292818907787937,0.019264751760820313,0.0037641276692691496,0.00056515942344811964,0.00027885157580134995,0.013631163949747916,0.0
