name,pos,team,expectation,salary,prob_0_5,prob_5_10,prob_10_15,prob_15_20,prob_20_25,prob_25_30,prob_30+,label
Aaron Rodgers,QB,GB,25.37770201794385,9000.0,1.3133419332774172e-05,0.01430156740910808,0.10511271699878678,0.049603235111522488,0.072078089244992261,0.67926789062541471,0.079623367190842897,5.0
Jameis Winston,QB,TB,23.198251172801243,7800.0,2.0285348312750726e-05,0.0030878244925360344,0.15191368874592104,0.12790628430947748,0.16515918333672572,0.53270221545676022,0.019210518310266822,5.0
Kirk Cousins,QB,WAS,20.874053048603503,7100.0,0.066536617564724954,0.00048705411584503441,0.32028802429208114,0.20337980718509727,0.094071252342078637,0.0011460087693572552,0.31409123573081554,2.0
Tom Brady,QB,NE,20.539632781677639,8300.0,0.0069738832043949161,2.1293790554363449e-05,0.18243060287664686,0.018702058503717166,0.78404155662002228,8.4851819919918044e-05,0.0077457531847445627,4.0
Carson Palmer,QB,ARI,20.200092042034434,7900.0,0.078693595139475173,0.0017980510021378361,0.054384606365788041,0.049523445887869923,0.80819712846363978,1.8888174717765059e-05,0.0073842849663715232,4.0
Matt Ryan,QB,ATL,18.879851081523398,8600.0,0.007514463376013707,0.18798060652103882,0.087511478501680909,0.27341817413784941,0.15256398052690234,0.27274481455215077,0.018266482384364163,3.0
Andy Dalton,QB,CIN,18.167505591716363,7500.0,0.13130863879832044,0.01052681038960882,0.1125183315747208,0.1099515985731612,0.62521070918003574,0.00060360818826633996,0.0098803032958867301,4.0
Sam Bradford,QB,MIN,18.148207968475738,7000.0,0.00068850826387822776,0.001579082224629835,0.24885136528066357,0.39166178715627847,0.33089465572038795,0.026209408162165847,0.00011519319199609812,3.0
Jay Cutler,QB,CHI,17.469088755409711,7000.0,0.00039118637164709241,0.026587744168556773,0.5120969339535888,0.032635150520531293,0.36808940268415474,0.012349472167928475,0.047850110133592708,2.0
Brett Hundley,QB,GB,17.2624230939368,5000.0,0.059009057275297858,0.10508348466475192,0.1819540603155039,0.28669051435139598,0.28063354823288278,0.041468934023471682,0.045160401136695928,3.0
Kevin Hogan,QB,CLE,16.427437146158198,6000.0,0.00096573814591718139,0.039325625139559263,0.53322502545804473,0.030159541767042088,0.39282778076932373,0.0032025812554435495,0.00029370746466952008,2.0
Alex Smith,QB,KC,16.22634098534412,6700.0,0.29430330307143032,0.019590643157665621,0.022634752769841213,0.06630097806683187,0.55998769838905493,8.8492619255955371e-05,0.037094131925920155,4.0
Brock Osweiler,QB,HOU,15.038293943156066,6900.0,0.12619763767616818,0.0030550416863803645,0.55220660003414668,0.017974804757175462,0.2428613949000184,0.00017255542985319838,0.057531965516257527,2.0
Josh McCown,QB,CLE,15.036412476334471,6400.0,0.0006812950840723764,0.21390058147464722,0.40977320849565785,0.035992348170702453,0.33270256677789539,0.0067512098689452597,0.00019879012807944664,2.0
Philip Rivers,QB,SD,14.874221881469847,8100.0,0.034672598610446428,0.1725139178504696,0.23438193114077308,0.44981373602601937,0.07069586603211063,0.030100502170482803,0.0078214481696982623,3.0
Carson Wentz,QB,PHI,14.720529680645049,6800.0,0.00070213951102690499,0.45027453232120362,0.15813418923166039,0.1024544679751228,0.083935947077094702,0.19652391475637196,0.0079748091275197459,1.0
Russell Wilson,QB,SEA,13.994247132118053,7400.0,0.023612892073930743,0.46033679811133998,0.0089461845578493529,0.22082454130064691,0.27526548462011069,0.0096712992470712501,0.001342800089051101,1.0
Ryan Mallett,QB,BAL,13.785315492008836,6000.0,0.0023593525454914531,0.44423747231230226,0.023718569829643151,0.41365634319572536,0.066927143344613277,0.041630925703273279,0.0074701930689512518,1.0
Eli Manning,QB,NYG,13.697884245096652,7600.0,0.25858734279881795,0.067619092384272009,0.0066860174060920565,0.60887333248382014,0.016115405584292156,0.0041787724622283275,0.037940036880477535,3.0
Blake Bortles,QB,JAC,11.616746487844621,7300.0,0.0034974563339461866,0.67125881639322127,0.042537348397091182,0.090664212079362205,0.17562018919357317,0.0094669753660653819,0.0069550022367406835,1.0
Dak Prescott,QB,DAL,10.539373082988831,7700.0,0.012896288271451058,0.78951208476856194,0.045593828362039387,0.01581830017607206,0.0042216826391355215,0.12992837237829538,0.0020294434044446485,1.0
Joe Webb,QB,CAR,10.323678520379378,5000.0,0.24627754445556288,0.45890804147763137,0.11791877924833293,0.036961976025753907,0.055693408928857734,0.007487389204142038,0.076752860659719299,1.0
Mike Glennon,QB,TB,10.041196543798472,6000.0,0.005325302389426894,0.79889017445513433,0.012846205849221843,0.10666524685236398,0.019720204136294297,0.055208977040189122,0.0013438892773694599,1.0
Drew Brees,QB,NO,9.6535227014071996,8200.0,0.0030869381488448267,0.8388684918588053,0.0037195069593404712,0.074607008356618959,0.053303201829788559,0.016222227591980269,0.010192625254621734,1.0
Bryce Petty,QB,NYJ,9.4743097984328237,5000.0,0.015294927634468949,0.81100890008538762,0.015836405842200914,0.11042284727166543,0.017909745002506351,0.028435937315170884,0.0010912368485998477,1.0
Ryan Tannehill,QB,MIA,8.677532392872962,7200.0,0.50331607962338576,0.15990787098986567,0.0032561756072276181,0.30845516209421858,0.0036069516295297987,0.0067883178620164368,0.014669442193756078,0.0
Joe Flacco,QB,BAL,8.5213699628267658,7500.0,0.15642333048177834,0.67642151444732201,0.0055556874821963385,0.14783795421477475,0.0058235643317917467,0.0011091237278280197,0.0068288253143087797,1.0
Trevor Siemian,QB,DEN,8.1181953881352502,7200.0,0.0062374127490217729,0.94141336771251716,0.005408082015771417,0.017415244586941235,0.028741541703449357,0.00060042513438360583,0.00018392609791555444,1.0
Marcus Mariota,QB,TEN,7.8246603832511754,7400.0,0.31412129053036042,0.52973149857504231,0.019471972512880305,0.07619369113915013,0.034863729567568551,0.025530115683854351,8.7701991143986918e-05,1.0
Cam Newton,QB,CAR,7.7739401376451047,7800.0,0.046240269257522372,0.91052612099445929,0.011764953610745485,0.0082426563526015548,0.021556535210211225,0.00071575354637987251,0.0009537110280802432,1.0
Kellen Clemens,QB,SD,7.6710712312107852,5000.0,0.022848986667339938,0.95068278342162293,0.0086222061604264884,0.00565146857435411,0.01165813956790944,0.00052440996618143216,1.200564216523756e-05,1.0
Colin Kaepernick,QB,SF,7.6334979807561787,7300.0,0.00018282689165579605,0.98785876925183491,0.00027052399491451378,0.010001005852839496,0.00034779361484205205,0.0011989571125003953,0.00014012328141279468,1.0
Ben Roethlisberger,QB,PIT,7.2148152025540675,7700.0,0.56556423256115451,0.32367276219920288,0.0046252322210081935,0.017567654382044089,0.0019218049131938158,0.009042938754260238,0.07760537496913622,0.0
Case Keenum,QB,LARM,4.8447287994575392,6600.0,0.81384226043565455,0.053012041441660183,0.0052373093120354468,0.11962130788514876,0.0019746630878178114,0.001556128083921352,0.0047562897537618944,0.0
Cody Kessler,QB,CLE,4.1533130150481146,6500.0,0.73706925803576706,0.22757471048093195,0.0045379962263164316,0.029670497484676098,0.00077063573703078263,0.00035466570359873585,2.2236331678953398e-05,0.0
Landry Jones,QB,PIT,2.8217605907697911,6000.0,0.98004077742137663,0.00018311607521080429,8.8067609808925777e-05,0.014914150229863364,0.0047070499945126134,8.1567723276504583e-06,5.8681896900111854e-05,0.0
