name,pos,team,expectation,salary,prob_0_5,prob_5_10,prob_10_15,prob_15_20,prob_20_25,prob_25_30,prob_30+,label
Mike Evans,WR,TB,24.488240901861378,8500.0,0.020245003459637322,0.079575668771108748,0.010104529716612935,0.09392911233660832,0.012359504857621736,0.75198138656802826,0.03180479429038275,5.0
Jarius Wright,WR,MIN,23.573446673879719,4500.0,0.069013352571377973,0.052712329362781987,0.037385173848970617,0.090130415614046347,0.057282532000538795,0.61327333002928042,0.080202866573003781,5.0
Adam Thielen,WR,MIN,23.196490810535234,5600.0,0.056052221470690756,0.095812037636619732,0.020958835881328856,0.085799182666376636,0.020341053278589712,0.68262110489152239,0.038415564174872047,5.0
Mike Wallace,WR,BAL,22.264975091024557,6900.0,0.0088980719675183853,0.082501174604939873,0.12365282983767138,0.10588296807677118,0.096498108081630771,0.57809177395783484,0.0044750734736334619,5.0
Randall Cobb,WR,GB,21.929115849986378,6600.0,0.02760453616607552,0.051821668060236269,0.17114051645012704,0.098601753952935176,0.073933384565582419,0.56643749754475603,0.010460643260287622,5.0
Steve Smith,WR,BAL,21.658206279332148,5400.0,0.106332777339279,0.089619997608751195,0.042859731650023568,0.084183343215392781,0.076009134958564234,0.53783491566982222,0.06316009955816701,5.0
Tavarres King,WR,NYG,21.481491901343823,4500.0,0.12877158210582532,0.054504914480155833,0.058716014524180328,0.10666578634029265,0.079150690088475958,0.48765350908765859,0.084537503373411232,5.0
Brian Quick,WR,LARM,20.559666229750821,4500.0,0.04693306946820465,0.091081675648899144,0.18321095764786133,0.063100341066696236,0.12611247751422791,0.48098059300211754,0.0085808856519929873,5.0
Kenny Britt,WR,LARM,18.580273138406593,6400.0,0.049730100593483886,0.10103616241825912,0.25230435897374698,0.10245781227719027,0.17762102699271323,0.3113175328845339,0.0055330058600727176,5.0
A.J. Green,WR,CIN,18.412028372549301,8700.0,0.045455794017589105,0.14740369240719703,0.18340599075936151,0.17245310737439334,0.19942802679920579,0.18928563660713815,0.062567752035114887,4.0
Robby Anderson,WR,NYJ,18.044060033624461,0,0.063248024850379531,0.20611991420135015,0.20207580166857425,0.10843357241451054,0.068690023264511291,0.25722175634637678,0.094210907254297344,5.0
Cordarrelle Patterson,WR,MIN,17.93114082867708,5500.0,0.18759100977633816,0.16824107675535344,0.043249327632842047,0.12032275920562002,0.039578782296509477,0.3696038408368062,0.071413203496530714,5.0
Maurice Harris,WR,WAS,17.731090930408474,0,0.15633002244533936,0.14683615331192312,0.13225243491868668,0.14676908795385912,0.12576463771702481,0.1378656436952416,0.15418201995792516,0.0
Tyrell Williams,WR,SD,17.546079890665222,5900.0,0.063456695915487735,0.2348142604069175,0.16349693202792331,0.10378625095847446,0.086491485962375367,0.31441351919465704,0.033540855534164637,5.0
Eddie Royal,WR,CHI,17.419648055333372,5100.0,0.10713208070709584,0.063197690662479655,0.26947048556693609,0.060369216955374033,0.37043015663958911,0.081426486466380482,0.047973883002144876,4.0
Jamison Crowder,WR,WAS,16.900921786186224,6000.0,0.12466173542652979,0.19341931700957499,0.12721362414979429,0.20704265478560807,0.073539837124026564,0.17649861713591974,0.097624214368546527,3.0
Chris Hogan,WR,NE,16.680918820350804,5900.0,0.1609974734801235,0.19017197687139695,0.10609778389768139,0.12312687560337006,0.14942860493016716,0.19295412069304912,0.077223164524211768,5.0
Cameron Meredith,WR,CHI,16.367352830496227,5300.0,0.13639472593164259,0.15555069938065183,0.17567885922148233,0.17573879087897507,0.19703959200471149,0.057463502777754409,0.1021338298047824,4.0
Kendall Wright,WR,TEN,15.905615453195217,4800.0,0.13255074397841279,0.17769686854744227,0.11724995603017591,0.20857773400390078,0.25647591487090948,0.054085092109082113,0.053363690460076711,4.0
Larry Fitzgerald,WR,ARI,15.88990983933251,7200.0,0.17932605233965887,0.15251275054982807,0.17118473412147722,0.096979636333432123,0.24733359978657937,0.059656355814368719,0.093006871054655674,4.0
Antonio Brown,WR,PIT,15.84802022240552,8600.0,0.069752833735997305,0.13786348881617347,0.37080361240621046,0.090433370928082665,0.15049396240211049,0.17159025844296436,0.0090624732684611853,2.0
Julian Edelman,WR,NE,15.719965537441389,6000.0,0.21788724826642047,0.16448833095892798,0.10917809171406367,0.10328760355658841,0.2269532709677306,0.076575170616808588,0.10163028391946032,4.0
Alshon Jeffery,WR,CHI,15.437181856850449,7200.0,0.21270800708208121,0.14732279760987763,0.15751709122894525,0.15610116426803494,0.15652874097100672,0.048788905230775496,0.12103329360927885,0.0
Davante Adams,WR,GB,15.18995199845526,7200.0,0.078441224397767045,0.23066240775697805,0.31647644387635177,0.10189750226990799,0.090816614850836225,0.11711440436315367,0.064591402485005167,2.0
Tavon Austin,WR,LARM,15.053840952366258,5400.0,0.18901353992537895,0.14214764483200301,0.24770071338031696,0.077046393973686386,0.10224329372999649,0.22593861999429921,0.015909794164319046,2.0
Malcolm Mitchell,WR,NE,14.944336891524218,4500.0,0.27288078445271052,0.13930964042543845,0.098232919814438144,0.097909568148637091,0.18538344694693351,0.14867617024006086,0.057607469971781386,0.0
Cody Latimer,WR,DEN,14.808750386811164,4500.0,0.21846173624717669,0.11914930315462842,0.25702614759545955,0.065863239843556007,0.19207196701127907,0.063739032346967872,0.083688573800932531,2.0
Devin Hester,WR,BAL,14.304058883535921,4500.0,0.36680160764614955,0.11899004974143888,0.041592078649405721,0.14869085610915656,0.040494903098853695,0.19447526130894691,0.088955243446048479,0.0
Jordan Matthews,WR,PHI,14.116851285433036,5900.0,0.1776631965127265,0.21218645004616873,0.1864919890554162,0.076304887301447813,0.29403302250863667,0.00895325183380692,0.044367202741797153,4.0
Julio Jones,WR,ATL,13.84730715670436,8800.0,0.10916777374631764,0.31383772164562435,0.16078860281575655,0.11294994569049885,0.23167134429105055,0.064525791294568216,0.0070588205161838382,1.0
Quinton Patton,WR,SF,13.634510733379585,4500.0,0.14169957936603181,0.28261888447831768,0.20150459587150851,0.14191103185749479,0.05628170344234313,0.16898878085683483,0.0069954241274693494,1.0
Pierre Garcon,WR,WAS,13.523718990008206,5400.0,0.28954961365537996,0.17726426488980015,0.10393106176080155,0.21005012490394109,0.058415227192931254,0.059551315516506137,0.10123839208063981,0.0
J.J. Nelson,WR,ARI,13.332400485490837,5600.0,0.30343740119996321,0.16279905160778393,0.14563721411244779,0.069170346213799805,0.19485866230686913,0.054114453491848888,0.069982871067287303,0.0
Rishard Matthews,WR,TEN,13.245193786901865,5800.0,0.25900226109953467,0.20626816753707722,0.12277238133454255,0.12673601917503441,0.19766864399767395,0.028498820604319967,0.059053706251817231,0.0
Adam Humphries,WR,TB,13.140879471840083,5200.0,0.40731497661301258,0.15309500269935411,0.033604377450165798,0.13275918250166174,0.019022926621385741,0.14588005931061743,0.10832347480380246,0.0
Brandon LaFell,WR,CIN,12.937142758501906,5600.0,0.29358887369861564,0.20834075126398205,0.135021733738282,0.11252734032385789,0.1175676207313384,0.042004728348399814,0.090948951895524405,0.0
Danny Amendola,WR,NE,12.878799662955188,4600.0,0.36879085229841818,0.15431155181126899,0.083783164712999125,0.094857559448391707,0.16179210511842418,0.043253353622224933,0.093211412988272901,0.0
Tyler Boyd,WR,CIN,12.630687136916231,4600.0,0.31550740429974422,0.16724482273831137,0.13482035061327818,0.15737001798220004,0.12214196933404103,0.026917570383432593,0.075997864648992525,0.0
Jarvis Landry,WR,MIA,12.599633326331805,6800.0,0.29077911722366634,0.17699084922566008,0.13722369420541053,0.12745158107712659,0.15883505277772084,0.10392307493339015,0.0047966305570255547,0.0
Kamar Aiken,WR,BAL,12.521208987661856,5100.0,0.29088862217923633,0.16523809182625854,0.19357160618141131,0.13205461015408662,0.084996369907950953,0.10027891008842649,0.032971789662629779,0.0
Sammie Coates,WR,PIT,12.446721082601879,5400.0,0.24243809381961232,0.15329969224143841,0.33609177772104365,0.089594313831059411,0.0806433032170394,0.042705673418819923,0.055227145750986868,2.0
Brittan Golden,WR,ARI,12.208695467096319,4500.0,0.30673645075543038,0.20686442679749489,0.16707666469392282,0.096580469474276648,0.10266083686043866,0.053460601900333415,0.06662054951810327,0.0
Jeremy Kerley,WR,SF,12.014267366257464,5100.0,0.23837674926348681,0.25693310982967921,0.2182451306449284,0.10309790381341723,0.033589523552036281,0.13843066156225192,0.011326921334200098,1.0
Rashad Ross,WR,WAS,11.991715922764909,4500.0,0.34633619187372289,0.14375748166162974,0.20448774623226829,0.11608501030465965,0.053442345436210466,0.066471440951209798,0.069419783540299304,0.0
John Brown,WR,ARI,11.828262149652755,6200.0,0.38526493591751104,0.11756614982469651,0.19455375714009757,0.033724619269664489,0.19286026246858265,0.0052219545493831744,0.070808320830064511,0.0
Emmanuel Sanders,WR,DEN,11.791251734961518,6900.0,0.21776160075560963,0.2883128241061213,0.22909827351163173,0.070942526277989623,0.12165323469954097,0.038136370658939822,0.0340951699901672,1.0
DeAndre Hopkins,WR,HOU,11.789871527460701,7400.0,0.43989935959853277,0.16481413006938947,0.096354883368344829,0.056734867943697788,0.074414885579049003,0.038663943218425374,0.12911793022256068,0.0
Cole Beasley,WR,DAL,11.746554595019823,6500.0,0.25189459958297294,0.19175423060795049,0.29506100569173249,0.09281127553551094,0.11915050696559186,0.0054904386412797284,0.04383794297496163,2.0
Eli Rogers,WR,PIT,11.623073021672946,4900.0,0.16453225955373682,0.20449261459114718,0.45655647895419493,0.031973045834039447,0.1249437122612676,0.0016314879657520519,0.015870400839861985,2.0
Pharoh Cooper,WR,LARM,11.525925460030114,4500.0,0.43177744769698601,0.14635383284269135,0.10341049783093467,0.071589117539351238,0.06336441377200637,0.13933015418120961,0.044174536136820784,0.0
Terrance Williams,WR,DAL,11.492837799810346,5200.0,0.31896913793611503,0.16043240944795861,0.23572054854744742,0.10019761526101795,0.12767770971160872,0.010084263555542159,0.046918315540310146,0.0
Mohamed Sanu,WR,ATL,11.244910551906468,5600.0,0.27339407869653159,0.29138883989750586,0.13298381957921437,0.1415595797286201,0.086289968882105259,0.041138079528713442,0.033245633687309373,1.0
Tajae Sharpe,WR,TEN,11.201448855391066,4600.0,0.4344127102145256,0.16637975689103562,0.085494306473755347,0.076786214329268826,0.12679309057587523,0.033653395935096808,0.076480525580442368,0.0
Harry Douglas,WR,TEN,11.157152987568029,4500.0,0.36124743743086496,0.19981668525734594,0.15287256281513742,0.076794074161156217,0.1308299422906288,0.025125761541088445,0.053313536503778257,0.0
Sterling Shepard,WR,NYG,10.620270952407516,5800.0,0.42987890020079172,0.13282878576082993,0.14628851242562504,0.11793695841278549,0.052941689871941089,0.098495167659246402,0.021629985668780091,0.0
Marqise Lee,WR,JAC,10.55811380001203,5000.0,0.21698227842360904,0.30462816956657812,0.2947942535505152,0.054783825566703713,0.11003020643182318,0.0060963007250775117,0.012684965735693242,1.0
Matthew Slater,WR,NE,10.440099736881347,4500.0,0.51596954811222018,0.13227750944414862,0.066262335459235933,0.061256456610849518,0.11644617224281345,0.017972099759942517,0.089815878370789803,0.0
Kelvin Benjamin,WR,CAR,10.434408811509222,7000.0,0.23436398125835831,0.22563688075578456,0.41043164807659277,0.036777955082495269,0.066956137594821288,0.0037959414943714042,0.022037455737576407,2.0
Taylor Gabriel,WR,ATL,10.284892850420924,4600.0,0.32446735621600331,0.27474888753449617,0.19650444991703589,0.079742202810219889,0.05790733214469361,0.0098191121652672075,0.056810659212284037,0.0
Chris Harper,WR,SF,10.071254127779802,4500.0,0.42078658716145212,0.21226690921969404,0.12378835239509817,0.083807381726688723,0.067260740764330335,0.043095388969404229,0.048994639763332487,0.0
Bryce Treggs,WR,PHI,9.9434157461376902,4500.0,0.39685612720529201,0.22156648868817141,0.15361274667941838,0.071582981062600651,0.099246740575571452,0.015481127291804878,0.0416537884971412,0.0
Rashad Greene,WR,JAC,9.8809449186040172,4500.0,0.51132079178301582,0.13829541400253226,0.0659447557760241,0.1162551908194949,0.054763964330165657,0.066031075326607777,0.047388807962159517,0.0
Breshad Perriman,WR,BAL,9.8348468976222847,5200.0,0.42201463516256599,0.17551658217377408,0.1603481518389534,0.11606651503339176,0.053735753108584035,0.041636947532990014,0.030681415149740689,0.0
Michael Thomas,WR,NO,9.7812524177674334,6400.0,0.23445088567692804,0.34814496761340596,0.26862565717622927,0.046679075430702391,0.090515100371695231,0.0043609769620130837,0.0072233367690259283,1.0
Michael Floyd,WR,ARI,9.7157189383231461,5000.0,0.53637176070280235,0.10926416771855299,0.090847023524968235,0.042748079120049853,0.15470436266840154,0.01619737057438618,0.049867235690838931,0.0
Jordy Nelson,WR,GB,9.4442388650806794,7700.0,0.38179229716827434,0.22461375868883868,0.21295860986187892,0.093341258226047136,0.038542652540033535,0.0085078953878430005,0.040243528127084441,0.0
Demaryius Thomas,WR,DEN,9.2028079705373997,7500.0,0.37997966806900818,0.26872892733086329,0.18166771236258539,0.056908889589643998,0.072982234977090013,0.0082800376574030665,0.031452530013405929,0.0
Kenny Stills,WR,MIA,9.0589416009705612,5700.0,0.48465764508696785,0.17478513735208917,0.11440404798789545,0.070534091225601767,0.093845659489485214,0.05354469823017171,0.0082287206277888297,0.0
Dontrelle Inman,WR,SD,8.8760220445436993,5300.0,0.43658657323631611,0.25459558792235482,0.13329043796527759,0.076199414507914898,0.033232749311890339,0.02474689105405126,0.041348346002194988,0.0
Keith Mumphery,WR,HOU,8.8616635357170921,4500.0,0.45617765482244882,0.14443961822484944,0.24701933116030522,0.03825180397796607,0.085824217045692333,0.0053771930103375864,0.022910181758400469,0.0
Cobi Hamilton,WR,PIT,8.8467585758492113,4500.0,0.50700696017242763,0.17259907117719855,0.11363234196844652,0.073060929608940881,0.075082552726078319,0.020695318620192558,0.037922825726715653,0.0
Brandon Marshall,WR,NYJ,8.6744093591462494,7100.0,0.37121976363625175,0.31442140268020768,0.19822637419604158,0.048901672873571216,0.020059155100141245,0.0063663487359541335,0.040805282777832276,0.0
Chris Moore,WR,BAL,8.6675731613261515,4500.0,0.49314346232790207,0.17806544676627256,0.15212974702948412,0.078428155274890984,0.042292302179185753,0.011253163230763622,0.044687723191500842,0.0
Josh Bellamy,WR,CHI,8.4869731541424773,4500.0,0.62219841459327507,0.11331196794993917,0.071670178465975537,0.046744334151124278,0.054161296720034738,0.0090504241097588665,0.082863384009892169,0.0
Jordan Norwood,WR,DEN,8.4620423877533923,4500.0,0.46889190099480299,0.22945514467046416,0.13187048378905428,0.052522243163720735,0.082990118319246589,0.0087136975824430741,0.025556411480268017,0.0
Geronimo Allison,WR,GB,8.4264955615938746,5200.0,0.51226608119185457,0.15364568539816964,0.18133762977515602,0.050138056507309119,0.04991134269050667,0.015759467836123697,0.036941736600880161,0.0
Jermaine Kearse,WR,SEA,8.301872681394352,4500.0,0.45142106070163729,0.17787015746189108,0.25692671443707016,0.03049644492002004,0.064061096317571301,0.0026947934261807912,0.016529732735629191,0.0
Dorial Green-Beckham,WR,PHI,8.2747511747224571,4900.0,0.58265342180070068,0.13576242448156392,0.1023663006886021,0.029052221637965753,0.098225134355979446,0.0021434826538771325,0.04979701438131115,0.0
Torrey Smith,WR,SF,8.2514244735629614,5200.0,0.46741338127445242,0.21764334840666505,0.15048056890190997,0.083000026210285766,0.032051480948259874,0.044465571067709292,0.0049456231907175395,0.0
Jake Lampman,WR,NO,8.2438747447338763,4500.0,0.54240671375845972,0.17510148714967078,0.11189604600518288,0.062396430906921346,0.046452389269100114,0.016315029286500013,0.045431903624165264,0.0
Deonte Thompson,WR,CHI,8.1067567318504068,4500.0,0.66125289328024617,0.095662443058347812,0.063586678681236991,0.042198688036114186,0.04571297178405042,0.0041623458902092791,0.087423979269795213,0.0
Nelson Agholor,WR,PHI,8.08602224061962,5400.0,0.57644688072810046,0.14072367234106054,0.10411641286543331,0.028155579930110333,0.11700259327384427,0.0015571722887616976,0.031997688572689295,0.0
Braxton Miller,WR,HOU,7.9050650716158204,4500.0,0.67158314763647742,0.11733799642287558,0.048918310754348826,0.026033637056998828,0.030295385563870326,0.014232635806783996,0.091598886758645096,0.0
Charles Johnson,WR,MIN,7.7765592917297814,4600.0,0.67959804059247231,0.10521703974303163,0.022259895118705776,0.067402868666337643,0.017803981980527184,0.045345090599082177,0.062373083299843153,0.0
Demarcus Robinson,WR,KC,7.5971986930779485,4500.0,0.57242418509221127,0.16949641206743887,0.10780169726665978,0.048830621904469747,0.060745788388883483,0.013129004384200983,0.027572290896135884,0.0
Quincy Enunwa,WR,NYJ,7.5963169678656772,5800.0,0.46566476440536492,0.29389241868933486,0.14703593169680471,0.036183972262042743,0.01460162245499309,0.0084651222069306101,0.034156168284528873,0.0
Jeff Janis,WR,GB,7.5904422007430732,4800.0,0.60591237726588887,0.13681612460381906,0.11711065263514284,0.053152887658918277,0.02683158164414879,0.007253616351582625,0.052922759840499489,0.0
Mike Thomas,WR,LARM,7.584501410325843,4500.0,0.59540610890681545,0.10578119214105501,0.16162285350056266,0.042902768581327952,0.046359822067491133,0.025200911539213947,0.022726343263533906,0.0
Freddie Martino,WR,TB,7.5816116429252283,4500.0,0.59709954206424543,0.1174109202924037,0.13887846226663991,0.052271037518972559,0.050527853770470955,0.015032826964451402,0.02877935712281595,0.0
Bradley Marquez,WR,LARM,7.4511809011079793,4500.0,0.60214750499102843,0.10669728418287336,0.15576505498656867,0.043183939997971266,0.047271801618602748,0.025802621901299838,0.019131792321655596,0.0
DeVante Parker,WR,MIA,7.4211773851610907,5600.0,0.60052818817287934,0.14260240947173408,0.082350514490829516,0.076661698263427336,0.054966527758683513,0.034472312814727957,0.0084183490277183314,0.0
Terrelle Pryor,WR,CLE,7.3995906166826781,7100.0,0.49074253386948408,0.23010876326940111,0.15552280645559305,0.08436503003846843,0.025694889315989702,0.0035265007035536313,0.010039476347510141,0.0
Allen Hurns,WR,JAC,7.3276776877780314,5600.0,0.49911708360076568,0.19545309824224139,0.2299785309636122,0.027800599307913072,0.033036887390497295,0.00027578221126238033,0.014338018283707763,0.0
Alex Erickson,WR,CIN,7.268548099995348,4500.0,0.67052492815671472,0.11073131264650901,0.065989117499857197,0.050828642852838724,0.039535250720663974,0.0034444812603554556,0.05894626686306103,0.0
Devin Funchess,WR,CAR,7.231960660508074,4800.0,0.56195462570862909,0.17348599591897565,0.16254926770602166,0.032045474371943668,0.03875374299882707,0.0041430671746416478,0.027067826120961268,0.0
Andrew Hawkins,WR,CLE,7.0581003058611156,4500.0,0.55246792890605889,0.19634685414887218,0.12777991825729856,0.072881464991661898,0.030569134733315816,0.0072754044384312133,0.012679294524361354,0.0
Brandin Cooks,WR,NO,7.039119433738029,7300.0,0.48973937768678838,0.24119699676018616,0.19584466652719801,0.023009737876533945,0.04811754199358606,0.00010515945534703684,0.0019865197003604102,0.0
Isaiah Burse,WR,SD,7.0288638451163719,4500.0,0.60797590383523492,0.15127799218369378,0.1234998079272458,0.042050796338236551,0.036036728810435979,0.011557436103238944,0.027601334801913974,0.0
Dwayne Harris,WR,NYG,6.8954893124403585,4500.0,0.68238999352889185,0.086149588454058845,0.088616935309202047,0.063102939964720009,0.024503178083052957,0.020433332734163843,0.034804031925910424,0.0
Lucky Whitehead,WR,DAL,6.6705839859169123,4500.0,0.67822896781086095,0.09794149992331469,0.096302742814185965,0.043479125685656414,0.051820335289768184,0.0024176944531575121,0.029809634023056353,0.0
Doug Baldwin,WR,SEA,6.6495611822247112,6900.0,0.54748134208005783,0.16340587487156991,0.24579997639056536,0.0096511944859189683,0.029086642604459815,8.7364847758315058e-05,0.0044876047196698264,0.0
Trevor Davis,WR,GB,6.4942263729119141,5100.0,0.71196544629654313,0.092145151288459945,0.090272746550786362,0.032742138959816508,0.016564478173101409,0.0028966340886052407,0.053413404642687477,0.0
Marc Mariani,WR,TEN,6.4577604713002277,4500.0,0.76013808960586182,0.071985188275773174,0.036544831182358697,0.030171409172226382,0.03915991400385628,0.002453553568035081,0.059547014191888549,0.0
Rod Streater,WR,SF,6.4469572144185623,4500.0,0.61096650114157847,0.17480705870581886,0.11540643975357306,0.053121666892205967,0.017120373511823134,0.019887820013777979,0.0086901399812226582,0.0
Aaron Burbridge,WR,SF,6.4373007557523767,4500.0,0.61557554788136204,0.17273052035415384,0.11506730596407004,0.047975216041961699,0.01642974822027524,0.022993614757970397,0.0092280467802067136,0.0
Corey Brown,WR,CAR,6.1849613601376525,4800.0,0.66317769129780813,0.13218146923518145,0.12478975236556308,0.022733099558242514,0.032209514448409714,0.0024740890155415152,0.022434384079253685,0.0
Ryan Grant,WR,WAS,6.1284486871414741,4500.0,0.74887962226188776,0.094915411525540255,0.038021527989051999,0.048794551401378686,0.013634690443168933,0.0057289483436546674,0.050025248035317764,0.0
Bennie Fowler,WR,DEN,6.0952079305526015,4600.0,0.6916882177441368,0.13186599510538652,0.079018154702733517,0.027006011529167755,0.04237200246395377,0.0024595218657942472,0.025590096588827264,0.0
Brenton Bersin,WR,CAR,5.9708854088204388,4500.0,0.7028187972270461,0.10764436125498214,0.11468359993363564,0.01784040328973082,0.025810336981535214,0.0016088637923031409,0.029593637520766967,0.0
Tyreek Hill,WR,KC,5.9474298824536707,4700.0,0.637588329784331,0.19541295382633311,0.10014519977544918,0.019917527290221278,0.028002437980582853,0.00069852960635336729,0.018235021736729317,0.0
Brice Butler,WR,DAL,5.9010383689091581,5100.0,0.71463446433307698,0.098463087428804483,0.09937700101531384,0.029146355180205953,0.032884049156388734,0.001134971069425568,0.024360071816784446,0.0
Chris Conley,WR,KC,5.877390154344817,4500.0,0.64954369453690963,0.18331998175538269,0.097572217188346869,0.021000229883283896,0.032284750176775359,0.00062693173701786314,0.015652194722283765,0.0
Jakeem Grant,WR,MIA,5.7974146733219065,4500.0,0.72043812895195902,0.10821307580221307,0.061562826123489137,0.050541065528911439,0.03859330713286923,0.008058396997766646,0.012593199462791577,0.0
Stefon Diggs,WR,MIN,5.7255589387866515,6700.0,0.6576851956793669,0.21629285554541666,0.041594856837826086,0.047907324115242421,0.012723449518943459,0.0024417472373791712,0.02135457106582532,0.0
Ted Ginn Jr.,WR,CAR,5.690358866621688,5300.0,0.71351225849906974,0.10320830618074002,0.12421312744127563,0.012098191860604016,0.021708802994026073,0.00058540663647977363,0.024673906387804773,0.0
Leonte Carroo,WR,MIA,5.6269870218971292,4500.0,0.73397932241196051,0.10353732307359399,0.058869132043567488,0.04780821015672216,0.03627422981525176,0.0075708791702361281,0.011960903328668119,0.0
Corey Coleman,WR,CLE,5.5556071809325971,5700.0,0.6663386889383488,0.17176490299636407,0.10065095709099822,0.030367307500222606,0.018314628280734026,0.0053124435814040829,0.0072510716119283634,0.0
Jordan Taylor,WR,DEN,5.4991924917443828,4500.0,0.73559082085836502,0.11908425310275021,0.071497672904004439,0.021583336500547022,0.025411990848236313,0.0020310607107320768,0.024800865075364737,0.0
Roger Lewis,WR,NYG,5.4732034498975803,4500.0,0.6875783436458669,0.13597394785035155,0.11855448816471548,0.031051800804769731,0.017513582541561365,0.0015219381557323125,0.0078058988370026759,0.0
Justin Hardy,WR,ATL,5.3278900422766737,4500.0,0.75677604608521964,0.1095376232943107,0.046274190960426058,0.036528157385861015,0.027856374190781071,0.0047982788150975749,0.018229329268304086,0.0
Charone Peake,WR,NYJ,5.2381377182300941,4500.0,0.74728256439825558,0.12257058622113247,0.074637175788736604,0.017608113499464617,0.0087098747267281493,0.0010847922898871165,0.028106893075795579,0.0
Jalin Marshall,WR,NYJ,5.2367040889703391,4500.0,0.656572793156882,0.21810299169748135,0.096474081320582453,0.0090587667359909238,0.007771736787727461,6.7453908095996707e-05,0.011952176393239833,0.0
Dez Bryant,WR,DAL,5.2217416012035818,7500.0,0.73502844942380963,0.14576206515128362,0.063753481091641556,0.019936517243199503,0.0077105269350728617,0.00022040504746186122,0.02758855510753085,0.0
Griff Whalen,WR,SD,5.1415149259763666,4500.0,0.77669567670703898,0.10378190543592401,0.051145019211595935,0.025221799384585006,0.012175521267384377,0.0023379658964678171,0.028642112097003954,0.0
Arrelious Benn,WR,JAC,5.0812315158575174,4500.0,0.73052951779322106,0.1571369618406302,0.054082984578277711,0.018986756158104409,0.023199149239009256,0.0021557271973037875,0.013908903193453635,0.0
Ricardo Louis,WR,CLE,5.0203316535494116,4500.0,0.74688625771440076,0.11265732467336956,0.075509569180787342,0.039569951350078972,0.016214276730105066,0.0018227503859318016,0.0073398699653264505,0.0
Willie Snead,WR,NO,4.9728370895913319,6400.0,0.69837430578335857,0.16590248515782066,0.10614136787674676,0.01033230113718692,0.015818829166414999,0.00012642918689264736,0.0033042816915796907,0.0
Tyler Lockett,WR,SEA,4.9454129795954342,4900.0,0.75172447573838452,0.094715547257227986,0.11561537489657035,0.010175652028482059,0.019049067624614599,0.00017744244724651056,0.0085424400074740319,0.0
Paul Richardson,WR,SEA,4.8520701934162762,4500.0,0.76810817875571247,0.089949205455490538,0.10232567350456805,0.010808006169598336,0.017336183718812823,0.00035210515882143568,0.011120647236996208,0.0
Allen Robinson,WR,JAC,4.7512326738778397,7000.0,0.72633563175088889,0.13693355427654297,0.11674040078528784,0.0079776900488021853,0.0088678960666984802,9.2343008800777988e-06,0.0031355927708997511,0.0
Eric Weems,WR,ATL,4.6984965939574188,4500.0,0.8111751857247711,0.089026694887157504,0.035454583142727536,0.025086202417923392,0.018857742303236467,0.0023489758366930396,0.018050615687490779,0.0
Cecil Shorts,WR,TB,4.6465490282823403,4500.0,0.83178105239436306,0.078258591750967485,0.024792618001586535,0.025876250684778949,0.011605152002300553,0.0016963738268233179,0.025989961339180287,0.0
Aldrick Robinson,WR,ATL,4.6338550395136684,4500.0,0.81356006106760148,0.089197753118106696,0.034554464754561254,0.025106733720176105,0.01902791141772724,0.0023750100318730765,0.01617806588995414,0.0
Albert Wilson,WR,KC,4.3182076816739166,4900.0,0.79689589674162009,0.11987106237555814,0.048280910707819306,0.010175833889290388,0.017658547749579007,0.00014560373831086051,0.0069721447978223182,0.0
Odell Beckham Jr.,WR,NYG,4.2430282345594277,9000.0,0.83844833994706813,0.057643937049122941,0.057939279417803399,0.027482684016378569,0.0090036244597095326,0.0033421847168556272,0.0061399503930620923,0.0
De'Anthony Thomas,WR,KC,4.1559926225296877,4500.0,0.83154071583928402,0.089864873468245551,0.044978979087187419,0.0082232536401157415,0.015268414343970069,0.00011479264712855946,0.010008970974068753,0.0
Brandon Coleman,WR,NO,3.7862263085991321,4500.0,0.84635730667813514,0.094709223833408823,0.038767932069744868,0.0084194110180752027,0.0065261410709214294,0.00019501882275248984,0.0050249665069621759,0.0
Rashard Higgins,WR,CLE,3.708207352326975,4500.0,0.86904777885771145,0.069048416638063104,0.035736747838437465,0.014933907413529887,0.0063143081192400339,0.00060790928780651767,0.0043109318452114751,0.0
