name,pos,team,expectation,salary,prob_0_5,prob_5_10,prob_10_15,prob_15_20,prob_20_25,prob_25_30,prob_30+,label
Delanie Walker,TE,TEN,10.27534204878285,6200.0,0.22138403079908198,0.34569184708987605,0.21841531841255321,0.13202883400675849,0.049972030480775004,0.023153535315333755,0.0093544038956219593,1.0
Greg Olsen,TE,CAR,10.190661835136197,7200.0,0.25235800010859327,0.27353094675534373,0.28481666702574832,0.11873503770211183,0.033689421167255096,0.023766159080745818,0.013103768160202168,2.0
Travis Kelce,TE,KC,9.9645640205152102,6300.0,0.26603778361855179,0.31404731127315161,0.20499552675451752,0.1338178505696985,0.048994494911826336,0.024835203803467924,0.0072718290687868717,1.0
Jimmy Graham,TE,SEA,9.8478867338254314,6600.0,0.27002903229276598,0.3150725594100201,0.22266163972912348,0.10889834374511927,0.050000740111498992,0.022807622939402566,0.010530061772069658,1.0
Coby Fleener,TE,NO,9.0738379778836507,5600.0,0.31057918980814159,0.32145287679315576,0.21039909927146855,0.090707277563400593,0.041983040399326266,0.01949855274410902,0.0053799634203977867,1.0
Rob Gronkowski,TE,NE,8.6209210972281305,8000.0,0.40700403814549097,0.18640950235589795,0.25260797508353944,0.10800785751290286,0.02746668811978693,0.01440477345379456,0.0040991653285877387,0.0
Antonio Gates,TE,SD,8.4025766007768983,5700.0,0.32319358328702602,0.37934163675700905,0.16775471922101831,0.088871123697882318,0.01887556053953331,0.012808877019599913,0.0091544994779313993,1.0
Cameron Brate,TE,TB,8.2575820076173301,5400.0,0.37993435433808342,0.29297864082603614,0.193138394017973,0.089873477162904447,0.024812274997063285,0.014544760061393594,0.0047180985965460847,0.0
Jordan Reed,TE,WAS,8.1275187449969852,7000.0,0.39837695116939231,0.2460533555671105,0.23026813753873129,0.094636994107488978,0.020640713818639942,0.0084764866222288605,0.0015473611764081714,0.0
Jason Witten,TE,DAL,8.1036208342985603,5400.0,0.37955567698254034,0.31913534786305331,0.16769683406668284,0.088928657132069863,0.029547763870924906,0.011442704378236811,0.0036930157064922189,0.0
Julius Thomas,TE,JAC,7.2665502268632256,5500.0,0.45961539297502768,0.28915631480473902,0.14595687912106631,0.067642668182595928,0.023989716746068236,0.010200388209705372,0.003438639960797794,0.0
Tyler Eifert,TE,CIN,7.1979827913988865,6100.0,0.47042145114680589,0.24502410506811045,0.19587880269776789,0.060530349834878289,0.021113121445721857,0.0059585274766957375,0.0010736423300199912,0.0
Hunter Henry,TE,SD,7.0329090771493856,5400.0,0.46681137515864207,0.26140287750903501,0.19370878218857784,0.063049127559425031,0.0096824089781904696,0.0032406206581292308,0.0021048079480004713,0.0
Gary Barnidge,TE,CLE,6.8801463432620187,4900.0,0.49978482660683959,0.2841668516440542,0.11872311996579298,0.067478422622169631,0.013728575487583716,0.0051344777454798004,0.010983725928080123,0.0
Zach Miller,TE,CHI,6.8048211968288594,5400.0,0.50422727374892429,0.2608163793557885,0.15038585762133033,0.056187555168355115,0.015142891055878458,0.010545576522971476,0.0026944665267517333,0.0
Martellus Bennett,TE,NE,6.7759097770484891,5300.0,0.52894362414149354,0.21307363068951796,0.17495292795145878,0.048486607271726295,0.027768463418489146,0.0055780393996119849,0.0011967071277025805,0.0
Richard Rodgers,TE,GB,6.6654462654622009,4600.0,0.51248724693914227,0.28919087090126644,0.083463455465373121,0.093985904102733012,0.010897108945516249,0.0089432436857569391,0.001032169960212097,0.0
Zach Ertz,TE,PHI,6.2846105821180593,4600.0,0.52288414353469115,0.2993322444529431,0.10397039892954912,0.05627488875643355,0.009617047181355854,0.006088054883887006,0.0018332222611402275,0.0
Kyle Rudolph,TE,MIN,5.8968785598742279,5000.0,0.61362499559281181,0.19664943304629159,0.12245840054791768,0.041903736864352288,0.017295884951019008,0.0063495606992440426,0.0017179882983638871,0.0
Jesse James,TE,PIT,5.7812534317637523,4900.0,0.61251072328233147,0.23925057959072168,0.082237211493189161,0.032320341722969735,0.020375766300317164,0.0082822407083921988,0.0050231369020787252,0.0
Austin Hooper,TE,ATL,5.648775459112759,4500.0,0.60475615839124341,0.22817836844371781,0.12205554701027697,0.029969499917069452,0.0098521282858606441,0.0037168801488524925,0.0014714178029794388,0.0
C.J. Fiedorowicz,TE,HOU,5.5995735740939123,5200.0,0.57116004299848278,0.2939587446309469,0.090230246685540028,0.035927515683701471,0.0069659914508909716,0.0010496777438414528,0.00070778080659689038,0.0
Dennis Pitta,TE,BAL,5.2925785776458278,4900.0,0.65593179932434953,0.21749836451517485,0.081366202719976105,0.025083405168577603,0.0056778935270808666,0.0090346799209895003,0.0054076548238514936,0.0
Lance Kendricks,TE,LARM,5.2850673031480753,4500.0,0.69845092558341981,0.13779687614119415,0.090173606394443745,0.064848546865930529,0.002124221071415871,0.0047406725448651535,0.0018651513987311581,0.0
Marcedes Lewis,TE,JAC,5.2378071657568688,4500.0,0.63123140784157039,0.23479812807731656,0.10609644560251329,0.017961377069732415,0.0063309965962828046,0.0012789300047279617,0.0023027148078558031,0.0
Vance McDonald,TE,SF,5.2123986970683776,4800.0,0.67150455392983877,0.21305114817258056,0.052511589102215289,0.048601115279140593,0.0023852953484017102,0.0057267015234757721,0.0062195966443472431,0.0
Garrett Celek,TE,SF,4.9754600319272013,4500.0,0.70874264901269535,0.1717362794499834,0.056202399307397941,0.054702565298820421,0.0034432854986435912,0.00036883258757327837,0.0048039888448860252,0.0
Virgil Green,TE,DEN,4.9488972399928528,4500.0,0.6994597394184725,0.16933212210266801,0.093483050816976748,0.025232548285848977,0.0075491393192660336,0.0030300521610991545,0.0019133478956680822,0.0
Trey Burton,TE,PHI,4.6721363509950358,4500.0,0.7477040610296618,0.1336254101882911,0.072799310920585711,0.032646287048660662,0.010516805805602988,0.0016037724970916407,0.0011043525101065174,0.0
Dominique Jones,TE,MIA,4.6482443260259263,4800.0,0.72027527595794827,0.18953897470884704,0.055307019788451504,0.021602037398310545,0.0069933158221332772,0.0027503137813600499,0.0035330625429492663,0.0
Ryan Griffin,TE,HOU,4.2190117182198108,4500.0,0.73264418139016274,0.2199371748274517,0.032253469711928169,0.009026333474172572,0.00062997604199958629,0.0040321965338080169,0.0014766680204766813,0.0
Ben Koyack,TE,JAC,4.1804099339931176,4500.0,0.7803763281277809,0.14316247173840158,0.042164775272977698,0.032109276705590127,0.00070637301173061924,0.00012559738819905656,0.0013551777553197824,0.0
Vernon Davis,TE,WAS,4.1802894666446067,4500.0,0.75477072534285272,0.17646959730376632,0.055013863200957545,0.0098993132908804203,0.00072208992653311388,0.0022229340220657734,0.00090147691294418446,0.0
Josh Hill,TE,NO,4.0757826728878657,4500.0,0.79178924923297866,0.13897905840511435,0.048269466335218357,0.013586734152557312,0.0023354681628974107,0.00214912382017438,0.0028908998910597726,0.0
Levine Toilolo,TE,ATL,3.9634092267530274,4700.0,0.82463220373764556,0.11003936190198217,0.0376686488375075,0.018248025396750071,0.0026087518231162534,0.0013956344523985054,0.0054073738506000852,0.0
Will Tye,TE,NYG,3.9102852660051002,4500.0,0.81605436043945601,0.11982449715337991,0.047670603659371112,0.0091508012692546152,0.0011375080669080737,0.0034437190147312774,0.0027185103968992695,0.0
Brandon Myers,TE,TB,3.8387052508124051,4500.0,0.84668873529681943,0.09347680157772463,0.043061015684705523,0.0049004575046989619,0.0012747356990813244,0.000364500423589441,0.010233753813380896,0.0
Justin Perillo,TE,GB,3.8338269805851795,4500.0,0.81008481628045859,0.14370736455022665,0.031338690484179837,0.0074545027312198564,0.0025453815708186885,0.0025429815790775933,0.0023262628040195384,0.0
Ed Dickson,TE,CAR,3.8317582340563074,4500.0,0.81535440676780913,0.13775364705121923,0.030287699989834882,0.0088119400340454408,0.0012581565215309242,0.0039452126926851922,0.0025889369428748676,0.0
Tyler Higbee,TE,LARM,3.7953839118254482,4500.0,0.84954439226093981,0.093373927450042707,0.039513992491579081,0.0068171243848418857,0.0013312065575689952,0.00021809934039589821,0.0092012575146319126,0.0
Darren Waller,TE,BAL,3.7290503145848977,0.0,0.85225254922356963,0.094775706605088453,0.037609128724008262,0.0058061056224800152,0.00097381468850129931,0.00085666342924060857,0.0077260317071117367,0.0
Jermaine Gresham,TE,ARI,3.7156449778772225,4500.0,0.83362093590136266,0.11989150587891527,0.031398149126107992,0.0079927750471962041,0.0013873342203566934,0.0041312796320652706,0.0015780201939956425,0.0
Stephen Anderson,TE,HOU,3.65181907138094,4500.0,0.83560071613249809,0.11836064296630114,0.036114191012619715,0.0056644180601554345,0.00060676145623856845,0.002261178759993111,0.001392091612194032,0.0
Geoff Swaim,TE,DAL,3.6503682003260396,4500.0,0.84288056344235784,0.10766080720150831,0.039128391072408071,0.0040345813015287705,0.0032145907673394179,0.00055532443442441121,0.0025257417804334472,0.0
David Johnson,TE,PIT,3.6172777168270596,4500.0,0.86461231193060117,0.088227120776299947,0.02411116022716784,0.010798803066692137,0.0098892539607965003,0.00019739877224195731,0.00216395126620062,0.0
Jerell Adams,TE,NYG,3.6005811904091085,4500.0,0.85853204889803558,0.092806921238451426,0.035746723124816339,0.0059796931367058475,0.00095152706309822974,0.0032129197143832807,0.0027701668245093355,0.0
Xavier Grimble,TE,PIT,3.5523325225009343,4500.0,0.87360109315359236,0.082304479822675164,0.021735484605741678,0.0095505555661804884,0.010776376825004765,0.00018278913784394954,0.0018492208889612657,0.0
Phillip Supernaw,TE,TEN,3.4931118406637243,4500.0,0.86428120189846336,0.085484803534782286,0.042571011293007395,0.0058156409212155574,0.0005131770890220653,0.00011744221373175952,0.0012167230497775522,0.0
Gavin Escobar,TE,DAL,3.4734575224871977,4500.0,0.86256508771975482,0.099887438203758686,0.028725277288287741,0.003821184802183855,0.0025323343579012757,0.00019052313586416777,0.0022781544922503652,0.0
Anthony Fasano,TE,TEN,3.4432990802071322,4500.0,0.86186609534397685,0.10537257763128839,0.025176558115623922,0.0037880315528799262,0.0010849172073936796,0.00026431485117699936,0.0024475052976601023,0.0
Marqueis Gray,TE,MIA,3.4095581371636077,4500.0,0.86614265494707376,0.10419614113499782,0.020026856391096488,0.0060690784820781147,0.0012290615908746236,0.00043137116294551944,0.0019048362909338734,0.0
Rhett Ellison,TE,MIN,3.3606054058250807,4500.0,0.87421246172629785,0.096477403226662747,0.021346099805060106,0.0045757027440151993,0.0010112180228933586,0.00018116405556289967,0.0021959504195076395,0.0
Brandon Williams,TE,SEA,3.2970222532139393,4500.0,0.89084853241337725,0.078165832846153804,0.021965109482113266,0.0054719175016510694,0.00075204335142893737,0.00019546380836859813,0.0026011005969070289,0.0
Brent Celek,TE,PHI,3.106064428612513,4500.0,0.9261702101875896,0.052551697075566749,0.013844407478211144,0.0011578362239007369,0.00075891157228516687,0.0009312498508165228,0.004585687611629018,0.0
John Phillips,TE,NO,3.0951067940946881,4500.0,0.9287594275056793,0.051802490098467886,0.010081501023756307,0.0031246452364830316,0.00074853872558090816,0.00063620473601270035,0.0048471926740186978,0.0
Demetrius Harris,TE,KC,3.0940725128249444,4500.0,0.92224729520930682,0.05198970699633533,0.01568002100600532,0.0081075131576557966,0.00048626678877657705,0.00032175502927464359,0.0011674418126455543,0.0
Ben Braunecker,TE,CHI,3.0892863032409266,4500.0,0.9153739891225855,0.063008907888161228,0.017126631251163784,0.0016824335583000409,0.00067055366388209508,0.00068538295075093957,0.0014521015651559389,0.0
Darren Fells,TE,ARI,3.0590602536967268,4500.0,0.93155279303864125,0.0501186924152177,0.011067105825286028,0.0013260585794205052,0.0007771601634077288,0.00070393638367108725,0.0044542535943550808,0.0
Logan Paulsen,TE,CHI,3.0339284318448305,4500.0,0.92776564635171599,0.049086795404773301,0.019035686684690547,0.001245419644380305,0.00068335871297045417,0.00068818799983929864,0.0014949052016296491,0.0
Tyler Kroft,TE,CIN,3.0296731556559697,4500.0,0.92809261517271946,0.04794251618893533,0.019946034055531719,0.0015781570383527148,0.00069754256506529794,0.00050331460679390108,0.0012398203726010316,0.0
Ladarius Green,TE,PIT,3.0149392403481854,4500.0,0.92859109874616008,0.053972796493073044,0.013056020017913122,0.0005712509836006607,0.00088766628838992832,0.00089933008282447823,0.0020218373880390031,0.0
Nick Vannett,TE,SEA,2.9977747746632049,4500.0,0.93112180134240397,0.050798567016169957,0.013773010762687771,0.0011257317786934277,0.00070640447969230714,0.0007177312640313005,0.0017567533563214465,0.0
Luke Stocker,TE,TB,2.9948603556088815,4500.0,0.93232963666389446,0.048356361620598448,0.014404083394441823,0.0020768689031326211,0.0007886823074121119,0.00057745296342508212,0.0014669141470957403,0.0
Derek Carrier,TE,WAS,2.9820561483951149,4500.0,0.93657832159881116,0.047490612576495221,0.010771796834066835,0.00070436155056523547,0.00094588130117931595,0.00088550421650028131,0.0026235219223815272,0.0
Alan Cross,TE,TB,2.9771891760878075,4500.0,0.93550886883959183,0.04914622373707063,0.010520509085815158,0.00064333822579355283,0.00097389818104936165,0.00094771109475551296,0.0022594508359238393,0.0
Seth DeValve,TE,CLE,2.977148008406334,4500.0,0.93140592608805128,0.053067928284063239,0.011807080855808378,0.00086759358081997507,0.00069638768279770393,0.00043257506203366248,0.0017225084464257969,0.0
Sean McGrath,TE,SD,2.975733757126978,4500.0,0.93763117099107074,0.043797836129049063,0.014228693410377087,0.00061064642605025525,0.00080975196628031471,0.00078118377953300408,0.0021407172976392846,0.0
A.J. Derby,TE,DEN,2.9730670427770267,4500.0,0.93711803602484689,0.047202274608808166,0.010703611568251588,0.00068908079121415692,0.001006613679057545,0.00094151860707956004,0.0023388647207420983,0.0
Ross Travis,TE,KC,2.9596573761381411,4500.0,0.93796988230002321,0.047039238208121954,0.010402724706458123,0.00060532467964318762,0.0009135510737475407,0.00088913629024608683,0.0021801427417599503,0.0
C.J. Uzomah,TE,CIN,2.9449711561574072,4500.0,0.93996863441698486,0.045555899490872263,0.010046905784734913,0.00059083175022181446,0.00085084655775696772,0.0008307295378947435,0.002156152461534229,0.0
Dion Sims,TE,MIA,2.9430181639993278,4500.0,0.93932544583722999,0.046542761543393846,0.0099098844568876032,0.00057264044750293328,0.00079819281531704964,0.0008010514059501679,0.0020500234937182713,0.0
Neal Sterling,TE,JAC,2.9379166799456424,4500.0,0.94001082211643161,0.046062004677541672,0.0097570243550617851,0.00057265865646909098,0.00077430093477470741,0.00077241819681998238,0.0020507710629011121,0.0
James O'Shaughnessy,TE,KC,2.9374980942542535,4500.0,0.93989230176425898,0.044334010326484333,0.011968320591704402,0.00064421482733087606,0.00086201764141124581,0.00073074948262994159,0.0015683853661800516,0.0
Asante Cleveland,TE,SD,2.932994626046828,4500.0,0.94206307344392337,0.043361580491448407,0.010240096835457367,0.00063020641912371719,0.00081038353009266141,0.00079352510029435236,0.0021011341796598423,0.0
Brandon Bostick,TE,NYJ,2.9298316335796373,4500.0,0.93904433300958567,0.045396031188810165,0.012406886492620726,0.00075775401561938537,0.00055112599787279716,0.00047092927811051615,0.0013729400173806252,0.0
Jeff Heuerman,TE,DEN,2.9280870127476857,4500.0,0.94357884323127295,0.041438298288198554,0.010360513021674742,0.00057082106079551923,0.0013842195639215986,0.00075249642798053834,0.0019148084061559288,0.0
Cory Harkey,TE,LARM,2.9210996073182409,4500.0,0.94346366288940098,0.042218306455864094,0.010174596651938605,0.00065836432265334766,0.00075570227615098773,0.00072424566306996763,0.0020051217409219986,0.0
Larry Donnell,TE,NYG,2.907585821176633,4500.0,0.94660288698636297,0.03985746127137324,0.0091385612012412128,0.00063707850161373136,0.0007727278509303601,0.00070860904813299544,0.0022826751403451462,0.0
Blake Bell,TE,SF,2.8938930538600838,4500.0,0.94719716670406273,0.039335286354467924,0.0095705234826048598,0.00066620511199863173,0.0007043670196555849,0.00062382639276017265,0.0019026249344492854,0.0
Randall Telfer,TE,CLE,2.8781599953985864,4500.0,0.94794527077893787,0.039591540996988597,0.0089683895389707745,0.00047022137349708151,0.00084072283747403556,0.0005766203649674636,0.0016072341091634946,0.0
