name,pos,team,expectation,salary,prob_0_5,prob_5_10,prob_10_15,prob_15_20,prob_20_25,prob_25_30,prob_30+,label
Julio Jones,WR,ATL,13.302499079068374,8800.0,0.17061880584132688,0.24592984898484568,0.2199904111505229,0.1528606827186301,0.11167111593788602,0.049144498175852654,0.049784637190936204,1.0
Mike Evans,WR,TB,11.718662617127688,8500.0,0.22538869341197504,0.27895361341391905,0.21464119269949883,0.12585869404838845,0.075248808853419294,0.041655518112947723,0.038253479459852198,1.0
Antonio Brown,WR,PIT,11.71656326071875,8600.0,0.24634041080175134,0.25117114765784365,0.20442608093806564,0.13564859154509076,0.091744426742114152,0.033323242694886235,0.037346099620248423,1.0
Emmanuel Sanders,WR,DEN,11.448999249555698,6900.0,0.22367179621896094,0.27080336060110299,0.2346887624155041,0.13289133063919445,0.077999057606513295,0.033798839490880035,0.026146853027844842,1.0
Demaryius Thomas,WR,DEN,11.425141611504019,7500.0,0.23143707839433872,0.2747599216437403,0.21777464421401371,0.13307880042160578,0.081324324449036672,0.033585725022770345,0.028039505854495356,1.0
Odell Beckham Jr.,WR,NYG,11.388866755789328,9000.0,0.33703495628195973,0.22379684933368696,0.13161751849326819,0.12531397754133247,0.085331325825954554,0.037607128329909048,0.059298244193889418,0.0
Jordy Nelson,WR,GB,11.270215918479416,7700.0,0.25967211183749356,0.25599090713545752,0.21342599721701294,0.13287384725938861,0.072496498029836001,0.028947601437588368,0.036593037083222778,0.0
Brandin Cooks,WR,NO,11.231961794008951,7300.0,0.24050698243398166,0.26220672942403095,0.23416765088998504,0.12479154109599348,0.08581263077279784,0.028745895848172394,0.023768569535039204,1.0
Brandon Marshall,WR,NYJ,11.055286967847161,7100.0,0.25517313652404849,0.2761581828011398,0.20499271163064986,0.13256325429527724,0.073062270315365246,0.028235296972116297,0.029815147461402888,1.0
Doug Baldwin,WR,SEA,10.621618929147909,6900.0,0.26610404216513517,0.28295387540113942,0.21786864680065157,0.11228176234117497,0.069686134359995683,0.028095473795826883,0.023010065136076483,1.0
Kelvin Benjamin,WR,CAR,10.619647517480495,7000.0,0.26075268646768346,0.29841459301431822,0.20284507281824485,0.12134120596147512,0.062032359350637487,0.031546550640902581,0.023067531746738805,1.0
Willie Snead,WR,NO,10.311040236215774,6400.0,0.30294480819672809,0.25781032078834237,0.20951408411729558,0.11175962599184575,0.071575922146708562,0.025188040184112352,0.021207198574967449,0.0
A.J. Green,WR,CIN,10.262851755164123,8700.0,0.31581340087856463,0.24605218228541026,0.20706371027812479,0.12272329100800634,0.05957574456767134,0.020731976325325141,0.02803969465689763,0.0
Jarvis Landry,WR,MIA,10.196013665310605,6800.0,0.30335976674753384,0.276136787567338,0.18840754666601062,0.12074085425128084,0.066399246467240353,0.022520923609281041,0.022434874691315811,0.0
Michael Thomas,WR,NO,10.12896291942252,6400.0,0.29127841692531958,0.27074936577915654,0.22337054682072649,0.11638770745072996,0.057113811489132915,0.024311485881265367,0.016788665653668662,0.0
Terrelle Pryor,WR,CLE,10.056949845523949,7100.0,0.28453095390228256,0.30211426465014329,0.1997030995944806,0.11580577592193043,0.05626889284464915,0.021915985960698214,0.019661027125816306,1.0
Davante Adams,WR,GB,10.008372526477219,7200.0,0.3117586466403714,0.26721076744708888,0.20350839542392493,0.11467459516235627,0.058871297272638977,0.025271976617100293,0.018704321436519775,0.0
Cole Beasley,WR,DAL,9.9543359899916872,6500.0,0.29052454422755569,0.3030401934246057,0.19520616279277112,0.11047863033846575,0.062540186802992212,0.021699196618426814,0.016511085795182932,1.0
Mohamed Sanu,WR,ATL,9.9419560368116695,5600.0,0.32663874030192447,0.25131394984635363,0.20123309336419234,0.12245525773384656,0.055528946174190602,0.022177045918272797,0.020652966661219893,0.0
Tyrell Williams,WR,SD,9.8870365809141116,5900.0,0.3155772547205089,0.27618484228853923,0.19902382435986191,0.10501568612792894,0.058093939209445403,0.029284624304110801,0.016819828989605663,0.0
Larry Fitzgerald,WR,ARI,9.8303933088840321,7200.0,0.34980891669193265,0.23463818433814537,0.20681673351501476,0.09890199796256928,0.059976931286764679,0.028585829308241183,0.021271406897332104,0.0
Julian Edelman,WR,NE,9.7379389327793113,6000.0,0.36531336052125635,0.23579573738751761,0.1848483844906712,0.09928258697461953,0.063101266580427015,0.0292925755695796,0.022366088475928855,0.0
Rishard Matthews,WR,TEN,9.658563674107377,5800.0,0.31974779502634665,0.27935464216655054,0.197818346775679,0.11440675571829151,0.052623349153669847,0.020874324801660415,0.015174786357801685,0.0
Mike Wallace,WR,BAL,9.6213650240026585,6900.0,0.3174058193354457,0.2994844578832675,0.18696462905551625,0.10451054007061857,0.050527220705330035,0.021319252267190659,0.019788080682631163,0.0
Jordan Matthews,WR,PHI,9.6140207578641288,5900.0,0.32373925912221579,0.29139656893878263,0.18907161344591975,0.097573930868150235,0.056443075111468878,0.0245138857637546,0.017261666749708401,0.0
Allen Robinson,WR,JAC,9.6090069367356659,7000.0,0.31273915595105078,0.3114089757821587,0.17967937386006128,0.10580730727558618,0.049002529576879353,0.020837100261427117,0.020525557292836928,0.0
Alshon Jeffery,WR,CHI,9.5316128398792195,7200.0,0.3475394881193854,0.25736944664124251,0.19628378179593131,0.10695948490195857,0.051209609710304721,0.022319708804673342,0.018318480026504241,0.0
Quincy Enunwa,WR,NYJ,9.4914634909579014,5800.0,0.3353385946015679,0.26959422901764041,0.20564931705302453,0.10060945034760209,0.052141799676922403,0.020885783435787508,0.015780825867455009,0.0
Randall Cobb,WR,GB,9.4651401524906813,6600.0,0.3640020355675006,0.25538985157841432,0.17598253352424467,0.10574844514272411,0.057163566582541681,0.020909786211231306,0.020803781393344115,0.0
DeAndre Hopkins,WR,HOU,9.3985364801600433,7400.0,0.37807891998409765,0.23511625006490089,0.19011637164056114,0.10199093011696155,0.049827158918466966,0.021720349084229561,0.023150020190782345,0.0
Stefon Diggs,WR,MIN,9.3923762025845594,6700.0,0.35394819699126356,0.27433320505826247,0.18138746140913098,0.096035002317364671,0.051432066555502601,0.020721733585870945,0.022142334082604381,0.0
Jamison Crowder,WR,WAS,9.2331554875810458,6000.0,0.3827989541213766,0.23682300552501034,0.18503937120590941,0.1072246538976334,0.050001623639968192,0.019787768092705917,0.018324623517396534,0.0
Kenny Britt,WR,LARM,9.0538345975007548,6400.0,0.35081516379029748,0.29442411396289303,0.18367046318625924,0.090396475726421191,0.045437641991495678,0.0220686898050848,0.013187451537549048,0.0
Sterling Shepard,WR,NYG,8.9240580374198579,5800.0,0.39828359032137639,0.25200360347820933,0.16199151456012736,0.10123428970978464,0.048666552727543284,0.023584683315502532,0.014235765887456628,0.0
Dontrelle Inman,WR,SD,8.7415658239134402,5300.0,0.39423954830772895,0.2657740793894901,0.17837992812702461,0.082147519565047691,0.042384783721931739,0.020789586813852023,0.016284554074925843,0.0
Adam Thielen,WR,MIN,8.6116698222195414,5600.0,0.39204393273960464,0.27829470254363531,0.17429394499589471,0.079742290045868081,0.04419956566846904,0.016559951296952265,0.014865612709575645,0.0
Pierre Garcon,WR,WAS,8.4673201454418709,5400.0,0.44408365093753094,0.22466234521161421,0.16434028155428013,0.088039325634483592,0.046444183098986763,0.013713317794251641,0.01871689576885285,0.0
Terrance Williams,WR,DAL,8.4118646009460694,5200.0,0.41127279719904553,0.2693148859217051,0.16558355107309802,0.081436934700721997,0.04621757437770202,0.011615225481260842,0.014559031246466802,0.0
Cordarrelle Patterson,WR,MIN,8.1726567112527224,5500.0,0.42126702754484791,0.27803426920259755,0.16120010624693265,0.070257524532585561,0.040897193169802885,0.016333134129266558,0.012010745173966272,0.0
Allen Hurns,WR,JAC,8.0509115490529251,5600.0,0.43958016928202082,0.26502536165829521,0.15013687835895653,0.084604187897279318,0.033037564570309527,0.013721719369401484,0.013894118863737426,0.0
Tavon Austin,WR,LARM,8.0261709822386109,5400.0,0.43793347754272982,0.26987045551236533,0.15356178832062478,0.069491195173500553,0.041011814661299849,0.018089284668810771,0.010041984120669575,0.0
DeVante Parker,WR,MIA,7.8148483230334511,5600.0,0.49065037765642527,0.21971948507315722,0.13780948847489846,0.083589307695445578,0.041172129451866789,0.015806742682276307,0.011252468965930809,0.0
Chris Hogan,WR,NE,7.5979331374243335,5900.0,0.50842695495289092,0.20973198717928226,0.14389369296739146,0.073647245326291411,0.038024926497334938,0.014508628397782481,0.011766564679026949,0.0
Brandon LaFell,WR,CIN,7.5439146401987012,5600.0,0.50163315913160256,0.23204388691744424,0.13741599131061233,0.061487322207235372,0.039832085616530649,0.014134904596330527,0.01345265022024458,0.0
John Brown,WR,ARI,7.5029097297545908,6200.0,0.49635509879010359,0.23691080472155968,0.14480853283404127,0.061561509698911963,0.032951146268852934,0.013745959048880195,0.013666948637650372,0.0
Nelson Agholor,WR,PHI,7.3953750325876886,5400.0,0.5054127905229836,0.24134920106767432,0.1361586821711453,0.058765794094435199,0.027904542797531531,0.013443695410900229,0.016965293935329268,0.0
Dez Bryant,WR,DAL,7.2833587696021969,7500.0,0.53601893647219379,0.20558186463404066,0.13306951777268744,0.066521058149808021,0.034414183557092928,0.0072219407526160212,0.017172498661561179,0.0
Kenny Stills,WR,MIA,7.283097810517571,5700.0,0.51996046644461213,0.22473963992780907,0.13250974266823273,0.06610892872920951,0.031975765484664243,0.013303253421744996,0.011402203323727555,0.0
Brice Butler,WR,DAL,7.1819140880770593,5100.0,0.54029982999165438,0.20837214115190889,0.13191373971786188,0.060333652930821415,0.036015995467914098,0.0072012722968664445,0.015863368442973286,0.0
Ted Ginn Jr.,WR,CAR,7.1801791284939656,5300.0,0.56610792132823984,0.19775544234610931,0.10895595240060947,0.057579694555350454,0.034647087050625677,0.012106212260676794,0.022847690058388721,0.0
Jeremy Kerley,WR,SF,7.1026478177406629,5100.0,0.50479023842424664,0.26660343605082926,0.12027858844277307,0.060199996975417933,0.025284495663050719,0.011233407900420871,0.011609836543261014,0.0
Adam Humphries,WR,TB,7.0915426434937627,5200.0,0.51435455678420638,0.2437732145535991,0.13862399775252662,0.062005204111076087,0.017019648350039718,0.009505898005915215,0.014717480442636478,0.0
Sammie Coates,WR,PIT,7.0087563030369617,5400.0,0.57664580001679278,0.18021576396589264,0.12413370362280823,0.057971391745639908,0.032208496375420129,0.011227706080079164,0.017597138193367237,0.0
Breshad Perriman,WR,BAL,6.941919098116454,5200.0,0.52739919176904582,0.25659063706055862,0.10996611773235139,0.058217839028219316,0.022887963773244837,0.010962036144920367,0.01397621449166,0.0
Kendall Wright,WR,TEN,6.9367469545057867,4800.0,0.52353744151310844,0.24730279545304878,0.12160123418581766,0.066496392362401485,0.022776554785677857,0.0084050334687279828,0.0098805482312180563,0.0
Cameron Meredith,WR,CHI,6.8921093469497414,5300.0,0.54351803791972575,0.22926734637384713,0.12129798599322461,0.059275271091762255,0.023367656259198628,0.010677968424665587,0.012595733937575845,0.0
Steve Smith,WR,BAL,6.8877481706110295,5400.0,0.53230247094236438,0.25109436690272374,0.11830082070190452,0.05061531436675705,0.020661855719954315,0.01353556936355715,0.013489602002738337,0.0
Torrey Smith,WR,SF,6.8246841946033321,5200.0,0.54191632230201847,0.23908456053766067,0.10939054814083785,0.066940115145981985,0.023416035494092016,0.0083693498527600985,0.010883068526648573,0.0
Michael Floyd,WR,ARI,6.8099978742802882,5000.0,0.57944604102186392,0.19439180669514203,0.11505041177061885,0.052929881715303155,0.032563522741642217,0.012037317235398807,0.013581018820031624,0.0
Brian Quick,WR,LARM,6.6790381042414229,4500.0,0.52281776431279858,0.27562625383986394,0.1183759878256552,0.046220718810097004,0.018370189085057036,0.0063617208238952484,0.012227365302633044,0.0
Tyler Lockett,WR,SEA,6.6162561899062133,4900.0,0.56258163823573737,0.21696047343995933,0.12871629938516779,0.054538525985766452,0.017795237961224078,0.0080594843201245679,0.011348340672019924,0.0
Kamar Aiken,WR,BAL,6.5648767866971953,5100.0,0.58524065287969562,0.21189128073169211,0.1023250939854924,0.052327631234700772,0.022365217952063202,0.012023785187936755,0.013826338028418962,0.0
Tajae Sharpe,WR,TEN,6.5187940282366332,4600.0,0.59007269296567133,0.19721860689907383,0.11567561911373997,0.056234883357121269,0.017812132460381342,0.0094490954787931295,0.01353696972521823,0.0
Marqise Lee,WR,JAC,6.4103521684926417,5000.0,0.56195645572910791,0.24586219820586297,0.10928984909452934,0.051212416061533574,0.013823486137163103,0.0049093476309142858,0.012946247140889527,0.0
Jermaine Kearse,WR,SEA,6.3200116883376518,4500.0,0.58247093104835657,0.22382174598444679,0.10936417221416282,0.049748021660871798,0.017461453697495178,0.0060043483887821675,0.011129327005884756,0.0
Taylor Gabriel,WR,ATL,6.1797106537083604,4600.0,0.60784763046078172,0.20283983970656155,0.1083803431298504,0.046307498847868035,0.014232673852423588,0.0080397854628236603,0.01235222853969122,0.0
Devin Funchess,WR,CAR,6.1531672243488664,4800.0,0.60616858414196317,0.2082337866542317,0.10449482839595582,0.048534409267617519,0.014216797966490544,0.0055638509830041221,0.012787742590737608,0.0
Tyreek Hill,WR,KC,6.1463844389098048,4700.0,0.599789962962201,0.21589282692432504,0.10559713858539573,0.046546585619611024,0.015024443120668448,0.0060110158502322472,0.011138026937565652,0.0
Brandon Coleman,WR,NO,6.1437171847695309,4500.0,0.62093118756381382,0.19109122802586267,0.10251863629365879,0.049938391061083158,0.014277802225940651,0.0082595680926329899,0.012983186737007549,0.0
Robby Anderson,WR,NYJ,6.1049703960818498,0,0.60198708489102559,0.22913206310332576,0.089030227884722313,0.043372512387676247,0.018054927316439442,0.0055242565296383132,0.012898927887172486,0.0
Andrew Hawkins,WR,CLE,6.0680059840880727,4500.0,0.60982163263917999,0.21817317355554697,0.087631500660980868,0.052273371409120875,0.01312515525018001,0.008329530293616447,0.010645636191375478,0.0
J.J. Nelson,WR,ARI,5.9754576519997498,5600.0,0.60604985976414427,0.22483689438296839,0.097498823951439523,0.040870939495355897,0.015784837374254325,0.0051509150506198354,0.0098077299812181565,0.0
Eddie Royal,WR,CHI,5.9358537410873824,5100.0,0.64964062882826556,0.17577958846135677,0.096583789507828546,0.037413998103194082,0.019114189074154134,0.0066772726863530427,0.014790533338846062,0.0
Chris Conley,WR,KC,5.8689523131192347,4500.0,0.6254650170886723,0.21268876061222047,0.089438187583944409,0.042362392133716169,0.013334144093011478,0.004548777402857084,0.012162721085578147,0.0
Jordan Norwood,WR,DEN,5.8579015658919227,4500.0,0.61552724262932956,0.22322005896360708,0.093309695088588968,0.041211300449622415,0.011401673184812193,0.0047632819978566171,0.010566747686184557,0.0
Quinton Patton,WR,SF,5.7987216524002871,4500.0,0.6235978598038181,0.20936720705024445,0.100675504868304,0.042843419526279528,0.01012766122755787,0.0046926991336921058,0.0086956483901037586,0.0
Corey Coleman,WR,CLE,5.5655816004918304,5700.0,0.6789097483721549,0.17203093532651678,0.079476530240138857,0.035294635317782243,0.013418270170632117,0.0087192573782282588,0.012150623194546914,0.0
Danny Amendola,WR,NE,5.5602847119487215,4600.0,0.69489990213176278,0.15219062186889634,0.078722834097035052,0.037300590833675505,0.014710074500275885,0.008310177246437539,0.013865799321916937,0.0
Jeff Janis,WR,GB,5.2688840983784209,4800.0,0.70198289156433613,0.16562915604148762,0.070631966619982361,0.035647494331211817,0.010185751759500854,0.0028663783866840925,0.013056361296795844,0.0
Dorial Green-Beckham,WR,PHI,5.263360652299041,4900.0,0.70042978913349119,0.15948493969843111,0.083883517285096479,0.030475628621262171,0.011108078178236539,0.0036375656187901417,0.010980481464692399,0.0
Arrelious Benn,WR,JAC,5.25871112925861,4500.0,0.70129075886303838,0.17764635737086457,0.06321807038578256,0.030726944368778264,0.0072427482528746269,0.001786922226560467,0.018088198532101026,0.0
Corey Brown,WR,CAR,5.2197905959873978,4800.0,0.7128637156153228,0.15489476522510426,0.07347563285719734,0.030250839208177581,0.011372968100971496,0.0037038768176085976,0.013438202175618261,0.0
Tyler Boyd,WR,CIN,5.1953901526338822,4600.0,0.71886096014528411,0.14368167584818209,0.077359358562538547,0.032916738360701539,0.011348128378358092,0.0042536617494001406,0.011579476955535338,0.0
Paul Richardson,WR,SEA,5.1696314374440151,4500.0,0.70838752277169958,0.16597764283514721,0.070328862119180699,0.030365014685167991,0.0078724479771022839,0.0041594853497914095,0.012909024261911376,0.0
Braxton Miller,WR,HOU,5.1443303402793159,4500.0,0.74005341491296628,0.13792298585298188,0.069351558845895875,0.017624449212633689,0.0090522897050822667,0.0038746676700005516,0.022120633800439493,0.0
Jalin Marshall,WR,NYJ,5.1249873268245487,4500.0,0.72033840395999349,0.16174388721946073,0.063091418617334444,0.025525842443667932,0.0093540697723773457,0.0043830149508769069,0.01556336303628959,0.0
Albert Wilson,WR,KC,5.0624667006737294,4900.0,0.71753930806721733,0.15805414090267389,0.070407417696435257,0.030784540742409952,0.0081536316421273753,0.0061600207506140453,0.0089009401985218738,0.0
Roger Lewis,WR,NYG,5.0591583590570641,4500.0,0.71505981180196942,0.16895042788191128,0.063128871994971969,0.029980251693965291,0.0067967130284514159,0.0033664070985950393,0.012717516500135513,0.0
Charone Peake,WR,NYJ,4.9998637927541969,4500.0,0.71472696840866812,0.1766627721996287,0.063711698326668578,0.021865815561555386,0.0062981817747054282,0.0024521655484262524,0.014282398180346875,0.0
Ricardo Louis,WR,CLE,4.9809652939608142,4500.0,0.73222653961076978,0.15647517995758448,0.060893102832871505,0.024052554598799666,0.0083488767508395397,0.0030972321668650627,0.014906514082269685,0.0
Eli Rogers,WR,PIT,4.9688539564270124,4900.0,0.73099006606390438,0.15056872040106767,0.067244984559350532,0.027992180141787722,0.008852972780585595,0.0026388827523625446,0.01171219330094087,0.0
Justin Hardy,WR,ATL,4.9320503507066444,4500.0,0.75652182416077074,0.12627380599266755,0.06046746267035339,0.030123694240148585,0.0051286522247688945,0.0075559982899694655,0.013928562421320961,0.0
Charles Johnson,WR,MIN,4.9143441217727437,4600.0,0.75338178167022141,0.12496605975966654,0.072598738058761131,0.024323950487840456,0.0061709609922615599,0.0037204771055478537,0.01483803192570052,0.0
Cecil Shorts,WR,TB,4.6752204832106257,4500.0,0.77149775436233858,0.12897980872084747,0.058893760136687366,0.018147474031332878,0.0041056562434820983,0.0013528878030362409,0.017022658702276067,0.0
Trevor Davis,WR,GB,4.5902807870650975,5100.0,0.79592394469801275,0.10515504151070665,0.050449944483573463,0.023714818551187088,0.0066172890827863023,0.0023437572858747806,0.015795204387859269,0.0
Ryan Grant,WR,WAS,4.5848087090466043,4500.0,0.8005587752883726,0.097977791403284206,0.059160477203009335,0.016402591601656052,0.0048377466689106929,0.003201854271051931,0.017860763563714997,0.0
Rashard Higgins,WR,CLE,4.5716073446042262,4500.0,0.78988890361015218,0.11607775917730401,0.052803462773468882,0.017647768380354537,0.0042884798521551784,0.0019126737971700573,0.017380952409395207,0.0
Josh Bellamy,WR,CHI,4.5660171446774527,4500.0,0.79334326041782455,0.11319716485558595,0.053140060918940232,0.016656019843853183,0.0029240864553650935,0.0018296079438717638,0.018909799564560716,0.0
Geronimo Allison,WR,GB,4.5621369692162119,5200.0,0.79015321750301837,0.10797058038794845,0.057205676589454676,0.022344129241239474,0.0068757419759160904,0.0032794322111594637,0.012171222091262304,0.0
Bennie Fowler,WR,DEN,4.5109415736746179,4600.0,0.78834582721611723,0.11642301012875217,0.053787098349385686,0.021631506444072524,0.0041650713666325449,0.0033815727394066182,0.012265913755633689,0.0
Bryce Treggs,WR,PHI,4.505349272679215,4500.0,0.78905024389417477,0.1202808309464498,0.048289125104587903,0.022045708848408226,0.0044880653492056846,0.0019185217556333051,0.013927504101539081,0.0
Harry Douglas,WR,TEN,4.4620614771960474,4500.0,0.7924896262674912,0.11913824655887037,0.047840406296449887,0.020789304760673116,0.0042084655216610908,0.0017194792985146241,0.013814471296338922,0.0
Jordan Taylor,WR,DEN,4.4149596275420109,4500.0,0.80199170174971868,0.11013465601773138,0.049782743554235807,0.017276639024273514,0.0045476112605937922,0.0016411961935962301,0.014625452199849657,0.0
Aldrick Robinson,WR,ATL,4.3702365039190463,4500.0,0.82131342195524804,0.08826542324855241,0.043528376464387557,0.026847978726076509,0.0035260397795100645,0.0021966063734983566,0.014322153452726246,0.0
Bradley Marquez,WR,LARM,4.3566064815620056,4500.0,0.82524112060945443,0.090255552336377012,0.05031796775441981,0.0094318883441693573,0.0031650135829291224,0.00056725587951022248,0.021021201493139827,0.0
Rashad Ross,WR,WAS,4.2965231638804147,4500.0,0.85327572539083563,0.060819860231644589,0.048670650075751345,0.010568272345895515,0.0010307523765323695,0.00087344094439007706,0.024761298634949205,0.0
Jarius Wright,WR,MIN,4.2773914301591187,4500.0,0.85257954751168374,0.069180704187569275,0.041567647582784112,0.0083841392950227481,0.001684536825984251,0.0011003589270130983,0.025503065669940983,0.0
Cobi Hamilton,WR,PIT,4.2543943685590575,4500.0,0.82176746335672279,0.096255635929080943,0.046478959508092652,0.015918205372202211,0.0042797657851561472,0.00177211053835458,0.013527859510390924,0.0
Rashad Greene,WR,JAC,4.2453187889432487,4500.0,0.85322817737258871,0.073887316887103982,0.036383861122542417,0.0088393910268338947,0.0011117867418414936,0.00075209060698657999,0.025797376242101683,0.0
Keith Mumphery,WR,HOU,4.2197540160802021,4500.0,0.86636375394178633,0.062106932716846336,0.034605945508857094,0.0069958753332975462,0.00091152726841394209,0.00040368639482922335,0.028612278835967172,0.0
Mike Thomas,WR,LARM,4.2076306172223905,4500.0,0.84454996032564511,0.080200597532356976,0.043253376244052615,0.0087455418424797222,0.0007593119825065165,0.00043198567178728565,0.022059226401171462,0.0
Aaron Burbridge,WR,SF,4.1909306583693953,4500.0,0.84960349963268245,0.081724671054248951,0.034095355119673661,0.0090650388268372871,0.0012434958943008697,0.0010933041647326334,0.02317463530752378,0.0
Lucky Whitehead,WR,DAL,4.1887667557440995,4500.0,0.82650234857578309,0.094435117216763717,0.047565691355450412,0.010263755287873801,0.0048508604157111099,0.0056615551800098208,0.01072067196840636,0.0
Malcolm Mitchell,WR,NE,4.154567204194886,4500.0,0.86977460609325019,0.060039047925380007,0.033560560700746797,0.0064109747029511589,0.0043058003701430484,0.00074094695083765701,0.025168063256690749,0.0
Cody Latimer,WR,DEN,4.1262983265851627,4500.0,0.87089405128158082,0.063628175984048074,0.030543127203709577,0.0063541482012095642,0.0014027461361876853,0.00052238465267945885,0.026655366540583002,0.0
Maurice Harris,WR,WAS,4.1233369196930525,0,0.87856455588685278,0.053228684835898779,0.031594846512870749,0.0077139805988920901,0.00081899676312838883,0.00045466859168632242,0.027624266810669196,0.0
Rod Streater,WR,SF,4.1129808730050064,4500.0,0.86519369777921151,0.064843597062713823,0.033981646407562113,0.010636886377814101,0.0023533459887462548,0.00065008657396271386,0.022340739809988162,0.0
Eric Weems,WR,ATL,4.0919557763747241,4500.0,0.86658812571485144,0.056800339887445671,0.026841064692340686,0.031758337257743213,0.0014755192757093354,0.00050425899377379887,0.016032354178135658,0.0
Chris Harper,WR,SF,4.0911815713621813,4500.0,0.88117954436687485,0.052125992464801083,0.030583658453274425,0.0077373940408723939,0.00082150294489174828,0.00042839282762668202,0.027123514901656879,0.0
Tavarres King,WR,NYG,4.035387908692714,4500.0,0.88127687588795278,0.054972130985818997,0.029856989016760413,0.007168012422225074,0.00086988609774214212,0.00043786351345376261,0.025418242076044817,0.0
Brittan Golden,WR,ARI,4.0174256248557931,4500.0,0.85194777478391692,0.077448424892656687,0.040155443457760745,0.013172460704740109,0.0018062833633528102,0.0010461237259118139,0.014423489071660051,0.0
Chris Moore,WR,BAL,4.0142225375146916,4500.0,0.85582028100922147,0.080257523066897735,0.034436538931317859,0.0093998249872049317,0.0012726773703767009,0.0012411886647241948,0.017571965970255853,0.0
Devin Hester,WR,BAL,3.9914122282815634,4500.0,0.86766249722442035,0.065160777329759292,0.038352408837696236,0.0077652997736088218,0.0011381039043428635,0.00061159888876445329,0.019309314041406376,0.0
Deonte Thompson,WR,CHI,3.9783057224414566,4500.0,0.87076483619998968,0.062933169828914295,0.037730315380378875,0.0073016339497993139,0.00089471795209416225,0.00043736882433446602,0.019937957864488133,0.0
Dwayne Harris,WR,NYG,3.9688782474234641,4500.0,0.87471784234732886,0.058717235333395519,0.038166424795235791,0.0065284511691639643,0.00086173028685731558,0.00057384302413590084,0.020434473043880914,0.0
Alex Erickson,WR,CIN,3.9475346903227218,4500.0,0.88433538397103739,0.054080084318108304,0.031623394971371302,0.0056305971611260008,0.00089866643857524904,0.00040904589504002124,0.023022827244740748,0.0
Matthew Slater,WR,NE,3.9328503947973563,4500.0,0.88595895613414843,0.053153413397377974,0.028565636318132914,0.0059344562409261326,0.0042191734054225901,0.0016593591297272689,0.020509005374264956,0.0
Griff Whalen,WR,SD,3.925953703372544,4500.0,0.86089910078129106,0.080821763325052198,0.031194848085090144,0.007703521607240256,0.002296094126393743,0.00091068575672082635,0.016173986318211753,0.0
Freddie Martino,WR,TB,3.9019114595936579,4500.0,0.872107346425955,0.065783022652608131,0.032411535661816336,0.010706272292862536,0.0018273565719285787,0.00081405119346205442,0.016350415201366032,0.0
Pharoh Cooper,WR,LARM,3.8698265774539014,4500.0,0.8751988054691312,0.065592487159987042,0.032499125239048507,0.0076880598848592706,0.0010076180299399828,0.00054030088823571085,0.017473603328797011,0.0
De'Anthony Thomas,WR,KC,3.8687421639940234,4500.0,0.86533165176572413,0.073108931126748378,0.034794510614636495,0.010104759294513838,0.0018827952020143552,0.0018985108167765266,0.012878841179584991,0.0
Jakeem Grant,WR,MIA,3.8681374016153907,4500.0,0.87817305379735477,0.063870400401788832,0.02938908409366733,0.0086976000198720448,0.0013010917703668815,0.00067683991152884127,0.017891930005419634,0.0
Demarcus Robinson,WR,KC,3.7815304349576215,4500.0,0.89467264267292557,0.050621201125273643,0.026891828306382693,0.0074343285014028138,0.00082449361372858828,0.00054034551832840647,0.019015160261957081,0.0
Jake Lampman,WR,NO,3.7796193911912779,4500.0,0.88720109976567862,0.058110621437204926,0.028629989014781837,0.0074097722680793237,0.00087349253195886402,0.00047178036366859007,0.017303244618626347,0.0
Leonte Carroo,WR,MIA,3.7761793228854454,4500.0,0.89080314447802178,0.053970853630873949,0.028214627596009859,0.0079491237869652592,0.00089067778427672016,0.00045969963255936897,0.01771187309129179,0.0
Isaiah Burse,WR,SD,3.71108385048315,4500.0,0.89687908571685315,0.052145651955051504,0.025094939907260545,0.0073119176144197445,0.00081832973348933786,0.00046888094944398564,0.017281194123480236,0.0
Marc Mariani,WR,TEN,3.6983637159892382,4500.0,0.89638670916795404,0.052581549651466906,0.0257663694634757,0.0070680852494371263,0.0012823157463153038,0.00048158253528066716,0.016433388186069788,0.0
Brenton Bersin,WR,CAR,3.6597337949303559,4500.0,0.89861386413246369,0.049481970590145571,0.027826595033765285,0.0077641546485001335,0.0007528712979159674,0.00042392582708542469,0.015136618470123677,0.0
