name,pos,team,expectation,salary,prob_0_5,prob_5_10,prob_10_15,prob_15_20,prob_20_25,prob_25_30,prob_30+,label
Ezekiel Elliott,RB,DAL,15.679910054537455,8700.0,0.071567623291353799,0.17668587543162728,0.2532669388449979,0.24603319476545119,0.12183667245256947,0.081098023474511699,0.049511671739488922,2.0
DeMarco Murray,RB,TEN,15.412386699002884,8500.0,0.083623971535163336,0.19996437715326959,0.238565535327737,0.20979097742192182,0.13712141927211036,0.082363928497375505,0.048569790792422872,2.0
Le'Veon Bell,RB,PIT,11.813438082871034,9100.0,0.21652302633253723,0.29262079445996675,0.18759558759474598,0.14965370491646107,0.074654154551946947,0.043929896647098642,0.035022835497243658,1.0
Tim Hightower,RB,NO,11.281328004328406,6000.0,0.22693017245501595,0.27168181431385169,0.22480990566638206,0.15917145972046617,0.066256464362330084,0.026701636016238962,0.024448547465715596,1.0
Mark Ingram,RB,NO,11.202207086450597,6100.0,0.23558915409916009,0.2830918245922629,0.20388203659209439,0.15869132686010745,0.065540231598731805,0.022989772090842405,0.030215654166800936,1.0
Jay Ajayi,RB,MIA,10.833198990643575,7600.0,0.30849392272244669,0.23644751991223323,0.1804892262738701,0.15145005502282508,0.055851398093345266,0.030522092408289958,0.036745785566990055,0.0
Jonathan Stewart,RB,CAR,10.338236521663056,7000.0,0.25288644795768067,0.31161729046542236,0.21396824519423943,0.12309139984528694,0.059805246657617564,0.021003711270678023,0.017627658609075163,1.0
Isaiah Crowell,RB,CLE,10.220460468502692,6200.0,0.30654057857661082,0.26472953043610464,0.20654981400472297,0.11422990689826663,0.058260598125817888,0.021634263782122982,0.028055308176354099,0.0
LeGarrette Blount,RB,NE,10.120970937576635,7300.0,0.30099314721502013,0.28565855067221652,0.19047383567897486,0.11915484374399773,0.052761065558851128,0.028100966222231891,0.022857590908708179,0.0
David Johnson,RB,ARI,9.9859782226020961,8300.0,0.30744384480723047,0.26596825929300499,0.22579890965486246,0.10775072052180405,0.043333085745444228,0.026692405656166797,0.023012774321487114,0.0
Spencer Ware,RB,KC,9.7430176805011186,7700.0,0.32589092331599934,0.26870091870563723,0.21888371090978986,0.097931219284681709,0.038043272110840888,0.021604175064824295,0.028945780608227178,0.0
Todd Gurley,RB,LARM,9.5806989143728245,6700.0,0.32800546638297495,0.30114134639880763,0.17215880575478493,0.10858633586152332,0.048180857034226386,0.013552224296819532,0.028374964270863716,0.0
Lamar Miller,RB,HOU,9.5467242641378363,7100.0,0.32863864455464725,0.2814344797423427,0.21461191095244514,0.087354122758837124,0.039872566352124057,0.023626582774730835,0.024461692864872736,0.0
Jordan Howard,RB,CHI,9.3378077712573795,6800.0,0.35357562345113103,0.26895681953781186,0.19002621579728221,0.10673919264732923,0.039824486832268163,0.017778682282744502,0.023098979451433372,0.0
Jeremy Hill,RB,CIN,9.1855719156807698,5900.0,0.36950437917027751,0.2614276555380956,0.18909221320078554,0.094568633620089701,0.045244147924727703,0.018826333274566565,0.021336637271457608,0.0
Ryan Mathews,RB,PHI,9.0707160906908157,5500.0,0.39480634527999658,0.2436386179995581,0.18432084848950692,0.095751153953111984,0.037703870598469282,0.013847070006296426,0.029932093673060857,0.0
Rashad Jennings,RB,NYG,8.929699912892314,5600.0,0.37988193743075432,0.28199622489397941,0.17787321218609101,0.06796796384703617,0.053838684708694705,0.013956098087317964,0.024485878846126782,0.0
Terrance West,RB,BAL,8.7929247357072313,6200.0,0.37997468536468626,0.29523225935204372,0.16069809636971699,0.087510337382523104,0.040560571449204594,0.0113154189508562,0.024708631130969168,0.0
T.J. Yeldon,RB,JAC,8.7888995848070941,5400.0,0.38823088546626128,0.2723126623309276,0.17492807890715809,0.08719445414100957,0.044374700155636708,0.011803993148628433,0.021155225850378035,0.0
Matt Asiata,RB,MIN,8.3084430943892524,5800.0,0.43710149731069226,0.24996088278147283,0.16439080078790122,0.074224680393766715,0.041967924136863025,0.011934665359103182,0.020419549230201024,0.0
Latavius Murray,RB,OAK,8.1790777373748931,6400.0,0.50775388804846155,0.19373962733617694,0.13550447057425924,0.075607581185834452,0.036674740474435079,0.021421817960248234,0.029297874420584399,0.0
Giovani Bernard,RB,CIN,8.1697356645450459,6000.0,0.45689232158465887,0.23510425317479555,0.16470708527375411,0.07245266448718013,0.034943555866474976,0.014036190150748284,0.021863929462388226,0.0
Darren Sproles,RB,PHI,8.0485488332202095,5300.0,0.47443179337599473,0.2328637317503662,0.14213032537448619,0.080187275161012622,0.035718251125074672,0.010796997815705917,0.023871625397359573,0.0
Frank Gore,RB,IND,7.8878143343640854,6300.0,0.5021396391396471,0.2250066340425626,0.12696265544624447,0.066905893692487839,0.037499766092423274,0.014493999215011979,0.026991412371622902,0.0
Charcandrick West,RB,KC,7.8811373587389939,5400.0,0.48250679884652176,0.2362088946010199,0.14701772046087039,0.062140737087214973,0.036061777787789753,0.012735099397039092,0.023328971819544405,0.0
Rob Kelley,RB,WAS,7.8710882318005737,5400.0,0.48023520261583802,0.23714470676530255,0.15260541972762626,0.068983421235311745,0.023107854919152376,0.0093477660213245398,0.028575628715444928,0.0
Doug Martin,RB,TB,7.8296450521306413,6500.0,0.48654915144981309,0.22106095318273991,0.1760815175768318,0.054379202212024309,0.022768836347620659,0.010700089958758265,0.028460249272211947,0.0
Chris Ivory,RB,JAC,7.8220611053849343,5400.0,0.48351476046930331,0.2512559374383142,0.1359353091538828,0.062994563620830571,0.026508628893178506,0.0082484959089937551,0.031542304515497298,0.0
C.J. Prosise,RB,SEA,7.6301023208462047,4900.0,0.4976553590736103,0.23778803522986172,0.1339870738175305,0.071509931637715934,0.026660170304750399,0.0076723262768539661,0.024727103659676786,0.0
Theo Riddick,RB,DET,7.4944018745353613,6700.0,0.52841936120767607,0.20087557205637799,0.14199362214363234,0.062166060893147898,0.033893134753534296,0.013528520851170456,0.019123728094461011,0.0
Peyton Barber,RB,TB,7.4552888051308726,5100.0,0.49463008662595781,0.26144414623530254,0.13488752751472871,0.046892659972229939,0.028285941049434011,0.0093805568455106285,0.02447908175683625,0.0
Mike Gillislee,RB,BUF,7.3725182270704721,5600.0,0.56087479335039558,0.19227714845376681,0.11198001749944972,0.066785206329357097,0.027513309330984861,0.010562871389919428,0.030006653646126227,0.0
Ty Montgomery,RB,GB,7.3044686875080647,5200.0,0.52290931418862041,0.24032037548803226,0.11903895130388684,0.05101856573313391,0.035942970993005717,0.0095573111148029907,0.021212511178518047,0.0
Duke Johnson,RB,CLE,7.1085247635021114,5000.0,0.53415180177952271,0.24899957921896348,0.10995926189184979,0.055384560752496134,0.015941054516131443,0.0055302483939984872,0.030033493447038796,0.0
James White,RB,NE,6.9982742292866762,5900.0,0.56199420120129673,0.21507090896932424,0.11572530648572564,0.049093249665629723,0.023620085460630276,0.0085682535572732463,0.025927994660120465,0.0
Alfred Morris,RB,DAL,6.9896390225052984,4600.0,0.54215086505117149,0.23994689617551346,0.11463930237135329,0.053230521914639346,0.016781876520063937,0.0094968433523438412,0.023753694614914875,0.0
Derrick Henry,RB,TEN,6.5521895687931444,4900.0,0.61905435122953745,0.17301910563271275,0.10620104790289339,0.047842612472718593,0.023882864978549693,0.0060284670703658599,0.023971550713222371,0.0
LeSean McCoy,RB,BUF,6.542042721165549,7500.0,0.60538161899014165,0.19154865924997883,0.095867191207438404,0.051609725867446499,0.030980062998891542,0.0090711653262183101,0.01554157635988559,0.0
Carlos Hyde,RB,SF,6.3928800862653326,6500.0,0.612517233670269,0.19627000410284307,0.10596019150043159,0.035717898230512919,0.01712347230452858,0.010623170002993825,0.021788030188421233,0.0
Jerick McKinnon,RB,MIN,6.1389284841808962,5400.0,0.61831171361938964,0.21688588029211825,0.087757970162243237,0.032131873057462686,0.018613380234128462,0.0042733006764031885,0.022025881958254855,0.0
DuJuan Harris,RB,SF,6.0847158224874676,5300.0,0.64543176331437924,0.17367063366745933,0.092604447958155103,0.04540952315957817,0.020267564556991791,0.0041597536835469226,0.018456313659890349,0.0
Wendell Smallwood,RB,PHI,6.0061537743938045,4500.0,0.66980069878120085,0.16564228588145438,0.082178015100035154,0.034284249514428156,0.011931125382245987,0.0096055839927779822,0.02655804134785808,0.0
Kenneth Dixon,RB,BAL,5.9110762858130643,4800.0,0.66969925467569125,0.15443599164108823,0.095893487712001541,0.041547743826747446,0.014180672810386841,0.0019681021972134919,0.022274747136871442,0.0
James Starks,RB,GB,5.8702353041135709,5500.0,0.67096649280192289,0.16401717081457196,0.092579422641186446,0.030618493504253944,0.013142122071191279,0.0039659081042912915,0.024710390062582421,0.0
Jalen Richard,RB,OAK,5.8604635172194923,5000.0,0.70271237090782956,0.14351753938634276,0.068995043569826595,0.031192499607930906,0.018298832525665214,0.0036879286827901838,0.031595785319615051,0.0
Benny Cunningham,RB,LARM,5.8124375248939035,4500.0,0.66498566490087885,0.17474429683636847,0.08448720137299652,0.037865462411897463,0.015247905946594089,0.0021138340525786044,0.020555634478685771,0.0
Paul Perkins,RB,NYG,5.7060172288797339,4500.0,0.67063277753478978,0.18175406785552428,0.075899273263257516,0.031944939871391492,0.017447656596196789,0.0020419775450111954,0.020279307333829183,0.0
DeAndre Washington,RB,OAK,5.6817964782708614,4800.0,0.73529247704001677,0.12046668393440797,0.063889958758357762,0.027047258230677336,0.013421494199752085,0.0039659254847459365,0.035916202352042841,0.0
Damien Williams,RB,MIA,5.6809961395700084,4700.0,0.6735648110719088,0.18001525898527873,0.075069867848655103,0.036338455389884582,0.010749206930117224,0.0024490394604805669,0.021813360313674958,0.0
Chris Thompson,RB,WAS,5.6051120623372279,5100.0,0.68899246378310464,0.16127093140987481,0.081487929118497116,0.031285736076799374,0.012189332771977208,0.0045782406373931061,0.020195366202354442,0.0
Ronnie Hillman,RB,MIN,5.0837173886673828,4600.0,0.74901782765838387,0.13380630258989348,0.057622115168020877,0.023701525728928981,0.01194442856805261,0.0043933656767573791,0.019514434609962626,0.0
Akeem Hunt,RB,HOU,4.9573107530455847,4500.0,0.76423440294506251,0.12043842888098577,0.061959978637624688,0.021876210426788653,0.0083064652284840518,0.0016333786455165376,0.021551135235537981,0.0
Knile Davis,RB,KC,4.8180169118362075,4700.0,0.76730147389159775,0.12608166959350137,0.052363682369443901,0.025205557655065554,0.011651536139806884,0.0016686611789122291,0.015727419171671867,0.0
Robert Turbin,RB,IND,4.5203386055594716,4500.0,0.79721253437495154,0.11780011133699106,0.040214897888094528,0.019141155535942051,0.0065018342992558906,0.0012896816514044221,0.017839784913360392,0.0
Fozzy Whittaker,RB,CAR,4.4836911166072078,4500.0,0.79619721920905207,0.13157259914440339,0.030478577720190393,0.017178488411035645,0.002467428751644107,0.00058911697794593603,0.0215165697857298,0.0
Jeremy Langford,RB,CHI,4.4792583717703378,4800.0,0.80390271051813156,0.11343146012863664,0.043425513400874881,0.013979974866595411,0.003736880639647638,0.0008138350896259004,0.020709625356488418,0.0
Reggie Bush,RB,BUF,4.4523091252163907,5200.0,0.79276392974056897,0.11691473487849112,0.048552428509369673,0.016232757459903994,0.014334264724061994,0.0016035657328927406,0.0095983189547113809,0.0
Mike James,RB,TB,4.3181850745048767,4600.0,0.81562304611926495,0.1113973487350588,0.033560728544778394,0.017050403294140204,0.0038844112319217751,0.0011446994801275342,0.017339362594709789,0.0
Kenjon Barner,RB,PHI,4.2842550565023014,4700.0,0.81623030682230258,0.10979117433942577,0.036845214146777931,0.015811311768657337,0.0046032764444665832,0.00076619301717304801,0.015952523461196223,0.0
Aaron Ripkowski,RB,GB,4.2828762213741083,4600.0,0.82793693028040771,0.096947424889462508,0.034476588934827079,0.016012959226918696,0.0063514954427436824,0.0010367506017918855,0.017237850623848427,0.0
Jamize Olawale,RB,OAK,4.2450555578185982,4500.0,0.79819426948916783,0.13073860270681142,0.044367893359095134,0.0087530295318889017,0.0035833522167232129,0.0029428785665872766,0.01141997412972646,0.0
Kyle Juszczyk,RB,BAL,4.2408085199394323,4500.0,0.83470399610881174,0.094863682946313185,0.034396429886443411,0.012160486413024809,0.002423819137390126,0.00073792021470636736,0.020713665293310694,0.0
John Kuhn,RB,NO,4.239344337251552,4500.0,0.81812309335761679,0.11981111026401452,0.028284599925555903,0.01210454711304693,0.0019470466737991179,0.00057045868529159043,0.019159143980675218,0.0
Kenyan Drake,RB,MIA,4.2337171786685586,4500.0,0.8337638629732721,0.10068557970833836,0.029728700329763255,0.011026570922574584,0.0024236532564430851,0.0010596557934050357,0.021311977016203913,0.0
Ka'Deem Carey,RB,CHI,3.9894509590381122,4500.0,0.86261282198066502,0.080530319871538761,0.022258125438034005,0.010357421133179254,0.006059922970918374,0.00043157344001303288,0.017749815165652157,0.0
Zach Zenner,RB,DET,3.9031599797800913,4500.0,0.86549434526523716,0.07391860367953465,0.029927580874370446,0.012471246101964376,0.0027333485522239125,0.0012970619402619748,0.014157813586406803,0.0
Dwayne Washington,RB,DET,3.8650954911321538,4500.0,0.86109259816019412,0.082775399890161472,0.028541895041069094,0.011007519764173886,0.0024455969666123453,0.0010236500403117887,0.013113340137477121,0.0
Antonio Andrews,RB,TEN,3.8584735982102329,4500.0,0.86871955516353061,0.078107620222492236,0.022969580855021682,0.011341247480533619,0.0030150144881579142,0.00096082954762811968,0.014886152242636539,0.0
Zach Line,RB,MIN,3.8524755205491754,4500.0,0.86657585294431749,0.085093698706769402,0.019444781867533702,0.0062544282800140348,0.0072626414166507601,0.00079859195953020266,0.014570004825184904,0.0
Mike Tolbert,RB,CAR,3.8424918313327394,4500.0,0.86656213288646777,0.086676827748234889,0.019084084160822402,0.0071911245985164778,0.0039120427468366144,0.00086519711368016603,0.015708590745441769,0.0
Jonathan Williams,RB,BUF,3.7456084148721471,4500.0,0.8865877019203704,0.065976173001804195,0.021442915384256279,0.006555100218744672,0.0019740838712785868,0.0005454155735224351,0.016918610030023404,0.0
Javorius Allen,RB,BAL,3.6916615121779817,4500.0,0.89187241964395159,0.06108397217540297,0.022502403125206957,0.006724555978552006,0.0011295296130258872,0.00060969259538428452,0.016077426868476657,0.0
Jerome Felton,RB,BUF,3.6785565779538256,4500.0,0.88223746348531662,0.07330835430114882,0.022473714273155185,0.0061712624981806411,0.0011932102508112315,0.00055670966566585551,0.014059285525721521,0.0
Taiwan Jones,RB,OAK,3.6445940508426302,4500.0,0.86334002029501233,0.10535934887993657,0.014465784898902793,0.0025871130253389499,0.0018975704281424955,0.00066652358009372558,0.011683638892573553,0.0
Jordan Todman,RB,IND,3.596736559095302,4500.0,0.89718445435650607,0.059652776283885878,0.019838883819465879,0.0075447412413807207,0.0015090038797398485,0.00093958938033576213,0.013330551038686479,0.0
Thomas Rawls,RB,SEA,3.5761519009928664,5100.0,0.89741500436484978,0.063956509253113192,0.016817542589853223,0.0051992410250494905,0.0017411785655760174,0.001054705921217438,0.013815818280340621,0.0
Paul Lasike,RB,CHI,3.5756805923970592,4500.0,0.9091074203005054,0.050917357233138311,0.014280117732578215,0.0040046570146789508,0.0065139702169778012,0.00070561992974728816,0.014470857572374233,0.0
Andre Ellington,RB,ARI,3.5457752841157544,4500.0,0.90378435945587254,0.060034370686237126,0.013230291386679253,0.0065845656058540307,0.0011280352955965007,0.00043679255989170686,0.014801585009869,0.0
George Atkinson,RB,CLE,3.5323978534196541,4500.0,0.91115400408022629,0.049982828260707636,0.018284380432999188,0.0032823593150935189,0.00052759722715974651,0.00068458982765558164,0.016084240856158061,0.0
Keith Smith,RB,DAL,3.4738962657416277,4500.0,0.91033941944688379,0.054647657872603013,0.014615811549394273,0.0056184014267824829,0.00051481235771408753,0.00048654285821193882,0.013777354488410814,0.0
Fitzgerald Toussaint,RB,PIT,3.4551313179602228,4500.0,0.91647417236148288,0.046750600799310586,0.012069770382147143,0.010974238051500105,0.00045109713484096367,0.00060784595006420968,0.01267227532065451,0.0
Stepfan Taylor,RB,ARI,3.444101517983869,4500.0,0.92527229429345448,0.041412035797540742,0.012367880711543551,0.0032017817364504808,0.00051564455663894023,0.00066185062545357973,0.016568512278918583,0.0
Kerwynn Williams,RB,ARI,3.444101517983869,4500.0,0.92527229429345448,0.041412035797540742,0.012367880711543551,0.0032017817364504808,0.00051564455663894023,0.00066185062545357973,0.016568512278918583,0.0
Shaun Draughn,RB,SF,3.429054866250572,4600.0,0.91385392296704882,0.051571178956360673,0.016212201602904212,0.004131964415058643,0.00071311912383686385,0.00086497515248082281,0.01265263778231039,0.0
Lance Dunbar,RB,DAL,3.4241112334882997,4500.0,0.91360730199003981,0.052169051334425995,0.017024240061725544,0.0031937590129593051,0.00040617010449292811,0.00066523062892290773,0.012934246867433651,0.0
Josh Ferguson,RB,IND,3.4191174858614994,4500.0,0.91555992113664852,0.049982306953338516,0.015253254843508148,0.0052952250194283536,0.00081896999066560176,0.00060931190378496741,0.012481010152626515,0.0
Dion Lewis,RB,NE,3.4020114452930081,4900.0,0.91774046761060324,0.04979264795642175,0.014431162271269541,0.0035958617082550151,0.00077370069399107478,0.00064340651838586159,0.013022753241074134,0.0
Rex Burkhead,RB,CIN,3.3906427481746046,4500.0,0.92180363898247608,0.046844615483625958,0.013189344429973424,0.0031265233847214049,0.00049474880063644,0.00064710535736591695,0.013894023561201275,0.0
Ryan Hewitt,RB,CIN,3.3906427481746046,4500.0,0.92180363898247608,0.046844615483625958,0.013189344429973424,0.0031265233847214049,0.00049474880063644,0.00064710535736591695,0.013894023561201275,0.0
Anthony Sherman,RB,KC,3.385948187172596,4500.0,0.92174714436590599,0.046279508723760493,0.013273593511547012,0.0042694403291536256,0.00048625427273888035,0.00068451904704389956,0.013259539749850563,0.0
Jalston Fowler,RB,TEN,3.3603956721007493,4500.0,0.92388844917116608,0.045701881724153279,0.013018613566553951,0.0029947311129782397,0.00045645718747648926,0.00071942238054972167,0.013220444857122933,0.0
Orleans Darkwa,RB,NYG,3.3575125802118868,4500.0,0.92318165831623944,0.046386773986049061,0.013157577190254876,0.0032380280335224769,0.00042151034320030931,0.00072898443154845714,0.012885467699185759,0.0
Bobby Rainey,RB,NYG,3.3575125802118868,4500.0,0.92318165831623944,0.046386773986049061,0.013157577190254876,0.0032380280335224769,0.00042151034320030931,0.00072898443154845714,0.012885467699185759,0.0
James Develin,RB,NE,3.3557370828238327,4500.0,0.92281296885798092,0.047364577238492446,0.012556387981195204,0.0031271216655195787,0.00073086388338550309,0.00052485306232898598,0.012883227311098082,0.0
Brandon Bolden,RB,NE,3.3557370828238327,4500.0,0.92281296885798092,0.047364577238492446,0.012556387981195204,0.0031271216655195787,0.00073086388338550309,0.00052485306232898598,0.012883227311098082,0.0
Marcus Murphy,RB,NO,3.3556144266218486,4500.0,0.92624248524824049,0.043361669335738935,0.012635542741194817,0.0030356360902972735,0.0005084439383302693,0.0007040004788415597,0.01351222216735698,0.0
Corey Grant,RB,JAC,3.3544134957719898,4500.0,0.92418022271661693,0.045783542257574916,0.012594442398269845,0.0031971683135890759,0.00051488973275010585,0.00065604436618597092,0.013073690215013206,0.0
Troymaine Pope,RB,SEA,3.352079522168868,4500.0,0.92430587169861245,0.045697589152162141,0.012616390494523141,0.00321846486603505,0.00050820170025886588,0.0006335337874863715,0.013019948300921956,0.0
Malcolm Brown,RB,LARM,3.3471716472628055,4500.0,0.92254463516212759,0.047126239787188426,0.013177717989905751,0.0037781299486332521,0.00059120087788539302,0.00055335679637825205,0.01222871943788132,0.0
Roosevelt Nix,RB,PIT,3.3309073269037017,4500.0,0.92801316820798585,0.042141716590059872,0.012671238570359247,0.0030312823646770322,0.00053890309568417507,0.00065078695988586555,0.012952904211348397,0.0
Will Tukuafu,RB,SEA,3.323966754334934,4500.0,0.92845085239910197,0.041717253208468127,0.012791146624751641,0.0032436222504944314,0.00040645003627793241,0.00060150207564757627,0.012789173405258812,0.0
Michael Burton,RB,DET,3.3227902900870339,4500.0,0.92936264827030501,0.041006989829070938,0.012413320992092563,0.0031974222260971246,0.00043009082167215848,0.00061342323719144139,0.012976104623571259,0.0
Jay Prosch,RB,HOU,3.3213297035151821,4500.0,0.9274928826055826,0.043258379749904208,0.012416741229098487,0.0031833953818882097,0.00048835091002595967,0.00058075806239138829,0.012579492061109211,0.0
Tyler Ervin,RB,HOU,3.3213297035151821,4500.0,0.9274928826055826,0.043258379749904208,0.012416741229098487,0.0031833953818882097,0.00048835091002595967,0.00058075806239138829,0.012579492061109211,0.0
Denard Robinson,RB,JAC,3.3211323093264729,4500.0,0.9279216909350515,0.042699631642393182,0.012366242931013679,0.0033375624948485667,0.00045480093868115,0.00064533917031549498,0.012574731887696356,0.0
Chase Reynolds,RB,LARM,3.2973461202261549,4500.0,0.93003673078070992,0.04181065766001292,0.011591346553571922,0.0032272213897545812,0.00041598201159458186,0.00055807957725392831,0.012359982027101939,0.0
