name,pos,team,expectation,salary,prob_0_5,prob_5_10,prob_10_15,prob_15_20,prob_20_25,prob_25_30,prob_30+,label
Delanie Walker,TE,TEN,10.103508170495608,6400.0,0.28098216701374101,0.28179974700340887,0.21939946914802047,0.11585817137964713,0.06961404501571998,0.024119565505771334,0.0082268349336913436,1.0
Coby Fleener,TE,NO,9.4918386694000674,5700.0,0.30234952188181702,0.30139778253082505,0.1926583173265782,0.13489032761888933,0.04555930987543981,0.017130480429550284,0.0060142603369005053,0.0
Jason Witten,TE,DAL,9.4134340588089156,5500.0,0.30403224989051808,0.34002651377271559,0.16238400057673558,0.096771646274346243,0.064864731734711467,0.026244762871742627,0.0056760948792305933,1.0
Jimmy Graham,TE,SEA,9.1665552353710655,6500.0,0.3203168647348002,0.28869814758908235,0.22342314724849552,0.10692665825997869,0.03518687061398186,0.019449918231014485,0.0059983933226467967,0.0
Greg Olsen,TE,CAR,9.1459725269127166,7100.0,0.32046194982038306,0.2997934000645095,0.21987190453222646,0.098370138516972516,0.033887824882789658,0.013667002012512457,0.01394778017060652,0.0
Cameron Brate,TE,TB,8.7269120496984964,5600.0,0.31384914876542847,0.35571287371262894,0.18801932661927906,0.089095073560416696,0.02567668638198398,0.024043916308256533,0.0036029746520067226,1.0
Jordan Reed,TE,WAS,8.4692383442740908,6900.0,0.39366080605922149,0.28557282134221229,0.17140715125412109,0.080159981562332075,0.029587365015786193,0.033897363817933228,0.0057145109483933412,0.0
Travis Kelce,TE,KC,8.3458983309940145,6100.0,0.34739958412346938,0.34269363313089318,0.17576037237412884,0.085878216493037951,0.028360153062383809,0.017008159142376147,0.0028998816737110951,0.0
Julius Thomas,TE,JAC,7.7097893895049516,5900.0,0.42197795850472952,0.30482843405531168,0.15884409477747671,0.066806349343889376,0.025457719619992766,0.017576037507878638,0.0045094061907218954,0.0
Kyle Rudolph,TE,MIN,7.419449591106039,4900.0,0.45529550545383241,0.29897552865536936,0.13864989573532954,0.061182043794837611,0.021871285218054481,0.013055994392201736,0.010969746750375342,0.0
Martellus Bennett,TE,NE,7.1926976365587203,5200.0,0.48990527288431868,0.26606973237107234,0.13821996740807324,0.058874803076595587,0.024320424896504305,0.016559963035741383,0.0060498363276945072,0.0
Zach Miller,TE,CHI,7.0845595958224807,5500.0,0.47749428169916153,0.29568563164449141,0.12519767515002125,0.064219794238325592,0.019464618895804139,0.010855940331672332,0.0070820580405241626,0.0
Eric Ebron,TE,DET,6.9709315609481477,5400.0,0.49582322548837987,0.2601803010098328,0.1513798240493773,0.056221227946392352,0.02431240751819742,0.0088043611678379798,0.0032786528199823676,0.0
Tyler Eifert,TE,CIN,6.9217800230144535,6300.0,0.48523207251263084,0.3019987011918242,0.12151790413482297,0.054996519513946802,0.015085001887976299,0.01574118392301101,0.0054286168357876897,0.0
Zach Ertz,TE,PHI,6.3730043042686715,4700.0,0.5192468824689358,0.28770441143863806,0.12604550331187522,0.043732030950074413,0.015384197025227793,0.0061285162626031281,0.0017584585426455147,0.0
Gary Barnidge,TE,CLE,6.0995786880360345,4700.0,0.5655468565251669,0.25818877090190212,0.10411030308480994,0.048099480398026431,0.013660964436260657,0.008662999102237879,0.0017306255515959683,0.0
C.J. Fiedorowicz,TE,HOU,6.0669036634323357,5100.0,0.56536303961697187,0.27192365090025838,0.10088664116154357,0.032273249617200142,0.012965757592191771,0.011212517989445553,0.0053751431223886589,0.0
Vernon Davis,TE,WAS,5.7173000628457862,4500.0,0.63791913931538857,0.20255809003913572,0.091826217313479105,0.039782102447352835,0.0089950379617075391,0.01403543685660812,0.0048839760663283004,0.0
Jack Doyle,TE,IND,5.6324794335994355,5000.0,0.6431284280262296,0.18104252631848375,0.10899934100544624,0.048891663435229146,0.011412786220247188,0.004857076173021513,0.0016681788213426102,0.0
Jesse James,TE,PIT,5.5845696306598862,4800.0,0.63810653929269134,0.19048070986078863,0.11242325757757238,0.045177576599628025,0.0066797255398478878,0.0046827821225313955,0.0024494090069402371,0.0
Vance McDonald,TE,SF,5.5617873139109619,4700.0,0.61051244894841605,0.24379207888692259,0.09491717123681595,0.03751005045127849,0.0053840326022965412,0.0043884376827631327,0.0034957801915077402,0.0
Dennis Pitta,TE,BAL,5.3234743417472883,4800.0,0.67857902027343775,0.18049376923289917,0.082955286613065157,0.035449116984474768,0.0081093022074952194,0.0094545429127025245,0.0049589617759247485,0.0
Will Tye,TE,NYG,4.9621239126603918,4500.0,0.69122749467362432,0.19108885896060956,0.075058197626526463,0.030493783186599451,0.0045150754401454395,0.0052199724887860574,0.0023966176237085594,0.0
Richard Rodgers,TE,GB,4.8961224554444573,4600.0,0.70583528681008179,0.16361466791966195,0.091789461702714376,0.029335313125778719,0.0047529021386585775,0.0035713614255672215,0.0011010068775375184,0.0
Jermaine Gresham,TE,ARI,4.804390976453278,4500.0,0.71017009100173079,0.1732949795769809,0.08535224500548047,0.018800142887156795,0.0060015470459811506,0.0033362368533558788,0.0030447576293137803,0.0
Ben Koyack,TE,JAC,4.6701562547953754,4500.0,0.73251695255053328,0.16179508991928868,0.070384686514925909,0.019842754415455646,0.0098426938169985344,0.0026320657284102252,0.0029857570543880296,0.0
Jerell Adams,TE,NYG,4.4904968729454051,4500.0,0.74802998807504339,0.15587141127129658,0.063866319802626317,0.022277127868162595,0.0036855594188323166,0.0052204371556898053,0.0010491564083486072,0.0
Ryan Griffin,TE,HOU,4.3553631289441199,4500.0,0.7722207273762941,0.13602370159191932,0.061459547794653589,0.015953297612694324,0.0096741983288824804,0.0031815233114193741,0.0014870039841365697,0.0
Lance Kendricks,TE,LARM,4.3452096362212949,4900.0,0.74847453958594778,0.17036564618992681,0.056241245950911747,0.017783829421341296,0.0047965563039076746,0.0010280739259462203,0.0013101086220188775,0.0
Dominique Jones,TE,MIA,4.3286393640309795,4800.0,0.76394277811851874,0.14908724472363943,0.057860728628242458,0.023168074690841388,0.0024723951914235455,0.00068113014654639433,0.0027876485007879131,0.0
Dwayne Allen,TE,IND,4.3195860643351791,5300.0,0.78689317229985511,0.11943927796949994,0.059746925812583444,0.022612919119129569,0.0047397884003361106,0.0030035228514906295,0.0035643935471050148,0.0
Seth DeValve,TE,CLE,4.3086959448228548,4500.0,0.76698938993691979,0.15446733462699225,0.049337865756420511,0.017377500401177401,0.0078124842696010704,0.00059105200998429985,0.0034243729989045743,0.0
Clive Walford,TE,OAK,4.2477188576242142,4500.0,0.77940091071569462,0.13938967056505705,0.053968409510401126,0.015446973257358883,0.0070544442384581326,0.0020991739477458074,0.0026404177652839507,0.0
Josh Hill,TE,NO,4.1178301795254066,4500.0,0.79784294002327805,0.10843187954777707,0.077998973233833716,0.008218555043249854,0.0051647955679452314,0.00093813687156583394,0.0014047197123503205,0.0
Mychal Rivera,TE,OAK,4.1077820927267794,4500.0,0.80103746850268787,0.12251157460696992,0.050480263676174718,0.014745767228222474,0.0061864026691717837,0.0024326648895608141,0.0026058584272120162,0.0
Charles Clay,TE,BUF,4.0995769124401882,4800.0,0.80715778361495549,0.11235440575099562,0.053054340091977466,0.018252616348372802,0.0046174533238416632,0.00095831429430712786,0.0036050865755487766,0.0
Darren Waller,TE,BAL,3.9774768772648104,4500.0,0.82176849982742817,0.10265874901023764,0.051974592925865419,0.015993464060890812,0.0023859193307867116,0.0017057769373111775,0.0035129979074797835,0.0
Ed Dickson,TE,CAR,3.9349403802887379,4500.0,0.80486208533362114,0.12854207087576855,0.04982719577042323,0.011752132226290402,0.002777919459484184,0.0014182246995722103,0.00082037163484052495,0.0
Marcedes Lewis,TE,JAC,3.8870226814628879,4500.0,0.82753126626202811,0.099590063700896667,0.050941700242507396,0.01598592262908978,0.0037791310381858215,0.00084044984049588508,0.001331466286796033,0.0
Phillip Supernaw,TE,TEN,3.8709506447841249,4500.0,0.84078170434976573,0.098419346782698994,0.039477311882059697,0.0079402367410019437,0.0040770716766040183,0.0025273161403779562,0.0067770124274915333,0.0
Stephen Anderson,TE,HOU,3.8434200714859181,4500.0,0.83129976302644393,0.10181068853452259,0.0457151440873306,0.013869712035832866,0.0042326946820765788,0.0020432412449765572,0.001028756388817212,0.0
Anthony Fasano,TE,TEN,3.7989181860006171,4500.0,0.83869181121325576,0.094446727788156826,0.044786482033366187,0.015533650295951683,0.0047763992768740573,0.00094309580045792035,0.0008218335919374524,0.0
Gavin Escobar,TE,DAL,3.7527194652250064,4500.0,0.83869407574973831,0.10422221612888134,0.0417661280340684,0.0067561814193892655,0.0036797557437696798,0.0026192169281717384,0.0022624259959812335,0.0
Erik Swoope,TE,IND,3.7132279274746396,4500.0,0.84709169177970145,0.097258075942850269,0.036123405253535912,0.011379408316067593,0.004585180836131947,0.0016618636092369235,0.0019003742624755249,0.0
Trey Burton,TE,PHI,3.6457441597494022,4500.0,0.84564547229927711,0.10349786951752653,0.036520142406752346,0.0099735462354462665,0.0018862239023596484,0.00063580223205311694,0.0018409434065855238,0.0
Garrett Celek,TE,SF,3.6428425808092846,4500.0,0.84138096556210651,0.10779579233029209,0.038792091089734228,0.0087817903488257455,0.0013972881772334896,0.00052296886671220771,0.0013291036250959903,0.0
Ladarius Green,TE,PIT,3.6362597346665146,4500.0,0.85170519885427554,0.10004753439667519,0.031966154181856485,0.009244927990003959,0.0018289040141195774,0.0037504130090183392,0.0014568675540511966,0.0
John Phillips,TE,NO,3.6164421124375008,4500.0,0.86724515590802498,0.057711852578610605,0.069152466067521665,0.0021380243320060161,0.00082744719774964406,0.000976716311825897,0.0019483376042615285,0.0
Tyler Higbee,TE,LARM,3.6043129853736038,4500.0,0.85493477374851501,0.098918582622514684,0.032164212930375295,0.0073128871644012128,0.0028124487838446111,0.00042932260959866581,0.0034277721407507838,0.0
David Johnson,TE,PIT,3.5268717542260761,4500.0,0.8685383603680823,0.077806015573221227,0.044161582994609067,0.0048491064179760181,0.00072539218282406117,0.0024538298092094939,0.0014657126540775726,0.0
Marqueis Gray,TE,MIA,3.5200181946521432,4500.0,0.86415291715939702,0.092368676577818318,0.029616630990910074,0.0086316675779470383,0.0013448654953009368,0.002751225756886837,0.0011340164417401541,0.0
Rhett Ellison,TE,MIN,3.5077438298002304,4500.0,0.86581788670841342,0.091604109175784071,0.029435567895949821,0.0076418914889999001,0.0027922227354550419,0.00041675825769342035,0.0022915637377039361,0.0
Nick O'Leary,TE,BUF,3.4855653382112721,4500.0,0.86865914708376046,0.090851330476239708,0.02897137516164271,0.0052874370020176351,0.0021936697486774088,0.0017058443918876922,0.0023311961357736439,0.0
Luke Stocker,TE,TB,3.4270884972898936,4500.0,0.87532562391644808,0.086837530819534964,0.026938793252089931,0.0063903609580663852,0.0011629210470418818,0.00057412664827969566,0.0027706433585383211,0.0
Ben Braunecker,TE,CHI,3.2020961922551865,4500.0,0.90515606725073783,0.067142010892973406,0.019301050211406507,0.0044029361626973188,0.0014617843957743146,0.00057720066507481666,0.0019589504213364849,0.0
Brandon Myers,TE,TB,3.1935788300386374,4500.0,0.90330125916775161,0.069567223357311164,0.019764506286167698,0.0044617664023977061,0.00085886704090788767,0.00033512842550324686,0.001711249319960055,0.0
Brent Celek,TE,PHI,3.1814984609332795,4500.0,0.90527044487245978,0.067536357947146575,0.019369264784452375,0.0051623461143972659,0.00083833540166348714,0.00044447066564391578,0.0013787802142367982,0.0
Brandon Williams,TE,SEA,3.1054961166294643,4500.0,0.91721298765219395,0.058090694168153718,0.018251917592544655,0.0037545779014937198,0.00060064385995301168,0.00049418502562520211,0.0015949938000355099,0.0
Ross Travis,TE,KC,3.0992220780798054,4500.0,0.91512803266161802,0.061902353356647503,0.017162252478282517,0.0033683773463699137,0.00066283437024137505,0.0004559238878609311,0.0013202258989797925,0.0
Demetrius Harris,TE,KC,3.0820623551549757,4500.0,0.91978641147304163,0.058317439038278553,0.015433067525569697,0.003215843544567964,0.0011179924808742761,0.00048713480697431828,0.0016421111306930602,0.0
Randall Telfer,TE,CLE,3.0767748115550027,4500.0,0.9211176930746382,0.058484522797171,0.012420440119131539,0.0037166028422754935,0.0025291729185381736,0.0003280896926750453,0.0014034785555710515,0.0
Logan Paulsen,TE,CHI,3.0667613040987689,4500.0,0.92333411389532738,0.055981055996729492,0.014032202491765827,0.0031107765541899591,0.0008887044380099672,0.00055053375398411242,0.0021026128699941438,0.0
Tyler Kroft,TE,CIN,3.0453890213852053,4500.0,0.9267642653457776,0.052620239876770183,0.014333138943649824,0.0029096655931657007,0.00084605125501665136,0.00049671246208022311,0.0020299265235394839,0.0
Derek Carrier,TE,WAS,3.0365443920215349,4500.0,0.92763161096691882,0.05152226890379475,0.01537477401420217,0.0022390989514147587,0.00063472904971216982,0.00073534621447278394,0.0018621718994847609,0.0
Cory Harkey,TE,LARM,3.0228686203057067,4500.0,0.92587565149839857,0.053135316889224758,0.016930058825970415,0.0020662964096984722,0.00043975637438035248,0.00031573681451044293,0.0012371831878164438,0.0
James O'Shaughnessy,TE,KC,3.0057939740535575,4500.0,0.92870600947114823,0.053608563877487053,0.012780573578935518,0.0021802546041511934,0.00059340747087758595,0.00051870093580801244,0.0016124900615922409,0.0
Jared Cook,TE,GB,2.996233398563422,4500.0,0.93176353025765601,0.049971192435597986,0.013256198084442034,0.0021047649836006001,0.00062073343885870886,0.00058494186468065342,0.0016986389351635054,0.0
Darren Fells,TE,ARI,2.9928602531633954,4500.0,0.93162699959228024,0.049797264021952975,0.013767226521377013,0.0022612284888755656,0.00057052290338411714,0.00044958238735762148,0.0015271760847724392,0.0
Alan Cross,TE,TB,2.9817373942360792,4500.0,0.93329751042973708,0.049164282404478787,0.012685059733712563,0.0021309588266358601,0.00060627691950268894,0.0005055554274445177,0.001610356258487903,0.0
Blake Bell,TE,SF,2.9789923166144998,4500.0,0.93347930748227959,0.048934039065924417,0.013062877521287519,0.0018228776571673326,0.00059333403300993338,0.0005349783008616832,0.0015725859394693001,0.0
Dion Sims,TE,MIA,2.9758242402180821,4500.0,0.93450285680310186,0.048001209011202993,0.012570339243766819,0.0022199025960277356,0.00057014377034933668,0.00053225871045529905,0.0016032898650958096,0.0
Clay Harbor,TE,DET,2.9730753841908295,4500.0,0.93570336326672676,0.04682532487234102,0.012525396167661015,0.002042083705070751,0.00051344071230970156,0.00065239841815659496,0.0017379928577337111,0.0
Luke Willson,TE,SEA,2.9715199407166084,4500.0,0.93525152328100114,0.047196047102064959,0.012847516333505055,0.0020025240835057083,0.00053704454290790557,0.00054505487899903231,0.0016202897780158232,0.0
Neal Sterling,TE,JAC,2.9586748092127118,4500.0,0.93680499908432568,0.045854826036805275,0.012787034105110664,0.0020635599860530924,0.00056888492539568377,0.0004297834461566201,0.0014909124161524368,0.0
