name,pos,team,expectation,salary,prob_0_5,prob_5_10,prob_10_15,prob_15_20,prob_20_25,prob_25_30,prob_30+,label
Odell Beckham Jr.,WR,NYG,17.642128037203975,9000.0,0.14809901927606448,0.24129301804398301,0.039186680302101949,0.24008791574157407,0.052797437029852297,0.022118539328852969,0.2564173902775711,6.0
Brandin Cooks,WR,NO,14.493842171018477,7400.0,0.031571456046836144,0.22138457081850449,0.13040186821181748,0.56874741904288151,0.032895195418891882,0.012493066559734393,0.0025064239013341157,3.0
Mike Evans,WR,TB,13.405898311724103,8000.0,0.033345781161302171,0.22792944961420983,0.3118048058123678,0.39780069904788762,0.015448635388681015,0.00961008395573054,0.0040605450198209023,3.0
Davante Adams,WR,GB,12.067482944329594,7600.0,0.15233118226754233,0.17371528014666746,0.4037024432853541,0.17799884279062808,0.071573174607285864,0.014884536345918525,0.0057945405566035262,2.0
Jordy Nelson,WR,GB,11.698343263099668,7800.0,0.071186401992129264,0.42310062618432764,0.31363116978626454,0.091754361883445726,0.044500245594528837,0.017890097200567862,0.037937097358736127,1.0
Amari Cooper,WR,OAK,11.682779127011214,7700.0,0.27950139627006571,0.074787291747643925,0.40905637878495954,0.070472081987313875,0.13331845093639416,0.0097685836009240908,0.023095816672698624,2.0
Golden Tate,WR,DET,11.274306233295405,6600.0,0.12195921440714279,0.1548002493047845,0.64594738841520194,0.034069222042346373,0.014342593886126291,0.026093652524159482,0.0027876794202386112,2.0
Allen Robinson,WR,JAC,10.978378831240121,7300.0,0.10987677445677815,0.36262103490242137,0.38058332732420963,0.055643231691236854,0.058906538233217738,0.027377918905523456,0.0049911744866130234,2.0
Michael Thomas,WR,NO,10.976140887211347,6500.0,0.16210617740002045,0.20575516068736424,0.4777281035784614,0.10557744312610802,0.028276905068895804,0.019625670640267573,0.00093053949888266085,2.0
Antonio Brown,WR,PIT,10.655499465224677,8900.0,0.24263212453521316,0.34212361984404843,0.1554538240529143,0.13483461278172462,0.07601271337743519,0.032410834610782979,0.016532270797881415,1.0
A.J. Green,WR,CIN,10.57695887421175,8200.0,0.08018550353067759,0.4409067078408096,0.35691534361626343,0.062202471415362504,0.037845553438498457,0.013315986173728657,0.0086284339846598203,1.0
Willie Snead,WR,NO,10.497854399832116,6700.0,0.19925974026840465,0.3540515959647158,0.19920407136893414,0.16743982049035699,0.05836173823048791,0.019729994686890278,0.0019530389902100997,1.0
Doug Baldwin,WR,SEA,9.8927917782551873,6700.0,0.24900637543231638,0.2256481754952091,0.40581402739446082,0.065246266353398752,0.033228968024301753,0.016158508828353971,0.0048976784719590421,2.0
T.Y. Hilton,WR,IND,9.3868399445603572,7900.0,0.37004342280087876,0.16491423424612806,0.29773865695283103,0.069580534411276582,0.084179296732866449,0.011011603979425907,0.0025322508765932474,0.0
DeAndre Hopkins,WR,HOU,9.2669695825237959,7100.0,0.18120368928524297,0.34523644717602264,0.43587962172473216,0.023447052228976039,0.007591207991966325,0.0049870954202731717,0.0016548861727865738,2.0
Jamison Crowder,WR,WAS,8.7920556403956844,6300.0,0.081748005926069969,0.72264028191261576,0.086678028901272311,0.085442118495761971,0.014600233591415688,0.0067374360750595127,0.0021538950978047,1.0
Jarvis Landry,WR,MIA,8.7889361475424508,6900.0,0.38912881880048966,0.15434145514470951,0.35386060757139315,0.038018176197443278,0.045032081435504016,0.017320593760896247,0.0022982670895642095,0.0
Rishard Matthews,WR,TEN,8.6181279579807235,6000.0,0.05224425929678906,0.75316532276064829,0.13317772245714837,0.047031130975702801,0.009771730801418653,0.0040262742103242708,0.0005835594979685184,1.0
Julian Edelman,WR,NE,8.3428551211461119,6100.0,0.30528636896398337,0.45781203892631656,0.11472207958486333,0.04719318540556066,0.040106142147246691,0.031607000660454791,0.0032731843115747714,1.0
Cole Beasley,WR,DAL,8.2641733170649339,6400.0,0.21027318577112947,0.52746605442621042,0.20045111611801597,0.030314490464027902,0.024946119235123604,0.0058868616583570539,0.00066217232713552975,1.0
Kelvin Benjamin,WR,CAR,7.9972314284582309,7100.0,0.20117380713555813,0.61284231654734311,0.12155840879312474,0.030983772516505952,0.021501307309940869,0.0087212768434367545,0.0032191108540905226,1.0
Mike Wallace,WR,BAL,7.6261342839649755,6800.0,0.40089374921251636,0.31250480924884561,0.20728993489127279,0.04155468687506101,0.023105161584662161,0.0094522049479346028,0.0051994532397075703,0.0
Pierre Garcon,WR,WAS,7.5823334817079004,5700.0,0.26796738157630773,0.57593410925187227,0.064238638601495895,0.068415358158032583,0.013920459429488004,0.007185964462369931,0.0023380885204333287,1.0
Larry Fitzgerald,WR,ARI,7.4947372858684211,7000.0,0.30371056821530179,0.49289239351072356,0.14731615147260479,0.027744939070125183,0.01627768869726267,0.010200996668371844,0.0018572623656101035,1.0
Randall Cobb,WR,GB,7.3417888716979149,6500.0,0.19769023953791587,0.72025384497098588,0.028869860263019128,0.03224204029699073,0.0144310896192486,0.0042801900349110954,0.0022327352769287274,1.0
Terrelle Pryor,WR,CLE,7.1347783381344492,7200.0,0.40995890942389324,0.39665631915503141,0.083462811074917043,0.084150200849457096,0.019191225487968918,0.0057434994899874491,0.00083703451874465786,0.0
Jordan Matthews,WR,PHI,6.5035910285465608,5800.0,0.25533954263606834,0.71279763641499505,0.018067719159072779,0.0057038826193597184,0.0062114244676486482,0.0015939202140418183,0.00028587448881366644,1.0
Michael Crabtree,WR,OAK,6.3697446145026539,6600.0,0.65432133750824828,0.048932829169039911,0.21601336852494932,0.054233730702208473,0.012304864232517925,0.0074609643098938853,0.0067329055531424077,0.0
Kendall Wright,WR,TEN,6.3262644851191361,4700.0,0.39534667801106349,0.49120906387217267,0.08452076752644451,0.016682385104520615,0.0076342186618877979,0.0036843308118446536,0.00092255601206607627,1.0
Marvin Jones,WR,DET,6.1584787182562106,6500.0,0.68865429568056169,0.05307151532964316,0.16360700532517616,0.045235978517443133,0.036947704982930409,0.0088208592536010207,0.0036626409106446721,0.0
Adam Humphries,WR,TB,6.0623931288835378,5300.0,0.50746352833090125,0.34804124257098445,0.093367257919067567,0.034614160564853926,0.010352125188848392,0.0050660468980699563,0.0010956385272742561,0.0
Dez Bryant,WR,DAL,5.9702509614467143,7400.0,0.60742072716577411,0.23895946785838437,0.061199828202805423,0.050626943588683589,0.032867577451220605,0.0057836898739624439,0.0031417658591695501,0.0
Kenny Britt,WR,LARM,5.9587092347424955,6800.0,0.47994053415399301,0.40719595744931564,0.072251769090109871,0.027451666856728656,0.0090838729479623594,0.0034289585369067254,0.00064724096498378287,0.0
Stefon Diggs,WR,MIN,5.0861872629015332,6800.0,0.76851423582574763,0.037498362768135882,0.12572632946164045,0.050659106044088124,0.012325884052704931,0.0048593036427551674,0.0004167782049276852,0.0
Sterling Shepard,WR,NYG,4.5377828097580997,5900.0,0.81763494063862019,0.068545385820985974,0.037557712996016859,0.049061352562591351,0.021381837142668031,0.0044251110494070356,0.0013936597897105797,0.0
Justin Hunter,WR,BUF,4.3573121984639114,5000.0,0.64668048246261611,0.3413658309827845,0.0083128287447172995,0.0019002963166334192,0.0010511560211134685,0.00061046492178043693,7.8940550354887327e-05,0.0
Terrance Williams,WR,DAL,4.28989429175473,5300.0,0.73773054431884211,0.19665900125015207,0.04200114198969343,0.019392459250741921,0.0023158145666122508,0.0016532093019976811,0.00024782932196059309,0.0
Kenny Stills,WR,MIA,4.1095552820071459,5900.0,0.77560989181045148,0.16391549348448206,0.038573902358428669,0.010704249373870659,0.0078281633800793143,0.0029810605295412639,0.00038723906314676001,0.0
Allen Hurns,WR,JAC,4.0874854806323686,5400.0,0.85369320412934024,0.047199209288846404,0.058213911648602804,0.01362918636467874,0.023919528178121138,0.0029585672025114682,0.00038639318789904291,0.0
Tavon Austin,WR,LARM,3.8178070516791389,5100.0,0.77148775098674938,0.21087446628709786,0.0048286837066295538,0.0098677822517711043,0.001716763082946539,0.00093361426857673576,0.00029093941622888327,0.0
Tajae Sharpe,WR,TEN,3.6238036412277825,5100.0,0.867018666465185,0.062953689913088154,0.055816446032169065,0.0090040306105067872,0.0033857623670625319,0.001480083339710244,0.00034132127227821902,0.0
Robert Woods,WR,BUF,3.561480840877973,5400.0,0.85688769560842992,0.10125712298414015,0.021982175825997562,0.014978572596075596,0.0028387798161816462,0.0017185927420886695,0.00033706042708653565,0.0
Eli Rogers,WR,PIT,3.5534178523393249,5500.0,0.87039392565328189,0.076645776023468837,0.03701272925597611,0.0080333628818525741,0.0050192251072382846,0.0019880201001660864,0.00090696097801582062,0.0
Tyreek Hill,WR,KC,3.5383844015047692,5400.0,0.86414056395616323,0.10122438820896251,0.013905132002191999,0.0086780335322962712,0.0082363750755915649,0.0034254465152078555,0.00039006070958660677,0.0
DeSean Jackson,WR,WAS,3.5299182898716177,6000.0,0.89828301982472691,0.031538294131566641,0.046200268973347461,0.01824750607924976,0.0029581326883802526,0.0017021880419626305,0.001070590260765973,0.0
DeVante Parker,WR,MIA,3.383618303405715,5800.0,0.90455475197697022,0.037469048452896808,0.043732348217962895,0.0076855279316986568,0.0044997329528564623,0.0017642919024650639,0.000294298565149745,0.0
Devin Funchess,WR,CAR,3.3704028204841427,5200.0,0.89720449034661243,0.064876538020356006,0.019946030902939036,0.0079363308849703853,0.0061638594530626601,0.0028835624966354625,0.00098918789542391697,0.0
John Brown,WR,ARI,3.3167558644515958,5900.0,0.91499381426573267,0.044665197648868962,0.017549659582055451,0.011964565652200878,0.0071279061429196889,0.0032408227029239217,0.00045803400529821354,0.0
Breshad Perriman,WR,BAL,3.2653739531530501,5100.0,0.91623296859449799,0.032048571289406587,0.042083046695856066,0.0045488340600762867,0.0030546866139551025,0.0014749503579405483,0.00055694238826754577,0.0
Ted Ginn Jr.,WR,CAR,3.2437178463876069,5100.0,0.91862506498079977,0.040503384195250174,0.026581244602911634,0.0072616310853741758,0.0036288075802876625,0.0022143778738495453,0.0011854896815272293,0.0
Jermaine Kearse,WR,SEA,3.2070921037938671,4600.0,0.91461503443318937,0.057207198289314261,0.013109539987416098,0.0073767267909403272,0.0041752265072344287,0.002463149903011292,0.0010531240888941398,0.0
Adam Thielen,WR,MIN,3.2048747497092478,5900.0,0.92549013560769189,0.035552670489096244,0.019522185827256722,0.01326855753646349,0.0045631465752999359,0.0014012179197316909,0.00020208604446018884,0.0
Tyler Lockett,WR,SEA,3.1912202314083498,5000.0,0.91419650503123395,0.045143201403648608,0.033222557536740999,0.004678060969890833,0.0016065341589955281,0.0008666703918668796,0.00028647050762313438,0.0
Brandon LaFell,WR,CIN,3.1611070068880776,5300.0,0.9326717229564373,0.035936437845674241,0.011756672366395972,0.009621779657720134,0.0070433695659394687,0.0023815419257884485,0.00058847568204442883,0.0
Marquise Goodwin,WR,BUF,3.1420196517539889,5300.0,0.89425565744983881,0.08768986018709575,0.015500020283108326,0.0011995771592547149,0.00079055818979720943,0.00047670559356634664,8.7621137338579223e-05,0.0
Kamar Aiken,WR,BAL,3.1324496603382639,4900.0,0.93542166430879803,0.028720491673639728,0.021430375799829489,0.0076793345704192148,0.003547183151186472,0.0020828171643170273,0.0011181333318100513,0.0
Marqise Lee,WR,JAC,3.0898934139198753,4800.0,0.93832044175987028,0.032221631787169809,0.010960776819554081,0.012929114779599593,0.0032136028539914048,0.0020733775972421199,0.00028105440257264182,0.0
J.J. Nelson,WR,ARI,3.0681300886715928,5800.0,0.93122196067868701,0.042343084625109294,0.015248911559124773,0.0055657196462019047,0.0042186086376347024,0.0012650866961735018,0.00013662815706887006,0.0
Will Fuller,WR,HOU,3.054071056671547,6100.0,0.92033525510411973,0.059827212400631755,0.014873833562688092,0.0022063617000502443,0.0010727354090648211,0.00041373785367095225,0.0012708639697748309,0.0
Braxton Miller,WR,HOU,2.9631360892404315,4500.0,0.93599882403087997,0.041220180491842374,0.020020361070428545,0.0012433325508653895,0.00067263316037324361,0.00036304106678077344,0.00048162762882980229,0.0
Michael Floyd,WR,ARI,2.9396975498147917,4900.0,0.95212091067645432,0.02408109216864426,0.011940207799444593,0.0088596374821792376,0.0018179031301382366,0.0010294264013820421,0.00015082234175752601,0.0
Seth Roberts,WR,OAK,2.9033241142184325,5000.0,0.9589694928463619,0.017636117703662222,0.015146783475378404,0.003952942421967775,0.0019500843833035373,0.0014425274736447524,0.00090205169568098782,0.0
Quinton Patton,WR,SF,2.8850944257344615,4600.0,0.94766399809044299,0.041153112206808604,0.0042289844267973881,0.002961208979241509,0.0019720781618377263,0.001665435583502231,0.00035518255136959863,0.0
Nelson Agholor,WR,PHI,2.8795807407293657,5200.0,0.93728372390652681,0.055396240823528606,0.003541763910105297,0.0023222008747741953,0.00092991927181946253,0.00044658873037596494,7.9562482869793543e-05,0.0
Jeremy Kerley,WR,SF,2.8272420978365194,5300.0,0.95535479828593739,0.033051651391988464,0.0063805088371244366,0.0028383773400819656,0.0011164426616978192,0.001015727871050759,0.00024249361211928851,0.0
Steve Smith,WR,BAL,2.8252272117910704,5500.0,0.96682539129178158,0.011897902060380669,0.015304320446591921,0.0030772350395627179,0.0016324255493283483,0.00095348292777149501,0.00030924268458316006,0.0
Cordarrelle Patterson,WR,MIN,2.8148851269457307,5300.0,0.97136398253595702,0.010106747701174579,0.0080543290327463497,0.0065243803787249886,0.0028035464007049771,0.00098753186401024187,0.00015948208668196072,0.0
Brandon Coleman,WR,NO,2.7576410363591082,4600.0,0.96135527626925155,0.029379212044799919,0.007145339761936674,0.001196034479975224,0.00052988749459826072,0.00027464159101471829,0.0001196083584239922,0.0
Dorial Green-Beckham,WR,PHI,2.7150935272746213,4800.0,0.96295063432709849,0.033591498863581308,0.0019812796800138125,0.0008198785182993904,0.00037422192998950678,0.00021869298010339768,6.3793700914191437e-05,0.0
Anquan Boldin,WR,DET,2.7126165720779127,5200.0,0.97757899688377126,0.0077345012086275445,0.011875800296572387,0.0011670663028252744,0.00093956645238697084,0.0005324664446786949,0.00017160241113743437,0.0
Victor Cruz,WR,NYG,2.6711985245932715,4900.0,0.98476854300015948,0.005986114150541638,0.0024628058085825744,0.0052778010220933995,0.00067591045648495622,0.00039762126344729623,0.00043120429869089247,0.0
Brice Butler,WR,DAL,2.6490296891479632,4700.0,0.98495524109378341,0.0028479178823064173,0.010415644899748853,0.0013012959523509742,0.00024843909989986451,0.00018360738418824881,4.7853687722274403e-05,0.0
Cameron Meredith,WR,CHI,2.6452747012456621,5600.0,0.98217122590728789,0.011847171339799092,0.0029088027382285064,0.0016352325171467774,0.00085839524667554194,0.00047582315724662696,0.00010334909361550283,0.0
Donte Moncrief,WR,IND,2.5984799300157357,6500.0,0.98699220212903171,0.0091581552480675312,0.0022355487431874699,0.0007819814304997094,0.00055097748536260505,0.00020699881951799233,7.4136144333092485e-05,0.0
Chris Conley,WR,KC,2.5960069073155982,4800.0,0.98798904105540397,0.0087369752674853682,0.0010959888413914791,0.0010396066158272646,0.00067222876258165025,0.00037689523831449263,8.9264218995475052e-05,0.0
Charles Johnson,WR,MIN,2.5751490061167144,4600.0,0.99048812139085995,0.006550396513337167,0.0017116679716418337,0.00056685641740406153,0.00031006332225313207,0.00020571151585142705,0.00016718286865236313,0.0
Andrew Hawkins,WR,CLE,2.5694870008856054,4500.0,0.98764740755497527,0.011669766183854392,0.00019401499753571514,0.00026813809655578161,0.0001204276802844395,6.5411117851504571e-05,3.483436894344082e-05,0.0
Cobi Hamilton,WR,PIT,2.565687635578179,4500.0,0.99205518880314891,0.00518803301940946,0.0010076545820281943,0.001330193578251387,0.00023809694865372668,0.00012279902833528352,5.8034040173008698e-05,0.0
Corey Coleman,WR,CLE,2.5653212577667106,5400.0,0.99260365908509562,0.0045708104440714912,0.001278902662031538,0.0007103610207979344,0.00049023625369920163,0.0002703938433064317,7.563669099768311e-05,0.0
Paul Richardson,WR,SEA,2.5516151259056516,4500.0,0.99427663550987833,0.003259725845353507,0.0012867862197026038,0.00063139754105136919,0.00028670295029768896,0.00015544339808865729,0.00010330853562820118,0.0
Brian Quick,WR,LARM,2.5448296236472414,4500.0,0.99438714462691236,0.0037220610331086352,0.0010856834665202368,0.00040319669485229314,0.00023899307435747654,0.00010136853086840861,6.1552573380083277e-05,0.0
Cecil Shorts,WR,TB,2.5424535137379376,4500.0,0.99487515241212443,0.0035612537503127537,0.00062750339306097283,0.00044094345940599047,0.00027329339460785315,0.00012240672244620603,9.9446868041917273e-05,0.0
Tyler Boyd,WR,CIN,2.5411385584848336,4500.0,0.99415779343510613,0.004632742705027222,0.00054357374273788877,0.00036759802641724308,0.00015675450184505591,9.4656605198486834e-05,4.6880983667608547e-05,0.0
Phillip Dorsett,WR,IND,2.5395695257452506,4700.0,0.99455368071257011,0.0039690756585794061,0.00093606784982715695,0.00028580430173068359,0.00013394491866481671,7.3180946740953755e-05,4.8245611886250099e-05,0.0
Andre Roberts,WR,DET,2.5385787874195214,4500.0,0.99565002813088521,0.0027797588158815566,0.00063309546794586139,0.0004833881214742049,0.00022097823827266905,0.00011810170092947191,0.00011464952461084182,0.0
Lucky Whitehead,WR,DAL,2.52957425923768,4500.0,0.99587145072223471,0.0031448221024074534,0.00056085136501095268,0.00020802127214470997,0.00010488386778892349,7.3387753446819021e-05,3.6582916966558094e-05,0.0
Albert Wilson,WR,KC,2.524617317347404,4800.0,0.99663316645475342,0.0026419938387981239,0.00026949177681528485,0.00021424755120609478,0.00013830497741638075,8.1097728535992438e-05,2.1697672475097786e-05,0.0
Roger Lewis,WR,NYG,2.5237477012478791,4500.0,0.99747905277491999,0.0011357630332875048,0.00091048529381769776,0.00029234368011008845,8.1482317262193137e-05,4.3885023094858637e-05,5.6987877507645277e-05,0.0
Geronimo Allison,WR,GB,2.5221346166066505,5200.0,0.9974421992731678,0.0017241861495462005,0.00028730307855770611,0.00025015967813004589,0.00016517205014654628,8.9603152160795292e-05,4.1376618290536606e-05,0.0
Danny Amendola,WR,NE,2.5204319821731205,4500.0,0.99797799847497504,0.0010725222324997714,0.00039058153741460244,0.00026659198559830311,0.00013642878156090019,8.3986918286052808e-05,7.1890069665570002e-05,0.0
Jeff Janis,WR,GB,2.5184723582720241,4600.0,0.99783018908464427,0.0014266545893367381,0.00039830187806987776,0.0001361016314023363,8.7265563309523768e-05,5.0547323039256968e-05,7.0939930197993088e-05,0.0
Tanner McEvoy,WR,SEA,2.516939567914505,5000.0,0.99836798588188336,0.0006742829839639804,0.00055787309426398102,0.00020017518717877324,8.8934466107457196e-05,5.216235231699921e-05,5.8586034285810998e-05,0.0
Corey Brown,WR,CAR,2.5153443928947983,4900.0,0.99863974380036746,0.00056437186368177132,0.00023831138685490881,0.00035132912216097339,0.00010926707232466118,6.2347079452232558e-05,3.4629675157753594e-05,0.0
Freddie Martino,WR,TB,2.5142562073564196,4500.0,0.99869009695215949,0.0005166008882753917,0.00038784280028957479,0.00020520964851785954,0.00010862765150627483,5.7818636187245795e-05,3.3803423063805791e-05,0.0
Maurice Harris,WR,WAS,2.5126356877651443,0,0.99843800665537585,0.0011160967704266363,0.00019329464355958005,0.00011211718264384753,6.7966694908412842e-05,3.6756118092082464e-05,3.5761934993469609e-05,0.0
Brandon Tate,WR,BUF,2.5121409469382976,4500.0,0.99796618937044002,0.0018233081504951669,0.00010679303330701458,5.358946804546626e-05,2.8329521431952991e-05,1.628619008875982e-05,5.5042661911506794e-06,0.0
Ricardo Louis,WR,CLE,2.5109157790237875,4500.0,0.99838224033099998,0.0013716922038325844,8.5028758172208554e-05,7.1940786392078035e-05,4.6224327411824333e-05,2.5327959992174259e-05,1.7545633199356574e-05,0.0
Sammie Coates,WR,PIT,2.5104728912704681,5000.0,0.99882397387998934,0.00073777705107303936,0.00019410016560045083,0.00012347836630139446,5.8156501384131407e-05,2.720097623835107e-05,3.531305941340923e-05,0.0
Arrelious Benn,WR,JAC,2.5095952092991949,4500.0,0.99876662800048355,0.00085164752030288831,0.00022461488724518464,7.0522820505726893e-05,4.6958311119497312e-05,2.5881422117968331e-05,1.3747038224738462e-05,0.0
Laquon Treadwell,WR,MIN,2.5088285644062691,4500.0,0.99910463367380797,0.00057144336680637687,7.9476433216888181e-05,0.00010492486089949409,5.6320580310781046e-05,3.0364872107326608e-05,5.2836212851575958e-05,0.0
Rashard Higgins,WR,CLE,2.5081254339691239,4500.0,0.99884703249340823,0.00095355971449014748,5.9456929353198118e-05,6.3440371093713459e-05,4.0842917097395136e-05,2.1945863776164192e-05,1.3721710781030126e-05,0.0
Andre Holmes,WR,OAK,2.5076475930826994,4500.0,0.99937196392158123,0.00028678844154199161,9.513773396159588e-05,9.9286031894432798e-05,6.2816667630389655e-05,2.8477920777247416e-05,5.5529282612880834e-05,0.0
Russell Shepard,WR,TB,2.507521912235005,4500.0,0.99918678423885976,0.00038468431958907015,0.00029995456358217692,5.5512131416872738e-05,3.6628688670099316e-05,2.0064349943633434e-05,1.6371707938236376e-05,0.0
Eddie Royal,WR,CHI,2.5074577165248475,5200.0,0.99907799529570462,0.00062565249970817141,0.00014839561063277083,7.0663955262305141e-05,4.3242616175040696e-05,2.4791928568772716e-05,9.258093948424178e-06,0.0
Malcolm Mitchell,WR,NE,2.5055264898658871,4500.0,0.99955226419849208,0.00016076297547200596,0.00011725733600644374,7.1435349122633536e-05,4.260499089381565e-05,2.4396106890966396e-05,3.1279043122218744e-05,0.0
Chester Rogers,WR,IND,2.5047939805923018,4500.0,0.99942379350292487,0.00037220463923401116,0.00011623739969917784,3.8364317420612798e-05,2.4411307539016999e-05,1.4032612183461307e-05,1.0956220998909192e-05,0.0
Rod Streater,WR,SF,2.5046497498427573,4500.0,0.9994382819341544,0.00041011664948336095,4.8862386619005535e-05,4.2212601432197408e-05,2.6516536537328087e-05,2.1106467433140664e-05,1.2903424341252498e-05,0.0
Aaron Burbridge,WR,SF,2.5041683940347257,4500.0,0.99947138574680838,0.000380839303356734,7.5205415218704711e-05,3.0293294764772753e-05,1.903862696583405e-05,1.0433468507922692e-05,1.2804144377527808e-05,0.0
Pharoh Cooper,WR,LARM,2.5034171348683314,4500.0,0.99962773776981573,0.00022830371501029269,5.5591799616778739e-05,4.4196904490216179e-05,2.2889089221943561e-05,1.2354735287406246e-05,8.9259865579676267e-06,0.0
Trevor Davis,WR,GB,2.5033405118498888,4700.0,0.99971941415215804,0.00011307909887298382,9.0570326668539748e-05,2.2443892004516232e-05,1.4071298907404565e-05,8.3148385987180553e-06,3.2106392789420381e-05,0.0
Ryan Grant,WR,WAS,2.5029965567029375,4500.0,0.99969208543370858,0.00019447271999391985,3.9243116732172536e-05,2.9747000272932083e-05,1.5609809199951399e-05,8.5335540616623146e-06,2.0308366031098039e-05,0.0
Jake Lampman,WR,NO,2.5017348320486943,4500.0,0.99978058138857984,0.00016212481748434737,2.6000460527127977e-05,1.2706770724695233e-05,7.8617088692584276e-06,4.2920174969076912e-06,6.4328363176636325e-06,0.0
Chris Harper,WR,SF,2.5016364034878418,4500.0,0.99985592073564211,7.2321390739893323e-05,2.9631020107329587e-05,1.3963544049748505e-05,8.8068104384657826e-06,4.8252339566261326e-06,1.4531265065778338e-05,0.0
Bryce Treggs,WR,PHI,2.5016042331735804,4500.0,0.99978537174457738,0.00016873105607685977,1.6689911359326719e-05,1.2662083119290456e-05,8.0451874092271633e-06,4.4542377005010094e-06,4.0457797574301695e-06,0.0
Keith Mumphery,WR,HOU,2.5014436100746571,4500.0,0.99987241362349399,5.7743047333233185e-05,3.4105952083421995e-05,1.2396424587203478e-05,7.8697980914971122e-06,4.3092709111535396e-06,1.1161883499662419e-05,0.0
Bradley Marquez,WR,LARM,2.5013241902908638,4500.0,0.99985973906546921,8.4644638878605738e-05,2.7805864178276497e-05,1.0554557533287476e-05,5.7608306915957297e-06,3.2287236965451755e-06,8.2663195521327832e-06,0.0
Jakeem Grant,WR,MIA,2.5012347129553327,4500.0,0.99991669868990718,2.6989857195864429e-05,1.4519636546276421e-05,1.3661790890619143e-05,1.0306306626661357e-05,4.7675405438071198e-06,1.3056178289338584e-05,0.0
Matthew Slater,WR,NE,2.5011460224821365,4500.0,0.999920065738929,2.797551980252193e-05,1.7466374832941719e-05,1.0456710771135614e-05,6.3379302312623354e-06,3.6405610636605123e-06,1.405716436954504e-05,0.0
Brittan Golden,WR,ARI,2.5010580254405124,4500.0,0.99987909768605543,7.7628558245472929e-05,1.9564819693201093e-05,1.1230394966243363e-05,6.015909002772919e-06,3.2766924505726606e-06,3.1859395858575385e-06,0.0
Chris Moore,WR,BAL,2.5009884673178822,4500.0,0.9999199836271434,2.5568729635219905e-05,2.7424866378226746e-05,1.0422704510196398e-05,6.58956122079621e-06,3.6131196406952136e-06,6.3973914719013422e-06,0.0
Mike Thomas,WR,LARM,2.5009878677060935,4500.0,0.99990084793838707,5.6496329936567788e-05,2.0727565399930674e-05,8.1247215379427722e-06,4.3604639564092788e-06,2.3822100279381316e-06,7.0607707543260905e-06,0.0
Harry Douglas,WR,TEN,2.5009413992964173,4500.0,0.99990919298241576,5.1379680212440495e-05,1.2833446349320539e-05,1.1705469991455434e-05,6.269760281137752e-06,3.3223063999977412e-06,5.2963543497762414e-06,0.0
Josh Bellamy,WR,CHI,2.5008857436257785,4500.0,0.99989395279866755,7.6178363658109907e-05,1.0621700061081279e-05,8.0873654851859787e-06,5.1305289603993348e-06,2.8315543401133263e-06,3.1976888273653352e-06,0.0
De'Anthony Thomas,WR,KC,2.5008364579415625,4500.0,0.99991751052750022,4.6530085521081892e-05,1.1116427368144029e-05,1.1086849317869716e-05,7.2453253896011914e-06,4.0222022173521871e-06,2.4885826856128109e-06,0.0
Marquess Wilson,WR,CHI,2.5008261555960618,4500.0,0.99992395217186469,3.9799240773761256e-05,1.2511861606509315e-05,9.6420662093011373e-06,6.060799283302858e-06,3.3208881622418477e-06,4.7129721004650605e-06,0.0
Rashad Greene,WR,JAC,2.5008035996866749,4500.0,0.99992425812444918,3.8999697885253544e-05,1.7029660231129793e-05,7.2104506554666847e-06,4.5838321074959994e-06,2.5161911832439205e-06,5.4020434884254861e-06,0.0
Dwayne Harris,WR,NYG,2.5007846780214154,4500.0,0.99994007761226023,2.2532447631148142e-05,1.5208708185494887e-05,7.7573663609923961e-06,3.9478284796688555e-06,2.1146091720005949e-06,8.361427910650107e-06,0.0
Deonte Thompson,WR,CHI,2.5006382738965001,4500.0,0.99994556667411671,2.6380909274044569e-05,9.2227945790545853e-06,7.0624308136404528e-06,4.464751128084919e-06,2.4559177719207911e-06,4.8465223161812796e-06,0.0
James Wright,WR,CIN,2.5006317764476744,4500.0,0.99994218352534636,2.9794873726880169e-05,1.0213993336087285e-05,7.0644859276317766e-06,4.4810684466092524e-06,2.4590988937483392e-06,3.8029543227282624e-06,0.0
Leonte Carroo,WR,MIA,2.500611519006295,4500.0,0.99995545561230326,1.5325626907676568e-05,8.2446724681964901e-06,7.7575627229478529e-06,5.8522210402998689e-06,2.7071483598959161e-06,4.6571561977671343e-06,0.0
Marc Mariani,WR,TEN,2.5005582595194875,4500.0,0.99995548483549312,1.947373237349388e-05,7.9888915487157387e-06,6.2326784860118438e-06,3.8514258602607416e-06,2.1321240166560983e-06,4.8363122221508788e-06,0.0
Alex Erickson,WR,CIN,2.5005562270843353,4500.0,0.9999520205458472,2.3396480004322952e-05,8.4222448163854563e-06,6.098486789159445e-06,3.805885072252425e-06,2.1205846574915097e-06,4.1357728132268225e-06,0.0
Percy Harvin,WR,BUF,2.5005003136380299,4900.0,0.99995762047536574,1.821080416762023e-05,9.9871881988644476e-06,5.3971866762503636e-06,3.4103726495605666e-06,1.9242184729898408e-06,3.4497544690198844e-06,0.0
Devin Hester,WR,BAL,2.5004720465741608,4500.0,0.99996499733208999,1.0688957128399993e-05,1.1129357675909361e-05,4.3233061438105594e-06,2.741927699169292e-06,1.5001747205512927e-06,4.6189445417349794e-06,0.0
Demarcus Robinson,WR,KC,2.5002891042071616,4500.0,0.99997333617639206,1.3586667486035945e-05,4.2271867381156928e-06,4.1314049274892832e-06,2.1935015963621575e-06,1.2008861958431286e-06,1.3241766649926841e-06,0.0
