name,pos,team,expectation,salary,prob_0_5,prob_5_10,prob_10_15,prob_15_20,prob_20_25,prob_25_30,prob_30+,label
Vernon Davis,TE,WAS,18.529214622170496,4500.0,0.03072544857557032,0.18812113339293299,0.1971852621907135,0.085260583786223365,0.22987259817645844,0.19956547174161599,0.069269502136485445,4.0
Martellus Bennett,TE,NE,15.903981733427411,5200.0,0.083979181015186893,0.24344187150636248,0.21390400783187585,0.11560585818539801,0.1696152106668958,0.095454745247489689,0.077999125546791157,1.0
Eric Ebron,TE,DET,15.878426896699677,5400.0,0.05141213073471957,0.1411385799148924,0.28727347851504453,0.18725266600634499,0.27568096530097663,0.051037455840087093,0.0062047236879349378,2.0
Jason Witten,TE,DAL,15.055863329146637,5500.0,0.051518338115679178,0.31998709366799355,0.15522807293497201,0.082457315147154805,0.33026132812477493,0.054165913140293925,0.0063819388691316306,4.0
Tyler Eifert,TE,CIN,13.972618879594743,6300.0,0.064489041938822489,0.41990121425928822,0.18551770066869286,0.06081886494261908,0.092867439288346315,0.13131766301564615,0.045088075886584852,1.0
Delanie Walker,TE,TEN,13.606544820572589,6400.0,0.061070396192094034,0.39367587094065976,0.19010719295189632,0.11053339211852524,0.12229067390212718,0.11229349667303502,0.010028977221662473,1.0
Jordan Reed,TE,WAS,11.956865794432414,6900.0,0.17616848158212547,0.32038072208861212,0.26346417967685487,0.056607416155986211,0.10178461970703565,0.042174283321964892,0.039420297467420817,1.0
Cameron Brate,TE,TB,11.749139457630291,5600.0,0.22009897278692073,0.30406426910837714,0.17084412938357318,0.10838079615866709,0.11829507845815938,0.068870826890713416,0.0094459272135890369,1.0
Zach Miller,TE,CHI,11.079034697568359,5500.0,0.21708170834862708,0.41185002421196398,0.14980613776528562,0.046183271254144384,0.085653370672823873,0.038722884692733626,0.050702603054421501,1.0
Jack Doyle,TE,IND,10.148091030238692,5000.0,0.28356143527523614,0.2473237820821074,0.27148972964582557,0.067978904596749712,0.11631220561447168,0.011027466453745024,0.0023064763318644452,0.0
Zach Ertz,TE,PHI,9.8207112866384296,4700.0,0.24751906131688114,0.36845323096404092,0.18150063466011182,0.12223318433895637,0.049204825964406104,0.02194000516166426,0.0091490575939394674,1.0
Travis Kelce,TE,KC,9.2620540380306835,6100.0,0.27719259279941999,0.37318850418320881,0.20048960644446809,0.069684650170676168,0.035761929588370149,0.038530825081056909,0.0051518917327997233,1.0
Mychal Rivera,TE,OAK,9.0601457219808008,4500.0,0.46103030958650387,0.19665821645893516,0.13783713453675309,0.07893566831541167,0.07620289350391346,0.015069649658872556,0.0342661279396103,0.0
Clive Walford,TE,OAK,8.7924018315392907,4500.0,0.47919947003250207,0.1887112738464144,0.13428813807942913,0.07926125881523105,0.074815714470938932,0.013373839291674563,0.030350305463809828,0.0
Jimmy Graham,TE,SEA,8.6836930841744771,6500.0,0.33201190031216599,0.32534876988975553,0.20594133775405626,0.079331910786388765,0.035174881521162431,0.015620590195900088,0.0065706095405709125,0.0
Darren Waller,TE,BAL,8.1992379496740195,4500.0,0.44455914223691445,0.30372828605863006,0.084638804894178868,0.060749047222001515,0.072523970975178015,0.016804131642688395,0.016996616970408846,0.0
Richard Rodgers,TE,GB,8.0746114039448553,4600.0,0.52518711007693242,0.15356618191196936,0.13286133663018065,0.084285316617130304,0.084315808624651822,0.015388905758491375,0.0043953403806439558,0.0
Vance McDonald,TE,SF,7.9712377499090898,4700.0,0.41023276038976136,0.35046248893971488,0.097247148859586879,0.067491875452978578,0.035617610461483394,0.032545372139350243,0.0064027437571244463,0.0
C.J. Fiedorowicz,TE,HOU,7.8098975274744395,5100.0,0.45045587948874555,0.26940116160364364,0.18092192853816891,0.039030154641070701,0.023133258942116593,0.013175681324951746,0.023881935461302944,0.0
Jermaine Gresham,TE,ARI,7.3341416822073082,4500.0,0.46838412448951405,0.31830577760009626,0.12168867777443912,0.037744188003776831,0.017847652866091437,0.0091134916084959269,0.026916087657586376,0.0
Kyle Rudolph,TE,MIN,7.2836358668989396,4900.0,0.50753985854599182,0.18200588264376921,0.22953705756803741,0.03823506877149864,0.021051115924015776,0.01590940130938805,0.005721615237299151,0.0
Ryan Griffin,TE,HOU,7.2322861377041754,4500.0,0.52582590722382438,0.22073925351964113,0.15948839285230801,0.037701275693719241,0.022360100984647142,0.010703997280838474,0.023181072445021454,0.0
Coby Fleener,TE,NO,7.2090804494641869,5700.0,0.5412025004977149,0.21066836664609587,0.12432659021908304,0.038890942410859233,0.067278813110767374,0.011937768745125739,0.0056950183703537655,0.0
John Phillips,TE,NO,7.068875168170039,4500.0,0.58884646636015059,0.17413032115688681,0.13136835677661513,0.028705406486179204,0.038636848193908377,0.0085250133206468733,0.029787587705613131,0.0
Erik Swoope,TE,IND,6.9586201556711291,4500.0,0.54112356875978229,0.18700365893432652,0.17965380419957186,0.036555540053721247,0.047120354106025386,0.0055101689581553868,0.0030329049884174467,0.0
Jared Cook,TE,GB,6.6833813203641137,4500.0,0.62750683147106734,0.15570088007465011,0.083757147803224435,0.057396502618393928,0.053896308077128523,0.010425864321969376,0.011316465633566296,0.0
Josh Hill,TE,NO,6.3231652434348344,4500.0,0.65016826260889793,0.14568215055601114,0.095072122048311239,0.036155356179138856,0.05629317642771197,0.0086134529223126886,0.0080154792576161964,0.0
Luke Willson,TE,SEA,6.2733468023305141,4500.0,0.64714883799800771,0.16992817187371903,0.076902948346003391,0.040673474820420108,0.040592408477596299,0.0095711977459441381,0.01518296073830934,0.0
Dominique Jones,TE,MIA,6.0678321495717364,4800.0,0.64225517273460198,0.17614939216068326,0.080674888307277967,0.062026491695696913,0.021166226008050411,0.006605338059443638,0.011122491034245773,0.0
Stephen Anderson,TE,HOU,6.0669387891471898,4500.0,0.6260950694815588,0.18610308271215398,0.12218006493271791,0.028306285284584905,0.014345837063007912,0.0057869681818564465,0.017182692344119937,0.0
Charles Clay,TE,BUF,6.0211684730374175,4800.0,0.63905203005107991,0.12234400527540054,0.16993167282400926,0.046748137940046737,0.015111921296652807,0.0019635115373047283,0.004848721075506067,0.0
Nick O'Leary,TE,BUF,6.0019026630450361,4500.0,0.64419015551551118,0.12402422455978888,0.16136513503403382,0.046516167365505207,0.015043921537852176,0.0024604827895197802,0.0063999131977888549,0.0
Ladarius Green,TE,PIT,5.7597765787517234,4500.0,0.68593203419879156,0.18037787957603124,0.044237047702616418,0.038026177982036453,0.017971892945455599,0.013546702884532844,0.019908264710536066,0.0
Ben Koyack,TE,JAC,5.7017007295114537,4500.0,0.66149216475232164,0.18611746087955972,0.073969657680885176,0.043605757574114001,0.015288722225065398,0.0084062211559962109,0.01112001573205787,0.0
Clay Harbor,TE,DET,5.5782585154006536,4500.0,0.71178691662277882,0.095700889268103662,0.1095052059032222,0.049979766156620975,0.023656735398904862,0.0030226675248679123,0.0063478191255016232,0.0
Tyler Kroft,TE,CIN,5.4004915619751124,4500.0,0.70436043031981399,0.16526386597843049,0.066358325624186892,0.024646717908050179,0.015811690299071264,0.0054682826067489988,0.01809068726369812,0.0
Ben Braunecker,TE,CHI,5.3579522119539291,4500.0,0.6969822530015547,0.19029600306674746,0.052575537294598414,0.018702565794257341,0.017601824726213289,0.0035622908739130752,0.020279525242715552,0.0
Will Tye,TE,NYG,5.3336247742923586,4500.0,0.67732190045616425,0.23316511853736965,0.025221628397447002,0.028607118395171979,0.00698897826276539,0.011453234928267012,0.017242021022814694,0.0
Garrett Celek,TE,SF,5.2517525791303861,4500.0,0.68272480348967024,0.19770700851594988,0.054485615254295454,0.035343209211026454,0.016346777374478139,0.0098641802228155179,0.003528405931764149,0.0
Lance Kendricks,TE,LARM,5.2455858756773228,4900.0,0.6049987403325926,0.3208077951203,0.025727908360503524,0.028442898418525531,0.012337594099426252,0.005185614803575129,0.0024994488650769389,0.0
Logan Paulsen,TE,CHI,5.2425846949034405,4500.0,0.70778764119417104,0.18408816213152396,0.050881949744563872,0.018091294529002509,0.016491371249904335,0.0032411791380081451,0.019418402012826262,0.0
Phillip Supernaw,TE,TEN,4.9694704075123042,4500.0,0.74105301378950394,0.14594719734489275,0.050960490588437664,0.028951218359062673,0.01777807439579538,0.0076367237164505974,0.0076732818058569841,0.0
Luke Stocker,TE,TB,4.8100425136772538,4500.0,0.77583954958878287,0.10766327820294766,0.052519167615525844,0.028612561985879918,0.021525775479850243,0.0083944899341178176,0.0054451771928956281,0.0
Ed Dickson,TE,CAR,4.7885921150384636,4500.0,0.72682404465470207,0.16220924982432589,0.072163976611232181,0.022283295133489874,0.0071735796422392733,0.0034073572530630659,0.0059384968809477563,0.0
Anthony Fasano,TE,TEN,4.6682902404681865,4500.0,0.76428539173825127,0.13479549305936819,0.048528949945472306,0.027940198953821296,0.013552071603192781,0.0047070291201492869,0.0061908655797450699,0.0
Derek Carrier,TE,WAS,4.4890244082172455,4500.0,0.80552692419103511,0.10748527503060742,0.038090451643941071,0.021139708567023834,0.0080385862674462183,0.0064057469303649504,0.013313307369581332,0.0
Ross Travis,TE,KC,4.4867130493029546,4500.0,0.79887802234506278,0.12679383171651218,0.028068338521038051,0.016275622382199352,0.0080644251455963718,0.0061006039395496052,0.015819155950041682,0.0
Gary Barnidge,TE,CLE,4.4166930885812627,4700.0,0.77252097705707323,0.12809284669630172,0.057622324780767453,0.03288203067374379,0.0059187189959966253,0.0010533388143755898,0.0019097629817415368,0.0
Alan Cross,TE,TB,4.3607328088389083,4500.0,0.81524891663832766,0.11318248617907113,0.026043842021986386,0.017218858009826261,0.0077846006914039463,0.0062046748242383515,0.014316621635146364,0.0
Gavin Escobar,TE,DAL,4.3604304371959426,4500.0,0.79373353869868324,0.12360369320451675,0.041670931491619101,0.012362241859203196,0.021738903100373973,0.0024608682827306013,0.0044298233628730747,0.0
Brandon Myers,TE,TB,4.3493099479314887,4500.0,0.81669501671925326,0.089416345572532419,0.043955268458432686,0.023713855100301863,0.016265705789518709,0.0055793571345520319,0.0043744512254091624,0.0
Marcedes Lewis,TE,JAC,4.3284990964983461,4500.0,0.79969035111371167,0.11069911297472977,0.046070134080380007,0.027199432923730685,0.0082914828310903695,0.0028169676184650995,0.0052325184578923883,0.0
Dion Sims,TE,MIA,4.2553650165189643,4500.0,0.81547406333407235,0.11366069548235198,0.028554935538935587,0.021964866191311733,0.0055716716189909048,0.0026055594863472931,0.012168208347989921,0.0
Trey Burton,TE,PHI,4.2528359956695425,4500.0,0.78996868261987185,0.12535863430119426,0.049340934488112144,0.024281288793913881,0.0062069880022961122,0.0017517927996080886,0.0030916789950036008,0.0
Neal Sterling,TE,JAC,4.1370141380212591,4500.0,0.82589553280565686,0.11721196065270779,0.01732998815447236,0.016629163588987167,0.0071125501786774804,0.0037613539105403574,0.012059450708957873,0.0
Jesse James,TE,PIT,4.1245652869413414,4800.0,0.82110655735039262,0.11512018876902622,0.020751565142469588,0.025540968594039672,0.0050396675179717708,0.0062391197262357681,0.0062019328998642901,0.0
Julius Thomas,TE,JAC,4.0218268059402353,5900.0,0.80886132127865795,0.12238875589497421,0.040618189598311025,0.019117113930946502,0.0052218088329318828,0.0014344126968498037,0.0023583977673284503,0.0
Greg Olsen,TE,CAR,4.0100638061526084,7100.0,0.78900023423069787,0.14190308160262824,0.053794320603791398,0.011254728230393952,0.0026564966253532743,0.00060768957910951567,0.00078344912802587232,0.0
Darren Fells,TE,ARI,3.9816566612353355,4500.0,0.83818016398228401,0.11290852114177612,0.014841383537300173,0.014771771831544038,0.0047054031269943624,0.0028332002950517635,0.011759556085049574,0.0
Jerell Adams,TE,NYG,3.8713028812103301,4500.0,0.83279902981496667,0.1267517000665912,0.012829728200737122,0.013066236953689379,0.0027318372599337533,0.0034107868022228678,0.0084106809018589402,0.0
Brandon Williams,TE,SEA,3.757993757327827,4500.0,0.86540151100198359,0.068868553998534018,0.040796836559752345,0.013624649922037071,0.0042676912426177433,0.0017154084513628523,0.005325348823712342,0.0
Rhett Ellison,TE,MIN,3.7552181462050243,4500.0,0.86152739109277454,0.056926763416320504,0.063611319531789667,0.010592134737060072,0.0040751094966449929,0.0016132977678808176,0.0016539839575293585,0.0
Dwayne Allen,TE,IND,3.744641940831098,5300.0,0.84224176517510063,0.10721662296950342,0.024865085326423422,0.013963030166884671,0.0094333858947172299,0.0016411717157080708,0.00063893875166247914,0.0
Demetrius Harris,TE,KC,3.7128330851016527,4500.0,0.85337874537715175,0.086101345719516331,0.041003745774574822,0.011988205686165199,0.003242683141169306,0.0015545685538362435,0.0027307057475862598,0.0
Seth DeValve,TE,CLE,3.5891375712995561,4500.0,0.86172225772306899,0.087238390211346939,0.030415821899993062,0.016609116054571011,0.0022568177992128781,0.00034767675915403043,0.0014099195526528561,0.0
Tyler Higbee,TE,LARM,3.4604130031042279,4500.0,0.8511516616480489,0.1270445775654791,0.0096172555872715351,0.0073330556970658111,0.0024095459018766475,0.0011461414797043106,0.0012977621205535433,0.0
James O'Shaughnessy,TE,KC,3.4297938876996712,4500.0,0.8853223377526408,0.068829028239156112,0.031571154449734254,0.0091327933958263822,0.0021924675795481291,0.0009134872629828441,0.0020387313201113613,0.0
Dennis Pitta,TE,BAL,3.4185923248080199,4800.0,0.86680510249247311,0.1086917908662715,0.0094578994418301511,0.0097284685151747107,0.0022210148766574176,0.0013871963932244175,0.0017085274143686571,0.0
Marqueis Gray,TE,MIA,3.3372652439336097,4500.0,0.89983407551286898,0.062006249094724651,0.017617146990955464,0.015752311006336877,0.0028212312686657377,0.00075184147033331001,0.0012171446561148292,0.0
David Johnson,TE,PIT,3.2156289812664842,4500.0,0.92101844350516704,0.049931856018104875,0.010545098162789803,0.011409571234898271,0.0022163874411715101,0.0018011354706091924,0.0030775081672593124,0.0
Brent Celek,TE,PHI,3.1778097606164706,4500.0,0.91098943790850162,0.060485263814402272,0.018077699502071866,0.0071874047545046928,0.0013069825335327179,0.00037648650554025954,0.0015767249814464456,0.0
Blake Bell,TE,SF,3.171871354085118,4500.0,0.90938688790890365,0.066434984401574013,0.013503066665377698,0.0062514592906178692,0.0019345198668683362,0.0011588909252757322,0.001330190941382854,0.0
Cory Harkey,TE,LARM,3.1588097456006952,4500.0,0.89390868260898682,0.093292412451593587,0.0057892000677181067,0.0042709810724096148,0.0011591021290207864,0.00055050403797796534,0.0010291176322934326,0.0
Randall Telfer,TE,CLE,3.0838355527527184,4500.0,0.92701810416575114,0.044334664551712019,0.017449105948858155,0.0092241878291696826,0.0011125132237509877,0.00012509340421721702,0.0007363308765409532,0.0
