name,pos,team,expectation,salary,prob_0_5,prob_5_10,prob_10_15,prob_15_20,prob_20_25,prob_25_30,prob_30+,label
Robert Woods,WR,BUF,24.195823654875078,5400.0,0.018440904272365957,0.058274749699518638,0.027566174282889457,0.1711932162441514,0.066840480139967517,0.55342201761986842,0.10426245774123863,5.0
Jamison Crowder,WR,WAS,23.439489427422011,6300.0,0.021224058320633548,0.048216830146050181,0.057371494066381812,0.067458158038536553,0.21589832074005666,0.58328806089631013,0.0065430777920309994,5.0
Golden Tate,WR,DET,23.271456850557165,6600.0,0.0073241365736704499,0.065607374777349917,0.079145006593515768,0.15251998986181112,0.10377553933065066,0.52523322558033181,0.066394727282670152,5.0
DeSean Jackson,WR,WAS,22.524248047035908,6000.0,0.076667915069093082,0.04428086538905382,0.056396364820484442,0.093234650205272288,0.10742732969861446,0.60306062756449863,0.018932247252983283,5.0
Pierre Garcon,WR,WAS,22.413857310967504,5700.0,0.050292275146404039,0.076262839385941888,0.062154484864164507,0.073234826541721851,0.14958664921446579,0.57393295660750698,0.014535968239794837,5.0
Amari Cooper,WR,OAK,21.956892257084711,7700.0,0.021338113843913365,0.084552805619020857,0.12949004327538441,0.11397687206932117,0.1425340428138665,0.44461601578432414,0.06349210659416972,5.0
Kelvin Benjamin,WR,CAR,21.159169868188286,7100.0,0.10008091918779914,0.12644372565011774,0.021085823233890418,0.12276678914633306,0.023788235726844201,0.55877266978947826,0.047061837265537171,5.0
A.J. Green,WR,CIN,20.725440596615162,8200.0,0.0098756850145637429,0.06134694642359817,0.18991531485393803,0.11421770498625138,0.26535344851150922,0.35703147811942665,0.0022594220907128093,5.0
Eddie Royal,WR,CHI,20.593316575064922,5200.0,0.15699365959237097,0.09459024580991067,0.03733021399756057,0.067986233409431149,0.030396907327966394,0.57246766496009871,0.040235074902661483,5.0
Maurice Harris,WR,WAS,20.587382418624006,0,0.078024238867801049,0.11366730004717876,0.11565618077679279,0.1255041056088686,0.21879877112505353,0.16232113495717757,0.18602826861712765,4.0
Julian Edelman,WR,NE,20.099181035912984,6100.0,0.05662143428053406,0.084471320719168602,0.09611125739663462,0.097344869199052553,0.40747424779014851,0.23709259072106231,0.020884279893399301,4.0
John Brown,WR,ARI,19.912158889199894,5900.0,0.16914484259208443,0.096559415426513417,0.019966472344243581,0.11290103244587445,0.013902653696544864,0.57819372474308683,0.00933185875165248,5.0
Phillip Dorsett,WR,IND,19.734529242017004,4700.0,0.19128000117506874,0.11764977956932343,0.028269075929147739,0.10757455829492779,0.047531974905128622,0.36009908223409348,0.14759552789231026,5.0
Kendall Wright,WR,TEN,18.59991271189304,4700.0,0.069638977808860886,0.17738899809799238,0.17873600070565451,0.08707266373740663,0.18015619549458084,0.19484519822134494,0.11216196593415986,5.0
Eli Rogers,WR,PIT,17.690936290950823,5500.0,0.13710759862817973,0.21489311571521727,0.10624168496659915,0.15650352102161688,0.046146397251621257,0.16499021015904233,0.17411747225772339,1.0
Cole Beasley,WR,DAL,17.204769577792039,6400.0,0.27851589755366291,0.16686577169184785,0.024145887155223953,0.090755734632986224,0.045993981409565433,0.1930963260664984,0.20062640149021535,0.0
Russell Shepard,WR,TB,16.852344847553553,4500.0,0.17690490021049554,0.13546900318967553,0.086855320685795601,0.17145485077731562,0.1566664078847573,0.23464181403951587,0.038007703212444358,5.0
Marquise Goodwin,WR,BUF,16.0781709837546,5300.0,0.12277731850187845,0.1261063470064864,0.22111275288049986,0.096329447877624902,0.37701905382259104,0.012013489573853762,0.04464159033706553,4.0
Michael Crabtree,WR,OAK,16.045964768459193,6600.0,0.16750102917503862,0.13162876165011198,0.15482558453051962,0.16974762312668509,0.21730310787223256,0.096001724388984466,0.062992169256427546,4.0
Larry Fitzgerald,WR,ARI,15.74466756021633,7000.0,0.079464517595973769,0.17166630560599719,0.2730925972910474,0.18454608397999397,0.083418732485133568,0.20467175319826289,0.0031400098435912147,2.0
Anquan Boldin,WR,DET,15.742300084788301,5200.0,0.22656322833192161,0.1763240803043383,0.10653423909190134,0.15595506771641818,0.10287223783307735,0.084446099804851474,0.14730504691749197,0.0
Marqise Lee,WR,JAC,15.713776488290154,4800.0,0.0925168791125692,0.20193019119996594,0.20851020517321786,0.20733681679792235,0.14011131263148055,0.087343915239698464,0.062250679845145776,2.0
Davante Adams,WR,GB,15.450073773724505,7600.0,0.049798786880565118,0.2427536486545499,0.20759166011901428,0.16542714348591528,0.27665749740946272,0.030897897780984312,0.026873365669508403,4.0
Michael Thomas,WR,NO,15.153589167634498,6500.0,0.083617472908206633,0.25611317315031046,0.21290126501125248,0.13569816908815871,0.19149511838990041,0.070272706606070712,0.049902094846100455,1.0
Seth Roberts,WR,OAK,15.018573734102258,5000.0,0.25178124460114443,0.14446045395956422,0.1239514656405952,0.14659111697525604,0.13056023269566178,0.11194905330618486,0.090706432821593477,0.0
Danny Amendola,WR,NE,14.91273381155667,4500.0,0.29649860043896364,0.11611229571419789,0.092559863014422719,0.076394075556282678,0.24086079696963189,0.11036271198089523,0.067211656325606051,0.0
Brandon Tate,WR,BUF,14.642968616072277,4500.0,0.22764502853130075,0.11945276778463526,0.15040523905764394,0.13691539674195688,0.27262516587118429,0.064755326321591394,0.028201075691687311,4.0
Rishard Matthews,WR,TEN,14.556768323093266,6000.0,0.14581063938521757,0.25351866311550336,0.1909758720997583,0.098152128255430238,0.19068702676277707,0.044588727994868724,0.0762669423864447,1.0
Allen Hurns,WR,JAC,14.109002166997158,5400.0,0.20134277116929361,0.21009656178956332,0.1904157803910676,0.11647415942134706,0.13829394014809843,0.069116696035198155,0.074260091045431909,1.0
Tyler Boyd,WR,CIN,14.020615590226511,4500.0,0.22978098306424341,0.15784924053679195,0.20672924605606752,0.12173700005961971,0.11791038320485779,0.12199506907442828,0.043998078003991338,0.0
Brandin Cooks,WR,NO,13.903587289595928,7400.0,0.090304695651977282,0.35980625589388038,0.19166264376517006,0.1177038428860072,0.10833063292499778,0.07206378904655622,0.06012813983141093,1.0
Terrance Williams,WR,DAL,13.664048995777481,5300.0,0.46951814348543597,0.11805767387341755,0.01770729672562758,0.063748316517659206,0.032754831918674863,0.12087735934103673,0.17733637813814815,0.0
Malcolm Mitchell,WR,NE,13.648992038059065,4500.0,0.30439499498885048,0.12854937551528497,0.18723255557762861,0.061036834088082394,0.19818894860250497,0.021976512475141589,0.098620778752507007,0.0
Jordy Nelson,WR,GB,13.57052576311327,7800.0,0.13114711094639686,0.29412513901020459,0.24918911116497638,0.099997169549113252,0.12007990793445508,0.029472998779475183,0.075988562615378577,1.0
Keith Mumphery,WR,HOU,13.557548206227167,4500.0,0.36116385886154911,0.13030986288195817,0.078036663756224298,0.090490672432394864,0.13657419079809485,0.14326880859473237,0.060155942675046328,0.0
Randall Cobb,WR,GB,13.505442468327413,6500.0,0.19789087783752904,0.16365411956121298,0.34628556732738774,0.046462467254362108,0.1550453010990005,0.0026708011285957681,0.087990865791911843,2.0
DeAndre Hopkins,WR,HOU,13.393249319809174,7100.0,0.22270752578741229,0.17566155681528767,0.2029897225922484,0.12741253331704219,0.15849712457977891,0.10131481747445995,0.011416719433770518,0.0
Tajae Sharpe,WR,TEN,13.315182105250674,5100.0,0.25419026201571288,0.21024023673633316,0.1478599328355216,0.10075304103483788,0.18674765055267337,0.029020737356290342,0.071188139468630771,0.0
Allen Robinson,WR,JAC,13.301999973885732,7300.0,0.15323683168473459,0.27290957050099179,0.24214985053819685,0.12546302979670312,0.096298601390735802,0.04867768421962456,0.061264431869013147,1.0
Chester Rogers,WR,IND,13.187472031577492,4500.0,0.25089731559096923,0.16589171676545222,0.28725161616286671,0.063753601602459214,0.10744090921737422,0.023264299165514125,0.10150054149536428,2.0
Percy Harvin,WR,BUF,13.050049709938358,4900.0,0.30774504262730734,0.14101568511033763,0.20145157352531248,0.10523720063083078,0.10860389612344014,0.045125992965039774,0.090820609017731882,0.0
Mike Wallace,WR,BAL,12.827271905711184,6800.0,0.10410182930969557,0.15376989784580153,0.54607844601944833,0.075379183061089775,0.06617853896369652,0.017015196654840237,0.037476908145428062,2.0
Quinton Patton,WR,SF,12.771002793429348,4600.0,0.1127100818272115,0.23361625747342893,0.42984012303247421,0.065547536576130105,0.097388061166339676,0.014084939169971991,0.046813000754443612,2.0
T.Y. Hilton,WR,IND,12.63034606609674,7900.0,0.25701751899365471,0.17002394490529518,0.23305697171389048,0.12575613691075824,0.13541024392002107,0.027171169761705111,0.051564013794674991,0.0
Jarvis Landry,WR,MIA,12.616607086207461,6900.0,0.2293034897577865,0.19100072046262107,0.27634045186588113,0.048810757459911432,0.20676188586487546,0.0029516917467573602,0.044831002842167067,2.0
Marvin Jones,WR,DET,12.575753780937637,6500.0,0.34386727788729665,0.16357091232080642,0.10448176256964764,0.13959803083449179,0.13137228579800564,0.041920110534306457,0.075189620055445466,0.0
Tyreek Hill,WR,KC,12.335603296167401,5400.0,0.21875547473818627,0.30938020154018203,0.13762659975909153,0.069153444444049833,0.19426842868831637,0.041566546870954638,0.029249303959219469,1.0
Antonio Brown,WR,PIT,12.265720796564231,8900.0,0.078863726968888367,0.23122938189733924,0.52124005789510042,0.057016393130552727,0.084695797775596535,0.003735256020090459,0.02321938631243228,2.0
James Wright,WR,CIN,12.076071030737886,4500.0,0.3569761415183545,0.12322798309752105,0.16578004701626117,0.15296929824336059,0.082686142700312382,0.065712569847356087,0.052647817576834205,0.0
Devin Funchess,WR,CAR,11.787556262872432,5200.0,0.39655065007737617,0.19540829626075965,0.05309485783933638,0.12464936657374434,0.040265362583821941,0.14286722849581063,0.047164238169150746,0.0
Michael Floyd,WR,ARI,11.667680097808544,4900.0,0.2662929889242876,0.18804186178391297,0.21651078589050848,0.19223844459501213,0.059268846064379932,0.070682736578746921,0.0069643361631520611,0.0
Matthew Slater,WR,NE,11.611134865371888,4500.0,0.47258561776017322,0.096148599251900821,0.081277041921703791,0.061582763143791082,0.17903231158960298,0.032188051316065315,0.077185615016762632,0.0
Doug Baldwin,WR,SEA,11.584585658235325,6700.0,0.24906533854294541,0.2673782812343421,0.22067388984781952,0.078661286308613063,0.11961658305083973,0.017459438008317296,0.047145183007122927,1.0
Andre Roberts,WR,DET,11.527658777127229,4500.0,0.42039701004922708,0.17351599704115828,0.085213237624062868,0.11159219832020104,0.062652542789039117,0.051257383417748721,0.09537163075856285,0.0
Willie Snead,WR,NO,11.481605678125092,6700.0,0.28708120707281326,0.26647012877573945,0.16338622910270711,0.086186202588033362,0.11999945362820305,0.023451290696214076,0.053425488136289626,0.0
DeVante Parker,WR,MIA,11.344954100658349,5800.0,0.315802540375753,0.20260688346394093,0.20738857958686133,0.047514800934326223,0.18345790852012892,0.0038397504419473371,0.039389536677042335,0.0
Victor Cruz,WR,NYG,11.252598177707252,4900.0,0.39830134606803269,0.10757027115406499,0.24766327279312872,0.090171427497758846,0.042533628701200074,0.021644218736495947,0.092115835049318681,0.0
Kenny Britt,WR,LARM,11.183972351675028,6800.0,0.093105351863698144,0.29670052248352879,0.51374865825265159,0.024782623233192129,0.046054125642009697,0.0082829408889462993,0.017325777635973358,2.0
Kenny Stills,WR,MIA,10.942386624622136,5900.0,0.36174729763569141,0.17701657558192352,0.17556964815996787,0.05254040924766902,0.20339682230827541,0.0027514465904088215,0.026977800476063851,0.0
Jermaine Kearse,WR,SEA,10.923567652408661,4600.0,0.34058510019235277,0.22508400585320754,0.17644598298079578,0.063706020615910144,0.11964911724949767,0.031613664921549448,0.042916108186686827,0.0
Marquess Wilson,WR,CHI,10.715874454862677,4500.0,0.43302034447252785,0.15616231398025868,0.13890027788244963,0.082652548478604662,0.080513761769459583,0.045120378996548784,0.063630374420150931,0.0
J.J. Nelson,WR,ARI,10.690997977808887,5800.0,0.31458646437152671,0.19222134532931892,0.23529172321820438,0.12962619256954228,0.061718781752950348,0.061979735902900727,0.0045757568555566475,0.0
Brian Quick,WR,LARM,10.45530731003463,4500.0,0.23109061402646283,0.23882712389900504,0.40260420424534765,0.034794100523093043,0.05772123111704499,0.010332677766024163,0.024630048423022435,2.0
Jordan Matthews,WR,PHI,10.405046980753784,5800.0,0.20710859863515407,0.39743109672619803,0.20580681137999432,0.075530853932976955,0.063540650820949035,0.025048942465924214,0.025533046038803357,1.0
Jeremy Kerley,WR,SF,10.205379083751609,5300.0,0.29551743142372355,0.21793734511593243,0.33053295432691743,0.035675129264831955,0.089078456310435775,0.0029653954558111575,0.028293288102347713,2.0
Cameron Meredith,WR,CHI,10.06511345800349,5600.0,0.46013362672024805,0.18830254615535016,0.093663299685560711,0.064226510257544167,0.042208610857684833,0.13909704615508287,0.012368360168529307,0.0
Andre Holmes,WR,OAK,10.003567097250512,4500.0,0.53555589103048906,0.11737724277258735,0.081986671136551226,0.096218516598698733,0.054396401803416899,0.020601747256013266,0.093863529402243462,0.0
Brandon LaFell,WR,CIN,9.8170019633463674,5300.0,0.42802722934740017,0.13862697072984989,0.18072943797042587,0.10676051830950159,0.11031924691951708,0.019487916872990913,0.016048679850314499,0.0
Harry Douglas,WR,TEN,9.7727676133958958,4500.0,0.51940767324224713,0.15767141465006851,0.12750627531401643,0.043092195545112212,0.02956705887612638,0.0023901667730361334,0.12036521559939312,0.0
Stefon Diggs,WR,MIN,9.246258697782773,6800.0,0.22057389267118158,0.38065119790675461,0.31005518517212577,0.022424185410257647,0.059570957323984063,0.00051732938212419738,0.0062072521335720197,1.0
Braxton Miller,WR,HOU,9.1471728933657737,4500.0,0.48498737200138708,0.15780971014451814,0.13151568338307368,0.083013955774030312,0.09186084227758208,0.025448380930725111,0.025364055488683718,0.0
Chris Harper,WR,SF,9.0661450888692485,4500.0,0.44549098780861157,0.20996832504235971,0.16736851129137911,0.055236226097987909,0.068850405638195833,0.011761778325029549,0.041323765796436443,0.0
Sterling Shepard,WR,NYG,9.0346281138242421,5900.0,0.44752558572193579,0.14951255848487222,0.26372523830985173,0.058299604655056583,0.025144450132850375,0.005443789571076392,0.050348773124356871,0.0
Ryan Grant,WR,WAS,8.8270398605524107,4500.0,0.61000821992624588,0.093817755075909448,0.055823660384608328,0.055275877642899998,0.087175082155046352,0.060620797721942891,0.037278607093347099,0.0
Lucky Whitehead,WR,DAL,8.6984715677474647,4500.0,0.68053825046343341,0.09378874635817272,0.015203257286305177,0.040801405535497381,0.02478661389575711,0.031855227710821853,0.11302649875001229,0.0
Chris Conley,WR,KC,8.6244965596162366,4800.0,0.50821920499543172,0.20498505171477902,0.10054761546735382,0.044093574041383615,0.087930221462016428,0.011760492514790295,0.042463839804245042,0.0
Jake Lampman,WR,NO,8.5076702106585849,4500.0,0.63090223046730998,0.14276756061051146,0.053972755297432354,0.025489510334154062,0.031491892415593102,0.001039640283991591,0.11433641059100741,0.0
Terrelle Pryor,WR,CLE,8.4370282566091337,7200.0,0.36865342839026599,0.32767195799506454,0.17280732972171631,0.05340666695527841,0.057362571890720249,0.0041256982337273497,0.015972346813227175,0.0
Justin Hunter,WR,BUF,8.3995096826496436,5000.0,0.55090026451065477,0.14931430731102099,0.084453389171210827,0.071560224135984729,0.11218953332963207,0.0046951899131490735,0.026887091628347414,0.0
Brice Butler,WR,DAL,8.2034136798871771,4700.0,0.71517020110867502,0.080572006404261445,0.010114621047630197,0.034835471569814598,0.018782835718363942,0.03544525805876203,0.10507960609249288,0.0
Tyler Lockett,WR,SEA,8.2013744732869966,5000.0,0.4991006681473712,0.22030914707944541,0.12675338814989059,0.042298583856389529,0.068485725572983366,0.0094805662289380952,0.033571920964981551,0.0
Jeff Janis,WR,GB,8.1216009167747334,4600.0,0.61403533865679161,0.12188891860787317,0.09617632152495649,0.044900224467716333,0.046511921547326883,0.0052246844433173067,0.071262590752018073,0.0
Tanner McEvoy,WR,SEA,8.0979954519879449,5000.0,0.60918775238240641,0.13503303909272285,0.080001470876845032,0.04734979870488671,0.056457572402386975,0.0074159724586134535,0.064554394082138575,0.0
Mike Evans,WR,TB,7.9455674939763146,8000.0,0.38933485656755579,0.25051533140670773,0.30217414187298625,0.016097052697548776,0.034462967191766475,6.3246619637839706e-05,0.007352403643797108,0.0
Alex Erickson,WR,CIN,7.9379048188418464,4500.0,0.58578486534562224,0.11224295641557207,0.13271872208390159,0.065268458929755205,0.057842725531704262,0.011466987825652005,0.03467528386779252,0.0
Marc Mariani,WR,TEN,7.9148366304936788,4500.0,0.65901310764466281,0.102191746446472,0.068622106947109088,0.030198777382492901,0.06083345583427812,0.0032093513792991915,0.075931454365685908,0.0
Rashad Greene,WR,JAC,7.8585844683952013,4500.0,0.50997645388713475,0.1265930743153266,0.26378550347660057,0.024304670779002977,0.057162661567151593,0.0014443200207971975,0.016733315953986312,0.0
Ted Ginn Jr.,WR,CAR,7.7740217915933663,5100.0,0.67009722789108894,0.1095387125435322,0.026600028860107469,0.078154562059093241,0.022995515777068227,0.024247236586560951,0.068366716282549048,0.0
Leonte Carroo,WR,MIA,7.7569467367560421,4500.0,0.62983996828751942,0.10605971810044677,0.10304789380506763,0.027357341573917518,0.083764488321982966,0.0016299805273224369,0.048300609383743053,0.0
Kamar Aiken,WR,BAL,7.7257913720285085,4900.0,0.56502729009061958,0.11372083848526142,0.20938513048433083,0.035054837533267956,0.033278180149159564,0.0057195062783382735,0.037814216979022319,0.0
Jakeem Grant,WR,MIA,7.6711062730618522,4500.0,0.63582529336378146,0.10450694605482352,0.10128357266901987,0.02690670891614548,0.08231179006705254,0.0015980678911936724,0.04756762103798344,0.0
Breshad Perriman,WR,BAL,7.6597644015400119,5100.0,0.54010435151180747,0.14405957748657028,0.21826568769612792,0.032006386970371288,0.025570467744296846,0.0045980268663296034,0.03539550172449648,0.0
Donte Moncrief,WR,IND,7.6337132208159666,6500.0,0.57994667467886774,0.21338328712634919,0.059088442317690761,0.049207283285870845,0.034022394677768172,0.0045442817364470343,0.059807636177006442,0.0
Rod Streater,WR,SF,7.4078972142503821,4500.0,0.54935335075155955,0.15547008717762037,0.19837719782810001,0.021982047117147616,0.048312799049053681,0.0014144966858493451,0.025090021390669463,0.0
Tavon Austin,WR,LARM,7.3689553095611977,5100.0,0.49364769629189231,0.17796251360863555,0.2730881541524095,0.012238252729707683,0.02612713611124454,0.0011044458833558153,0.015831801222754585,0.0
Aaron Burbridge,WR,SF,7.3078218978148168,4500.0,0.56721957489746833,0.13919656387853499,0.19607130585630361,0.021061176573307805,0.05128275039086496,0.0011236079562953094,0.024045020447224858,0.0
Corey Brown,WR,CAR,7.081464102965275,4900.0,0.68936889819591796,0.11318824256018613,0.033339819579048725,0.067807722906574178,0.020679765128181839,0.027478917302180956,0.048136634327910266,0.0
Trevor Davis,WR,GB,6.9872095706005606,4700.0,0.70332394164246792,0.094999209204049626,0.070069856289573157,0.028916451899581939,0.03578996063947823,0.0016399853541748575,0.065260594970674352,0.0
Steve Smith,WR,BAL,6.9370812568124203,5500.0,0.57025561032850069,0.20417211477829997,0.12875893405221245,0.036505500098584713,0.029390364661963844,0.0015435233244664858,0.029373952755971898,0.0
Paul Richardson,WR,SEA,6.7299621963468548,4500.0,0.62061398993607209,0.17462013607467744,0.094545954921426742,0.029285118566854756,0.049223992067706689,0.0057274569571703245,0.025983351476091907,0.0
Albert Wilson,WR,KC,6.5763477285191891,4800.0,0.66152675037318276,0.16088131199955505,0.065978932638749446,0.03006143319019302,0.037356787282575493,0.0029647864176233314,0.041229998098120918,0.0
Brittan Golden,WR,ARI,6.5345381939584728,4500.0,0.59047253022264878,0.20809757105805571,0.10330232186615804,0.047128822475843664,0.026211880207808222,0.010095497572731709,0.014691376596753875,0.0
Demarcus Robinson,WR,KC,6.4597206438785584,4500.0,0.69738166817283609,0.13280872764196816,0.069840699781453991,0.017804401207340188,0.026726609090817584,0.00080796673383540598,0.054629927371748821,0.0
Brandon Coleman,WR,NO,6.3664262665732654,4600.0,0.67440742948055921,0.16091582396999096,0.058911670271758358,0.029742749911628629,0.031226610262123356,0.0071738377718940372,0.037621878332045534,0.0
Laquon Treadwell,WR,MIN,6.3588104084504469,4500.0,0.72567368715049518,0.12195297826617946,0.033672932157208117,0.036768213037826084,0.021146389680969997,0.0050231045503015843,0.055762695157019621,0.0
Adam Humphries,WR,TB,6.3568423461540933,5300.0,0.60507481860646939,0.18096749411748975,0.14477929180206561,0.016293705166026195,0.036225258444067369,0.00081737658692067816,0.015842055276960962,0.0
Andrew Hawkins,WR,CLE,6.2623842132694216,4500.0,0.63515104458552074,0.1804770383055993,0.086675474534570099,0.041681528259181783,0.034781915353257246,0.0023585894423942622,0.018874409519476758,0.0
Cobi Hamilton,WR,PIT,6.2180119286701796,4500.0,0.5876374606569299,0.18126812645641802,0.18409873909557703,0.018237191175660465,0.01883592048616901,0.00027675215019386457,0.0096458099790518378,0.0
Will Fuller,WR,HOU,6.1223695472585389,6100.0,0.6502654555931815,0.10838627979311974,0.16713277087087738,0.036037246580767845,0.029071900911995682,0.0011790040658861691,0.0079273421841716957,0.0
Sammie Coates,WR,PIT,6.0403505389153924,5000.0,0.70654936136514379,0.10176279876791203,0.11652996457567621,0.019455335969153099,0.018201091846816595,0.0011216026802339822,0.036379844795064377,0.0
Cordarrelle Patterson,WR,MIN,6.0277242331281284,5300.0,0.62171109932285729,0.18201641565689766,0.13381843598948764,0.017298071964157766,0.03558785585456916,0.00036457879946285367,0.009203542412567477,0.0
De'Anthony Thomas,WR,KC,5.9192002781181676,4500.0,0.74018098929969689,0.11073330161265017,0.049982694909901294,0.022223437806659772,0.036360556289189473,0.0015632032786145205,0.038955816803287843,0.0
Dwayne Harris,WR,NYG,5.8384773649361961,4500.0,0.74207382232410057,0.077631288643902813,0.10148068672990666,0.027070421329035046,0.011152161399794297,0.0017084172859675663,0.038883202287292778,0.0
Geronimo Allison,WR,GB,5.8231359838315528,5200.0,0.75073419156939858,0.10542638195375816,0.057438284033703289,0.014963228036442145,0.025584004126758954,0.0006345804605464078,0.045219329819392563,0.0
Roger Lewis,WR,NYG,5.7952716213531668,4500.0,0.72610817212298606,0.094410554483171955,0.10383325400748455,0.030569261173116088,0.0092555488273102001,0.0030690520430997374,0.032754157342831443,0.0
Dez Bryant,WR,DAL,5.6895783804231668,7400.0,0.6511698711488888,0.24822605235076883,0.030240142639209277,0.019017505629849472,0.023273311717213287,0.0022744550962752663,0.025798661417795115,0.0
Ricardo Louis,WR,CLE,5.6683759785547174,4500.0,0.68977073716948623,0.15828305917195204,0.072731827932896828,0.032378862444780152,0.027480437403114726,0.0019585663194052316,0.017396509558364939,0.0
Josh Bellamy,WR,CHI,5.563916673985962,4500.0,0.76045543340251631,0.087353847784161553,0.053138291251112885,0.036013124781380954,0.02769664879243031,0.019600210618431188,0.015742443369966906,0.0
Mike Thomas,WR,LARM,5.4137544326998688,4500.0,0.70511729142217716,0.1168261459952086,0.14071961229144375,0.0072399768142684534,0.012759930465462529,0.00064327727808935779,0.016693765733350067,0.0
Freddie Martino,WR,TB,5.3570700277799137,4500.0,0.74237235713970684,0.12731328915678122,0.066097133012086667,0.017257355160903768,0.017226452001713695,0.001359074034526189,0.028374339494281694,0.0
Bradley Marquez,WR,LARM,5.3186003353261766,4500.0,0.71104479451794134,0.11856674998758103,0.13472741018547388,0.0071576845535756065,0.011977383570848359,0.00073529529145487603,0.015790681893124929,0.0
Nelson Agholor,WR,PHI,5.2902353827659647,5200.0,0.6955528769468623,0.17536675737268773,0.074346745974182837,0.021184930432532178,0.018171844423715076,0.0014698888569636824,0.013906955993056027,0.0
Deonte Thompson,WR,CHI,5.1312299449357139,4500.0,0.79398742047267923,0.077987926573547486,0.046435070875267201,0.029252212951062433,0.020545266071467169,0.014132301559894202,0.017659801496082133,0.0
Adam Thielen,WR,MIN,5.0902634418524784,5900.0,0.69835741473755442,0.15990063048063755,0.10592403359290151,0.010840351236174555,0.019301714797490929,0.0002113204689996578,0.0054645346862414439,0.0
Dorial Green-Beckham,WR,PHI,4.9381963218720948,4800.0,0.73229694979519488,0.15832846560629305,0.060022115856741394,0.017117427141530337,0.019719349640182855,0.0015434071140365928,0.010972284846021172,0.0
Bryce Treggs,WR,PHI,4.9223853894098566,4500.0,0.75249344051424572,0.14269285100964579,0.057599218025542603,0.014537362648642051,0.011212266015116648,0.00093130853293230077,0.020533553253874792,0.0
Chris Moore,WR,BAL,4.8606493969250621,4500.0,0.80044202635508443,0.084829695869734781,0.05521210855020104,0.018016644185642104,0.01825578445424688,0.00085427850808507877,0.022389462077005581,0.0
Arrelious Benn,WR,JAC,4.8377227841620511,4500.0,0.78696766033856125,0.11802021308489556,0.025497982853942256,0.034824533700557686,0.010801990399955309,0.0029484748036243827,0.020939144818463672,0.0
Corey Coleman,WR,CLE,4.6843011071535772,5400.0,0.79528616464951962,0.11427284882119521,0.044888649853875792,0.010205126650706053,0.010929290059628073,0.0001592980412335444,0.024258621923841622,0.0
Devin Hester,WR,BAL,4.512017095023948,4500.0,0.80547482167435169,0.06165853490148588,0.10363036698353874,0.0062410892662190954,0.013845049349045695,6.3473948964477603e-05,0.0090866638763944085,0.0
Pharoh Cooper,WR,LARM,4.4755237363081823,4500.0,0.7776636651120078,0.14032819525379742,0.049016722998471825,0.0093514798567816051,0.0096672010532626793,0.00053527999294011744,0.013437455732738392,0.0
Cecil Shorts,WR,TB,4.4290623058148624,4500.0,0.80239144720446731,0.097862502654172817,0.065382407627463765,0.0088980448387331341,0.013865314823822285,0.00024805939422034513,0.011352223457120308,0.0
Rashard Higgins,WR,CLE,4.0972350817106129,4500.0,0.83426862893519638,0.091550177789480838,0.036822525951060191,0.015932121003547864,0.012904221534773554,0.00037104907188913319,0.0081512757140519854,0.0
Odell Beckham Jr.,WR,NYG,3.9713056904844173,9000.0,0.85794596940832479,0.049997392471077734,0.074197889646766629,0.0037220053788559939,0.002864973316002755,1.629775441586144e-05,0.01125547202455603,0.0
Charles Johnson,WR,MIN,3.7377580104838488,4600.0,0.86464349671033802,0.07178142341341591,0.04461032903350947,0.0047598869130300757,0.0079881856587932145,6.0861012576008938e-05,0.0061558172583372006,0.0
