name,pos,team,expectation,salary,prob_0_5,prob_5_10,prob_10_15,prob_15_20,prob_20_25,prob_25_30,prob_30+,label
Rob Kelley,RB,WAS,18.636617086293207,5400.0,0.038531336423130301,0.14783148556455797,0.17706217957073211,0.20318045214655212,0.24266851599227041,0.063044696549359902,0.12768133375339716,4.0
C.J. Prosise,RB,SEA,17.199288301300172,4900.0,0.058506018874357149,0.20141463855936595,0.22131554876918544,0.11878540905569862,0.19106306899477585,0.12183075422460778,0.087084561522009177,2.0
DeMarco Murray,RB,TEN,17.166983802725319,8500.0,0.038527935282702798,0.15301011339544029,0.22549682170302521,0.21373718556514468,0.2290057116591703,0.092857273435267118,0.047364958959249567,4.0
Ezekiel Elliott,RB,DAL,16.946150020685618,8700.0,0.017925027303163681,0.13972414412198031,0.26158801023185252,0.238797579809014,0.24533002743835594,0.066341254500430019,0.030293956595203522,2.0
Derrick Henry,RB,TEN,16.197999154191137,4900.0,0.14271249743146783,0.17974142504910737,0.17625130401208003,0.13087870049346789,0.18233114474243137,0.091437944299709348,0.096646983971736045,4.0
Jordan Howard,RB,CHI,16.166363543950549,6800.0,0.026717787120138298,0.20239528442311722,0.32801738051885404,0.18756652075256258,0.1068534696282052,0.053461934375014043,0.094987623182108613,2.0
Darren Sproles,RB,PHI,16.053812615097907,5300.0,0.13651875166938277,0.16932779087549396,0.20900345672330015,0.18990505194709989,0.090484281570589978,0.092779200212025667,0.11198146700210761,2.0
Mike Gillislee,RB,BUF,16.026610377600342,5600.0,0.18227278777079883,0.11674977994429891,0.2039234474539445,0.13964632549297887,0.15879022394771161,0.1095918677590937,0.089025567631173669,2.0
Latavius Murray,RB,OAK,15.485676462801148,6400.0,0.096790294135281549,0.10398697978404588,0.34416141635315989,0.20145616693283369,0.12804459055872233,0.085243314998161832,0.040317237237794588,2.0
Tim Hightower,RB,NO,15.244068804904927,6000.0,0.09233877923604808,0.24043643712072937,0.16220251354183707,0.18059281470977159,0.23372153053234709,0.054862520711569468,0.035845404147697185,1.0
Jeremy Hill,RB,CIN,14.533543923756456,5900.0,0.14878648996767288,0.27266323606620624,0.2151553827988453,0.10442771543485754,0.099927659937309968,0.028677237089747624,0.13036227870536052,1.0
Duke Johnson,RB,CLE,14.498294604016589,5000.0,0.30518589558085563,0.16578418822975374,0.14960865733091636,0.056182931718045837,0.080516673707704337,0.089099212923953466,0.15362244050877069,0.0
LeGarrette Blount,RB,NE,14.406061144735364,7300.0,0.15361747484545601,0.27997309192149172,0.14939829819929776,0.11469001727916205,0.18519921763263977,0.02914448835583543,0.087977411766117369,1.0
Dion Lewis,RB,NE,14.278109319527539,4900.0,0.35199813168758903,0.11003618229375736,0.089106854579643471,0.083394324866839481,0.13506545186115393,0.14711111014285244,0.083287944568164157,0.0
Mark Ingram,RB,NO,13.756277027405002,6100.0,0.1433681240108694,0.2372492763591435,0.20520644983734654,0.17201013299860762,0.17554490899714667,0.031769337478003513,0.034851770318882584,1.0
Chris Thompson,RB,WAS,13.655298095368883,5100.0,0.296480355140467,0.18540820607007152,0.12482823231428151,0.11204848755794004,0.12281247842359812,0.040763327467827931,0.11765891302581381,0.0
Theo Riddick,RB,DET,13.596367164780631,6700.0,0.18485748895859597,0.15646719123064953,0.32470219978453208,0.12699749477107247,0.083392510635466835,0.06963395315107529,0.053949161468607919,2.0
Jay Ajayi,RB,MIA,12.980965667298364,7600.0,0.36824747164878818,0.21533342732914657,0.056802359800843485,0.059716195445623232,0.08716517697072422,0.095556136615073367,0.11717923218980086,0.0
LeSean McCoy,RB,BUF,12.958386285433619,7500.0,0.43849568696351915,0.086821454887377858,0.074650975982216664,0.05787180601725652,0.10819259860939257,0.18108037751064593,0.052887100029591252,0.0
Jalen Richard,RB,OAK,12.876179497663392,5000.0,0.28142742343167559,0.1160821570658183,0.24701513210539466,0.14659993870299379,0.094238310464226968,0.064513552136071572,0.050123486093819086,0.0
Giovani Bernard,RB,CIN,12.675119269536836,6000.0,0.27333861420931949,0.25841396674300798,0.16965817965005503,0.076485739090005944,0.077937016132669554,0.027329267382379924,0.11683721679256208,0.0
Ryan Mathews,RB,PHI,12.620969934284956,5500.0,0.28754560959146852,0.1982808121992303,0.19779642239809034,0.12167978616362542,0.05632511220797172,0.03962610054578064,0.098746156893832954,0.0
Corey Grant,RB,JAC,12.381318859116385,4500.0,0.39206406342548683,0.15898689513440217,0.11642095236985693,0.071333067588783355,0.077647231747403345,0.088809194052160104,0.094738595681907248,0.0
Akeem Hunt,RB,HOU,12.28286164395376,4500.0,0.37077261154274321,0.1888057195935367,0.11614276082385808,0.079203249839316411,0.075100128433986668,0.071580079458019696,0.098395450308539231,0.0
Lamar Miller,RB,HOU,12.055255732996111,7100.0,0.24969885638439043,0.24911103126050343,0.23002255620133019,0.1044635970321615,0.057023508018972775,0.035008501602324764,0.074671949500316775,0.0
Chris Ivory,RB,JAC,11.971598838607726,5400.0,0.25331073766162215,0.226796647624812,0.23809362096925307,0.11634980030261177,0.069433463383836214,0.039699747774049596,0.056315982283815229,0.0
DuJuan Harris,RB,SF,11.934393291586241,5300.0,0.36880141632501029,0.22487880275522223,0.058078584042443218,0.081398487977990625,0.11574616572183075,0.095643313331949809,0.055453229845553134,0.0
Frank Gore,RB,IND,11.776476642264631,6300.0,0.32687960356168849,0.1682005052662052,0.18298286396214272,0.10075214793207053,0.13149217513840492,0.0600657506627129,0.029626953476775332,0.0
James White,RB,NE,11.745248860811547,5900.0,0.35770242115406181,0.22656780682506808,0.09593191887409612,0.078556018807231856,0.13219617186123647,0.028420948257719448,0.080624714220586174,0.0
Troymaine Pope,RB,SEA,11.725166014009693,4500.0,0.44064081755152007,0.14828964553432747,0.10782400824942491,0.067403837390557358,0.058790857287016739,0.071406547644982929,0.10564428634217043,0.0
Keith Smith,RB,DAL,11.676671004677988,4500.0,0.41867640588927413,0.13256373632292837,0.12740349160522307,0.10228075750788031,0.078093960737586759,0.058423563775308433,0.082558084161798925,0.0
Marcus Murphy,RB,NO,11.636127191552532,4500.0,0.44256713883090154,0.13658044615904377,0.10518682373715958,0.073780768639583869,0.073473033656131032,0.086426482811868738,0.081985306165311397,0.0
Rashad Jennings,RB,NYG,11.545328565725718,5600.0,0.30792772150994197,0.27878881810434308,0.13300079337382828,0.077512198683062972,0.063256784734204555,0.085418246705258383,0.054095436889360804,0.0
T.J. Yeldon,RB,JAC,11.492293003952604,5400.0,0.29732838885548341,0.23203462756359744,0.18683934423501322,0.10228369092540517,0.082966113553270993,0.057687445912931026,0.040860388954298804,0.0
Jerome Felton,RB,BUF,11.257150928603098,4500.0,0.47604350825606578,0.10735266190198618,0.11351302446310574,0.067396438056609373,0.083921681015941219,0.071564682888045322,0.080208003418246535,0.0
Isaiah Crowell,RB,CLE,11.156094237044138,6200.0,0.45674619408709904,0.17322505511632907,0.092194781959033884,0.047032352758904189,0.07251459033019346,0.057611239058611992,0.10067578668982836,0.0
Jonathan Williams,RB,BUF,11.057513998373885,4500.0,0.48501376382624434,0.10930849497555986,0.10991084350134366,0.070469955933105149,0.081628196448726056,0.059597920296882996,0.084070825018137771,0.0
Thomas Rawls,RB,SEA,10.831062682276773,5100.0,0.48784765144774667,0.14214693976671089,0.099794423688078102,0.059120130734384047,0.051589627032698905,0.06400008577929274,0.095501141551088659,0.0
DeAndre Washington,RB,OAK,10.765076105423274,4800.0,0.40194862015013327,0.11405465244964295,0.21794874195937974,0.11318834078778521,0.068084977718012696,0.039918122397969637,0.044856544537076562,0.0
James Starks,RB,GB,10.713320010409054,5500.0,0.47944167886641043,0.17677069467063092,0.064571738627245717,0.056799607140184255,0.070884507786583159,0.068095697545562828,0.083436075363382906,0.0
Jonathan Stewart,RB,CAR,10.48996297615091,7000.0,0.26787178562663655,0.34925686790083604,0.160678978609815,0.085077655307299924,0.075826629155679295,0.019689503022111469,0.041598580377621777,1.0
Jamize Olawale,RB,OAK,10.441872939465828,4500.0,0.44876270654110945,0.10732485498719839,0.18927213621503652,0.081853847365230506,0.067304643991242807,0.065270952290636369,0.040210858609546041,0.0
Reggie Bush,RB,BUF,10.33571168724975,5200.0,0.52144628311010355,0.10287555000314155,0.098289319163941166,0.061885891389648506,0.082614548747390909,0.074801579564744189,0.058086828021030136,0.0
James Develin,RB,NE,10.076749340638763,4500.0,0.47669792951043982,0.19384101455921804,0.071055178037748551,0.060437159225598072,0.1014678544598554,0.02336001024639239,0.073140853960747626,0.0
Brandon Bolden,RB,NE,10.076749340638763,4500.0,0.47669792951043982,0.19384101455921804,0.071055178037748551,0.060437159225598072,0.1014678544598554,0.02336001024639239,0.073140853960747626,0.0
Spencer Ware,RB,KC,9.8803704790377616,7700.0,0.38454822497189095,0.28651963849914475,0.13843669950479121,0.056568801520534943,0.040368777695594618,0.017751021864960918,0.075806835943082657,0.0
Damien Williams,RB,MIA,9.4198866237616095,4700.0,0.60525509670909872,0.1291531975393643,0.030354533403928817,0.036792171993074975,0.046394085729359859,0.060112495703460576,0.091938418921712742,0.0
Mike James,RB,TB,9.3722386361300245,4600.0,0.51387734866227797,0.21903011034522019,0.06180810170264836,0.037272343208362195,0.047585210512267308,0.03542080959908344,0.085006075970140732,0.0
Kenneth Dixon,RB,BAL,9.3641144790590847,4800.0,0.49226697448978735,0.21340640103341948,0.086300937016045368,0.050280152942308809,0.043822642476712796,0.0532101375057938,0.060712754535932327,0.0
Charcandrick West,RB,KC,9.2923625924829523,5400.0,0.44961614577870179,0.2649916142796741,0.081810381642187652,0.056492817819292634,0.055274180738103265,0.038341082534009197,0.05347377720803137,0.0
Paul Perkins,RB,NYG,9.2365276691155422,4500.0,0.46512404752013692,0.23506496103949776,0.099219503770527503,0.05814839501184834,0.040142518120437745,0.057444951179217808,0.044855623358333936,0.0
Alfred Morris,RB,DAL,9.116132980045732,4600.0,0.50538710051153968,0.15512656500860894,0.11255359815715189,0.092699743495865947,0.06802697495550479,0.025035607858012912,0.041170410013315735,0.0
David Johnson,RB,ARI,9.1133797230196958,8300.0,0.36223767559719999,0.31716095802606453,0.17877104433882879,0.05595305343524281,0.022998795228623241,0.013727680167512957,0.049150793206527821,0.0
Rex Burkhead,RB,CIN,9.0724789452687009,4500.0,0.53710061625463235,0.18408420968634881,0.090726165429483224,0.04076776941319904,0.041883008560384592,0.017483062157599184,0.087955168498352845,0.0
Ryan Hewitt,RB,CIN,9.0724789452687009,4500.0,0.53710061625463235,0.18408420968634881,0.090726165429483224,0.04076776941319904,0.041883008560384592,0.017483062157599184,0.087955168498352845,0.0
Robert Turbin,RB,IND,9.0119197778410971,4500.0,0.53355201535366059,0.14229732842123452,0.099358691851851533,0.060165832652830126,0.086314073318588341,0.048941951600992913,0.029370106800842063,0.0
Doug Martin,RB,TB,8.7529595237481121,6500.0,0.51293283684364976,0.26120773361509741,0.057998415104422427,0.028717164747118312,0.031905188382799252,0.024957470227870496,0.082281191079042401,0.0
Le'Veon Bell,RB,PIT,8.7341078547990545,9100.0,0.59452903535187485,0.14622801830967125,0.031014790507515731,0.036555483224418858,0.067263081449221288,0.099211430904980344,0.025198160252317678,0.0
Dwayne Washington,RB,DET,8.7280106116795668,4500.0,0.5927866459868405,0.12085469074903954,0.090532881846661736,0.047058787765493527,0.038209540097620988,0.04597086926443187,0.064586584289911764,0.0
Wendell Smallwood,RB,PHI,8.4088485644233906,4500.0,0.57687734632477283,0.13772682660723726,0.11029744219981644,0.063147245105725155,0.025465093380586955,0.020008938962543413,0.066477107419318116,0.0
Jeremy Langford,RB,CHI,8.2824432785461148,4800.0,0.54694325474218619,0.18923157932503043,0.10813758114873236,0.051932321594486901,0.024295246478651458,0.012324096821514209,0.06713591988939846,0.0
Roosevelt Nix,RB,PIT,8.2545686803802631,4500.0,0.61927303461074723,0.1426035556886236,0.039012840821491833,0.041348151473484203,0.053016517046890657,0.057782917463682963,0.046962982895079268,0.0
Benny Cunningham,RB,LARM,8.007870190330765,4500.0,0.58230867421257626,0.20023601925524737,0.059214387299250749,0.036150512193859903,0.028803504781913829,0.031414117445545689,0.061872784811606268,0.0
Ka'Deem Carey,RB,CHI,7.9464143976974544,4500.0,0.57785732686933433,0.17764315197666669,0.095484329657477843,0.049857142132195956,0.022544927584334677,0.011376906703997514,0.065236215075992948,0.0
Peyton Barber,RB,TB,7.8355374461127321,5100.0,0.52114378859313826,0.25580791281528148,0.089056234240425358,0.03067664102084235,0.041814639451934109,0.01723764543553934,0.044263138442839078,0.0
Taiwan Jones,RB,OAK,7.2481561244345665,4500.0,0.65315586617538357,0.087568961047061078,0.11242081881673627,0.054782235657404921,0.03609134322560973,0.02357766111600141,0.03240311396180294,0.0
Jay Prosch,RB,HOU,7.1447174228396433,4500.0,0.65433057812621231,0.13018146583404602,0.081469800761898747,0.040166677633098176,0.023729767514192517,0.023591867729712571,0.046529842400839606,0.0
Tyler Ervin,RB,HOU,7.1447174228396433,4500.0,0.65433057812621231,0.13018146583404602,0.081469800761898747,0.040166677633098176,0.023729767514192517,0.023591867729712571,0.046529842400839606,0.0
Paul Lasike,RB,CHI,7.0359053182618725,4500.0,0.66220739349069768,0.15946829067854901,0.049723711901128502,0.029273919388382523,0.02078464100417883,0.022145504000804173,0.056396539536259199,0.0
Ty Montgomery,RB,GB,6.9844633208949558,5200.0,0.70881541656135794,0.09600683816819798,0.030881507143632688,0.029447997269394583,0.058203980795016631,0.053483195780215653,0.02316106428218451,0.0
Andre Ellington,RB,ARI,6.8128638105532744,4500.0,0.65182700760679035,0.15269504408873089,0.080644485110858449,0.038169001742849012,0.017285929357344923,0.014014955643327781,0.045363576450098662,0.0
Jordan Todman,RB,IND,6.566685191092823,4500.0,0.68901811716613259,0.11363277784611618,0.066881392311981883,0.03688538566372896,0.048023958569112596,0.021959940265455457,0.023598428177472302,0.0
Terrance West,RB,BAL,6.5628966364239183,6200.0,0.6410258135521234,0.20034477875083612,0.051820846283092477,0.025602207217391183,0.022929993791139587,0.025820055656120375,0.032456304749296762,0.0
Josh Ferguson,RB,IND,6.5079970036195904,4500.0,0.69406876175142818,0.11271019334174798,0.062336854337462569,0.037117960486926123,0.048599873689329061,0.02341279604402698,0.021753560349079257,0.0
Michael Burton,RB,DET,6.4796883333932982,4500.0,0.69457328693701859,0.10917258252275602,0.086410212518860247,0.037141457164956607,0.020977934496737256,0.01173391446766644,0.039990611892004937,0.0
Stepfan Taylor,RB,ARI,6.4544216283446421,4500.0,0.67977698100758166,0.14354637799236231,0.071894346542680648,0.035207198639383937,0.0149971778659535,0.011211679652671561,0.043366238299366332,0.0
Kerwynn Williams,RB,ARI,6.4544216283446421,4500.0,0.67977698100758166,0.14354637799236231,0.071894346542680648,0.035207198639383937,0.0149971778659535,0.011211679652671561,0.043366238299366332,0.0
Zach Zenner,RB,DET,6.4016183737083674,4500.0,0.69273289360560308,0.10868160366307665,0.0930534272166742,0.038135327970210936,0.020541235633270854,0.010397691480690674,0.036457820430473652,0.0
Kenyan Drake,RB,MIA,6.3281965975932106,4500.0,0.77150634412970842,0.088750185535875034,0.017677317581190715,0.017383512511750559,0.021260371681893885,0.025268180719813651,0.058154087839767728,0.0
Todd Gurley,RB,LARM,6.184857216208024,6700.0,0.67018249254645967,0.19545066376753159,0.042036546423209302,0.020579592492737286,0.017821443654336452,0.017411375146747694,0.03651788596897821,0.0
Antonio Andrews,RB,TEN,6.1177359579564392,4500.0,0.73887115150018456,0.099616746596660685,0.047103229796716634,0.033131180359169683,0.028383538760065951,0.01801047008892943,0.034883682898272927,0.0
Aaron Ripkowski,RB,GB,6.0014906221433728,4600.0,0.73590956699197363,0.10082833417225567,0.051346136611975436,0.033315215724752052,0.034955770243743418,0.01778903785080687,0.025855938404492886,0.0
Carlos Hyde,RB,SF,5.9736139364581282,6500.0,0.72598912960233497,0.15090297859933369,0.031481060500634539,0.018276389500014513,0.014096538231393816,0.01033867127698058,0.048915232289307872,0.0
Matt Asiata,RB,MIN,5.8445420850165135,5800.0,0.60856738062765048,0.26331162977565553,0.064544886701830742,0.025231700351848432,0.015924760841839795,0.0057432011043714679,0.01667644059680367,0.0
Ronnie Hillman,RB,MIN,5.7743341760672067,4600.0,0.65571823988299494,0.21057878441097597,0.060913451151923308,0.028868482404875905,0.016487976057534971,0.0056074216947767869,0.021825644396918014,0.0
George Atkinson,RB,CLE,5.6176855307783065,4500.0,0.8123017281624284,0.069727206169474545,0.031098675310326084,0.010249841660470813,0.010653049057235129,0.0070339463368269631,0.058935553303237971,0.0
Fozzy Whittaker,RB,CAR,5.6107977586707021,4500.0,0.70243871719390227,0.17047765441734594,0.048405165373019615,0.026197729666378334,0.021930065336479013,0.0066808172386549278,0.023869850774219943,0.0
Jalston Fowler,RB,TEN,5.4976871365295654,4500.0,0.78041705303034559,0.088321098052980329,0.037960252712972729,0.026305298449233277,0.022928103045493291,0.014517166207347275,0.029551028501627396,0.0
John Kuhn,RB,NO,5.3567788806422225,4500.0,0.74472324905951059,0.12641071970747145,0.043254916785885042,0.02893938743383629,0.033542914037101322,0.0085945866306538898,0.014534226345541459,0.0
Mike Tolbert,RB,CAR,5.1746931151388038,4500.0,0.74073228938251712,0.15283135171523995,0.040468582037681389,0.021640180922473464,0.017575680111261347,0.0052937392504549931,0.021458176580371878,0.0
Fitzgerald Toussaint,RB,PIT,5.092249917248556,4500.0,0.82228013243082054,0.072274000404876276,0.018779819980750116,0.018626566433868199,0.019561254843299118,0.027077895988649223,0.021400329917736546,0.0
Anthony Sherman,RB,KC,5.0260929654447501,4500.0,0.77995693438006541,0.12334232855227714,0.032548668186298098,0.015885459331650809,0.012987422247333484,0.0080945708570980927,0.027184616445276921,0.0
Knile Davis,RB,KC,4.9406750420749406,4700.0,0.77844561770337395,0.12683906891823674,0.034538407184869863,0.016125028060968043,0.012683866777354129,0.0071889999827282067,0.024179011372469205,0.0
Kyle Juszczyk,RB,BAL,4.8703312180991762,4500.0,0.79894046774549943,0.11017969971791873,0.029025840640274019,0.014281964685847174,0.010586738759113772,0.013174907604255277,0.023810380847091622,0.0
Orleans Darkwa,RB,NYG,4.8112434672625266,4500.0,0.79169455261306243,0.11693437218722331,0.03317239389432055,0.015456243032636789,0.0097818671456150839,0.01384691768676834,0.019113653440373614,0.0
Bobby Rainey,RB,NYG,4.8112434672625266,4500.0,0.79169455261306243,0.11693437218722331,0.03317239389432055,0.015456243032636789,0.0097818671456150839,0.01384691768676834,0.019113653440373614,0.0
Denard Robinson,RB,JAC,4.7071266336084712,4500.0,0.80071732853854194,0.099463265294985365,0.045007717858443402,0.018420565357287855,0.011611833180399231,0.0072185243939089944,0.017560765376433321,0.0
Shaun Draughn,RB,SF,4.6946733796044215,4600.0,0.82178544173857493,0.097828831197032604,0.019613416098969952,0.013097592227670946,0.013763965264517321,0.0085930151941282663,0.025317738279105901,0.0
Lance Dunbar,RB,DAL,4.6883333909642273,4500.0,0.84091576650545108,0.07250264739531688,0.01711449925161693,0.012252128811672888,0.018695941099017916,0.020652485751201863,0.017866531185722317,0.0
Javorius Allen,RB,BAL,4.5504423850962672,4500.0,0.82269691037926174,0.099913311344595482,0.024898056993750091,0.012004305654272429,0.0089294586331430739,0.010985613517055794,0.020572343477921425,0.0
Will Tukuafu,RB,SEA,4.4358068001664295,4500.0,0.82831573389473001,0.096282509028740443,0.028965436798274048,0.01100090814030086,0.0097413989569949972,0.0040209523447480161,0.021673060836211483,0.0
Malcolm Brown,RB,LARM,4.3688113969424691,4500.0,0.84231375440629053,0.092578231065989308,0.019854489060771609,0.0086087037410064356,0.0056215449586051233,0.0056590132294446769,0.025364263537892031,0.0
Chase Reynolds,RB,LARM,4.3493882206965457,4500.0,0.84406019310684244,0.091531679561953017,0.019621439114766215,0.0085017882899576774,0.0055476128911589786,0.0055900638775165934,0.025147223157804904,0.0
Kenjon Barner,RB,PHI,4.2866092674835095,4700.0,0.86061033938571718,0.063689852053400053,0.027936054086867997,0.014619554897410066,0.0056271408514878473,0.0049788110279167666,0.022538247697200076,0.0
Jerick McKinnon,RB,MIN,3.893697675195114,5400.0,0.84541258207297476,0.11097293959374162,0.016251994568363948,0.0067709457591437682,0.0054407913547052378,0.0035288330797722312,0.011621913571298445,0.0
Zach Line,RB,MIN,3.8573707303189795,4500.0,0.83872068266624211,0.11573740345516315,0.021874005592198344,0.0081098017577284614,0.0044784704856707571,0.0015147933807429235,0.0095648426622543126,0.0
