name,pos,team,expectation,salary,prob_0_5,prob_5_10,prob_10_15,prob_15_20,prob_20_25,prob_25_30,prob_30+,label
Le'Veon Bell,RB,PIT,16.478256693987223,9100.0,0.070166455081136864,0.19437468905624955,0.18753226822423122,0.20315464721665871,0.18198854748284385,0.1128653815942279,0.049918011344652534,3.0
Ezekiel Elliott,RB,DAL,16.447489109130924,8700.0,0.041421638023597003,0.17056013142845775,0.26516914307966383,0.23223532295917226,0.15318585272537213,0.076087601423266815,0.061340310360470704,2.0
DeMarco Murray,RB,TEN,15.734964168467855,8500.0,0.073579094042321047,0.20567316470946773,0.22780787921510168,0.20967243711909606,0.13514144963486935,0.097798692438204049,0.050327282840940617,2.0
Jay Ajayi,RB,MIA,13.560255301882348,7600.0,0.11481672974268889,0.25302813861957757,0.23696535608631708,0.23001705451655383,0.085560126634156339,0.043120882737746863,0.036491711662959503,1.0
Mark Ingram,RB,NO,11.743817470395951,6100.0,0.20722691946398253,0.26093801253044385,0.23682706952638688,0.15907733534392524,0.083128939990290085,0.025858415959519904,0.026943307185451803,1.0
Tim Hightower,RB,NO,11.542756110179543,6000.0,0.19760674133127068,0.27176910057387377,0.26774910856464995,0.1422782662244565,0.070099360757335805,0.02278772262311296,0.027709699925301031,1.0
David Johnson,RB,ARI,11.316970079948305,8300.0,0.21632846578192785,0.2767591226265616,0.25865652567704678,0.12383427551790799,0.062047243932219137,0.0372022281945232,0.025172138269813737,1.0
LeGarrette Blount,RB,NE,10.562957983121974,7300.0,0.21679702876771642,0.35651771227690165,0.19682557463944933,0.13910695372156556,0.036816781380625697,0.035165947671952809,0.018770001541789271,1.0
Spencer Ware,RB,KC,10.354658195508483,7700.0,0.2662317424910744,0.25220131680972668,0.28097168431413921,0.1181911314432352,0.039187928021336499,0.023628955156355907,0.019587241764132294,2.0
Todd Gurley,RB,LARM,10.298556508936249,6700.0,0.25490558993660362,0.30125743251521314,0.22171653666634075,0.13970716402901653,0.043810867179521318,0.020173218494841719,0.018429191178463349,1.0
Jonathan Stewart,RB,CAR,10.208077199424869,7000.0,0.25230981430183019,0.32837506971674907,0.20215004529031971,0.12072667977965014,0.060650953119040875,0.018974611918796621,0.016812825873613553,1.0
Rashad Jennings,RB,NYG,10.050218939752234,5600.0,0.28252545135849666,0.28655461831928947,0.23823041737496362,0.097112776295549194,0.057151786696852919,0.015119543666228308,0.023305406288619868,1.0
Lamar Miller,RB,HOU,10.009765832084611,7100.0,0.31081144858664167,0.25476191166431861,0.24026529758120779,0.099949743681667119,0.041121047742366301,0.028507561505979922,0.024582989237818705,0.0
Terrance West,RB,BAL,9.7826808250971187,6200.0,0.28023964501896242,0.32415209137157391,0.20887125168386492,0.10736443592682866,0.037411211029079655,0.019896969279782559,0.022064395689908086,1.0
Ryan Mathews,RB,PHI,9.7813559081705854,5500.0,0.31726786184937494,0.26620395591129969,0.21453282204884824,0.1198047830076462,0.047430406069041225,0.009383669275746246,0.02537650183804396,0.0
Doug Martin,RB,TB,9.5423978761556754,6500.0,0.32462524740948157,0.2757008117243695,0.2519919616654247,0.064608364775424587,0.03149146158296643,0.017520062638261599,0.034062090204072124,0.0
Jeremy Hill,RB,CIN,9.3442926602303817,5900.0,0.32953956781677368,0.28086444588285697,0.22170325147895587,0.097537570641128127,0.028388804681586444,0.022907789457311187,0.019058570041387963,0.0
Isaiah Crowell,RB,CLE,9.1909668143630245,6200.0,0.34656648991962341,0.29356310438650574,0.19781604793839586,0.077531719656296863,0.041556924923224374,0.019401221130788099,0.023564492045165964,0.0
Jordan Howard,RB,CHI,9.0917105695195737,6800.0,0.33501470771061831,0.29493285297614802,0.21674573891666329,0.084367964366544229,0.032691687612409724,0.019705783446225304,0.016541264971391086,0.0
Giovani Bernard,RB,CIN,8.9600990028752534,6000.0,0.41127194500346081,0.22365948675131769,0.21516812281390685,0.067623011474607198,0.029414051655583254,0.017408771871694342,0.035454610429429705,0.0
James White,RB,NE,8.7880027600038471,5900.0,0.51285882291938767,0.18295319638440194,0.12821447959877255,0.061360855487569511,0.036789875339172044,0.012581118773402051,0.065241651497294675,0.0
T.J. Yeldon,RB,JAC,8.560762478398491,5400.0,0.38356960848245714,0.30210272247793157,0.1592400880879592,0.081866247183118926,0.046271812977341342,0.0095255210504182879,0.017423999740774507,0.0
Ty Montgomery,RB,GB,8.274624686166268,5200.0,0.41730071664737411,0.28298849815273103,0.15191638805397659,0.076306694760676641,0.042764500724313884,0.012383490001833787,0.016339711659094536,0.0
LeSean McCoy,RB,BUF,8.2577601168559216,7500.0,0.46956774087257219,0.24792857298551679,0.11816013969610427,0.078156107974421407,0.041331465344294292,0.016036559755383598,0.028819413371707597,0.0
Peyton Barber,RB,TB,8.1253275906552727,5100.0,0.42998292534262122,0.27198993027844082,0.18091607593057804,0.049563193009876855,0.035147312945263437,0.0057593673501060878,0.026641195143114201,0.0
Darren Sproles,RB,PHI,8.1021408090499563,5300.0,0.40118731067665891,0.32067201455248551,0.150446274968144,0.058757357120222696,0.045084669396247341,0.0085250519900039456,0.015327321296237028,0.0
Chris Ivory,RB,JAC,8.0857518172800518,5400.0,0.44600195567749257,0.25563581619443737,0.16185185602203514,0.066138001178130679,0.043671027497269352,0.0058973404033963936,0.020804003027238629,0.0
C.J. Prosise,RB,SEA,8.0090431346228037,4900.0,0.45245513255384506,0.24402074230951681,0.15922161552887018,0.088881712095230617,0.032335553175356149,0.0044645224143296603,0.018620721922852086,0.0
Frank Gore,RB,IND,7.8455557703345624,6300.0,0.50836862226991519,0.23749080415618268,0.11634908393631209,0.05293301553817769,0.034236169780789881,0.017244347847089888,0.033377956471532834,0.0
Theo Riddick,RB,DET,7.7851941299114564,6700.0,0.51400625056245131,0.22000984676329965,0.13040112615493157,0.065442145104685823,0.025376179963540427,0.0083822417941231651,0.036382209656968208,0.0
Carlos Hyde,RB,SF,7.7811358341449868,6500.0,0.4658202901549317,0.24938728440145508,0.1788290680928184,0.046718723182954294,0.019624796233805503,0.018001703208939131,0.021618134725096119,0.0
Rob Kelley,RB,WAS,7.7372429031333807,5400.0,0.41895263322027965,0.29534419804113871,0.19336587867370039,0.051296269796112098,0.015794830940793852,0.010530492363477901,0.014715696964497729,0.0
Matt Asiata,RB,MIN,7.6898611235064287,5800.0,0.47973247915002604,0.25876494838589537,0.13789478517319137,0.059107385482279541,0.029744388269064403,0.012530727707415068,0.022225285832128593,0.0
Latavius Murray,RB,OAK,7.5837438838044298,6400.0,0.49365029056416104,0.25898729225109968,0.12706164234253015,0.050686745199747162,0.028281698819956666,0.020139320933751103,0.021193009888754218,0.0
Charcandrick West,RB,KC,7.5204552921494212,5400.0,0.47862134288224228,0.27806166255235854,0.12448475131996954,0.055319684658127727,0.032802063413476988,0.013150422013710538,0.017560073160114254,0.0
DuJuan Harris,RB,SF,7.1968363286540047,5300.0,0.57287095315831871,0.18646083749231937,0.11836683063373674,0.04626580354998986,0.043113182657349897,0.0060486170748146892,0.026873775433471546,0.0
Damien Williams,RB,MIA,7.1707715581479858,4700.0,0.57204489227239008,0.21133089805810854,0.085612512902877178,0.060119173394821139,0.033412365193919116,0.0040197475671016553,0.033460410610782448,0.0
Duke Johnson,RB,CLE,7.0556341413906019,5000.0,0.52879309016908715,0.24068690218759578,0.1151577664220555,0.072574452858845159,0.019811164029754174,0.0041277864076288105,0.018848837925033435,0.0
Jerick McKinnon,RB,MIN,6.695690413617446,5400.0,0.5265306051610773,0.29443460960590684,0.092484143889416698,0.043698909247899417,0.017227766172338406,0.0045522570641022544,0.021071708859259363,0.0
James Starks,RB,GB,6.6578161090926908,5500.0,0.58043517366715891,0.20314721352561915,0.1331852435559881,0.036179041645540741,0.016470983935516038,0.0074405155692612154,0.023141828100915463,0.0
Kenneth Dixon,RB,BAL,6.5176034917492887,4800.0,0.59708472249234545,0.2050174069920751,0.10155927975555205,0.056331154337315163,0.012208434334270499,0.0020906547181455903,0.025708347370295842,0.0
Benny Cunningham,RB,LARM,6.345947394188415,4500.0,0.62728106797584215,0.18218317438576884,0.10253874436138237,0.041516712898456466,0.016760727195850967,0.00189430495811489,0.027825268224584837,0.0
Alfred Morris,RB,DAL,6.3081054275144286,4600.0,0.57842862520034433,0.25122941225134637,0.088852160143269882,0.049336535433255092,0.0076526703472862192,0.0034578751887651112,0.021042721435732901,0.0
Mike Gillislee,RB,BUF,6.2265916826185332,5600.0,0.63492982648028562,0.19550184437589591,0.079920492934671489,0.035314260123884139,0.022556305676779215,0.0084965029702968892,0.023280767438186786,0.0
Wendell Smallwood,RB,PHI,6.1208427068593929,4500.0,0.64074650233172592,0.18051348379709792,0.099801900982914735,0.037828927415270622,0.013236658543907088,0.002369057234353769,0.025503469694729577,0.0
Paul Perkins,RB,NYG,5.8245361162240634,4500.0,0.67509515615747384,0.15561427142181841,0.099272739860349138,0.033197788941633173,0.010442273790392222,0.0013803291788908041,0.024997440649442104,0.0
Akeem Hunt,RB,HOU,5.146438202246201,4500.0,0.72173785505032217,0.15816603698106502,0.071503822262794461,0.019701366312131718,0.006239994468783038,0.0021207532538772608,0.020530171671026529,0.0
Derrick Henry,RB,TEN,5.1225868041345191,4900.0,0.73799495083502031,0.13686071920076887,0.073271485947556309,0.02150692855626124,0.0067874207594897686,0.0025446763543942571,0.021033818346508956,0.0
Chris Thompson,RB,WAS,5.0063490422733841,5100.0,0.73833233008244081,0.15306764515933133,0.058839321565179681,0.019067897107071179,0.0096496652652026584,0.0013728317013775014,0.019670309119396129,0.0
Ronnie Hillman,RB,MIN,4.8813335202420838,4600.0,0.75985505379764795,0.12716935981083657,0.056366270774281385,0.031917239538189493,0.0067672186788596293,0.0019782424947932375,0.015946614905391458,0.0
Jalen Richard,RB,OAK,4.8389669994089424,5000.0,0.78287140311054726,0.11213821983037525,0.049507999664893568,0.020106955320884537,0.01187599715953388,0.0026212905457588978,0.020878134368006555,0.0
Jeremy Langford,RB,CHI,4.6674875143443977,4800.0,0.78398372750643797,0.1250223709177706,0.047674786984152853,0.016750885618039339,0.0036589924888468712,0.00044873731839445435,0.022460499166357766,0.0
Mike James,RB,TB,4.6324722089433239,4600.0,0.77857157451476089,0.13831013923509949,0.038419061726854165,0.019264687298797548,0.0042157351585959237,0.00082202457281202359,0.020396777493080061,0.0
Thomas Rawls,RB,SEA,4.6024560579126073,5100.0,0.85870863964951605,0.067798332756975471,0.018696565220773634,0.0097989063995127957,0.0022762548997382927,0.00059363159409032767,0.042127669479393184,0.0
DeAndre Washington,RB,OAK,4.5805798809754519,4800.0,0.81679711808671973,0.08818680924793576,0.044715530151410547,0.019921147909594178,0.0066728886028678269,0.0013661203369892509,0.022340385664482106,0.0
Kyle Juszczyk,RB,BAL,4.4577522328056469,4500.0,0.81606254185097094,0.10679957040718475,0.037228404421433423,0.0122146125669502,0.002150338849807522,0.00066038877516376351,0.024884143128488984,0.0
Reggie Bush,RB,BUF,4.4335221332216879,5200.0,0.78219107174904645,0.14457782025193866,0.037308166323073821,0.014134081964016023,0.0055245408541356395,0.0018054720919785162,0.014458846765810525,0.0
Fozzy Whittaker,RB,CAR,4.4293304117473911,4500.0,0.83610732170256019,0.093645549389128308,0.028197313295276388,0.0092956212242863226,0.0018176572663039302,0.00027938510944534975,0.030657152012999359,0.0
Kenyan Drake,RB,MIA,4.2174217201399822,4500.0,0.84959049872325554,0.087121768413793668,0.026476463058891772,0.0081054529688222299,0.0025925630098225013,0.00067540754302378972,0.025437846282391263,0.0
Knile Davis,RB,KC,4.1806949410085172,4700.0,0.84103520170772283,0.087298353337574949,0.03506948517332948,0.01440195150122394,0.0030278808302427727,0.00080136115436951663,0.018365766295535338,0.0
Dwayne Washington,RB,DET,4.1119537120012994,4500.0,0.85435514817158587,0.069126838238867838,0.040735853764386175,0.01524678847920633,0.0025187412409826532,0.00075415296749154924,0.017262477137478881,0.0
John Kuhn,RB,NO,4.0799077860890529,4500.0,0.82354521639531941,0.11681877496968561,0.032431233111361209,0.0095003370614069032,0.0020243591046959432,0.0028124316010373867,0.012867647756493988,0.0
Ka'Deem Carey,RB,CHI,3.9873013157889581,4500.0,0.87271880698693194,0.077180805700426167,0.016306536002278844,0.0086403721445159048,0.00064552560923290521,9.2354357110015499e-05,0.024415599199504361,0.0
Zach Line,RB,MIN,3.9377735180661935,4500.0,0.86103772102766363,0.095275043207488086,0.016001517246929279,0.0048743623061847851,0.00086523488820884154,0.00030479277494313816,0.021641328548582531,0.0
Robert Turbin,RB,IND,3.8988961142207357,4500.0,0.85998158477711606,0.083206462436303946,0.028227644175902254,0.010633401465533432,0.0030271511266244493,0.0005971673116244191,0.014326588706895158,0.0
Kenjon Barner,RB,PHI,3.8940833949428177,4700.0,0.86188939897322236,0.082036768238269553,0.026918718828328435,0.011083893874406349,0.0028871063290182089,0.00036958217637200443,0.014814531580382399,0.0
Mike Tolbert,RB,CAR,3.726888931829099,4500.0,0.88246703164439899,0.071125286885939096,0.022465331366523612,0.0060992502309905458,0.0016343073836058617,0.00058019643739253013,0.015628596051150068,0.0
Antonio Andrews,RB,TEN,3.708625425714982,4500.0,0.88292870951821567,0.068619252000650402,0.023089321601892244,0.0085982541238626715,0.0027784525502384766,0.00059363264493169526,0.013392377560209371,0.0
Aaron Ripkowski,RB,GB,3.6933074758936471,4600.0,0.87925755771681913,0.072708792186142249,0.024937498210007597,0.008000033249651449,0.002209622853962848,0.00034873812296295993,0.012537757660454047,0.0
Jordan Todman,RB,IND,3.651077219676309,4500.0,0.89529554291201108,0.062136364025389919,0.017937111175196665,0.0056378471783154758,0.0029069885597879301,0.000597725456710435,0.015488420692588928,0.0
Javorius Allen,RB,BAL,3.6469561180775742,4500.0,0.89945419784524505,0.060399699613463122,0.015699374958540069,0.0052951265009166283,0.0010125471739916509,0.00016442967648553402,0.017974624231358077,0.0
Jerome Felton,RB,BUF,3.5896076944737563,4500.0,0.89069123722563603,0.06848353384001335,0.020683671847154604,0.0050238147859254373,0.0019150855056781389,0.00031892946094451126,0.01288372733464874,0.0
Jamize Olawale,RB,OAK,3.5428830843470158,4500.0,0.898228230368179,0.060847415965770299,0.020434128833084757,0.0060617668918772228,0.0018745569844049101,0.00028196106282582365,0.012271939893858833,0.0
Dion Lewis,RB,NE,3.5112602250323253,4900.0,0.90305285115127132,0.058172703515576872,0.01684050578094105,0.0075838487727328879,0.0019137598314168925,0.00056293791817128597,0.011873393029889739,0.0
James Develin,RB,NE,3.5019946113546792,4500.0,0.91504674849504897,0.050814162195976328,0.013065391923164478,0.0030748585672540907,0.00072336425983441993,0.00063642742944342359,0.016639047129278946,0.0
Brandon Bolden,RB,NE,3.5019946113546792,4500.0,0.91504674849504897,0.050814162195976328,0.013065391923164478,0.0030748585672540907,0.00072336425983441993,0.00063642742944342359,0.016639047129278946,0.0
Andre Ellington,RB,ARI,3.4432803749523067,4500.0,0.91504666229732023,0.052924495689533377,0.013971710816920483,0.0021884236848278664,0.00053126606193229248,0.00039703137110270559,0.014940410078363189,0.0
Shaun Draughn,RB,SF,3.4392181569195817,4600.0,0.9124071052043734,0.05542071717549691,0.013975513091924883,0.0031626929169422035,0.00078705467280702432,0.00051291301163682089,0.013734003926820025,0.0
Paul Lasike,RB,CHI,3.4145966977830242,4500.0,0.92449002238727551,0.045223182359824185,0.010879433939502473,0.0024469221717420067,0.00045403903833925733,0.00034082268157713952,0.016165577421739515,0.0
Zach Zenner,RB,DET,3.3753069098731578,4500.0,0.91490091826555142,0.05325255424669665,0.014812708185504338,0.0040590006344163833,0.0014862150852583851,0.00040958278272166566,0.011079020799851527,0.0
Roosevelt Nix,RB,PIT,3.3708733172767169,4500.0,0.92929698594749721,0.039442108694225431,0.012897803064302753,0.0022250514295651257,0.00066741640680111828,0.0006446635052308968,0.014825970952378115,0.0
Josh Ferguson,RB,IND,3.3693507776366687,4500.0,0.92279938873703904,0.045803106119989959,0.012444637243933495,0.0046466796546034113,0.0012130650520424879,0.00047988333536808114,0.012613239857023992,0.0
Jalston Fowler,RB,TEN,3.3631802920849245,4500.0,0.92764113287912187,0.041443799626841915,0.013128390756569163,0.0021095188780387067,0.00083866705858916637,0.00079862519795057571,0.014039865602889041,0.0
Marcus Murphy,RB,NO,3.356778773649471,4500.0,0.92827479564700588,0.042348407074411287,0.011422052379587521,0.0023502281022545705,0.00057893748628867032,0.00057963791570000999,0.014445941394752202,0.0
Keith Smith,RB,DAL,3.3533459621138753,4500.0,0.93077360448435076,0.03952934053490751,0.011452749623073038,0.0023260461571712621,0.00054719267155933597,0.00056299263608512338,0.014808073892853027,0.0
Lance Dunbar,RB,DAL,3.3398129015870599,4500.0,0.9288528817848517,0.041159657202384764,0.012376112835262597,0.0028611980009347611,0.00060407615477706079,0.00059912154602491721,0.013546952475763872,0.0
Malcolm Brown,RB,LARM,3.3367119628177866,4500.0,0.93200432622335971,0.034772813589905832,0.013830299525417292,0.0053493740296198175,0.00080066739430449977,0.0002787911908808224,0.012963728046513051,0.0
Anthony Sherman,RB,KC,3.3317106082369263,4500.0,0.92832269984236826,0.041902801860059569,0.011441262006551555,0.0041192147736637038,0.0009612556536080886,0.00052589951704444049,0.012726866346704179,0.0
Taiwan Jones,RB,OAK,3.3221864762109798,4500.0,0.93013259359015954,0.040091745612578215,0.012882555086374684,0.0024578618120830154,0.00066798126456189843,0.00063485210680648964,0.01313241052743676,0.0
Rex Burkhead,RB,CIN,3.3221599964651429,4500.0,0.93008829646304525,0.040438310380056221,0.012691272235289748,0.0021977542366097098,0.00068642080677903028,0.00070963313532546545,0.01318831274289535,0.0
Ryan Hewitt,RB,CIN,3.3221599964651429,4500.0,0.93008829646304525,0.040438310380056221,0.012691272235289748,0.0021977542366097098,0.00068642080677903028,0.00070963313532546545,0.01318831274289535,0.0
Corey Grant,RB,JAC,3.3147481514656008,4500.0,0.93457743340544619,0.037134209342432646,0.010513962510257574,0.002513045338779666,0.00048397877198343001,0.00049364285083683011,0.014283727780263916,0.0
Troymaine Pope,RB,SEA,3.3070538446356621,4500.0,0.93590448145771499,0.036170024844075381,0.01019576184498296,0.0024724619777467243,0.00043014862750606739,0.00044336544133718493,0.014383755806637021,0.0
Jonathan Williams,RB,BUF,3.3008629772395288,4500.0,0.9305977371952312,0.039378604809700707,0.014302798331612536,0.0021665573879820982,0.00061100354085153288,0.00059115608494637558,0.012352142649676188,0.0
Jay Prosch,RB,HOU,3.2776261274012364,4500.0,0.93401642542068763,0.037928422543022144,0.012205078396157821,0.0022145985833563783,0.0004938800223725587,0.00056869161218140753,0.012572903422222025,0.0
Tyler Ervin,RB,HOU,3.2776261274012364,4500.0,0.93401642542068763,0.037928422543022144,0.012205078396157821,0.0022145985833563783,0.0004938800223725587,0.00056869161218140753,0.012572903422222025,0.0
Fitzgerald Toussaint,RB,PIT,3.2772532182454865,4500.0,0.933311845689765,0.038461339258741005,0.01255541980203467,0.0021669955307122911,0.00061859367335929851,0.00056975719620656732,0.012316048849181522,0.0
Will Tukuafu,RB,SEA,3.2705001283040347,4500.0,0.93702462857290869,0.03533260373952387,0.0111763396864175,0.0025035089818970855,0.00042094680909747153,0.00053492733309620658,0.01300704487705936,0.0
George Atkinson,RB,CLE,3.258531826460433,4500.0,0.93797682737687205,0.035393229455085773,0.01033165553693872,0.0024658379257179635,0.00040501345558326677,0.00043071897338581175,0.012996717276416521,0.0
Orleans Darkwa,RB,NYG,3.2475323609972313,4500.0,0.93526304613280931,0.037894262698145935,0.011567462435934381,0.0026212902057317052,0.00041024558013019849,0.00040771497693529833,0.011835977970313686,0.0
Bobby Rainey,RB,NYG,3.2475323609972313,4500.0,0.93526304613280931,0.037894262698145935,0.011567462435934381,0.0026212902057317052,0.00041024558013019849,0.00040771497693529833,0.011835977970313686,0.0
Michael Burton,RB,DET,3.2401889540238886,4500.0,0.93845812304708953,0.035154996867244367,0.010697984131751851,0.0024612738163145992,0.00045669390666497128,0.00048986993510060598,0.012281058295834269,0.0
Denard Robinson,RB,JAC,3.2306701572874701,4500.0,0.93863345210832316,0.035057192832875318,0.010913011190843072,0.0025748167134712063,0.00045606847132502801,0.00044892614889156622,0.011916532534270906,0.0
Stepfan Taylor,RB,ARI,3.2272548896537372,4500.0,0.94050630497029852,0.031676549879583689,0.01293542668245678,0.0019344894344384132,0.00052190630686595044,0.00050141104389789595,0.011923911682458719,0.0
Kerwynn Williams,RB,ARI,3.2272548896537372,4500.0,0.94050630497029852,0.031676549879583689,0.01293542668245678,0.0019344894344384132,0.00052190630686595044,0.00050141104389789595,0.011923911682458719,0.0
Chase Reynolds,RB,LARM,3.1986619468681283,4500.0,0.94732249868691432,0.026642700613170433,0.0088499609054478335,0.0042861210053529641,0.00032389949381639283,0.00033367964080462852,0.01224113965449408,0.0
