name,pos,team,expectation,salary,prob_0_5,prob_5_10,prob_10_15,prob_15_20,prob_20_25,prob_25_30,prob_30+,label
Rob Kelley,RB,WAS,21.009156068367133,5400.0,0.02402625450010628,0.10060623260267453,0.14358784157316482,0.17090968806666051,0.22331746343985293,0.19069399923265859,0.14685852058488247,4.0
Jordan Howard,RB,CHI,19.154339637389107,6800.0,0.015377332774716522,0.1289356380040127,0.20814941912903059,0.22690369591500104,0.11878220352398915,0.22149504658089128,0.080356664072358738,3.0
Derrick Henry,RB,TEN,18.886629114179332,4900.0,0.10467237429513566,0.12949597485930045,0.1183938633425992,0.13819302775198478,0.1820637849752397,0.23897895860523885,0.08820201617050151,5.0
C.J. Prosise,RB,SEA,17.684877643395744,4900.0,0.048452632620428607,0.20028803715727586,0.22753238890561195,0.12405191897333119,0.15654493460913613,0.13137223461219658,0.11175785312201969,2.0
DeMarco Murray,RB,TEN,17.552935535465853,8500.0,0.021291918288961847,0.13651692636913126,0.22745078276172531,0.22821778474649349,0.26357735594801257,0.07929211339188881,0.043653118493786745,4.0
Ezekiel Elliott,RB,DAL,17.536652838008401,8700.0,0.0090473685070350373,0.13111954920557217,0.26937168070922596,0.20671833614167273,0.27048023966006363,0.067211118422943306,0.046051707353487188,4.0
Jeremy Hill,RB,CIN,17.074875692855276,5900.0,0.1234722606001397,0.19685184195622379,0.14262941971579482,0.1396847422541477,0.14388993590304736,0.13954414026706224,0.11392765930358432,1.0
Tim Hightower,RB,NO,15.792167660261716,6000.0,0.068267898841989763,0.24762841999004823,0.15604851169243245,0.18032331849113464,0.24967109751619826,0.05222743626936302,0.045833317198833545,4.0
Darren Sproles,RB,PHI,15.755652448119685,5300.0,0.11629665699052213,0.18583132827759891,0.22225877855583151,0.2003694912755154,0.088698042703654861,0.098444069790794772,0.088101632406082389,2.0
Lamar Miller,RB,HOU,15.69176856003077,7100.0,0.18963379733840616,0.19120014304969171,0.15508389878683698,0.12044054613736778,0.064081556991018016,0.19853498001453559,0.081025077682143815,5.0
LeGarrette Blount,RB,NE,15.612589386555051,7300.0,0.18687959353635092,0.19428031340153185,0.11898396844666193,0.13077592309034608,0.17069166862860949,0.11623352039771308,0.082155012498786567,1.0
Chris Thompson,RB,WAS,15.45656884553123,5100.0,0.27248556814108488,0.1555627771249514,0.11041208363411593,0.097236054588647564,0.11208985190914675,0.10968637773520977,0.14252728686684371,0.0
Giovani Bernard,RB,CIN,14.668769040587634,6000.0,0.24821532738224353,0.20387778321454725,0.11632416199714377,0.10246434762836845,0.10972714697211916,0.11674462873409729,0.10264660407148053,0.0
Mark Ingram,RB,NO,14.474100709294911,6100.0,0.11019992611501847,0.23477954319737779,0.21060831070623173,0.17699478153864021,0.19330663919650526,0.031404746168849071,0.042706053077377536,1.0
Duke Johnson,RB,CLE,14.329526616376928,5000.0,0.27545720883803354,0.18824045421706292,0.18127514567074812,0.060428048727401935,0.067260789161970716,0.07527468140956653,0.15206367197521617,0.0
Latavius Murray,RB,OAK,13.793563196403317,6400.0,0.11164923197574927,0.092603246774881937,0.46066843140686037,0.17920393742078458,0.11168271771768314,0.017880652678193242,0.026311782025847445,2.0
Mike Gillislee,RB,BUF,13.535827522390873,5600.0,0.21900333023191046,0.1301717549445261,0.2837453506157403,0.1341619872424375,0.14852428507088358,0.023757634015295244,0.06063565787920696,2.0
DuJuan Harris,RB,SF,13.473763653782317,5300.0,0.30881823995079249,0.24638000919431743,0.053050298137034935,0.076830631567103902,0.12188842851490067,0.086989357070577006,0.10604303556527342,0.0
Akeem Hunt,RB,HOU,13.343167181721908,4500.0,0.33468369982150653,0.20433284613982264,0.088123156087097407,0.079789821460686347,0.066288983064451079,0.12703388392088791,0.099747609505547882,0.0
Chris Ivory,RB,JAC,12.523490531801356,5400.0,0.20604021839866518,0.23438633853593757,0.27438241019221959,0.10648191857640255,0.080932224604098976,0.038118326472069669,0.059658563220606496,2.0
Ryan Mathews,RB,PHI,12.205431490749888,5500.0,0.2729708002700601,0.21969496555831342,0.21067039929285644,0.12340178890479994,0.053082608486147917,0.042434406882589128,0.077745030605232968,0.0
Theo Riddick,RB,DET,11.91055892250394,6700.0,0.18758448001720343,0.162141745630354,0.42250004323766432,0.11939018751339059,0.067910543671188622,0.011944856250742951,0.028528143679456063,2.0
Corey Grant,RB,JAC,11.904703482788063,4500.0,0.41475484645030464,0.14590840677171019,0.12620983446627118,0.073750343198003984,0.080651215688902642,0.061972045838340435,0.096753307586466969,0.0
Rashad Jennings,RB,NYG,11.901759185175653,5600.0,0.26223962639310444,0.33433245747098123,0.13338722485441756,0.067037627959889101,0.063285078690129892,0.055450112592985407,0.08426787203849237,1.0
T.J. Yeldon,RB,JAC,11.877238440660363,5400.0,0.24632068887343078,0.25986996805706142,0.21527001632703299,0.089453772521905339,0.094249620748675711,0.051170453804522349,0.043665479667371471,1.0
James Starks,RB,GB,11.849341581605426,5500.0,0.482304014515611,0.15265252883185954,0.040922417298802076,0.046875503336627253,0.05798973668249726,0.1082514663487788,0.11100433298582409,0.0
Jay Ajayi,RB,MIA,11.571643778171598,7600.0,0.31077875538415528,0.35883694435946983,0.061814890941778063,0.058540145003323274,0.05855867986319932,0.041701282655970624,0.10976930179210356,1.0
James White,RB,NE,11.418716605905793,5900.0,0.44142891432481374,0.15864894441676078,0.071715510839780408,0.077757570021682043,0.10414239846552394,0.07944816759777161,0.066858494333667279,0.0
Frank Gore,RB,IND,11.050935426975277,6300.0,0.31538772432115425,0.14698618182510156,0.27872151434966447,0.101409929249939,0.12120400672887537,0.012784748472611553,0.023505895052653682,0.0
Jonathan Stewart,RB,CAR,11.01110490071429,7000.0,0.23433071791115503,0.36698791048102353,0.15944894941436505,0.091947197862078028,0.07243927904529153,0.023841455529241048,0.051004489756845961,1.0
Isaiah Crowell,RB,CLE,10.89864314884853,6200.0,0.43716398166888987,0.20045202445291307,0.10847503044322358,0.049020940603784292,0.058688905755457883,0.046524107596728162,0.099675009479003138,0.0
Jalen Richard,RB,OAK,10.799408389475538,5000.0,0.35507883935340817,0.10427375248631543,0.29352165877950154,0.12115866843326123,0.075749787760095069,0.01621530280573014,0.034001990381688385,0.0
David Johnson,RB,ARI,10.776657022727916,8300.0,0.3778246220896137,0.25988988282042369,0.11287572618319638,0.06531707768036954,0.024727035836251399,0.10736404470886157,0.052001610681283734,0.0
Spencer Ware,RB,KC,10.711382438166673,7700.0,0.40806174926379946,0.24184430193662487,0.095651997393973329,0.063160580769129351,0.046084984233390067,0.072313333301483762,0.072883053101599288,0.0
Roosevelt Nix,RB,PIT,9.9862448679844391,4500.0,0.58072797938071941,0.11407420047632846,0.027371122396641519,0.043347462156571287,0.059940445298022386,0.11724918415379103,0.05728960613792583,0.0
Dion Lewis,RB,NE,9.9806973908569709,4900.0,0.53358552916039026,0.11247725846016503,0.084320448517162749,0.066638125924917621,0.087876995839564861,0.056374474727870716,0.058727167369928869,0.0
Keith Smith,RB,DAL,9.5607656119937392,4500.0,0.52479830711550546,0.12864709562796015,0.11429154533786889,0.075843974864354485,0.057716797565877324,0.030027330290894914,0.068674949197538845,0.0
Alfred Morris,RB,DAL,9.5000276697263981,4600.0,0.50614662423717516,0.15299140244667528,0.10810541860810476,0.077648369431980557,0.069019274053051791,0.025197888783557217,0.060891022439455343,0.0
Paul Perkins,RB,NYG,9.4018353137476716,4500.0,0.44398262337725186,0.26850143539907723,0.095631329864207457,0.048965253422674299,0.039428438965682003,0.037798347880603281,0.065692571090503818,0.0
Marcus Murphy,RB,NO,9.369079130922934,4500.0,0.5422613253640115,0.13136770013602408,0.097360601647331318,0.067638629498444278,0.055658902387623763,0.043305361049733308,0.062407479916831633,0.0
Rex Burkhead,RB,CIN,9.3068946174338141,4500.0,0.55890550814939022,0.15340540548662032,0.062790994626377175,0.049829731194996424,0.052481476528532564,0.049225544695514142,0.073361339318568933,0.0
Ryan Hewitt,RB,CIN,9.3068946174338141,4500.0,0.55890550814939022,0.15340540548662032,0.062790994626377175,0.049829731194996424,0.052481476528532564,0.049225544695514142,0.073361339318568933,0.0
Troymaine Pope,RB,SEA,9.2590965645865655,4500.0,0.53821324067566112,0.15540082468882449,0.096510005098419643,0.05867276867857573,0.043219584500641832,0.031594274888564755,0.076389301469312484,0.0
Charcandrick West,RB,KC,9.1854888106970343,5400.0,0.4118394115594019,0.32015885909024017,0.076438793574251637,0.056428472149714505,0.054782110879901223,0.031095224613515656,0.049257128132974899,0.0
James Develin,RB,NE,9.003595090746888,4500.0,0.58667412808151187,0.13024629148383407,0.050364689845625289,0.053816956245466001,0.071552673590974905,0.05044160734521648,0.056903653407371246,0.0
Brandon Bolden,RB,NE,9.003595090746888,4500.0,0.58667412808151187,0.13024629148383407,0.050364689845625289,0.053816956245466001,0.071552673590974905,0.05044160734521648,0.056903653407371246,0.0
Doug Martin,RB,TB,8.9631837006072672,6500.0,0.56054546273524153,0.21921303873788223,0.033025560605186112,0.024730992543745407,0.024493024426977695,0.041159987564821664,0.096831933386145194,0.0
Mike James,RB,TB,8.8590183569089742,4600.0,0.55901439994613789,0.20838817790593553,0.037316115868032802,0.03266474583064076,0.038941517436197712,0.045909883387852263,0.077765159625202987,0.0
DeAndre Washington,RB,OAK,8.6279435269041826,4800.0,0.50595879212302686,0.093554933178516445,0.23219029762140397,0.082820207469069138,0.049006995838534677,0.0092549722021674306,0.027213801567281377,0.0
Jerome Felton,RB,BUF,8.3519828251277168,4500.0,0.58403021600134541,0.11000802396036054,0.12533546634211334,0.053166542536666472,0.061662773659986354,0.016075645077280827,0.04972133242224723,0.0
Thomas Rawls,RB,SEA,8.3392704105064297,5100.0,0.59104139590518057,0.14497737477779774,0.08655075068371873,0.049794020139695416,0.036345741012700918,0.025586321426488735,0.065704396054418066,0.0
LeSean McCoy,RB,BUF,8.2612867610717977,7500.0,0.56428913192489538,0.13944021251320335,0.11828674838725453,0.04909695809924005,0.076322487269930198,0.012004121457593473,0.040560340347882931,0.0
Le'Veon Bell,RB,PIT,8.2551279356040634,9100.0,0.56915163705079452,0.20389623608021148,0.032746704990136238,0.037167946929791834,0.071110002412113488,0.048557653911794466,0.03736981862515798,0.0
Jonathan Williams,RB,BUF,8.1922952816827728,4500.0,0.59756649299069031,0.10785305892532056,0.11709910670627,0.054287212092587238,0.058868773488505541,0.013362505940773669,0.050962849855852574,0.0
Robert Turbin,RB,IND,8.1397039050631559,4500.0,0.55866396772661175,0.12874033238211632,0.1359446759338275,0.059124406285560607,0.07650124935695754,0.015154675712448577,0.025870692602477711,0.0
Jeremy Langford,RB,CHI,8.0588622043733853,4800.0,0.59210201635776971,0.15943164042922989,0.077239093131098002,0.059714502010125514,0.024082689942670755,0.030604686304664726,0.056825371824441216,0.0
Kenneth Dixon,RB,BAL,8.0562493238333772,4800.0,0.50525303790659637,0.27582908771114734,0.073852838976120161,0.04234495765421005,0.028731909948342682,0.023447002917336798,0.050541164886246583,0.0
Jamize Olawale,RB,OAK,7.9690981747459206,4500.0,0.5611159723343121,0.094807951859506967,0.19853734799320796,0.058749190319265558,0.046175272559971219,0.015336264109137153,0.025278000824599089,0.0
Damien Williams,RB,MIA,7.8358179512146506,4700.0,0.61158062505541977,0.1986435585182437,0.030646645782834731,0.032717391249186663,0.029782942449042768,0.025429762352656406,0.071199074592615971,0.0
Jay Prosch,RB,HOU,7.7795579479053449,4500.0,0.64936131304354938,0.11963807998718795,0.060720441530673269,0.041778499886416118,0.023114382891819905,0.05865182799086073,0.046735454669492728,0.0
Tyler Ervin,RB,HOU,7.7795579479053449,4500.0,0.64936131304354938,0.11963807998718795,0.060720441530673269,0.041778499886416118,0.023114382891819905,0.05865182799086073,0.046735454669492728,0.0
Wendell Smallwood,RB,PHI,7.6984976000290652,4500.0,0.59621255016997055,0.14546373114518701,0.10989111963430519,0.059212404517109227,0.022011181667587795,0.018724649505083291,0.048484363360756989,0.0
Benny Cunningham,RB,LARM,7.5316154564961266,4500.0,0.58172624373506221,0.22974275496068461,0.05330110295614264,0.03115709318848689,0.027245750613229189,0.02123467076245697,0.055592383783937424,0.0
Ka'Deem Carey,RB,CHI,7.4983647103930675,4500.0,0.63132066554522248,0.14782764640556328,0.066808056868227703,0.054953836447295408,0.021395367037570789,0.024818383720236804,0.052876043975883295,0.0
Reggie Bush,RB,BUF,7.4603022884407348,5200.0,0.62976951784637913,0.10635536636518342,0.11052867214991387,0.047172022519750452,0.058749544667408227,0.013418797426413311,0.034006079024951529,0.0
Peyton Barber,RB,TB,7.0796526832121573,5100.0,0.56714634325239233,0.25140997138472243,0.06721766907985495,0.02971585788958564,0.036271430772029059,0.011799866132050493,0.036438861489365128,0.0
Paul Lasike,RB,CHI,6.955320143375392,4500.0,0.66969220639322247,0.16530633922350982,0.034667829973678135,0.028199523283337097,0.017624035042971008,0.031992073372674262,0.052517992710607038,0.0
Carlos Hyde,RB,SF,6.9006405726714348,6500.0,0.72789996543813473,0.12293243174585107,0.018904562879756819,0.015290110023844785,0.012253241848657554,0.028783141901101088,0.073936546162654174,0.0
Ty Montgomery,RB,GB,6.740490900150915,5200.0,0.70233938619292924,0.12722296252213289,0.029878261675303323,0.026538544094902458,0.046240950674607657,0.029353371524335287,0.038426523315789093,0.0
Dwayne Washington,RB,DET,6.6673455657863592,4500.0,0.66225003314173991,0.13276442939408409,0.09629958431963867,0.035681363119372145,0.024488660377734551,0.0081645056356280197,0.040351424011802438,0.0
Andre Ellington,RB,ARI,6.4570609410849649,4500.0,0.70042223788893143,0.12841613836650229,0.054239224546373269,0.035461859560916062,0.014602389897982055,0.029903673881566121,0.036954475857728784,0.0
Todd Gurley,RB,LARM,6.0629816285651446,6700.0,0.63440407601913584,0.25065942962838528,0.038782541668239183,0.017016541980160199,0.015423070799061448,0.008342203847452859,0.035372136057565312,0.0
Stepfan Taylor,RB,ARI,5.9707101471039783,4500.0,0.7349933081732879,0.11672587257768031,0.046599293091604724,0.031689607137471515,0.012284772901891554,0.023391194751660137,0.034315951366403787,0.0
Kerwynn Williams,RB,ARI,5.9707101471039783,4500.0,0.7349933081732879,0.11672587257768031,0.046599293091604724,0.031689607137471515,0.012284772901891554,0.023391194751660137,0.034315951366403787,0.0
Terrance West,RB,BAL,5.9662710578000473,6200.0,0.62649544670580903,0.25957998218785605,0.041291150696610282,0.020239639900124329,0.013731570175705735,0.010571759729718633,0.028090450604175966,0.0
Aaron Ripkowski,RB,GB,5.786292149071893,4600.0,0.74541877388983002,0.10865753549839498,0.046564059112521219,0.025079763807035634,0.030606402073013687,0.017379766764699513,0.026293698854504929,0.0
Antonio Andrews,RB,TEN,5.7781782054276496,4500.0,0.75754081276942475,0.098314167191518059,0.040804036912471864,0.030881834691306616,0.026307835047416697,0.014764654143748191,0.031386659244113956,0.0
Jordan Todman,RB,IND,5.7586433014271758,4500.0,0.7318984192047826,0.09327943894443913,0.080714771899421237,0.032043204709544137,0.037350453820332287,0.006100584071621353,0.018613127349859288,0.0
Josh Ferguson,RB,IND,5.7365806537225446,4500.0,0.73354736981869673,0.094171047574200195,0.076737838637164588,0.032835308873816402,0.038620043476233226,0.0065941601064534528,0.017494231513435425,0.0
Matt Asiata,RB,MIN,5.6644112263121116,5800.0,0.63073083952955877,0.24211100954044712,0.069459453470367666,0.022554078384786458,0.014986281139236397,0.0045228183409920866,0.015635519594611479,0.0
Fozzy Whittaker,RB,CAR,5.3524329298510791,4500.0,0.72269943350744625,0.16664599511135633,0.041059577882939291,0.022800582466212267,0.016630012414266121,0.0061793019855254467,0.023985096632254236,0.0
Kenyan Drake,RB,MIA,5.2856966549385991,4500.0,0.78444692822720474,0.12391177821802334,0.015637142191217972,0.013562024208002819,0.011975697996125611,0.009778257171678904,0.0406881719877469,0.0
Taiwan Jones,RB,OAK,5.2772923954244639,4500.0,0.77133849527931864,0.062371214795121248,0.093302121566373686,0.031715881511289901,0.019988699106306629,0.0046418267482708471,0.016641760993319037,0.0
Jalston Fowler,RB,TEN,5.1128210740578028,4500.0,0.80270478565823378,0.085243424710257171,0.031472936085975074,0.023363404354739332,0.020243071439231368,0.011338690851300653,0.025633686900262555,0.0
Zach Zenner,RB,DET,5.0387337854448306,4500.0,0.76729567103110474,0.090632080413466751,0.083864897857042417,0.026903500668312152,0.012561224668962551,0.0022650563777312925,0.016477568983380198,0.0
Michael Burton,RB,DET,5.0315684157276834,4500.0,0.77263023057859548,0.091494722293262887,0.075705255101525301,0.02630470918464264,0.012642517563263376,0.0026816143129176889,0.01854095096579278,0.0
Shaun Draughn,RB,SF,5.0312742260360306,4600.0,0.8165888933458656,0.09881536544706937,0.015151099950333284,0.010091179904614759,0.011801387734101616,0.0062868595385868389,0.041265214079428507,0.0
John Kuhn,RB,NO,5.0056380736940591,4500.0,0.77248929522141574,0.12060436331869226,0.034182048388533559,0.022917198277040855,0.028030348418466227,0.0068417902033131774,0.014934956172538301,0.0
George Atkinson,RB,CLE,4.9865528656570284,4500.0,0.84154030252662848,0.063975824620132807,0.028274171640136556,0.0084540954454426203,0.0067013640418947572,0.0048226056602518703,0.046231636065512838,0.0
Fitzgerald Toussaint,RB,PIT,4.9717980211963333,4500.0,0.83323817788161836,0.069336022222571653,0.015504563847047417,0.016588169269500189,0.019566270458717158,0.020999540936208431,0.024767255384336762,0.0
Mike Tolbert,RB,CAR,4.8471892139736141,4500.0,0.76910264866069922,0.14261319552438292,0.032354593398863311,0.017966555603541618,0.012618198236425621,0.0046655033521876381,0.020679305223899637,0.0
Orleans Darkwa,RB,NYG,4.6708484066551872,4500.0,0.80006261712049909,0.12291243889787838,0.026832836019747657,0.010820151001045856,0.00789542778446925,0.0073653555957922997,0.024111173580567344,0.0
Bobby Rainey,RB,NYG,4.6708484066551872,4500.0,0.80006261712049909,0.12291243889787838,0.026832836019747657,0.010820151001045856,0.00789542778446925,0.0073653555957922997,0.024111173580567344,0.0
Anthony Sherman,RB,KC,4.5873997933727644,4500.0,0.7966185118214868,0.12869859265705896,0.025864234748634522,0.013092552881911813,0.010607008784617896,0.0052846276365785799,0.019834471469711512,0.0
Knile Davis,RB,KC,4.5700144720563385,4700.0,0.78926065723878258,0.13572695537198171,0.028699310419693525,0.013432211031618811,0.010592637589208875,0.0044422330122916333,0.017845995336422883,0.0
Denard Robinson,RB,JAC,4.4968098638812233,4500.0,0.81180553721210524,0.10036853621368297,0.042343261236337137,0.013351164787426366,0.010640612428667344,0.005333201852423539,0.016157686269357142,0.0
Lance Dunbar,RB,DAL,4.2848269218163768,4500.0,0.86236741356203017,0.073586574644163946,0.013505296599124195,0.0084804171576542842,0.01191229430821953,0.0084561576148191459,0.021691846113988663,0.0
Kyle Juszczyk,RB,BAL,4.2379250445320045,4500.0,0.82240704474395154,0.12011012238254332,0.019839891223383019,0.0099267918932047887,0.0056997052119550596,0.0052606546617317501,0.016755789883230485,0.0
Will Tukuafu,RB,SEA,4.02230560857247,4500.0,0.87187842809462102,0.071667281724703671,0.019629270283975594,0.0079019636053778985,0.0053503060738444939,0.0031964614021834101,0.020376288815293915,0.0
Javorius Allen,RB,BAL,3.9901974917780838,4500.0,0.84416096879436009,0.10790259245939102,0.016680591859523444,0.0081179633792616175,0.0046710834325255999,0.0041978014518711448,0.014268998623067068,0.0
Malcolm Brown,RB,LARM,3.9537798002071693,4500.0,0.86297431920872358,0.090901600540525471,0.014234574704351403,0.0059493802250583571,0.0041887915569470066,0.003067844186212758,0.018683489578181348,0.0
Chase Reynolds,RB,LARM,3.9384131770917818,4500.0,0.86450328839480939,0.089876627110001592,0.014063843768462831,0.0058741509494462905,0.0041330996277643131,0.0030299777065453883,0.018519012442970162,0.0
Jerick McKinnon,RB,MIN,3.7843479296653264,5400.0,0.85224298114832253,0.11141031026262165,0.014019334654119957,0.0047033753060646659,0.0036259438239904704,0.0014537673891175105,0.012544287415763128,0.0
Kenjon Barner,RB,PHI,3.7540451092779485,4700.0,0.89017149729277878,0.057622595029981065,0.020972078077594426,0.010604744092168585,0.0036681668894384361,0.003660400120726996,0.01330051849731159,0.0
Zach Line,RB,MIN,3.5271561532201159,4500.0,0.87737737072076216,0.087122550735778514,0.018378223381713077,0.0057221491013653052,0.0032851880824111336,0.00099955556381793272,0.0071149624141520615,0.0
