name,pos,team,expectation,salary,prob_0_5,prob_5_10,prob_10_15,prob_15_20,prob_20_25,prob_25_30,prob_30+,label
Delanie Walker,TE,TEN,10.350018231027063,6400.0,0.28487525045233481,0.26832023594667048,0.2130960880702934,0.12020137223887585,0.0641069090033521,0.041760970991305699,0.0076391732971678302,0.0
Greg Olsen,TE,CAR,10.146927144729935,7100.0,0.24510624475471388,0.34740795389872836,0.18936341550312555,0.13413161683458358,0.046627428396033843,0.019010422686784465,0.018352917926030578,1.0
Jason Witten,TE,DAL,9.5638331398748146,5500.0,0.24665341880708747,0.40250708833856041,0.16341263729224154,0.10463823456319857,0.051197790129821508,0.027074666537369212,0.004516164331721733,1.0
Travis Kelce,TE,KC,9.4238617969652676,6100.0,0.27095213147709352,0.34435920132389991,0.21262064765793942,0.1082083738074934,0.040674382818789566,0.015236665926971522,0.0079485969878121277,1.0
Jimmy Graham,TE,SEA,9.4007558326848741,6500.0,0.33408634307012086,0.23219155954913165,0.24347549335060348,0.12823836351015094,0.042238731778092994,0.014108802785691606,0.0056607059562082387,0.0
Cameron Brate,TE,TB,9.2187234884319071,5600.0,0.28018259840650467,0.3615042307814812,0.18815983190000515,0.1091255581891801,0.035299934859512799,0.019924406008172489,0.0058034398551439926,1.0
Coby Fleener,TE,NO,9.1064478457932179,5700.0,0.32292194750121678,0.27494071165268141,0.24664648319260832,0.10428987757685376,0.029647481580886186,0.012334272103838693,0.0092192263919147893,0.0
Julius Thomas,TE,JAC,8.2786307014644329,5900.0,0.36936502757170014,0.30833721053544438,0.18164065345862673,0.098252199738653248,0.027533996969833382,0.011630593648288671,0.003240318077454102,0.0
Jordan Reed,TE,WAS,7.8777507935483166,6900.0,0.45420036367131084,0.24537940903856592,0.18295086871242761,0.065414796360234159,0.014553657474814647,0.022630591707283414,0.014870313035363682,0.0
Tyler Eifert,TE,CIN,7.4187909867383377,6300.0,0.44842212495014444,0.28372972786650491,0.18048258302143885,0.051167939199383394,0.0096361857055363639,0.017089741434973146,0.009471697822019013,0.0
Martellus Bennett,TE,NE,7.0671147408363018,5200.0,0.49468599603312197,0.26389636489516122,0.14396501377296747,0.0604275309284888,0.0094002499729285097,0.024565683689117927,0.0030591607082144385,0.0
Kyle Rudolph,TE,MIN,7.0139603018160965,4900.0,0.46067954570352943,0.32810319085054218,0.11161846863988226,0.072640288642214113,0.0078999916851052194,0.014632829697250717,0.0044256847814762796,0.0
Eric Ebron,TE,DET,6.9332756558123227,5400.0,0.48117637566979438,0.25738810697922898,0.18862673944730479,0.047367751813886569,0.018794053851764539,0.0056474967381511957,0.00099947549986960111,0.0
Jesse James,TE,PIT,6.7451479962048708,4800.0,0.47580161567041596,0.31666471391041312,0.12870900168746338,0.056276538418504385,0.0081668798332973375,0.013352253834969933,0.0010289966449357265,0.0
Zach Miller,TE,CHI,6.5221232794748696,5500.0,0.52400706519997753,0.28578840948013251,0.1245538796983071,0.033362795891100791,0.0070087438361972976,0.015272709541810746,0.010006396352474134,0.0
Vance McDonald,TE,SF,6.3864587507061445,4700.0,0.47172071104540259,0.35820116231538379,0.11455282581217303,0.039670309705531183,0.0093224317545120335,0.005851570545752892,0.00068098882124501328,0.0
Zach Ertz,TE,PHI,6.2934332033809932,4700.0,0.49431247541967399,0.33581370663562565,0.11725031936138633,0.029376255280018054,0.017043754680750173,0.0055027768612036631,0.00070071176134260584,0.0
Jack Doyle,TE,IND,6.1222531993446916,5000.0,0.56139017593469287,0.24550808687393202,0.11954513373174684,0.060411111615594731,0.0088811661353840922,0.0030825539753523055,0.0011817717332970306,0.0
Dennis Pitta,TE,BAL,6.1194514464224987,4800.0,0.54638292333004013,0.28039172725213624,0.11057056956052577,0.040121031515678376,0.01304099067563186,0.0079150394447804369,0.0015777182212072436,0.0
Dwayne Allen,TE,IND,5.9934430898131259,5300.0,0.60972423893378136,0.17842290707673478,0.13359258596494711,0.068538629786086019,0.0047967614934188102,0.0024893968124294389,0.002435479932602421,0.0
Lance Kendricks,TE,LARM,5.8205100043208597,4900.0,0.5650974943055872,0.25954757578164245,0.13636846040844078,0.031783557539567957,0.0034199757693646484,0.0012014378003976614,0.0025814983949995402,0.0
C.J. Fiedorowicz,TE,HOU,5.7605217980827446,5100.0,0.57798875715803788,0.27475309392509006,0.096254539886181975,0.033675672637064891,0.0073156899119860546,0.0070181291804672311,0.0029941173011722695,0.0
Gary Barnidge,TE,CLE,5.6856252875557418,4700.0,0.62770075478718157,0.20538037472648579,0.095973859649387802,0.053412798461584275,0.0095925445700071853,0.0069463006091268686,0.0009933671962263366,0.0
Jerell Adams,TE,NYG,5.5832313091620795,4500.0,0.6175540371452779,0.21576826614129133,0.12170240322111267,0.029723670661706374,0.010049465176055615,0.003806472130040824,0.0013956855245158824,0.0
Richard Rodgers,TE,GB,5.5542583726924564,4600.0,0.61318926921529782,0.22324066382519758,0.12702999531018169,0.022723902295845186,0.0062686792306609783,0.0058360596770397778,0.001711430445777216,0.0
Will Tye,TE,NYG,5.2647852152607317,4500.0,0.64523345707915747,0.2198115663784673,0.094608048275094017,0.026830801246564284,0.0076941481675433694,0.0034549858880031856,0.0023669929651705477,0.0
Darren Waller,TE,BAL,5.1471534359286109,4500.0,0.74262589855048777,0.14401977383521683,0.060427522683208737,0.011210947997963457,0.0047762129698610345,0.018859675766968495,0.018079968196293955,0.0
Dominique Jones,TE,MIA,4.643734503939724,4800.0,0.7181881280650384,0.1723749516397346,0.080784357249904251,0.02359996603519152,0.0033698447549243681,0.00027595475714612842,0.0014067974980613411,0.0
Rhett Ellison,TE,MIN,4.4773701246417401,4500.0,0.73233746738707994,0.18823832538372851,0.061002465148287457,0.0086664971351327197,0.0016229610498690857,8.0274453461703839e-05,0.0080520094424402881,0.0
Vernon Davis,TE,WAS,4.4002483453055765,4500.0,0.7953773153084629,0.095536713590265873,0.059617332119169787,0.042513986771114239,0.0019575181163974009,0.0017167421075055718,0.0032803919870845319,0.0
David Johnson,TE,PIT,4.3048134869181105,4500.0,0.75027855588407555,0.15084720300138516,0.088638742703516335,0.0092243912850148036,0.00046981741826136936,0.0001552117688275406,0.00038607793891951052,0.0
Garrett Celek,TE,SF,4.2849489353285453,4500.0,0.76230554832448272,0.15444663514535123,0.061122243938552735,0.016711223994051182,0.0013684782591030064,0.0010713854501967386,0.0029744848882620502,0.0
Tyler Higbee,TE,LARM,4.2516628783306087,4500.0,0.76573667856391481,0.16290653320307133,0.044482478272890744,0.021584848564979747,0.00023956662091502236,5.0694862542132675e-05,0.0049991999116860003,0.0
Anthony Fasano,TE,TEN,4.2359798756860725,4500.0,0.78931045813561551,0.11570851221383015,0.066123355392564337,0.01891707339026881,0.0081497610076545247,0.0011666474357361813,0.00062419242433078186,0.0
Marqueis Gray,TE,MIA,4.2330097239773741,4500.0,0.78627686635087024,0.12939733816238616,0.044827777283747101,0.033977121936209768,0.0038144626188190479,0.00048798862007159148,0.0012184450278970149,0.0
Ed Dickson,TE,CAR,4.1443608428881724,4500.0,0.78719189066638429,0.13557813725757561,0.054541854832661073,0.014477108716855536,0.0024375835640449142,0.0043324006720793385,0.0014410242903990541,0.0
Seth DeValve,TE,CLE,4.0958480136689399,4500.0,0.81155393442743406,0.12168117270012163,0.030911959915668481,0.01408225751874574,0.019140215520770061,0.00016074259945115211,0.002469717317808645,0.0
Josh Hill,TE,NO,4.0638389060163895,4500.0,0.78165962248488652,0.14954979279839997,0.050714184308066748,0.015295309370581342,0.00080193554942662999,0.00011237413123948763,0.0018667813573994599,0.0
Charles Clay,TE,BUF,4.0281222927175628,4800.0,0.82302587253427861,0.096242948908015435,0.053258926797771791,0.018031514983229163,0.0044677636613662721,0.00095084586993570536,0.004022127245403408,0.0
Marcedes Lewis,TE,JAC,3.9229179741752667,4500.0,0.8294894567909058,0.096882964944337846,0.042655602449760889,0.027401220103351279,0.0011430184618052084,0.00011106752668898743,0.0023166697231498598,0.0
Trey Burton,TE,PHI,3.874327147908212,4500.0,0.82573724130446524,0.093801311427582759,0.06569233167434145,0.012824123584011398,0.00047851371556708331,0.00015938648008891439,0.0013070918139430148,0.0
Jermaine Gresham,TE,ARI,3.8398203460574365,4500.0,0.83105423540447843,0.10953563573201812,0.041407757146800575,0.010261270526112216,0.0013272301468266706,0.0014466498428313363,0.0049672212009334842,0.0
Ben Koyack,TE,JAC,3.6296821026534269,4500.0,0.84909319252314719,0.10535569816947531,0.031470696925039794,0.008440196720006574,0.0015557960502406878,0.00030211555229500654,0.0037823040597958105,0.0
Clive Walford,TE,OAK,3.6044397649161599,4500.0,0.85070625019382085,0.095782176550199508,0.044069408691987846,0.0060613443221106643,0.00086358627105365398,0.00068895987457921856,0.0018282740962483122,0.0
Ryan Griffin,TE,HOU,3.5198021524575389,4500.0,0.86774369183049771,0.08635407699931115,0.03400424004616414,0.0055970973512637062,0.0013404027162200367,0.003198814257557281,0.00176167679898624,0.0
Ladarius Green,TE,PIT,3.5173846879860915,4500.0,0.86364593143827006,0.090574138972799284,0.035603988831581675,0.0061892405529583028,0.00092670487767132579,0.0003131265546530217,0.0027468687720662065,0.0
Luke Stocker,TE,TB,3.5029365161714026,4500.0,0.84932364515543246,0.11431097615103945,0.028749111838347517,0.0053502639151216122,0.00073922570196955305,0.00010242879618693542,0.0014243484419027923,0.0
Stephen Anderson,TE,HOU,3.4913872932781409,4500.0,0.87048955566965602,0.08583086687901581,0.032505455810995114,0.0050067485875639819,0.0011586973079037958,0.0031838314542059465,0.0018248442906592724,0.0
Brandon Myers,TE,TB,3.4724399049240451,4500.0,0.8625997388394715,0.095957141589643732,0.028583916844181618,0.011495607356582038,0.00073382337153499384,0.00010175189326534992,0.00052802010532134987,0.0
Gavin Escobar,TE,DAL,3.2414861114873061,4500.0,0.89326602953881573,0.08127120593256959,0.017593513632428517,0.0048081100375858129,0.0007435111995636412,0.00041598572981092356,0.0019016439292258457,0.0
Brent Celek,TE,PHI,3.1612447902395426,4500.0,0.89989602430770166,0.07871766570230429,0.016630364369289889,0.0026592051426770221,0.00044176914340997926,0.00015429471310270283,0.0015006766215139007,0.0
Brandon Williams,TE,SEA,3.0923863810741419,4500.0,0.92148019724274055,0.051698805582001031,0.018231607674864366,0.0070513191675897098,0.00025630725469786739,0.00013026083076703106,0.0011515022473389497,0.0
Erik Swoope,TE,IND,3.0803553025295902,4500.0,0.90993014925947124,0.075905336720541783,0.0098533220330240499,0.00089284637055074654,0.0014795712411278146,0.00049318519745702658,0.0014455891778276013,0.0
Ross Travis,TE,KC,3.0759672024038909,4500.0,0.91528673918329051,0.064184555192145373,0.016386272649732324,0.0019291539370236083,0.00063722988465786238,0.00022957390400846388,0.0013464752491420681,0.0
Phillip Supernaw,TE,TEN,3.0683739098979705,4500.0,0.92633955492590925,0.050889086505424987,0.017313114972165894,0.00096869816371019583,0.0011450840285900114,0.00071064280196611476,0.0026338186022332728,0.0
Mychal Rivera,TE,OAK,3.0449948980573165,4500.0,0.92266958915049546,0.060231294250692458,0.012204617465940905,0.0010991036387725446,0.00080078179464471231,0.0010713178083074347,0.0019232958911469455,0.0
James O'Shaughnessy,TE,KC,3.0088284789818056,4500.0,0.93738124120996369,0.045138675196581601,0.010716680844200346,0.00059617705641365536,0.00092936383017437033,0.0029056197905919586,0.0023322420720739618,0.0
Derek Carrier,TE,WAS,2.9787311573046757,4500.0,0.93638759462116339,0.047790948661999393,0.010799196551454266,0.00067882983678849021,0.0010023786102580637,0.00093730028303923209,0.0024037514352974192,0.0
John Phillips,TE,NO,2.9743276007401747,4500.0,0.93706960180478482,0.046913996238182085,0.011054930067639199,0.00070664925137401812,0.0009964903970794282,0.00096227008931920089,0.0022960621516213394,0.0
Nick O'Leary,TE,BUF,2.9711699685746384,4500.0,0.93785214312525855,0.047509871294465364,0.009488839305648953,0.00060923336313563998,0.00094840217150331046,0.00081312318411909531,0.0027783875558690554,0.0
Jared Cook,TE,GB,2.9689048809957788,4500.0,0.93664390557464494,0.048150805987026417,0.010524641295020587,0.00060425140874674455,0.00093753330046847741,0.00092307041842147727,0.0022157920156717558,0.0
Tyler Kroft,TE,CIN,2.9650439836621834,4500.0,0.93820799505457064,0.046479563216728755,0.010423560947866867,0.00063360229809311024,0.001001633198441603,0.00091594827734275367,0.0023376970069561073,0.0
Clay Harbor,TE,DET,2.963991585567991,4500.0,0.93568073426829546,0.049872185003106813,0.010093898592363783,0.00059028304710433707,0.00085284242401731673,0.00090616815656367918,0.002003888508548221,0.0
Demetrius Harris,TE,KC,2.9588284789818058,4500.0,0.93938124120996369,0.045138675196581601,0.010716680844200346,0.00059617705641365536,0.00092936383017437033,0.00090561979059195852,0.0023322420720739618,0.0
Darren Fells,TE,ARI,2.9533310745363055,4500.0,0.93918315997983293,0.045553052080253238,0.010769137671473106,0.00080568157306144849,0.00073536551326477365,0.0006546933146156349,0.002298909867498485,0.0
Luke Willson,TE,SEA,2.9460575603386459,4500.0,0.93768659809829513,0.048701958817023175,0.0095269937877681937,0.00057273224673199178,0.00077057418999554339,0.00077490427747605177,0.0019662385827094318,0.0
Alan Cross,TE,TB,2.9437631948771545,4500.0,0.94136357932524772,0.04422475757754063,0.0096503342007416976,0.00061748851048914089,0.0009237879518603422,0.00083383010952059,0.0023862223245993031,0.0
Blake Bell,TE,SF,2.9430911884921196,4500.0,0.93922733267134761,0.04617331140900225,0.01050432553217228,0.0005388052957011959,0.00088181544905622372,0.00072737675728905705,0.0019470328854312977,0.0
Dion Sims,TE,MIA,2.9304880516220742,4500.0,0.94268602429731152,0.042726801050748379,0.010276519078738501,0.00056136123211135587,0.00077907902116673071,0.0008593521628755212,0.002110863157047838,0.0
Randall Telfer,TE,CLE,2.919859873952011,4500.0,0.94412110124722404,0.041050919585522698,0.0094151947097746921,0.0024192521889787708,0.00073710718000614245,0.00052152171789023949,0.0017349033706028196,0.0
Neal Sterling,TE,JAC,2.9157722677912878,4500.0,0.94530088376616972,0.041040488877243007,0.0091932532678051723,0.00058855527010526383,0.0008296977976229138,0.000775523661500825,0.0022715973595527328,0.0
Logan Paulsen,TE,CHI,2.9156172203147692,4500.0,0.94476356605436784,0.040972880147928638,0.010089358374387595,0.00060530410190479307,0.00075288489021008327,0.00077309766874130955,0.0020429087624598006,0.0
Ben Braunecker,TE,CHI,2.9156172203147692,4500.0,0.94476356605436784,0.040972880147928638,0.010089358374387595,0.00060530410190479307,0.00075288489021008327,0.00077309766874130955,0.0020429087624598006,0.0
Cory Harkey,TE,LARM,2.9047630189953733,4500.0,0.94128202120120108,0.045283743180038923,0.010515862867811591,0.00068017455751961497,0.00052585311156509045,0.00042469617834475478,0.0012876489035184213,0.0
