name,pos,team,expectation,salary,prob_0_5,prob_5_10,prob_10_15,prob_15_20,prob_20_25,prob_25_30,prob_30+,label
Ezekiel Elliott,RB,DAL,14.28454073417911,8700.0,0.0062229553828475311,0.19306306887215799,0.46055560741947194,0.19676778502194678,0.06639998856049506,0.075738874675415388,0.0012517200676650335,2.0
DeMarco Murray,RB,TEN,11.4783496890165,8500.0,0.033650266372850096,0.53019624899982565,0.20770775403855357,0.14179211009061027,0.045926903102109624,0.01583295001882128,0.024893767377229443,1.0
Tim Hightower,RB,NO,10.279122127721108,6000.0,0.19694407019174762,0.34975783016059248,0.25007136092208121,0.13206732678440444,0.053764352627523979,0.012268935241712617,0.0051261240719376175,1.0
Jeremy Hill,RB,CIN,9.3875581204386069,5900.0,0.33868624296516631,0.17013954060401634,0.38017370454441485,0.054601071644624799,0.0257087803778101,0.012735300777353712,0.017955359086614123,2.0
Mark Ingram,RB,NO,9.1854575115651294,6100.0,0.17461949136664109,0.45276307218460782,0.27594491008538136,0.063880876583485527,0.024995787977306928,0.0065735156125204079,0.0012223461900568297,1.0
Le'Veon Bell,RB,PIT,8.4928896581230333,9100.0,0.25341006943604177,0.56338235717679808,0.048281576802461292,0.065905878213145294,0.018882966621717373,0.04033904443823607,0.0097981073116000274,1.0
LeGarrette Blount,RB,NE,8.2622308837565495,7300.0,0.055452196439128111,0.80648677550120251,0.090549697575326507,0.03522058972942798,0.0065591915668399272,0.002862399385783379,0.0028691498022914057,1.0
Lamar Miller,RB,HOU,7.5770711491951701,7100.0,0.087978819788048154,0.83671875883314006,0.057138593616695522,0.011609586839173448,0.0042158592787938541,0.0016489296981055603,0.0006894519460430127,1.0
Jonathan Stewart,RB,CAR,7.5730093618108194,7000.0,0.2051387786353136,0.67559130925198474,0.049632408724931507,0.049525226911608516,0.013119757996403931,0.0045068914523675313,0.0024856270273903107,1.0
Jay Ajayi,RB,MIA,7.3913649864637705,7600.0,0.55241631675187786,0.093008358901201238,0.2385827710188258,0.076607177029277843,0.021454146058234001,0.016061343687107727,0.001869886553475795,0.0
Todd Gurley,RB,LARM,7.1954051260281808,6700.0,0.37799317208003247,0.41961395557026576,0.14964159372929831,0.01999587471815881,0.018118087408773118,0.0049457658802407869,0.0096915506132308794,1.0
David Johnson,RB,ARI,6.7914596167952963,8300.0,0.46771803171537596,0.32381586751969177,0.14854221634037137,0.026066220169770119,0.016658367107512728,0.012823958158695298,0.0043753389885826431,0.0
T.J. Yeldon,RB,JAC,6.6492243585819519,5400.0,0.426456602512644,0.41146005116787016,0.1039316493404733,0.037113011798910515,0.011845229486524885,0.0053039289890051801,0.0038895267045717962,0.0
Spencer Ware,RB,KC,6.2177012871700628,7700.0,0.456669032363276,0.41713846149346717,0.08700256436359545,0.018418164248658889,0.011002385469270052,0.0069122772073086976,0.0028571148544236941,0.0
Alfred Morris,RB,DAL,6.0288405823320659,4600.0,0.45701454422689691,0.43929115745329517,0.060209091058165361,0.033523348312216969,0.0056643858412561178,0.0034015910719929379,0.0008958820361764933,0.0
Rashad Jennings,RB,NYG,6.0012422650874493,5600.0,0.57886754524641937,0.23765822111148355,0.12981560329378461,0.025410640401559877,0.019194300096932255,0.0059327201985358647,0.0031209696512845024,0.0
Darren Sproles,RB,PHI,5.8820346786047928,5300.0,0.59540186049009369,0.23341867680040454,0.1092023362434532,0.038059956878321935,0.014496008935238206,0.0058785761222967725,0.0035425845301915743,0.0
Giovani Bernard,RB,CIN,5.771318152392193,6000.0,0.6644234883668424,0.14597863926731269,0.12865763950743847,0.027648808783166889,0.013951803167523896,0.0089943084823322257,0.010345312425383325,0.0
Jordan Howard,RB,CHI,5.4865636771033888,6800.0,0.60336070498803762,0.28236500912319001,0.061736410777328936,0.0367053645483826,0.0063044553586854776,0.0038609127770007513,0.0056671424273747901,0.0
Isaiah Crowell,RB,CLE,5.4792414344713869,6200.0,0.66536840083146642,0.18943253667807594,0.073305622908164059,0.045784053700070527,0.015448631234465745,0.0057580578990833664,0.0049026967486741537,0.0
Ryan Mathews,RB,PHI,5.1468946811194396,5500.0,0.73789679236121841,0.10493332650125892,0.093191670423487652,0.040173055046705416,0.011802146154465164,0.0051233618106278599,0.0068796477022365077,0.0
Charcandrick West,RB,KC,5.1283805216896177,5400.0,0.57731517139790467,0.36482120322755313,0.032772887902570255,0.012535455751325945,0.0075876374364961061,0.0032916530278054362,0.0016759912563446939,0.0
Matt Asiata,RB,MIN,4.8538166037907793,5800.0,0.59068023972993644,0.37650926450702382,0.017169324422547504,0.0066540854421936226,0.0061434227152099216,0.0020695669809736696,0.00077409620211506508,0.0
C.J. Prosise,RB,SEA,4.5379243963782434,4900.0,0.67588767393757998,0.28822672084548923,0.014272747171509238,0.0098156020255120765,0.0047161653475549922,0.0023505951666142146,0.0047304955057405357,0.0
Latavius Murray,RB,OAK,4.3085063521319107,6400.0,0.77608935892760722,0.14955016350393879,0.041926150675751013,0.012824360295214639,0.011111547059447857,0.0065734603665047759,0.0019249591715357213,0.0
Chris Ivory,RB,JAC,3.8891076839666217,5400.0,0.77277288759070328,0.19792827271528352,0.018260211657844624,0.0051270531870718531,0.0032921644843537635,0.0014687627380717795,0.0011506476266711049,0.0
Terrance West,RB,BAL,3.3463274579341511,6200.0,0.89894220211833553,0.064350316078791339,0.019371123869687031,0.0090214996862499966,0.0042623605331166443,0.0028548323749187864,0.0011976653389006624,0.0
Rob Kelley,RB,WAS,3.3052745929024376,5400.0,0.90936731000690874,0.058013368169236655,0.013511751410467916,0.0098039922325668678,0.004214790012960502,0.002220141500208593,0.0028686466676506898,0.0
LeSean McCoy,RB,BUF,3.2533575180548033,7500.0,0.91577633474552578,0.037724500909023378,0.033569438903180454,0.0086176176377280225,0.0023195419874654519,0.0015163825189804766,0.00047618329809659892,0.0
Duke Johnson,RB,CLE,3.0873853649652863,5000.0,0.92229477806303595,0.058975203603420345,0.0075703187052865344,0.0057179114213929379,0.0029807112869193325,0.0011415649416228935,0.0013195119783220299,0.0
Theo Riddick,RB,DET,3.0638446325919757,6700.0,0.92057046578730695,0.060431200785716732,0.010353718243483178,0.005519242541489229,0.0016212741330995065,0.00079278347935405171,0.0007113150295501836,0.0
James White,RB,NE,2.9691039256805909,5900.0,0.94952769421263206,0.027193276843980471,0.013257435087633223,0.0043513046744954303,0.0030683837656554753,0.0014181307804399222,0.0011837746351636143,0.0
Ty Montgomery,RB,GB,2.920282576285667,5200.0,0.94431629360814484,0.042755590927530646,0.0054772106646166236,0.00268630937065319,0.0027730323451700557,0.0011664763583471656,0.00082508672553752074,0.0
Doug Martin,RB,TB,2.9118489872553912,6500.0,0.96615506259946426,0.0089004752255569045,0.015506579808526324,0.0030394770977292948,0.0022419589446751888,0.0017646703798221202,0.0023917759442260516,0.0
Frank Gore,RB,IND,2.8766923434544465,6300.0,0.94729066915708859,0.041510796629095938,0.0043330580585728791,0.0037789558405737626,0.0020207883551145735,0.00079048182309134497,0.00027525013646325421,0.0
Carlos Hyde,RB,SF,2.7435564417636722,6500.0,0.97448455630607567,0.013717646311851147,0.0067871916139291494,0.0020417386785524785,0.0011939123070760142,0.0006792083581908826,0.0010957464243244637,0.0
Peyton Barber,RB,TB,2.6970864038413018,5100.0,0.97921736144223581,0.013112167557435859,0.0028711321751909379,0.0015134690361565313,0.0017556695827317629,0.00063102527971551205,0.00089917492653360655,0.0
Wendell Smallwood,RB,PHI,2.6687083061735923,4500.0,0.98330956842112205,0.0099566729108587996,0.0019971247139206408,0.0020759714664331484,0.00094990386857752239,0.00090448133444260366,0.00080627728464548176,0.0
Chris Thompson,RB,WAS,2.6273299679729609,5100.0,0.98969578066996777,0.0043210139037948717,0.002277916179985478,0.0013545428272994386,0.00083747770829317627,0.00044042573568594292,0.0010728429749731776,0.0
Mike Gillislee,RB,BUF,2.6197086689700719,5600.0,0.98719603551881685,0.0068994134153486193,0.0031619441292454814,0.0011847681854119843,0.00089393754058542606,0.00048465364483327091,0.00017924756575857234,0.0
Jalen Richard,RB,OAK,2.5978795123746643,5000.0,0.99085731069783622,0.0028046347089193432,0.0040885401860256835,0.0011853805013312914,0.00050948658110300455,0.00040340536369494283,0.0001512419610894663,0.0
Benny Cunningham,RB,LARM,2.5790240901172301,4500.0,0.99116628755050673,0.0062552213794852115,0.00088123194300843762,0.00054853576417790385,0.00039643670903501696,0.00022272308022886156,0.00052956357355782367,0.0
Jerick McKinnon,RB,MIN,2.5705549855611878,5400.0,0.99165334378606584,0.0059698846367869261,0.00074493418684106404,0.00066285810382661029,0.0005270516362457185,0.00021204432080918479,0.00022988332942459788,0.0
James Starks,RB,GB,2.5705197571563048,5500.0,0.99388907673106452,0.0029087407247273826,0.0011697660703476422,0.00069599451862559529,0.00057019289122239977,0.00032904364733983929,0.00043718541667270007,0.0
Ronnie Hillman,RB,MIN,2.5593021364858881,4600.0,0.99292751309015481,0.0045515680908537687,0.0012590372405592099,0.00074056316258247999,0.0002553179717425281,0.00012078635747037821,0.00014521408663634752,0.0
Kenneth Dixon,RB,BAL,2.5589575903701145,4800.0,0.99466003592588481,0.002264312256996357,0.00092893454548989291,0.0014586182742444662,0.00035586454716085998,0.00019300014118902949,0.00013923430903458337,0.0
Paul Perkins,RB,NYG,2.5544564242907382,4500.0,0.99506074253481536,0.001832665874198831,0.0016208791675499979,0.00073306483225091159,0.00038150223602195505,0.00021385840036715069,0.00015728695479576266,0.0
Derrick Henry,RB,TEN,2.5434549339856116,4900.0,0.99556981864503791,0.0026408334944917852,0.00071415097866765753,0.00041340109659066448,0.00028962318504408821,0.00013064439049660355,0.00024152820967136539,0.0
Jamize Olawale,RB,OAK,2.5401065267933545,4500.0,0.99517565825204446,0.0034821875367562235,0.00044978642347563773,0.00031440795186149712,0.00034937062774396569,0.00012466082957628626,0.00010392837854179781,0.0
DeAndre Washington,RB,OAK,2.5340087990587294,4800.0,0.9968313906231524,0.0014992315321467279,0.00068777027741070832,0.00043451718952576291,0.00026588703743492134,0.00017862247045427878,0.0001025808698752791,0.0
Damien Williams,RB,MIA,2.52761534773507,4700.0,0.99750797401441782,0.0009537632344158222,0.00054394805292050494,0.00066623795515320075,0.00021625681966682778,7.2773626424709931e-05,3.9046297001049986e-05,0.0
DuJuan Harris,RB,SF,2.5253782803918581,5300.0,0.99763383996527111,0.0008415224705151849,0.00090845944346950908,0.00028400265066194419,0.00018729042532714859,8.3805148854261546e-05,6.1079895900294857e-05,0.0
Robert Turbin,RB,IND,2.5178362546487092,4500.0,0.99774323675224652,0.0016350873599026514,0.00023670721821286424,0.00019188978197770654,0.00011138964823683597,6.2305907813335308e-05,1.9383331610199641e-05,0.0
John Kuhn,RB,NO,2.515506297086695,4500.0,0.9981808735088129,0.0011701972961210376,0.00031646290119294697,0.00014736463573362683,0.00010520938516991476,5.606326890234584e-05,2.3829004067636549e-05,0.0
Akeem Hunt,RB,HOU,2.5141010856620101,4500.0,0.99892247781890997,0.00029766544630086846,0.00034985523127049748,0.00016560715187446571,0.00011866826884975261,6.3915230416481048e-05,8.1810852377772536e-05,0.0
Jordan Todman,RB,IND,2.5136931136258309,4500.0,0.99882187011936374,0.00047517738682563491,0.00025442241971477148,0.0001968816918739102,0.00014116489105923049,7.9231222337416003e-05,3.1252268825398762e-05,0.0
Knile Davis,RB,KC,2.5102797636993892,4700.0,0.99897343946677508,0.00059556534037516885,0.0001576380961587964,0.00010620436966929188,7.7777824667504339e-05,4.3700043861240369e-05,4.5674858492505536e-05,0.0
Taiwan Jones,RB,OAK,2.5095410691188018,4500.0,0.99884493625569781,0.00080186975170388076,0.00015264413118156776,8.524367142007138e-05,6.1100515903682209e-05,3.4276099855277538e-05,1.9929574237268632e-05,0.0
Fozzy Whittaker,RB,CAR,2.5088409160539626,4500.0,0.99913828905767588,0.00046750372219642113,0.00013109036251622444,0.00012350878371703328,7.2517139721037024e-05,3.8791479065390346e-05,2.8299455107912254e-05,0.0
Kenjon Barner,RB,PHI,2.5063545203217465,4700.0,0.99950154204134023,0.00015662791098299079,0.00015445754899853409,7.4951424549421546e-05,4.4670732310717245e-05,2.5702246225873677e-05,4.2048095592119162e-05,0.0
Dwayne Washington,RB,DET,2.5062839459081809,4500.0,0.99954250911932829,0.00016149766968350023,9.12277645507261e-05,7.1598874619406387e-05,4.9568670831674373e-05,2.9081120494924292e-05,5.4516780491072445e-05,0.0
Zach Zenner,RB,DET,2.5055772281258872,4500.0,0.99961275695342688,0.0001424538010095975,6.527756481466412e-05,5.8642200862231421e-05,3.6141653223093121e-05,1.9191596167831782e-05,6.5536230495454853e-05,0.0
Jeremy Langford,RB,CHI,2.5050634692167368,4800.0,0.99959963510492134,0.00017996974684524468,7.1396529042969364e-05,4.815896502514654e-05,3.3086594221073593e-05,1.8191415455711794e-05,4.9561644488884985e-05,0.0
Aaron Ripkowski,RB,GB,2.5048052155332239,4600.0,0.99959321580274119,0.00017898765103264755,8.331625847015347e-05,5.4879292726304433e-05,3.9428494635203906e-05,2.2033447075407051e-05,2.8139053319227878e-05,0.0
Keith Smith,RB,DAL,2.5047993329031715,4500.0,0.99962850235754253,0.00013487566179046895,8.1213085740209972e-05,6.2790562540816718e-05,3.8449799909876669e-05,2.1134400662693308e-05,3.3034131813518687e-05,0.0
Ka'Deem Carey,RB,CHI,2.504681008338046,4500.0,0.99964771013520781,0.00014760578844769012,6.4824101527815995e-05,4.2758427491264216e-05,2.9914135507088272e-05,1.7134883476414238e-05,5.0052528341813592e-05,0.0
Mike James,RB,TB,2.504555690033909,4600.0,0.99963412823862774,0.00014840013154064166,6.7046234020037433e-05,6.3792365931575096e-05,3.7776684084454785e-05,2.0936449736967899e-05,2.7919896058984965e-05,0.0
James Develin,RB,NE,2.5045475406709889,4500.0,0.99965370633630934,0.00012887345470351255,6.9438629078927359e-05,5.4701512905912881e-05,3.9090994276039329e-05,2.062671146939994e-05,3.3562361256563687e-05,0.0
Brandon Bolden,RB,NE,2.5045475406709889,4500.0,0.99965370633630934,0.00012887345470351255,6.9438629078927359e-05,5.4701512905912881e-05,3.9090994276039329e-05,2.062671146939994e-05,3.3562361256563687e-05,0.0
Kenyan Drake,RB,MIA,2.5043954319885828,4500.0,0.99964265512706252,0.00013297378353015606,7.3059494521569764e-05,7.0451969406587074e-05,4.1341537479335767e-05,2.2397336663442034e-05,1.7120751336742613e-05,0.0
Kyle Juszczyk,RB,BAL,2.5038611264979749,4500.0,0.99965041170105384,0.0001601722587899644,8.3009694709833298e-05,4.1240888111112272e-05,3.0365211602016099e-05,1.6900971080787238e-05,1.7899274652334261e-05,0.0
Reggie Bush,RB,BUF,2.5038260346624774,5200.0,0.99958271693915124,0.00025508216411969809,6.421354696254545e-05,4.5296631769755944e-05,2.8182399103139899e-05,1.7483926719680187e-05,7.0243921739158962e-06,0.0
Zach Line,RB,MIN,2.5036087465916648,4500.0,0.99960451846379261,0.00025556335489620497,4.7126936726466762e-05,3.7150558605634732e-05,3.2157182306732675e-05,1.3860725952454506e-05,9.6227777196652781e-06,0.0
Mike Tolbert,RB,CAR,2.5032420206039565,4500.0,0.99966648351134091,0.00020111769915901717,4.533166085358748e-05,3.5521128632202167e-05,2.5760265774893881e-05,1.3725747749753558e-05,1.2059986489281763e-05,0.0
Josh Ferguson,RB,IND,2.5032232089858875,4500.0,0.9997341446812934,9.4458849069279846e-05,6.2194779596369605e-05,4.8128342460648554e-05,3.4541009475316216e-05,1.9477249367149122e-05,7.0550887379281725e-06,0.0
Rex Burkhead,RB,CIN,2.5031213564469463,4500.0,0.999763875237064,9.9895832615330338e-05,3.9404330904859833e-05,3.1229626771395623e-05,2.2331446251021463e-05,1.2440527942152363e-05,3.082299845153175e-05,0.0
Ryan Hewitt,RB,CIN,2.5031213564469463,4500.0,0.999763875237064,9.9895832615330338e-05,3.9404330904859833e-05,3.1229626771395623e-05,2.2331446251021463e-05,1.2440527942152363e-05,3.082299845153175e-05,0.0
Antonio Andrews,RB,TEN,2.5029489156903084,4500.0,0.99979463108739008,6.4930569224988912e-05,4.3947369352082005e-05,3.4986248962772835e-05,2.0759327193190238e-05,1.0588874485886041e-05,3.0156523391052196e-05,0.0
George Atkinson,RB,CLE,2.5028533096629588,4500.0,0.99979021781009991,4.3868707828612029e-05,8.5542072867764179e-05,2.6634322580018804e-05,1.7903818651020415e-05,1.9150270092608152e-05,1.6682997880069754e-05,0.0
Anthony Sherman,RB,KC,2.5027961069583626,4500.0,0.9997993719536068,5.5537107816150126e-05,5.2369477554851444e-05,3.4483761997496157e-05,2.4857547755599795e-05,1.3938087679960746e-05,1.9442063589505953e-05,0.0
Javorius Allen,RB,BAL,2.5025599753046124,4500.0,0.99980114988387569,7.5114124874230706e-05,4.0707943389608655e-05,3.110382279643733e-05,2.2574028042795785e-05,1.2612541286838057e-05,1.6737655734510178e-05,0.0
Malcolm Brown,RB,LARM,2.5020504186345516,4500.0,0.999863786143388,4.9978389390850152e-05,2.4135317977798997e-05,1.5623810205401219e-05,1.1055771149468956e-05,6.3290032843843136e-06,2.9091564604257271e-05,0.0
Jay Prosch,RB,HOU,2.5018762112432129,4500.0,0.99985862550799254,4.6787963779410186e-05,3.1467756123010872e-05,2.4534489415425012e-05,1.7674610644366826e-05,9.7973376660123483e-06,1.1112334378990205e-05,0.0
Tyler Ervin,RB,HOU,2.5018762112432129,4500.0,0.99985862550799254,4.6787963779410186e-05,3.1467756123010872e-05,2.4534489415425012e-05,1.7674610644366826e-05,9.7973376660123483e-06,1.1112334378990205e-05,0.0
Dion Lewis,RB,NE,2.5018537723468954,4900.0,0.99985267759170438,6.3603595251152521e-05,2.5978137945190743e-05,2.0526684362836992e-05,1.4658630067932015e-05,7.7532129812674593e-06,1.4802147687781855e-05,0.0
Lance Dunbar,RB,DAL,2.5018477851291214,4500.0,0.99983529774456803,7.4109411330717024e-05,2.9809041039065811e-05,2.8988877647733234e-05,1.7028910312086755e-05,1.0154559962889328e-05,4.6114551398928064e-06,0.0
Andre Ellington,RB,ARI,2.5018242869820528,4500.0,0.9998127985465598,0.0001078616481469331,3.4836123132931182e-05,1.7380356223619531e-05,1.2272813967569686e-05,6.9581002268213324e-06,7.8924117419654161e-06,0.0
Roosevelt Nix,RB,PIT,2.5016309638013787,4500.0,0.99988779010189044,3.8962383078533905e-05,2.0853359244838848e-05,1.6270342784635903e-05,1.1656987345686739e-05,5.9664571937171392e-06,1.8500368461917657e-05,0.0
Paul Lasike,RB,CHI,2.501599219974409,4500.0,0.99988040383717136,4.4217476048698488e-05,2.3628748591676238e-05,1.8453261588945771e-05,1.295487751154259e-05,7.3546448202712278e-06,1.2987154267030038e-05,0.0
Thomas Rawls,RB,SEA,2.5015777382476592,5100.0,0.99988881574968413,3.6070998795995013e-05,2.2779299022696158e-05,1.7866994979907843e-05,1.3221712684291032e-05,7.1092496018300748e-06,1.4135995231435232e-05,0.0
Denard Robinson,RB,JAC,2.5014317067679435,4500.0,0.99988884253410071,3.4542751054114248e-05,2.8957400753698639e-05,2.1101443394884109e-05,1.2739400017496172e-05,6.7901257604078657e-06,7.02634491854319e-06,0.0
Chase Reynolds,RB,LARM,2.5014213526405991,4500.0,0.99991217923855202,2.6310444304359374e-05,1.7097471792123512e-05,1.1046757472475052e-05,7.8169422793646894e-06,4.4748984662474754e-06,2.1074247133113288e-05,0.0
Will Tukuafu,RB,SEA,2.5013086740047141,4500.0,0.99992152928249844,2.0161657961997466e-05,1.5148793963456881e-05,1.1785322721916536e-05,8.4977288926510178e-06,4.5154796220085493e-06,1.8361734339616146e-05,0.0
Stepfan Taylor,RB,ARI,2.5012249410923855,4500.0,0.99990436216319178,3.0774182423934838e-05,2.7785994087228383e-05,1.4062647198169946e-05,9.8944567039561156e-06,5.6048913992459658e-06,7.5156649957047196e-06,0.0
Kerwynn Williams,RB,ARI,2.5012249410923855,4500.0,0.99990436216319178,3.0774182423934838e-05,2.7785994087228383e-05,1.4062647198169946e-05,9.8944567039561156e-06,5.6048913992459658e-06,7.5156649957047196e-06,0.0
Jalston Fowler,RB,TEN,2.501199949668715,4500.0,0.99992530797013179,1.9389397848258559e-05,1.529988871877208e-05,1.1972006209000875e-05,8.6083544668608483e-06,4.3961100651779308e-06,1.502627255955449e-05,0.0
Troymaine Pope,RB,SEA,2.501192743361111,4500.0,0.9999162109355012,2.7189266534450777e-05,1.7223128640370821e-05,1.3380361132337058e-05,9.6651336749955415e-06,5.3607360311292895e-06,1.0970438485308084e-05,0.0
Orleans Darkwa,RB,NYG,2.5011471285577001,4500.0,0.99990978764419025,3.4506254567372185e-05,1.805737878382451e-05,1.449668473712005e-05,1.0540642405577975e-05,5.8813293229802502e-06,6.7300659932640616e-06,0.0
Bobby Rainey,RB,NYG,2.5011471285577001,4500.0,0.99990978764419025,3.4506254567372185e-05,1.805737878382451e-05,1.449668473712005e-05,1.0540642405577975e-05,5.8813293229802502e-06,6.7300659932640616e-06,0.0
Fitzgerald Toussaint,RB,PIT,2.5011211391040948,4500.0,0.9999245563312682,2.081148432280461e-05,1.5852611964261617e-05,1.4647179705302404e-05,8.8853602958574279e-06,4.5850524083746974e-06,1.0661980034856554e-05,0.0
Jonathan Williams,RB,BUF,2.5011015037230613,4500.0,0.99991253222098653,3.013282842345251e-05,2.1513584281478023e-05,1.370560864025988e-05,1.1746417238523661e-05,5.5749733610820345e-06,4.7943670685671451e-06,0.0
Corey Grant,RB,JAC,2.5010947234278471,4500.0,0.99992302730494453,2.2341784057935474e-05,1.7416780459756539e-05,1.3556945931445464e-05,9.8048953943010007e-06,5.4406391073554258e-06,8.4116501051586535e-06,0.0
Shaun Draughn,RB,SF,2.5010823313690742,4600.0,0.9999195201221549,2.6288147819752647e-05,1.7824026246740422e-05,1.3868101396927067e-05,1.0018038598369258e-05,5.5176997836435641e-06,6.9638639998483906e-06,0.0
Marcus Murphy,RB,NO,2.5009616345172407,4500.0,0.99993005172838234,2.327357940638432e-05,1.4782752837500261e-05,1.1495763555488918e-05,8.2618119134935811e-06,4.6133902224408773e-06,7.5209736822053721e-06,0.0
Michael Burton,RB,DET,2.5009495251467921,4500.0,0.99993606426225135,1.8154683911260933e-05,1.3887961585521813e-05,1.0733711753670908e-05,7.8165992611114513e-06,4.1474587131484325e-06,9.1953225238484851e-06,0.0
Jerome Felton,RB,BUF,2.5005341124303917,4500.0,0.99995658842961366,1.6956744362190468e-05,8.6255950166573456e-06,7.3132908912295129e-06,5.294558611319644e-06,2.9616901463988805e-06,2.2596913587316293e-06,0.0
