name,pos,team,expectation,salary,prob_0_5,prob_5_10,prob_10_15,prob_15_20,prob_20_25,prob_25_30,prob_30+,label
Le'Veon Bell,RB,PIT,18.152433165771587,9500.0,0.043470619919093428,0.14453558461545313,0.20252459339295506,0.16273108095317085,0.22871654455600393,0.15953187132812133,0.058489705235202888,4.0
Ezekiel Elliott,RB,DAL,18.151331742628042,8600.0,0.035051535425995477,0.15763421873265085,0.16273276245258878,0.27127175976683815,0.15757440012879492,0.13281725175551595,0.082918071737616283,3.0
DeMarco Murray,RB,TEN,15.736886341822924,8300.0,0.07188248585064802,0.18170425416215391,0.23763887362256825,0.23886827293018317,0.14335262553645622,0.081478483544013866,0.045075004353976995,3.0
David Johnson,RB,ARI,15.24424992214875,9500.0,0.073865225751398783,0.21952774002998035,0.23438102356562421,0.21086219074715273,0.14694368731121507,0.069021324055259861,0.04539880853936968,2.0
Jay Ajayi,RB,MIA,14.522959739896443,8400.0,0.10008752965073826,0.20857344588529586,0.23990378601822274,0.25699568302531273,0.093722851416530126,0.056217400473243286,0.044499303530657196,3.0
Spencer Ware,RB,KC,12.754766954159058,7000.0,0.15065289277129315,0.2589236367935307,0.22997433309922394,0.21004461107422531,0.082635454881525031,0.046062352586836837,0.021706718793365051,1.0
Carlos Hyde,RB,SF,11.986596969992906,6800.0,0.19244486818052511,0.25724618237571889,0.25861316096441311,0.16348048525409742,0.062378481608375377,0.030031888674276107,0.035804932942594174,2.0
Jordan Howard,RB,CHI,11.82626039741945,6800.0,0.16464421423732814,0.29513039541826525,0.25935116965607385,0.16358864457454128,0.064137298697846054,0.027573057976784839,0.025575219439160721,1.0
Tim Hightower,RB,NO,11.806488334090023,6500.0,0.2037745351680634,0.24826548171151203,0.26184529375189813,0.15820319874565075,0.069892698063547934,0.027973961682719473,0.03004483087660844,2.0
LeGarrette Blount,RB,NE,11.767904178610506,6800.0,0.18479975532852649,0.27226841766851256,0.26098927427042962,0.14933038235586318,0.088734225097044608,0.01920054817372643,0.024677397105896847,1.0
Rashad Jennings,RB,NYG,11.643236770808018,6600.0,0.17672546447069168,0.32185181790331613,0.23148486726726908,0.14747083073930795,0.061076453557028294,0.02795412275186859,0.033436443310518309,1.0
Lamar Miller,RB,HOU,11.58448620872591,7100.0,0.15635119748647985,0.31870915840039016,0.2558187776135421,0.16890292194430317,0.051759551927203155,0.028117331671033374,0.02034106095704892,1.0
Jonathan Stewart,RB,CAR,11.380245995420429,6900.0,0.17834849713063758,0.3332395279495064,0.22330999978108182,0.14514817837367766,0.070022009131111979,0.029266346462644678,0.020665441171340178,1.0
Todd Gurley,RB,LARM,11.026675886424027,7500.0,0.19131398326676499,0.31607403149777963,0.24859363244389432,0.14884431273735002,0.054423170664677507,0.024688260668994128,0.016062608720539436,1.0
Doug Martin,RB,TB,10.795530418324015,6400.0,0.19949447503711437,0.3382920717770454,0.24052357593960111,0.11942473544282124,0.062609128612068285,0.017805297674636792,0.021850715516712971,1.0
Rob Kelley,RB,WAS,10.74140357529183,5700.0,0.2846410608700885,0.24621575111026867,0.20462170621104672,0.16213144113110273,0.055641624997775814,0.013335982517716248,0.03341243316200173,0.0
Mark Ingram,RB,NO,10.638340296669409,6000.0,0.2620923375885042,0.28348553695028655,0.2111859723916808,0.13181495897871881,0.062245971799799189,0.028171420951127686,0.021003801339883343,1.0
Latavius Murray,RB,OAK,10.322517787669803,6600.0,0.29452788562173915,0.25350186789978441,0.25730615483711983,0.093415486000727008,0.04391665774203634,0.02145424690083356,0.035877700997760338,0.0
Wendell Smallwood,RB,PHI,10.242258130227629,5700.0,0.29474547920907851,0.2554736324545227,0.23719808701933415,0.1064224159687376,0.069639537575966165,0.011086059452059429,0.02543478832030158,0.0
Jeremy Hill,RB,CIN,10.197108546403314,5900.0,0.25985524587581144,0.31271760710237861,0.2328788528955866,0.097166276435920934,0.054643700035806451,0.017950865212069095,0.024787452442427169,1.0
Thomas Rawls,RB,SEA,10.040723817714259,7000.0,0.28203526895345177,0.24879205071067459,0.31142420002622601,0.079277871080190035,0.031321307447759641,0.022056661221947844,0.025092640559750329,2.0
LeSean McCoy,RB,BUF,10.014334466478232,8100.0,0.3257878567661161,0.23443026166521738,0.24600628473326214,0.096059836885389813,0.041909852113813484,0.028088838588552861,0.027717069247648725,0.0
Frank Gore,RB,IND,9.811077096227665,6500.0,0.31695792109129584,0.25055228163503973,0.26315212105999197,0.081965244399604134,0.042575727504804303,0.014678883825159221,0.030117820484105145,0.0
Terrance West,RB,BAL,9.7331005439351763,6300.0,0.2771580827166214,0.33046595420826419,0.21459284901498413,0.095663197725938925,0.04371021458972224,0.016350037551303497,0.022059664193166007,1.0
Chris Ivory,RB,JAC,9.149741972901305,5900.0,0.32623817634412672,0.31123076259251875,0.20572239780590851,0.084802420671305515,0.040973568111801778,0.0084940547789382932,0.022538619695401465,0.0
Isaiah Crowell,RB,CLE,8.9106174315561706,5700.0,0.37656506306945597,0.28322056304947307,0.18364483418236516,0.075899918853299456,0.037480961652747655,0.017824422017429172,0.025364237175230085,0.0
James Starks,RB,GB,8.8589401871201794,5300.0,0.35756269385674982,0.30819217630698226,0.17478743070353081,0.084859553470082186,0.043808563799227138,0.010616132006300811,0.020173449857128014,0.0
Matt Asiata,RB,MIN,8.6025488436676287,5900.0,0.38679690585390014,0.29022288351706638,0.16639571857919039,0.079739774152591869,0.050736307197738056,0.009582515158327325,0.016525895541186671,0.0
Theo Riddick,RB,DET,8.4599711316282722,6400.0,0.39976266717136416,0.25603689255682488,0.23098208052945904,0.051596215577231708,0.023376765695554972,0.015264997904119568,0.022980380565445924,0.0
Jerick McKinnon,RB,MIN,8.2874616688592067,5800.0,0.39837931069658439,0.31677905401250178,0.15936124524275949,0.056560395985424346,0.031129286985299095,0.011898095084634097,0.025892611992796997,0.0
James White,RB,NE,8.2852552402667907,5600.0,0.39350749354682307,0.30299832755526451,0.16104019626723701,0.078267599262023244,0.03717981684035248,0.018061613078540126,0.0089449534497598789,0.0
Melvin Gordon,RB,SD,8.2603332062541277,8200.0,0.49381288893276026,0.20417491432030271,0.12851207551510652,0.10322755792172635,0.021945846492286071,0.013814762099888718,0.034511954717929665,0.0
Matt Forte,RB,NYJ,8.1919057790878806,6800.0,0.4597781222053563,0.26347475090703915,0.13510557110884411,0.067452491709322118,0.025253759822511501,0.011171152886791958,0.037764151360134869,0.0
Devonta Freeman,RB,ATL,7.613810160065503,7300.0,0.52690929721456881,0.20331314866537917,0.14746354513936263,0.053374261518764218,0.027385070445708447,0.010164449250359734,0.031390227765857072,0.0
Devontae Booker,RB,DEN,7.5629041261560559,6300.0,0.53433213402088386,0.22253031295931133,0.10994875875631054,0.064755449639513865,0.020222756791179512,0.012248801491457236,0.035961786341343567,0.0
Alfred Morris,RB,DAL,7.2197422400786744,4700.0,0.5755664955039973,0.21689070787889722,0.072035306204293562,0.02013637584946092,0.086320878224454708,0.0076880326138539443,0.021362203725042907,0.0
T.J. Yeldon,RB,JAC,7.0795171970138639,5200.0,0.49954212620564264,0.27775493874599488,0.12473521800048235,0.049718588422466105,0.026015694638193559,0.0060385333875293207,0.016194900599691357,0.0
Kenneth Dixon,RB,BAL,6.912660160068123,5000.0,0.54855170946982823,0.24244158463511889,0.10751971549567059,0.044598407622634201,0.030453566217691387,0.0015907193235828981,0.024844297235474117,0.0
Darren Sproles,RB,PHI,6.7874755098753798,5400.0,0.54001728552989492,0.24814149407954636,0.11867906157224566,0.044051209948537194,0.028710648704351673,0.0050684606581601066,0.015331839507264505,0.0
Duke Johnson,RB,CLE,6.4302928205679253,4900.0,0.58691218448475035,0.23003502120524974,0.086516683004791553,0.062317237890727538,0.0097444179452751845,0.0013487794029138972,0.023125676066292174,0.0
Jeremy Langford,RB,CHI,6.3421639621812496,4900.0,0.58514775637647654,0.23732716870797738,0.086541512607055754,0.054384715099884566,0.015550528390850506,0.0027651551095365023,0.018283163708218874,0.0
Peyton Barber,RB,TB,6.1369702181024506,5200.0,0.64782342429050155,0.18324493822027269,0.079489394340952604,0.038894564369910914,0.022528769910485295,0.0025009091163740614,0.02551799975150279,0.0
Ty Montgomery,RB,GB,6.091930149554174,4900.0,0.61035805760366824,0.22934097191658898,0.084659634182347648,0.037060306042627715,0.014937231288048445,0.0032591646227979011,0.020384634343920668,0.0
Chris Thompson,RB,WAS,5.9305978748560522,5300.0,0.63676579940226785,0.20702777605074985,0.081131481962588139,0.038011753116807781,0.013259946273306246,0.0033115268074606192,0.020491716386820381,0.0
Charcandrick West,RB,KC,5.8741577320078502,5200.0,0.64216163134510573,0.20724080015668322,0.074973780821913985,0.035733169511617639,0.015036652394368964,0.0075024740121957343,0.017351491758115532,0.0
Dwayne Washington,RB,DET,5.8352289848067542,4500.0,0.62376900601027896,0.24242991878168468,0.084647004946439078,0.011677950473781829,0.0080358860182165523,0.0021446978065414097,0.027295535963056877,0.0
Jamize Olawale,RB,OAK,5.6869533731581434,4500.0,0.73347554297903284,0.14013780049136054,0.054691127017668546,0.015846401982406208,0.008889888123735,0.00030879631660617993,0.046650443089190988,0.0
Paul Perkins,RB,NYG,5.5941152648255965,4500.0,0.68402528301551269,0.18278577988043007,0.062812440164444983,0.034450404008075322,0.0095335676397638337,0.0017496694826696817,0.024642855809103043,0.0
Christine Michael,RB,GB,5.5877272536135836,4700.0,0.74460350859263413,0.13155524172137659,0.051334214940554131,0.015439295437043303,0.012701591587919349,0.0014549558170943841,0.042911191903377395,0.0
Dion Lewis,RB,NE,5.5600560571073396,4900.0,0.69631940996066555,0.16536096239061773,0.074002242207605609,0.023832563533410494,0.0136223120988897,0.0012983254249497459,0.025564184383861505,0.0
Bilal Powell,RB,NYJ,5.4837873483381268,5500.0,0.7054186933200618,0.15871486276914104,0.064260321231286457,0.029101883216455217,0.020532541956290874,0.0018199245550618868,0.020151772951703433,0.0
DuJuan Harris,RB,SF,5.230074153999217,5200.0,0.72352968391804695,0.15647315427295033,0.066861167679252667,0.019180536573808082,0.0073724101279781015,0.0026678115644771846,0.0239152358634869,0.0
Benny Cunningham,RB,LARM,4.9314763742269738,4500.0,0.76546065681361231,0.13458660609937337,0.046765744345270942,0.020415476393757501,0.0045358845455799948,0.0031629293491669129,0.025072702453238858,0.0
Damien Williams,RB,MIA,4.7870784167844587,4800.0,0.7751868741540352,0.12077310925453261,0.05234888713684361,0.011666289685739873,0.025024407656986557,0.00043633905573360691,0.014564093056128881,0.0
Akeem Hunt,RB,HOU,4.7643633700467873,4500.0,0.76465035190172914,0.12366758637881511,0.070145401423020559,0.01920914501756333,0.0047531540157351214,0.0013060763610134492,0.016268284902123592,0.0
Kyle Juszczyk,RB,BAL,4.7212498058183874,4500.0,0.74007376909298872,0.17563701057290806,0.039378489417778731,0.027367778446901022,0.0021633748297398771,0.00057874504159633844,0.01480083259808734,0.0
Lance Dunbar,RB,DAL,4.6744567596301785,4500.0,0.82943633447760712,0.093599665089629025,0.020627334649867636,0.011002533475432208,0.01098256472329525,0.00012402071993381536,0.034227546864234591,0.0
Kenjon Barner,RB,PHI,4.6103909192216159,5300.0,0.81046269143030103,0.096495299496855522,0.044867708171826531,0.016437007989736227,0.0061628077325208168,0.0028992937049450163,0.022675191473814998,0.0
Kenyan Drake,RB,MIA,4.5869265492052822,4500.0,0.80756871337786029,0.10087667292868505,0.047564536793155761,0.011470346701579733,0.0089386276172382494,0.0013754360181677102,0.022205666563312236,0.0
Mike James,RB,TB,4.550685296101407,4500.0,0.78749373164462366,0.12894051517889435,0.043193144434038426,0.01604425850373925,0.0033614442399844233,0.0020354575263492524,0.018931448472370542,0.0
Jalen Richard,RB,OAK,4.5353313625621761,4900.0,0.77490201317071739,0.15243826558487342,0.033235298296976273,0.0143697180223592,0.0055300364005308154,0.0026548231634140503,0.016869845361128927,0.0
Tevin Coleman,RB,ATL,4.4311867778167606,5600.0,0.81967071391582269,0.09579792557389015,0.046058142293619396,0.011670020379800432,0.0030258449367090005,0.0022287262233615132,0.021548626676796689,0.0
Reggie Bush,RB,BUF,4.4060053597003446,4700.0,0.7921692796151103,0.13816914668138841,0.033730927497095983,0.014357863130249627,0.002758590500628945,0.0005534219131337687,0.018260770662393087,0.0
Jonathan Williams,RB,BUF,4.3930385007205821,4500.0,0.82880783323151552,0.1070376481097873,0.022612239777960414,0.01037936908097248,0.0025371859349612069,0.00067232241704766663,0.027953401447755061,0.0
Andre Ellington,RB,ARI,4.3526185953687921,4500.0,0.82078896586797589,0.11363611433524881,0.02700866602484903,0.011682908119071448,0.0024368427105647588,0.00055206109036356631,0.023894441851926216,0.0
Derrick Henry,RB,TEN,4.281889087401221,4800.0,0.83663663717395187,0.081726219044406342,0.04076342923322325,0.016351784220643949,0.0051239589368032024,0.0016755083207128537,0.017722463070258817,0.0
Shaun Draughn,RB,SF,4.2258512485338926,4500.0,0.80843421453997311,0.13006494488615053,0.031429760162573595,0.0095251167186343778,0.003688356140620463,0.00043829287414647332,0.01641931467790202,0.0
Mike Tolbert,RB,CAR,4.1861930799447435,4500.0,0.83908095347444667,0.09713570133876151,0.031419772322801562,0.008839019707912921,0.00077009126447053747,0.00015870431498846588,0.02259575757661857,0.0
Fozzy Whittaker,RB,CAR,4.1545089797423032,4500.0,0.82084105563124776,0.11279670683612258,0.036950943105379525,0.011377104659127993,0.0022871463676609888,0.00095498576629923315,0.014792057634162255,0.0
Denard Robinson,RB,JAC,4.1253059383819002,4500.0,0.85474464812058459,0.080750350868944401,0.029241843811518519,0.010945577590922108,0.0018413630324207516,0.00031362897301050343,0.022162587602599464,0.0
Kapri Bibbs,RB,DEN,4.0916944884904245,5000.0,0.85339997727931216,0.07159683024402172,0.040104289692493335,0.013519196563350551,0.0048186804168299643,0.00063032734282567721,0.015930698461165706,0.0
Robert Turbin,RB,IND,4.0600025158346318,4500.0,0.84435230433400854,0.10106739871327926,0.023686590668343138,0.0062328032464828605,0.006033886358107067,0.00023309364898538496,0.018393923030793399,0.0
John Kuhn,RB,NO,4.0337700518633959,4500.0,0.86874646641523989,0.078660520924369898,0.019406265357534803,0.0060945345419875551,0.0019746177918558644,0.00011032223914874182,0.025007272729863077,0.0
Jerome Felton,RB,BUF,4.0181277995210394,4500.0,0.84944758635522855,0.10884527945822482,0.012358637770882273,0.0049038312140348168,0.0012255292956433019,0.00031665953957900437,0.022902476366407062,0.0
Travaris Cadet,RB,NO,3.9536183803556537,4500.0,0.86040053533116645,0.089935001629569952,0.017966989865099019,0.0085748891944271207,0.0042692903190175088,0.00032902862844902322,0.018524265032271666,0.0
Aaron Ripkowski,RB,GB,3.8134805305693518,4500.0,0.89053835088105404,0.065476674331517049,0.014153345569364205,0.0060316860693367192,0.0013919698510720491,0.00026801560229099255,0.022139957695364854,0.0
Paul Lasike,RB,CHI,3.791481173535975,4500.0,0.88545026411643168,0.071172974937677908,0.014864558518871999,0.00671953714810428,0.0013925443124854239,0.00062362149617952464,0.019776499470249367,0.0
Will Tukuafu,RB,SEA,3.761719294631348,4500.0,0.89288273027790055,0.064530399500662625,0.014185188887725022,0.0060753510263472418,0.0013640091638934229,0.00032939701134741692,0.02063292413212376,0.0
Ka'Deem Carey,RB,CHI,3.6982138422686268,4500.0,0.8787746849053123,0.08068244066051275,0.017021146756849646,0.0066476177177122306,0.0017307733200090279,0.0002530668740587262,0.014890269765545651,0.0
Rex Burkhead,RB,CIN,3.6884736627128598,4500.0,0.8940612277353569,0.066478466083652848,0.01542261268983393,0.0040562734184621859,0.00059730269876073696,0.00012250193449726322,0.019261615439436216,0.0
Jay Prosch,RB,HOU,3.6646520681329044,4500.0,0.89711761220514985,0.065008660692826986,0.01241108814998571,0.0056006718243249952,0.0010097920446638796,0.00018716337177840839,0.018665011711270704,0.0
Zach Line,RB,MIN,3.6286611370076356,4500.0,0.88976250614138896,0.063276968829837132,0.025035778705342477,0.0071132429893143731,0.0019570861990222833,0.00022538932076184064,0.012629027814332863,0.0
C.J. Spiller,RB,NYJ,3.6136551178214713,4500.0,0.88831860341187485,0.069168814799352885,0.021327623006302504,0.0061352513460194713,0.001984942173867557,0.0002396894586557474,0.012825075803927475,0.0
Alex Collins,RB,SEA,3.5720019995147338,4500.0,0.89779727752717731,0.061055195890755691,0.019917626748060531,0.0053996457222317967,0.0020452056245988111,0.00031508287711475507,0.013469965610062305,0.0
Javorius Allen,RB,BAL,3.4924180277475236,4500.0,0.90900358517296065,0.050349850128632141,0.020649884198866271,0.0052611058671925177,0.0017641634146678741,0.00021343810135806163,0.012757973116323136,0.0
Keith Smith,RB,DAL,3.4871059642670903,4500.0,0.90259138790123083,0.065478201164190106,0.013830671553416277,0.0031373489501581617,0.00063094373942804887,0.00053905114736111184,0.013792395544215835,0.0
George Farmer,RB,SEA,3.4621999289599623,0,0.91095831823307138,0.057684522415216419,0.013292156851806392,0.0021302691186244165,0.00043980929342854404,0.0004639342849784434,0.015030989802874418,0.0
Stepfan Taylor,RB,ARI,3.370156359532205,4500.0,0.9268424415698393,0.041849934957832118,0.013514238319028406,0.0021651686012366662,0.00065753884300907058,0.00085480398270120438,0.014115873726353777,0.0
Kerwynn Williams,RB,ARI,3.370156359532205,4500.0,0.9268424415698393,0.041849934957832118,0.013514238319028406,0.0021651686012366662,0.00065753884300907058,0.00085480398270120438,0.014115873726353777,0.0
Patrick DiMarco,RB,ATL,3.3697459161897196,4500.0,0.92612035374382284,0.042850981663817768,0.013382084009413422,0.0022089323742629317,0.00060275232848978216,0.00075373073513784652,0.014081165145055705,0.0
Antonio Andrews,RB,TEN,3.3625103215997063,4500.0,0.92744746785482401,0.041455642875871078,0.013452636867821692,0.0021789462277814449,0.00071921068179467212,0.00074810293299689009,0.013997992558910637,0.0
Jalston Fowler,RB,TEN,3.3625103215997063,4500.0,0.92744746785482401,0.041455642875871078,0.013452636867821692,0.0021789462277814449,0.00071921068179467212,0.00074810293299689009,0.013997992558910637,0.0
Fitzgerald Toussaint,RB,PIT,3.3594393126282651,4500.0,0.92704549446844731,0.04228798213131725,0.013209490318220194,0.002109289327871593,0.00071755380961525841,0.00074227873574440341,0.013887911208784206,0.0
Roosevelt Nix,RB,PIT,3.3594393126282651,4500.0,0.92704549446844731,0.04228798213131725,0.013209490318220194,0.002109289327871593,0.00071755380961525841,0.00074227873574440341,0.013887911208784206,0.0
Juwan Thompson,RB,DEN,3.3230530143446493,4500.0,0.93529717659896727,0.036153749143976059,0.010270028796585139,0.0026026247320216915,0.00044063854628667532,0.00045747762232695876,0.014778304559836425,0.0
Knile Davis,RB,KC,3.3199208569051724,4500.0,0.92517972417134009,0.043767881376063189,0.015314465753732201,0.0027930389863008291,0.00084159912878455838,0.00055302918073433052,0.011550261403045279,0.0
Jonathan Grimes,RB,HOU,3.3189470681347037,4500.0,0.93568733441641427,0.036019702189157621,0.010185726453709014,0.0024488164705365849,0.00042814533510166159,0.00043837373311916925,0.014791901401961949,0.0
Michael Burton,RB,DET,3.3087790165772999,4500.0,0.93595037663368152,0.036125536255429254,0.010112656675888117,0.0024613696574484587,0.00043586256166090384,0.00044326260935524827,0.014470935606536801,0.0
Zach Zenner,RB,DET,3.3087790165772999,4500.0,0.93595037663368152,0.036125536255429254,0.010112656675888117,0.0024613696574484587,0.00043586256166090384,0.00044326260935524827,0.014470935606536801,0.0
Cedric Peerman,RB,CIN,3.3051289458604058,4500.0,0.93611495780189091,0.036020645999465042,0.010167650304294078,0.0024662500157208089,0.00042682636836985474,0.00044004318220097229,0.014363626328058644,0.0
Anthony Sherman,RB,KC,3.3038324571091215,4500.0,0.93338010618023382,0.037608375517309819,0.01233750541798654,0.0021646593110881945,0.00055369399123293434,0.00062495740908227932,0.0133307021730667,0.0
Andy Janovich,RB,DEN,3.2989456027157145,4500.0,0.9302930194062069,0.040505564383201173,0.010702322319751571,0.0055648616894045638,0.00094869407120120566,0.00034429845273803683,0.011641239677496874,0.0
James Develin,RB,NE,3.2941928467498349,4500.0,0.93389547564618003,0.037271410994134599,0.011712564642114417,0.0030632961318930829,0.00063402066031847633,0.00055663298679016363,0.012866598938569168,0.0
Brandon Bolden,RB,NE,3.2941928467498349,4500.0,0.93389547564618003,0.037271410994134599,0.011712564642114417,0.0030632961318930829,0.00063402066031847633,0.00055663298679016363,0.012866598938569168,0.0
Orleans Darkwa,RB,NYG,3.2916566982637727,4500.0,0.93303200745981951,0.038008675755141517,0.012717409015956827,0.0023295445517313648,0.00061493998654617494,0.00066253249060932798,0.012634890740195956,0.0
Bobby Rainey,RB,NYG,3.2916566982637727,4500.0,0.93303200745981951,0.038008675755141517,0.012717409015956827,0.0023295445517313648,0.00061493998654617494,0.00066253249060932798,0.012634890740195956,0.0
Taiwan Jones,RB,OAK,3.2646644269304654,4500.0,0.93532296152222694,0.03727771892068258,0.011537073057416634,0.0023629667118045378,0.00056240122205382067,0.00056479690056921751,0.012372081665246486,0.0
Ryan Hewitt,RB,CIN,3.2493861629150333,4500.0,0.93858552367385084,0.034902511885572994,0.010460938298131391,0.002443705009622963,0.00042102985973581044,0.00044885576113385458,0.012737435511952225,0.0
Jordan Todman,RB,IND,3.2448551730476272,4500.0,0.93818798049069885,0.035556698898881987,0.010425981219262439,0.0023940846856921275,0.0004871157089068978,0.00048749806547480803,0.012460640931083147,0.0
Josh Ferguson,RB,IND,3.2448551730476272,4500.0,0.93818798049069885,0.035556698898881987,0.010425981219262439,0.0023940846856921275,0.0004871157089068978,0.00048749806547480803,0.012460640931083147,0.0
Derek Watt,RB,SD,3.2389488829025965,4500.0,0.9388195995473021,0.034748840842565229,0.010693983975402213,0.0025255474546639393,0.00042867651886086097,0.000486777633416838,0.012296574027789239,0.0
Kenneth Farrow,RB,SD,3.2389488829025965,4500.0,0.9388195995473021,0.034748840842565229,0.010693983975402213,0.0025255474546639393,0.00042867651886086097,0.000486777633416838,0.012296574027789239,0.0
Malcolm Brown,RB,LARM,3.2378316116489714,4500.0,0.94013460711579266,0.033625659051267597,0.010259680848192376,0.0025017266779102814,0.00041273111409893516,0.00044078110718971675,0.012624814085548724,0.0
Chase Reynolds,RB,LARM,3.2378316116489714,4500.0,0.94013460711579266,0.033625659051267597,0.010259680848192376,0.0025017266779102814,0.00041273111409893516,0.00044078110718971675,0.012624814085548724,0.0
George Atkinson,RB,CLE,3.2158109881237991,4500.0,0.94300176634328914,0.031588577819113263,0.0096817980511185887,0.0023572893623836156,0.00046128359949324334,0.00041155342775281174,0.012497731396849451,0.0
Corey Grant,RB,JAC,3.2047057282956963,4500.0,0.94584228592616071,0.029531287270795833,0.0088238096005921508,0.0021820552813655108,0.00034158271182405711,0.00030908157629116513,0.012969897632970833,0.0
