name,pos,team,expectation,salary,prob_0_5,prob_5_10,prob_10_15,prob_15_20,prob_20_25,prob_25_30,prob_30+,label
Odell Beckham Jr.,WR,NYG,24.74740418003967,9000.0,0.096360302333967002,0.088402482547112193,0.030677836875892955,0.19728389237042837,0.036012739809699955,0.012925204033264187,0.53833754202963535,6.0
Jordy Nelson,WR,GB,13.138811321235258,8000.0,0.03362177343399686,0.28062066391846707,0.37297711289389102,0.16957542205959747,0.12779644190671349,0.012586977921677948,0.002821607865656355,2.0
Antonio Brown,WR,PIT,13.093615918779964,8800.0,0.15150520216593522,0.254122535354599,0.077202917119563494,0.45084649504564173,0.027094448121767194,0.0038047184752898135,0.035423683717203683,3.0
Doug Baldwin,WR,SEA,12.609384540326159,6800.0,0.037691994434440677,0.12309947284922883,0.66660930349105019,0.14266957549539519,0.015790923541393453,0.011676892428701216,0.0024618377597903575,2.0
Davante Adams,WR,GB,12.128395458625812,7600.0,0.088778601142291233,0.30141600571386096,0.28361960898716659,0.2721084186225583,0.034831108113894574,0.015817662345179895,0.0034285950750485355,1.0
Brandin Cooks,WR,NO,12.05804610890311,7300.0,0.21134742499623177,0.17379325616370342,0.30891967436326029,0.13852329445777964,0.13590181526288439,0.029363335632927708,0.0021511991232127763,2.0
Rishard Matthews,WR,TEN,10.858516313863451,6200.0,0.18854694936918823,0.27996757037579451,0.26967933140054912,0.21537335708171818,0.028364029071088738,0.016430743663006026,0.0016380190386550367,1.0
Mike Evans,WR,TB,10.677375875164451,7900.0,0.036682343673025218,0.57482739138831462,0.22267942759626036,0.088518695684911775,0.044672774980218953,0.027322761283869505,0.0052966053933994478,1.0
Willie Snead,WR,NO,10.262887776550668,6400.0,0.29482470602137145,0.23336373139796737,0.24054976253114885,0.11586213967454169,0.090062935090763296,0.022941716589438371,0.0023950086947689599,0.0
Julio Jones,WR,ATL,10.25791375579643,8700.0,0.35823772011042826,0.25974578844748741,0.079777949676202831,0.16701276412006244,0.085216772229341431,0.02312190208351048,0.026887103332967316,0.0
Julian Edelman,WR,NE,10.25221013712123,6400.0,0.11755135927292069,0.4036755493171626,0.36347581500261883,0.068209272047132327,0.024671935121504708,0.019470105717910819,0.0029459635207500744,1.0
Dez Bryant,WR,DAL,10.218023126795073,8000.0,0.22548320332680094,0.34234204380045374,0.23515718065421576,0.07536549054560196,0.10735042161844359,0.011673818809731836,0.0026278412447522624,1.0
Mike Wallace,WR,BAL,9.9387467259539815,6700.0,0.26154051369701775,0.098557284313756585,0.58048504558825165,0.029066828076947934,0.018601068718666035,0.0065019845598753368,0.0052472750454847852,2.0
Michael Thomas,WR,NO,9.6545947081198733,6400.0,0.30487948782489732,0.3103818142882489,0.16114556828626303,0.1194662602622021,0.083376925606268595,0.019023417804841146,0.0017265259272789706,1.0
T.Y. Hilton,WR,IND,9.3164062258101978,8100.0,0.086276800739148313,0.60716876007293918,0.23121439013555736,0.026738075267840507,0.035067238504630609,0.009850169548870134,0.0036845657310139936,1.0
Amari Cooper,WR,OAK,8.7073516857364748,7800.0,0.16381516127961493,0.63631481907632681,0.074548458387424271,0.065508857847507498,0.042867877489995376,0.014720567120490793,0.0022242587986402379,1.0
Jordan Matthews,WR,PHI,8.3760534400432807,5600.0,0.40303825949167221,0.22871877652580205,0.22904123548765151,0.096210042937751372,0.023465963511890568,0.014001157098183815,0.00552456494704851,0.0
Demaryius Thomas,WR,DEN,8.1996799502039721,7500.0,0.43538454701026608,0.22665417113598374,0.18870843553361996,0.098261069901053835,0.026256799873148867,0.016481872604477654,0.0082531039414500545,0.0
Jamison Crowder,WR,WAS,8.1345028448803998,6300.0,0.24133577330810119,0.51066494225448988,0.18163723787005256,0.026008855497516574,0.028548357458089712,0.010660175879866082,0.0011446577318839667,1.0
Larry Fitzgerald,WR,ARI,8.0092412715683849,7200.0,0.18243481629877611,0.6301472737511028,0.13835504971214588,0.020339792085540744,0.014954983784815785,0.010227319098082653,0.0035407652695359721,1.0
Pierre Garcon,WR,WAS,7.6950895583583225,5600.0,0.37719974675876727,0.4145153305541569,0.09288123480143777,0.041071445000879489,0.059107434051490243,0.013243478073474315,0.0019813307597940171,1.0
Jarvis Landry,WR,MIA,7.6605364254664199,7000.0,0.23346268337295673,0.616411879945439,0.082174736702207388,0.038646812972343993,0.017280304462390664,0.0079126743756452369,0.0041109081690168543,1.0
Kelvin Benjamin,WR,CAR,7.6586943447493026,7000.0,0.49484923019134924,0.14298497982382691,0.24253151369359732,0.090102556017830474,0.019077524763739345,0.0072527841215866114,0.0032014113880702911,0.0
Allen Robinson,WR,JAC,7.47588770831962,7400.0,0.5114512034093549,0.138488969062359,0.24537353952695184,0.072895429853993762,0.01756414485490107,0.010316674556520057,0.0039100387359193162,0.0
Terrelle Pryor,WR,CLE,6.9706676910221566,6900.0,0.33169281485400631,0.55824060880815096,0.041544090160529172,0.028901900877231143,0.032419462313844731,0.0069240681482631771,0.00027705483797440882,1.0
Kenny Britt,WR,LARM,6.9549362075150416,7100.0,0.39567684338785891,0.41085563792570251,0.15925632526563624,0.0099231663480943786,0.0090139977652734619,0.002325151705110909,0.012948877602323343,1.0
DeVante Parker,WR,MIA,6.879402806535456,6300.0,0.39668246013625763,0.4624030977802096,0.050110157438321611,0.065321090263024836,0.015617521553217412,0.0062020544933354353,0.0036636183356334099,1.0
Tyrell Williams,WR,SD,6.6920767568111934,6500.0,0.43772195479117226,0.39585821003573768,0.097363212045152622,0.04985862646039807,0.0073659029899290724,0.0054115886727877831,0.0064205050048225182,0.0
Cole Beasley,WR,DAL,6.5954931082164903,6400.0,0.29306849412639008,0.65165223764259317,0.017505023848270258,0.024381728090003954,0.0087208119919449673,0.0039721159258751118,0.00069958837492261467,1.0
DeAndre Hopkins,WR,HOU,6.3918195699505853,7000.0,0.45269175571467274,0.42896356920739004,0.046495183085898721,0.038911049502549387,0.026147060404901425,0.0060369300440966831,0.00075445204049110815,0.0
Cameron Meredith,WR,CHI,6.3359980339622686,5900.0,0.45087364805783653,0.41426562632903791,0.088148022632707421,0.022940181409524824,0.013887809324951731,0.0079896506193348725,0.0018950616266069234,0.0
Tajae Sharpe,WR,TEN,6.3025870362102019,5500.0,0.45175579160175849,0.4051459760352526,0.10225573212220776,0.021596700006370532,0.011592974468800078,0.0066969322722731641,0.00095589349333760338,0.0
Randall Cobb,WR,GB,6.1949647852624965,6600.0,0.44929360926007,0.42985055591728599,0.082331448016305264,0.019811548099583735,0.010213757884734952,0.007369464052146198,0.001129616769873974,0.0
Marvin Jones,WR,DET,6.0459095159713323,5700.0,0.65205224922294236,0.13168148694028159,0.099215842297300225,0.10052481392787167,0.0087316728058513867,0.0053953183900192865,0.0023986164157334339,0.0
Golden Tate,WR,DET,6.0056281502118729,6000.0,0.57886797301132142,0.245404743831692,0.099933231757334637,0.056765834047585145,0.012148334495606105,0.0051704373307732161,0.0017094455256872658,0.0
Kenny Stills,WR,MIA,5.6642009865328031,5700.0,0.51567673683896997,0.40397385660633661,0.038668813132367641,0.024761699274778278,0.010208093045679366,0.0048059751558044523,0.0019048259460637434,0.0
Emmanuel Sanders,WR,DEN,5.4833281225823027,6600.0,0.70282038155876714,0.077181763645141871,0.1757967242367301,0.022371221609742895,0.011840211856074702,0.007678087309133135,0.002311609784410073,0.0
Adam Thielen,WR,MIN,5.448547664080384,6200.0,0.70267614705536996,0.10848332737576,0.11770700891308898,0.050179305691149832,0.011992449329632639,0.007297984936887718,0.0016637766981108097,0.0
Sterling Shepard,WR,NYG,5.0499110264031559,6100.0,0.69866276490246437,0.16765748563944938,0.089692051964615785,0.026620696883213717,0.0090596431803945474,0.0047719139689156326,0.0035354434609465497,0.0
Marqise Lee,WR,JAC,5.0262925768783511,5800.0,0.69374008279689725,0.1679175293554753,0.095406167532087707,0.031667593907038993,0.0065461567728631702,0.0035698736587964739,0.0011525959768411518,0.0
DeSean Jackson,WR,WAS,4.9454297151734092,5900.0,0.69320087935698593,0.19396030648400042,0.073610019264095813,0.019296334755580121,0.011335847454445103,0.0074698523425551708,0.0011267603423374213,0.0
Michael Crabtree,WR,OAK,4.6397335880611319,6700.0,0.75682779151478741,0.1462913711648976,0.040748628279377211,0.032907127006098588,0.016492075907420699,0.0055307563917496938,0.0012022497356688441,0.0
Donte Moncrief,WR,IND,4.5966538371437595,6900.0,0.7287746128577125,0.16148538766832093,0.0869577329742766,0.012116521501051306,0.0067990691489808498,0.0031662135399838929,0.00070046230967399641,0.0
Cordarrelle Patterson,WR,MIN,4.5598453679872142,5200.0,0.71942408141609471,0.19632895381850626,0.058526993936686825,0.01122152042083443,0.0093076989891199453,0.0040327396902303065,0.001158011728527409,0.0
Tyreek Hill,WR,KC,4.1052861720416312,6000.0,0.78547926221867792,0.15980941099679583,0.018751572432239298,0.025305819354061624,0.0063003424456552545,0.0037816672596400485,0.00057192529293007704,0.0
Brandon Marshall,WR,NYJ,4.0888940864362304,7100.0,0.77846722588830752,0.16029948305894079,0.043394491816469767,0.0086821346493470859,0.0048112875294543866,0.0018974362294106155,0.0024479408280698349,0.0
Steve Smith,WR,BAL,3.9621349052309873,6300.0,0.78153025805715004,0.17595207071483893,0.024408648929232727,0.0098354911551324833,0.0045092534327869386,0.0029024532294893123,0.00086182448136944742,0.0
Brandon LaFell,WR,CIN,3.8840494756913162,5100.0,0.83686307400484461,0.087571737510990566,0.051212521098972535,0.015344030833989114,0.0052117575955454619,0.0031638137777303304,0.00063306517792722844,0.0
Adam Humphries,WR,TB,3.8661285455643633,5200.0,0.80544918704851542,0.14902312664198583,0.026897637939043893,0.0085206713644344571,0.0064160381410044006,0.0032170417914169805,0.00047629707359895471,0.0
Dontrelle Inman,WR,SD,3.8310294231018229,5000.0,0.79502333851979357,0.16849407471975525,0.023736211243962715,0.006236955188015726,0.0031692076938074623,0.0019064607012780042,0.0014337519333872065,0.0
Kendall Wright,WR,TEN,3.6640568282029307,4600.0,0.85476429302283496,0.095551846631243872,0.025609071056544683,0.014112547531037703,0.0067722779828063842,0.0027467614460300691,0.00044320232950215588,0.0
Corey Coleman,WR,CLE,3.2824146060536949,5300.0,0.89065881662880564,0.080493618755898361,0.017313439685960847,0.0069751863228785169,0.0027709199832975217,0.0015126245796272888,0.00027539404353181128,0.0
Allen Hurns,WR,JAC,3.1929226872056997,4900.0,0.91081948657686995,0.057493058401301443,0.02039187511398597,0.0072110883435552373,0.0024546777357291861,0.0011586913648963277,0.00047112246366191993,0.0
Tavon Austin,WR,LARM,3.1682100879965782,4900.0,0.90688352880171108,0.072539525117871179,0.012700256420965646,0.0032707751269772036,0.001305683421399287,0.00052305443267075438,0.0027771766784047375,0.0
Anquan Boldin,WR,DET,3.1180867629133164,4800.0,0.92851060969722721,0.042372179273907788,0.015034114470999876,0.0086577580269510505,0.0029254967596177447,0.0018315255106627487,0.00066831626063351354,0.0
Mohamed Sanu,WR,ATL,2.991492748329291,5900.0,0.95093504245990901,0.025017614094985555,0.0094816969185811967,0.0077777115933779211,0.0038784128793390008,0.0022940919423518162,0.00061543011145559154,0.0
Eli Rogers,WR,PIT,2.9766768056778421,5400.0,0.94055459937374686,0.041036490248068873,0.0086970926756387672,0.0053632496442369325,0.0022410420485111148,0.0012321004361438492,0.00087542557365347985,0.0
Tyler Boyd,WR,CIN,2.8946133552709381,5600.0,0.95645024513046206,0.024200251737605157,0.0097841169300130135,0.0053318913291152403,0.0025115116922897621,0.0013869506488622286,0.00033503253165239342,0.0
Marquise Goodwin,WR,BUF,2.8803265271702236,5300.0,0.93653169382069279,0.054059340706265044,0.0077065117221754697,0.00077093671980443248,0.00049286405446171756,0.00036171296115605794,7.6940015444356181e-05,0.0
Travis Benjamin,WR,SD,2.8403474074606017,5500.0,0.96821559774563315,0.014657345371303816,0.0071417559689726934,0.0045714890991390734,0.0030680983495015271,0.001403582691982524,0.00094213077346697559,0.0
Devin Funchess,WR,CAR,2.8329838948368691,5000.0,0.9550493003041266,0.033030674766956869,0.0064294704285693862,0.0028642713269132281,0.0014982264206321871,0.0008072834754668973,0.00032077327733466988,0.0
Quincy Enunwa,WR,NYJ,2.7909131591484941,4900.0,0.96039867490156816,0.029932293016268194,0.0025188162136700319,0.0061431143822643407,0.00056353695836578355,0.00023596935018392609,0.00020759517767922209,0.0
Torrey Smith,WR,SF,2.7786694801017218,4700.0,0.95649300742908372,0.038243954750573315,0.0019908708521226091,0.0014574255796991251,0.00079032043595454781,0.00045606340604919458,0.00056835754651757514,0.0
Jeremy Kerley,WR,SF,2.7775497115915817,5400.0,0.96483338758140613,0.024850279815850796,0.005360855284713726,0.0020740677758190611,0.0015425023753049363,0.00077143832034882358,0.00056746884655649592,0.0
Tyler Lockett,WR,SEA,2.7610358568724691,5200.0,0.96089990497146793,0.031441723289985408,0.0048684199514077639,0.0012597064789986749,0.00077122199407521222,0.00051270051535147812,0.00024632279871362474,0.0
Cecil Shorts,WR,TB,2.7573445025711503,4500.0,0.96513041202522709,0.026362981535159164,0.0043649104027310365,0.0018653365526657534,0.0011548394942102595,0.00075276626418242884,0.00036875372582436208,0.0
Chris Conley,WR,KC,2.7233223633641614,4700.0,0.96694488030232417,0.025743613410959012,0.0049165370371325812,0.0011554726843602066,0.00071903864409391738,0.00042517595279443154,9.5281968335372781e-05,0.0
Brian Quick,WR,LARM,2.6976233245346077,4500.0,0.97688862123942066,0.018018505858677536,0.001424841946972139,0.0011051273735038494,0.00040682455551734422,0.00020047923779115809,0.0019555997881173636,0.0
Ted Ginn Jr.,WR,CAR,2.6939617628111754,5200.0,0.97940400305376163,0.0094799379722070049,0.0077531503630691818,0.0013374644024450493,0.0010706423220009976,0.00046337392920206333,0.00049142795731390264,0.0
Victor Cruz,WR,NYG,2.6837526708177331,4800.0,0.98001339333229509,0.012342670723362481,0.003387415511654516,0.0017663353133543583,0.0011219435844007299,0.00069821189190180763,0.00067002964303080205,0.0
Kamar Aiken,WR,BAL,2.6762545087248708,4600.0,0.97999926712963259,0.011812426875034893,0.0048814188900496739,0.0014507436104856416,0.00076584240777166472,0.00055128029224741444,0.00053902079477833079,0.0
Taylor Gabriel,WR,ATL,2.6712658931572006,5100.0,0.97690100698504589,0.016660303465939861,0.0030834359943953276,0.002479259363816965,0.00050711755267741183,0.00029196218217195389,7.6914455952231133e-05,0.0
Jermaine Kearse,WR,SEA,2.660499137202827,4600.0,0.97753213905114922,0.017987932556090245,0.001898524429885799,0.0011716702326422833,0.00069284909531704337,0.00042087412095985987,0.00029601051395529454,0.0
Dorial Green-Beckham,WR,PHI,2.6427190980530497,4600.0,0.98508755885970134,0.0074119956437361306,0.0044348621705629608,0.0013710459816098685,0.00084323181851195153,0.00050496767422234998,0.00034633785165521071,0.0
Michael Floyd,WR,ARI,2.6318412514816414,5100.0,0.98400281862070127,0.011152575147544209,0.001618025201296963,0.0018746642691471853,0.00071581873020781664,0.00042818678949916266,0.00020791124160332447,0.0
Brandon Coleman,WR,NO,2.626291169788598,4500.0,0.98730217453590141,0.0056456618246727092,0.0032624743992881776,0.0025831955520362838,0.00080989091454610005,0.00031963000528814986,7.6972768267165835e-05,0.0
Will Fuller,WR,HOU,2.6229696763024193,6000.0,0.98722020974258151,0.0051850093605562966,0.00466138891821788,0.0020535850512535822,0.00056261501409583749,0.00025787638871414473,5.931552458106922e-05,0.0
Quinton Patton,WR,SF,2.622828129832476,4500.0,0.98292744407080512,0.013628618891328012,0.0013858348800223623,0.00092224344520588247,0.00058724293093851223,0.00034424488353345458,0.00020437089816667932,0.0
Andre Roberts,WR,DET,2.5955628606773593,4500.0,0.98898346016736238,0.0069667689439045395,0.0021717514203296621,0.00083080580793784434,0.0004368762727154031,0.00026987678942723788,0.00034046059832258376,0.0
Russell Shepard,WR,TB,2.5891188718775173,4500.0,0.99195047788867619,0.0033756835451278231,0.0018784441946829026,0.0013874166649367745,0.00081581780586622752,0.00038890542125458432,0.00020325447945563702,0.0
Phillip Dorsett,WR,IND,2.5787198484511227,4800.0,0.99105448667438145,0.0053026704566838771,0.001946226806467586,0.00079609437109689053,0.00051050845758605174,0.00027770489508324833,0.00011230833870069318,0.0
Brice Butler,WR,DAL,2.5759044648951304,4600.0,0.99151017759921778,0.0052970302941108705,0.00055547154754824783,0.0021142605779723429,0.00027573491413475278,0.0001869431574940994,6.038190952187973e-05,0.0
J.J. Nelson,WR,ARI,2.5736734438332487,5500.0,0.99167967326416928,0.0047452671667609801,0.0020549864904665332,0.0007280033732232319,0.00045282256461789429,0.00021397211609322983,0.00012527502466895394,0.0
Chris Hogan,WR,NE,2.5671175637801684,5800.0,0.99414854562131993,0.0014047828520110622,0.0028322207354843846,0.00081432666007606389,0.00032055905767702249,0.00032540050345759885,0.00015416456997378996,0.0
John Brown,WR,ARI,2.5579435006717568,5600.0,0.9935485994121912,0.0037636696383237201,0.0014190385027736203,0.0005418313716955643,0.00042826306422908263,0.00019498663442353429,0.0001036113763630433,0.0
Robby Anderson,WR,NYJ,2.5539565549303567,0,0.99234550621008,0.0061163769190562553,0.00069703246767941276,0.00045381716120011014,0.00019233203132722716,7.7992897682140747e-05,0.00011694231297481954,0.0
Terrance Williams,WR,DAL,2.5519979619394912,4900.0,0.99380985188626536,0.0039070883379202703,0.00099073457074437608,0.00088275631024444131,0.0002384664914601242,0.00013551040664220906,3.5591996723693976e-05,0.0
Justin Hunter,WR,BUF,2.5493593371559382,5300.0,0.9924019325190957,0.0061157575067266462,0.0010111350887444265,0.00026969551013147029,0.00011287691871105642,6.8446950737002893e-05,2.0155505853628736e-05,0.0
Albert Wilson,WR,KC,2.5456793202607266,4600.0,0.99325835958614683,0.0054042470882806493,0.00076696986394845807,0.00027115167243862938,0.00016778946140103888,9.4380505032657961e-05,3.7101822751455367e-05,0.0
Breshad Perriman,WR,BAL,2.5452338155049183,5000.0,0.99418988951454224,0.0041689267617131438,0.00090942344370335555,0.00031533883699500257,0.00016558547687621898,0.00011986849782129392,0.0001309674683488307,0.0
Seth Roberts,WR,OAK,2.5425157556228526,4900.0,0.99546415198590088,0.0023734602217307778,0.0011473702660428611,0.00048520029501133738,0.00031777929562901435,0.00018000951916594864,3.2028416519112724e-05,0.0
Malcolm Mitchell,WR,NE,2.5414044481543798,4500.0,0.99551424350358753,0.0024522663730881674,0.0011071057076225401,0.00048053085533790018,0.0002151568674756407,0.00012489113143136752,0.00010580556145686559,0.0
Cobi Hamilton,WR,PIT,2.5373001345631385,4500.0,0.99601061372218391,0.0013624052185199781,0.0022402551462874748,0.00017123108175240263,8.7140268393807554e-05,5.2965050603047779e-05,7.538951225926763e-05,0.0
Jordan Norwood,WR,DEN,2.529678039814915,4500.0,0.99715667573062361,0.0014640145035954488,0.00057582855666741465,0.00034679016870889319,0.00020316504189954787,0.00012067554530325655,0.00013285045320177854,0.0
Brandon Tate,WR,BUF,2.529460300283946,4500.0,0.9952171206388466,0.0041817667657265143,0.00031190124228292995,0.00014878351542021016,8.0063322377472735e-05,4.8321586014326637e-05,1.2042929331518876e-05,0.0
Roger Lewis,WR,NYG,2.5245795461137845,4500.0,0.99672908817112515,0.0025708762731075675,0.00028185778328103454,0.00017702985055786509,9.5066514891602676e-05,5.3044915927836372e-05,9.3036491108932772e-05,0.0
Paul Richardson,WR,SEA,2.5215337465356331,4500.0,0.99712826642686259,0.0021117392098730292,0.00041518125331333139,0.00016820495968526925,8.4068390192792975e-05,5.1832859784855482e-05,4.070690028853222e-05,0.0
Chris Harper,WR,SF,2.5172903994209119,4500.0,0.99814807009552609,0.0011961422334041229,0.00021953162638186854,0.00018060364287655122,0.00011438270270918692,6.3146923745803721e-05,7.8122775356755629e-05,0.0
Andrew Hawkins,WR,CLE,2.5167732402918599,4500.0,0.99738480445629452,0.0021718272459681724,0.00027269912215772599,8.4185589422883732e-05,5.4246663043867967e-05,2.7773901724922602e-05,4.4630213876491729e-06,0.0
Sammie Coates,WR,PIT,2.514516678425839,4700.0,0.99828003861974635,0.0011758138239729887,0.00032287889658907704,6.1302792987690341e-05,3.9369804950705363e-05,2.8998621432332109e-05,9.1597440321362241e-05,0.0
Braxton Miller,WR,HOU,2.5144737114415379,4500.0,0.99762389181606759,0.0021000419284692047,0.00013566086061500972,7.4257173047152471e-05,3.8796482358614205e-05,2.1576744226344141e-05,5.7749952155592779e-06,0.0
Aldrick Robinson,WR,ATL,2.5119624271460133,4500.0,0.99887448236072152,0.00043886820475283537,0.00039291324519939231,0.00014451686512110276,7.0323373842074035e-05,3.9918022694978763e-05,3.8977927668381161e-05,0.0
Danny Amendola,WR,NE,2.5117288752565448,4500.0,0.99886576338483146,0.00043015687072793578,0.00040079216905215917,0.00018195642165429746,6.5587762375990687e-05,3.767901054890824e-05,1.80643808099944e-05,0.0
Charles Johnson,WR,MIN,2.5103442471829136,4500.0,0.99903914761438595,0.00035036810815456862,0.0004397333792958303,4.4630621136623274e-05,3.4589147497505167e-05,1.8790817002740087e-05,7.2740312526614002e-05,0.0
Corey Brown,WR,CAR,2.5099751212678854,4700.0,0.9991501429506876,0.00035528025751203662,0.00022342054916973429,0.00010213134196751128,6.3782742056725942e-05,3.5130751560489865e-05,7.0111407045233111e-05,0.0
Eddie Royal,WR,CHI,2.5085064357201645,5400.0,0.99909843972720302,0.00047057951517750579,0.00024642376758663126,8.3118249828296301e-05,5.1170345032582501e-05,2.8613736366097827e-05,2.1654658805632209e-05,0.0
Sammy Watkins,WR,BUF,2.508369386138031,5700.0,0.99919193288801722,0.00033027115321132398,0.00031038210738080054,6.171791121386492e-05,4.6475691987990324e-05,2.2097503459282919e-05,3.7122744729709556e-05,0.0
James Wright,WR,CIN,2.5082988991967023,4500.0,0.9990412042682405,0.00064298027388238967,0.00012342155696611924,8.4570701758708908e-05,5.5390999934976017e-05,3.0752632270209495e-05,2.1679566947480259e-05,0.0
Jordan Taylor,WR,DEN,2.5078526901460512,4500.0,0.99922790730490141,0.00041141044661216025,0.0001421623827800276,9.7672542933692941e-05,6.0981425897628828e-05,3.4179230028409311e-05,2.5686666846819098e-05,0.0
Rod Streater,WR,SF,2.5077906893989703,4500.0,0.99930540595465833,0.00034377000963156814,0.00015030381345018816,6.9715175368835955e-05,4.3592617424766979e-05,2.4424362714685298e-05,6.278806675127719e-05,0.0
Josh Bellamy,WR,CHI,2.5076121441279788,4500.0,0.99924509437573938,0.00040911648979162463,0.00014959039696541281,8.2208046295614148e-05,5.142113558348983e-05,2.9919500602131596e-05,3.265005502185067e-05,0.0
Maurice Harris,WR,WAS,2.5074953680195029,0.0,0.99935449539386523,0.00034682126649062154,9.4386883843234644e-05,6.5016394956537665e-05,4.1265020002111972e-05,2.24856404204048e-05,7.5529400422047816e-05,0.0
Geronimo Allison,WR,GB,2.5067416941188401,4900.0,0.99927624018384731,0.00041897875542428506,0.00013980651895906471,7.5781312287273215e-05,4.719719959342639e-05,2.6239932725745585e-05,1.5756097163252975e-05,0.0
Tanner McEvoy,WR,SEA,2.5066326829761292,5000.0,0.99938312634232429,0.00030107652936400137,0.00014465975639960278,6.6599467936243726e-05,4.1162832584329357e-05,2.6831430083902724e-05,3.6543641307285975e-05,0.0
Eric Weems,WR,ATL,2.5060934505979584,4500.0,0.99945515389187478,0.00023862984148373699,0.00012024269961537521,9.1451173541553824e-05,4.4479902260912026e-05,2.5316295830746868e-05,2.4726195393093469e-05,0.0
Bennie Fowler,WR,DEN,2.5060377772115747,4500.0,0.99941967808080034,0.000320069354236087,0.00010842512057014482,5.6467464332336693e-05,3.5625901920118579e-05,1.9694441104753735e-05,4.0039637036475587e-05,0.0
Jeff Janis,WR,GB,2.50575904388774,4500.0,0.99943063019404699,0.00028968303327043003,0.00011248296145859716,9.2484553020967376e-05,3.7796539428549784e-05,2.0985111632321835e-05,1.5937607141829372e-05,0.0
Walter Powell,WR,BUF,2.5054083278682846,4500.0,0.99939705017393943,0.00036436663877475236,0.00011459815350470729,5.6383679279757807e-05,3.5270103525750973e-05,2.1521303609086598e-05,1.0809947366900879e-05,0.0
Bryan Walters,WR,JAC,2.5053733711867703,4500.0,0.99957583999398725,0.00018656183031814344,8.3267786373923282e-05,5.4970216169060717e-05,2.6705207282306644e-05,1.4941280999557823e-05,5.7713684869831353e-05,0.0
Rashard Higgins,WR,CLE,2.5053232836139903,4500.0,0.99926483038021485,0.00055740289404568452,0.00010033600050027401,3.4934752250814525e-05,2.1774746617126483e-05,1.3339591256210022e-05,7.3816351153166753e-06,0.0
Jakeem Grant,WR,MIA,2.5046880889810179,4500.0,0.99965847280861631,0.00013348028817553896,7.2028803011956526e-05,3.9886411127880381e-05,2.5239545880432901e-05,1.4224297084171704e-05,5.6667846104263554e-05,0.0
Bradley Marquez,WR,LARM,2.5046401843024944,4500.0,0.99969502587016201,0.00015151634923353839,3.2859591306058762e-05,1.3008352676344366e-05,8.2422859848449262e-06,4.634634971607035e-06,9.4712915665648255e-05,0.0
Mike Thomas,WR,LARM,2.5046401843024944,4500.0,0.99969502587016201,0.00015151634923353839,3.2859591306058762e-05,1.3008352676344366e-05,8.2422859848449262e-06,4.634634971607035e-06,9.4712915665648255e-05,0.0
Pharoh Cooper,WR,LARM,2.5045916963586023,4500.0,0.99962057282540639,0.00020477931887700795,4.5308430305463808e-05,4.1692180216346918e-05,2.1577684873351763e-05,1.1930886664865571e-05,5.4138673656271712e-05,0.0
Arrelious Benn,WR,JAC,2.5043390703995136,4500.0,0.99961332387022239,0.00017921407972462398,9.301742916518056e-05,4.3368582479952389e-05,2.7259758171716012e-05,1.4256973209504242e-05,2.9559307026682943e-05,0.0
Andre Holmes,WR,OAK,2.5038214848102545,4500.0,0.99953207188055015,0.00033780602467961351,5.4160685333776135e-05,3.1562356521827787e-05,1.9634375054551515e-05,1.0683606110639972e-05,1.4081071748794876e-05,0.0
Justin Hardy,WR,ATL,2.5037232620055736,4600.0,0.9996542686959905,0.00016728432106134051,5.8065393052518932e-05,6.234954156277452e-05,3.0188511314951279e-05,1.8365577742981912e-05,9.477959274692557e-06,0.0
Aaron Burbridge,WR,SF,2.5036689073879965,4500.0,0.99963708382306182,0.00022835878543867044,4.6883140076368234e-05,2.814579744385413e-05,1.7744323239732616e-05,1.0236748724638847e-05,3.1547382014527577e-05,0.0
Leonte Carroo,WR,MIA,2.503445089001529,4500.0,0.99975327828906946,9.0885842850484835e-05,5.5676655049541492e-05,2.9241285422664019e-05,1.8503463815331298e-05,1.0435385884243956e-05,4.197907790853318e-05,0.0
Chester Rogers,WR,IND,2.5031841460004363,4500.0,0.99970852460082427,0.00014686762178528395,6.0912513821526196e-05,3.1095968216870014e-05,1.974986442947616e-05,1.1781408471604119e-05,2.1068022451121121e-05,0.0
Alex Erickson,WR,CIN,2.5031355027211517,4500.0,0.9996592154582421,0.00020860673517038953,5.4858620418037212e-05,3.421938894900847e-05,2.2217121392204392e-05,1.2324984715678951e-05,8.5576911122613573e-06,0.0
Freddie Martino,WR,TB,2.5029818432978694,4500.0,0.9996470743265361,0.00025337289749953511,3.1255496008309009e-05,2.7895397084570293e-05,2.057487936699773e-05,9.5843076265320682e-06,1.0242695877478189e-05,0.0
Dwayne Harris,WR,NYG,2.5027942527328455,4500.0,0.99981897702709144,6.8173578217864308e-05,2.8373705629445592e-05,2.048006505643759e-05,1.3014133288128997e-05,7.2979072601361611e-06,4.368358345689238e-05,0.0
Laquon Treadwell,WR,MIN,2.502621261898391,4500.0,0.99975992604723496,0.00013353367973901954,4.3206299210754703e-05,1.9391219098479601e-05,1.2439749506898381e-05,5.597391780304866e-06,2.5905613429710884e-05,0.0
Trevor Davis,WR,GB,2.5025257320222649,4600.0,0.99977129532128106,9.8269560611349122e-05,4.8565951177074943e-05,4.5926826272810793e-05,1.8617105703839024e-05,1.0078658233095804e-05,7.2465767212297043e-06,0.0
Chris Moore,WR,BAL,2.502501157585221,4500.0,0.99981403501037613,6.4641982205980537e-05,5.915287823764391e-05,1.5099061214806692e-05,9.5209518624133767e-06,6.7819782671104832e-06,3.0768137835896784e-05,0.0
Marquess Wilson,WR,CHI,2.5023674737878467,4500.0,0.99977519534902914,0.00012350639349220405,3.278154939210042e-05,2.8694582144945202e-05,1.8117943950366012e-05,1.0138293257159891e-05,1.1565888733981938e-05,0.0
Ricardo Louis,WR,CLE,2.5022961835846518,4500.0,0.99971063021365103,0.00020333971255199619,4.1923291500100423e-05,2.0335452454076745e-05,1.2954611897872515e-05,7.3887001454935298e-06,3.4280177995453718e-06,0.0
Ryan Grant,WR,WAS,2.5020713795808183,4500.0,0.99970394049489053,0.00024234799103212704,1.8722709623550037e-05,1.6430910283492037e-05,1.0674342341845974e-05,5.8337874779859956e-06,2.0497643502678749e-06,0.0
Jeremy Butler,WR,SD,2.5020320489206491,0.0,0.99983238254828599,8.5080100791894679e-05,2.6917222637372388e-05,1.6735544862459375e-05,1.0592510893638641e-05,5.9866076877519188e-06,2.2305464840417447e-05,0.0
Keith Mumphery,WR,HOU,2.5020300620474285,4500.0,0.99969992471078628,0.00025162205932283317,1.6991209139588257e-05,1.4926353851802872e-05,9.5426528619066506e-06,5.3308882415782712e-06,1.6621257958269452e-06,0.0
Devin Hester,WR,BAL,2.5019027257923732,4500.0,0.99986817856772447,3.4910910682534994e-05,4.872284907715422e-05,1.1362756690818874e-05,7.1709791882316287e-06,4.8894835502423702e-06,2.4764453086352642e-05,0.0
Deonte Thompson,WR,CHI,2.5017705635062111,4500.0,0.99983638347848858,8.6450709748721289e-05,2.8480424480686696e-05,1.8838637798545712e-05,1.1984938431206433e-05,6.5708642863444725e-06,1.12909467661361e-05,0.0
Jalin Marshall,WR,NYJ,2.5017345886004789,4500.0,0.99981585692665198,0.00010723445273368356,3.2614416227490222e-05,2.4670919354035242e-05,8.099488622781535e-06,4.5739695405234916e-06,6.9498268694196768e-06,0.0
Jarius Wright,WR,MIN,2.5017328707122028,4500.0,0.99985629927090147,7.0086855435947724e-05,2.7136005231855055e-05,1.4260952542295324e-05,8.9946083000998807e-06,4.994009072300982e-06,1.8228298515722746e-05,0.0
Isaiah Burse,WR,SD,2.5015967594893871,4500.0,0.99988389153427781,5.2610723872789868e-05,1.5046755377283565e-05,1.3932802265635677e-05,8.8187465260190815e-06,4.9813830514527102e-06,2.0718054629474579e-05,0.0
Harry Douglas,WR,TEN,2.5015654280167405,4500.0,0.99983112089911186,0.00010790200296477592,2.2134114457387797e-05,1.6180877105396249e-05,1.0525941691389584e-05,5.7440646434546402e-06,6.3921000260571155e-06,0.0
Johnny Holton,WR,OAK,2.5012149099209045,4500.0,0.99988023629921374,6.4005842483479174e-05,2.3386626848661712e-05,1.4031700198983055e-05,8.8912314036272205e-06,4.5807248334832973e-06,4.8675750185913497e-06,0.0
Bryce Treggs,WR,PHI,2.5011406449238862,4500.0,0.9998938448603244,5.5043325893026115e-05,2.2548062190114479e-05,1.08229378128455e-05,5.934997193158204e-06,3.304717013253146e-06,8.5010995733011751e-06,0.0
Brittan Golden,WR,ARI,2.5009552308633713,4500.0,0.99991218303354901,4.4481909229196744e-05,1.521174500465222e-05,1.187320239342654e-05,7.5345454383674009e-06,4.178789336710332e-06,4.5367750489843874e-06,0.0
Tommylee Lewis,WR,NO,2.5009456265281491,4500.0,0.99991076540123136,4.5229259083567951e-05,1.9515892847351705e-05,9.6749544945828366e-06,6.121554451185175e-06,3.4339444916541034e-06,5.2589934007024687e-06,0.0
Marc Mariani,WR,TEN,2.5008579723241913,4500.0,0.99991221091304483,5.3234126419908286e-05,1.2443234174596189e-05,8.9332507553378288e-06,5.6439094115813058e-06,3.2508000688128722e-06,4.2837661250409644e-06,0.0
Cody Core,WR,CIN,2.5008356551983639,4500.0,0.99992383492609638,3.9866497974620023e-05,1.4256704551301334e-05,7.941516073416771e-06,4.9964989041251099e-06,2.822985230471796e-06,6.2808711701926107e-06,0.0
Lucky Whitehead,WR,DAL,2.500781812942459,4500.0,0.9999309651409698,3.5581571228922579e-05,1.3467379207953914e-05,6.2392167697596434e-06,4.0785508830558974e-06,2.6856740725777666e-06,6.9824668680728136e-06,0.0
Rashad Greene,WR,JAC,2.5005800481800859,4500.0,0.99995312790487378,2.0018571182391888e-05,1.0403456246414127e-05,5.7396281625289453e-06,3.6039714859717441e-06,1.7617736042624063e-06,5.3446944445103928e-06,0.0
De'Anthony Thomas,WR,KC,2.5004481038655082,4500.0,0.99995991525820271,2.0271782881886939e-05,6.8854953723759057e-06,5.0632423995338555e-06,3.1807332866938887e-06,1.8515546269128393e-06,2.831933230000069e-06,0.0
Demarcus Robinson,WR,KC,2.5004220366354524,4500.0,0.99996540837849357,1.7208252660384675e-05,5.0965161064663611e-06,4.0833240155995383e-06,2.5691215237000955e-06,1.429375150715607e-06,4.2050320495341204e-06,0.0
