name,pos,team,expectation,salary,prob_0_5,prob_5_10,prob_10_15,prob_15_20,prob_20_25,prob_25_30,prob_30+,label
Daniel Brown,TE,CHI,17.976639216780413,0.0,0.13435174439813258,0.13465481713997349,0.14859226309052656,0.15174837522197565,0.1487486266995125,0.14608550656875693,0.13581866688112226,3.0
Jason Witten,TE,DAL,16.844409958919542,5600.0,0.031601201674151022,0.26207948758445521,0.1651050553516463,0.1336631880861297,0.18703873512487698,0.20392151361570154,0.016590818563039424,1.0
Eric Ebron,TE,DET,13.508510738342366,6000.0,0.1084347620055786,0.30358024706328252,0.29134965632427823,0.030389040408239552,0.14723804568417539,0.092166887565787989,0.026841360948657623,1.0
Antonio Gates,TE,SD,13.478855941871586,6000.0,0.08868976492927752,0.19479338834963222,0.32529191106077909,0.23284676614894076,0.14408711910991687,0.011591083061873154,0.0026999673395802022,2.0
Zach Ertz,TE,PHI,12.929838421090686,5000.0,0.078336958825874756,0.38476176033228443,0.2219037958257567,0.085944249944934603,0.15494229705192866,0.067949801955409936,0.0061611360638109741,1.0
Richard Rodgers,TE,GB,12.350991783638355,4500.0,0.23360721219763711,0.18024393875041858,0.28987453921834644,0.11961984453213442,0.079367143165679582,0.065660240400771716,0.031627081735012205,2.0
Delanie Walker,TE,TEN,12.139698277673803,6100.0,0.13012182330980204,0.37146115602585233,0.18903981738926928,0.12598407965205935,0.1307444118123067,0.043165098829768302,0.0094836129809420678,1.0
Jared Cook,TE,GB,11.833028878795123,4600.0,0.34253278252828934,0.23510538717636481,0.14773151240532739,0.045981564375074932,0.055945662101030122,0.098840047965185404,0.073863043448728086,0.0
Austin Hooper,TE,ATL,11.563961274806321,4500.0,0.24964816328123657,0.2332720622546384,0.19992584396361179,0.19249607836190588,0.075708403228812171,0.012549840756821912,0.036399608152973217,0.0
Cameron Brate,TE,TB,11.085051402092398,5400.0,0.26150228390820573,0.28056831710416286,0.18617752281279334,0.13058383790365258,0.062301335469106683,0.059669004074777841,0.019197698727300996,1.0
Vance McDonald,TE,SF,10.281791255603679,4800.0,0.13156103828572049,0.47072576600857052,0.24850105689641197,0.078476182038524717,0.022092128529990568,0.034234381654184923,0.014409446586596925,1.0
Clive Walford,TE,OAK,10.031486495904845,4500.0,0.43012351506259372,0.20362427873322853,0.12485117020722748,0.03017811521894715,0.1439971389249613,0.033679868912114969,0.033545912940926834,0.0
Travis Kelce,TE,KC,9.8004050326899925,6300.0,0.18529325025480978,0.45904735894149812,0.21019279016510561,0.056758408316385282,0.04424256696558989,0.037082660242133497,0.0073829651144778595,1.0
Virgil Green,TE,DEN,9.7614909825507059,4500.0,0.37609773301376903,0.20060251437384685,0.16989395832620371,0.12288474022044828,0.11398316943333375,0.01345025534758755,0.0030876292848106899,0.0
Jimmy Graham,TE,SEA,9.3217413360577499,6900.0,0.27225992897353013,0.36436027397522558,0.19587579506396655,0.094105067940990161,0.047823246532717072,0.021075837122437484,0.0044998503911331351,1.0
Levine Toilolo,TE,ATL,9.0019521681208161,4800.0,0.42500588116154825,0.21351690612607774,0.14597439157463801,0.13676075551456224,0.047193437303336513,0.0061315703247767318,0.025417057995060471,0.0
Will Tye,TE,NYG,8.5698756278628654,4600.0,0.43308997281352624,0.25998650887733038,0.1243082553321387,0.075460204133242628,0.072166159159070806,0.024733993970358976,0.01025490571433227,0.0
Jack Doyle,TE,IND,8.5397136296060818,4800.0,0.43381305599870679,0.20625931397702987,0.24795795782020125,0.023773607241490913,0.039410470963624857,0.026867713512226277,0.021917880486720047,0.0
Austin Seferian-Jenkins,TE,NYJ,8.4650562944263879,4500.0,0.47502561982982072,0.12864001051169194,0.24339505452647425,0.057384840497433823,0.082947042036757762,0.0055399081363574172,0.0070675244614642075,0.0
Garrett Celek,TE,SF,7.9536361720231472,4500.0,0.36174590190981842,0.37008379505919914,0.17912436367050455,0.047465329765733012,0.010676519703723767,0.015722626932874122,0.015181462958147145,1.0
Lance Kendricks,TE,LARM,7.8370602941420007,4800.0,0.38634607374964097,0.34416120034313236,0.16778184161346305,0.04850861106623415,0.028691026945899596,0.021283911036369115,0.0032273352452608017,0.0
Jesse James,TE,PIT,7.6202510522058491,4700.0,0.53871142433953312,0.16157533806641203,0.1488025647745024,0.065710140720244309,0.067050540717740914,0.012291857457420867,0.0058581339241464492,0.0
Jace Amaro,TE,TEN,7.1153179303275476,4500.0,0.62276586857823402,0.14064546844914144,0.08368333608523941,0.048468412953789057,0.072287387286048777,0.01898351051248753,0.0131660161350599,0.0
Sean McGrath,TE,SD,7.0447702001983652,4500.0,0.58040465368548,0.12497637962924331,0.15608772404457413,0.096206798516920627,0.035021707951378912,0.0029152001037441489,0.0043875360686589657,0.0
Mychal Rivera,TE,OAK,6.9706325804809453,4500.0,0.64974161037218037,0.13322986700763056,0.079088256080345823,0.019096828464620585,0.081555005455173954,0.015443454878005584,0.021844977742043262,0.0
A.J. Derby,TE,DEN,6.8214825156591807,4500.0,0.60285521068334891,0.14338138847757392,0.11200489649199676,0.079810378055324829,0.055229392586294633,0.0047434346175871094,0.001975299087873859,0.0
Danny Vitale,TE,CLE,6.4163367733030503,4500.0,0.67270560692039705,0.13396653535769956,0.06538829402438627,0.043033585361901189,0.057727252480136375,0.012098168541818296,0.015080557313661119,0.0
Charles Clay,TE,BUF,6.3600020594069688,4700.0,0.61823751410322247,0.15813237902075516,0.15351906266814938,0.025011106683446943,0.020846578126116049,0.006157707412987508,0.018095651985322658,0.0
Larry Donnell,TE,NYG,6.318815762389252,4500.0,0.66039710153899311,0.11165117251754458,0.096545906248967112,0.077247615250207527,0.048084308971839927,0.0030268231643467594,0.0030470723081008487,0.0
Kyle Rudolph,TE,MIN,6.2593158176649561,5300.0,0.61008919336951384,0.16952927375767027,0.13414964778593089,0.049398012457644504,0.023520782884816578,0.0098517720316631755,0.00346131771276054,0.0
Trey Burton,TE,PHI,5.9651945609448083,4500.0,0.60199801528460095,0.23868336037136115,0.087182311284961428,0.02887350581608562,0.029335148959517277,0.0096666419208175074,0.0042610163626559984,0.0
Martellus Bennett,TE,NE,5.6644593142109212,5500.0,0.75111009071435297,0.091055759772150441,0.048250475612103598,0.056010687898591503,0.013547480964006722,0.024701745638761007,0.015323759400033858,0.0
Josh Hill,TE,NO,5.5241916832141387,4500.0,0.72356514084365231,0.1398401628050473,0.060812583725584735,0.025765828181324085,0.016741075502853652,0.011451758859181659,0.021823450082356269,0.0
Coby Fleener,TE,NO,5.4819069890040852,5700.0,0.67861013697736172,0.18394269379469841,0.074876279059018405,0.025902400154309755,0.016128257706347984,0.0086970636026358419,0.011843168705627913,0.0
Dennis Pitta,TE,BAL,5.2386093511380478,4900.0,0.66235950043250813,0.22283934370140213,0.058480996812283755,0.025056363817208639,0.025828306283044368,0.0039283079201718448,0.0015071810333811271,0.0
Jermaine Gresham,TE,ARI,5.1991149583185292,4500.0,0.68552646658724758,0.21751665744113022,0.023214177070272332,0.038237986714971542,0.021908156272248382,0.0098974790624822562,0.0036990768516479144,0.0
Brandon Bostick,TE,NYJ,5.1225929876882157,4500.0,0.73785023455054399,0.098534889466354705,0.093617853617245117,0.044660883948887821,0.023314125998140468,0.0010894904832053874,0.00093252193562245436,0.0
Gavin Escobar,TE,DAL,5.0826807495268893,4500.0,0.74573222016721508,0.13145603512471477,0.051603697201478359,0.03568101651236931,0.018154577820066808,0.0071397240477877686,0.010232729126368023,0.0
Jerell Adams,TE,NYG,4.9964145505845838,4500.0,0.74283372989991536,0.13554519983748911,0.05697401596690669,0.029955019475006447,0.022118925353160845,0.0068508620206251232,0.0057222474468963036,0.0
C.J. Fiedorowicz,TE,HOU,4.9025336886751916,5200.0,0.64718878980705619,0.29956553789713236,0.016850328498360396,0.017822125305020715,0.0065394407715907137,0.0070687675637991021,0.0049650101570407057,0.0
Erik Swoope,TE,IND,4.8883628017549468,4500.0,0.76085383124251194,0.10140443317212233,0.097777708689207682,0.011229150198195269,0.012511342836192162,0.0056487214936081645,0.010574812368162517,0.0
Nick O'Leary,TE,BUF,4.8838840005966109,4500.0,0.76310555492498333,0.099824931820744228,0.093743886293132364,0.0164595901325615,0.012035411875974766,0.0029702562541295777,0.011860368698474138,0.0
Clay Harbor,TE,DET,4.8474542188158765,4500.0,0.77816618962714612,0.096115354186680893,0.076913732155958314,0.010487164656834672,0.021016293405664237,0.0056245807458235259,0.011676685221892183,0.0
Darren Waller,TE,BAL,4.73328067639848,4500.0,0.77249992401625522,0.14306935372048479,0.025151957704375786,0.010907425009767768,0.029452213467984198,0.013481721518759997,0.0054374045623722528,0.0
Dwayne Allen,TE,IND,4.5213029291006785,5100.0,0.78608765494441324,0.095312586181158301,0.090076611576080559,0.0077512303541272497,0.0094262145138289902,0.0039405589522848779,0.0074051434781067663,0.0
Greg Olsen,TE,CAR,4.4885462506862437,7000.0,0.73499750145077758,0.17219919530808819,0.068675928108327802,0.0149481728608941,0.0053176754411070424,0.0020379640898924817,0.0018235627409126465,0.0
Vernon Davis,TE,WAS,4.4812740972692842,4600.0,0.83699487512147164,0.072174647779509979,0.026403660297207886,0.030405869162893697,0.0095648479161311185,0.011445864180920952,0.013010235541864755,0.0
David Johnson,TE,PIT,4.4442274930896923,4500.0,0.81308364921107312,0.078167084297388237,0.058000994666136896,0.022389458663464094,0.020264664712680663,0.0041083831820061421,0.0039857652672509042,0.0
Anthony Fasano,TE,TEN,4.3354297263007897,4500.0,0.81999312358558973,0.093212085767088948,0.038011886868495555,0.021344883998841064,0.015110515972572833,0.0045036032526082131,0.0078239005548034288,0.0
Ed Dickson,TE,CAR,4.1619381818095436,4500.0,0.81705500933103348,0.099644563814626677,0.050783985711679372,0.016275068708795151,0.0072185283959865414,0.0034484698884124001,0.0055743741494661365,0.0
Luke Stocker,TE,TB,4.1331366333502508,4500.0,0.84852442591996569,0.068249195199647464,0.038966836342887182,0.02317787391523007,0.0074096872621918315,0.0050638605668892941,0.0086081207931883782,0.0
Luke Willson,TE,SEA,4.1312066381846275,4500.0,0.85122415961953291,0.08473661726016625,0.022931910627076914,0.010846460275644411,0.0092114942145460812,0.0070435303881523697,0.01400582761488095,0.0
Brandon Myers,TE,TB,4.0450889443312938,4500.0,0.85600766266018513,0.065933681265210417,0.036576306335626453,0.021668145819007473,0.0067538401849653006,0.004653778363080811,0.0084065853719242686,0.0
Brent Celek,TE,PHI,4.0093939911288681,4600.0,0.80912705134263241,0.12471467772480579,0.040262348206132829,0.013011089573963235,0.0093156818726922806,0.001904036961655147,0.0016651143181181224,0.0
Hunter Henry,TE,SD,3.9125746267456507,5600.0,0.86279199916237692,0.066085893867017034,0.019265259933637341,0.036214351231267129,0.011984366752007048,0.0016398986240043624,0.00201823042969031,0.0
Rhett Ellison,TE,MIN,3.8800908125758911,4500.0,0.85354329666573914,0.068174876377163102,0.049702052221892251,0.015966727116710148,0.0065772886610792952,0.0033350583489476864,0.0027007006084684075,0.0
Ladarius Green,TE,PIT,3.8703741226901704,4500.0,0.88097612976108808,0.05464389985119681,0.019529804129528483,0.020082293231416803,0.011223494532009288,0.0085386677403005897,0.0050057107544599971,0.0
Ben Koyack,TE,JAC,3.8405591474366232,4500.0,0.85268760765343576,0.085167778358803709,0.031105091705986396,0.016256878975679581,0.0081524946722992837,0.0024951426795714465,0.0041350059542238516,0.0
Tyler Higbee,TE,LARM,3.7850916928764313,4500.0,0.8321251541046506,0.10743726036415165,0.04194063948210669,0.01173983823983887,0.0044731579940609752,0.0015053474983879906,0.00077860231680319987,0.0
Gary Barnidge,TE,CLE,3.7316816266743524,4800.0,0.83080658378489403,0.12080121157945831,0.030632178438194425,0.013593254930770399,0.0011888753565549425,0.00041388850355908571,0.0025640074065687735,0.0
Ryan Griffin,TE,HOU,3.7228133037475852,4500.0,0.82203161541080183,0.15023262518868549,0.0094836725221735581,0.009016521089485894,0.0030707503391667061,0.0026941163544015666,0.0034706990952849313,0.0
Marqueis Gray,TE,MIA,3.572495226027212,4500.0,0.87487602158154421,0.069977180649493334,0.03183658198943376,0.018180243465718463,0.0024247301328992692,0.00065001635172776216,0.0020552258291831136,0.0
Brandon Williams,TE,SEA,3.5512749191347743,4500.0,0.88644093935347867,0.060436372274782379,0.02764734787505177,0.016011240907010095,0.0051021310294346121,0.0015140844521842746,0.0028478841080582773,0.0
James O'Shaughnessy,TE,KC,3.51334104904176,4500.0,0.88085565446664027,0.072952452162487275,0.028078499804009623,0.0086679951756369385,0.0043017878845118757,0.0020572315471684066,0.0030863789595454222,0.0
Demetrius Harris,TE,KC,3.5065053261239543,4500.0,0.88167074856036587,0.072449913008512376,0.027884088670677307,0.0086110025063238366,0.0042744825326494961,0.0020409556428047583,0.0030688090786662719,0.0
Tyler Eifert,TE,CIN,3.4786077026082594,6400.0,0.89105249583309776,0.071106091012207634,0.01463868868047126,0.011864548614202001,0.0028071414735272222,0.0046239087336167779,0.003907125652877365,0.0
Dominique Jones,TE,MIA,3.4501797259125202,4800.0,0.89120560232072465,0.071639946860438716,0.012791085185726078,0.015947043919998852,0.0024091370061369833,0.0024737016195103801,0.0035334830874641505,0.0
Darren Fells,TE,ARI,3.4382313632333132,4500.0,0.87808666515537737,0.092876447802385784,0.0081259862316413536,0.011529959215390262,0.0054097045822902009,0.0023492561188560288,0.0016219808940588409,0.0
Dion Sims,TE,MIA,3.3620645038754295,4500.0,0.90464793149055411,0.061139265376920729,0.0120080227759745,0.0133827864833514,0.0028194101113924981,0.0021234696674349821,0.0038791140943718596,0.0
Seth DeValve,TE,CLE,3.3298058940048016,4500.0,0.8875812713942286,0.079563692120346738,0.020124619790106754,0.0097833190453636577,0.00079136187691998875,0.00025296004539630655,0.0019027757276380861,0.0
Blake Bell,TE,SF,3.3180009757439288,4500.0,0.89265186569031363,0.069998669017031806,0.027389939663662412,0.0066479229974240883,0.00078687075245999422,0.00045357494125670625,0.0020711569378512938,0.0
Stephen Anderson,TE,HOU,3.306538630497847,4500.0,0.8798632160358929,0.10269118756634751,0.0062429175543558396,0.0056809084143376615,0.0018438620400283285,0.0014625830049079327,0.0022153253841298514,0.0
Cory Harkey,TE,LARM,3.1740986898170926,4500.0,0.91026010983316097,0.057927990128334758,0.022718716602983399,0.0063825009906125722,0.0018430717323598775,0.00046996326915086625,0.0003976474433977314,0.0
Alan Cross,TE,TB,3.1423347672006243,4500.0,0.93875633804362169,0.036406699475845711,0.0080470659016155053,0.006946121312646672,0.0019842851603860002,0.0025973787377903718,0.0052621113680941913,0.0
Rob Gronkowski,TE,NE,3.114524315142309,8500.0,0.93444305619351786,0.034445186408620161,0.0094496807723648754,0.018143401058587447,0.0028697352199817919,0.00037796082373881169,0.00027097952318897302,0.0
Ben Braunecker,TE,CHI,2.9915429110111305,4500.0,0.94332857475053433,0.040798845873363035,0.004447353864123366,0.0051933533811137729,0.0021995436496052641,0.0013155608462242826,0.0027167676350357945,0.0
Derek Carrier,TE,WAS,2.9855019145304902,4500.0,0.95841215002434643,0.021660252117194894,0.0061708228286945568,0.005777856489159152,0.0013979983339832266,0.0017353726766256192,0.0048455475299962391,0.0
John Phillips,TE,NO,2.9632208793943411,4500.0,0.95847102607865264,0.024896552167325062,0.0050917489244805634,0.003568672909922594,0.0010208761466741359,0.0016051346520164266,0.0053459891209285629,0.0
Jordan Reed,TE,WAS,2.9531282472681277,7400.0,0.9448387512207056,0.039976732625508694,0.0053157483883693561,0.005419786141812581,0.0010887093675998811,0.0016256970056557688,0.0017345752503480064,0.0
Randall Telfer,TE,CLE,2.9191449171627148,4500.0,0.94211390924078919,0.042474969198740664,0.0094009413764823187,0.0044515311253421428,0.00031666491431711901,9.4678993728605171e-05,0.0011473051505999652,0.0
Logan Paulsen,TE,CHI,2.9040234502855422,4900.0,0.95140319926729255,0.035920335056243362,0.003740817070543218,0.0041971168467620163,0.0018214821479860493,0.00095692049671698069,0.0019601291144558841,0.0
Neal Sterling,TE,JAC,2.8831681396806936,4500.0,0.9540865689759368,0.034596584847193954,0.0033462672366047518,0.003289610340059027,0.0013569454482665654,0.001038836456740863,0.0022851866951981016,0.0
Tyler Kroft,TE,CIN,2.8496623704319539,4500.0,0.96764180126596488,0.018568131051579638,0.005200576892245643,0.003301827057274242,0.00069342793032842621,0.0010523575731747406,0.0035418782294322874,0.0
