name,pos,team,expectation,salary,prob_0_5,prob_5_10,prob_10_15,prob_15_20,prob_20_25,prob_25_30,prob_30+,label
Julio Jones,WR,ATL,21.222515303654738,8700.0,0.027562221673652208,0.099269532807056235,0.14397282557341975,0.10112361257247791,0.13891384476889773,0.45417673129679864,0.034981231307697508,5.0
Robby Anderson,WR,NYJ,20.223643791862514,0,0.038925723337971396,0.11059182732310928,0.17925204547103457,0.16067077115271342,0.088936498533945738,0.3351172264430437,0.086505907738181911,5.0
Maurice Harris,WR,WAS,20.178847957725988,0.0,0.077045238672247857,0.12244459155457312,0.13084907050199135,0.16568551553631472,0.13047323872626609,0.19672525672220695,0.17677708828639979,5.0
Tyrell Williams,WR,SD,19.23348850768209,6500.0,0.047334680321614246,0.14100257709650951,0.21033936393943142,0.11453095386369073,0.11614390620313265,0.28824497372273028,0.082403544852891045,5.0
Jeremy Butler,WR,SD,17.279656506553128,0.0,0.15244127735516175,0.15585902548067518,0.14397889142867151,0.14619395008527578,0.13324901766643191,0.13551291656236186,0.13276492142142199,1.0
Julian Edelman,WR,NE,17.170729039720179,6400.0,0.089633848923046627,0.15777338192631879,0.26752990983482855,0.068440497120675958,0.21712580453002503,0.086159818638168184,0.11333673902693703,2.0
Chris Hogan,WR,NE,17.057780822189425,5800.0,0.16256657412388098,0.11668519279011294,0.18934245404509417,0.05629777007180594,0.26914478958613275,0.11203155399446026,0.093931665388512928,4.0
Dontrelle Inman,WR,SD,16.575241910621344,5000.0,0.12714841620350856,0.16247670569311568,0.19758368716492211,0.12941834092515994,0.15524770685353409,0.15643665241783047,0.071688490741929262,2.0
Jamison Crowder,WR,WAS,16.570071224251471,6300.0,0.050516721570579973,0.19027224518850472,0.28124132858388051,0.069393110429891922,0.29080801629320346,0.050431873692711154,0.06733670424122816,4.0
Malcolm Mitchell,WR,NE,15.977411175139821,4500.0,0.22008695418549901,0.18075115874369974,0.10749545652917623,0.11595468683795154,0.13261733711058177,0.10580459239024412,0.13728981420284764,0.0
Pierre Garcon,WR,WAS,15.907158468620255,5600.0,0.087573814433864208,0.20923298955314393,0.26401568316420054,0.070466204506115723,0.23927263919973968,0.043782121269255639,0.08565654787368028,2.0
Mike Wallace,WR,BAL,15.888847799012334,6700.0,0.14384795470492726,0.27261036963599378,0.095055943307577037,0.16756408581564938,0.060662928691437606,0.14798555643338443,0.11227316141103048,1.0
Antonio Brown,WR,PIT,15.785104594577449,8800.0,0.1252930041008867,0.24461956567721838,0.11012692621348939,0.25272599970474602,0.063051514841459377,0.096950659448722665,0.10723233001347751,3.0
Mohamed Sanu,WR,ATL,15.600245147257631,5900.0,0.19167579339992297,0.14498194078491122,0.1523598297024758,0.11661506223375684,0.20594343966093609,0.15201805900022161,0.036405875217775455,4.0
Mike Evans,WR,TB,14.91161902377538,7900.0,0.075195382767867205,0.2880235658349381,0.21325658563521194,0.10641329872935114,0.18741747382985413,0.096087819783873069,0.033605873418904433,1.0
Amari Cooper,WR,OAK,14.848797510435091,7800.0,0.11826139294230407,0.1835613709650383,0.19919764995103292,0.17894242576314576,0.26471597256141727,0.044984038084061921,0.010337149732999706,4.0
Larry Fitzgerald,WR,ARI,14.605016657973691,7200.0,0.15363838447003295,0.1978208103350178,0.32493818235527205,0.03769849821939824,0.14589230523594823,0.022290256700640994,0.11772156268368975,2.0
Michael Thomas,WR,NO,14.337787101225498,6400.0,0.11998605562098165,0.30015508460150969,0.18038699449325549,0.12589092229195745,0.12512101630256101,0.091012005941542157,0.057447920748192556,1.0
Golden Tate,WR,DET,14.324437162371932,6000.0,0.13076794799551802,0.24311568952900248,0.19499158458749372,0.13409613294540687,0.18936751871807012,0.085178146931608079,0.022482979292900818,1.0
Rishard Matthews,WR,TEN,14.294701202581898,6200.0,0.14960930911206297,0.24535875397593987,0.19009364488112393,0.11324777128069871,0.18860116154608714,0.063889732049880826,0.049199627154206602,1.0
Marqise Lee,WR,JAC,14.106404521095172,5800.0,0.16226138064506632,0.25231146652632441,0.20454359361570115,0.10812932660666083,0.093740296790594604,0.13537166621519756,0.043642269600455225,1.0
Tommylee Lewis,WR,NO,13.988836285747663,4500.0,0.27783447809701045,0.12676464372795951,0.20573599413636739,0.064950911158190697,0.16656868659981436,0.086360810366177335,0.071784475914480353,0.0
Emmanuel Sanders,WR,DEN,13.944723451336886,6600.0,0.25853312082875968,0.1942765519502925,0.1609977076905833,0.069204280302790494,0.12504285767900228,0.12183811916945278,0.07010736237911902,0.0
Davante Adams,WR,GB,13.848695196288016,7600.0,0.11704790129521271,0.25642805709629907,0.25482984489501648,0.1497695269530743,0.11831078145218961,0.061593792200040472,0.042020096108167315,1.0
DeSean Jackson,WR,WAS,13.657310166785512,5900.0,0.18331084478832493,0.1968200453315421,0.25226049069161205,0.063593342517022658,0.23817790729984539,0.027542367349237453,0.038295002022415321,2.0
Demaryius Thomas,WR,DEN,13.446567796045853,7500.0,0.26814440516200438,0.19841919445331141,0.16974967618160608,0.067928190629215859,0.12943746780641516,0.100817572139378,0.065503493628068996,0.0
Travis Benjamin,WR,SD,13.439330997668137,5500.0,0.21787460960938762,0.19186841073672201,0.19444531567534837,0.13838740195814658,0.13855652782958872,0.089947621324553931,0.028920112866252901,0.0
Michael Floyd,WR,ARI,13.420535870237757,5100.0,0.29588143782278409,0.18914809634359106,0.21149240764735158,0.038732029469143135,0.088554442994981691,0.02912327011470946,0.14706831560743902,0.0
Tajae Sharpe,WR,TEN,13.395707274548538,5500.0,0.22362253007043417,0.22982634258851919,0.1721264800450604,0.1035041130776725,0.14374006971935158,0.071388990081739989,0.055791474417222105,1.0
Michael Crabtree,WR,OAK,13.364776649647549,6700.0,0.21466298891835514,0.18609635862245158,0.18224973692742941,0.15483497324741147,0.18528785495884975,0.05529293982746715,0.021575147498035487,0.0
Victor Cruz,WR,NYG,13.354712162760734,4800.0,0.24222140124323277,0.22754389345395845,0.081967862786893636,0.22581473381141906,0.068059239506734634,0.1158479971481632,0.038544872049598333,0.0
Cordarrelle Patterson,WR,MIN,13.240172070268818,5200.0,0.22803859267073318,0.250547901052733,0.16690903787851727,0.1022304221556606,0.11827561832825649,0.058076722651771828,0.075921705262327513,1.0
Kendall Wright,WR,TEN,12.985545172459993,4600.0,0.27721296924859823,0.1901232403910865,0.14677463006219921,0.096794488867388964,0.1911773322941013,0.052079310793416926,0.045838028343208784,0.0
Russell Shepard,WR,TB,12.969520669672104,4500.0,0.17248760975877694,0.22299563968661598,0.29265325980493917,0.073384713974464291,0.17321496208726325,0.034417874070754889,0.030845940617185555,2.0
Marquise Goodwin,WR,BUF,12.680351728940851,5300.0,0.24544561347495075,0.23776565833477278,0.099259842508057902,0.22590815044463539,0.084700346668109272,0.074482240847095385,0.032438147722378685,0.0
Walter Powell,WR,BUF,12.507894551050633,4500.0,0.30139891257896018,0.14977564998328335,0.16684935941862233,0.13170863278170941,0.16126600368920607,0.067063161183849515,0.021938280364368994,0.0
Johnny Holton,WR,OAK,12.426932744427107,4500.0,0.30785784246376874,0.18645265847006129,0.1606296663398642,0.1128654334435772,0.10355960965798913,0.074190875858574409,0.05444391376616492,0.0
Jordan Matthews,WR,PHI,12.400000567639109,5600.0,0.23940978467280077,0.25097050817000965,0.2077747429774113,0.079212447832867974,0.12746461227827435,0.035071366436564402,0.060096537632071699,1.0
Seth Roberts,WR,OAK,12.394998329917556,4900.0,0.29735293236547766,0.18446719033125333,0.14220893522687686,0.1342525133757444,0.1491853459717456,0.060566237702383598,0.031966845026518573,0.0
Sterling Shepard,WR,NYG,12.202302660028984,6100.0,0.36619591903512355,0.20885221429114656,0.075617468059073809,0.13799687797221974,0.047143611202820963,0.059634738992627501,0.10455917044698798,0.0
Adam Thielen,WR,MIN,12.080705254473756,6200.0,0.26307874482804355,0.26695822085441512,0.16391353339947159,0.087534652729867768,0.11385562339507665,0.051303766455888133,0.053355458337237316,1.0
Tyreek Hill,WR,KC,11.918021331015472,6000.0,0.22467914883782444,0.28236305544496354,0.19363172514707896,0.11144599208335368,0.11222584721346067,0.040677405277668555,0.034976825995650218,1.0
Danny Amendola,WR,NE,11.907578480968855,4500.0,0.41098088525762094,0.1382575614926691,0.14716290410513022,0.049179911496243685,0.11887662341219465,0.036758429454391423,0.098783684781749967,0.0
DeVante Parker,WR,MIA,11.844370827548673,6300.0,0.30088620975929287,0.26746647902940301,0.076410006896357324,0.19512156637190123,0.049434933089088397,0.035961326890107934,0.074719477963849271,0.0
T.Y. Hilton,WR,IND,11.698464958116004,8100.0,0.1324334541835582,0.31732224716843022,0.30494677755990934,0.11421443327577722,0.094859174550128267,0.030038829931447002,0.0061850833307496352,1.0
Adam Humphries,WR,TB,11.682591180594088,5200.0,0.30480753114235626,0.23395162442999556,0.15035641547049866,0.094974901238928405,0.12934505892535492,0.042080137216007889,0.044484331576858431,0.0
Doug Baldwin,WR,SEA,11.649977324883771,6800.0,0.20263467858637421,0.34098612953630542,0.18497906684896387,0.1040371893794992,0.083873930802707289,0.047489747404520798,0.035999257441629295,1.0
Quinton Patton,WR,SF,11.573527617729139,4500.0,0.27284727463519193,0.30131251243129981,0.12087280113770747,0.13162035966395866,0.062752324215899533,0.062059132313324598,0.048535595602617887,1.0
Brian Quick,WR,LARM,11.572883592992387,4500.0,0.33739245658562517,0.25672712659143038,0.10329361754891914,0.12325768203365138,0.034204097158698592,0.06575980557162063,0.07936521451005496,0.0
Jarius Wright,WR,MIN,11.463839770237186,4500.0,0.44767069478229138,0.14662442793587116,0.12115809633728948,0.049805159951933325,0.081041811906460218,0.045869435403105126,0.10783037368304933,0.0
Taylor Gabriel,WR,ATL,11.393365962640711,5100.0,0.32610503227697024,0.18375598358776901,0.19392839586053551,0.098895996589813212,0.10875241529222422,0.066860920181002828,0.021701256211684838,0.0
Cody Core,WR,CIN,11.297726624067577,4500.0,0.37972296020036483,0.17557275932622041,0.14907146968006726,0.081044106825030854,0.10282333454252658,0.063380622523782834,0.048384746902007288,0.0
Jordy Nelson,WR,GB,11.144304929451106,8000.0,0.30079701158272382,0.24037406901411609,0.17960435231707633,0.098007384540420989,0.1171612187288,0.033168387402745823,0.030887576414116984,0.0
Randall Cobb,WR,GB,11.110321562206233,6600.0,0.36074112523809715,0.2546410102807028,0.057127068548611062,0.15798334859670779,0.05547713954918973,0.055924293024704246,0.058106014761987373,0.0
Brandon Tate,WR,BUF,11.047488309721537,4500.0,0.340677224575894,0.18962856429825106,0.19599082231950604,0.074308555742560595,0.13834708025794168,0.030157952326938436,0.0308898004789082,0.0
J.J. Nelson,WR,ARI,10.981450099974571,5500.0,0.39447455798670883,0.18091062610568578,0.19249039475668034,0.035815927089396071,0.091673483973103917,0.015913785572999439,0.088721224515425648,0.0
Kenny Stills,WR,MIA,10.681397136810141,5700.0,0.37849190199348692,0.25239997028375477,0.066614972843381109,0.16321692406071739,0.038374041409054385,0.032241105059529367,0.068661084350076104,0.0
Sammy Watkins,WR,BUF,10.500326139668147,5700.0,0.41654255535321877,0.17049647947692625,0.14981027860754087,0.072503462398676818,0.09900132570471222,0.052843892504180708,0.03880200595474434,0.0
James Wright,WR,CIN,10.470262512351502,4500.0,0.38910260656727508,0.18173575360146019,0.18634786648706206,0.039309102814516904,0.14812383067831622,0.020518049530667836,0.034862790320701706,0.0
Willie Snead,WR,NO,10.403025479049189,6400.0,0.35375870776658686,0.27642041551494956,0.12862834165707057,0.08522707821965296,0.071005480680946725,0.030010003631436116,0.0549499725293571,0.0
Brandon LaFell,WR,CIN,10.281798991312751,5100.0,0.39368384632785214,0.21095119680042984,0.18586134467621504,0.022277067343085079,0.11240352402978716,0.019406014257209465,0.055417006565421374,0.0
Quincy Enunwa,WR,NYJ,10.274369735749151,4900.0,0.42642299611577605,0.17271774753429542,0.1560535945285518,0.077787165639607331,0.058242848043466411,0.068883727622151114,0.039891920516151987,0.0
Jordan Norwood,WR,DEN,10.233964347320574,4500.0,0.47536977061908586,0.17132680348831875,0.10608410331068828,0.044010263821907147,0.078630925871252436,0.062009666248780071,0.062568466639967374,0.0
Tyler Boyd,WR,CIN,10.144128346870868,5600.0,0.38742373275492198,0.21395151827802342,0.18224101945413135,0.027989391036902945,0.13273911057423957,0.017527656387569944,0.038127571514210874,0.0
Josh Bellamy,WR,CHI,9.9819705698165535,4500.0,0.51911039611923082,0.13966124853215012,0.11857511054362592,0.031973992305419467,0.076868168310986348,0.015722702028075172,0.098088382160512147,0.0
Anquan Boldin,WR,DET,9.8865755192703606,4800.0,0.39859834826979923,0.22910348096481417,0.12863147472531902,0.084706974940529089,0.10021025469163468,0.030589867867253626,0.028159598540650095,0.0
Allen Robinson,WR,JAC,9.7779138759831632,7400.0,0.39490342470458223,0.22331633987458963,0.17566834684684104,0.069235294335110803,0.069604235128845199,0.028308944071702528,0.038963415038328536,0.0
Marquess Wilson,WR,CHI,9.7532288771276647,4500.0,0.42624365358145389,0.21525316046859447,0.12668297882817436,0.081346227457215384,0.084264285456518095,0.019621452832943198,0.0465882413751008,0.0
Marvin Jones,WR,DET,9.7118721567973587,5700.0,0.39491019234624802,0.23263241552213307,0.13294467798064599,0.093951161882066078,0.096253926983920532,0.029010732038830027,0.020296893246156297,0.0
Brandin Cooks,WR,NO,9.6964008492552729,7300.0,0.36921609535350358,0.29643530098047466,0.12812323719102087,0.077755555255090911,0.056737858495237985,0.026584931978702743,0.045147020745969227,0.0
Eli Rogers,WR,PIT,9.5424458325330388,5400.0,0.44889480994474373,0.20026973498525449,0.12199939485800708,0.094261341454819389,0.058768732912887679,0.030918148132359297,0.044887837711928225,0.0
Cobi Hamilton,WR,PIT,9.4627342447658194,4500.0,0.54062211461522569,0.13856537797136201,0.082699541352366568,0.091033576520267889,0.039739847045431619,0.027456503790141067,0.079883038705205092,0.0
Torrey Smith,WR,SF,9.4505032324380398,4700.0,0.51565230394409756,0.17524737791181208,0.060352779140219012,0.093725116992012039,0.04243537740471167,0.059056626830656503,0.053530417776491188,0.0
Cecil Shorts,WR,TB,9.3270265251626974,4500.0,0.47097083691687081,0.20480544251101299,0.10882439411356747,0.062638174766698723,0.078578563226013948,0.027643018625130682,0.046539569840705543,0.0
Andre Roberts,WR,DET,9.2646071296379837,4500.0,0.42895883996927564,0.24221838226908507,0.11132011333338329,0.07293837574560319,0.087122882602443177,0.035075320117467418,0.022366085962742359,0.0
Jermaine Kearse,WR,SEA,9.1904623014076492,4600.0,0.45357846977876881,0.22361313835002736,0.11565017573543876,0.079568643057112698,0.054634479114941049,0.032181990623066391,0.040773103340644747,0.0
Jarvis Landry,WR,MIA,9.1149215876933081,7000.0,0.47772972574151917,0.23197824164315134,0.046599238688212613,0.13812687578335026,0.028392277659535167,0.021180535077739777,0.055993105406491495,0.0
Chris Conley,WR,KC,9.0941943451040483,4700.0,0.45664699953791066,0.22338687821957762,0.1192303642528833,0.06372923883657898,0.073872086646468452,0.026705741395281365,0.036428691111299691,0.0
Kenny Britt,WR,LARM,9.0820460490500317,7100.0,0.44050889095001933,0.2753743615592647,0.080266864569529972,0.10193718858004854,0.019260293796030472,0.026394816903854694,0.056257583641252412,0.0
Justin Hardy,WR,ATL,8.9798123264954182,4600.0,0.55476811478997823,0.13052600414382554,0.083258061080263818,0.07050510210899788,0.076777881935876105,0.044518619128432434,0.039646216812626159,0.0
Bryan Walters,WR,JAC,8.8986227368976287,4500.0,0.47115530903143221,0.17938659976616686,0.15490052823376033,0.075349954016486004,0.064673010406652284,0.032453268717329058,0.022081329828173221,0.0
Kamar Aiken,WR,BAL,8.8338622219319518,4600.0,0.56844666930595966,0.17334291886384115,0.049055354100132828,0.076682796503731832,0.024581235201486692,0.022897454770913876,0.084993571253934155,0.0
Aldrick Robinson,WR,ATL,8.7826242777274288,4500.0,0.57081492166598402,0.12666550594302464,0.080873712809607881,0.066541771196515068,0.071227399395374161,0.041080977079672738,0.042795711909821538,0.0
Eric Weems,WR,ATL,8.7380360858621149,4500.0,0.5739369224342219,0.12580439719097589,0.080160737508065835,0.06589272121349217,0.071128738566616223,0.040472608669805482,0.042603874416822542,0.0
Ryan Grant,WR,WAS,8.7078579202755577,4500.0,0.56306226437187057,0.14741101723850988,0.10861595637848163,0.02797215918497294,0.073825469997657531,0.011016711247472397,0.068096421581034988,0.0
Jordan Taylor,WR,DEN,8.6364697996346838,4500.0,0.56417019832880655,0.15462503733755498,0.089989183950179116,0.041257275186685018,0.061096302415839743,0.035379665740310713,0.053482337040623995,0.0
Andre Holmes,WR,OAK,8.5495294925797047,4500.0,0.55047145685066556,0.14903359143224137,0.094706195105883462,0.067195871925090994,0.075229086089585978,0.028605822759430501,0.034757975837102058,0.0
Cameron Meredith,WR,CHI,8.4587822897121292,5900.0,0.57211275242257142,0.14247236886458572,0.12111394753070576,0.02449573948646671,0.063531440476543105,0.010890779515647408,0.065382971703479842,0.0
Allen Hurns,WR,JAC,8.4310460093970114,4900.0,0.52588430756233584,0.17166489193459672,0.11908946885241235,0.06998661480104823,0.056155777452504434,0.020093792036231743,0.037125147360870733,0.0
Deonte Thompson,WR,CHI,8.1981750627519272,4500.0,0.63901012988997974,0.10673900298602622,0.08842850639261958,0.021659767227453251,0.053222635708517992,0.0086270489382881486,0.082312908857115008,0.0
Steve Smith,WR,BAL,8.178980751581042,6300.0,0.44133748640621911,0.31439866562218483,0.086643682037012212,0.083557198111261527,0.024705452858664607,0.014804754945812055,0.034552760018845489,0.0
Breshad Perriman,WR,BAL,8.1362625240097799,5000.0,0.62001366855727513,0.15112642007851487,0.046203243423149187,0.064640922812921497,0.019958251688115151,0.018273256449492559,0.079784236990531526,0.0
Jalin Marshall,WR,NYJ,8.0930102813350189,4500.0,0.58003446226082456,0.14338464957121336,0.11650809017508813,0.042328002211856335,0.036469489282544253,0.03930015310680559,0.041975153391667741,0.0
Roger Lewis,WR,NYG,8.0205807510955935,4500.0,0.63306908937025097,0.13123167827937604,0.047807160453903284,0.068788148209593669,0.02653491667073344,0.024621670589803454,0.067947336426339128,0.0
Chester Rogers,WR,IND,7.8916272544897392,4500.0,0.54508480465136466,0.190776017156563,0.078586694609454805,0.098889351584259128,0.040775119240683395,0.01844304674528251,0.027444966012392553,0.0
Tavon Austin,WR,LARM,7.7088483507550958,4900.0,0.58217886892008341,0.2018224795592308,0.05203784247652149,0.07458610269283783,0.015687157571436714,0.019736333196531571,0.053951215583358032,0.0
Albert Wilson,WR,KC,7.6715028917282133,4600.0,0.56856162600774485,0.19556521007784533,0.091612964893855883,0.040759544318805706,0.045634813347149111,0.016957611113215421,0.040908230241383813,0.0
Rashad Greene,WR,JAC,7.5985424340278236,4500.0,0.66598829875397747,0.11411901484017854,0.063829477802081161,0.033048404715881892,0.037718691122733683,0.017676130167207635,0.067619982597939304,0.0
Bennie Fowler,WR,DEN,7.5518363303577551,4500.0,0.65221949750271524,0.12594733064471456,0.068099958259900048,0.02886935560964983,0.04552834587016371,0.02412150675742341,0.055214005355433103,0.0
DeAndre Hopkins,WR,HOU,7.4854139208894477,7000.0,0.60395838728358486,0.14445635756735561,0.13181987282915322,0.012071354675095319,0.053422714795794635,0.0091211838498963457,0.045150128999120166,0.0
Dorial Green-Beckham,WR,PHI,7.462056437533283,4600.0,0.58815575188734948,0.17552097649366699,0.096899736934170477,0.040935000428580309,0.051223542191692534,0.0078871875515825855,0.039377804512957672,0.0
Brandon Marshall,WR,NYJ,7.4555134340887621,7100.0,0.59804302106303853,0.14233970640837906,0.12363864932109001,0.040162905343953254,0.037786454567505956,0.031559375972603942,0.026469887323429246,0.0
Dwayne Harris,WR,NYG,7.4182356114139054,4500.0,0.6867272266397606,0.10713915011341756,0.040611520235596943,0.058757093873108096,0.021044987248586264,0.014897627464966262,0.070822394424564436,0.0
Brandon Coleman,WR,NO,7.3903584879242867,4500.0,0.59632663136342001,0.18491308796231729,0.072449197322786998,0.049547693341293914,0.041453571122595775,0.017140648204405366,0.038169170683180681,0.0
Phillip Dorsett,WR,IND,7.3258165718170432,4800.0,0.48486084094805376,0.23865530163443946,0.17199640091910495,0.056371435620447947,0.036163202361717328,0.0059634838486611825,0.0059893346675754227,0.0
Alex Erickson,WR,CIN,7.276860247894418,4500.0,0.61708916281144433,0.15059840324686991,0.10605167695853567,0.015881261000532974,0.063928856163929293,0.0084120493758969399,0.038038590442791002,0.0
Jeremy Kerley,WR,SF,7.1693778044554453,5400.0,0.58045237548494177,0.21575722517019405,0.061585637799767813,0.072803049531175612,0.022561455021311801,0.012113052672915101,0.034727204319693811,0.0
Laquon Treadwell,WR,MIN,7.0671569104941181,4500.0,0.57030554687823554,0.17954574249892308,0.13044748119605221,0.053748878077465083,0.04237191221965201,0.0073443068307165677,0.016236132298955389,0.0
Isaiah Burse,WR,SD,7.0345641621461574,4500.0,0.65974408949240426,0.13296668230641095,0.055317505727549336,0.065845122991071647,0.026244568475459747,0.018957137169005399,0.040924893838098608,0.0
Braxton Miller,WR,HOU,6.9991018216155272,4500.0,0.6574332574164391,0.13078930548749618,0.092897999445021792,0.018399884528337011,0.04203427739765081,0.013330663628603925,0.045114612096451054,0.0
Tyler Lockett,WR,SEA,6.993461215168864,5200.0,0.59939295859798325,0.19121927166647659,0.084312669141766605,0.051646546969316261,0.029146255355522187,0.013674645329568844,0.03060765293936633,0.0
Charles Johnson,WR,MIN,6.9564020856197484,4500.0,0.67932684042737057,0.12502761194411693,0.062681295881634611,0.033398450117677635,0.036188563945814482,0.010674291774490422,0.052702945908895453,0.0
Leonte Carroo,WR,MIA,6.9296613671552674,4500.0,0.67606543014495446,0.13364560013510757,0.038827689092509922,0.066212178929862045,0.02542186484863904,0.0097131603941606835,0.050114076454766204,0.0
Terrelle Pryor,WR,CLE,6.9290570672466449,6900.0,0.52031240772452514,0.27376054156205831,0.090221210471194926,0.057349141630142993,0.044470267553211859,0.0057212306940194399,0.0081652003648472714,0.0
Will Fuller,WR,HOU,6.8733918258579045,6000.0,0.63346835698849124,0.12645013429766769,0.12355851296978657,0.022493793368035659,0.062304884495613187,0.014531852916570375,0.017192464963835159,0.0
Jakeem Grant,WR,MIA,6.8705935034597276,4500.0,0.68029672575778266,0.13200184260448239,0.038320656362360754,0.065302641106841253,0.025025703771434947,0.009583993749773265,0.049468436647324865,0.0
Jeff Janis,WR,GB,6.8119374540844202,4500.0,0.67076623498395471,0.12189356462876305,0.072071241887135026,0.037980146707286291,0.051297612630756474,0.014481495189808933,0.031509703972295612,0.0
Brittan Golden,WR,ARI,6.7857357375748615,4500.0,0.67868897248309978,0.13563702705359362,0.063992138894114287,0.026643400654138467,0.03856284464626538,0.0051648290809668419,0.051310787187821408,0.0
Sammie Coates,WR,PIT,6.6813084963987208,4700.0,0.73094096570299094,0.089323819954403319,0.03967012073866618,0.049274227491216835,0.022432301777685182,0.0095232799427524793,0.058835284392285331,0.0
Dez Bryant,WR,DAL,6.5792224973603286,8000.0,0.5520283630068431,0.23480436156955062,0.12428304743869177,0.048213593914192346,0.029753463807881846,0.0014281337716233456,0.0094890364912170004,0.0
Donte Moncrief,WR,IND,6.5348495651598419,6900.0,0.54719977883296222,0.21913713383074612,0.15667530024353707,0.044370061060294702,0.026455375414009035,0.0030031900951349427,0.0031591605233158345,0.0
Chris Harper,WR,SF,6.4847611523371,4500.0,0.63334475083259056,0.18490219352344123,0.085426247426014082,0.028092694371734762,0.030600854504383837,0.0067334298418128191,0.030899829500022617,0.0
Eddie Royal,WR,CHI,6.4715792628541102,5400.0,0.69635902923739101,0.1339953293151111,0.062702316725886637,0.024569339734591075,0.026774892743486142,0.0048571999711683042,0.050741892272365863,0.0
Kelvin Benjamin,WR,CAR,6.1440449687120546,7000.0,0.57275273143634309,0.22444711495921787,0.14643451375064667,0.031759112320127736,0.015981038665840702,0.002516211988468266,0.0061092768793557491,0.0
Cole Beasley,WR,DAL,6.0857478818627397,6400.0,0.63031099004201352,0.19196372900044867,0.094215371024895633,0.035616196393262488,0.031298463346613001,0.0021043089979440556,0.014490941194822785,0.0
Devin Funchess,WR,CAR,6.0416770210342863,5000.0,0.62712924773588574,0.1827993599745697,0.11892633743027264,0.034664245986153946,0.01866355952640298,0.0045171516306531561,0.013300097716061951,0.0
Paul Richardson,WR,SEA,6.0098929541265385,4500.0,0.69670756484137641,0.14347645069130663,0.061568180711198912,0.038168486776930334,0.021648010589789934,0.010356810339622515,0.028074496049775372,0.0
Devin Hester,WR,BAL,5.9591098545584806,4500.0,0.7644228314377739,0.098350291694650482,0.030086747835298744,0.033990713145991433,0.013507368559576989,0.0069178251689585883,0.05272422215774971,0.0
Harry Douglas,WR,TEN,5.8922052854877016,4500.0,0.71808008598870965,0.12995615827654919,0.04628605622408339,0.045243069413190472,0.022256678761865194,0.011333213730414116,0.026844737605187949,0.0
Bryce Treggs,WR,PHI,5.8461578805421963,4500.0,0.70727071952593645,0.14893869715274405,0.050479458158216188,0.033169105047197792,0.024295823706588743,0.0069046159928294005,0.028941580416487304,0.0
Justin Hunter,WR,BUF,5.8138734700830828,5300.0,0.69184707614181862,0.12968343191635143,0.080213825684787229,0.04988013742746282,0.032893642044161217,0.0061224225557082812,0.0093594642297101672,0.0
Trevor Davis,WR,GB,5.6346170064210552,4600.0,0.75416470002920988,0.099111427591063672,0.051274156273208193,0.029733186562930912,0.032031338224097129,0.0073433300100915122,0.026341861309398782,0.0
Marc Mariani,WR,TEN,5.5811096894957295,4500.0,0.77499841638248934,0.084984262952927672,0.045867910732637455,0.023425180664686799,0.032700305466455352,0.0058202767227740039,0.03220364707802946,0.0
Tanner McEvoy,WR,SEA,5.5507048472045657,5000.0,0.71880192418215338,0.13325101567923411,0.058271437806602461,0.045686139616780738,0.020746007157838784,0.0071853069708413663,0.016058168586549189,0.0
De'Anthony Thomas,WR,KC,5.5293714573279056,4500.0,0.74278705273203438,0.1234492358573019,0.052381565242469307,0.023505697801816178,0.023713802479360693,0.0065117176434432589,0.027650928243574291,0.0
Keith Mumphery,WR,HOU,5.5134440364955264,4500.0,0.73215514723707775,0.13973077124075861,0.052270903683288905,0.02165575352521721,0.020282355857468605,0.0053756001859897231,0.028529468270199105,0.0
Rod Streater,WR,SF,5.4385903194163019,4500.0,0.72866292334189675,0.14679020091268133,0.040601660206451805,0.039938865162386539,0.015133799989452653,0.0055325536024304258,0.023339996784700476,0.0
Bradley Marquez,WR,LARM,5.4267474181529458,4500.0,0.76325443979486174,0.11663914437850448,0.034853918650324597,0.034971309327791016,0.009313547779209853,0.0063035183995202235,0.034664121669787981,0.0
Mike Thomas,WR,LARM,5.4267474181529458,4500.0,0.76325443979486174,0.11663914437850448,0.034853918650324597,0.034971309327791016,0.009313547779209853,0.0063035183995202235,0.034664121669787981,0.0
Aaron Burbridge,WR,SF,5.4251408683296019,4500.0,0.72932576339205668,0.14726718056088631,0.039597062403724757,0.039784344972026028,0.01528852310559807,0.0058210501453257093,0.022916075420382393,0.0
John Brown,WR,ARI,5.3451278987013442,5600.0,0.74572055329307807,0.10379848757986075,0.092849724025973912,0.007905163496739533,0.026341738800216934,0.0010353098729849446,0.022349022931146038,0.0
Freddie Martino,WR,TB,5.0944713984371104,4500.0,0.77083765071363652,0.11256224882365992,0.037864000651058764,0.039777615336992075,0.012556915501327143,0.0070444511875030827,0.019357117785822255,0.0
Pharoh Cooper,WR,LARM,4.7716401181864514,4500.0,0.76749402669497624,0.13770883906487097,0.036358826771963379,0.031702942452448986,0.0083455488252740153,0.002748864578654601,0.015640951611811761,0.0
Brice Butler,WR,DAL,4.7356463545575442,4600.0,0.77659372662266946,0.12107416017840224,0.048147843949265898,0.021794268090276958,0.01761393025936675,0.001415708882562984,0.013360362017455706,0.0
Chris Moore,WR,BAL,4.6724868059361384,4500.0,0.81458398970592116,0.096352630992428481,0.029655461859031687,0.024177779039089815,0.0073694991905294757,0.0028477881914316622,0.025012851021567716,0.0
Andrew Hawkins,WR,CLE,4.6363652239669495,4500.0,0.77151254413632842,0.13546276340251612,0.038849150847249402,0.025675615288602394,0.017375686726143574,0.0031501136456980289,0.0079741259534620457,0.0
Demarcus Robinson,WR,KC,4.5397237229510194,4500.0,0.81092481058895971,0.10661370939771553,0.025599944639859963,0.025429619457259276,0.010046239278670533,0.003566378478446504,0.017819298159088608,0.0
Lucky Whitehead,WR,DAL,4.4256060887526267,4500.0,0.82769073959449513,0.085205002803400764,0.037933205869010882,0.017121095313476307,0.013554345674052075,0.0011682235158034029,0.017327387229761331,0.0
Corey Coleman,WR,CLE,4.3512094083380539,5300.0,0.76645697319954587,0.16685078054489411,0.025071066233292597,0.029527095514654274,0.004496294001450493,0.0018020881224600329,0.0057957023837025426,0.0
Geronimo Allison,WR,GB,4.3400654525774511,4900.0,0.8347050872918218,0.083527289218521122,0.026137303350504296,0.027275221966749648,0.011385965109298513,0.0036384644344425645,0.013330668628662241,0.0
Arrelious Benn,WR,JAC,4.3315357920609747,4500.0,0.81281417955653867,0.099086976510410846,0.049101618282461283,0.015969702889643972,0.0092915979640665232,0.0035613775786990033,0.010174547218179749,0.0
Terrance Williams,WR,DAL,4.2194717353153104,4900.0,0.82853283790396504,0.092829834412631831,0.037911634722688471,0.016274676534892001,0.012467673354863871,0.00089680652020695248,0.011086536550751848,0.0
Corey Brown,WR,CAR,4.0399242499938071,4700.0,0.83661428971836171,0.087110378014695608,0.047424430335966855,0.012236055822819787,0.0067420278912419182,0.001215990754158535,0.0086568274627557475,0.0
Ted Ginn Jr.,WR,CAR,3.878460093266094,5200.0,0.84721211846762545,0.084497649222620277,0.045033292061098157,0.010139680285827551,0.0053900844385730449,0.00071882280735600425,0.0070083527168996046,0.0
Ricardo Louis,WR,CLE,3.8180873134713882,4500.0,0.8575850052386349,0.086329556388797149,0.024038182712607176,0.014962825030095585,0.009805139935400017,0.00147525564376255,0.0058040350507025523,0.0
Rashard Higgins,WR,CLE,3.7449377052115453,4500.0,0.86421855499940092,0.084123626785559902,0.022284895620310365,0.013553492455203294,0.0084100299322229597,0.0014450502838933314,0.005964349923409243,0.0
Odell Beckham Jr.,WR,NYG,3.2531806061816733,9000.0,0.93452955683570138,0.03958824939783042,0.0045966935398621643,0.0090631116487819244,0.0016241596309170025,0.0004799845774197112,0.010118244369487326,0.0
