name,pos,team,expectation,salary,prob_0_5,prob_5_10,prob_10_15,prob_15_20,prob_20_25,prob_25_30,prob_30+,label
Odell Beckham Jr.,WR,NYG,14.1745841805974,9000.0,0.21744419173287088,0.24716296708230848,0.12613910261740213,0.1298671318518371,0.12359094410564914,0.040774210093535421,0.11502145251639723,1.0
Antonio Brown,WR,PIT,13.941113732036111,8800.0,0.14850134514369076,0.23536206387194461,0.21343990461914739,0.1847194386633636,0.10527865596663788,0.054555275225709944,0.058143316509506285,1.0
Brandin Cooks,WR,NO,13.343739713647517,7300.0,0.14877745711721976,0.24066719950036874,0.25225360739928965,0.15727151314259707,0.10871190874519782,0.055438458398435211,0.036879855696891825,2.0
Mike Evans,WR,TB,13.016755729616362,7900.0,0.16551392644987981,0.24211202906275053,0.24672653305226172,0.15953121358054118,0.10094736241535601,0.045463413334613463,0.039705522104597421,2.0
Jordy Nelson,WR,GB,13.005332835704834,8000.0,0.15362489237856616,0.25374785850210169,0.25667512029435557,0.14973748668518996,0.10291654942064063,0.045565194908285526,0.037732897810860616,2.0
Doug Baldwin,WR,SEA,12.367909366620495,6800.0,0.18045901970140757,0.26071738735889133,0.24745716717998664,0.1486426921773335,0.08905333344241731,0.042032573070799217,0.031637827069164341,1.0
Julio Jones,WR,ATL,12.208869946301869,8700.0,0.23239316976043087,0.22416023391115081,0.22899291143891717,0.1375743612904651,0.092142690067390634,0.048302686416844695,0.036433947114801087,0.0
Amari Cooper,WR,OAK,11.688268063982829,7800.0,0.22910185090653076,0.26733206580105756,0.21297341320850652,0.13490303885451546,0.09247306598507693,0.027422889342260452,0.035793675902052159,1.0
Davante Adams,WR,GB,11.524870006189539,7600.0,0.20632200921223401,0.26324626704697757,0.26259744573277494,0.14160075882120879,0.071387337782093885,0.033545975998163086,0.021300205406548166,1.0
Allen Robinson,WR,JAC,11.340320594598072,7400.0,0.24025451673330203,0.27140751034291249,0.21620277096440002,0.12369195688813041,0.089804078793489089,0.031463799997285234,0.027175366280481211,1.0
Kelvin Benjamin,WR,CAR,11.322901989777691,7000.0,0.22861742589797784,0.27020756469208773,0.23574233927521857,0.12837783334685943,0.086801246192178605,0.024065779312124079,0.026187811283553818,1.0
Willie Snead,WR,NO,11.271532482243918,6400.0,0.22367599949147268,0.2788251276712031,0.23271647131122927,0.13937284391435084,0.068837557611556549,0.03409222402358663,0.022479775976601543,1.0
Michael Thomas,WR,NO,11.256942185632143,6400.0,0.21348177473029095,0.29046848301679562,0.23687428637627969,0.13267647965039325,0.076350026398409473,0.028150891379098358,0.021998058448732916,1.0
Dez Bryant,WR,DAL,11.152882676063525,8000.0,0.23672691908641866,0.29207703518845107,0.20118001849518805,0.13046406107557162,0.08839732049348141,0.027564799308362226,0.023589846352527064,1.0
Jarvis Landry,WR,MIA,10.962581746729869,7000.0,0.24387710555798284,0.28378095264196002,0.2357898801383303,0.1114159654796387,0.065279560396358641,0.031518656136160568,0.028337879649569155,1.0
T.Y. Hilton,WR,IND,10.940414690543053,8100.0,0.24219454444400504,0.30483779790725557,0.20097496979811369,0.12097864853190124,0.072243677220754046,0.03508187167359815,0.023688490424371923,1.0
Rishard Matthews,WR,TEN,10.920246781310698,6200.0,0.22454852070456818,0.28626831810584169,0.2497234876681364,0.12918918430702717,0.065048859878672621,0.028913013532101739,0.0163086158036529,1.0
Julian Edelman,WR,NE,10.743770495666135,6400.0,0.25537732804966035,0.28046576593735328,0.22282202009919228,0.12276387239006523,0.066529623266457297,0.033356569273868507,0.01868482098340335,1.0
Larry Fitzgerald,WR,ARI,10.58195176224212,7200.0,0.24466473714703216,0.30330637271645999,0.22855912451411775,0.11753496100312327,0.059416508110763919,0.024449408035978615,0.022068888472524566,1.0
Terrelle Pryor,WR,CLE,10.507775360399432,6900.0,0.28282318368104281,0.27564172428305833,0.19925576062993022,0.12324639150049153,0.069767170700936063,0.027755687065183009,0.021510082139358996,0.0
Jamison Crowder,WR,WAS,10.497127901424573,6300.0,0.25867789598068436,0.29532715992601627,0.22271754468600052,0.11586653390966731,0.061067406553914814,0.022958920061284142,0.023384538882433109,1.0
Cole Beasley,WR,DAL,10.492736295208834,6400.0,0.26626587322304385,0.30601755515892315,0.1884533253712167,0.11705967795834113,0.07616710334447159,0.026307610832350271,0.019728854111653652,1.0
Randall Cobb,WR,GB,10.354234496622835,6600.0,0.27597959449114379,0.28645064850781898,0.21900829194625693,0.10493795600928849,0.063681781606605092,0.031855037255214914,0.018086690183672847,1.0
Mike Wallace,WR,BAL,10.245018212728993,6700.0,0.28761349265090624,0.27269802938388127,0.22962755773123042,0.098150723926298727,0.06188317238010671,0.033406679419410619,0.01662034450816623,0.0
Demaryius Thomas,WR,DEN,10.128744100224516,7500.0,0.3103064483341339,0.25418931210062629,0.21645730575230543,0.11425640509345174,0.058859942479709569,0.025408599545367644,0.020521986694405258,0.0
DeAndre Hopkins,WR,HOU,10.083763665769906,7000.0,0.29530416448066649,0.29715053901711336,0.19122515283857061,0.106100386800612,0.064301625786860175,0.024549084723140505,0.021369046353038001,1.0
Michael Crabtree,WR,OAK,9.9914354831920669,6700.0,0.36416639460218597,0.21065159214822698,0.19398758618729098,0.11046410888192694,0.06879066577154451,0.029668265515810827,0.022271386893014038,0.0
Jordan Matthews,WR,PHI,9.9169133369428426,5600.0,0.2934690565771565,0.28647501201373471,0.21934688222652596,0.10771896799724336,0.056146790180289619,0.019341043549286743,0.017502247455763068,0.0
Sterling Shepard,WR,NYG,9.8237747507490667,6100.0,0.30621495240304619,0.28357918290920281,0.20885311887115232,0.105357662649124,0.055001608339770983,0.026044985458813081,0.014948489368889985,0.0
Golden Tate,WR,DET,9.4825456895526337,6000.0,0.31329973165604591,0.31629880846088554,0.18096186918336227,0.095411631441810196,0.059588370897755531,0.020106074116300228,0.014333514243840419,1.0
Pierre Garcon,WR,WAS,9.4768339757761044,5600.0,0.32089082164593741,0.29044777973497587,0.1986455473181078,0.10780048632769272,0.049272244228211269,0.017995199969921542,0.014947920775153539,0.0
Adam Thielen,WR,MIN,9.4660363535252028,6200.0,0.33382492115316587,0.27883520071141604,0.18735415994653351,0.11200317046882055,0.054120661970380533,0.021953777706915353,0.011908108042768716,0.0
Brandon Marshall,WR,NYJ,9.4291439751943678,7100.0,0.36285375324524716,0.25493753814882508,0.18331292782633701,0.10218551572611509,0.053710595538742759,0.024420919961140364,0.018578749553593222,0.0
Kenny Britt,WR,LARM,9.3481652699549738,7100.0,0.3254868939892695,0.29365504920518265,0.20213175068252842,0.10293108793040076,0.038645819529992124,0.022088753198326344,0.015060645464300445,0.0
DeVante Parker,WR,MIA,9.2015238020299286,6300.0,0.3401308562328807,0.28390334333953865,0.20265614333140403,0.095490652041209573,0.044941565324261856,0.019234963511082122,0.013642476219623381,0.0
Emmanuel Sanders,WR,DEN,9.1501420657962846,6600.0,0.37238268833193694,0.25488072127657768,0.19145056544454728,0.094644376120049542,0.050704781575369007,0.018730220535280364,0.017206646716239664,0.0
Marvin Jones,WR,DET,9.094050532425177,5700.0,0.38904789473262708,0.26205231101405679,0.15499448849529104,0.097563700306032453,0.057365129405011747,0.019153262908749,0.019823213138231894,0.0
Tyrell Williams,WR,SD,8.8795055107951839,6500.0,0.36514251210597282,0.2920595054124478,0.18179236333928983,0.080041451273265285,0.048519935439618633,0.016556490867600811,0.015887741561805335,0.0
Kenny Stills,WR,MIA,8.8451648750775824,5700.0,0.36114424303540077,0.28114433243028325,0.1984017898335502,0.09305156588916777,0.038087095533065315,0.015686228794730115,0.012484744483802778,0.0
DeSean Jackson,WR,WAS,8.553784421624357,5900.0,0.41423001769442658,0.24956310075711247,0.17063575707757284,0.084598318906211764,0.053051922713010222,0.018377411129261622,0.0095434717224044795,0.0
Cameron Meredith,WR,CHI,8.4371311902650898,5900.0,0.38805799154384796,0.29846419510870081,0.1620113437287255,0.089118198680756849,0.032562536337734059,0.017515107205247255,0.012270627394988094,0.0
Mohamed Sanu,WR,ATL,8.2837142394630803,5900.0,0.44003258447663668,0.24253905974623047,0.15417872044892339,0.089287813845030498,0.049442429269423424,0.012775240502439746,0.011744151711316141,0.0
Donte Moncrief,WR,IND,8.2323403400861732,6900.0,0.42807938020605873,0.25102087790667105,0.17148084956154239,0.08256413804493036,0.044154147335231431,0.012918305089609564,0.0097823018559560614,0.0
Tyreek Hill,WR,KC,8.2289563377461992,6000.0,0.38958906035979257,0.30129399702194432,0.1727371202820748,0.076984469067791148,0.040201011744580704,0.01166509608224103,0.0075292454415760175,0.0
Marqise Lee,WR,JAC,7.9623994707643089,5800.0,0.40931159978911241,0.31773937433427607,0.14553031618067566,0.07136095751996982,0.029671248198815937,0.01373350249960892,0.012653001477541038,0.0
Cordarrelle Patterson,WR,MIN,7.9115235270289546,5200.0,0.4366664305436001,0.27350689256952887,0.1570918058589203,0.074632435820804546,0.035448939307791666,0.012217724613975828,0.010435771285378802,0.0
Steve Smith,WR,BAL,7.7670219649581753,6300.0,0.45916020326116619,0.24912675477775792,0.1577327075629594,0.076239420638446645,0.03729575166231635,0.014655066072959962,0.0057900960243928556,0.0
Tajae Sharpe,WR,TEN,7.720648571130277,5500.0,0.43779172153596246,0.29716995144417313,0.14178722104156505,0.07163982880485098,0.022664817503193265,0.0202302823901565,0.0087161772800990259,0.0
Brandon LaFell,WR,CIN,7.4779021975279196,5100.0,0.48643199247908298,0.25586343721362298,0.14139526722016107,0.060424888410448005,0.024494390563934494,0.017573944245546667,0.013816079867203583,0.0
Allen Hurns,WR,JAC,7.4745478995650263,4900.0,0.49416188570191377,0.23660432793346395,0.13712987385418984,0.074577947739870379,0.038937381057741353,0.010842438208499568,0.0077461455043210817,0.0
Will Fuller,WR,HOU,7.3461820045561801,6000.0,0.53536836505314311,0.21750936409754074,0.11609754039395016,0.060354225107137796,0.038746440850722638,0.016015267954865117,0.015908796542640821,0.0
Eli Rogers,WR,PIT,7.3256419410858751,5400.0,0.48362845125202381,0.25659720915878442,0.15051349310659615,0.066822415819386916,0.021835752176940438,0.0094823156543138009,0.011120362831954887,0.0
Adam Humphries,WR,TB,7.2241699141195621,5200.0,0.49746654903221321,0.24592903726049728,0.14311125238948683,0.069244706979188067,0.027661580529751924,0.0090084546864900097,0.0075784191223722862,0.0
John Brown,WR,ARI,7.1959249212208762,5600.0,0.53801868487209858,0.20693023554271189,0.1314493614565701,0.067466967992625346,0.033543663951928995,0.0093743961291272385,0.013216690054937691,0.0
Chris Hogan,WR,NE,7.1555007024768473,5800.0,0.58235916633756402,0.17193668730407391,0.10646288654867639,0.073817416185589207,0.029619824964803532,0.017613326404958975,0.018190692254333309,0.0
Kendall Wright,WR,TEN,7.0952180772276181,4600.0,0.49035371754415169,0.26984438524054671,0.14157624489085482,0.057694579035903013,0.022443096184139352,0.009587488399749421,0.008500488704654488,0.0
J.J. Nelson,WR,ARI,7.0448823374256557,5500.0,0.53272219585517055,0.21441954172031508,0.15004786201566325,0.057259329773192133,0.025055585179229813,0.0071731891798641322,0.013322296276565107,0.0
Quincy Enunwa,WR,NYJ,7.0222304182858872,4900.0,0.53656045600943747,0.22480321299835229,0.12564396269004693,0.060864967526177302,0.03171504361729964,0.0091869688669741472,0.011225388291712301,0.0
Anquan Boldin,WR,DET,6.9821603308233522,4800.0,0.51892338628073442,0.25769883382965564,0.12546325955188403,0.04912193257035681,0.021705438389564544,0.014964872662542521,0.012122276715262351,0.0
Ted Ginn Jr.,WR,CAR,6.9407381802000652,5200.0,0.54195115890134826,0.23160045712826882,0.13022812994529026,0.043740354450591712,0.023949487986343686,0.010917181066003603,0.017613230522153221,0.0
Tyler Lockett,WR,SEA,6.9048581025066431,5200.0,0.50960169118867171,0.26196149687873627,0.13680537999777886,0.05339665047038504,0.019777097838678162,0.0092492818041392429,0.0092084018216108329,0.0
Devin Funchess,WR,CAR,6.8878086834913441,5000.0,0.50898411254981812,0.26371433733660099,0.13247223295906582,0.062162179646130224,0.016564273318877394,0.0056728773347771693,0.010429986854730748,0.0
Corey Coleman,WR,CLE,6.7516602876253522,5300.0,0.54401769791260957,0.23354871143612077,0.1222910753878734,0.05766318501783816,0.026989849659010096,0.0062862547926088542,0.0092032257939390402,0.0
Terrance Williams,WR,DAL,6.7112948190190309,4900.0,0.57705154861496311,0.18809301404934939,0.12168176381164121,0.071115974162571052,0.025610368011131805,0.0079297507855340971,0.0085175805648097479,0.0
Michael Floyd,WR,ARI,6.6989177144241348,5100.0,0.55340803579319142,0.23627897148529173,0.11409572162923479,0.052978867349632572,0.019690564056204923,0.01029779206302466,0.013250047623419234,0.0
Dontrelle Inman,WR,SD,6.6726453906490377,5000.0,0.55970885269306014,0.21907376711581353,0.12437419136679001,0.051500480164245729,0.028517195194360183,0.0074860870113422759,0.0093394264543883807,0.0
Tavon Austin,WR,LARM,6.6709656756087874,4900.0,0.53023579964108503,0.2639481124750182,0.11851302445557062,0.05135678607382739,0.017899899476159897,0.0065016257331499397,0.011544752145188731,0.0
Tyler Boyd,WR,CIN,6.6420022354715407,5600.0,0.53719265793022664,0.24948740561811766,0.12815105306388969,0.049213444796768285,0.018831842355174329,0.0077734293302989801,0.0093501669055251757,0.0
Brice Butler,WR,DAL,6.4671312379793342,4600.0,0.58948542478532406,0.19757213971793439,0.11085455877697149,0.067046161991409253,0.018484994753551112,0.0057014363338030137,0.010855283641006495,0.0
Phillip Dorsett,WR,IND,6.4557485574216749,4800.0,0.55719588848447066,0.24859591820696772,0.10428681116517133,0.057969646355622774,0.013800832972647585,0.0087419788724782538,0.0094089239426422173,0.0
Jeremy Kerley,WR,SF,6.4554719879207054,5400.0,0.59124463710166875,0.20087434679331312,0.11286397501447666,0.053083699889659004,0.020857303624932183,0.010121638433671079,0.010954399142279003,0.0
Travis Benjamin,WR,SD,6.4079263589244615,5500.0,0.6237211887662909,0.17006479575438815,0.10939034514029405,0.044096330783618826,0.027338017596558746,0.0092879131464634057,0.016101408812385809,0.0
Brandon Coleman,WR,NO,6.3207439269138401,4500.0,0.5644109808859209,0.24277833515115715,0.1125487248548887,0.051498183856089674,0.014559519374003942,0.0058581944993718119,0.0083460613785676842,0.0
Kamar Aiken,WR,BAL,6.2831822809973827,4600.0,0.5800134335317948,0.23381529608897822,0.11015392745871418,0.041188491992399379,0.014464000497036382,0.0075198003828494788,0.012845050048227532,0.0
Jermaine Kearse,WR,SEA,6.2427936593255478,4600.0,0.56752798707552721,0.25298163269685187,0.10197092921426794,0.048400495457942179,0.014586403624312013,0.0042489651223286701,0.010283586808769847,0.0
Marquise Goodwin,WR,BUF,6.2399483439251897,5300.0,0.59822399782808799,0.21218676703755132,0.10343091365653487,0.045433148421950474,0.02372077418019055,0.0085133734960991993,0.0084910253795857215,0.0
Taylor Gabriel,WR,ATL,6.2139705024406249,5100.0,0.609371549749262,0.19936966680933241,0.10755480777562694,0.043400772568905996,0.02113614311379702,0.0073453079495727517,0.011821752033502867,0.0
Victor Cruz,WR,NYG,6.1115273384356232,4800.0,0.61922167840594811,0.19346466252620106,0.10294581031095798,0.049079287598104301,0.014874790825036238,0.010984899149891311,0.009428871183860512,0.0
Brian Quick,WR,LARM,6.0023624046264974,4500.0,0.60331446636998176,0.23713633443214283,0.089896115898630835,0.041148734959138032,0.0070344159383595528,0.0050630096975429195,0.016406922704204307,0.0
Quinton Patton,WR,SF,5.9937636381287209,4500.0,0.5985282877014878,0.23594282778785641,0.09637175986515803,0.041672219691510921,0.011502564673261662,0.0032304996564836946,0.012751840624242072,0.0
Chris Conley,WR,KC,5.9306646223089921,4700.0,0.60352497650195791,0.23649975761724371,0.088102793858560069,0.045400331714509704,0.011572492111327739,0.0039407318253408983,0.010958916371060006,0.0
Dorial Green-Beckham,WR,PHI,5.7921647337619167,4600.0,0.63586216884769919,0.19483837206836355,0.098570765980682706,0.045553440062932514,0.0093894864664531598,0.0069151373747367781,0.0088706291991323179,0.0
Eddie Royal,WR,CHI,5.7166098191448889,5400.0,0.65404976157529005,0.18150999712065294,0.09378938351375446,0.040826875334430461,0.013777977808036612,0.0051055785103701779,0.010940426137465689,0.0
Breshad Perriman,WR,BAL,5.6346094601031353,5000.0,0.64645492353802736,0.20161028343172066,0.089970748451495622,0.032795151140134565,0.013296580281395977,0.0062477989213583114,0.0096245142358671321,0.0
Seth Roberts,WR,OAK,5.6281339461259625,4900.0,0.66550642081305955,0.16995709487623215,0.096989860669067979,0.039421923874892635,0.013519294405072126,0.0037254073900218486,0.010879997971653635,0.0
Albert Wilson,WR,KC,5.5972390957424745,4600.0,0.63616240445068351,0.21338426663777468,0.094974113472725954,0.034487392867359572,0.0076484470255979214,0.0031150547915198014,0.01022832075433831,0.0
Robby Anderson,WR,NYJ,5.5711127939550318,0,0.65101930173426725,0.21539872066775884,0.076643145253072961,0.028802070267559751,0.0068278490213536944,0.0044586627566061193,0.016850250299381097,0.0
Cobi Hamilton,WR,PIT,5.4856678926708211,4500.0,0.69974698698739157,0.15190720198416435,0.086482170458641885,0.030493554324034604,0.0070337810782245373,0.0036931568275391578,0.020643148340002939,0.0
Russell Shepard,WR,TB,5.4602193720227863,4500.0,0.67459362460634309,0.17149776555640975,0.10054688194216314,0.03067479104477995,0.0062986992264043437,0.0028602464209901098,0.013527991202909755,0.0
Sammy Watkins,WR,BUF,5.4048189246963103,5700.0,0.77394774583472192,0.094263178931322966,0.060889984638334574,0.018745632445653963,0.010387608644628975,0.0028964779792630888,0.038869371526073421,0.0
Justin Hunter,WR,BUF,5.4032962140988099,5300.0,0.6953753771838489,0.15233163667738528,0.08897712578263442,0.033752245929200585,0.013877677913884102,0.0055684548005563404,0.010117481712490441,0.0
Torrey Smith,WR,SF,5.3859124736663899,4700.0,0.68131729488743142,0.1808877095018836,0.079615653423785362,0.032316698575920268,0.0088477093292127374,0.0039163516615116694,0.013098582620254441,0.0
Braxton Miller,WR,HOU,5.3252081430280249,4500.0,0.67940574243290341,0.19130634476989258,0.07553548254767159,0.032166941670336763,0.0044593873731606157,0.0019958090683422167,0.015130292137693083,0.0
Andre Roberts,WR,DET,5.3220068690837588,4500.0,0.68407983627801339,0.18699316789577872,0.070996230798560003,0.033435537816317216,0.0066990020211899542,0.0049082272971802164,0.012887997892960103,0.0
Cecil Shorts,WR,TB,5.2883698553830714,4500.0,0.69064095600721176,0.17123208986289457,0.08299704434302986,0.034143244302260442,0.0057993721504033978,0.002597890435357967,0.01258940289884233,0.0
Malcolm Mitchell,WR,NE,5.2137303392015824,4500.0,0.70087218526999651,0.16614149297753572,0.080908923382265033,0.029681491995799079,0.0062787989479263923,0.0027560946353031657,0.013361012791174159,0.0
Danny Amendola,WR,NE,5.1307681857992042,4500.0,0.71071613506754139,0.1548193495344376,0.082635186248513445,0.029084177377101738,0.0096404346966442976,0.0032873445213091276,0.0098173725544534792,0.0
Andrew Hawkins,WR,CLE,5.1240471489877155,4500.0,0.70103866063105014,0.17832538852396532,0.066915671101423782,0.033127177885330601,0.0069987352323475985,0.0020581057219237987,0.011536260903958352,0.0
Jordan Norwood,WR,DEN,4.9634622537574451,4500.0,0.74178737391436012,0.14745971676231748,0.063004346928824964,0.021155533532624889,0.0052099600250969927,0.00271489867051984,0.018668170166255393,0.0
Paul Richardson,WR,SEA,4.9157862399430856,4500.0,0.7418399416060707,0.14009807902852367,0.065532369634319285,0.029954261107891612,0.0086835009692982027,0.0019329115064965351,0.011958936147400649,0.0
Daniel Brown,WR,CHI,4.8918501188830312,0.0,0.86009842020109673,0.049783173995244186,0.028066519956617832,0.0082551495963767412,0.00068430968127181058,0.00018643356475637148,0.052925993004635033,0.0
Sammie Coates,WR,PIT,4.8874435404337788,4700.0,0.76378955712247953,0.11383864570740133,0.068847169315978535,0.023017532651434067,0.014891286083568819,0.0027765185437136908,0.012839290575423372,0.0
Cody Core,WR,CIN,4.8410645929197056,4500.0,0.86074378798563067,0.047968403494526635,0.031143321240546643,0.0088356506056217442,0.00071141680312833899,0.00018531705306520162,0.050412102817479605,0.0
Jordan Taylor,WR,DEN,4.8363821431410283,4500.0,0.79271430522804232,0.1116797665692023,0.042397479934298939,0.017417082180447213,0.0035285424525519763,0.0035147118610759712,0.028748111774380979,0.0
Brandon Tate,WR,BUF,4.8246319843656327,4500.0,0.74433212156293971,0.14275306862810527,0.066020262287647347,0.026914319988031059,0.0068895503050151879,0.002171839665415609,0.010918837562845363,0.0
Jeremy Butler,WR,SD,4.8227225027572747,0.0,0.8573386609247915,0.052660931715826365,0.032093221948611132,0.0076989004522645642,0.00052907156696686245,0.00028716648750188971,0.049392046904036362,0.0
Roger Lewis,WR,NYG,4.7778073145264006,4500.0,0.75015167782727432,0.14561302690973568,0.061280912855718656,0.02167158795083679,0.0036221464814516183,0.0046073008877343434,0.013053347087248982,0.0
Johnny Holton,WR,OAK,4.6233844971981668,4500.0,0.85870163093123153,0.053251766376976435,0.038133353764122864,0.0077116320221807368,0.00077248234848445907,0.00023718303105367195,0.041191951525948296,0.0
Geronimo Allison,WR,GB,4.6056955593167421,4900.0,0.78153783415955036,0.11070897679467689,0.05977896204930281,0.027490382763472064,0.0081722783369216206,0.0028754859950212868,0.0094360799010548817,0.0
Charles Johnson,WR,MIN,4.5835674350581819,4500.0,0.80499147730681164,0.1053128164919572,0.050980549395414056,0.011065827677953876,0.0007073643414555775,0.0011400931883247421,0.025801871598083538,0.0
Jalin Marshall,WR,NYJ,4.521602348014568,4500.0,0.80037054655490802,0.12025711569959474,0.041747115618661408,0.01130028080782155,0.0010762831384686566,0.0011687536565961115,0.024079904523950153,0.0
Marquess Wilson,WR,CHI,4.4923666218497784,4500.0,0.78617477315185014,0.12693555844428961,0.044257394846042082,0.024183409843918747,0.0029621963049323392,0.001359584450799137,0.014127082958169224,0.0
Maurice Harris,WR,WAS,4.4840157120950295,0,0.78998832421748555,0.1172435772939098,0.05496171559867128,0.019018162204407007,0.0031912485041723873,0.0010424439206349627,0.014554528260718218,0.0
Bennie Fowler,WR,DEN,4.4624738527991248,4500.0,0.86094111208034529,0.060374762400671307,0.033831486935937315,0.0061860095395256803,0.001447647332652665,0.0012099765216918429,0.036009005189174291,0.0
Bryan Walters,WR,JAC,4.4439430870156427,4500.0,0.85953273210323988,0.056372498319818033,0.040360890584976397,0.0081720921075774076,0.0013302926030954658,0.0004318811000996734,0.033799613181191693,0.0
Tommylee Lewis,WR,NO,4.4293974809021908,4500.0,0.85071824095444537,0.067148819373223631,0.043103077776050248,0.0052887427171868446,0.00086335886672357339,0.00033372292916194774,0.032544037383207651,0.0
Josh Bellamy,WR,CHI,4.4284482590505219,4500.0,0.77701251055031706,0.13994436375111358,0.046275604045283761,0.020322587496222205,0.0046724315199128128,0.0019897838275892352,0.0097827188095628553,0.0
Chris Harper,WR,SF,4.3817213421159185,4500.0,0.79428175598771289,0.1188607457400892,0.048961837717311781,0.021405888048176946,0.0037413121308491433,0.0016587052416978468,0.011089755134162195,0.0
Tanner McEvoy,WR,SEA,4.3801481895881347,5000.0,0.83098191068748972,0.082827824846439704,0.041648202574732125,0.018068738145916335,0.0048231613554440235,0.0028796716484327644,0.018770490741543813,0.0
James Wright,WR,CIN,4.3701957471487969,4500.0,0.8059664367903262,0.11159135082148351,0.044008560811192511,0.018966014232257612,0.0028444079078236836,0.0012639924547642423,0.01535923698215403,0.0
Laquon Treadwell,WR,MIN,4.3626289886516831,4500.0,0.83796691172154125,0.086770796205301634,0.03997858460098562,0.0061526724056985812,0.00044962399833734477,0.00059190188683899887,0.028089509181295991,0.0
Isaiah Burse,WR,SD,4.3549936186428981,4500.0,0.88311389703871779,0.040627458201714629,0.031268206550382843,0.0064409313092986531,0.00070518240032588111,0.00019785356681933187,0.037646470932739082,0.0
Pharoh Cooper,WR,LARM,4.3027995067907749,4500.0,0.81407528402793783,0.10109368948123558,0.052112920346467653,0.014985220543457866,0.0015871567397114058,0.0006741033353074899,0.015471625525881225,0.0
Justin Hardy,WR,ATL,4.2741979224357083,4600.0,0.83868044598099822,0.076988928710334859,0.046861437027014743,0.013974235632701669,0.0035047136025961089,0.0011668889246726514,0.018823350121680779,0.0
Aldrick Robinson,WR,ATL,4.2165987880235978,4500.0,0.84807377143576912,0.068553257444191329,0.051996945854623597,0.0066550918693023013,0.0036985528570190589,0.00042156805920873225,0.020600812479885284,0.0
Jarius Wright,WR,MIN,4.2119551591904543,4500.0,0.84657981045230835,0.077712932256700049,0.04473591324126916,0.0067765985483323968,0.00067605179488945644,0.0004661592119670656,0.023052534494532709,0.0
Jeff Janis,WR,GB,4.2034155233233577,4500.0,0.81829582999108796,0.10258487415284642,0.048340907080811159,0.013409578624263894,0.0030739912612496715,0.0026830715672735922,0.011611747322468278,0.0
Corey Brown,WR,CAR,4.184844005698503,4700.0,0.82666870901913492,0.098024190676610778,0.041688959830834205,0.01589727617867645,0.0017869760479906258,0.0018955436869756721,0.014038344559777139,0.0
Eric Weems,WR,ATL,4.1834718287080461,4500.0,0.87977148765888646,0.039382063635176698,0.040669029475970384,0.012272090141561724,0.00078651090690782003,0.00017359271836657022,0.026945225463129666,0.0
Freddie Martino,WR,TB,4.1752508331975546,4500.0,0.82764345251600435,0.093356448184827676,0.043174250955831543,0.018912665740023146,0.0038239571229172721,0.0011790498608567374,0.01191017561953823,0.0
Arrelious Benn,WR,JAC,4.1668413825504054,4500.0,0.83242575409090191,0.092299031031503484,0.045581271811064451,0.0080694428576305287,0.0031461254277167466,0.0046637096699986575,0.013814665111184121,0.0
Walter Powell,WR,BUF,4.1655566593157234,4500.0,0.83877433558661785,0.087042921535531406,0.043396787148584873,0.0097487118146029651,0.0018599069584254106,0.0013757449750711062,0.017801591981165828,0.0
Trevor Davis,WR,GB,4.163032957263745,4600.0,0.84927000523823848,0.06932224668717421,0.047633182194936438,0.010599490498566786,0.0022360175879346141,0.0058856247514738561,0.015053433041675937,0.0
Andre Holmes,WR,OAK,4.1351937218906478,4500.0,0.83662145692253398,0.092116905948934319,0.042920494489747711,0.0080934731024036831,0.0016254288081759029,0.0018305665490246628,0.016791674179178817,0.0
Lucky Whitehead,WR,DAL,4.1178759178301894,4500.0,0.84016059901530071,0.096411271269389642,0.033803429292224962,0.0056805888770930591,0.0041087122383164426,0.0018997715814872546,0.017935627726187297,0.0
Chester Rogers,WR,IND,4.0940855530587887,4500.0,0.87235668786286358,0.061331272572827396,0.032448310685275532,0.0063478353181199935,0.0015668022722955207,0.00092706116744562124,0.025022030121170755,0.0
Ricardo Louis,WR,CLE,3.9566028907283801,4500.0,0.86952980416793302,0.064946689271687452,0.035897622664253746,0.0083181614241951106,0.0030028607634972428,0.00091258992393518086,0.017392271784497152,0.0
Rod Streater,WR,SF,3.9266299493830381,4500.0,0.86600027631806353,0.06971892504569871,0.036658252765799468,0.0094443933216897969,0.0011361631155667512,0.00090680296246540236,0.016135186470714952,0.0
Keith Mumphery,WR,HOU,3.9023315894069701,4500.0,0.85016854096861383,0.088353233525437308,0.033339547686444607,0.015065396440319689,0.00150934242568773,0.00064344882558488379,0.010920490127912727,0.0
Harry Douglas,WR,TEN,3.8212889821337694,4500.0,0.85970238852694592,0.084121094175103134,0.033757525661271388,0.0081724351112972358,0.00067002442208636051,0.001882140509706705,0.011694391593590276,0.0
Chris Moore,WR,BAL,3.8185935625673113,4500.0,0.88337735730036271,0.058269518190381467,0.033730067098745237,0.0056578787173240776,0.00056555891678103788,0.00056289349342160747,0.017836726282982544,0.0
Rashard Higgins,WR,CLE,3.8158939433434016,4500.0,0.87941412388773277,0.060433271460679387,0.03487876610560256,0.0064154035149714831,0.0030089182091370807,0.00087717181790517961,0.014972345003970411,0.0
Ryan Grant,WR,WAS,3.7730348275128183,4500.0,0.86254099878392787,0.082017680122902975,0.035089479594734865,0.0066333308260404225,0.0023471332049042029,0.00052810176414969166,0.010843275703339192,0.0
Bradley Marquez,WR,LARM,3.7658574494329802,4500.0,0.89376443023063878,0.052575853640360923,0.029366186619870907,0.0040992642366759939,0.00051233852906513696,0.00027760510120885867,0.019404321642178594,0.0
Rashad Greene,WR,JAC,3.7599302026120158,4500.0,0.88505150153099732,0.06800256447909972,0.023805645922379458,0.0035669229093183365,0.00044521429545372923,0.00029494821273295257,0.018833202650017013,0.0
Bryce Treggs,WR,PHI,3.7128453205844729,4500.0,0.87437631592211129,0.072202215281996301,0.031648169076318178,0.0084330789419472564,0.0014487470968489325,0.00087886230402116599,0.011012611376756727,0.0
Brittan Golden,WR,ARI,3.6601286249663385,4500.0,0.8939761957747564,0.053498982783422848,0.030693546413403335,0.0061726066976061844,0.00083041921835570862,0.00072231120944059519,0.014105937903014468,0.0
Alex Erickson,WR,CIN,3.6545278248756463,4500.0,0.8886894111930328,0.058219678673244173,0.031559579040610658,0.0077907054652470312,0.00094283248874045978,0.00050824902290317546,0.012289544116222257,0.0
Mike Thomas,WR,LARM,3.6411678312178566,4500.0,0.90558697866918381,0.043718003977197724,0.028009459341058918,0.0051175044054846876,0.00032317280249686393,0.00016019071462631084,0.017084690089951213,0.0
Deonte Thompson,WR,CHI,3.6167081963664298,4500.0,0.88862024846879462,0.062889895805651311,0.027303635296511135,0.0079483885325559982,0.001272101330930326,0.00057756448192865001,0.011388166083627698,0.0
Aaron Burbridge,WR,SF,3.6074228357348095,4500.0,0.89772481572119656,0.052863400529645117,0.030558679134442039,0.003628443829412166,0.00057337777323044758,0.00060558254079412619,0.014045700471277657,0.0
Jakeem Grant,WR,MIA,3.5989886986766675,4500.0,0.90778976700107528,0.03895631635795635,0.033408804883288304,0.0038466039558346351,0.00047967541218720162,0.00020474029214956753,0.015314092097507752,0.0
Leonte Carroo,WR,MIA,3.5537585347562675,4500.0,0.91456595178646172,0.035117770981504579,0.030247694713154739,0.0039300988839744439,0.0004926674338845752,0.00021348343376444704,0.01543233276725477,0.0
De'Anthony Thomas,WR,KC,3.5356887202762168,4500.0,0.91007551540401455,0.044590423136990312,0.025205085456395437,0.0041853816486645528,0.0010658263309156698,0.00092519494253883111,0.013952573080478835,0.0
Devin Hester,WR,BAL,3.5200502528356212,4500.0,0.91251060087362645,0.039926221160159779,0.028788134336458722,0.0040835337523845673,0.0003850899015735371,0.00018341998138027532,0.014122999994415162,0.0
Marc Mariani,WR,TEN,3.4557491841742927,4500.0,0.92004342915533799,0.037971674394589122,0.022564292904868569,0.0046534518791412991,0.00061997363482757181,0.00023155383282039393,0.013915624198414814,0.0
Dwayne Harris,WR,NYG,3.4352886413913533,4500.0,0.92212952801194992,0.037206568216193663,0.021978322797617002,0.004024943458788963,0.00045500325888882064,0.00022463440848391694,0.013980999848077141,0.0
Demarcus Robinson,WR,KC,3.4032549045651437,4500.0,0.92491164069052534,0.034114227557395259,0.022507304161047337,0.0048583173369385725,0.00046291685558877334,0.00023388765993743866,0.012911705738566343,0.0
