name,pos,team,expectation,salary,prob_0_5,prob_5_10,prob_10_15,prob_15_20,prob_20_25,prob_25_30,prob_30+,label
Ezekiel Elliott,RB,DAL,16.564267773448098,8600.0,0.051787927006108944,0.1828009661738991,0.18869688570506102,0.29860603863228563,0.12322981303876937,0.095191968221021148,0.059686401222855123,3.0
Le'Veon Bell,RB,PIT,15.562196597856204,9500.0,0.085076172237088007,0.1952571553750245,0.23570445755779038,0.20369845721232546,0.14473277801962378,0.083469734681867247,0.052061244916281182,2.0
DeMarco Murray,RB,TEN,14.564315280211769,8300.0,0.10064053303175538,0.21181357958366542,0.24891486078355446,0.20766573718068704,0.12992618221432983,0.064157588231237198,0.036881518974771182,2.0
Jay Ajayi,RB,MIA,14.37422337289347,8400.0,0.11000612127744018,0.21593849081702762,0.23348162917622833,0.2429313040516842,0.094145139238938497,0.057442729368684518,0.046054586069996954,3.0
Tim Hightower,RB,NO,12.436478189735753,6500.0,0.17907964044806679,0.24764940355596629,0.23583146166569899,0.19104497369510473,0.079605634633384117,0.038467938380421972,0.028320947621357812,1.0
Mark Ingram,RB,NO,11.810464325521931,6000.0,0.22036410423624489,0.25223749776476445,0.20980560431495129,0.18624769709084982,0.067633951696683445,0.035438120784571966,0.028273024111934802,1.0
Rashad Jennings,RB,NYG,10.970343780924647,6600.0,0.22786141910088817,0.29547103205268904,0.22881156577564216,0.13779160879818406,0.059209868610627117,0.026529330039272773,0.024325175622697114,1.0
Todd Gurley,RB,LARM,10.934382782186482,7500.0,0.21464079624240448,0.31049068305951444,0.23426426207202319,0.13186613650746157,0.061009663484458146,0.028009796898920903,0.019718661735217496,1.0
Jonathan Stewart,RB,CAR,10.827173587839248,6900.0,0.23827432315922001,0.29627050762564328,0.21630093487399621,0.1390664726634474,0.064971306346853108,0.022519508556003775,0.02259694677483693,1.0
David Johnson,RB,ARI,10.798078523070346,9500.0,0.29036151637450869,0.28145733170930182,0.16776202635183188,0.1229414531620804,0.07125862998754344,0.027765556620721756,0.038453485794012324,0.0
Jordan Howard,RB,CHI,10.529398744244034,6800.0,0.30175791776921029,0.245110210728685,0.20781581847702396,0.13189203323037807,0.060803699932287902,0.02385671823993921,0.028763601622475741,0.0
Latavius Murray,RB,OAK,10.450655904478015,6600.0,0.28949193518270122,0.26226217193951329,0.21944713988663259,0.12331843677987578,0.050939025419256836,0.026170048654643008,0.028371242137377642,0.0
Spencer Ware,RB,KC,10.398498160895233,7000.0,0.30039712242600614,0.25729940062685025,0.20218658254213367,0.13100146411011465,0.05910292694103178,0.024313536951106326,0.025698966402757879,0.0
LeGarrette Blount,RB,NE,10.07960643150853,6800.0,0.32623501089148971,0.25775915929369408,0.18846299212049969,0.12396365244356392,0.055715410054575767,0.016420662371423807,0.031443112824753608,0.0
Lamar Miller,RB,HOU,10.004279182399966,7100.0,0.31802671598427679,0.29171571139199759,0.17632553817487567,0.10753109345521814,0.048962694171487957,0.023535741771531764,0.033902505050612153,0.0
LeSean McCoy,RB,BUF,9.9799198193625571,8100.0,0.3392567882626093,0.24834357903631049,0.19951494580984247,0.11250351990557991,0.035058861260865562,0.035820332503222939,0.02950197322156916,0.0
Frank Gore,RB,IND,9.5070327091208959,6500.0,0.33917689222628983,0.27281806773302564,0.20230269377455062,0.098697635405102166,0.044546474347919029,0.017516169600109772,0.02494206691300322,0.0
Rob Kelley,RB,WAS,9.4973271924768454,5700.0,0.36411887745216992,0.25832659077795422,0.17615341619648914,0.10649696007087295,0.050362811979380154,0.01441923047071589,0.030122113052418027,0.0
Isaiah Crowell,RB,CLE,9.4170599074381087,5700.0,0.37212862901366123,0.27333789850649165,0.17492083044577464,0.080384854110806966,0.041822884277479246,0.014230367366914406,0.04317453627887239,0.0
Terrance West,RB,BAL,9.3955751504636495,6300.0,0.32517224482363505,0.31820199782001779,0.16841956257741597,0.10006566938965329,0.049790962010325311,0.016372740703716488,0.021976822675236426,0.0
Doug Martin,RB,TB,9.3855467252368641,6400.0,0.31014520597650641,0.33652058488066383,0.17843585601655476,0.092278782732153078,0.041816822202402917,0.017069634745764305,0.023733113445954895,1.0
Carlos Hyde,RB,SF,9.2008057314794307,6800.0,0.39428056931031663,0.24021065585956705,0.18400391587011591,0.088095747909297403,0.045004712328344007,0.017994684027008549,0.030409714695350237,0.0
Melvin Gordon,RB,SD,9.1685078957734625,8200.0,0.41645416025354259,0.21796875288997294,0.17219647516528433,0.10908038924121377,0.0314182934691008,0.016871336027766873,0.036010592953118765,0.0
Wendell Smallwood,RB,PHI,9.1365727259171869,5700.0,0.39764787102268917,0.24890759974137988,0.16820290958291548,0.093149789457370943,0.043573437422621229,0.018074363207350029,0.030444029565673679,0.0
Chris Ivory,RB,JAC,8.9291422741362325,5900.0,0.37857537838090261,0.27761805857387645,0.18298767164955879,0.083806378396849415,0.036428006379676518,0.012463600519593391,0.028120906099543198,0.0
Jeremy Hill,RB,CIN,8.7397577677253171,5900.0,0.42059860989390979,0.24744563473113854,0.165478352176777,0.077795502169419189,0.048475833272427431,0.01272004370248783,0.027486024053840642,0.0
Devonta Freeman,RB,ATL,8.4963017453754794,7300.0,0.47940410452084198,0.19305816083423274,0.15235674823529927,0.09087662193037277,0.038600630703842037,0.015078644250929786,0.030625089524481452,0.0
Matt Forte,RB,NYJ,8.3982431663305697,6800.0,0.45905883918121054,0.22720727551691833,0.14879657022555498,0.089862149362012061,0.032513817614459747,0.014294842596517797,0.028266505503326364,0.0
Matt Asiata,RB,MIN,8.3864162379135703,5900.0,0.39995363567773762,0.30026508467403362,0.15563858331190486,0.067000620329228572,0.04567523338845169,0.014997516851869633,0.016469325766773898,0.0
Jerick McKinnon,RB,MIN,8.0540844134561258,5800.0,0.4341699298056077,0.28942638443388757,0.14722800954909471,0.059473545131109744,0.036626776130197033,0.00865537862042913,0.024419976329674596,0.0
James Starks,RB,GB,7.9961201035052234,5300.0,0.45249873507588007,0.27196362318994022,0.140622031056192,0.063499662097557114,0.036721457985978291,0.011255114467871608,0.023439376126581181,0.0
Thomas Rawls,RB,SEA,7.9494851814405854,7000.0,0.49766987296860904,0.20181463574017772,0.1776269967798241,0.049905204353114845,0.028395060576107606,0.0135272937730469,0.031060935809120206,0.0
Theo Riddick,RB,DET,7.8047710500449439,6400.0,0.47479463925841486,0.22919613919288576,0.17316385604509738,0.068341591899081067,0.021354717153314665,0.013654768344957206,0.019494288106249275,0.0
Alfred Morris,RB,DAL,7.5690769063392569,4700.0,0.54058779450686734,0.20427318953624321,0.13645493941889006,0.038412292845424176,0.038174614531293463,0.0032897488773003889,0.038807420283981466,0.0
Ty Montgomery,RB,GB,7.2962775422767496,4900.0,0.51572769070852242,0.23902648344451516,0.13349883438303831,0.061149831368448669,0.019277623260970312,0.0072704135525023042,0.024049123282002958,0.0
T.J. Yeldon,RB,JAC,7.2762274810812748,5200.0,0.52194078979202851,0.24054750841323197,0.12063371897502242,0.059944406807975796,0.025244715973200441,0.00890608314284368,0.022782776895697032,0.0
Darren Sproles,RB,PHI,7.1404987782857932,5400.0,0.5559447865439493,0.19765975491197743,0.12652177883431079,0.061088639786898359,0.031264108044638902,0.006541310447437121,0.02097962143078819,0.0
Devontae Booker,RB,DEN,7.0719094219377885,6300.0,0.58309054762338319,0.19809968028364866,0.095355030755958026,0.057627880828281505,0.024314291207410951,0.0096002434540385321,0.031912325847278739,0.0
James White,RB,NE,6.9296571692410982,5600.0,0.54302563967330886,0.24557501222846559,0.10787750798611898,0.050796038954057647,0.021615045675212264,0.010977869702629744,0.020132885780206958,0.0
Kenneth Dixon,RB,BAL,6.7826293693829545,5000.0,0.54709963234219894,0.25557540360259101,0.09596362742412741,0.056343086629683362,0.019055390533840599,0.0033241287585311394,0.022638730709027235,0.0
DuJuan Harris,RB,SF,6.7807223442806528,5200.0,0.60660923658365551,0.19690532815101716,0.092151429653013442,0.041308050577227966,0.020739807954375244,0.0045380387831459668,0.037748108297564885,0.0
Charcandrick West,RB,KC,6.6464648903225365,5200.0,0.5840609681994513,0.20918426644803911,0.11505959055038673,0.04229488874274008,0.017602444739720082,0.0093272554994785293,0.02247058582018481,0.0
Duke Johnson,RB,CLE,6.6137480346791211,4900.0,0.57958350995849162,0.23053436734407742,0.09972870252534817,0.04602415550496558,0.01071942068955576,0.003570867057481004,0.029838976920080817,0.0
Peyton Barber,RB,TB,6.4571195377401907,5200.0,0.61287734045020381,0.18911204554558039,0.099608112757129275,0.046744033749938428,0.026126176450550768,0.0050673749111368981,0.02046491613546093,0.0
Bilal Powell,RB,NYJ,6.3436102941116621,5500.0,0.61468195313691742,0.20566599841461031,0.087516051568784933,0.042890308832689641,0.02172269354605082,0.0042914717788511657,0.02323152272209604,0.0
Paul Perkins,RB,NYG,6.3065882857976785,4500.0,0.62877749981785147,0.18270774715629018,0.09705994968480533,0.045451767220231469,0.017415712886981235,0.0048971623966293674,0.023690160837210573,0.0
Benny Cunningham,RB,LARM,5.8026301517933243,4500.0,0.66044137011077619,0.19830351366877741,0.069949432993670679,0.028964151717775336,0.014550313125429041,0.0022753176304745942,0.025515900753097075,0.0
Jeremy Langford,RB,CHI,5.7459881631044381,4900.0,0.67635902030827522,0.16858840241780257,0.073101114780250942,0.047520548958607231,0.01099041463067398,0.0029863650896498686,0.02045413381474093,0.0
Christine Michael,RB,GB,5.7351798847935953,4700.0,0.67265069377528441,0.1763603167898353,0.079670385592540194,0.031675636370177611,0.011615779470096489,0.0082212400136949335,0.019805947988370771,0.0
Chris Thompson,RB,WAS,5.7156353796668995,5300.0,0.67517694274777185,0.18101914735424668,0.065802291240997179,0.035374294559965824,0.017539383972083572,0.0058991228554447573,0.019188817269489754,0.0
Damien Williams,RB,MIA,5.6389304429409828,4800.0,0.69759509082783255,0.1501058133389834,0.076632991100562084,0.037408724639802972,0.013657012831958821,0.0015615462631635485,0.023038820997696462,0.0
Jalen Richard,RB,OAK,5.5678819202814447,4900.0,0.6914553311983116,0.16878408441965564,0.067732933368655962,0.028430772641221676,0.022719506352040234,0.001697885708835791,0.019179486311279439,0.0
Dwayne Washington,RB,DET,5.3964928473398022,4500.0,0.70686626416476184,0.16264681435259346,0.077179343803483388,0.018034375412702641,0.0076132044609582492,0.0013685748728618293,0.026291422932638468,0.0
Lance Dunbar,RB,DAL,5.3434672412501572,4500.0,0.75410421384991722,0.11792768483922104,0.070229005772210251,0.0084452268528048512,0.013992473146742027,0.00030459485544957911,0.034996800683655266,0.0
John Kuhn,RB,NO,5.0277906325396575,4500.0,0.75201363773188945,0.14938504763271176,0.047055966124706271,0.011652616020742058,0.012586660091373401,0.00048854159511056922,0.026817530803466851,0.0
Jamize Olawale,RB,OAK,4.936660165815824,4500.0,0.76120898995629782,0.14810612485188918,0.033355232661798337,0.020183645339792895,0.011502560192948832,0.00048542619051102212,0.025158020806761525,0.0
Dion Lewis,RB,NE,4.9252439873033476,4900.0,0.76553810096977604,0.13098617730797776,0.051232325471382713,0.020586011413349131,0.0055224872103445104,0.0014178989654058979,0.024716998661764765,0.0
Kenjon Barner,RB,PHI,4.8470291816331734,5300.0,0.78572203033490806,0.1118749974664837,0.048562543248163947,0.017580535656220475,0.01003650894216113,0.0019559257745966709,0.024267458577466705,0.0
Kapri Bibbs,RB,DEN,4.8166299084566289,5000.0,0.77029781783190654,0.12824760925530918,0.047922040520337515,0.025015009686977282,0.0074614171403922401,0.0016807282667744706,0.019375377298302833,0.0
Kenyan Drake,RB,MIA,4.6758858424903629,4500.0,0.77432514074519254,0.13710128431134241,0.043693536760272843,0.019257638485984201,0.0048406560398257916,0.00101870848270353,0.019763035174678641,0.0
Mike James,RB,TB,4.5706018549652336,4500.0,0.78203340107578034,0.13383778731142279,0.039929239861977744,0.021031098123410162,0.0043620129776331656,0.0015728243644295091,0.017233636285347284,0.0
Kyle Juszczyk,RB,BAL,4.5573210676230795,4500.0,0.77856123306937708,0.13656563828577611,0.037671931050258185,0.026958378012359674,0.0047593016287118027,0.00066699607431238025,0.014816521879205395,0.0
Reggie Bush,RB,BUF,4.4652764559468805,4700.0,0.77863403663349484,0.14370258909403313,0.039847028197320181,0.014698269804428362,0.0092262130930042124,0.0010920844931811792,0.012799778684537685,0.0
Derrick Henry,RB,TEN,4.4515331752162517,4800.0,0.81231675703355632,0.097836605764811568,0.046872136347411733,0.017319882899232125,0.0069260032807653762,0.0017826004130622514,0.016946014261160932,0.0
Shaun Draughn,RB,SF,4.3895352697853927,4500.0,0.82593559879910439,0.10099427195661514,0.033942514630017351,0.0092827433373162196,0.004692594481353736,0.00072043624552920393,0.024431840550064456,0.0
Robert Turbin,RB,IND,4.359742047477404,4500.0,0.82585886674724207,0.098017622086895115,0.033153953302351977,0.01623314690316555,0.005481359106618326,0.00077322225421321835,0.020481829599514664,0.0
Andre Ellington,RB,ARI,4.3416341362822024,4500.0,0.82795961038057797,0.097407506226617091,0.033579069514279213,0.014632701026742512,0.0041084612547408169,0.0010686676524669372,0.021243983944575297,0.0
Keith Smith,RB,DAL,4.3176904204792903,4500.0,0.81342951753079007,0.094067146351778833,0.064124532628761874,0.0046473654537384224,0.010495326756827352,0.00049083613976130228,0.012745275138342185,0.0
Jonathan Williams,RB,BUF,4.2829687390844908,4500.0,0.84110983278697304,0.0835294915360483,0.03499673867271974,0.014906875407221493,0.0022793109123118525,0.00094831359081555707,0.022229437093910821,0.0
Denard Robinson,RB,JAC,4.2305878180529062,4500.0,0.83986137956550522,0.08381676655837153,0.036521768623213088,0.017604444538605567,0.0027115602889890627,0.00069922515369526868,0.018784855271620628,0.0
Tevin Coleman,RB,ATL,4.2219930177975904,5600.0,0.84014001568012953,0.08752002105628777,0.037749215000566126,0.0087736825205983453,0.0036453489707011714,0.002425633305775751,0.019746083465941474,0.0
Akeem Hunt,RB,HOU,4.1689561041451801,4500.0,0.83140562232425852,0.098867860701280424,0.033996694459307066,0.01526383607464436,0.0040875747502518052,0.0011143413349826901,0.015264070355275064,0.0
Jerome Felton,RB,BUF,4.0903280001960107,4500.0,0.86454200689036254,0.075245287467107222,0.020480076559989277,0.013957953121224703,0.0025255127976066098,0.00082354111073244145,0.022425622052977476,0.0
Aaron Ripkowski,RB,GB,4.08822834815739,4500.0,0.84030182375208018,0.099564861341620348,0.029505650657005389,0.0093986735220125579,0.002480668557395553,0.00060885461602197945,0.018139467553864145,0.0
Travaris Cadet,RB,NO,4.0876414881250067,4500.0,0.83670740060976134,0.10971113236740435,0.021412260725932566,0.0096733552050639656,0.0035821628911062958,0.00086336445243090539,0.018050323748301522,0.0
Mike Tolbert,RB,CAR,3.9804680672264658,4500.0,0.85533218971109681,0.086515591566728708,0.026198980556376379,0.012709863175842348,0.0021514162200226066,0.00043528376425031902,0.016656675005683418,0.0
Fozzy Whittaker,RB,CAR,3.9677870754364837,4500.0,0.84799310739985045,0.089972564933128607,0.033419234834194456,0.01169489814038774,0.0027462991251948816,0.00096922108216952664,0.013204674485075143,0.0
Knile Davis,RB,KC,3.8487011695916729,4500.0,0.86522551321974095,0.078809046071941988,0.02943248444130352,0.0091502551283048541,0.0027613975817874889,0.00097907324550803405,0.0136422303114125,0.0
Paul Lasike,RB,CHI,3.7857041605912922,4500.0,0.88072684307958704,0.070840511639899933,0.021814054996597037,0.0074380468995404129,0.0012612733305136352,0.00077485259041028558,0.017144417463451862,0.0
Jay Prosch,RB,HOU,3.7399628940146568,4500.0,0.8852796749352565,0.06918898536777715,0.020192702892101337,0.0064245403895221691,0.0010991203308912943,0.0006995062600781731,0.017115469824373671,0.0
Antonio Andrews,RB,TEN,3.6954729277917835,4500.0,0.88597349563365302,0.071314086560254453,0.017769386151592112,0.0067279120131749776,0.0021705364802405004,0.00060929720841210535,0.015435285952672431,0.0
Rex Burkhead,RB,CIN,3.6735087420362578,4500.0,0.88984883292979311,0.067344863890516152,0.019597975156400774,0.0056963544256901071,0.00088368091708286188,0.00036450344321983661,0.016263789237297346,0.0
Kenneth Farrow,RB,SD,3.6715485474456147,4500.0,0.89051622617584791,0.064270740337772192,0.020272732822358443,0.0078286249622262129,0.001846418321839858,0.00040147842473950505,0.014863778955215189,0.0
Patrick DiMarco,RB,ATL,3.6591525704830996,4500.0,0.88561739728938738,0.072264942656870862,0.020364157013388368,0.0056906470746291215,0.00071531426614702043,0.00056997461517212049,0.014777567084405561,0.0
Will Tukuafu,RB,SEA,3.6552047563220658,4500.0,0.89507286515311046,0.061459728901603193,0.019194477410571006,0.0064795778459636431,0.0011956223303681616,0.00060945976479639735,0.015988268593587998,0.0
Fitzgerald Toussaint,RB,PIT,3.5993280142197066,4500.0,0.90156564059214117,0.053489224333126119,0.012081476088043447,0.01983490778019904,0.00042682436262908672,0.00060741262765384978,0.011994514216207022,0.0
Zach Line,RB,MIN,3.599073731027405,4500.0,0.8886914949243454,0.070244617456391101,0.019971856841959377,0.0067292478019747946,0.0011582621141717885,0.00068250826331177675,0.012522012597846221,0.0
Jordan Todman,RB,IND,3.5656736268622939,4500.0,0.90605070209254479,0.056143827164193208,0.014523099843338666,0.0056871375528479481,0.00089076100618144479,0.00083921891832884339,0.015865253422565288,0.0
Ka'Deem Carey,RB,CHI,3.5369579046386681,4500.0,0.89268571067772473,0.068431620385962982,0.020551851007189578,0.005214247047658706,0.00073950395744077344,0.00079695563433660474,0.011580111289687509,0.0
James Develin,RB,NE,3.5344158451869836,4500.0,0.91198664874495239,0.053573627174557575,0.011819949878770176,0.0029662669407195387,0.002462002422029944,0.00054796657219129336,0.01664353826677905,0.0
Brandon Bolden,RB,NE,3.5344158451869836,4500.0,0.91198664874495239,0.053573627174557575,0.011819949878770176,0.0029662669407195387,0.002462002422029944,0.00054796657219129336,0.01664353826677905,0.0
Javorius Allen,RB,BAL,3.5251022271882153,4500.0,0.9025966459039485,0.055075468197184223,0.022572194365909265,0.0056345979381025469,0.0011806534627290437,0.00062578667693796134,0.012314653455188731,0.0
C.J. Spiller,RB,NYJ,3.5133479737479929,4500.0,0.90230218638283211,0.058958329390818201,0.018471286936370481,0.0059913967813038553,0.0011265421408831835,0.00079223120803706296,0.012358027159755341,0.0
Jalston Fowler,RB,TEN,3.4853829845612085,4500.0,0.92336416793044374,0.042722932951538076,0.011963848799452136,0.002932193040819295,0.00033269700119503275,0.00076562837535124897,0.017918531901200768,0.0
Zach Zenner,RB,DET,3.4605523816689274,4500.0,0.9075579710588485,0.056122154587283389,0.018130702301695029,0.0045384074140194198,0.00065972548232505837,0.00064597436075383111,0.012345064795074545,0.0
Alex Collins,RB,SEA,3.4504414863806869,4500.0,0.91157060499296594,0.052294686382413968,0.016742029877749125,0.0051774230948402836,0.0010793416351640305,0.00061568386439363827,0.012520230152473786,0.0
Malcolm Brown,RB,LARM,3.4388472754129675,4500.0,0.91820775741556648,0.046933993414901384,0.014188920601546737,0.003968923491078925,0.0028438655667273314,0.00059474606114026153,0.013261793449038667,0.0
Josh Ferguson,RB,IND,3.4132611960590777,4500.0,0.92038833507926565,0.047059563798770028,0.013547255194719825,0.0037027207953476155,0.00053500944893143546,0.00049085806496138235,0.01427625761800465,0.0
George Farmer,RB,SEA,3.3848988236583444,0,0.9220433054470919,0.046899782048296902,0.013047411716905039,0.0031030524560190817,0.0005032985602716327,0.00063844391585700844,0.013764705855558883,0.0
George Atkinson,RB,CLE,3.3843268887830651,4500.0,0.92044320402002977,0.048956138367016143,0.012833389965876114,0.0031680541325387964,0.00044453844977471581,0.00069682977322524549,0.01345784529153897,0.0
Taiwan Jones,RB,OAK,3.3834053730072373,4500.0,0.91949890555785285,0.049092782378782181,0.012541205421488601,0.0051987583967929964,0.00039134446847206562,0.00063753082170236184,0.012639472954909076,0.0
Orleans Darkwa,RB,NYG,3.377015474002484,4500.0,0.9236374592408465,0.042815473453257417,0.015706395242065643,0.0035685577355248918,0.00047446659259548862,0.00074227933064419907,0.013055368405066202,0.0
Bobby Rainey,RB,NYG,3.377015474002484,4500.0,0.9236374592408465,0.042815473453257417,0.015706395242065643,0.0035685577355248918,0.00047446659259548862,0.00074227933064419907,0.013055368405066202,0.0
Andy Janovich,RB,DEN,3.3749981599778347,4500.0,0.91942957360189448,0.048458424208279373,0.013514214420696016,0.0054243755172728335,0.00058444485319886252,0.00061761007333271598,0.011971357325325852,0.0
Cedric Peerman,RB,CIN,3.3551896992019739,4500.0,0.92418745230041099,0.045786622021523796,0.012514240777180276,0.0032370316837681797,0.00051979374806821268,0.00064934688525686908,0.013105512583792075,0.0
Juwan Thompson,RB,DEN,3.3544693383187685,4500.0,0.92292505778576961,0.047070580790890493,0.012842661569413848,0.0032600056876690392,0.00042334575721191241,0.00062980067774157111,0.012848547731303521,0.0
Stepfan Taylor,RB,ARI,3.3530971359410549,4500.0,0.92649451011954476,0.042594677105551121,0.012948489089137699,0.0034213504427691179,0.00060615130067008169,0.00075815150115354259,0.013176670441173705,0.0
Kerwynn Williams,RB,ARI,3.3530971359410549,4500.0,0.92649451011954476,0.042594677105551121,0.012948489089137699,0.0034213504427691179,0.00060615130067008169,0.00075815150115354259,0.013176670441173705,0.0
Ryan Hewitt,RB,CIN,3.3479387585901574,4500.0,0.92599784452956047,0.043879142136743002,0.012625954015906195,0.0032203105273273468,0.00042915588717805543,0.0006201383017137653,0.013227454601571235,0.0
Jonathan Grimes,RB,HOU,3.3466008676693888,4500.0,0.92517164797187801,0.045081128015680788,0.012365757643337602,0.0032147288869777855,0.00051633822459457804,0.00061973633449694833,0.013030662923034647,0.0
Roosevelt Nix,RB,PIT,3.344852289203331,4500.0,0.92531805668449252,0.044586466184574687,0.013006490395104446,0.0030357979072503896,0.00044382048819971708,0.00064837268075081328,0.012960995659627467,0.0
Derek Watt,RB,SD,3.3341474581746646,4500.0,0.92887264106371914,0.041257927601866792,0.012348093206993403,0.0031623579245983807,0.00038629054073601626,0.00065289408081515253,0.01331979558127142,0.0
Michael Burton,RB,DET,3.3339826633176437,4500.0,0.9259008512987752,0.044863832331062538,0.012229006665429172,0.0031826093639447462,0.000421388871139718,0.00058248075166910925,0.012819830717979855,0.0
Anthony Sherman,RB,KC,3.3320138283418967,4500.0,0.92751926711968258,0.042276284199376526,0.012931248941255833,0.0033990426125279569,0.00051641488054248081,0.00054941891750554862,0.01280832332910915,0.0
Chase Reynolds,RB,LARM,3.3204226372869865,4500.0,0.92862232141820278,0.041803963688082674,0.012509160975772576,0.003237946756312796,0.00053561799626154175,0.00065700000740308013,0.012633989157964544,0.0
Corey Grant,RB,JAC,3.3132403960752175,4500.0,0.92747570342410945,0.044164281878085229,0.011709433196111249,0.0031632254049702947,0.00049878542514813899,0.00056373089067380709,0.012424839780902017,0.0
