name,pos,team,expectation,salary,prob_0_5,prob_5_10,prob_10_15,prob_15_20,prob_20_25,prob_25_30,prob_30+,label
IND,Def,IND,28.512189900315818,4000.0,0.04946972395968622,0.042428797742415605,0.060179731814311424,0.050178973882160971,0.0017883087492115543,0.19449630199373166,0.60145816185848266,6.0
DET,Def,DET,27.051668874980717,4700.0,0.021191578857580072,0.023261933289166908,0.07381132393677145,0.033976094857969825,0.002529539836530694,0.57772612668631751,0.26750340253566357,5.0
OAK,Def,OAK,25.860961366233916,4500.0,0.02503873258607275,0.043009294989393626,0.11243534684999167,0.09935870993606917,0.0020297831991493336,0.37981055926866758,0.33831757317065592,5.0
BUF,Def,BUF,25.123433240068561,4800.0,0.018925609776467033,0.032585519867063845,0.079780788932811056,0.066440760670939125,0.0006560391259721423,0.71992014587302233,0.081691135753724428,5.0
NYJ,Def,NYJ,18.325258068502109,4000.0,0.089705650144907723,0.12182239624188516,0.08619472951658376,0.4833415029590396,0.00090566079069892764,1.8572461983250526e-06,0.21802820310068655,3.0
CIN,Def,CIN,18.044865116849898,4300.0,0.13119361682128672,0.1166128778812883,0.021387586711640649,0.0027296189442744226,0.71625408009337066,0.00030975480253319775,0.011512464745606008,4.0
DEN,Def,DEN,17.188838088393265,4900.0,0.014298090577796969,0.013876745394223358,0.022929546801901041,0.93981700313042615,0.00016766503621579992,7.3731612346483967e-06,0.0089035758982019993,3.0
SD,Def,SD,16.767598741403202,4600.0,0.010131364176998715,0.038083965505061754,0.048889345388620227,0.90000234448750871,0.00042764749154751137,5.679707139197159e-05,0.0024085358788710817,3.0
ATL,Def,ATL,16.681483877376291,4700.0,0.017761792258981373,0.045354322090668225,0.04618750185735316,0.88300814128861937,0.00016907680117554604,5.2389809939235329e-06,0.0075139267222083962,3.0
ARI,Def,ARI,15.981123949914968,4300.0,0.21615464511388185,0.13895274503821789,0.025799596326830338,0.00082280600791155166,0.6062187730497629,3.3212958279116896e-06,0.012048113167567587,4.0
DAL,Def,DAL,15.423454496128191,4400.0,0.23503323190460743,0.28719548385634008,0.12458868907727386,0.054023112198307355,0.022515329945940073,0.0013330758519232678,0.27531107716560793,1.0
HOU,Def,HOU,15.376289102753844,4600.0,0.23332705647182259,0.15696199644154454,0.033392497393785713,0.0032936779165841064,0.55318372802371873,4.7933943008203741e-05,0.019793109809536094,4.0
CHI,Def,CHI,14.465786814039946,4100.0,0.32599371442144692,0.12357020134534699,0.025783472367164034,0.0026339009188391105,0.47318594803457353,2.5491399059705433e-05,0.048807271513569873,4.0
NO,Def,NO,14.370275524387749,4300.0,0.11298161356308711,0.22050875974031481,0.18112140986545036,0.30958506202468999,0.087760865122284343,0.040513336069332967,0.047528953614840358,3.0
JAC,Def,JAC,14.244214978924621,4000.0,0.22192822498375586,0.24200328941727353,0.17480261855775867,0.13390821162204822,0.047492857779675171,0.0023885209262589609,0.17747627671322969,1.0
KC,Def,KC,13.891975232378261,4500.0,0.2272474191100548,0.18649650591858979,0.18366848323373425,0.12396262068894599,0.14855972103168763,0.057992864809609183,0.072072385207378353,0.0
SF,Def,SF,13.791303668303215,4000.0,0.31468698599038131,0.2332740994141497,0.082755898114142981,0.11574464011909998,0.04687454901161392,0.012381437443017817,0.19428238990759422,0.0
TEN,Def,TEN,13.654068135359784,4500.0,0.26752530235854771,0.22941644709810904,0.12377747344529559,0.13733094475848159,0.081708244568207591,0.017702599985899285,0.14253898778545923,0.0
PIT,Def,PIT,13.365889367256134,4300.0,0.15253141695255432,0.29351439717456662,0.20185038159668339,0.11680149241725105,0.12294560980035603,0.064361844500472595,0.047994857558115937,1.0
SEA,Def,SEA,13.293169352361014,4900.0,0.12792083760818421,0.30437406471780115,0.18755251264914929,0.20429261350096831,0.064281686772474159,0.07740577201396584,0.034172512737457243,1.0
TB,Def,TB,12.882045074737471,4200.0,0.21224390900738829,0.31021564752623415,0.13663612405464973,0.16433653188791794,0.055275062283243137,0.0063942930322995438,0.11489843220826715,1.0
MIA,Def,MIA,12.833742262173937,5000.0,0.075675889238557212,0.29101579874125966,0.28107757474741241,0.26919649435656851,0.048553651540970924,0.0082336193159266088,0.026246972059304714,1.0
GB,Def,GB,12.750599209448165,4100.0,0.1600953302213256,0.41419171963336543,0.097446558906987377,0.13271523145778599,0.070454782873537611,0.034704180880468352,0.090392196026529606,1.0
PHI,Def,PHI,12.670917387296798,4200.0,0.22947237262573858,0.24323939120439772,0.14817902933706881,0.19474991871898048,0.098259335171209355,0.028233842258591841,0.05786611068401331,1.0
MIN,Def,MIN,12.549767121062848,4600.0,0.18444291980900304,0.16920258488701828,0.22605105251394897,0.35289518095307554,0.034331384938689938,0.014908032103366595,0.018168844794897578,3.0
CLE,Def,CLE,12.517814797707452,4000.0,0.25591270458922361,0.34679406643121818,0.13972481115920807,0.063480266888747985,0.024207504614570444,0.0094504995955832245,0.16043014672144834,1.0
NYG,Def,NYG,12.456423709263403,4800.0,0.090658056608606263,0.32032744094849941,0.26737860977889194,0.19654229446187552,0.091387972271187307,0.025376839783390902,0.0083287861475488043,1.0
BAL,Def,BAL,12.359407879087401,4500.0,0.14075977645405052,0.3667250855400549,0.14825213753131633,0.16819997585441446,0.13064719429476868,0.0091595910950628516,0.036256239230332374,1.0
NE,Def,NE,12.251672439709605,4900.0,0.30333046353585968,0.26472153070848964,0.032243073122511227,0.0035599791158881971,0.38570879045785211,0.00014889871783903437,0.010287264341560106,4.0
WAS,Def,WAS,11.999033627868652,4100.0,0.39557975128619371,0.2485693888064113,0.03231957056411687,0.0016135250369006008,0.20428088524287807,3.7562372494950671e-06,0.11763312282624985,0.0
CAR,Def,CAR,11.666972588221448,4400.0,0.27719560303747548,0.34133845341003644,0.11543845588596416,0.10169263464889561,0.043151879493307725,0.0027970649104516535,0.11838590861386901,1.0
LARM,Def,LARM,9.8205940811207384,4200.0,0.32688117181876691,0.36642775691807028,0.14643967006160852,0.045783471038871176,0.029830869843102403,0.0013353769222918656,0.083301683397288898,1.0
