name,pos,team,expectation,salary,prob_0_5,prob_5_10,prob_10_15,prob_15_20,prob_20_25,prob_25_30,prob_30+,label
KC,Def,KC,13.04599954275016,4500.0,0.18942419802025959,0.25794769455082039,0.22302349114134382,0.12405753030995965,0.10503613789550124,0.026955382219406607,0.073555565862708713,1.0
PHI,Def,PHI,12.065003173374613,4200.0,0.17462571981424146,0.37775218266253868,0.18116640866873063,0.10417027863777091,0.062180147058823527,0.025999999999999999,0.074105263157894743,1.0
BAL,Def,BAL,11.921837702634246,4500.0,0.17781665400202631,0.31434794832826746,0.26546993414387032,0.094801773049645391,0.067358333333333339,0.024062500000000001,0.056142857142857147,1.0
NYG,Def,NYG,11.407596360605996,4800.0,0.1533105281836579,0.31305049772948096,0.27140968616697203,0.16729356815799692,0.060700601596734759,0.02770798458445229,0.0065271335807050093,1.0
SD,Def,SD,11.258113175328512,4600.0,0.1493259504709428,0.32958533517579791,0.27405478668947997,0.16414338115314533,0.048164451827242521,0.02458655979967057,0.01013953488372093,1.0
CIN,Def,CIN,11.147123836175101,4300.0,0.18847132906061606,0.35660944825247864,0.2190461031306957,0.12751789124952204,0.053429136141636135,0.012377803111196167,0.042548289053855284,1.0
GB,Def,GB,10.894311762300928,4100.0,0.23611912135536572,0.36147567239136857,0.18869420550543733,0.094276395536710064,0.03954604336682082,0.013527162004936815,0.066361399839360763,1.0
BUF,Def,BUF,10.834425796936539,4800.0,0.19893712913770678,0.36901356735163665,0.21731847911556057,0.11596899113605529,0.041599186451577265,0.01508419310562477,0.042078453701838693,1.0
MIA,Def,MIA,10.821706122464192,5000.0,0.1831823664837802,0.40562705398712917,0.19488637465614944,0.10618657623659118,0.057394559201959898,0.014597663765159202,0.038125405669230963,1.0
SEA,Def,SEA,10.820342213764754,4900.0,0.18691073113389253,0.39013988598712013,0.21427629323742944,0.089566388275259839,0.066856701366297983,0.020250000000000001,0.032000000000000001,1.0
ATL,Def,ATL,10.768622569610097,4700.0,0.17464708213449981,0.43934854447873994,0.19617902058496642,0.088299390961101343,0.039185037027918347,0.0032242693364418831,0.059116655476332269,1.0
ARI,Def,ARI,10.760417264992189,4300.0,0.32138594991020442,0.29884092272221879,0.17488833787779431,0.081184845861001123,0.017554668765043694,0.00016776315789473684,0.10597751170584284,0.0
MIN,Def,MIN,10.760127603229556,4600.0,0.25244032099886787,0.28957724719093658,0.20659342543613493,0.14919137245490835,0.058476920565733288,0.01093667589478475,0.03278403745863423,1.0
NO,Def,NO,10.699714768773015,4300.0,0.24596323819470578,0.3149796969155772,0.23081355992014629,0.097157353980024758,0.049712592947139408,0.017276282670360563,0.044097275372045934,1.0
DEN,Def,DEN,10.68180296201751,4900.0,0.2002816613543846,0.36887060729177656,0.20449278960504319,0.11786909017905073,0.068932709450105337,0.018619417475728157,0.020933724643911501,1.0
DET,Def,DET,10.67957528710409,4700.0,0.24704614512471659,0.3274549740326238,0.25466236559139788,0.060371999122229542,0.040000000000000001,0.0,0.070464516129032262,1.0
NE,Def,NE,10.650137060417425,4900.0,0.1875224150236828,0.38710556451956557,0.21807040748120182,0.10373884481593873,0.062363994479077881,0.014455672457385205,0.026743101223148009,1.0
PIT,Def,PIT,10.609042031967144,4300.0,0.23340871778757549,0.33847968050555705,0.21299925343395712,0.11026065658761353,0.055847463958250847,0.010246057867790606,0.038758169859255433,1.0
SF,Def,SF,10.149612285772726,4000.0,0.36524167730929069,0.32491720735103702,0.1303206259966988,0.049932850035502969,0.014853683117982833,0.0070800000000000004,0.10765395618948777,0.0
NYJ,Def,NYJ,10.127986059287196,4000.0,0.37817601890882752,0.29548316013823545,0.14005450826534852,0.05035299556008753,0.032648205128205127,0.002,0.10128511199929593,0.0
CAR,Def,CAR,10.056773189901881,4400.0,0.32922856507570897,0.35621305953783433,0.13985361184292408,0.055821976148548766,0.018644718807802458,0.012105263157894737,0.088132805429286767,1.0
TB,Def,TB,9.9218484719259887,4200.0,0.30860251580960846,0.33308674402224586,0.1657211513321257,0.093815410644506228,0.037815712863447905,0.0060656402140262947,0.05489282511403977,1.0
WAS,Def,WAS,9.5407676908498225,4100.0,0.40904392780208809,0.27854926033433686,0.16811616763067352,0.029090081827154921,0.016480783417814903,0.001,0.09771977898793173,0.0
CHI,Def,CHI,9.4287412341276688,4100.0,0.40567667321673928,0.29802376706322459,0.13422703842701142,0.042603815324174642,0.03032717155658685,0.0061798019801980204,0.082961732432065352,0.0
DAL,Def,DAL,9.3493766791345028,4400.0,0.357655470835547,0.3830829203210851,0.11836109745732948,0.023747765254256127,0.031694941439850167,0.0022857142857142855,0.083172090406217827,1.0
IND,Def,IND,9.2480700935848539,4000.0,0.45129752051075628,0.24113890356432324,0.1435056544018623,0.040309442221885303,0.038931506483655759,0.0043339130434782609,0.08048305977403887,0.0
HOU,Def,HOU,9.2461276736106868,4600.0,0.30556833880605611,0.39039519616818913,0.15099597883832611,0.074184350214152664,0.028484793956470158,0.004711712466853547,0.04565962954995223,1.0
CLE,Def,CLE,9.1548718253968246,4000.0,0.3140911111111111,0.35631626984126985,0.21812992063492065,0.038644603174603179,0.020341269841269841,0.0,0.052476825396825397,1.0
LARM,Def,LARM,9.0126044431192263,4200.0,0.40192536681542945,0.30926413714519885,0.16846469609332151,0.027351211011658844,0.011777041394015147,0.00049899888765294774,0.080718548652723307,0.0
TEN,Def,TEN,9.0013394078591755,4500.0,0.33138353099672668,0.36752003066567479,0.16250858140173399,0.061471966361655646,0.030565423459639196,0.0010166273770234166,0.045533839737546405,1.0
JAC,Def,JAC,8.9387843528288968,4000.0,0.40815240436340366,0.30296646358172158,0.1495555585987704,0.04320705132243384,0.026192695427649633,0.0021536796536796533,0.067772147052341317,0.0
OAK,Def,OAK,7.9781572779364343,4500.0,0.43040414363984231,0.34421404033149894,0.11494964363037428,0.039787683220114625,0.022813640529363667,0.0,0.047830848648806282,0.0
