name,pos,team,expectation,salary,prob_0_5,prob_5_10,prob_10_15,prob_15_20,prob_20_25,prob_25_30,prob_30+,label
Jimmy Graham,TE,SEA,11.053353630749788,6900.0,0.065968054758930569,0.51995706349208271,0.088276332598191593,0.3004627060570223,0.014267570595251029,0.010827449553981168,0.0002408229445407266,1.0
Jordan Reed,TE,WAS,10.603732148778963,7400.0,0.15827169830464727,0.35362378091627034,0.31446113197739639,0.0953503253951834,0.051611791973744707,0.018484015672485199,0.0081972557602729666,1.0
Tyler Eifert,TE,CIN,8.0512457896368819,6400.0,0.27132908332609712,0.54194746251890147,0.053675622277779951,0.085739106650500579,0.033103320226973286,0.014010188336559136,0.0001952166631883883,1.0
Coby Fleener,TE,NO,7.7554770958198498,5700.0,0.093186974943090847,0.83758615512596157,0.021947015926644369,0.022572772179679668,0.02165428666124625,0.0030422663741714552,1.0528789205933464e-05,1.0
Delanie Walker,TE,TEN,6.7374513286096738,6100.0,0.50101268900259954,0.32454344735521745,0.044960191815418729,0.097822772796083535,0.018934649205122268,0.012600736225992901,0.00012551359956546436,0.0
Martellus Bennett,TE,NE,6.63288109281015,5500.0,0.33136601004445415,0.56706808013322751,0.06715273139453419,0.019559224439149914,0.0082801509166401457,0.0062168808748249687,0.00035692219716907991,1.0
Cameron Brate,TE,TB,5.4542426369970949,5400.0,0.5501835619014166,0.36687193911244453,0.043546783244082024,0.026265704756042004,0.0077388838019650033,0.0052833029156666555,0.00010982426838326317,0.0
Travis Kelce,TE,KC,4.7905533123411983,6300.0,0.68557918488024072,0.21803238383699647,0.065791756239444027,0.018717479491862102,0.0071415225997152861,0.0046790912722752993,5.8581679466291893e-05,0.0
Greg Olsen,TE,CAR,4.6269538495096318,7000.0,0.74939353006074139,0.14221292227859569,0.065912073797367327,0.025721822288145312,0.010408443964689387,0.0058189281083956641,0.00053227950206526629,0.0
C.J. Fiedorowicz,TE,HOU,4.4797558391491998,5200.0,0.61027066388703322,0.38661054738055717,0.0011516662211951926,0.0012010644223329116,0.00041788658638626243,0.00033371091457969326,1.4460587915425582e-05,0.0
Jason Witten,TE,DAL,4.2141609108109881,5600.0,0.76767706421111559,0.15365665836113057,0.059753791634533954,0.010054540217652112,0.0047862338493319979,0.004071161159211298,5.5056702435036215e-07,0.0
Eric Ebron,TE,DET,3.8241924468926367,6000.0,0.75453252523488723,0.23428556612116394,0.0063310837011458735,0.0025721375595016299,0.0012507297169548786,0.0010068670150026786,2.1090651343684425e-05,0.0
Zach Ertz,TE,PHI,3.6790631270597869,5000.0,0.83823856844241174,0.1099783969450058,0.038686119561599661,0.0068987131516932846,0.0032399989199810011,0.0029483101045052556,9.8928748033901018e-06,0.0
Vance McDonald,TE,SF,3.5414902414932592,4800.0,0.86194497157577676,0.078573819920102608,0.053042333964538758,0.0034430096811126363,0.0017039762508491466,0.001268433031195207,2.3455576424819319e-05,0.0
Rob Gronkowski,TE,NE,3.2603109619645694,8500.0,0.93815529041296764,0.013290817152166958,0.020886179898179379,0.018556191229632202,0.0058029575479223335,0.0022580352470352124,0.0010505285120963267,0.0
Antonio Gates,TE,SD,3.0433911004781882,6000.0,0.93288749565448914,0.041994579394655791,0.015934214078174434,0.0043960095131222428,0.0026405978842886234,0.0019275867474275344,0.00021951672784214517,0.0
Gary Barnidge,TE,CLE,2.7747509824968759,4800.0,0.95994241232328259,0.031360472652926852,0.0042122063808054657,0.0033635982166913608,0.00056807945566010164,0.00052920179799760385,2.4029172636139989e-05,0.0
Kyle Rudolph,TE,MIN,2.6835174532978487,5300.0,0.97634750230179479,0.014544576481208105,0.0061298318806736907,0.0023415293504455647,0.00033494239784359083,0.00028374769861134807,1.7869889422571252e-05,0.0
Hunter Henry,TE,SD,2.6446139395505668,5600.0,0.9837976927673352,0.0099246720251033923,0.0025653130811234982,0.0019374449900407429,0.00096726341469258442,0.00070892539813954814,9.8688323565010168e-05,0.0
Jesse James,TE,PIT,2.6435441353500004,4700.0,0.98474292947260589,0.0057110823196919536,0.0070077415940756832,0.0015267952204758028,0.00066297886522261626,0.0003434073277956809,5.0652001323736257e-06,0.0
Jermaine Gresham,TE,ARI,2.625630820609806,4500.0,0.98428703888833391,0.010047227056049973,0.0034381890090135377,0.0011351847292395835,0.00067539984122129458,0.00040989173309294557,7.0687430485547804e-06,0.0
Jared Cook,TE,GB,2.585171398155492,4600.0,0.98909328678650976,0.0067471826988285827,0.0030284892966294234,0.00058008840280561794,0.00026926262754783692,0.00027878906633866014,2.9011213399248228e-06,0.0
Dennis Pitta,TE,BAL,2.5798763690957318,4900.0,0.98635766497310906,0.01234597522201337,0.00063612291392833214,0.00039382897555552036,0.00015775526625553903,0.00010779829453909625,8.5435459881002139e-07,0.0
Charles Clay,TE,BUF,2.5613585466112907,4700.0,0.98981185060791632,0.0090910591768885718,0.00052529451361406582,0.00028545663510593118,0.00016120287638789161,0.0001230036855296867,2.1325045574942025e-06,0.0
Lance Kendricks,TE,LARM,2.5443270022329143,4800.0,0.99249941312763923,0.0068056832470162849,0.00030815701274239491,0.0001936822810234122,0.00010643105919304497,8.4322784177553008e-05,2.3104882079439914e-06,0.0
Richard Rodgers,TE,GB,2.5384678648393342,4500.0,0.99620885520719538,0.00044031821669257456,0.0029761407592488755,0.00024781110030401544,7.7757917161464324e-05,4.8500621976424852e-05,6.1617742101423859e-07,0.0
Brent Celek,TE,PHI,2.525335081431221,4600.0,0.99584005592059799,0.0036588950735777248,0.00026331161583517947,0.00012371196736694933,6.0087893584291505e-05,5.3722289460408264e-05,2.1523957781665746e-07,0.0
Jack Doyle,TE,IND,2.5242365450652731,4800.0,0.99662050484895814,0.0024543761228350406,0.00061335136236691516,0.00015510802362050667,8.6426177614979448e-05,6.7544090510497361e-05,2.6893740941055592e-06,0.0
Ryan Griffin,TE,HOU,2.514234319541536,4500.0,0.99785006942811216,0.0017696157544284544,0.00019285461945331816,0.00010018470559143303,4.8476945024852651e-05,3.6742359958958685e-05,2.0561874312747997e-06,0.0
Will Tye,TE,NYG,2.5129660826029774,4600.0,0.99843331099018373,0.0010501261092183867,0.00022805795227598294,0.00013188600150192844,9.3695623339361847e-05,6.1645062441760404e-05,1.2782610389404131e-06,0.0
Seth DeValve,TE,CLE,2.5103803752244906,4500.0,0.99887357266866383,0.00055648834342347006,0.00030244898378675429,0.00018955382511313959,4.6741824918913626e-05,2.9135561815781995e-05,2.058792278028256e-06,0.0
Ladarius Green,TE,PIT,2.5099216139418332,4500.0,0.99878861790667717,0.00068741929449746665,0.0003826130469308454,6.187921320517439e-05,5.2004572758810675e-05,2.7004872794501e-05,4.6109313604441656e-07,0.0
Stephen Anderson,TE,HOU,2.5063933239233886,4500.0,0.99915517581975555,0.00060406920104842492,0.00012212841360998404,6.8411236371765198e-05,2.8108768446597332e-05,2.0681780988523009e-05,1.4247797792269107e-06,0.0
Dwayne Allen,TE,IND,2.5061964513158053,5100.0,0.99930662705509887,0.00035186243345089067,0.00022476172778948297,5.7233042493344136e-05,3.2944084116264886e-05,2.5524573760749962e-05,1.0470832896603871e-06,0.0
Garrett Celek,TE,SF,2.5061953640812082,4500.0,0.99930147608185371,0.0003585417202907766,0.00022181468663221344,6.0601104465759337e-05,3.3957503933649204e-05,2.2792983202632111e-05,8.1591962170926613e-07,0.0
Levine Toilolo,TE,ATL,2.5054244950596218,4800.0,0.99960114243057008,0.00021484701937490673,4.424809779003778e-05,2.2557049925983535e-05,1.3344821595974806e-05,9.7256093468393956e-06,9.4134971395917321e-05,0.0
Dion Sims,TE,MIA,2.5043528368866501,4500.0,0.9992513791676958,0.00068282753265885225,3.3661950326106499e-05,1.5925381030868299e-05,8.8843960996821694e-06,6.9920017977016133e-06,3.2957039065640971e-07,0.0
Vernon Davis,TE,WAS,2.5031607197291019,4600.0,0.99948117272970582,0.00045298539485350616,3.9344280088776399e-05,1.2808613112479708e-05,7.3306535334068374e-06,5.7383995140577673e-06,6.1992919198744962e-07,0.0
Clive Walford,TE,OAK,2.5020469167819384,4500.0,0.9997231823349072,0.00020547066053853581,3.618838124275316e-05,1.7284159365041484e-05,9.9994414265943288e-06,7.6679712127889564e-06,2.0705130740325136e-07,0.0
Alan Cross,TE,TB,2.5016811368694047,4500.0,0.99972610074188695,0.00024479122575096871,1.0163545299651369e-05,9.2839352579698371e-06,5.2232496692596604e-06,4.3188071969799209e-06,1.1849493769693486e-07,0.0
Brandon Bostick,TE,NYJ,2.5014872105474,4500.0,0.99977203121693892,0.00019849315069434665,7.7689932858892158e-06,1.0274390830101157e-05,5.9218459751462091e-06,4.6114659803035669e-06,8.9893629559080403e-07,0.0
Trey Burton,TE,PHI,2.5013061455308185,4500.0,0.99982544258972395,0.00013288743118918648,1.5298239257068928e-05,1.3881704698582546e-05,6.4053577497802517e-06,6.0478344111266682e-06,3.6842970700596037e-08,0.0
Austin Hooper,TE,ATL,2.501072183209831,4500.0,0.99991811036361278,3.2893016035068122e-05,2.0687730136676559e-05,7.7744967918304605e-06,4.7136391868786854e-06,3.2298560053043073e-06,1.2590898231992434e-05,0.0
Dominique Jones,TE,MIA,2.5009284575787465,4800.0,0.99988791399507027,7.3560967776604874e-05,1.5669881755551859e-05,1.4555667439759123e-05,4.6362212420601363e-06,3.4882243191094931e-06,1.7504239670277116e-07,0.0
Virgil Green,TE,DEN,2.5008204091733677,4500.0,0.99989362853864727,7.4646285638476267e-05,1.7134022048290188e-05,7.0378788192389975e-06,4.2148072870560894e-06,3.0035998702843558e-06,3.3486768940605538e-07,0.0
Tyler Higbee,TE,LARM,2.5008012511970739,4500.0,0.99990280691090339,5.8041059801618168e-05,2.5549699444118623e-05,6.6298191075122207e-06,3.8194493764192684e-06,3.0349153249289737e-06,1.1814604184657057e-07,0.0
A.J. Derby,TE,DEN,2.500770282741247,4500.0,0.99990042251697053,6.9864831911419574e-05,1.5805966445345608e-05,6.7073129239014172e-06,4.0177227344721812e-06,2.8625099048320871e-06,3.1913910975709338e-07,0.0
Darren Fells,TE,ARI,2.5006661826902103,4500.0,0.99992253520002705,4.9328487806973315e-05,1.2302879185365494e-05,7.8075574881598872e-06,4.4531500274224069e-06,3.4371308242190932e-06,1.3559464137163638e-07,0.0
Rhett Ellison,TE,MIN,2.5005405777509853,4500.0,0.99990275139147866,9.0491467670991355e-05,4.2353219124784768e-06,1.4627695467328286e-06,5.8187033399130346e-07,4.4267676341207788e-07,3.4502293528843529e-08,0.0
Luke Willson,TE,SEA,2.5004641615555041,4500.0,0.9999345477381425,5.1265095658567796e-05,6.6038322317669408e-06,3.7592722729726593e-06,2.1146242766880788e-06,1.658737438868304e-06,5.069997828913204e-08,0.0
Luke Stocker,TE,TB,2.5004626595153518,4500.0,0.99994419825262204,3.7985567362733587e-05,6.9119433417285994e-06,5.3868938027047011e-06,3.130757774802679e-06,2.3160444017027273e-06,7.0540693631947758e-08,0.0
Darren Waller,TE,BAL,2.5004495547838959,4500.0,0.99995732762000578,2.1551758686091288e-05,6.0007458739306942e-06,7.4537723562609579e-06,4.3879646010724696e-06,3.2422461524825519e-06,3.5892324562766313e-08,0.0
David Johnson,TE,PIT,2.5004397409407919,4500.0,0.99994242859007776,4.2320892524275056e-05,6.5508206462238367e-06,4.2946659766932998e-06,2.4331490643694632e-06,1.9387806444775081e-06,3.3101066392825764e-08,0.0
Sean McGrath,TE,SD,2.5004340975618309,4500.0,0.99994543812459913,3.9433541799398484e-05,5.4478000425169109e-06,4.6970846304241372e-06,2.7806619263523022e-06,2.0277644203970552e-06,1.7502258200175485e-07,0.0
Mychal Rivera,TE,OAK,2.5004129924197773,4500.0,0.99994680404324021,3.8664848445181971e-05,6.0180890223249678e-06,4.1646708288596882e-06,2.4224467897040954e-06,1.8698020371839073e-06,5.6099636068610201e-08,0.0
Anthony Fasano,TE,TEN,2.500371408346961,4500.0,0.99995697528493488,2.6382414735539296e-05,8.2354420175895936e-06,4.1088319196753197e-06,2.4505827961329119e-06,1.8058931330737896e-06,4.1550463468276656e-08,0.0
Marqueis Gray,TE,MIA,2.5003108215851717,4500.0,0.99996416331943716,2.2259619427652862e-05,5.9027078845024723e-06,4.2084517664587592e-06,1.9367571055682041e-06,1.4750268959922073e-06,5.4117482495124575e-08,0.0
Ed Dickson,TE,CAR,2.5002831512306525,4500.0,0.99996896392374435,1.9483749334381775e-05,3.4485590420674177e-06,3.9499385434535461e-06,2.4046633971651428e-06,1.7257794066222667e-06,2.3386532258620403e-08,0.0
Logan Paulsen,TE,CHI,2.5002684722457342,4900.0,0.99996514004144654,2.6816994793018698e-05,1.798297421318113e-06,3.0833472729435021e-06,1.7777361582335099e-06,1.3822772264754937e-06,1.3056810954857095e-09,0.0
Ben Koyack,TE,JAC,2.5002159461769153,4500.0,0.99998216394714801,5.8175765105001811e-06,4.0256179142179039e-06,4.3036791795103712e-06,2.1068465993311302e-06,1.5354420731105308e-06,4.6890575771656352e-08,0.0
Jerell Adams,TE,NYG,2.500186735306734,4500.0,0.99997634508320532,1.7485953684907429e-05,1.8449477505404213e-06,2.1213472683125038e-06,1.2547994593672909e-06,9.1544905747012989e-07,3.241957402517888e-08,0.0
Brandon Myers,TE,TB,2.5001777658085254,4500.0,0.99997803703107935,1.5360716191390646e-05,2.5662688193782845e-06,2.0174276979148722e-06,1.1247771927159449e-06,8.67365074503358e-07,2.6413944313544329e-08,0.0
Jace Amaro,TE,TEN,2.5001524670410236,4500.0,0.99998029043536751,1.4628689406604615e-05,1.8849327352280676e-06,1.5370766225232946e-06,9.0553112298911328e-07,6.9011791579312041e-07,6.3216829099576311e-08,0.0
Clay Harbor,TE,DET,2.5001451925547675,4500.0,0.99997882022338946,1.7019131292404429e-05,1.9645854095739933e-06,1.168764245013631e-06,5.7236608838667862e-07,4.4172699066719055e-07,1.3202584606774552e-08,0.0
Austin Seferian-Jenkins,TE,NYJ,2.500092745281707,4500.0,0.99998895652971498,7.5129993864267767e-06,1.3265451806806595e-06,1.0523868944357116e-06,6.2011864096354504e-07,4.7259989482015529e-07,5.8820288039907354e-08,0.0
Erik Swoope,TE,IND,2.5000787454165021,4500.0,0.99999276968419948,2.9997465294789874e-06,1.786672038283082e-06,1.1893971752971705e-06,6.9762871729384577e-07,5.3491827269544746e-07,2.1953067067517936e-08,0.0
Tyler Kroft,TE,CIN,2.5000693454077072,4500.0,0.9999939997341728,2.3324716624096311e-06,1.2799199725958267e-06,1.1661023621159785e-06,6.7140983273513283e-07,5.2301964036124536e-07,2.7342356163253509e-08,0.0
Blake Bell,TE,SF,2.500058486917379,4500.0,0.99999435505709633,2.0970958788377032e-06,2.1225348114488811e-06,6.951147648655457e-07,4.0142162117902122e-07,3.1523712130010308e-07,1.353870589840241e-08,0.0
Cory Harkey,TE,LARM,2.5000540062929764,4500.0,0.99999528244477764,1.640959109842473e-06,1.3621099426305306e-06,8.3958591805239897e-07,4.7962482694302464e-07,3.803118099538313e-07,1.4963613700620589e-08,0.0
Randall Telfer,TE,CLE,2.5000516217349231,4500.0,0.99999276257633662,5.8445870828688265e-06,4.6114590518785602e-07,4.4224712691742158e-07,2.6007079161514157e-07,2.0031958398581205e-07,2.9053172964864906e-08,0.0
Brandon Williams,TE,SEA,2.5000488143034496,4500.0,0.99999511438982691,2.6694440322039086e-06,6.9847142840922266e-07,7.4041240378971871e-07,4.311878540078254e-07,3.3275252169531611e-07,1.3341933070919443e-08,0.0
Danny Vitale,TE,CLE,2.5000467322484807,4500.0,0.99999412750326233,4.1697672884937086e-06,7.3014893565953528e-07,4.6143411736595643e-07,2.7184187284657152e-07,2.0717646923559079e-07,3.2128053380608202e-08,0.0
Demetrius Harris,TE,KC,2.5000454577342062,4500.0,0.99999280933241141,6.3142701515994025e-06,2.9337024321570088e-07,2.8501898941038485e-07,1.6406551351177968e-07,1.2760686967335418e-07,6.3358204485842732e-09,0.0
James O'Shaughnessy,TE,KC,2.5000454577342062,4500.0,0.99999280933241141,6.3142701515994025e-06,2.9337024321570088e-07,2.8501898941038485e-07,1.6406551351177968e-07,1.2760686967335418e-07,6.3358204485842732e-09,0.0
Ben Braunecker,TE,CHI,2.500039907421943,4500.0,0.99999490656017964,3.8252582843248409e-06,3.31439386133759e-07,4.5982458748793535e-07,2.7100647537361381e-07,2.057162691347238e-07,1.9481874977965503e-10,0.0
Neal Sterling,TE,JAC,2.5000330610056225,4500.0,0.99999702573061633,1.3330695592171187e-06,5.0608883748656142e-07,5.5383183154022412e-07,3.1956856325796248e-07,2.4928980162029255e-07,1.2420789971773434e-08,0.0
Larry Donnell,TE,NYG,2.5000298466785229,4500.0,0.99999698965375894,1.7264972573463202e-06,3.8290378626020571e-07,4.2280627558383059e-07,2.4557328741382881e-07,1.902384869083782e-07,4.2327148225855572e-08,0.0
Nick O'Leary,TE,BUF,2.5000253456669084,4500.0,0.99999679076661063,2.3438984932664415e-06,2.9466879469004698e-07,2.7824656813378677e-07,1.6485838956811962e-07,1.2494892864658662e-07,2.6122143818006606e-09,0.0
John Phillips,TE,NO,2.500023338564493,4500.0,0.99999756835146469,1.471510486368166e-06,1.8679866299088603e-07,4.2915730964421307e-07,1.9036422831242059e-07,1.507598421341663e-07,3.0580051948132454e-09,0.0
Gavin Escobar,TE,DAL,2.5000153679923103,4500.0,0.9999989193418356,2.3521322418493476e-07,2.3876643091265998e-07,2.3483559541886471e-07,2.0305591823736988e-07,1.6866236725786561e-07,1.246278292175433e-10,0.0
Derek Carrier,TE,WAS,2.5000087291389126,4500.0,0.99999899354663513,6.933934144994815e-07,8.2425903523669721e-08,1.1012545943528156e-07,6.0585304862685984e-08,4.9757578581221884e-08,1.0165703184261085e-08,0.0
Josh Hill,TE,NO,2.5000064306101013,4500.0,0.99999938861840965,3.2347758547490523e-07,5.396007779667121e-08,1.2923994386180225e-07,5.7910894970554717e-08,4.586280539317922e-08,9.3028318305918731e-10,0.0
