name,pos,team,expectation,salary,prob_0_5,prob_5_10,prob_10_15,prob_15_20,prob_20_25,prob_25_30,prob_30+,label
Jason Witten,TE,DAL,18.455681438690476,5600.0,0.036849462837204291,0.19318141384459253,0.1171899177471916,0.14990301189707467,0.23925497149813035,0.23779455161824625,0.025826670557560341,4.0
Zach Ertz,TE,PHI,14.245225251517958,5000.0,0.091820583775903755,0.28310250235007212,0.21551076566594171,0.086970009996767197,0.24700087030642859,0.070241157317428471,0.0053541105874580965,1.0
Eric Ebron,TE,DET,13.896874551099629,6000.0,0.11048076596305254,0.30988853077382361,0.26156717039094718,0.052863752873364853,0.12667976539985809,0.079558917632345696,0.058961096966608048,1.0
Antonio Gates,TE,SD,13.166106425743939,6000.0,0.11684886809905319,0.21291595281554065,0.33494950684982472,0.12304374499620185,0.18600763376181778,0.022185572670954064,0.0040487208066077758,2.0
Delanie Walker,TE,TEN,12.260575322275079,6100.0,0.12614866167064484,0.3786053303197352,0.17122859919969169,0.12756185949532656,0.14370548228216809,0.046220271726382996,0.0065297953060507634,1.0
Jimmy Graham,TE,SEA,10.866787786310455,6900.0,0.23876200314968074,0.26339805175520792,0.27715345910524009,0.092128455340946949,0.073740372948318436,0.048006030382433347,0.0068116273181725419,2.0
Austin Hooper,TE,ATL,10.820170172503003,4500.0,0.34124975210013164,0.20846286074062023,0.17975924704677324,0.12356919657498501,0.082784904988421476,0.015283853720767213,0.048890184828301132,0.0
Cameron Brate,TE,TB,10.790920187799168,5400.0,0.28524177771753051,0.27248808653780388,0.17762251347751021,0.11071926332405332,0.087482761036445811,0.055689530962799404,0.010756066943856731,0.0
Vance McDonald,TE,SF,10.412131379597684,4800.0,0.16979735830445847,0.43359096976477751,0.23886897031383528,0.063670005644077418,0.021643432102700089,0.051517729981284663,0.02091153388886657,1.0
Richard Rodgers,TE,GB,10.248256195069976,4500.0,0.34177909361465686,0.17374296025753133,0.27699607828232969,0.093124475984953339,0.054621894213967161,0.042817078214383547,0.016918419432178138,0.0
Jared Cook,TE,GB,10.023504018189048,4600.0,0.36546295490079322,0.29578493826764285,0.13621463900961001,0.066663958389104661,0.028745417931059808,0.049879702868159369,0.057248388633630222,0.0
Clive Walford,TE,OAK,9.6312686685995956,4500.0,0.41733234831100047,0.26502693607929362,0.11477377717266071,0.040423882025334243,0.086598688227886286,0.019317032591402411,0.056527335592422186,0.0
Virgil Green,TE,DEN,9.2635160953088089,4500.0,0.42586123246517948,0.2055551368344829,0.14607626840682073,0.059979732763372227,0.14228921266750968,0.017100142102430323,0.0031382747602046604,0.0
Travis Kelce,TE,KC,8.7737293652964983,6300.0,0.24877870919927306,0.46338980770060928,0.17165504610336793,0.055583124781972311,0.031613604318773587,0.022350613195388933,0.0066290947006151287,1.0
Will Tye,TE,NYG,8.5721332180398377,4600.0,0.44918953325207506,0.25133365678469616,0.10725716126288454,0.072430988696707069,0.086605214272588799,0.02055170408985944,0.012631741641189059,0.0
Austin Seferian-Jenkins,TE,NYJ,8.5079676267800046,4500.0,0.45439133494487749,0.16620419188309854,0.23905102815213058,0.044142398507619918,0.077205701498991128,0.0049983112910115049,0.014007033722270705,0.0
Jesse James,TE,PIT,8.1360696030047492,4700.0,0.49670089678306562,0.16753186447849228,0.17182299584558841,0.062643777865377434,0.084736813753392579,0.012337504973310915,0.0042261463007728529,0.0
Lance Kendricks,TE,LARM,8.0363007343865682,4800.0,0.37923098244880432,0.33398750514136738,0.18130069378083821,0.045870628833618039,0.031876254337165566,0.023144153435725227,0.0045897820224811217,0.0
Levine Toilolo,TE,ATL,7.8928088687966458,4800.0,0.53219820695638387,0.18412775978054138,0.12204325162555804,0.078891096124957177,0.045826306643432922,0.0063786445801696842,0.030534734288956908,0.0
Garrett Celek,TE,SF,7.7582402180829364,4500.0,0.41278904508446168,0.33364899898969708,0.16709448132682267,0.035910384076793707,0.0090488363985183028,0.019946711770201596,0.021561542353504971,0.0
Jack Doyle,TE,IND,7.7255159826181181,4800.0,0.47448853035519467,0.2387053458057696,0.19852530297181908,0.028872423941784301,0.016740451456086946,0.014382318950820858,0.028285626518524721,0.0
Jace Amaro,TE,TEN,7.1283875027184402,4500.0,0.58957948697306328,0.17798785333519784,0.092940144173974198,0.048019426998649702,0.060770352300349655,0.016598744505853528,0.014103991712911752,0.0
Mychal Rivera,TE,OAK,6.9840133620461664,4500.0,0.61588146518191988,0.18591874210398035,0.077145922537690259,0.026935881751590673,0.049360788866669704,0.0083870084130322035,0.036370191145116963,0.0
Danny Vitale,TE,CLE,6.8184415136401686,4500.0,0.5991339339627525,0.20264542263873012,0.066977880112876267,0.05131183467338167,0.052172709139655993,0.010645098191426044,0.017113121281177208,0.0
Sean McGrath,TE,SD,6.4694787595727519,4500.0,0.61485339858837351,0.13321369223412297,0.15621220075533954,0.052771913757000292,0.033521496680613355,0.0036143378155221481,0.005812960169028201,0.0
Kyle Rudolph,TE,MIN,6.3609401322938357,5300.0,0.58959233426873869,0.1824870805727819,0.14387314914244398,0.048543937210394288,0.024894578251419219,0.0081423070921362063,0.0024666134620856535,0.0
Charles Clay,TE,BUF,6.3607683471195591,4700.0,0.61593759413170901,0.1867252959512975,0.10962902748205611,0.048169138891407649,0.01256546971205973,0.0026177046123427444,0.024355769219127167,0.0
A.J. Derby,TE,DEN,6.3104292141892087,4500.0,0.63967532832364193,0.15119898941673895,0.098335733816128743,0.03905798662781225,0.064520248578063669,0.0052771363008930535,0.0019345769367213228,0.0
Larry Donnell,TE,NYG,5.9638645216910682,4500.0,0.69029079975596852,0.11542028170657667,0.084351604290153412,0.043498805331762688,0.059751598791961652,0.0028788752767027236,0.0038080348468741507,0.0
Josh Hill,TE,NO,5.951855929172674,4500.0,0.69154056103044559,0.16573056015805918,0.053645701253255677,0.03310888298826354,0.013307799823559292,0.0083605606271810878,0.034305934119235562,0.0
Trey Burton,TE,PHI,5.8685068758790502,4500.0,0.63955945696659933,0.1926452991521162,0.088957944412837206,0.028235051722092775,0.039669135973625168,0.0075378255903340028,0.0033952861823954169,0.0
Martellus Bennett,TE,NE,5.6691253531397203,5500.0,0.69794725605857844,0.14590402633595048,0.050583769038887068,0.073214607370648291,0.0081897609164331229,0.015128754253483369,0.0090318260260192715,0.0
Coby Fleener,TE,NO,5.6383124049010602,5700.0,0.66167501928567407,0.2060336877950136,0.063188082492854236,0.032367019703153192,0.01260808221072277,0.0060756433897618985,0.018052465122819987,0.0
Clay Harbor,TE,DET,5.4406122266962571,4500.0,0.73187189746305914,0.11845320876180672,0.085298697101068327,0.019289669907445964,0.018406120283114048,0.0038961937481824843,0.022784212735323293,0.0
Brandon Bostick,TE,NYJ,5.4316887323099206,4500.0,0.68508140824755082,0.1393273469962362,0.1161187973087166,0.02799730663631755,0.028798080118705317,0.0012082200243587939,0.0014688406681148693,0.0
Jermaine Gresham,TE,ARI,5.2512879480178292,4500.0,0.65969110218559823,0.24502219700200764,0.025449230473672427,0.037389602968772709,0.023176979971011199,0.0072003768194967687,0.002070510579441005,0.0
Gavin Escobar,TE,DAL,5.1219553552034371,4500.0,0.75985015337166295,0.11857206808649877,0.042034581448180786,0.040350444784077934,0.01845363993060592,0.0052801896534398519,0.015458922725533909,0.0
Jerell Adams,TE,NYG,5.0244060620106499,4500.0,0.74126450231497432,0.13993472630382445,0.052015481517572244,0.029217248344680376,0.025264434313495104,0.0051782707068726017,0.0071253364985810154,0.0
Dennis Pitta,TE,BAL,4.9994561136126459,4900.0,0.67287936696891149,0.22129592286904481,0.066584934557688588,0.016876493496961846,0.018683418038105144,0.0025712255703815704,0.0011086384989066357,0.0
Nick O'Leary,TE,BUF,4.9786140727882087,4500.0,0.75007042036059812,0.12408361836420512,0.069945566067787623,0.031825504910194174,0.0073496789484012439,0.0012273601557421128,0.015497851193071302,0.0
C.J. Fiedorowicz,TE,HOU,4.8101808233290138,5200.0,0.62676615813938386,0.3300251870174068,0.016019305391565118,0.016744805225977658,0.0051671178094501906,0.0034891945039169699,0.0017882319122995457,0.0
David Johnson,TE,PIT,4.8092207469262043,4500.0,0.7720189440851235,0.095583699578182399,0.075906432030905066,0.0235000993938865,0.025744057961064458,0.0040886196407442527,0.0031581473100938174,0.0
Erik Swoope,TE,IND,4.6642775746554666,4500.0,0.76340230136500475,0.1238164425533998,0.080466932587358889,0.013094883968575903,0.0049218099098339218,0.0025341845633073115,0.011763445052519363,0.0
Luke Willson,TE,SEA,4.6113335252057999,4500.0,0.7953990073711289,0.11951269706425821,0.034764427797879152,0.018443969931153874,0.0078701265916961156,0.006433851242899506,0.017575920000984568,0.0
Darren Waller,TE,BAL,4.5908697629319972,4500.0,0.73608819001283232,0.19430191673483871,0.029069273972596947,0.013744445647281181,0.015900967855142223,0.0066150386723677068,0.0042801671049409089,0.0
Vernon Davis,TE,WAS,4.5051264739178425,4600.0,0.80442403770962279,0.10433692652846389,0.029474180880527705,0.038479587221891591,0.0067283298308048241,0.0081547802542158102,0.0084021575744732506,0.0
Anthony Fasano,TE,TEN,4.4931651112311517,4500.0,0.78508946858268724,0.12436040231955718,0.042021757676981353,0.023075452800199216,0.015270160456035107,0.0041772158143577633,0.0060055423501820682,0.0
Greg Olsen,TE,CAR,4.4743260343844788,7000.0,0.73774947930949908,0.16736696682429936,0.070932816554937037,0.015906355608527191,0.0049174424949491868,0.0013875564755200067,0.0017393827322682816,0.0
Dwayne Allen,TE,IND,4.335203836565884,5100.0,0.78972885872940968,0.11474998210202228,0.072030286381775763,0.0094972739090664095,0.0035004326894194152,0.0016459468408436748,0.0088472193474627512,0.0
Ladarius Green,TE,PIT,4.2002577764818412,4500.0,0.83405299027418323,0.084214492393983625,0.028893867761936171,0.027849120293098613,0.01425177149218337,0.008200363379675937,0.0025373944049389648,0.0
Ed Dickson,TE,CAR,4.1599180884425868,4500.0,0.81346690596523619,0.10190232024958805,0.053031935517344905,0.017687761928926023,0.0064030007096462062,0.0023069025408700653,0.0052011730883886617,0.0
Brandon Williams,TE,SEA,4.0388891774245437,4500.0,0.84972321970009179,0.061482224828880223,0.052440850016226677,0.019848542966366456,0.0082705513454606437,0.0031592640578004855,0.0050753470851739504,0.0
Rhett Ellison,TE,MIN,4.0378298184577224,4500.0,0.82949987539158754,0.081995590065687879,0.059789026477659019,0.016869239102014856,0.0070068025494542333,0.0027327590144669536,0.0021067073991295764,0.0
Luke Stocker,TE,TB,3.9862839408715525,4500.0,0.84932830193666775,0.074068004357270456,0.040041015154092759,0.01896359176087635,0.0090081148467740062,0.003771865865961007,0.0048191060783576174,0.0
Brent Celek,TE,PHI,3.9400556548546213,4600.0,0.82624624641711453,0.10490214999742635,0.041974746681552343,0.012752480079296703,0.011610732253122957,0.00125304756977069,0.0012605970017165928,0.0
Brandon Myers,TE,TB,3.9226921778345099,4500.0,0.85450320455266637,0.072865228926852224,0.038161377109436657,0.017952062663572393,0.0082590984224622747,0.0034838755813039741,0.0047751527437061873,0.0
Tyler Higbee,TE,LARM,3.9164200099074415,4500.0,0.8143693670019726,0.11768435601988832,0.049592585083956808,0.011087219424193263,0.0048088432308750258,0.0013714303044226979,0.0010861989346912274,0.0
Gary Barnidge,TE,CLE,3.9040463451410439,4800.0,0.81240408045710444,0.12735936899927405,0.039863350814209345,0.015824507728626074,0.0011109502698602777,0.00035963141054704321,0.0030781103203786991,0.0
Ben Koyack,TE,JAC,3.806239781848276,4500.0,0.84398082999816437,0.097782342813052758,0.031784319730007768,0.015028739566000695,0.0069084807460890324,0.0014483560261501559,0.0030669311205350634,0.0
Tyler Eifert,TE,CIN,3.794243943671074,6400.0,0.82919405569339222,0.12417617756649366,0.021585150960086272,0.016821564071461459,0.0027162571189445028,0.0037477175167712476,0.0017590770728507679,0.0
Hunter Henry,TE,SD,3.7781901770670729,5600.0,0.84839569288478778,0.098094119844582564,0.020468291372924018,0.020441817550155061,0.0097325827078395023,0.001524781544640533,0.0013427140950704917,0.0
Ryan Griffin,TE,HOU,3.7625079374923378,4500.0,0.79562816999727926,0.18046223654343835,0.0097655207624230446,0.0089261153368650724,0.0024825961933517466,0.0013201792913301973,0.0014151818753123074,0.0
Marqueis Gray,TE,MIA,3.616063574033348,4500.0,0.86757524396563024,0.071425094378726156,0.038640659099599975,0.018793497695266226,0.0018348750811903755,0.00030852316608806621,0.001422106613498929,0.0
Dominique Jones,TE,MIA,3.5667123990669998,4800.0,0.86485792957407659,0.092352307290208463,0.017184671275499892,0.020928759398500626,0.001896986887848948,0.0012127613365555477,0.0015665842373101771,0.0
Darren Fells,TE,ARI,3.5377346227642046,4500.0,0.85427002469881541,0.11612741136795225,0.0096349321962764731,0.011748495756565853,0.005627850144990924,0.0016337313249472154,0.00095755451045203969,0.0
Seth DeValve,TE,CLE,3.4798978981894426,4500.0,0.87013510972072672,0.087699048123449766,0.026960882341348764,0.012099533501757947,0.00072625979743997661,0.00020630347506083609,0.002172863040215892,0.0
Dion Sims,TE,MIA,3.4323963327398799,4500.0,0.88726157334756783,0.073514849507707009,0.015544855989068861,0.018613937298794642,0.0020906617015233912,0.0011076984333628695,0.0018664237219752941,0.0
James O'Shaughnessy,TE,KC,3.4041425038475395,4500.0,0.88216001627378959,0.08076050333697872,0.023247478214124345,0.008324720253985729,0.0023977402563296942,0.00080273440276186459,0.0023068072620300345,0.0
Demetrius Harris,TE,KC,3.3974603095968003,4500.0,0.8830416547974812,0.080153620993608482,0.023071150527436333,0.0082646407154558267,0.0023809532917218844,0.00079564221686742945,0.0022923374574287344,0.0
Stephen Anderson,TE,HOU,3.3638257912544778,4500.0,0.85737525305265139,0.12729159828355563,0.0065598888189765635,0.0056902271258562811,0.0014848320161557353,0.00069635445402278242,0.00090184624878169824,0.0
Blake Bell,TE,SF,3.3219264321878215,4500.0,0.89220472502758363,0.071062688972247726,0.027807462887301841,0.0052057582897836628,0.00058621843552606107,0.00041328562657516252,0.0027198607609818181,0.0
Cory Harkey,TE,LARM,3.3185644480441856,4500.0,0.89027931277376471,0.070253654724794473,0.029835207283594158,0.0066041008613980145,0.0020332489341773931,0.00041371216587450022,0.00058076325639665899,0.0
Alan Cross,TE,TB,3.2713888926213812,4500.0,0.90724647845863826,0.064464454353858322,0.011414703338057183,0.009250001513706245,0.0028015940784409982,0.0022136380220153006,0.0026091302352837468,0.0
Ben Braunecker,TE,CHI,3.2303200183035026,4500.0,0.90328547856289187,0.075661945816379778,0.005555087918605631,0.0090864948970732513,0.0032262533217940139,0.0010489484082981612,0.0021357910749573612,0.0
Logan Paulsen,TE,CHI,3.1218129922251387,4900.0,0.91443408585850372,0.068608170512654054,0.0046738806387633808,0.0073549945060718902,0.0026297010759438045,0.0007478062130360679,0.0015513611950270293,0.0
Jordan Reed,TE,WAS,3.0769644297974423,7400.0,0.91668368639754072,0.066987651005059809,0.0063234622743319263,0.0074353950384851587,0.00070569583761297453,0.00099157964362789276,0.00087252980334125109,0.0
Derek Carrier,TE,WAS,3.047889483896455,4500.0,0.9415745465695976,0.036771325658573918,0.0079432588685329746,0.0079672552039017595,0.00099519098514070856,0.0012181492075085986,0.0035302735067446124,0.0
Randall Telfer,TE,CLE,3.047768133007934,4500.0,0.92553208950282106,0.052682748974141845,0.013970141086537576,0.0059971087854909086,0.00030376914545962965,7.8489180006409409e-05,0.0014356533255425455,0.0
Rob Gronkowski,TE,NE,3.0342169453000429,8500.0,0.93118039325463287,0.046248437248092737,0.010617817964224962,0.0091403310981044913,0.002332965876759152,0.00034259703072644937,0.00013745752745901709,0.0
Neal Sterling,TE,JAC,3.0179854666846899,4500.0,0.92560655875251752,0.061185138093664694,0.0050401728567833395,0.0045728397551261062,0.0014663528184790092,0.00072694414125160241,0.0014019935821775931,0.0
John Phillips,TE,NO,3.014925174560056,4500.0,0.94326956566602993,0.040134744488312363,0.0053727193952660054,0.0051541458994488094,0.00062053631887640454,0.00083573656607831292,0.0046125516659881851,0.0
Tyler Kroft,TE,CIN,2.9712838612989745,4500.0,0.94368236861326182,0.03809741312273341,0.0092636111348222659,0.0049456352062500443,0.00073256895672887609,0.00096310923904793777,0.0023152937271556395,0.0
