name,pos,team,expectation,salary,prob_0_5,prob_5_10,prob_10_15,prob_15_20,prob_20_25,prob_25_30,prob_30+,label
Ezekiel Elliott,RB,DAL,15.611121264764126,8600.0,0.0018059813334957628,0.21357873000596311,0.10209215114826799,0.55577610404740574,0.10156531837988987,0.021873008709202696,0.0033087063757747804,3.0
Jay Ajayi,RB,MIA,14.995454010409802,8400.0,0.018574251009524371,0.041551954162555138,0.45867217320344572,0.42532930373689259,0.031165533379996616,0.014033095011637622,0.010673689495947903,2.0
Le'Veon Bell,RB,PIT,14.54818761437288,9500.0,0.016482570115807525,0.16602674553809524,0.44061679076962218,0.2049948397492474,0.136068395174333,0.019766790261101931,0.016043868391792684,2.0
DeMarco Murray,RB,TEN,13.80509854596612,8300.0,0.011973243212646317,0.081581639565012257,0.68600152866206376,0.10644704161834243,0.091596175099800489,0.01592881994934742,0.0064715518927873396,2.0
Tim Hightower,RB,NO,12.315001226643004,6500.0,0.069855303609610023,0.33931305078439933,0.25710492633663212,0.25406284102356957,0.056224698723486156,0.019976428659121827,0.0034627508631807523,1.0
David Johnson,RB,ARI,12.125522273746606,9500.0,0.084356921280456063,0.44573729383037075,0.21437609628801579,0.10616006425739205,0.062878964389497277,0.054380247793325266,0.032110412160942715,1.0
Rashad Jennings,RB,NYG,11.535811826296028,6600.0,0.06256951034321101,0.22611816840564,0.58139941953627194,0.11406147109865941,0.0077694718796488182,0.0050331165474990953,0.0030488421890697017,2.0
Jonathan Stewart,RB,CAR,10.970872315208643,6900.0,0.15909499596335011,0.12794446280922428,0.61015365364928065,0.079866767655490042,0.013882779251463813,0.005387627600749823,0.0036697130704413067,2.0
Mark Ingram,RB,NO,10.528268468704587,6000.0,0.040942325687703264,0.55241831096733995,0.23751130744676779,0.11667200501144329,0.036491304899666899,0.014359543779311749,0.0016052022077670837,1.0
LeSean McCoy,RB,BUF,9.4128937113888025,8100.0,0.30412932657134945,0.266507462152624,0.28332255022624486,0.082301199313199999,0.037303955239981229,0.012349354303186757,0.014086152193413588,0.0
Latavius Murray,RB,OAK,9.2258238826107721,6600.0,0.23582797947893716,0.46230640478383273,0.15860179298586516,0.061265556290960525,0.044879555632423566,0.025954484011906802,0.011164226816074058,1.0
Doug Martin,RB,TB,8.699659590798742,6400.0,0.27928016978718539,0.42825929966670051,0.18188961766515865,0.041688463763241992,0.040038572729538133,0.01654099704552538,0.012302879342650008,1.0
Wendell Smallwood,RB,PHI,8.456839703044011,5700.0,0.4295928595345731,0.1235820005330559,0.35202036105724516,0.049261565241030918,0.025930559147498113,0.010162645676472149,0.0094500088101245883,0.0
Frank Gore,RB,IND,7.66539099902218,6500.0,0.16924927664146772,0.7069783606933524,0.086294668939925601,0.014924417723951984,0.010885762153915766,0.007096427042865572,0.0045710868045208495,1.0
Todd Gurley,RB,LARM,7.1043199320758914,7500.0,0.29688113001745481,0.58621761356101343,0.066592933768867518,0.024855592162518526,0.011453043984790681,0.0066109395967313975,0.0073887469086237377,1.0
LeGarrette Blount,RB,NE,6.9082804539415799,6800.0,0.45259941521132502,0.36874563392618875,0.092679486428267122,0.050422111402694897,0.017275459011986977,0.0077486649182863512,0.01052922910125062,0.0
Terrance West,RB,BAL,6.7247830336701746,6300.0,0.49669558272754377,0.24421196870598816,0.2124541168825583,0.025822962381871636,0.010398514222887779,0.00729073185914205,0.0031261232200082536,0.0
Theo Riddick,RB,DET,6.3170753853388568,6400.0,0.5856992428137423,0.18073254579185263,0.18034344800577581,0.022845930442158293,0.012878041938942911,0.0078729769112074275,0.0096278140963205281,0.0
Matt Asiata,RB,MIN,6.128176519184505,5900.0,0.35220310262043086,0.60190707704357982,0.025262779419412275,0.012714834592082577,0.0053425042520019415,0.0020099442006405459,0.00055975787185203818,1.0
Jordan Howard,RB,CHI,6.070392996085455,6800.0,0.55852912791098741,0.30023643779581943,0.068938795596297439,0.043110793130034991,0.013281240380956131,0.0065774695957546633,0.0093261355901498345,0.0
Lamar Miller,RB,HOU,5.8287461440954083,7100.0,0.64502503723027671,0.14698417422808974,0.14451503107406632,0.040414575136276498,0.01258797581176146,0.0066243190599708755,0.0038488874595584014,0.0
Rob Kelley,RB,WAS,5.4805433412918747,5700.0,0.72281256529181881,0.10061787665788891,0.069862684181393173,0.090819846103171717,0.0057671250617261308,0.003694655263152618,0.0064252474408487727,0.0
Chris Ivory,RB,JAC,5.0388463241897936,5900.0,0.76695863588129598,0.042541220557886186,0.14635035684877964,0.01903140260438739,0.016560283741912485,0.0042904430503993129,0.0042676573153391465,0.0
Isaiah Crowell,RB,CLE,4.9781347691343738,5700.0,0.6932268408407215,0.24363054496187578,0.017446191131073804,0.010525016179873245,0.014984646898031256,0.003749032969101914,0.016437727019322602,0.0
Carlos Hyde,RB,SF,4.5392388887035171,6800.0,0.75826313802744738,0.14374334295197594,0.064317119487364918,0.015719932319554583,0.0090869159247829925,0.0037928988143210002,0.0050766524745533628,0.0
Jerick McKinnon,RB,MIN,4.5111565100723885,5800.0,0.6575837202234871,0.30775705547098442,0.020764405413122827,0.0076874329083191102,0.0031759483949935848,0.0016833339445252241,0.001348103644567671,0.0
Melvin Gordon,RB,SD,4.4299470710723075,8200.0,0.80408491649806779,0.08926989918614861,0.062460742850136919,0.017784644690075836,0.01866509358418305,0.0043278998819595129,0.0034068033094279949,0.0
Spencer Ware,RB,KC,4.1764766860610134,7000.0,0.822415871290189,0.084094648473437575,0.05839910524480578,0.016558924135094473,0.01151252290462128,0.0046316116411013481,0.0023873163107505169,0.0
James Starks,RB,GB,4.0352285131554186,5300.0,0.77044834875468149,0.18321727666853035,0.031255823084834128,0.0051807095588687017,0.0058304524356629266,0.0026567935730785531,0.0014105959243437638,0.0
Jeremy Hill,RB,CIN,3.9797730178935731,5900.0,0.8251432773818268,0.12260396533888797,0.022855780671962495,0.011594595947897236,0.0072133514272981706,0.0032178711105396857,0.0073711581215875196,0.0
Thomas Rawls,RB,SEA,3.4278818883269078,7000.0,0.91789359250659819,0.025091643016650199,0.036027774484148276,0.0078322058537935394,0.0059079939106948358,0.0038690293376474538,0.003377760890467315,0.0
Matt Forte,RB,NYJ,3.425398639236501,6800.0,0.90148273593975103,0.049816008824842904,0.02793798322369093,0.011561688799579094,0.0051469011224058092,0.0014935679310221811,0.0025611141587083036,0.0
T.J. Yeldon,RB,JAC,3.125462981179421,5200.0,0.94332261773148274,0.021591177340694767,0.012525663131624553,0.01600305191947422,0.0040466291085993946,0.001377449702458477,0.0011334110656658169,0.0
Alfred Morris,RB,DAL,3.0751566033317057,4700.0,0.93713998054355907,0.036147396837851543,0.015964605005109531,0.0046688454188703607,0.0021042586847868552,0.00087052999422464205,0.0031043835155982547,0.0
James White,RB,NE,2.9747177662595155,5600.0,0.93614519235888249,0.048336417697849868,0.0075953385478484013,0.0035800086902715504,0.0022603721403441353,0.0012682765633722781,0.00081439400143134308,0.0
Benny Cunningham,RB,LARM,2.965405123555235,4500.0,0.92973716195115774,0.061197193285013191,0.0037927322988925397,0.0016842857564923503,0.001232960512501111,0.00066544184324286259,0.0016902243527004289,0.0
Devonta Freeman,RB,ATL,2.9189726229770052,7300.0,0.961056748708083,0.017749220025265838,0.0072070231315221681,0.006911314011975804,0.00496176977635065,0.0017935140589714785,0.00032041028783126211,0.0
Devontae Booker,RB,DEN,2.8828041916696217,6300.0,0.95616997000246451,0.028087074017387685,0.0066274906398333588,0.0045271428393331876,0.0026382475517664405,0.0010607485720615045,0.00088932637715339192,0.0
DuJuan Harris,RB,SF,2.8139255315954741,5200.0,0.97187503609983317,0.0090384804188841997,0.012589295603545807,0.0021830878021365028,0.0018072137061083159,0.0010032299596133066,0.0015036564098784304,0.0
Lance Dunbar,RB,DAL,2.8065600822176613,4500.0,0.96357811291930118,0.028388362915807309,0.0024124805080816035,0.0015427216107343493,0.00092766730299270153,0.00047959824176828895,0.0026710565013148167,0.0
Ty Montgomery,RB,GB,2.7454416762028262,4900.0,0.96973751380051432,0.016233150838704597,0.011549317858916152,0.0010867583107465628,0.00076592570708323851,0.00043006448184766287,0.00019726900218729345,0.0
Kenneth Dixon,RB,BAL,2.7356470276678815,5000.0,0.97201223684646831,0.015009828336163364,0.0092113034075352856,0.0023597197494479257,0.00076218148812817331,0.00041444062545825287,0.00023028954679913188,0.0
Duke Johnson,RB,CLE,2.7340850729891018,4900.0,0.97240926699589658,0.019163944443340332,0.0029852450997787422,0.0032920254607922655,0.00068964244696985845,0.00029417154085133526,0.0011657040123707273,0.0
Paul Perkins,RB,NYG,2.7320538269003101,4500.0,0.97778924387046118,0.010662378409340287,0.0045145651369825285,0.004109807398664656,0.0013650416357583828,0.00080239673961696916,0.00075656680917604688,0.0
Bilal Powell,RB,NYJ,2.6844734553931393,5500.0,0.97996173897496375,0.013247106344365862,0.0023679849823478208,0.001432579145115769,0.0016342867749147183,0.00049282954955822376,0.00086347422873369792,0.0
Darren Sproles,RB,PHI,2.6609633802562267,5400.0,0.98110637861352479,0.012292750501044015,0.0026820839440315101,0.0022675322493334146,0.00098270076239912059,0.0003621617855301784,0.00030639214413702426,0.0
Charcandrick West,RB,KC,2.6400181650379393,5200.0,0.98144544387834431,0.014015597928806479,0.0020267710247248399,0.0011752790349860436,0.00067510225149826992,0.00039566087485311968,0.00026614500678689691,0.0
Peyton Barber,RB,TB,2.629357865505427,5200.0,0.98588463461917786,0.0077434307298232131,0.0039333164339225108,0.00095008728694029071,0.00066820356115091938,0.00039579633360762944,0.00042453103537760077,0.0
Dwayne Washington,RB,DET,2.6194821647570037,4500.0,0.99027345392712807,0.0044084043681205725,0.0018826489818504796,0.0011843062467955556,0.00072807546929174512,0.00042847436150680976,0.0010946366453064198,0.0
John Kuhn,RB,NO,2.5833780495196792,4500.0,0.99081916402230563,0.005969757281752348,0.0011950537591089451,0.00077174279476257602,0.00061091682655782552,0.00037335009159053788,0.00026001522392214043,0.0
Christine Michael,RB,GB,2.5692865707992305,4700.0,0.99082116292741518,0.0070205063591309456,0.00076900399065645301,0.00071158078486638463,0.00038531969010359316,0.00018532793766013749,0.00010709831016737441,0.0
Jalen Richard,RB,OAK,2.5674625820836354,4900.0,0.99302828513076646,0.0037799680056105813,0.0016410799039806472,0.00069851156475555923,0.00035575486663262131,0.00020984599419603676,0.00028655453405812754,0.0
Chris Thompson,RB,WAS,2.5650932407959943,5300.0,0.99283881779678484,0.0043856054903535484,0.0011980544358158284,0.00077472203202422782,0.0003814300647725237,0.00023457248637825809,0.00018679769387071823,0.0
Damien Williams,RB,MIA,2.5568195765045947,4800.0,0.99466551403997194,0.0030100275960879977,0.00082408290782239079,0.00041293855910696386,0.00054495678275507894,0.00015936110787745529,0.00038311900637810016,0.0
Kyle Juszczyk,RB,BAL,2.5507122965755555,4500.0,0.99492979278460281,0.0026006408326670798,0.0010946569206041834,0.0007007930129879316,0.0003414040013449166,0.00018541420917581822,0.00014729823861738838,0.0
Jeremy Langford,RB,CHI,2.5505542542023778,4900.0,0.99550574593562557,0.0020827639317990828,0.00083653154997808722,0.00074071842156816267,0.00038184756219173001,0.00022338239812880512,0.00022901020070845564,0.0
Kenyan Drake,RB,MIA,2.5399028730163238,4500.0,0.99670335783061059,0.0016026737022062085,0.0005152273608741648,0.00039989173789335957,0.00028748941839475757,0.00013068425538895269,0.00036067569463177606,0.0
Kapri Bibbs,RB,DEN,2.5394835607698418,5000.0,0.99569143397989668,0.0029093676792355857,0.00049514153039538196,0.00031750904836541497,0.00023195156996091889,0.00012543150662870593,0.00022916468551674671,0.0
Akeem Hunt,RB,HOU,2.5360064470432193,4500.0,0.99625225102381432,0.0023222205748032929,0.0005458794941895584,0.00035171716660767013,0.00020885959455961838,0.00011816598784323717,0.00020090615818212676,0.0
Shaun Draughn,RB,SF,2.5306204656163511,4500.0,0.99715526787066877,0.0013600857188315126,0.00065580522001678959,0.00035056036724432103,0.00021447690756065907,0.00011461147965002023,0.000149192436027621,0.0
Dion Lewis,RB,NE,2.5276908774024789,4900.0,0.9975027846975999,0.001403003668011974,0.00033501921098992094,0.00027629590136717493,0.00015149711560752299,8.2559278518725017e-05,0.00024884012790444432,0.0
Mike Tolbert,RB,CAR,2.5219754181026031,4500.0,0.99779249757072441,0.0013129482465400609,0.00034659674031988587,0.00019899814636673452,0.00014379352036355847,7.7869446114465013e-05,0.00012729632957133449,0.0
Travaris Cadet,RB,NO,2.5214395801554317,4500.0,0.99790667557188228,0.0010537630760967473,0.00041921138948531651,0.00030176757969400464,0.00017760183744386195,9.090230528081814e-05,5.0078240116552446e-05,0.0
Jamize Olawale,RB,OAK,2.5176950385263162,4500.0,0.99831842251072767,0.00087960426466164262,0.00029792623090410677,0.00024523961676021345,0.00010558367775093959,6.0304418173293604e-05,9.2919281021927472e-05,0.0
Kenjon Barner,RB,PHI,2.5146739688546815,5300.0,0.99879442836672105,0.00046421504062784991,0.00029245025691884008,0.00017107471309614182,0.00013252962146063316,6.8084944203443127e-05,7.7217056972634973e-05,0.0
Andre Ellington,RB,ARI,2.511064126654686,4500.0,0.99911122506520467,0.00037022680133618971,0.00017403404236377459,0.00013554828071997223,8.175620986317051e-05,4.4001093379200498e-05,8.3208507133059566e-05,0.0
Keith Smith,RB,DAL,2.5097759189049769,4500.0,0.99921190944099259,0.0003549865274120555,0.00013340702520384443,0.00010504281460612446,7.5712349808755675e-05,3.8477741814799845e-05,8.0464100161320258e-05,0.0
Reggie Bush,RB,BUF,2.5091521581178107,4700.0,0.99892064770443378,0.00077433766831901693,0.00010693948698402312,7.5396117889272896e-05,5.4302693021340601e-05,3.0420190181113496e-05,3.7956139171721735e-05,0.0
Mike James,RB,TB,2.5085926068929361,4500.0,0.99931659401689221,0.00025344795754370016,0.00016641154373642938,0.00010502207870807144,6.448812125639396e-05,3.4669479794873499e-05,5.9366802068667451e-05,0.0
Derrick Henry,RB,TEN,2.5084408798473889,4800.0,0.9992156772940417,0.00045527349661302904,0.00010742135058098491,7.1803816904178881e-05,5.178630699743461e-05,2.7828122406460543e-05,7.0209612456618886e-05,0.0
Fitzgerald Toussaint,RB,PIT,2.5081805648179145,4500.0,0.9994641894585985,0.00016664034877149036,9.6314827012251053e-05,9.1390085837389772e-05,5.4265109806845579e-05,2.7459227185367475e-05,9.9740942787797867e-05,0.0
Knile Davis,RB,KC,2.5066802093556753,4500.0,0.99940711140645255,0.00028572898604723075,0.00010864890753963712,8.2865987340900282e-05,5.0104558195254674e-05,2.8008085703549845e-05,3.7532068721073807e-05,0.0
C.J. Spiller,RB,NYJ,2.5056306223613776,4500.0,0.99958261467655984,0.00019209020968877696,4.3661449676144879e-05,7.1265941522637066e-05,2.5111510904223107e-05,1.4465253773958112e-05,7.0790957873868363e-05,0.0
Tevin Coleman,RB,ATL,2.5055933076319028,5600.0,0.99956927700936105,0.00011620963956207077,0.00015492882628016617,5.7923999879265363e-05,4.2936742494384386e-05,2.3086214072276939e-05,3.5637568350974537e-05,0.0
Denard Robinson,RB,JAC,2.5052191576953255,4500.0,0.99947361305747351,0.00029815648562171151,8.5317049060479213e-05,6.7363344683187657e-05,3.5371770604367857e-05,1.9796708508327397e-05,2.0381584048297938e-05,0.0
Robert Turbin,RB,IND,2.5051398872473554,4500.0,0.99956974619022432,0.00017822863322725175,8.6415234985814409e-05,6.7085989425379314e-05,4.9400834148162803e-05,2.7495483684498697e-05,2.1627634304750165e-05,0.0
Fozzy Whittaker,RB,CAR,2.505016248323503,4500.0,0.99950985298544581,0.00028303301732944449,6.8624908902968905e-05,5.3794853244908017e-05,3.902226342847144e-05,2.0916399732485327e-05,2.4755571916018642e-05,0.0
Patrick DiMarco,RB,ATL,2.5045546471431592,4500.0,0.99945337693460301,0.0003855285930891629,5.4581081721356073e-05,4.9787027266020445e-05,3.0715030229538971e-05,1.6704130469695687e-05,9.3072026208371847e-06,0.0
George Atkinson,RB,CLE,2.5041753466916652,4500.0,0.99974336293863242,8.0067973288716729e-05,4.8054497048941398e-05,3.2314271378725985e-05,1.9054968567869847e-05,1.0476733003870176e-05,6.6668618079887516e-05,0.0
Andy Janovich,RB,DEN,2.5040701474311535,4500.0,0.9996890774227315,0.00010583914051703177,6.8634677694806516e-05,5.3738656565395692e-05,3.8361155968524284e-05,2.1338503762346807e-05,2.3010442760321633e-05,0.0
Zach Line,RB,MIN,2.5040441750713955,4500.0,0.99956817324416269,0.00027452569494186042,5.3861010371773703e-05,4.1095355276227408e-05,3.0569116823944627e-05,1.7010996187927188e-05,1.4764582235341496e-05,0.0
Jonathan Williams,RB,BUF,2.5039508069263032,4500.0,0.99971882809821011,5.9453111636095558e-05,0.00011357022252120705,3.4030683191814358e-05,2.4277091615202673e-05,1.3065160547330277e-05,3.6775632278339975e-05,0.0
Will Tukuafu,RB,SEA,2.5038599228673069,4500.0,0.99972490782806389,7.7317126613936517e-05,6.0317804701575745e-05,5.9505607816373269e-05,3.3398275481819181e-05,1.8449940351450535e-05,2.6103416970884091e-05,0.0
Ka'Deem Carey,RB,CHI,2.5036354842739059,4500.0,0.9996756896782103,0.00015256561579789208,7.0632103462437942e-05,3.7800675814381132e-05,2.7492834972857942e-05,1.5286954401450454e-05,2.0532137340989339e-05,0.0
Aaron Ripkowski,RB,GB,2.5036104219188906,4500.0,0.99968771394664979,0.0001315389783795554,6.9916388253878591e-05,4.5756014904059575e-05,3.3021529170556665e-05,1.7991306452193192e-05,1.4061836190052335e-05,0.0
Roosevelt Nix,RB,PIT,2.5033279591698769,4500.0,0.9997893904091304,5.32485675107369e-05,4.912242243245905e-05,3.243502572984669e-05,2.3237810525922161e-05,1.1890245366269989e-05,4.0675519303897552e-05,0.0
Antonio Andrews,RB,TEN,2.5030318345145761,4500.0,0.99980225360204911,5.4395592346493399e-05,3.4514771459402194e-05,4.5448143431722665e-05,1.9551582735660107e-05,1.1029996959542191e-05,3.2806311017638256e-05,0.0
Anthony Sherman,RB,KC,2.5028502172291716,4500.0,0.99979828233459833,5.7919152454947408e-05,4.6468601146244033e-05,3.6097986378031584e-05,2.6103752841493383e-05,1.4570000794542445e-05,2.0558171786745065e-05,0.0
Jordan Todman,RB,IND,2.502723787046583,4500.0,0.99979771323404953,6.0326768290783062e-05,4.8035227204979863e-05,3.7575793141075825e-05,2.7223448180204785e-05,1.5051283260898382e-05,1.4074245871940564e-05,0.0
Javorius Allen,RB,BAL,2.5026671052073177,4500.0,0.99979604491835872,6.9768184313770084e-05,4.4616314727591856e-05,3.5024095026218599e-05,2.5755440075386329e-05,1.3877084280970747e-05,1.4913963216882524e-05,0.0
Malcolm Brown,RB,LARM,2.5026413324668235,4500.0,0.99976129245085898,0.00012539556639262249,4.1981239199531781e-05,2.3169478023468531e-05,2.0032831497871127e-05,9.0440884436028105e-06,1.9084345583570165e-05,0.0
Zach Zenner,RB,DET,2.5023269832830319,4500.0,0.99984061434001992,5.324406217053394e-05,3.3387719893931743e-05,2.1451893291485848e-05,1.5758301501000738e-05,8.6971143538700096e-06,2.684656876925449e-05,0.0
Rex Burkhead,RB,CIN,2.5022786975869016,4500.0,0.99986749843632738,3.5905609450544775e-05,2.266103175283791e-05,1.7980894940138656e-05,1.2935318527639187e-05,7.1958153432295477e-06,3.5822893658026395e-05,0.0
Jalston Fowler,RB,TEN,2.5021418772346502,4500.0,0.99986162859710548,3.7205663669499213e-05,2.9044090424848668e-05,2.2975749929125038e-05,1.6528981770798534e-05,9.3143570727511677e-06,2.3302560027168443e-05,0.0
Jay Prosch,RB,HOU,2.5020078221114912,4500.0,0.99984986812142129,5.9400782393750794e-05,2.6979659689609675e-05,2.1452424165545529e-05,1.5214265062558218e-05,8.7072463045699571e-06,1.8377500962409932e-05,0.0
Ryan Hewitt,RB,CIN,2.5019774934053585,4500.0,0.99988618186554112,2.6889053195764487e-05,2.1611351110551881e-05,1.6800504306972896e-05,1.2138991808400917e-05,6.6860504934103596e-06,2.9692183543578874e-05,0.0
Jerome Felton,RB,BUF,2.5019280248378823,4500.0,0.99986369961181842,4.5514185816029432e-05,2.9024119088725543e-05,2.0224069788570293e-05,1.457217310790036e-05,8.1308804576678432e-06,1.8834959922654907e-05,0.0
Michael Burton,RB,DET,2.5018572995970616,4500.0,0.99987973668603747,3.6921339202714481e-05,2.2822760711740716e-05,1.7575906558518061e-05,1.2911048499969488e-05,7.1256922135931728e-06,2.2906566775815453e-05,0.0
Chase Reynolds,RB,LARM,2.5018058255642073,4500.0,0.9998286690621595,9.7038561157040406e-05,2.7515615865758934e-05,1.5210507041539224e-05,1.3130048247957527e-05,5.9278200652322044e-06,1.25083854631134e-05,0.0
Cedric Peerman,RB,CIN,2.50173975587817,4500.0,0.9998846269283993,3.1358606263034689e-05,2.5242182991038033e-05,1.9625596292018555e-05,1.4176360750983488e-05,7.8540953085032412e-06,1.7116229994854318e-05,0.0
Paul Lasike,RB,CHI,2.5016307706753285,4500.0,0.99988634955000655,2.895918463285977e-05,3.2928720595334332e-05,1.7813582900654743e-05,1.2930902835908634e-05,6.9628229913995392e-06,1.4055236036887583e-05,0.0
James Develin,RB,NE,2.5015638961591158,4500.0,0.99983245125157327,0.00011016657603504413,1.8813861639412127e-05,1.4593663036471713e-05,1.0498553501944421e-05,5.5899219974358075e-06,7.8861722161620789e-06,0.0
Brandon Bolden,RB,NE,2.5015638961591158,4500.0,0.99983245125157327,0.00011016657603504413,1.8813861639412127e-05,1.4593663036471713e-05,1.0498553501944421e-05,5.5899219974358075e-06,7.8861722161620789e-06,0.0
Stepfan Taylor,RB,ARI,2.5015389535340908,4500.0,0.99989487484355166,3.0016708099389916e-05,2.3112189338787916e-05,1.794636687694567e-05,1.309495140898015e-05,7.2509339542458552e-06,1.3704006769750453e-05,0.0
Kerwynn Williams,RB,ARI,2.5015389535340908,4500.0,0.99989487484355166,3.0016708099389916e-05,2.3112189338787916e-05,1.794636687694567e-05,1.309495140898015e-05,7.2509339542458552e-06,1.3704006769750453e-05,0.0
Juwan Thompson,RB,DEN,2.5014783306140496,4500.0,0.9998862995838258,3.9313109658064463e-05,2.496891526585864e-05,1.9436085237689135e-05,1.4049556967318661e-05,7.7694465041617501e-06,8.1633025410680117e-06,0.0
Taiwan Jones,RB,OAK,2.5014046567238646,4500.0,0.99988354683764225,5.3430672795186711e-05,1.9831568746888463e-05,1.5813146967057213e-05,1.1239455647174092e-05,6.3058648768184254e-06,9.83245332462973e-06,0.0
George Farmer,RB,SEA,2.5012600355873507,0,0.99990766122453845,3.0845446197953748e-05,1.9664325463110035e-05,1.5235629503362441e-05,1.1023747303886029e-05,6.1142885600335163e-06,9.4553384338358012e-06,0.0
Alex Collins,RB,SEA,2.5012529089793469,4500.0,0.9999099556832437,2.6918221746990743e-05,2.0498568085625537e-05,1.6030629173721516e-05,1.1513348651074992e-05,6.3479422095829619e-06,8.7356068889117482e-06,0.0
Orleans Darkwa,RB,NYG,2.5012353208839144,4500.0,0.99989735590183326,4.4484986906633018e-05,1.9010150159684613e-05,1.5338069577609876e-05,1.0926418808307328e-05,5.9400447041277201e-06,6.944428010765864e-06,0.0
Bobby Rainey,RB,NYG,2.5012353208839144,4500.0,0.99989735590183326,4.4484986906633018e-05,1.9010150159684613e-05,1.5338069577609876e-05,1.0926418808307328e-05,5.9400447041277201e-06,6.944428010765864e-06,0.0
Kenneth Farrow,RB,SD,2.5011761514325261,4500.0,0.99990641099107291,3.5526343782309855e-05,1.9646707520552279e-05,1.5224568991055783e-05,1.0895937221754494e-05,5.8449082336816543e-06,6.4505431774514412e-06,0.0
Josh Ferguson,RB,IND,2.5010775249724171,4500.0,0.99991629877224197,2.8279269253866542e-05,1.9152334885293259e-05,1.4688983811749852e-05,1.0636492801189119e-05,5.8858818111958417e-06,5.058265194333532e-06,0.0
Jonathan Grimes,RB,HOU,2.5010751265019531,4500.0,0.99992559979317219,2.3848049998535544e-05,1.5159984199583238e-05,1.1799177633433819e-05,8.3215273105063191e-06,4.7272667394402642e-06,1.0544200946637415e-05,0.0
Corey Grant,RB,JAC,2.500960307655439,4500.0,0.99992162332106738,3.6424262163111521e-05,1.269988410621435e-05,1.0122393041142507e-05,7.2825743486123702e-06,4.1794333886657473e-06,7.6681318847844316e-06,0.0
Derek Watt,RB,SD,2.5008144353275794,4500.0,0.99994038633884197,1.8062371471629469e-05,1.3817155309796423e-05,1.0695831232741311e-05,7.7704755069267856e-06,4.1465946245767238e-06,5.121233011713858e-06,0.0
