name,pos,team,expectation,salary,prob_0_5,prob_5_10,prob_10_15,prob_15_20,prob_20_25,prob_25_30,prob_30+,label
Delanie Walker,TE,TEN,10.058537852689565,6100.0,0.30920085220777715,0.26594758420111314,0.1859783595467204,0.13905056474291927,0.061809465146349427,0.025114613052719715,0.012898561102400766,0.0
Coby Fleener,TE,NO,9.517907330326338,5700.0,0.29959166272037019,0.29954046413954055,0.21187121512597856,0.11577289956338656,0.045978760080450473,0.018685104496647953,0.0085598938736258633,0.0
Travis Kelce,TE,KC,9.4547185087855148,6300.0,0.28231413313438702,0.3259642858924946,0.21844947516164137,0.10089881653936264,0.04693749666428073,0.018465748456537014,0.006970044151296856,1.0
Jimmy Graham,TE,SEA,8.9774105507634676,6900.0,0.31559702644623033,0.33037620668209045,0.19055782990217376,0.10240849671912727,0.033982779885826486,0.023447438936014132,0.003630221428537971,1.0
Jason Witten,TE,DAL,8.9199889660058176,5600.0,0.32786846310493922,0.3080695260415377,0.21850607611733097,0.078958053759170907,0.039428086217683643,0.021516038105985576,0.0056537566533521053,0.0
Cameron Brate,TE,TB,8.74468763031782,5400.0,0.3263122822002989,0.33804789414906505,0.17962593506483931,0.10323557226011114,0.027845291058455388,0.021009855644221323,0.0039231696230090209,1.0
Greg Olsen,TE,CAR,8.4946566563120331,7000.0,0.35499856939776009,0.31577387942515356,0.18511099808943055,0.094053006978060627,0.028990354562210833,0.014773819055087544,0.0062993724922967998,0.0
Jordan Reed,TE,WAS,8.3882579146796967,7400.0,0.3924187470463284,0.26594756379962953,0.18812192390712817,0.10611441801580557,0.029703673692659055,0.011137770330616728,0.0065559032078333123,0.0
Tyler Eifert,TE,CIN,7.6204844343939593,6400.0,0.43460878491440103,0.27624590694314077,0.17294789570961416,0.08269658870594257,0.020955156594745332,0.0076680268929326476,0.0048776402392231777,0.0
Eric Ebron,TE,DET,7.5650379260334848,6000.0,0.43575350864743068,0.31076800373481273,0.14377331337012492,0.059917728610699696,0.023378829830854927,0.020154368775589435,0.0062542470304874608,0.0
Zach Ertz,TE,PHI,6.8740109964421858,5000.0,0.48155706167006135,0.29757219231476162,0.12971681882946384,0.06008527863764869,0.020105074588986964,0.0094286637921002364,0.0015349101669773391,0.0
Vance McDonald,TE,SF,6.8696095903500183,4800.0,0.4752392975633043,0.29527058143513252,0.15414832716224158,0.047684753681524431,0.012592078132784077,0.013993429618608446,0.0010715324064054898,0.0
Martellus Bennett,TE,NE,6.6474078328464064,5500.0,0.52096691100199888,0.2512315373353578,0.14202945391521346,0.062901804075614673,0.012662377130568489,0.0076768379091511855,0.0025310786320957633,0.0
Antonio Gates,TE,SD,6.6257183613869479,6000.0,0.51920314207028551,0.24231696186371626,0.16767330092752344,0.04717483317182327,0.015374569571220258,0.006142946541351859,0.002114245854079432,0.0
Kyle Rudolph,TE,MIN,6.4065723098095289,5300.0,0.56529802366786508,0.21506928961106367,0.14032741768574236,0.052666359559569421,0.010328960420324234,0.013159501493988755,0.003150447561447358,0.0
Jesse James,TE,PIT,6.3658402493135107,4700.0,0.55163477002245087,0.23968605722818034,0.13321812112450077,0.044982522883194619,0.02240117407026149,0.0066728799395268318,0.0014044747318855617,0.0
Richard Rodgers,TE,GB,6.0537050762952012,4500.0,0.57819439058276323,0.23287423702085366,0.12900103351449124,0.035979868397871408,0.011984078027394374,0.0091951713747048074,0.0027712210819212939,0.0
C.J. Fiedorowicz,TE,HOU,5.9451504903856973,5200.0,0.5693094724195833,0.26794027179970425,0.10068632343136559,0.042232718829198351,0.010538174633918103,0.0063589522460386983,0.0029340866401912744,0.0
Rob Gronkowski,TE,NE,5.9290337634923027,8500.0,0.63368108268127787,0.16317009469226887,0.12636548236461229,0.056664064181280858,0.0083092570217722303,0.0067257674907249491,0.0050842515680632021,0.0
Lance Kendricks,TE,LARM,5.9205656518630772,4800.0,0.59355176847082214,0.24401458005154159,0.094429360434236165,0.041327173968564911,0.012945344164983663,0.0091863953513764088,0.0045453775584753681,0.0
Will Tye,TE,NYG,5.8693843619631174,4600.0,0.59377705289240057,0.228903886783654,0.11625570920010014,0.040872923123236815,0.012975865712073435,0.0059702132564762216,0.0012443490320590491,0.0
Gary Barnidge,TE,CLE,5.8510616444009793,4800.0,0.5837754179186353,0.23423439159150589,0.12866254647900299,0.040654007295439644,0.0080345156532505187,0.0037343513818095231,0.00090476968035621704,0.0
Dennis Pitta,TE,BAL,5.7265875331075593,4900.0,0.61251363945859305,0.22958077918982064,0.092070625193917982,0.042742846001309925,0.015370559892966179,0.0055369181626602586,0.0021846321007322205,0.0
Jack Doyle,TE,IND,5.642444886148958,4800.0,0.6104252383100135,0.23223470070837893,0.10722485863395295,0.031880509907998421,0.010167738776363292,0.0046287495915654734,0.0034382040717278227,0.0
Charles Clay,TE,BUF,4.9546776926689953,4700.0,0.69836047521312428,0.18196262385179676,0.07454084028196524,0.032306608472321682,0.005582852606570112,0.0043085993050787259,0.0029380002691434971,0.0
Dominique Jones,TE,MIA,4.9537292319059771,4800.0,0.70229500891118546,0.17674701001346294,0.080352988293969058,0.022165467196970819,0.0099265199887789684,0.0054961054252321067,0.0030169001704008066,0.0
Garrett Celek,TE,SF,4.905166615372953,4500.0,0.70234338774571348,0.18230059141274044,0.07385637166665926,0.026986653039717388,0.0072003282271973553,0.0041824167341497943,0.0031302511738217418,0.0
Hunter Henry,TE,SD,4.8388699500577212,5600.0,0.7359179533326563,0.1412014035707185,0.070270120153348076,0.038824222650547899,0.0055029959178176258,0.0041958559504706137,0.0040874484244403748,0.0
Dwayne Allen,TE,IND,4.768629990789881,5100.0,0.72598913511527974,0.15984572647375528,0.072144960637967936,0.028254489700305672,0.0085956034454752039,0.0021073883676236572,0.0030626962595921778,0.0
Jermaine Gresham,TE,ARI,4.7684149405529466,4500.0,0.71800545806735938,0.17150086873747133,0.068067433968048666,0.031143843228456407,0.0056788399695879427,0.0043485015437978412,0.0012550544852785307,0.0
Jared Cook,TE,GB,4.5895771172362343,4600.0,0.76019723675586848,0.13372091809238174,0.062934590524030595,0.029971923627933165,0.0022323242385379949,0.0077661916528399795,0.0031768151084080863,0.0
Gavin Escobar,TE,DAL,4.579052027505421,4500.0,0.7315776688679283,0.17390496822794002,0.065962027342475332,0.010565974305128172,0.01409196735723919,0.0022783134010187309,0.0016190804982705079,0.0
Levine Toilolo,TE,ATL,4.4711215117206518,4800.0,0.78736999141623865,0.12193923056853184,0.052663706246468753,0.019298556425639889,0.0040442169091411901,0.0017085449677986691,0.012975753466181954,0.0
Jerell Adams,TE,NYG,4.4266621261906893,4500.0,0.7660038279056024,0.13588417919427861,0.058886634002843156,0.030322268472563699,0.0062748165451880855,0.00098324918478204498,0.0016450246947414581,0.0
Trey Burton,TE,PHI,4.3584093920668794,4500.0,0.76775535167153741,0.14916909072426568,0.051215525354191459,0.017066535896533484,0.0083716243230174906,0.0042310241325984408,0.0021908478978560986,0.0
Clive Walford,TE,OAK,4.2457553624858182,4500.0,0.77635077299001476,0.12944634451984977,0.0755835623487814,0.010258945872548489,0.0060106747740770643,0.0010366534332891355,0.0013130460614387677,0.0
Austin Hooper,TE,ATL,4.229060494329703,4500.0,0.79141679594846226,0.12388356095465224,0.057943808656477962,0.01425403600363985,0.0058686512985329222,0.0022074993368321008,0.00442564780140317,0.0
Seth DeValve,TE,CLE,4.1277925595332343,4500.0,0.79065924026771828,0.12334644415781341,0.068456472236978136,0.011193979290199775,0.0036135411003239671,0.00032271876820080066,0.0024076041787658496,0.0
Ryan Griffin,TE,HOU,4.1095116222185446,4500.0,0.78818933327384799,0.13820539397903744,0.04890174376930282,0.018429753862929794,0.0032338395979555575,0.0013938386097088627,0.0016460969072169475,0.0
Virgil Green,TE,DEN,4.0597607354729748,4500.0,0.81002325507533057,0.10733002723426006,0.057419663031458734,0.016792727791217935,0.004849516397287334,0.0021964821488539921,0.0013883283215914244,0.0
Josh Hill,TE,NO,4.0551284114896422,4500.0,0.81284703990839879,0.11403198899686259,0.04900869270097552,0.01101621246684005,0.0064379627001892601,0.0020679008506229216,0.0045902023761112123,0.0
David Johnson,TE,PIT,4.0409804059571517,4500.0,0.82449306236036235,0.11084671155619541,0.038116624531191398,0.012450901061650367,0.0020259859653507782,0.0018494472584170538,0.010217267266832692,0.0
Tyler Higbee,TE,LARM,4.0318204863112932,4500.0,0.79192826134901018,0.13849579879681478,0.050214582385872265,0.014247694299940553,0.0031302994619972694,0.00047800743032185879,0.0015053562760429741,0.0
Vernon Davis,TE,WAS,3.909513062281758,4600.0,0.81069092676811561,0.12579039191506058,0.046531321129768217,0.011485217702049764,0.0023768198713382056,0.00081863419905487398,0.002306688414612062,0.0
Stephen Anderson,TE,HOU,3.8120194292341765,4500.0,0.83310667398885152,0.10432817070678464,0.041260486374335367,0.015818184464291354,0.0026777947140716133,0.00057831549573803876,0.002230374255927545,0.0
Rhett Ellison,TE,MIN,3.7825574227512879,4500.0,0.84926504044200624,0.085047005499521725,0.035215265644264498,0.025363242818779691,0.0026768721741129656,0.0010499977527529813,0.0013825756685616982,0.0
Brent Celek,TE,PHI,3.7686467905170749,4600.0,0.8344378067470869,0.10396088045655696,0.04374222334288843,0.012878543672387438,0.0029157613005311787,0.00095716292118232498,0.0011076215593665566,0.0
Darren Waller,TE,BAL,3.7559323335173298,4500.0,0.83348118824642003,0.10890985349817243,0.041024223615375457,0.011489740300548437,0.0026936324872536086,0.00041629127707803809,0.0019850705751526666,0.0
Mychal Rivera,TE,OAK,3.7334768671232825,4500.0,0.85769632718244559,0.053757336887575217,0.082165140395351069,0.0025925366373726819,0.00086418780237659744,0.0010904449946405445,0.001834026100238743,0.0
Ed Dickson,TE,CAR,3.7260644825733618,4500.0,0.84472201767626354,0.094403583606590069,0.040889945129512294,0.015164151258895388,0.0025556516295267735,0.00093724479374221871,0.0013274059054697543,0.0
Anthony Fasano,TE,TEN,3.6771019100415523,4500.0,0.84753218263317043,0.098483310533079446,0.039145842233798737,0.009319110848634668,0.001489562526591728,0.00097675907022989135,0.0030532321544943994,0.0
Dion Sims,TE,MIA,3.6048330428927318,4500.0,0.8434691470387139,0.11194068314692793,0.031557699782790549,0.0099595831578705753,0.0012437201691209497,0.00055512524253489674,0.0012740414620411073,0.0
Ladarius Green,TE,PIT,3.5631853246389795,4500.0,0.85712466894699202,0.094058971092719185,0.035463801759635774,0.0098639144497139047,0.0015421890626200296,0.00050797650525957738,0.0014384781830593253,0.0
Ben Koyack,TE,JAC,3.4848700910599484,4500.0,0.86737867326346885,0.087236526322859845,0.033437549450598195,0.0090012883311886005,0.0011417670516440761,0.00029054098918195737,0.0015136545910586705,0.0
Darren Fells,TE,ARI,3.4331377156916627,4500.0,0.87304205518272382,0.087156845787663487,0.027960801629134096,0.0081559346534726511,0.0015676930721554416,0.00063189002877559006,0.0014847796460743714,0.0
Alan Cross,TE,TB,3.3666503272528145,4500.0,0.88604056976882051,0.076562355148550282,0.02436795774317491,0.0088919898942924121,0.0016170608399842705,0.00099523410720149552,0.0015248324979755846,0.0
Marqueis Gray,TE,MIA,3.3596048319589631,4500.0,0.88109195506704419,0.083096316797418995,0.026130420843840919,0.0064554270742932371,0.0012022665865667284,0.00051001884192754178,0.0015135947889088112,0.0
Logan Paulsen,TE,CHI,3.3303622121327074,4900.0,0.89334621150934468,0.071128298846074356,0.023270632089229928,0.0074845399072298782,0.0013814051571239537,0.0010695280931079043,0.0023193843978895705,0.0
Nick O'Leary,TE,BUF,3.2566666644547286,4500.0,0.91635919451436465,0.052081593408852093,0.016249082720842297,0.0069497001835594841,0.00050504673271553331,0.0047837995326406009,0.003071582907025435,0.0
A.J. Derby,TE,DEN,3.2450143242396452,4500.0,0.89800563830520552,0.069731936910836539,0.024149702539927494,0.0055286591391871705,0.0007928258141843452,0.0002858668042283654,0.0015053704864303038,0.0
Luke Willson,TE,SEA,3.2017506583519189,4500.0,0.90346568395161897,0.067756452802230763,0.020985794624479963,0.005003434416816185,0.00071227015781407472,0.00048910704551662391,0.0015872570015238363,0.0
Brandon Myers,TE,TB,3.1965337949826811,4500.0,0.90495559559924466,0.066985369349716092,0.018697458014081084,0.0066945028194820028,0.00070513551046021356,0.00048678565149124918,0.0014751530555253199,0.0
Brandon Williams,TE,SEA,3.1944899122630073,4500.0,0.9049451351285468,0.06719126957849933,0.020022399640376706,0.0041378167863779835,0.0016649828694253377,0.0004406948150150254,0.0015977011817596681,0.0
Brandon Bostick,TE,NYJ,3.1853892431369837,4500.0,0.90293374766664047,0.071610629366412354,0.018724476836121093,0.0023759838597256916,0.0027105125839852807,0.00042797286175155525,0.0012166768253640092,0.0
Luke Stocker,TE,TB,3.1624065072854552,4500.0,0.91202206824622478,0.060591368794672258,0.018962063189879717,0.0054470720991098114,0.00043792924923259467,0.00042257783155146364,0.0021169205893295431,0.0
John Phillips,TE,NO,3.1379787905175651,4500.0,0.91481249136807885,0.060091106040801825,0.017329438699506632,0.0042012055428348799,0.00076451941718515292,0.00068264845926817915,0.0021185904723248559,0.0
Cory Harkey,TE,LARM,3.137740324305609,4500.0,0.90213654977583702,0.078587147100490751,0.013995318158014313,0.0033681243724899938,0.00044711591877276717,0.00029993048768651797,0.0011658141867090077,0.0
Blake Bell,TE,SF,3.1296909808595825,4500.0,0.91887160345261221,0.056891514853963016,0.012609727563085524,0.0070331582299933164,0.0026752140504155493,0.00029679114960638666,0.00162199070032432,0.0
Sean McGrath,TE,SD,3.1053347532199584,4500.0,0.92090940458784742,0.053192796131996858,0.017275648288418405,0.0057912596469018775,0.00057595795480199559,0.00067454657331560044,0.0015803868167178767,0.0
Randall Telfer,TE,CLE,3.0515712929764907,4500.0,0.92585814910693742,0.051097649946096342,0.017984807131497884,0.002215484955813393,0.00056505916523732992,0.00031481343726702635,0.0019640362571509396,0.0
Erik Swoope,TE,IND,3.0499947749071534,4500.0,0.92544856943318887,0.054172952427002423,0.014046590112510669,0.002868738464018041,0.00098984144467332072,0.00060617440819159501,0.0018671337104155803,0.0
Derek Carrier,TE,WAS,3.0365517405441005,4500.0,0.92643075773905192,0.055219516011679549,0.01244125321806328,0.002301754081263921,0.00084011345047501067,0.00069355075414182421,0.0020730547453250326,0.0
James O'Shaughnessy,TE,KC,3.0338726328272387,4500.0,0.92794168613614592,0.052698593943598139,0.01369201190122798,0.0021755721247102597,0.00057408489364984606,0.00073231908912175494,0.0021857319115468313,0.0
Demetrius Harris,TE,KC,3.0332315954967122,4500.0,0.92801543540741183,0.052659917849668114,0.013673848117723479,0.0021593700519280295,0.00057408489364984606,0.00073231908912175494,0.0021850245904976749,0.0
Ben Braunecker,TE,CHI,3.0285438333735026,4500.0,0.92802386857575103,0.052126940991645672,0.014405293402859343,0.0022576580986504277,0.00069186238135825716,0.00065508834488696346,0.0018392882048487479,0.0
Daniel Brown,TE,CHI,3.0121029239726136,0.0,0.92998969827928801,0.05111205231351458,0.013679808061257083,0.0021367668359810526,0.00063942621075880127,0.00059580195819363996,0.0018464463410072481,0.0
Clay Harbor,TE,DET,2.9997870917286629,4500.0,0.93148207693943708,0.050502143941014911,0.012912787015141433,0.0020172473895530662,0.00054349803071279386,0.00074709157599679808,0.0017951551081446153,0.0
Austin Seferian-Jenkins,TE,NYJ,2.9996854208064492,4500.0,0.93167451099464349,0.048995812644874931,0.013964972840536216,0.0027297430073725038,0.00061741692186581142,0.00050773614255815685,0.0015098074481493364,0.0
Jace Amaro,TE,TEN,2.9977002438457667,4500.0,0.93208690048526222,0.049136478695956776,0.013732665809983228,0.0021210972432281457,0.00061064041007031957,0.00059801848499125307,0.001714198870508891,0.0
Larry Donnell,TE,NYG,2.9969939311885052,4500.0,0.93011215963437965,0.052295647784586757,0.012916816852290982,0.0019681342826061176,0.00055840282547335693,0.00055730695699463548,0.0015915316636688117,0.0
Danny Vitale,TE,CLE,2.9863238667545358,4500.0,0.93286040711217122,0.049042083843632643,0.0133073307207677,0.0020573160946573818,0.00060470348159439463,0.00054384400083996322,0.0015843147463368474,0.0
Tyler Kroft,TE,CIN,2.9720141909191797,4500.0,0.93632142807587981,0.045817073386323161,0.012911023255311344,0.0021244814499408737,0.00047554652809876961,0.00052654643615356446,0.0018239008682929634,0.0
Neal Sterling,TE,JAC,2.9375254898387624,4500.0,0.93918877665214573,0.044468615403764677,0.012055678383528792,0.0020196838171214582,0.00054062153648147212,0.00034631276372584422,0.0013803114432323963,0.0
