name,pos,team,expectation,salary,prob_0_5,prob_5_10,prob_10_15,prob_15_20,prob_20_25,prob_25_30,prob_30+,label
LeSean McCoy,RB,BUF,19.214582934867288,7800.0,0.038053510570382504,0.15138009807507785,0.2124200437325387,0.16676000261731874,0.1428384603922028,0.12033246531238818,0.16821541930009135,2.0
Isaiah Crowell,RB,CLE,18.437783885593589,6800.0,0.022776151585561594,0.12045448479542889,0.32411002246038634,0.18306619278084771,0.13018765624464126,0.051468436522642727,0.16793705561049141,2.0
Le'Veon Bell,RB,PIT,18.226520514305683,8600.0,0.14177622842072532,0.22243904972771977,0.054171786605132805,0.079086644997678729,0.11450967832800046,0.26859009724447674,0.11942651467626618,5.0
Ezekiel Elliott,RB,DAL,17.769064132151101,7900.0,0.0090174257667622812,0.11046483744674283,0.30187964021748032,0.18430216783627165,0.25225320389616113,0.097245547988483311,0.04483717684809857,2.0
DeMarco Murray,RB,TEN,17.51081771452219,8400.0,0.011074487616355093,0.14885287504448066,0.26450087927060584,0.16705131487324348,0.25616772531919718,0.12787240184835949,0.024480316027758336,2.0
Devonta Freeman,RB,ATL,17.435528338295988,7400.0,0.025159201983273677,0.1814840811237213,0.20291073938833981,0.17727180921659333,0.28437513473636827,0.071139717948353054,0.057659315603350483,4.0
LeGarrette Blount,RB,NE,17.053577940048282,7500.0,0.046817464372279051,0.15920017780839957,0.22246913808985597,0.20359917226872015,0.22954488889506355,0.081199646027867611,0.057169512537814174,4.0
Jordan Howard,RB,CHI,16.308599196920959,7200.0,0.11409158409020435,0.15039645816432692,0.1949485442380651,0.18858728556200208,0.18920560554937754,0.10611092114262434,0.056659601253399534,2.0
Peyton Barber,RB,TB,16.264210112034224,0.0,0.19821486875736608,0.16514230660266255,0.1517901462558689,0.13501316791173645,0.098040232470098077,0.099850878225265852,0.15194839977700209,0.0
Darren Sproles,RB,PHI,15.688930037658428,5400.0,0.17873745027148288,0.11069875042146853,0.14460856788293064,0.1812290395482927,0.26571911850725605,0.094826298816830953,0.024180774551738289,4.0
Duke Johnson,RB,CLE,15.312474809767917,5300.0,0.21725063487973928,0.16666305849887791,0.21796720717043347,0.1098424406130017,0.07131879278241765,0.043420755477187649,0.17353711057834229,2.0
Matt Jones,RB,WAS,14.983293655012984,6900.0,0.070597830243422074,0.21950622435756997,0.32262155028713352,0.15035535483642226,0.10881396420906567,0.058063673137521185,0.070041402928865334,2.0
Carlos Hyde,RB,SF,14.780514134851547,7200.0,0.13780146315250436,0.24243224355739523,0.24938364621221276,0.13754290914095343,0.061520170112151093,0.038255538496044093,0.13306402932873898,2.0
Frank Gore,RB,IND,14.73526850222026,6500.0,0.072644547722172159,0.28390199310162789,0.2256184113414893,0.14982764283059608,0.171885380182866,0.033268483934614818,0.062853540886633683,1.0
Fozzy Whittaker,RB,CAR,14.62581853149241,6100.0,0.12439950405196482,0.29642325812031456,0.19021166743567919,0.093069650377257465,0.12965062552480239,0.086725836072702109,0.079519458417279462,1.0
Terrance West,RB,BAL,14.467956977082679,6400.0,0.099667596935025166,0.25987719385178065,0.24182428833631478,0.17303680312831504,0.095723211988360757,0.0640656799250576,0.065805225835146072,1.0
Lamar Miller,RB,HOU,14.365097536727804,7800.0,0.093847639846178846,0.21283736100637182,0.28892615042505065,0.203793943801413,0.097009584346549813,0.060263271356788939,0.043322049217646853,2.0
DeAndre Washington,RB,OAK,13.932658841085354,4700.0,0.24761793213774938,0.17011597398524614,0.18691801604216643,0.10185694572797842,0.15063601429859827,0.062728931989690262,0.080126185818571061,0.0
Melvin Gordon,RB,SD,13.87496240145745,7700.0,0.15281372159715953,0.28759757270604336,0.16878973738560035,0.09418706601154847,0.19084815693112711,0.055735158560196646,0.050028586808324463,1.0
Jeremy Hill,RB,CIN,12.891298441574332,7300.0,0.20783896408468663,0.24478650077658917,0.23813165249828122,0.11169507717076259,0.08172688259137427,0.038412585363373435,0.077408337514932687,1.0
Tevin Coleman,RB,ATL,12.611108291290014,5900.0,0.2406077846029841,0.29534522011816999,0.12123135345191266,0.080358580263616516,0.155783434077991,0.04878288301428306,0.057890744471042803,1.0
Giovani Bernard,RB,CIN,12.139510282420151,5500.0,0.30261988656398559,0.23100569480471542,0.15490806125681364,0.083019429360454283,0.092890155654509046,0.076438461247069739,0.059118311112452242,0.0
Matt Forte,RB,NYJ,12.005906497937952,7100.0,0.25282732692343429,0.25248141262389795,0.21195480133494196,0.11128474531449656,0.073339402956379363,0.026767722653148401,0.0713445881937015,0.0
Wendell Smallwood,RB,PHI,11.898961363599618,5900.0,0.32489863245682049,0.11660868476041299,0.2449758458343837,0.13130366919962977,0.10400285005829066,0.030038384352876143,0.048171933337586223,0.0
Bilal Powell,RB,NYJ,11.847180648882574,5100.0,0.3522013944720897,0.2000379849541177,0.12922039161440535,0.1046433981460942,0.08637737239517275,0.051572534762113091,0.075946923656007248,0.0
Ka'Deem Carey,RB,CHI,11.624555790649493,4600.0,0.41815719275648949,0.084274383157030688,0.16311693905619287,0.13591720486750597,0.088185733161436547,0.04223813726434654,0.068110409736997765,0.0
Paul Lasike,RB,CHI,11.513766446404357,4500.0,0.42895510721391095,0.084556205275152188,0.15584425871668844,0.13221561427963996,0.086722011611825287,0.042080361054646208,0.069626441848136988,0.0
D.J. Foster,RB,NE,11.200572077243486,4700.0,0.44920775395923135,0.12283047740418108,0.10021600031844455,0.087977037472329142,0.12285465725904339,0.065626188239694475,0.051287885347075929,0.0
Reggie Bush,RB,BUF,11.031588618023168,4900.0,0.46028987154329382,0.098161941426255922,0.15118792207531412,0.094045101938370068,0.072169314533614998,0.047987094041535096,0.076158754441616017,0.0
DeAngelo Williams,RB,PIT,10.950239188332754,5700.0,0.33342989307867693,0.22116675164079802,0.15799058493139401,0.12945766685991772,0.083439673415727417,0.035721382371571325,0.038794047701914698,0.0
David Johnson,RB,ARI,10.723767423539918,9000.0,0.33878657732491546,0.23171391177432771,0.14887895090517253,0.11840542639527941,0.096181253760201674,0.035919894709337312,0.03011398513076604,0.0
Mike Gillislee,RB,BUF,10.40060907828,4800.0,0.54232916219564931,0.1311033061390639,0.078049076090512245,0.048328685141812947,0.039119146163277545,0.037000893663722653,0.12406973060596146,0.0
Todd Gurley,RB,LARM,10.317591651278448,7600.0,0.28156433898757111,0.33966152981037384,0.16791913870448116,0.094135248641539451,0.054631196734392998,0.010991710744337458,0.051096836377303924,1.0
Jerick McKinnon,RB,MIN,10.156678780830772,6200.0,0.33871551195206329,0.29363476509435538,0.15520008128617163,0.086119210129501411,0.052861549281992021,0.013367155786981503,0.06010172646893476,0.0
Eddie Lacy,RB,GB,10.138351899983528,7100.0,0.32833845704752229,0.13577962706442609,0.34871280172813246,0.10204416861534878,0.063866951530914151,0.0035414157216354901,0.017716578292020599,2.0
Orleans Darkwa,RB,NYG,9.5790772177066561,6000.0,0.39469255065050562,0.26342967875027445,0.14032847248675512,0.072547225196841272,0.058114027111606202,0.026094174630343307,0.044793871173674032,0.0
James White,RB,NE,8.9122874296595391,5500.0,0.53373404034040262,0.14880578238954437,0.098197033565976408,0.068419658442294834,0.081371949227048795,0.03003608003362333,0.039435456001109856,0.0
Jay Ajayi,RB,MIA,8.830535357661649,5600.0,0.52077055581758946,0.20756449341395847,0.085506428085197997,0.047054633238417673,0.044570987006361959,0.030921327761873636,0.063611574676600918,0.0
Joique Bell,RB,DET,8.604760847624874,5600.0,0.56577256639032891,0.16000762135799321,0.095852800935807628,0.048805354083256994,0.034902794258967057,0.021380601545981922,0.073278261427664221,0.0
Kenjon Barner,RB,PHI,8.5931220900243019,5300.0,0.54569683780098166,0.10209325276711051,0.15997759118764399,0.07744115979008695,0.062594800207807971,0.016935350626952478,0.035261007619416439,0.0
Paul Perkins,RB,NYG,8.520017416793042,4500.0,0.54599935869931515,0.21704255996819241,0.056589083392599257,0.041670804780009146,0.04537505113858014,0.026220190285070694,0.067102951736233235,0.0
Theo Riddick,RB,DET,8.3842059147903427,6200.0,0.41535858624599103,0.34158489392643143,0.1035967415332277,0.044979077423045237,0.038205536845981609,0.016990093234986344,0.039285070790336579,0.0
Josh Ferguson,RB,IND,8.2604121665156214,4500.0,0.50947577288145884,0.24115410758962408,0.073122172292201984,0.052454297019054442,0.067839835193183748,0.018492032239934623,0.037461782784542264,0.0
Derrick Henry,RB,TEN,8.1347278217430166,5200.0,0.52843883425565585,0.19915216483254203,0.10847787021889556,0.05124580514590623,0.05369226700659669,0.027415803265639662,0.031577255274764002,0.0
Bobby Rainey,RB,NYG,7.9659387455649027,4900.0,0.56364365463567845,0.22569409129500287,0.047289893892874996,0.038620487047553866,0.044429282352371646,0.028507707044859314,0.05181488373165892,0.0
Kenneth Dixon,RB,BAL,7.656514942855372,5800.0,0.63936312396080908,0.11840867954500189,0.07393691728978008,0.053084289762054891,0.039358736704115396,0.029787322969777118,0.0460609297684616,0.0
Javorius Allen,RB,BAL,7.6416519759988031,5600.0,0.62118012835696212,0.1810178022339004,0.039998496211669919,0.035888048705618084,0.026308832081649792,0.044684916378153958,0.050921776032045722,0.0
Jalen Richard,RB,OAK,7.5882015794761015,4900.0,0.62394393218571187,0.13579262372258491,0.082104152117594933,0.038959720322967052,0.055382044499321111,0.023721251677047559,0.040096275474772652,0.0
C.J. Anderson,RB,DEN,7.417734183421012,8000.0,0.50111378648245153,0.25772008825241677,0.12842871069235201,0.046198679177108092,0.0334273532446785,0.012373404962940343,0.020737977188052543,0.0
Devontae Booker,RB,DEN,7.4031138711912261,5100.0,0.56555286479815514,0.20280408547936726,0.093827358236960756,0.049364282423393517,0.039830407244109342,0.022191343852502467,0.026429657965511701,0.0
Chris Thompson,RB,WAS,7.2070548460176793,5400.0,0.60580271380372119,0.16315236617680329,0.11575846768495336,0.033705294228018039,0.022629240363930554,0.018719094539785597,0.040232823202787933,0.0
Kyle Juszczyk,RB,BAL,6.9855877043375418,4500.0,0.62525278502208814,0.18859784685494166,0.058537974701767796,0.043427636569120159,0.022665628853502092,0.019579675002072583,0.041938452996507586,0.0
Alfred Morris,RB,DAL,6.9831877542335983,5100.0,0.65578875257769798,0.13291742563938283,0.080690926925798212,0.032315534299618129,0.04076725902633304,0.021038685067366246,0.036481416463803477,0.0
Kenyan Drake,RB,MIA,6.5516314002313063,5100.0,0.67804368632213918,0.15524906817812659,0.051565488788469956,0.030766407157054369,0.025814809926177292,0.016170489644592709,0.042390049983439836,0.0
Isaiah Pead,RB,MIA,6.0654352842382844,4500.0,0.73782461121928311,0.13306719411555656,0.027531764719401823,0.016868147811576726,0.02008020655407311,0.017367618418954723,0.047260457161153895,0.0
Jerome Felton,RB,BUF,5.9339932004479046,4500.0,0.78643295090841114,0.094351622136176372,0.018984979879686819,0.013130114580904025,0.012877386709348838,0.012581319994433033,0.061641625791039732,0.0
Shaun Draughn,RB,SF,5.9297772406151541,4700.0,0.74798824389390672,0.1126452701020826,0.046911173527002248,0.024348635313799809,0.010316323151984419,0.0069737791035658055,0.050816574907658119,0.0
Damien Williams,RB,MIA,5.8314115668262927,4900.0,0.74939280795228636,0.13220475139995033,0.023905055032893145,0.015323972071536287,0.019080201225258078,0.017754099522407273,0.042339112795668377,0.0
James Starks,RB,GB,5.6521891812556637,4700.0,0.7113217156522913,0.10688635775161839,0.10294853280299042,0.034725138730580661,0.027348658087759183,0.0032786773234567577,0.013490919651303255,0.0
Jacquizz Rodgers,RB,TB,5.5699160515375743,5700.0,0.6612045417468746,0.2338423616745674,0.041195399839719753,0.022477963060076222,0.013254031970422134,0.0032446861417452693,0.024781015566594525,0.0
Jamize Olawale,RB,OAK,5.4817041316168345,4500.0,0.77367913094192386,0.091332995270823197,0.048483064624743132,0.018704055333484678,0.027524169875851143,0.01330995959762191,0.026966624355552183,0.0
Patrick DiMarco,RB,ATL,5.4019468223521514,4500.0,0.76502309803962709,0.12180078616977037,0.033388975584978331,0.016064197435068036,0.023513654064011246,0.0078646386820584464,0.032344650024486436,0.0
Cameron Artis-Payne,RB,CAR,5.3668830056447074,5800.0,0.74296500210895156,0.16131083388681389,0.027882742728348377,0.012337640597667704,0.011073695842107613,0.0092019832071502574,0.035228101628960916,0.0
Ryan Mathews,RB,PHI,5.3382154412043512,6300.0,0.76248381796659448,0.067540133048806197,0.092992882604161872,0.032445844822540704,0.026486019510954757,0.0043319238885490031,0.013719378158392971,0.0
Fitzgerald Toussaint,RB,PIT,5.2707424788143209,4500.0,0.78649325210574583,0.092670470413831127,0.035542723525881781,0.029376725441616822,0.016448841842347402,0.013383252503814154,0.02608473416676288,0.0
Aaron Ripkowski,RB,GB,5.2600798494681769,4500.0,0.75136762672843582,0.094646481869784999,0.084661476216521966,0.029385701605134405,0.022135590913821723,0.0029154868072271117,0.014887635859073965,0.0
Ty Montgomery,RB,GB,5.2555867274883123,4500.0,0.75149535237983389,0.094972008079010434,0.084361842342735763,0.029296339201997847,0.022114931032784994,0.002909342845061889,0.01485018411857502,0.0
Alfred Blue,RB,HOU,5.1227578269649525,4600.0,0.77553221936258609,0.093055325047053689,0.060905003247429451,0.029980191350197104,0.012452257666904519,0.0083672616566804088,0.019707741669148703,0.0
Matt Asiata,RB,MIN,5.0104426059073131,5800.0,0.75333584388313057,0.14930909194522057,0.038281793015746447,0.020742383972340774,0.011683833477511778,0.0039683278077624609,0.02267872589828732,0.0
Mike Tolbert,RB,CAR,4.9494691323685878,4800.0,0.77384133461370941,0.13066143516645126,0.039581914898073833,0.012802703475950389,0.011048163204381432,0.007300745269050433,0.024763703372383029,0.0
Kapri Bibbs,RB,DEN,4.8137129452384624,4500.0,0.78642713692296418,0.111311932575171,0.044030676966490247,0.019241112081188991,0.014192657866171129,0.0082012056605368002,0.016595277927477749,0.0
James Develin,RB,NE,4.8049658656616314,4500.0,0.82140916308696965,0.073595360804181345,0.033361397322342778,0.021191259595990247,0.022649928661086536,0.0094348427934323117,0.018358047735997061,0.0
Jordan Todman,RB,IND,4.7725147415261278,4500.0,0.80774827123962278,0.11386847252783873,0.019156923749135385,0.011137702675742841,0.013467037556591897,0.0066673197376166367,0.027954272513451794,0.0
Mike Davis,RB,SF,4.6550649854135591,4500.0,0.84010160792183797,0.07586354875597684,0.027790614378303588,0.012991928130747751,0.0056549294869335199,0.0042734642601019663,0.033323907066098529,0.0
Jalston Fowler,RB,TEN,4.5891725959528866,4500.0,0.80900219740584112,0.1049321391670585,0.030076729522554288,0.015312439563163199,0.016744766787693786,0.010482462640555176,0.013449264913133812,0.0
Dexter McCluster,RB,SD,4.5642738322452772,4500.0,0.83265298467586935,0.091286890268251986,0.018811106265321835,0.0095014935838190536,0.016494700497443129,0.0091206531343238362,0.022132171574970903,0.0
Zach Zenner,RB,DET,4.5240716459874566,5400.0,0.80670224534511403,0.13001723369890744,0.019557036853441928,0.0078603017968431367,0.0062777808617997446,0.0035427442875578365,0.026042657156335761,0.0
Andy Janovich,RB,DEN,4.4863995713074898,4500.0,0.81118724171071821,0.10412648787419924,0.034852859092280745,0.016233520530344787,0.012622563425687313,0.0080638233166997683,0.012913504050069947,0.0
Antonio Andrews,RB,TEN,4.4064828756739161,4500.0,0.82570512164865384,0.094306078810864266,0.030620344409438137,0.013650652947074536,0.014031853964966652,0.0081921537463766868,0.013493794472626015,0.0
Malcolm Johnson,RB,CLE,4.3934292095200416,4500.0,0.87629282566892908,0.050263288425544686,0.022212362967170884,0.0093745485933349713,0.0049566027653536165,0.0025364297100876716,0.034363941869579084,0.0
Zach Line,RB,MIN,4.2552437130564833,4500.0,0.83102143528297379,0.1000189834430437,0.027800302624573212,0.014121303136507137,0.0077354098294172644,0.0022287145004903568,0.017073851182994523,0.0
Rod Smith,RB,DAL,4.2533023167786688,4500.0,0.87269316600885161,0.06147911928780897,0.014069281086146516,0.0076877009887311165,0.01321726987820164,0.010291272306706137,0.020562190443554042,0.0
Michael Burton,RB,DET,4.2286627937487165,4500.0,0.82305444950335427,0.11402953303026978,0.028077197286298681,0.0093521111720603727,0.0057630073389716725,0.0025091950493233289,0.017214506619721813,0.0
Malcolm Brown,RB,LARM,4.2034595148524128,4500.0,0.8449622158511908,0.098245865294393969,0.016127885314386213,0.0084756049487394979,0.0074729574845510604,0.0038526266206049048,0.02086284448613367,0.0
Rex Burkhead,RB,CIN,4.1410109814206475,4500.0,0.86700548591361382,0.06659327974963801,0.02334420230776027,0.011289649301835672,0.0077007603257276385,0.0041230152658047999,0.019943607135619896,0.0
Ryan Hewitt,RB,CIN,4.1410109814206475,4500.0,0.86700548591361382,0.06659327974963801,0.02334420230776027,0.011289649301835672,0.0077007603257276385,0.0041230152658047999,0.019943607135619896,0.0
Derek Watt,RB,SD,4.11240308320843,4500.0,0.8654298198236654,0.076566253867272949,0.014826160105615129,0.0071003238559569316,0.01188634483238841,0.0065509614549324616,0.017640136060168621,0.0
Andre Ellington,RB,ARI,4.0548159491073257,4500.0,0.87388944416323444,0.058760745062833311,0.020421940202100468,0.014733432198708834,0.01213635480486178,0.0078431297698942134,0.012214953798367095,0.0
George Atkinson,RB,CLE,4.0494079053716048,4500.0,0.8980490865360089,0.0424450938977496,0.018244652937333957,0.0071856203730236885,0.0037119276492185243,0.001880607571577749,0.028483011035087626,0.0
Rob Kelley,RB,WAS,3.9704902506609665,4700.0,0.87445983904071589,0.074414672770869231,0.015784378815751392,0.0062180221404033679,0.0051240385012169092,0.0046862782986909091,0.019312770432352164,0.0
Jay Prosch,RB,HOU,3.909815339890284,4500.0,0.8746074315877963,0.059753990788852164,0.029673050004525026,0.014215638359593693,0.0059191855904053622,0.0042401694050849432,0.011590534263742675,0.0
Chase Reynolds,RB,LARM,3.894186510552144,4500.0,0.86869975280511891,0.081059886526930885,0.016826769309629449,0.010075758798715686,0.005783374868933289,0.0022272492646714204,0.015327208426000289,0.0
Stepfan Taylor,RB,ARI,3.8578655571425378,4500.0,0.88949645328152538,0.052082879813267043,0.017694859874336829,0.0129632674844792,0.010218971620566775,0.0064655790579993258,0.011077988867825472,0.0
Tyler Ervin,RB,HOU,3.7403813184223473,4500.0,0.88874270725692806,0.053871737686069801,0.026201955729824322,0.012249656761037802,0.0050324995073626816,0.0036251557705767679,0.010276287288200481,0.0
