name,pos,team,expectation,salary,prob_0_5,prob_5_10,prob_10_15,prob_15_20,prob_20_25,prob_25_30,prob_30+,label
Odell Beckham Jr.,WR,NYG,19.070037709010009,8500.0,0.046546495105807009,0.1270049306486942,0.12353312822996106,0.12550929729480118,0.45916545296525157,0.027878580975117667,0.090362114780367223,4.0
Mike Evans,WR,TB,12.861788916711548,7900.0,0.071064293452402269,0.2113461911566572,0.46102653557088646,0.13455239694574145,0.080209035474518742,0.038163246526718993,0.0036383008730746787,2.0
A.J. Green,WR,CIN,12.133468095699204,8700.0,0.044781333851361453,0.45375980149582995,0.25095359867091921,0.14000044996807923,0.048633903307252431,0.03044751694913336,0.031423395757424276,1.0
Antonio Brown,WR,PIT,12.088308678868614,9600.0,0.021449976794805217,0.5046076132102908,0.18862789731805854,0.14087274602717659,0.11518853108665006,0.025146710440292187,0.0041065251227267504,1.0
Marvin Jones,WR,DET,11.952010998131678,7800.0,0.071307834485895658,0.35696444132152882,0.26962954058063598,0.22302074613232226,0.071295878523683062,0.0070981390411573413,0.00068341991477680552,1.0
DeAndre Hopkins,WR,HOU,11.737312105173137,8200.0,0.13768968449764493,0.12541895537563555,0.61425159098316073,0.055888964035315951,0.02193002505482284,0.03545451931986518,0.0093662607335547304,2.0
Amari Cooper,WR,OAK,10.970163012928516,7200.0,0.11564042947808614,0.33141977851644033,0.3974395587265741,0.087964019440851804,0.043750876664340736,0.017177699995264764,0.0066076371784419543,2.0
Alshon Jeffery,WR,CHI,10.85170955285343,8000.0,0.089271425888547917,0.46206069273939987,0.26348882438764998,0.092358910960837051,0.072333445253132428,0.012180333231244284,0.0083063675391883227,1.0
Jarvis Landry,WR,MIA,10.679615639067144,7500.0,0.11967310976973432,0.34294625921141081,0.41608472840661043,0.038468110122412483,0.071391894512608509,0.0096652223205512845,0.0017706756566722096,2.0
Julio Jones,WR,ATL,10.434406960594055,8900.0,0.012542452467596766,0.71493185114062829,0.051279079530162135,0.15955270859629123,0.033928706932440468,0.016970253509669925,0.010794947823211254,1.0
Michael Crabtree,WR,OAK,10.235121268503738,6900.0,0.31764082497942914,0.2119275240145535,0.19009141341421756,0.20253450983223784,0.047233988718726826,0.026894590186192776,0.0036771488546422089,0.0
Demaryius Thomas,WR,DEN,9.7979582152525193,7700.0,0.036432794644207428,0.68818744327446468,0.15006304005978185,0.051029122857498055,0.060134005378183024,0.0095624200245825568,0.0045911737612825314,1.0
Emmanuel Sanders,WR,DEN,9.5118353936965239,7100.0,0.086350580117931494,0.68405536852427229,0.088602973912957003,0.047122589275297971,0.077374548531900872,0.011313871472694007,0.0051800681649463096,1.0
Larry Fitzgerald,WR,ARI,9.4023463358040047,7200.0,0.11873874742584142,0.59567876271135523,0.15507546468913491,0.069421508086168524,0.04102021689160093,0.018753512018051349,0.0013117881778476445,1.0
Randall Cobb,WR,GB,9.2837820505195374,7100.0,0.33118635001478169,0.17152173888478933,0.37041742296498548,0.085845990314361839,0.027771212031417379,0.0069302342749513017,0.0063270515147131898,2.0
Julian Edelman,WR,NE,9.1407640129855903,7000.0,0.39374041087216449,0.11020705931201981,0.37616009176524823,0.056991158751789436,0.040960137587360161,0.0078705919829485712,0.014070549728469247,0.0
Sterling Shepard,WR,NYG,9.1215058010665793,6900.0,0.28358635061333165,0.30303626305588438,0.29428883866372407,0.061604064910198181,0.042398758130327334,0.013184811662929513,0.0019009129636048951,1.0
Travis Benjamin,WR,SD,8.5533964753296114,6500.0,0.070372119389585389,0.80131638994645493,0.015705679233653048,0.085414288763989765,0.016832509844767751,0.0086366282392980678,0.0017223845822509456,1.0
Anquan Boldin,WR,DET,8.4687710375684553,6300.0,0.14087194438478495,0.65018334750992013,0.10989822927446638,0.081470574965356937,0.0092583122578462299,0.0078232786147883968,0.00049431299283693572,1.0
Robert Woods,WR,BUF,8.4098005405612852,5300.0,0.083713560067819062,0.71165461937566521,0.15993200585885298,0.034218105251630555,0.0053665067570590379,0.0046184554950447401,0.00049674719392834145,1.0
Kelvin Benjamin,WR,CAR,8.1576945091213613,7500.0,0.25527781720907489,0.4581489602421257,0.21531845927960094,0.053334043214794603,0.0097703891195777565,0.0062052094507474296,0.0019451214840788876,1.0
Jordan Matthews,WR,PHI,8.0723605516134977,7000.0,0.42586914595196784,0.11004126026310815,0.41435271025188974,0.03047690320037021,0.013250854024736523,0.0051786780971825779,0.0008304482107449881,0.0
Cole Beasley,WR,DAL,7.9691924011220845,5500.0,0.51880066873545216,0.1164496186229038,0.19236074283288326,0.11164109812214579,0.047409524897731106,0.012395514766240345,0.00094283202264355446,0.0
T.Y. Hilton,WR,IND,7.9474007216990969,7700.0,0.44984245387116395,0.25578033190086824,0.15204509841518263,0.048485673574436151,0.086615171072606439,0.0062075679883187799,0.0010237031774242181,0.0
DeSean Jackson,WR,WAS,7.8839698074401046,6700.0,0.49570490807109746,0.058119111142326901,0.36185642518780659,0.056645812987418269,0.015017733633070478,0.011540287922185982,0.0011157210560944954,0.0
Steve Smith,WR,BAL,7.7559672222890539,6300.0,0.35923355457312556,0.32407230990532876,0.25889145409530928,0.033729537640553683,0.014018009945304511,0.0088538642023164495,0.0012012696380618627,0.0
Mike Wallace,WR,BAL,7.412330405128162,6300.0,0.19188432231039382,0.71281084205227807,0.030565837623577348,0.055193752919434173,0.0056044710895301036,0.0033937402808906962,0.00054703372389586398,1.0
Victor Cruz,WR,NYG,7.3446439020993415,5600.0,0.50267655824004354,0.24727283270452297,0.13030854910476317,0.034882371920305327,0.0706858138760178,0.012321135841617762,0.0018527383127296523,0.0
Brandon Marshall,WR,NYJ,7.325480657990826,7600.0,0.26995877073483765,0.61936735503017304,0.023288233881868514,0.062326775473974215,0.015743149259758588,0.0075685107884825359,0.0017472048309054866,1.0
Pierre Garcon,WR,WAS,7.2852174688981997,6000.0,0.47862825487744587,0.23234668173483083,0.19255350090677076,0.061953421611916186,0.020360434548153287,0.013158189255222595,0.00099951706566047695,0.0
Terrance Williams,WR,DAL,7.2180859025234669,5500.0,0.41492719417657081,0.34803560459663357,0.13914018655201524,0.085417641178352058,0.0044699571740791201,0.0059285036817424384,0.0020809126406068565,0.0
Jordy Nelson,WR,GB,7.2052644743907521,8400.0,0.55646563548823347,0.16650686888790059,0.13978038781379951,0.0786240350138558,0.046082523041990613,0.004487013499538426,0.0080535362546813507,0.0
Tyrell Williams,WR,SD,7.1652047172265636,6500.0,0.32886838394440887,0.5139135809625246,0.083414986301878075,0.050631859167705059,0.017134006517086457,0.0049172692560064549,0.0011199138503905394,1.0
Mohamed Sanu,WR,ATL,7.0979603783694269,5600.0,0.23358666656604843,0.66984495634366092,0.059672847577416761,0.022596439889303405,0.0097890351067681219,0.0039062601858715802,0.0006037943309308429,1.0
Kenny Britt,WR,LARM,6.8067690031396548,5700.0,0.32761931483263362,0.57543182250298064,0.038134136743219325,0.033208312610874313,0.019956802573636079,0.0043472755179462825,0.001302335218709697,1.0
John Brown,WR,ARI,6.6639200311070628,6500.0,0.36635544618940291,0.51789332638453922,0.064179400073425055,0.031758837863022825,0.0092940579611711094,0.0095292804523881992,0.00098965107605063327,1.0
Golden Tate,WR,DET,6.5952140802802584,6400.0,0.57498896095870833,0.21104386112522214,0.11126195171760232,0.041866489849348223,0.046457981872312093,0.012954166427275067,0.001426588049531805,0.0
Brandon LaFell,WR,CIN,6.5080422849237891,5400.0,0.55913870577057601,0.14344580099219326,0.25915443461828735,0.021228461803286979,0.010366313311075062,0.0057517964519666846,0.00091448705261464697,0.0
Eddie Royal,WR,CHI,6.405012239940679,5700.0,0.48141082972174193,0.37812050350456511,0.071795668854224226,0.033634096994220243,0.021337773810949007,0.010680070462855077,0.0030210566514445977,0.0
DeVante Parker,WR,MIA,6.326463567663283,6400.0,0.53531917615459323,0.32283847962061013,0.051629159578658705,0.027828683237576118,0.057193396005073678,0.0045372694006448984,0.00065383600284329535,0.0
Tavon Austin,WR,LARM,6.2324249415565705,5800.0,0.4413512736762904,0.46972919580996125,0.026752951181515914,0.034726171768065715,0.020092029595210285,0.0060408002299558146,0.0013075777390005815,1.0
Phillip Dorsett,WR,IND,6.0330681158939212,6800.0,0.63353168374815916,0.16708957911837152,0.11625903895104173,0.03212807660011411,0.04591435199353644,0.0040252826288065128,0.0010519869599705726,0.0
Sammie Coates,WR,PIT,5.7454296496452049,5300.0,0.48600078937823871,0.41429319051308305,0.077907016243348046,0.012200739361818078,0.0059767100993140358,0.0033803034538235025,0.00024125095037448878,0.0
Michael Floyd,WR,ARI,5.5831974134811162,6600.0,0.48484119544310467,0.4590402079595004,0.025699220115137908,0.021100183964867354,0.0043410618713004374,0.0045478760486237181,0.00043025459746532459,0.0
Davante Adams,WR,GB,5.5788205388003949,5500.0,0.6930895762167012,0.078587012393371208,0.18744641542907448,0.011071873234132666,0.023635000062704858,0.00371810184050704,0.0024520208235086658,0.0
Dontrelle Inman,WR,SD,5.4381530171878625,6100.0,0.57218729735135931,0.34200482980005265,0.028900122262266691,0.046594722920455148,0.0057250879743876368,0.0031203996936926795,0.001467539997785761,0.0
Will Fuller,WR,HOU,5.2157215646590629,7200.0,0.63088609400735152,0.25013142844213526,0.089559316911422715,0.011119766506383822,0.012495358842675311,0.0047991424054835878,0.0010088928845478813,0.0
Tajae Sharpe,WR,TEN,5.1140048936047311,5400.0,0.60300350606939113,0.30869395555416912,0.067533270853331162,0.0067543476475925967,0.011832899709766993,0.0018248609327325793,0.00035715923301632148,0.0
Terrelle Pryor,WR,CLE,5.0485930879135426,7200.0,0.7687017012532974,0.046616516952213326,0.11798967360508945,0.044859944862031445,0.017577871648751194,0.0036143091145289462,0.00063998256408808146,0.0
Quincy Enunwa,WR,NYJ,4.7618676283903723,6200.0,0.64752489003374725,0.3056457272074829,0.011624343834215574,0.022407854795782021,0.0085854132843295634,0.0036417448075884368,0.00057002603685444653,0.0
Rishard Matthews,WR,TEN,3.7457224195414143,5100.0,0.77331685976888187,0.21430005551298625,0.0064766300298520667,0.0030065614205622478,0.0018544004089038081,0.00089454742933276041,0.00015094542948103273,0.0
Tyler Boyd,WR,CIN,3.6214265612339633,5300.0,0.87698713794251393,0.046237943778148563,0.062438372121803587,0.0078572246179074642,0.0037579078378032148,0.0020812466944998206,0.00064016700732347004,0.0
Andre Johnson,WR,TEN,3.5263813255025767,5200.0,0.88691040897203144,0.05353134077583234,0.038429480166681816,0.012843642489390397,0.0054250928374383047,0.0026237071717815194,0.00023632758684418259,0.0
Jamison Crowder,WR,WAS,3.4510530329290354,5800.0,0.89227468034951218,0.041898133104009617,0.055471690265683458,0.0059515518504576316,0.0026587868092131177,0.0016428229167332207,0.00010233470439066743,0.0
Corey Brown,WR,CAR,3.3796789484620566,4700.0,0.89793206420988514,0.050972473622862009,0.037758085354568295,0.0069604575312135382,0.0038187007463879228,0.0022249671312136298,0.0003332514038695647,0.0
Brian Quick,WR,LARM,3.1910284899272892,4500.0,0.90499020284480358,0.069141921040316703,0.014991541593094437,0.0066561079130884569,0.0027207674982448779,0.0010114561274871799,0.00048800298296482978,0.0
Kenny Stills,WR,MIA,3.1905958400628007,5700.0,0.89877867060865546,0.078050798874094274,0.014733844558274136,0.0049494021602235413,0.0018247184166955319,0.0015687167392700553,9.3848642786865442e-05,0.0
Vincent Jackson,WR,TB,3.178919865521642,5000.0,0.89334552438553194,0.089918862027365709,0.0090555846296606173,0.0042335853989037579,0.0023419938646914926,0.00099580856522551195,0.00010864112862101105,0.0
Adam Humphries,WR,TB,3.164054167587441,5100.0,0.90477559471705382,0.067989392357514486,0.020934661317123154,0.0035995166732637474,0.0015646492666101148,0.00099349027021910195,0.00014269539821542244,0.0
Adam Thielen,WR,MIN,3.1540657865113091,4900.0,0.89629448750244023,0.089893827912590971,0.0062366916547376226,0.004669050221935556,0.0013446507698579063,0.00072547017659204587,0.00083582176184569335,0.0
Devin Funchess,WR,CAR,3.0509691933615088,5200.0,0.93667658953929211,0.031787216454856972,0.019357585606121254,0.010008965385261845,0.0013050389705825667,0.00078368487877865953,8.0919165106625043e-05,0.0
Danny Amendola,WR,NE,3.0474638620664716,5300.0,0.94585407745308803,0.028787111894675865,0.0069366931375369999,0.0090273886811108976,0.0078593241756057131,0.0011115458527307465,0.00042385880525159646,0.0
Seth Roberts,WR,OAK,2.9824871523919043,5600.0,0.93888458971657429,0.039552153190157563,0.013325265673631284,0.004328897134607608,0.0025702307269032032,0.0011169876655293838,0.00022187589259665995,0.0
Markus Wheaton,WR,PIT,2.9719472906713036,5500.0,0.930059624812829,0.05742216584679552,0.0051148087558334282,0.0042531851152779474,0.0019962487333454767,0.0010051061912603359,0.00014886054465857546,0.0
Ted Ginn Jr.,WR,CAR,2.9682556800979434,5700.0,0.94578755247046864,0.031741217586039525,0.013094302501845283,0.004697091290276437,0.00267837655563034,0.0013953026905332796,0.00060615690520638939,0.0
Nelson Agholor,WR,PHI,2.8641438148228615,5400.0,0.95083213660531607,0.032472287744590801,0.01291519405658249,0.0017424003402821625,0.0011710083501510894,0.00068031412309238416,0.00018665877998518237,0.0
Justin Hardy,WR,ATL,2.8486617598513182,4800.0,0.93684669613426996,0.059296992676469804,0.0023340792226973711,0.00072464558048095399,0.00052433368326692111,0.0001868087962726692,8.6443906542342278e-05,0.0
Brice Butler,WR,DAL,2.8307402276629965,5100.0,0.95973885460071662,0.024648890494446841,0.0099590315838098964,0.0032073955187957182,0.00086493618921608178,0.0011844232848755192,0.00039646832813902851,0.0
Marquise Goodwin,WR,BUF,2.8226638671054878,5500.0,0.94777550555875778,0.044681408021323199,0.0043657143026861554,0.0021338154587249043,0.00059540944606019483,0.00038406949794686577,6.4077714500386729e-05,0.0
Jeremy Kerley,WR,SF,2.8096384260068978,5400.0,0.94938200465270473,0.042978735260645023,0.0051474468354489661,0.0016275544791663078,0.00057736955573002406,0.00026857686437552349,1.8312351929238359e-05,0.0
Darrius Heyward-Bey,WR,PIT,2.7790766677452345,4500.0,0.9625933393210141,0.027242430684022944,0.0050183877864040686,0.0030000497808837386,0.0013224279410361198,0.00073706865182289851,8.6295834816238828e-05,0.0
Torrey Smith,WR,SF,2.7749674402248776,5400.0,0.96310528553897656,0.023455634872119081,0.010737511337111986,0.0013367123305081197,0.00082553042788747935,0.00050336260768079157,3.5962885716039959e-05,0.0
Kamar Aiken,WR,BAL,2.7726006283171873,5500.0,0.95708876487965711,0.037371278714342884,0.0019959308373971017,0.0016792555032865387,0.0013485755064664344,0.00042023192929975382,9.5962629550186464e-05,0.0
Cordarrelle Patterson,WR,MIN,2.7405815273120209,4600.0,0.96970778798179924,0.019370390707455856,0.0078687526644505186,0.0013545210733918376,0.00059465621521382261,0.00040604831997286163,0.0006978430377157335,0.0
Jaron Brown,WR,ARI,2.7045561810055241,4800.0,0.96376081469927999,0.033985345489975852,0.0009441242180633024,0.0006185290518631063,0.00037111247622984082,0.00025525080355053503,6.482326103710934e-05,0.0
Charles Johnson,WR,MIN,2.6895118196749319,4700.0,0.97777373476293972,0.014518105762805798,0.0040074492587165271,0.0016603333910432368,0.00085789362672702768,0.00048623720718661122,0.00069624599058102645,0.0
Ricardo Louis,WR,CLE,2.6793850120050706,4500.0,0.97009216134996112,0.027058983152702935,0.0010647933331388046,0.00093864187088388707,0.00051000906204933362,0.00023180152135364847,0.00010360970991021396,0.0
Aldrick Robinson,WR,ATL,2.6283440340292676,4500.0,0.97883800532420628,0.018857333303209208,0.0011619387121697957,0.00052532947636570312,0.00032966547347539304,0.0001848562422822002,0.00010287146829154535,0.0
Breshad Perriman,WR,BAL,2.6006930901352172,4900.0,0.98700404267523645,0.0084652014138740881,0.0029647499189425276,0.00088967243458792857,0.00039768291584782873,0.00021804090779672887,6.0609733714676284e-05,0.0
Quinton Patton,WR,SF,2.5879544082833803,4900.0,0.98907900085146216,0.006980370608530604,0.0021718743470350238,0.0010780355543921452,0.00045347672737170363,0.00021554909429456564,2.1692816913775512e-05,0.0
Andrew Hawkins,WR,CLE,2.5666938683311544,4600.0,0.99103315600530528,0.0065696796978674515,0.0011952482817879362,0.0007475035801016972,0.00024686174619511489,0.00013362653141674364,7.3924157325876779e-05,0.0
Jaelen Strong,WR,HOU,2.5601718569128202,4600.0,0.99252723459139103,0.0046773697481335757,0.0018384463878890708,0.00045176239893913534,0.00028615105294253936,0.00016234358967586352,5.6692231028530588e-05,0.0
Taylor Gabriel,WR,ATL,2.5560768526104285,4900.0,0.9937315902145275,0.0034204913207854979,0.0015608993459389582,0.00077912485212652176,0.00028994896640739589,0.00016048957598420297,5.7455724229583e-05,0.0
J.J. Nelson,WR,ARI,2.5420150675058166,4500.0,0.99499649467166917,0.0034751147705435192,0.00054909000889197441,0.00043256003923046454,0.00031969514342636382,0.00014835790607628697,7.8687460162663508e-05,0.0
Cameron Meredith,WR,CHI,2.541753083561276,4500.0,0.99425966231375351,0.004289255917064189,0.00090405653965703638,0.00023110375510161191,0.00014868956939421201,8.1219473127846101e-05,8.6012431900968537e-05,0.0
Dorial Green-Beckham,WR,PHI,2.5349904450607359,4900.0,0.99634477171530589,0.0020364759650529024,0.0006565894299315943,0.00049056732636469137,0.00026081487189006465,0.00015773451592062139,5.3046175534388288e-05,0.0
Walter Powell,WR,BUF,2.5239475436250585,4500.0,0.99618741632269026,0.0032992294925066829,0.00026711734347597421,0.00011391875731654093,7.4088344964423142e-05,4.0372273368007009e-05,1.7857465677821915e-05,0.0
Chris Hogan,WR,NE,2.5215094014719184,5000.0,0.99686329888106961,0.0025763206988600449,0.00027428360510569,9.5452516894940973e-05,0.00011870337359509688,3.4529779227096172e-05,3.7411145247889913e-05,0.0
Jordan Norwood,WR,DEN,2.5203668352034816,4500.0,0.99702116717987299,0.0024399767425740187,0.00023927950915799613,0.00014966472058184515,8.5542004867776594e-05,3.6489920368729087e-05,2.7879922576340757e-05,0.0
Braxton Miller,WR,HOU,2.5201383263345809,4500.0,0.99654545232085767,0.0032056253897584457,9.7958967451853288e-05,6.3372610167631904e-05,4.0113139305274829e-05,2.203511097123871e-05,2.5442461488249543e-05,0.0
Bradley Marquez,WR,LARM,2.515962291675029,4500.0,0.99852500730921012,0.00080652424026108791,0.00029853918554975108,0.00011652338250237024,6.2874773138586065e-05,3.3777151409652081e-05,0.0001567539579285224,0.0
Jared Abbrederis,WR,GB,2.5111286370933228,4500.0,0.99902488491200292,0.00027278102565264628,0.00048486178256073665,8.1084101802976312e-05,4.4070882256302252e-05,2.4250285834755391e-05,6.8067009889625168e-05,0.0
Rod Streater,WR,SF,2.5110918220519243,4500.0,0.99879974539053074,0.00067533853187777798,0.00021630160394790066,0.0002000617001194772,5.9071453970984418e-05,3.1784548484912185e-05,1.7696771068355468e-05,0.0
Devin Hester,WR,BAL,2.5107855157255061,4600.0,0.99858315378399687,0.0010096995752506856,0.00025975261892955678,5.6505228711408125e-05,4.0718137307549064e-05,2.0399444062802974e-05,2.9771211740503105e-05,0.0
Jeff Janis,WR,GB,2.5096521775677245,4500.0,0.99924475395404033,0.00017979880540999296,0.00034989972423448497,7.8277655133874921e-05,4.2500318774495844e-05,2.3332670984846122e-05,8.1436871421859894e-05,0.0
Andre Roberts,WR,DET,2.5089555232026726,4500.0,0.99904449733481637,0.00051437974921667853,0.00021776658927961207,0.00011105340832464071,6.9757445164858999e-05,3.1695912439777204e-05,1.0849560757920517e-05,0.0
Cody Latimer,WR,DEN,2.5081313681836916,4500.0,0.99906240166004112,0.00066368547683806872,9.2010017810591132e-05,7.5385936361324385e-05,4.4908212090383475e-05,1.845270849651837e-05,4.3155988361724185e-05,0.0
Chester Rogers,WR,IND,2.508072158579818,4500.0,0.9991558863552924,0.0004486572043814416,0.00020501144977976362,8.6876646992723312e-05,5.3762413482256095e-05,2.9111018900482175e-05,2.0694911171205349e-05,0.0
Leonte Carroo,WR,MIA,2.5079731343975524,4500.0,0.99921567831871394,0.00042006700105935935,0.0001658349430378838,7.9542474229893925e-05,5.0370258032144724e-05,2.8342662980134917e-05,4.0164341947125634e-05,0.0
Malcolm Mitchell,WR,NE,2.5064703427487123,4500.0,0.99949972780024487,0.00023422049619604415,8.5098209036852963e-05,5.5068646044385315e-05,2.8331087168593534e-05,1.531873323132483e-05,8.2235028078220604e-05,0.0
Tavarres King,WR,NYG,2.5062318902225309,4500.0,0.99938567906465026,0.00033531803222830919,0.00010840418828122645,8.4007705377073616e-05,3.6301843235231983e-05,1.9905622558649628e-05,3.0383543669226843e-05,0.0
Dwayne Harris,WR,NYG,2.505321750899435,4500.0,0.9995700911724652,0.00020218181561718293,7.9685494183697999e-05,4.6747989167730349e-05,2.8847515297878613e-05,1.582382602356075e-05,5.6622187244602474e-05,0.0
Eric Weems,WR,ATL,2.5051581937507765,4500.0,0.99943834981527802,0.00036258419205187825,8.9487097197748404e-05,3.9636908361635623e-05,2.4843085699453958e-05,1.4230375566111196e-05,3.086852584533346e-05,0.0
Josh Huff,WR,PHI,2.5044959756367491,4500.0,0.9995925392531182,0.00012256506523952758,0.00018266503884216433,4.7168645303751792e-05,2.5370717700860974e-05,1.6454760638434947e-05,1.3236519156795619e-05,0.0
Rashard Higgins,WR,CLE,2.5042299354010513,4500.0,0.99959237919593846,0.00020648345677773297,9.6690505062909488e-05,4.203769621284677e-05,2.6740208251858017e-05,1.2532935837555464e-05,2.3136001918915127e-05,0.0
Kendall Wright,WR,TEN,2.5038696566892282,4700.0,0.99955039937604462,0.00030207703929204465,5.7148883737233419e-05,4.1425186832039474e-05,2.5288548440156336e-05,1.444633328267177e-05,9.214632370654666e-06,0.0
Mike Thomas,WR,LARM,2.5030332749149675,4500.0,0.99974105265287172,0.00014335106779192626,3.349138846430236e-05,2.5499880490182894e-05,1.3565249978319359e-05,9.4652971562519771e-06,3.3574463247348739e-05,0.0
Jakeem Grant,WR,MIA,2.5030201413444262,4500.0,0.99965310868947477,0.00024044786231711883,4.182175739569183e-05,2.5012272258740526e-05,1.5744230821650144e-05,8.8003790310199734e-06,1.5064808701341685e-05,0.0
Andre Holmes,WR,OAK,2.5029351648828602,4500.0,0.9995579748661948,0.00037461230514212096,2.9638527726901776e-05,1.6523411551982402e-05,1.0371337253158786e-05,5.7527043604032797e-06,5.1268477701264146e-06,0.0
Quan Bray,WR,IND,2.5028017669378233,4500.0,0.99973157074237506,0.00013209939123560579,6.985892711768546e-05,2.4041845788307798e-05,1.8748687312600277e-05,8.3378564207500724e-06,1.5342549749958941e-05,0.0
Charone Peake,WR,NYJ,2.5027989637939188,4500.0,0.99971763160485638,0.00015464283994722272,4.7771314674457763e-05,4.0296764428941108e-05,2.086039018124353e-05,1.1270415298453649e-05,7.5266706129054409e-06,0.0
Jordan Taylor,WR,DEN,2.5023489080382944,4500.0,0.99969906522636942,0.00022635664933796603,2.7424450258055389e-05,2.1110861960886147e-05,1.3201852434474327e-05,7.3534503122977017e-06,5.4875093265947591e-06,0.0
Ryan Grant,WR,WAS,2.5022986190075258,4600.0,0.99972033544176031,0.00019054844914930731,4.394684863542663e-05,2.0040590034005613e-05,1.265382102487238e-05,7.027946793518528e-06,5.4469026024602872e-06,0.0
Robby Anderson,WR,NYJ,2.5022196828528318,0,0.99975101213518802,0.00016650994855237653,2.6959322946690166e-05,2.6282527743815933e-05,1.3714852106545237e-05,7.3912686933405501e-06,8.1299447687203673e-06,0.0
Lucky Whitehead,WR,DAL,2.502181672551627,4500.0,0.99981687149474541,7.4473147294306895e-05,4.6474372922122987e-05,2.5564575255409735e-05,1.327573303599779e-05,8.3989597177624667e-06,1.4941717028901909e-05,0.0
Trevor Davis,WR,GB,2.5021456156971738,4500.0,0.99981988038944136,5.6927530847710068e-05,7.2019477907191485e-05,1.8559176927462654e-05,1.1891231265215162e-05,6.5200410278344419e-06,1.4202152583107064e-05,0.0
Laquon Treadwell,WR,MIN,2.5019635143785637,4500.0,0.99983792362964019,6.3618253476266438e-05,5.0024068110390687e-05,1.6322072596660278e-05,8.5868021254012451e-06,4.7937144071293477e-06,1.8731459644359586e-05,0.0
Rashad Ross,WR,WAS,2.5019414199875922,4500.0,0.99979560773040166,0.00010993039744567511,5.2195513529413557e-05,1.7923837542610577e-05,1.1312385020593376e-05,6.5029093922023632e-06,6.5272266681027338e-06,0.0
Deonte Thompson,WR,CHI,2.5017579077519669,4500.0,0.99981808585456311,0.00011455765596464481,2.5557126625067459e-05,1.5279334217203738e-05,9.6456338975230548e-06,5.4629752153638934e-06,1.141141951694688e-05,0.0
Aaron Burbridge,WR,SF,2.5017271937902206,4500.0,0.99980427814936701,0.00012262839180196257,3.0557771105408603e-05,2.0510072594567241e-05,1.2948768058726639e-05,7.0866479723166082e-06,1.9901991001717657e-06,0.0
Marc Mariani,WR,TEN,2.5016539322235536,4500.0,0.9998391768596504,8.5662604695715505e-05,3.1731293332897385e-05,1.7052737570930769e-05,1.2705474270237116e-05,6.1203697077929645e-06,7.5506607717911843e-06,0.0
Josh Bellamy,WR,CHI,2.501497717279876,4500.0,0.99984126772945892,0.00010062662878005555,2.236672126329897e-05,1.3874585357751492e-05,8.7817066587341712e-06,5.0695221106890065e-06,8.0131063703325295e-06,0.0
Bennie Fowler,WR,DEN,2.5014104664548631,4600.0,0.99985861379203034,7.4274581090153061e-05,3.2709228381918711e-05,1.4401278866067762e-05,9.2754438200217309e-06,5.0815010223997353e-06,5.6441747889825901e-06,0.0
Jarius Wright,WR,MIN,2.501333343025324,4600.0,0.99989426879825249,5.1295809197971782e-05,1.516379677724636e-05,1.2326164756599639e-05,8.0340602581608231e-06,4.6622952771764318e-06,1.4249075480598624e-05,0.0
Matthew Slater,WR,NE,2.5013201433096461,4500.0,0.99989485475403705,5.5921993612094195e-05,1.0773251874935083e-05,1.1591834233151724e-05,6.7283805534942318e-06,3.9816448850748305e-06,1.6148140804366917e-05,0.0
Pharoh Cooper,WR,LARM,2.5012615633031312,4500.0,0.99988962988241503,5.3399451767596011e-05,2.3155472345889972e-05,1.2023916678222083e-05,7.5624049482252451e-06,4.1378484372368692e-06,1.009102340815858e-05,0.0
Brenton Bersin,WR,CAR,2.5010299920856509,4500.0,0.99988525436381437,7.1244243330238524e-05,2.1661082472707308e-05,9.0441535297402433e-06,5.6580198494510029e-06,3.1536144389166314e-06,3.9845225650354612e-06,0.0
Alex Erickson,WR,CIN,2.5005826397005948,4500.0,0.99995113871167163,2.1779220232440326e-05,1.0379884693244082e-05,6.5957560895681625e-06,3.4335235552072586e-06,1.9375242792349104e-06,4.735379479096977e-06,0.0
Griff Whalen,WR,SD,2.5005368693065133,4500.0,0.99995770063136558,1.7057822537030772e-05,9.3299341413026969e-06,6.0348608969302531e-06,3.2064236295774355e-06,1.7541566751851027e-06,4.9161707535906612e-06,0.0
Brandon Tate,WR,BUF,2.5001707603982495,4500.0,0.99998331475962265,9.4902911758144428e-06,2.3408754467418238e-06,2.0445177360480806e-06,1.3207524344904782e-06,7.4249910513875566e-07,7.4630447833702636e-07,0.0
Justin Hunter,WR,BUF,2.500143897778218,4500.0,0.99998945981517517,3.4244863288458771e-06,1.5966103537407151e-06,2.6122774749507358e-06,1.3741084118180879e-06,7.5598808793570134e-07,7.7671416845545962e-07,0.0
