name,pos,team,expectation,salary,prob_0_5,prob_5_10,prob_10_15,prob_15_20,prob_20_25,prob_25_30,prob_30+,label
Antonio Brown,WR,PIT,14.274396300544328,9600.0,0.12739161128380963,0.24559487879583752,0.21484313819505438,0.18619006568004817,0.10943409120727821,0.04950590226210555,0.067040312575866803,1.0
A.J. Green,WR,CIN,13.151017204775711,8700.0,0.17181282704291473,0.25067110217808913,0.21667030892865793,0.16563272676664187,0.1025930067099193,0.042072447099611499,0.050547581274165657,1.0
Mike Evans,WR,TB,13.120251082925634,7900.0,0.16450863884598785,0.24625985213580229,0.23226190815087691,0.16767970960129847,0.099933373740443837,0.046882293022960202,0.042474224502630574,1.0
Julio Jones,WR,ATL,12.989874881885399,8900.0,0.15961430017669961,0.26554432339697959,0.2337781448489705,0.15296374842868077,0.10559718040107915,0.035113714311692391,0.04738858843589825,1.0
Larry Fitzgerald,WR,ARI,11.928500946732225,7200.0,0.19957969731820227,0.26562734406934507,0.24044588359648111,0.14950270131540142,0.079272846665406793,0.035088892168172271,0.030482634866991456,1.0
Amari Cooper,WR,OAK,11.90084943070557,7200.0,0.21551386970400521,0.26036110088861508,0.2283180055829947,0.13800076323776825,0.084282569463073873,0.043909190521415432,0.029614500602128016,1.0
Brandon Marshall,WR,NYJ,11.799707021434058,7600.0,0.19198944066825893,0.29592342210309047,0.22973578371506184,0.13618605097038472,0.079184693576960119,0.037416313830655044,0.029564295135588843,1.0
Demaryius Thomas,WR,DEN,11.750763909300677,7700.0,0.19895904438075879,0.29383911537773533,0.22660993508123747,0.13051832119821402,0.085700591854891567,0.033125322260563153,0.031247669846600164,1.0
Odell Beckham Jr.,WR,NYG,11.670796020112723,8500.0,0.31367198891367137,0.23908178944032926,0.13231053387307906,0.11969477023563505,0.10106994862772881,0.030012704195917575,0.064158264713638405,0.0
Michael Crabtree,WR,OAK,11.517439922545996,6900.0,0.21975734773005101,0.27136299053174306,0.23351677099334428,0.14015603734395998,0.070745998587153108,0.038237473786062424,0.026223381027686607,1.0
Jarvis Landry,WR,MIA,11.454090252341869,7500.0,0.22068791509333838,0.26703810839867675,0.24668037167672727,0.13092804349428994,0.073955364298898166,0.035201779806450902,0.025508417231619309,1.0
Marvin Jones,WR,DET,11.413258014087482,7800.0,0.23085824129183702,0.2720452473292394,0.22444068824420291,0.13535921029587272,0.075459879029350307,0.032087291844603336,0.029749441964894607,1.0
DeAndre Hopkins,WR,HOU,11.276789744133042,8200.0,0.23578135170351094,0.24938889793181482,0.25721279003434339,0.1282012097243741,0.07421987709705119,0.032475229695403583,0.022720643813501858,2.0
T.Y. Hilton,WR,IND,11.211005917753496,7700.0,0.23144515558636425,0.28654129517932447,0.22710986785889911,0.11927736201512829,0.073849061229368809,0.035560237440156017,0.026217020690759461,1.0
Emmanuel Sanders,WR,DEN,11.093101539696603,7100.0,0.21801029562690227,0.32141771667444446,0.21032808940673511,0.12050939821316765,0.074948583764429255,0.027256382192603294,0.027529534121718345,1.0
Pierre Garcon,WR,WAS,10.760707536106676,6000.0,0.25980499708491894,0.27315541822898104,0.22159954816638947,0.13036250162414703,0.064374248637952297,0.028245911626103185,0.022457374631508969,1.0
Michael Floyd,WR,ARI,10.385578675496751,6600.0,0.28513877160968021,0.28452062612019852,0.19949311870432843,0.11692572519340375,0.062806288403716978,0.027096008280634725,0.024019461688037223,0.0
Travis Benjamin,WR,SD,10.093740308731512,6500.0,0.29801893803536172,0.28661792215211301,0.20103182751841306,0.10754891246492444,0.059036831592150132,0.026049181831171771,0.021696386405866176,0.0
John Brown,WR,ARI,10.030151499218581,6500.0,0.30057408690531839,0.28701460388014149,0.1959955001336042,0.11370499232237184,0.057552048812170145,0.025220312113996023,0.019938455832398453,0.0
Alshon Jeffery,WR,CHI,10.013312554447678,8000.0,0.34025699829569844,0.24323628372165193,0.19928891151559811,0.10104180852415817,0.062124351065810615,0.028073420266713341,0.025978226610369748,0.0
Anquan Boldin,WR,DET,9.9550248820309193,6300.0,0.2991006731594093,0.29498780639822553,0.19159525903153871,0.11664309043263743,0.053954143927746903,0.024728580594596081,0.018990446455846233,0.0
DeSean Jackson,WR,WAS,9.8388255938370541,6700.0,0.34512513616933083,0.24305625689103749,0.19302497178915706,0.11152913208947583,0.062385769848393578,0.024788882163919071,0.020089851048686463,0.0
Golden Tate,WR,DET,9.7184372781699828,6400.0,0.33235235661893936,0.27658003520543611,0.18013665535516954,0.10444977709814117,0.066379524344803723,0.021796035272821451,0.018305616104688605,0.0
Jordan Matthews,WR,PHI,9.6958200696972341,7000.0,0.33821884865189944,0.25748748371242092,0.20796820738447108,0.09496479971885316,0.057398169651914528,0.023002102019333226,0.020960388861107699,0.0
Kelvin Benjamin,WR,CAR,9.5654800595053295,7500.0,0.35886994126216137,0.25910644318862291,0.17212426985792389,0.11013116442862488,0.054954765372884226,0.021172486042937561,0.02364092984684547,0.0
DeVante Parker,WR,MIA,9.5333044854997322,6400.0,0.34204095284824354,0.26874281179671372,0.19665093951563692,0.096985719577873816,0.053714780268347709,0.022214164993834062,0.019650630999350219,0.0
Brandon LaFell,WR,CIN,9.4500275991052956,5400.0,0.34562391931080066,0.26751862904308632,0.19402162988774738,0.10063627994844875,0.056717237562756359,0.016646091133624683,0.01883621311353581,0.0
Tyrell Williams,WR,SD,9.4403565598463111,6500.0,0.35173961387674713,0.26795808993408632,0.18171959958241621,0.10919159383061898,0.048414747609676401,0.020604038428115375,0.020372316738339148,0.0
Julian Edelman,WR,NE,9.4128801880110995,7000.0,0.37907205423383061,0.23404740154402706,0.18826147460548992,0.090641997202748958,0.067955451802613837,0.021255097296583807,0.018766523314706355,0.0
Sterling Shepard,WR,NYG,9.3673919122815619,6900.0,0.36010125850041841,0.26305475406406126,0.17967218829927267,0.10416112730537393,0.054917955601378597,0.019119072013102895,0.018973644216393051,0.0
Mohamed Sanu,WR,ATL,9.3476207210686528,5600.0,0.36440411960116387,0.25341651500225831,0.18311983289855732,0.10637524592777621,0.059222554287954608,0.015766167570448342,0.017695564711841326,0.0
Phillip Dorsett,WR,IND,9.1891713158464903,6800.0,0.34256699821518033,0.27893012329293898,0.20687867320849898,0.094105115236019818,0.045856657043199509,0.017600663299036572,0.014061769705126244,0.0
Tavon Austin,WR,LARM,9.1332331283674755,5800.0,0.36524055955655033,0.27175676711815566,0.17849144130129002,0.09249792888250892,0.059576760370802957,0.019154253458317685,0.013282289312374266,0.0
Randall Cobb,WR,GB,8.9521439754275978,7100.0,0.42193561138613134,0.21669407908653932,0.17441844636386997,0.092596037893740088,0.053770036940259343,0.021185374875007153,0.019400413454453293,0.0
Mike Wallace,WR,BAL,8.8757918821148678,6300.0,0.37688885220740287,0.27553774544493581,0.1700292414942518,0.10012603662661174,0.04764854958741209,0.016608263597306681,0.013161311042079555,0.0
Jamison Crowder,WR,WAS,8.8521241061537648,5800.0,0.38469178530044928,0.26464546571073283,0.17641134919880727,0.097608625247768005,0.04269688139632815,0.020870033103105937,0.013075860042809062,0.0
Kenny Britt,WR,LARM,8.8112290251542191,5700.0,0.35803964627113138,0.29989326451563414,0.1855886239198179,0.081125929726858392,0.045890726163302469,0.018178108186249934,0.011283701217005953,0.0
Cole Beasley,WR,DAL,8.7943715952756065,5500.0,0.37985301591906129,0.26514592872450221,0.19146893278564858,0.094221319728024083,0.037406096505874308,0.019252274425352992,0.012652431911536524,0.0
Steve Smith,WR,BAL,8.7646117215306987,6300.0,0.39371003868740162,0.26867728747361325,0.16543308697548689,0.095594164790561167,0.041502573798736099,0.018301613644922041,0.016781234629279114,0.0
Will Fuller,WR,HOU,8.7143072894340481,7200.0,0.40074912277150104,0.26138755789371992,0.16749603611504016,0.09173078132326018,0.046018618240394105,0.01653415528860153,0.016083728367483785,0.0
Dontrelle Inman,WR,SD,8.6645958804783305,6100.0,0.39821989724160295,0.27019496090878531,0.16689890003119648,0.089165665476430192,0.040006637076825967,0.019625156557095354,0.015888782708064084,0.0
Victor Cruz,WR,NYG,8.6543415308709459,5600.0,0.40300756046669828,0.26406420468041031,0.16581983451170401,0.086625719888894864,0.049164413202763893,0.016626078086209237,0.014692189163320572,0.0
Terrelle Pryor,WR,CLE,8.6192598063984693,7200.0,0.39877829348355753,0.26708167281275086,0.17336467113139567,0.083176545123208129,0.04829727084905646,0.015425216974602538,0.013876329625429061,0.0
Quincy Enunwa,WR,NYJ,8.3873001518772412,6200.0,0.38994508696888225,0.29079650396077972,0.17919200908539171,0.074649096468424395,0.04117335546842521,0.011964576898481124,0.012279371149616218,0.0
Eddie Royal,WR,CHI,8.2365309497491008,5700.0,0.43600547799041312,0.24568266280634085,0.16761447881227917,0.080884638345824156,0.043122066100263381,0.014824669040878678,0.011866006904000298,0.0
Terrance Williams,WR,DAL,8.17072696691557,5500.0,0.43132281548942114,0.25431788241731429,0.17156507516350275,0.086864172847551699,0.02673080588018625,0.013742329825173916,0.015456918376849919,0.0
Devin Funchess,WR,CAR,8.1564992601075605,5200.0,0.44401490781710051,0.25403024061275231,0.15129982595764616,0.080326270121690746,0.037464596055442494,0.019856180948845701,0.013007978486522539,0.0
Jordy Nelson,WR,GB,8.1541564150907249,8400.0,0.49670594549854369,0.19306342284239469,0.14626663016139274,0.079986278117080201,0.045384360993161385,0.018079022659468886,0.020514339727959043,0.0
Seth Roberts,WR,OAK,8.1488107229538862,5600.0,0.45551985220947855,0.23279416338711609,0.15961685704862241,0.080065965380670415,0.04151675404811845,0.017794864498022901,0.012691543427971774,0.0
Danny Amendola,WR,NE,8.0578139977417518,5300.0,0.47467975808512325,0.22042433776727371,0.15712174126995029,0.072804145924719094,0.042397412972768493,0.015219357530088105,0.017353246450077534,0.0
Torrey Smith,WR,SF,7.94457479864404,5400.0,0.45099114387191463,0.2617590985754123,0.14640878548647529,0.075687259995097414,0.035970998260312484,0.017530081744148086,0.011652632066640361,0.0
Sammie Coates,WR,PIT,7.9419616089972429,5300.0,0.4431383655669176,0.26909091882123587,0.14942561763296414,0.074609792302367403,0.039874463675368781,0.011981691269162025,0.011879150731984166,0.0
Markus Wheaton,WR,PIT,7.9386608604469018,5500.0,0.47827775881683054,0.2260787488358143,0.14409062893962507,0.081363577291226619,0.040955565898641452,0.016306674340021667,0.012927045877840283,0.0
Ted Ginn Jr.,WR,CAR,7.8416162725676894,5700.0,0.51430174067297252,0.20743225738721632,0.11984688962434731,0.078804609202647244,0.040380653283612948,0.021172831169724245,0.018061018659478845,0.0
Davante Adams,WR,GB,7.7640593161897842,5500.0,0.48756277035613577,0.22194158301284064,0.15462673403922905,0.072281488248579495,0.035105564135699319,0.013854666993820347,0.014627193213695495,0.0
Kamar Aiken,WR,BAL,7.7070638805738358,5500.0,0.48799848607108831,0.23699298442906119,0.13526099404330535,0.073984092301733084,0.035344396910306004,0.018103907691079953,0.01231513855342645,0.0
Corey Brown,WR,CAR,7.5496265803387317,4700.0,0.48584847240281592,0.243869498751801,0.14927119924593327,0.066711311965922851,0.026523400065037513,0.012839254352681082,0.014936863215808414,0.0
Tajae Sharpe,WR,TEN,7.4764245723857323,5400.0,0.50705163793412034,0.21986616225275518,0.14155293920558706,0.070370354923835796,0.039538535641107146,0.011656492533055235,0.0099638775095392262,0.0
Kenny Stills,WR,MIA,7.38587172961061,5700.0,0.49474226183114428,0.24016520356944027,0.14926416635535975,0.065100861339121061,0.026969666861299389,0.012750934736156606,0.011006905307479694,0.0
Robert Woods,WR,BUF,7.318423781503089,5300.0,0.50482226887281845,0.23516492734711117,0.14198763354287017,0.071166875804695412,0.024706761202217521,0.0078453842347048202,0.014306148995582449,0.0
Vincent Jackson,WR,TB,7.1142278935187209,5000.0,0.52196171734358043,0.22808743321107425,0.14188739987467835,0.060414734945492647,0.026441322520797953,0.0092494652365362074,0.011957926867840364,0.0
Nelson Agholor,WR,PHI,7.0905815296190138,5400.0,0.52675395700479422,0.22657647774221631,0.13706197371595896,0.062183908840956419,0.026135645478722273,0.0080337797339206582,0.013254257483431791,0.0
Tyler Boyd,WR,CIN,6.9013972956459213,5300.0,0.54990146796907635,0.21483232406749472,0.12657859479267519,0.057647738352619576,0.031434435186679086,0.0092175786217980199,0.010387861009657499,0.0
Rishard Matthews,WR,TEN,6.8406219985440755,5100.0,0.54724880486428162,0.22529715185979776,0.12054658394797818,0.062319376803097348,0.02496549180337939,0.0084219049061812074,0.011200685815283901,0.0
Brian Quick,WR,LARM,6.7636475986924864,4500.0,0.54764108293386449,0.23987858988278837,0.11707713483726416,0.053822984719958201,0.015804005321429233,0.0090224201632901659,0.016753782141405844,0.0
Jeremy Kerley,WR,SF,6.697483056386802,5400.0,0.53957945956161779,0.24352614881582282,0.12393477102075626,0.056984009938822126,0.018893796922487313,0.006305390933069561,0.010776422807424822,0.0
Andre Johnson,WR,TEN,6.5802073782691144,5200.0,0.56063308441509319,0.23326742314513532,0.10947556838874867,0.059006518656083064,0.018735287850812268,0.0072477037847555222,0.011634413759371477,0.0
Marquise Goodwin,WR,BUF,6.4127499293054768,5500.0,0.59804454001892948,0.20162114582772475,0.10344994870547203,0.053275519357248557,0.023861954336164174,0.0064001527986444606,0.013346738955815746,0.0
Adam Humphries,WR,TB,6.3782918132983255,5100.0,0.58392850765105131,0.21050986532894816,0.11909939076728469,0.051415610925378476,0.0177338151918057,0.0071770957521123677,0.010135714383419602,0.0
Brice Butler,WR,DAL,6.3512134812190197,5100.0,0.5988029507727084,0.18957795581673598,0.12653588733023935,0.049410149316795118,0.014722145257091437,0.010471325335968916,0.010479586170460541,0.0
Adam Thielen,WR,MIN,6.2926297872679644,4900.0,0.56887716810316813,0.24196224484661874,0.11167853282929124,0.045554586825637559,0.017663406018394463,0.0045514243679206333,0.0097126370089689294,0.0
Chris Hogan,WR,NE,6.1628620886352881,5000.0,0.63375470311350635,0.16503443896208006,0.1090061973937395,0.053597564696736891,0.019129150272265298,0.0095935715684332054,0.0098843739932400042,0.0
Quinton Patton,WR,SF,5.9141062644655911,4900.0,0.60035143044067729,0.23703708808680585,0.093817517232033229,0.043205580945587456,0.012745759477057259,0.0039518034791358059,0.0088908203387039111,0.0
Dorial Green-Beckham,WR,PHI,5.8600074644669613,4900.0,0.66299327986035794,0.17142106226426865,0.089920644456171789,0.037920861992045168,0.011403113945487495,0.0065684291147715965,0.019772608366897888,0.0
Justin Hardy,WR,ATL,5.8542257803382256,4800.0,0.64078164603434973,0.18898150798420602,0.098242414258424379,0.039770922181489574,0.014618659410313243,0.0045600736480268245,0.01304477648318997,0.0
Jaelen Strong,WR,HOU,5.7070213456867327,4600.0,0.64988027779061885,0.1947373195426228,0.086753057318814636,0.041158040123255593,0.0085847821595030297,0.004943209316258218,0.013943313748926826,0.0
Breshad Perriman,WR,BAL,5.6126581010900507,4900.0,0.64891628472783314,0.19708209173107771,0.088140584550057091,0.042206293581834836,0.0098721423098436737,0.004350673829241941,0.0094319292701121413,0.0
Jaron Brown,WR,ARI,5.5985908277028527,4800.0,0.66783192252226931,0.17228967433630865,0.090739937757159522,0.041932528952123009,0.011745441437412567,0.0048826362545349045,0.010577858740192151,0.0
Andrew Hawkins,WR,CLE,5.5338612285344544,4600.0,0.66152012763043122,0.19190021921172043,0.086428584807709818,0.033614067316324214,0.010097286286768165,0.004049757381397949,0.012389957365648529,0.0
Taylor Gabriel,WR,ATL,5.4597126079229952,4900.0,0.67473870414460901,0.18617632586715385,0.079039771805236733,0.032204844275285201,0.0099300451643584645,0.0033767121387506642,0.014533596604604581,0.0
Charles Johnson,WR,MIN,5.4470173046996866,4700.0,0.68823192438911274,0.17387279026539851,0.078248677724125235,0.029172949042017896,0.0065695170398606274,0.0067603467105710148,0.017143794828913456,0.0
Jordan Norwood,WR,DEN,5.3781080002181199,4500.0,0.68402992426115472,0.17853585985576714,0.076790176160870249,0.034384576697236061,0.0097231012481921592,0.004018065844954258,0.012518295931825857,0.0
Darrius Heyward-Bey,WR,PIT,5.3238817219361909,4500.0,0.6872646291829041,0.17577037464576123,0.080282000817722715,0.032899149142489842,0.007181615456565516,0.0045976273682132411,0.012004603386343628,0.0
Cordarrelle Patterson,WR,MIN,5.2361019260746344,4600.0,0.71274401931824471,0.15377008027474887,0.07587985146249672,0.031831314475286324,0.0061183238187460217,0.0040288706091708001,0.015627540041305815,0.0
Aldrick Robinson,WR,ATL,5.211376874080373,4500.0,0.71395080091388474,0.15345216182192356,0.074367944590788077,0.031226765724768169,0.0088311859434930407,0.0046867557794174897,0.013484385225724732,0.0
Cameron Meredith,WR,CHI,5.0198891561615371,4500.0,0.73314847125857541,0.14612145650253008,0.068494456507996959,0.0280634722310893,0.0058327210373726266,0.0039067234232026344,0.014432699039232643,0.0
J.J. Nelson,WR,ARI,4.9825405443203072,4500.0,0.73214679705855668,0.14245743005303033,0.073203154075127605,0.029399297066352179,0.0089465869111345683,0.0042290964103409738,0.0096176384254578473,0.0
Ricardo Louis,WR,CLE,4.916948205502341,4500.0,0.73401977434518595,0.1518732985191095,0.064085958306028493,0.028751191174321254,0.0066014607838537735,0.0031060335692199305,0.011562283302280537,0.0
Bradley Marquez,WR,LARM,4.7913186521136879,4500.0,0.78736302777181888,0.10589532807728534,0.06491321929279191,0.010682561659161063,0.0035371428595341679,0.0020739832412707626,0.02553473709813768,0.0
Walter Powell,WR,BUF,4.7153471757859338,4500.0,0.75591952428810738,0.13961692882275226,0.060436083648734311,0.024376274790329795,0.0062102677570344865,0.0018370272446202554,0.011603893448421122,0.0
Andre Holmes,WR,OAK,4.5899985773092906,4500.0,0.77931484197577094,0.11976458564766139,0.060020000904233865,0.019786123061309283,0.0053079583545707163,0.0034248399756166407,0.012381650080836229,0.0
Chester Rogers,WR,IND,4.5769085721236866,4500.0,0.78403765720796559,0.1221842398596624,0.051763390898547763,0.020109420449697032,0.0039982659875060422,0.0020308659394435175,0.015876159657176488,0.0
Robby Anderson,WR,NYJ,4.5514699198985777,0,0.79104474812554959,0.11117853441702091,0.053313288497940592,0.024195754470599105,0.0038248704208837391,0.0015173993137076757,0.014925404754298849,0.0
Malcolm Mitchell,WR,NE,4.5279541207806719,4500.0,0.78469622426659746,0.11736716463920045,0.057334246897640835,0.020976421228575452,0.0052867016081731884,0.0024839821570317639,0.011855259202780698,0.0
Marc Mariani,WR,TEN,4.4734060513561609,4500.0,0.81122352482649529,0.096841764091621402,0.051544826641055426,0.013415788151186828,0.0069452772355190718,0.0023106695666123131,0.017718149487508036,0.0
Jeff Janis,WR,GB,4.4588805747512881,4500.0,0.84190118050115381,0.071877566941359328,0.043089294856036797,0.010851880026120931,0.0028234317175700029,0.0010650715848291418,0.028391574372928739,0.0
Kendall Wright,WR,TEN,4.4563593046145273,4700.0,0.79917786941549496,0.11106713050860874,0.050110783866920999,0.018316122683311498,0.0040994667001244241,0.0022327643573205372,0.01499586246821848,0.0
Charone Peake,WR,NYJ,4.4430006944342484,4500.0,0.8018585809677039,0.11046614856182356,0.04575179998415714,0.02128959475554066,0.003610942831298846,0.0015541527211275941,0.015468780178347229,0.0
Josh Huff,WR,PHI,4.4421967187373816,4500.0,0.81251091219177951,0.096689728763200672,0.050219384720929211,0.017649852069461909,0.0031130947154198608,0.0019345123549963611,0.017882515184210933,0.0
Ryan Grant,WR,WAS,4.3535332742995871,4600.0,0.81614554885118484,0.097754236883541998,0.045447699057986582,0.017819646055232188,0.0065561882770304508,0.0022833980673743,0.013993282807648172,0.0
Andre Roberts,WR,DET,4.3501088759555309,4500.0,0.80725186464971987,0.10251116323176172,0.053789612465256285,0.018798007853861719,0.0037447202870689949,0.00121441500745016,0.012690216504880092,0.0
Devin Hester,WR,BAL,4.3423551113719396,4600.0,0.8200469016655989,0.099852003938706482,0.046666859063871351,0.0097757241179246158,0.0020841375854623785,0.0017412340483448415,0.019833139580090999,0.0
Rod Streater,WR,SF,4.311973246475155,4500.0,0.81091722177023484,0.10811544693229738,0.044931961452105353,0.017547224741174518,0.00257482642125902,0.001308181259385954,0.014605137423543571,0.0
Jared Abbrederis,WR,GB,4.2717604173660293,4500.0,0.84518121251935074,0.07525513416104658,0.041528662870852676,0.012242254107274099,0.0024953980580876968,0.0014009532171547631,0.021896385066231962,0.0
Brandon Tate,WR,BUF,4.1946890670462817,4500.0,0.84025652255307126,0.082796972186284443,0.040840345669469542,0.01512544162946588,0.0025696098289043501,0.0005778781221314653,0.017833230010671004,0.0
Cody Latimer,WR,DEN,4.1909164484222421,4500.0,0.82330210662737469,0.10009427867729778,0.045743364026963183,0.013373435536628696,0.0021390019906688488,0.0012232113575148752,0.014124601783552062,0.0
Josh Bellamy,WR,CHI,4.1446099047568863,4500.0,0.83219332248561562,0.092735925256295079,0.042631157236183284,0.013857162333847222,0.0034789964823615151,0.0018240446968692875,0.01327939150882791,0.0
Braxton Miller,WR,HOU,4.136416693408699,4500.0,0.84350598695187939,0.089673949863408403,0.036762742982727831,0.0078770875128387242,0.0011201410916233437,0.00061234629068077973,0.020447745306840438,0.0
Jarius Wright,WR,MIN,4.1358572692537692,4600.0,0.84384135845379138,0.081423852717698586,0.043197732732352057,0.010237901080248387,0.0028117080421251237,0.0018512033803214614,0.016636243593461397,0.0
Rashad Ross,WR,WAS,4.113200299778871,4500.0,0.83857051885650991,0.089608212326697356,0.040470834357248679,0.011479389789516634,0.0033310266929232808,0.0021214760512194807,0.014418541925883058,0.0
Justin Hunter,WR,BUF,4.087462935342919,4500.0,0.87319080949805528,0.059565756744293166,0.03308208142487544,0.0077073437708411663,0.00098039087603577412,0.00057296153363960492,0.024900656152257842,0.0
Jordan Taylor,WR,DEN,4.0865114671209,4500.0,0.82939036705707869,0.099756521221514002,0.04064407470836668,0.014555747728233419,0.0029493967889755554,0.0011883391850516802,0.011515553310780252,0.0
Bennie Fowler,WR,DEN,4.0676474545870356,4600.0,0.84068829929183331,0.085392976146726446,0.04493414409539289,0.011852836293749579,0.0025360038179879905,0.0015377399175418216,0.013058000436767001,0.0
Pharoh Cooper,WR,LARM,4.0220852660911603,4500.0,0.88239157385048195,0.053012496542898878,0.030812050025968273,0.0077430689675582406,0.00082280902999535307,0.00043799779292063749,0.024780003790175101,0.0
Laquon Treadwell,WR,MIN,4.0085632946489724,4500.0,0.86185725939961821,0.071857612118944175,0.034446085999488771,0.010530297799877932,0.002875891795451837,0.0012967530217228049,0.017136099864895112,0.0
Trevor Davis,WR,GB,3.982535554711728,4500.0,0.88016759080748119,0.05381116712593044,0.03515488830201928,0.0072775991255866184,0.00084471594733615202,0.00044116363294518509,0.022302875058699542,0.0
Brenton Bersin,WR,CAR,3.9743736146583988,4500.0,0.87314710427130926,0.064722381837437323,0.030718438572080231,0.008887081418089025,0.0012057885999921798,0.00089584610749724348,0.020423359193593907,0.0
Quan Bray,WR,IND,3.9374948966127845,4500.0,0.84813708976116708,0.088245724303078962,0.039181398984090517,0.0095456065985470382,0.0012920943871594938,0.00086819938114128515,0.012729886584817024,0.0
Eric Weems,WR,ATL,3.9302858538485683,4500.0,0.87174492744138754,0.06719981621997341,0.031411762138565634,0.0095151638361962356,0.0010262652972971662,0.00052009690528465047,0.018581968161293715,0.0
Leonte Carroo,WR,MIA,3.905501375180616,4500.0,0.87226759765523543,0.063519819932272875,0.033176447236799758,0.011674995977875602,0.0034493744833921053,0.000680930587127446,0.015230834127295251,0.0
Lucky Whitehead,WR,DAL,3.8892357616553479,4500.0,0.87429576521993901,0.059773286388069724,0.039828290284832542,0.0075059154629126146,0.0013778352238529405,0.0010231334289088009,0.01619577399148333,0.0
Dwayne Harris,WR,NYG,3.828853058495147,4500.0,0.87401223481576951,0.064473447600239778,0.036873228605776048,0.0074786477625949019,0.0019758022671438505,0.0010010657561424353,0.014185573192333132,0.0
Aaron Burbridge,WR,SF,3.8151651308750756,4500.0,0.87495082549141723,0.067735895786371222,0.029747848051777794,0.011202717248195616,0.0012995886055515225,0.00061025546010863173,0.014452869356577303,0.0
Rashard Higgins,WR,CLE,3.7983698201789822,4500.0,0.87273810150941444,0.069814511736708898,0.033923207591970095,0.0080425309920505676,0.0007548944068823132,0.00057202196523919752,0.014154731797733957,0.0
Matthew Slater,WR,NE,3.7880382742349821,4500.0,0.88194059041651973,0.061386472441947088,0.030138690557791767,0.0073649636380709151,0.004036715658135329,0.00043975975084168772,0.014692807536692835,0.0
Alex Erickson,WR,CIN,3.7843432265609547,4500.0,0.86951915246749101,0.074632167649756748,0.0309458327169361,0.010308435623655052,0.0015290143209183169,0.0010810892427698963,0.011984307978472924,0.0
Deonte Thompson,WR,CHI,3.7836835629653689,4500.0,0.87330229659740133,0.06830896372570755,0.034988173174441667,0.007870917593215291,0.0016237592516761311,0.001363113361330296,0.012542776296227838,0.0
Jakeem Grant,WR,MIA,3.6855542886214909,4500.0,0.89481394861745267,0.052399738007432112,0.028189879271162333,0.0080881136008046518,0.0010404191650856482,0.00042400999041256466,0.015043891347649569,0.0
Mike Thomas,WR,LARM,3.6840268324777137,4500.0,0.88884987139063454,0.055681536313548989,0.033294185923279408,0.0077766881873570911,0.00068650806169005048,0.00044233618405147864,0.013268873939437908,0.0
Griff Whalen,WR,SD,3.6672054598097721,4500.0,0.89270183726562213,0.054108154248027444,0.031063280259049472,0.0067689854633927043,0.00085106496837045675,0.00053216315921245224,0.013974514636324082,0.0
Tavarres King,WR,NYG,3.6531931763836951,4500.0,0.89479500989537319,0.053262306005913321,0.027596397837166033,0.0088422074686667958,0.0017984465709359331,0.00041565635725831362,0.013289975864685883,0.0
