name,pos,team,expectation,salary,prob_0_5,prob_5_10,prob_10_15,prob_15_20,prob_20_25,prob_25_30,prob_30+,label
Taylor Gabriel,WR,ATL,23.418636119427173,4900.0,0.068415743391108785,0.045106912586049777,0.035486094886290204,0.082406032273488541,0.076970370651179787,0.65529863885041251,0.036316207361470391,5.0
DeVante Parker,WR,MIA,21.02234222490732,6400.0,0.064021031850644963,0.18012798836368868,0.047203595019480668,0.1320820616862633,0.034866933574257963,0.41788012304255162,0.12381826646311292,5.0
Julio Jones,WR,ATL,17.278569224042649,8900.0,0.011810847399137884,0.24958517984844308,0.13265194803143229,0.077683391401942484,0.44231358952326588,0.080125032049486039,0.0058300117462924362,4.0
Jordan Matthews,WR,PHI,16.966522040979523,7000.0,0.11501285188095564,0.093944860294878155,0.20471096838426819,0.17060024518247391,0.30310599507865948,0.044233412927693394,0.068391666251071265,4.0
Robby Anderson,WR,NYJ,16.421492379071999,0,0.13769815212862269,0.21565058190952871,0.16346331809329651,0.11852899275956238,0.12603418071036029,0.11270898466196051,0.12591578973666886,1.0
Terrance Williams,WR,DAL,16.192480244989259,5500.0,0.14192788828951594,0.16326447747706452,0.19675768383120495,0.15345868526240491,0.12757199080780438,0.13304873221206023,0.083970542119945216,2.0
Marvin Jones,WR,DET,15.547830208419388,7800.0,0.028540853871230128,0.32983563257557774,0.20320341010669493,0.11943249670241823,0.10671174698349843,0.1944093183934078,0.017866541367172719,1.0
Mike Evans,WR,TB,15.469422395387465,7900.0,0.10889277391259616,0.22510557843935999,0.21362507882078569,0.14202834643359641,0.10831756445221311,0.15401722048833069,0.048013437453117896,1.0
Antonio Brown,WR,PIT,15.175466538191893,9600.0,0.02975015638195681,0.23224653346766391,0.29257880792877017,0.19168301109799762,0.1834861432931113,0.031976139367676411,0.038279208462823719,2.0
Cole Beasley,WR,DAL,15.125461484387715,5500.0,0.14603787683491012,0.18311749523840468,0.19979800931622246,0.12732162278732398,0.21957042439870997,0.083248331472603534,0.040906239951825234,4.0
Davante Adams,WR,GB,15.000920425247312,5500.0,0.33563377722570575,0.10503202368368243,0.11347395285278741,0.072828021878203503,0.16503744760078784,0.041597166206648335,0.16639761055218483,0.0
Jarvis Landry,WR,MIA,14.884214028825356,7500.0,0.035623392642663995,0.24624925402573999,0.35340207841679805,0.14298754312164125,0.096845620193168724,0.069569627087857203,0.055322484512130829,2.0
Kenny Britt,WR,LARM,14.375886416314545,5700.0,0.12440483862533049,0.25137832831255291,0.24176256869831794,0.079091734096266297,0.16377534017229059,0.10627965402887511,0.033307536066366689,1.0
Emmanuel Sanders,WR,DEN,14.306901255582149,7100.0,0.085487441828336799,0.30586398814456789,0.20963416397584486,0.15145237027356911,0.14607761591854121,0.041378912372739961,0.060105507486400041,1.0
Jarius Wright,WR,MIN,13.957295058849297,4600.0,0.39671384812874255,0.13636069616991228,0.062707263669487201,0.073146560575290287,0.072860654210234022,0.10637990827133498,0.15183106897499862,0.0
Demaryius Thomas,WR,DEN,13.957020875982346,7700.0,0.073365784734746975,0.33586040298085912,0.21951785899184781,0.12081802739526096,0.15820231456547049,0.05219117324836374,0.040044438083450949,1.0
Rashad Ross,WR,WAS,13.65224539905943,4500.0,0.418831845468148,0.14536173586613582,0.055205269019200538,0.064296567909459479,0.037757339791261744,0.11986621975582619,0.15868102218996816,0.0
Chester Rogers,WR,IND,13.030943421102554,4500.0,0.25846566816496019,0.18904953686571116,0.18198582232510352,0.11677559877534276,0.14452793335376771,0.056694260256501032,0.052501180258613632,0.0
Adam Humphries,WR,TB,12.931178582183829,5100.0,0.32398822715008202,0.16841726303808582,0.1590100411834644,0.091123604522640941,0.079273117474962448,0.099256843690659638,0.0789309029401047,0.0
Travis Benjamin,WR,SD,12.909609988993935,6500.0,0.1978327807991179,0.2930400882743196,0.18385495633720036,0.10728122285821123,0.090404650848910029,0.061067487236515533,0.066518813645725441,1.0
Markus Wheaton,WR,PIT,12.750134721777918,5500.0,0.35693460343758915,0.2358878964453841,0.064417671509316876,0.091991997179749013,0.066873014400885472,0.035653769951475574,0.14824104707559987,0.0
A.J. Green,WR,CIN,12.697733919062062,8700.0,0.068747584006033285,0.37398504214032519,0.21648464029089901,0.17647100006432229,0.13475825325099691,0.018634115809944462,0.010919364437478794,1.0
Dorial Green-Beckham,WR,PHI,12.472586831314185,4900.0,0.42038863073625571,0.11208341302206234,0.1191779135184861,0.1263111044897523,0.0541657085177202,0.028462676325691251,0.13941055339003205,0.0
T.Y. Hilton,WR,IND,12.307792890999925,7700.0,0.19953944051545602,0.22448413476343715,0.30384797146117742,0.070482644433458461,0.14967475297480279,0.012386871814157728,0.039584184037510448,2.0
Michael Crabtree,WR,OAK,12.206152565958821,6900.0,0.29660668691744729,0.23316403119634882,0.13134311864316131,0.14414468810161044,0.081047180146510134,0.033503638432515422,0.080190656562406704,0.0
Nelson Agholor,WR,PHI,12.198976082774243,5400.0,0.37220248135236011,0.10621923832429001,0.17179461376840763,0.10936816744213272,0.1518149316550661,0.014187444485500819,0.074413122972242549,0.0
Jamison Crowder,WR,WAS,11.865995896096694,5800.0,0.26025015041335553,0.27768003210722286,0.16793972428673998,0.10758663415556954,0.062188963275854374,0.080120186319776854,0.044234309441480886,1.0
Randall Cobb,WR,GB,11.215072004194118,7100.0,0.50087317447124846,0.093759638293317599,0.10904212000997822,0.05094391417865568,0.11775732657612575,0.014830265582869184,0.11279356088780516,0.0
Larry Fitzgerald,WR,ARI,10.780240286017412,7200.0,0.19002528976517305,0.38739516094894649,0.19217338856002031,0.12640773289847013,0.05969430227936353,0.014447403160361054,0.029856722387665444,1.0
Pharoh Cooper,WR,LARM,10.712887390872989,4500.0,0.41118051887254903,0.17748464039326831,0.14603609971027603,0.086181251145429516,0.073917886989974479,0.043328054540450849,0.061871548348051801,0.0
Jared Abbrederis,WR,GB,10.701368845016219,4500.0,0.58245730939150619,0.070840038879085507,0.071148207575940176,0.037569138294542524,0.086785831455537338,0.010340006237014594,0.14085946816637357,0.0
Bennie Fowler,WR,DEN,10.523265571240305,4600.0,0.53665613096577447,0.15144175164070503,0.053560717558430997,0.045194095282139995,0.060767252857102202,0.01535447053822878,0.13702558115761862,0.0
Jeff Janis,WR,GB,10.480583485996759,4500.0,0.5959215715463958,0.067903658196290725,0.074641991560977436,0.03210151448157228,0.079516554045763951,0.0065915465634429514,0.14332316360555675,0.0
Tyrell Williams,WR,SD,10.437895673454539,6500.0,0.31688684758305213,0.3346347820737911,0.10976038290039856,0.097056031915354543,0.030332014367250797,0.068478122626494067,0.042851818533658798,1.0
Brandon Marshall,WR,NYJ,10.365829911586587,7600.0,0.17364938081816306,0.48142592104488335,0.1559945433998933,0.062652294182443335,0.075554178832067567,0.026751036399683542,0.023972645322866085,1.0
Josh Huff,WR,PHI,10.328299227133794,4500.0,0.53977574738774281,0.080429966629601432,0.11399118338530687,0.076768422022370456,0.076517878606269824,0.0069923208415020258,0.10552448112720657,0.0
Brenton Bersin,WR,CAR,9.9787920971463056,4500.0,0.43855577491480546,0.19878530412146175,0.090909537946810143,0.12532693443454737,0.051143998002016286,0.056475123113240502,0.038803327467118356,0.0
Dontrelle Inman,WR,SD,9.9369153493378093,6100.0,0.38175894345087263,0.29633288022158,0.094865465284664982,0.097878346442671349,0.027595703457696887,0.041929927672327845,0.059638733470186368,0.0
Corey Brown,WR,CAR,9.2634069582710197,4700.0,0.31898558271722111,0.31539830696118037,0.2146672516839557,0.074147807355429418,0.036276852102808614,0.015339695879027998,0.025184503300376838,0.0
Quincy Enunwa,WR,NYJ,9.2494461614702477,6200.0,0.2949000928918567,0.38898304184177418,0.15661422450844437,0.050507629228025749,0.08035423231687186,0.0076180936005684693,0.021022685612458389,1.0
Brandon LaFell,WR,CIN,9.2164413814956614,5400.0,0.41238833702556588,0.25129632817183772,0.11650078188797897,0.091146154169076107,0.092990660244003959,0.01221067959460059,0.023467058906936806,0.0
Adam Thielen,WR,MIN,9.2106625121263512,4900.0,0.45819296847493329,0.20460819027873964,0.13457548234651015,0.059626906463070659,0.084460202503983214,0.019222537676396482,0.039313712256366651,0.0
John Brown,WR,ARI,9.1692566901063781,6500.0,0.29228489272772568,0.40271814325361804,0.13555356976041452,0.10208809062408983,0.027833032061877802,0.009643406728490081,0.029878864843784152,1.0
Danny Amendola,WR,NE,9.0985941940322608,5300.0,0.53127416621063384,0.13797970435809304,0.11816730692178415,0.052745884521710237,0.092095306080766826,0.014339309785989794,0.053398322121022121,0.0
Tavon Austin,WR,LARM,9.0303179056029332,5800.0,0.48012024021146016,0.1873835387121556,0.16749661145334491,0.042162119930904116,0.050613902383451301,0.0098056448874812054,0.062417942421202743,0.0
Anquan Boldin,WR,DET,8.9540013138052998,6300.0,0.42938225709127364,0.25105697871194332,0.13476604915920015,0.063932508212284231,0.068119018140684523,0.024595425279244396,0.028147763405369775,0.0
Eddie Royal,WR,CHI,8.8020926570734872,5700.0,0.32540447375368975,0.30148101305155622,0.25637003549363147,0.048577469194489374,0.056542587339724525,0.00084269810092978635,0.010781723065978972,0.0
Charone Peake,WR,NYJ,8.7794365641880674,4500.0,0.42871834209570842,0.26294590502766474,0.14327654624548755,0.051123345398075178,0.06820358178445271,0.011370576286024904,0.034361703162586556,0.0
Steve Smith,WR,BAL,8.6775735749787462,6300.0,0.30128531853606211,0.3402719715621032,0.26749505881768987,0.036660411302349462,0.04085179692371757,0.00031078292077173474,0.013124659937305995,1.0
Kendall Wright,WR,TEN,8.599919876309464,4700.0,0.53333512057064747,0.15797963605478996,0.13233922110152063,0.04736825857454572,0.065841504271620693,0.012353721387166259,0.0507825380397093,0.0
Devin Funchess,WR,CAR,8.5915380659343228,5200.0,0.33675444804825405,0.34297861686466447,0.20163001408413406,0.0564289878956293,0.035510829536972918,0.0085283245920614089,0.018168778978283871,1.0
Justin Hunter,WR,BUF,8.5140008419933704,4500.0,0.46258047754088516,0.12107959293262442,0.29730191003209033,0.042917781501928362,0.053086791009768729,0.0024674390203728467,0.020566007962329987,0.0
Brian Quick,WR,LARM,8.3678690976704342,4500.0,0.47442210142370317,0.22675027798760641,0.15248945220542778,0.046607757455145483,0.052333871146686722,0.010261085597237742,0.037135454184192736,0.0
Darrius Heyward-Bey,WR,PIT,8.2637715620132361,4500.0,0.52982504231414473,0.19394589012573252,0.095337701174032299,0.06531197541098617,0.065398065095204863,0.010382523269515768,0.039798802610383564,0.0
Kamar Aiken,WR,BAL,8.0787214772754261,5500.0,0.5791434124489161,0.16386411599114886,0.086421270677633097,0.070655273574153424,0.029735218547427222,0.0053624424987912672,0.064818266261929935,0.0
Sammie Coates,WR,PIT,8.0002723490896219,5300.0,0.42884768124590977,0.24687496677246418,0.21478427669710948,0.034989367842781498,0.065357265771106024,0.0014920585470783916,0.0076543831235508387,0.0
Victor Cruz,WR,NYG,7.9886559443251759,5600.0,0.4397648956596249,0.27370522614363674,0.17300103979589537,0.025920948381487365,0.067096364182697613,0.00096622445594817452,0.019545301380709892,0.0
Sterling Shepard,WR,NYG,7.8591489414403322,6900.0,0.43589120378459473,0.27730791336197735,0.18561794470752901,0.021042844218709271,0.063989692957497846,0.0005192835187222141,0.015631117450969362,0.0
Chris Hogan,WR,NE,7.7182654378293831,5000.0,0.59160193478149958,0.11888773763435646,0.13819556663054922,0.060443530952283962,0.039859615475990415,0.015980221669982267,0.035031392855337962,0.0
Jordan Norwood,WR,DEN,7.7138143153230612,4500.0,0.57339175573665113,0.18384290906483639,0.090529496785024033,0.044182811958492101,0.060683789607239288,0.0035484489234172511,0.043820787924339723,0.0
Mike Wallace,WR,BAL,7.6916796940880143,6300.0,0.49088355015929669,0.25962216319473286,0.100970766485592,0.068727295493712953,0.057007669450735036,0.0037106203572945034,0.019077934858636042,0.0
Terrelle Pryor,WR,CLE,7.6448652135560051,7200.0,0.40324401923103975,0.2718660350462791,0.25665656879438697,0.043506374187777641,0.018808254025368433,0.00028675682474773185,0.0056319918904004047,0.0
Cameron Meredith,WR,CHI,7.5146531565106294,4500.0,0.57131655232540757,0.17876900171919019,0.12299889548411319,0.043361188274374907,0.036522274248424996,0.0024782632448635362,0.044553824703625726,0.0
Kenny Stills,WR,MIA,7.4197804189550176,5700.0,0.4644151702955534,0.29624253067744405,0.13461847874453217,0.058132238798190745,0.021381811096212767,0.0035405817849080267,0.02166918860315872,0.0
Jeremy Kerley,WR,SF,7.2905396716074709,5400.0,0.42449661822779511,0.35802335895953574,0.12042009197727169,0.051980992192968797,0.032933181477687257,0.004919155102039093,0.0072266020627021954,0.0
Golden Tate,WR,DET,7.2820813728566325,6400.0,0.58826025861884645,0.18466730264885745,0.084005034677822873,0.035744846743784961,0.077596652093869137,0.0047337532995537831,0.024992151917265094,0.0
Trevor Davis,WR,GB,7.2619419468483599,4500.0,0.73038213365642968,0.079714732506500324,0.034069494464944484,0.030471407122492859,0.037660222605347106,0.0050556710289597524,0.082646338615325721,0.0
Griff Whalen,WR,SD,7.2291943885668406,4500.0,0.67916898052908892,0.12120607061269162,0.070760573229513207,0.025500885502076718,0.025352718017217495,0.0012479244297525127,0.076762847679659574,0.0
DeAndre Hopkins,WR,HOU,7.1734580325456605,8200.0,0.46810629733240472,0.30362451436730731,0.14752665302451823,0.032918465333884685,0.02397237416610392,0.0091114194105727728,0.014740276365208409,0.0
Amari Cooper,WR,OAK,7.149330030961047,7200.0,0.61460044806576297,0.15701016810886961,0.07675792086629199,0.064546258125131747,0.052210758478308014,0.0065504754996686893,0.028323970855966954,0.0
Will Fuller,WR,HOU,7.0531161467311154,7200.0,0.4007556797679902,0.37053725710645213,0.18250630531564938,0.016200610332249489,0.027242097880581621,0.00028278886106964963,0.0024752607360075578,0.0
Brice Butler,WR,DAL,7.0354227907144393,5100.0,0.67294895178450131,0.10378067113574363,0.070929860190831556,0.04785542096583572,0.058340953417992107,0.010281890818076993,0.035862251687018565,0.0
Andre Johnson,WR,TEN,6.827347658520825,5200.0,0.67076202618305925,0.12704832674001859,0.078260722773524319,0.027547358601984359,0.0492357721728423,0.0027553753439576254,0.044390418184613437,0.0
Pierre Garcon,WR,WAS,6.7944546594768989,6000.0,0.60378388316219644,0.19254043126715575,0.087087097866493157,0.049891037280707907,0.029822230216891728,0.010983539438040641,0.025891780768514422,0.0
J.J. Nelson,WR,ARI,6.7761105952481149,4500.0,0.60226488483778984,0.18243120619150749,0.12462496202247686,0.029407686920049251,0.024109180379586991,0.0017815407874439745,0.035380538861145575,0.0
Matthew Slater,WR,NE,6.6943109149298756,4500.0,0.71751909722434348,0.087520366383738932,0.06699784391531971,0.030165009115342332,0.041232139666293369,0.0038356608379045564,0.052729882857057472,0.0
Marc Mariani,WR,TEN,6.6687049001141965,4500.0,0.7184719247476623,0.096075798902813717,0.061262324892242183,0.031623403655040232,0.03000143985600091,0.0042724271360986875,0.058292680810142085,0.0
DeSean Jackson,WR,WAS,6.6028244892659691,6700.0,0.62702338648434275,0.16833087344294231,0.089866861246857221,0.05142834090773514,0.032926393557877839,0.0074981555865130242,0.022925988773731597,0.0
Devin Hester,WR,BAL,6.5955629510402138,4600.0,0.703803981632528,0.10982708141184655,0.065050526658672642,0.029871351036477853,0.041235864269671726,0.0011638814329925609,0.049047313557810439,0.0
Jordy Nelson,WR,GB,6.5798483089530722,8400.0,0.6497441560987447,0.094719986397158007,0.17925274013115225,0.010781479166033246,0.038092492327714632,8.6439928392130903e-05,0.02732270595080508,0.0
Josh Bellamy,WR,CHI,6.5586960285530544,4500.0,0.67630510366322083,0.12278309744718829,0.084312528900979275,0.049661127015524741,0.022654869403082246,0.0047420576016456543,0.039541215968358863,0.0
Jaron Brown,WR,ARI,6.545825487879064,4800.0,0.58487273086187264,0.23151846122035705,0.08793165274372651,0.045663303247929408,0.019911415306710405,0.0070120520858348639,0.023090384533569024,0.0
Cordarrelle Patterson,WR,MIN,6.3652232149393697,4600.0,0.68336734878024608,0.13631953237467639,0.074832347308903702,0.030172952763205928,0.034925389708383207,0.0037638600317070501,0.036618569032877614,0.0
Kelvin Benjamin,WR,CAR,6.2023983874132274,7500.0,0.55382491076035445,0.21318829489519267,0.19983760778519727,0.0094174312896900692,0.02194067793827038,2.7227505674725812e-05,0.0017638498256204581,0.0
Phillip Dorsett,WR,IND,6.1805507892564169,6800.0,0.6445322707320833,0.16230700012655086,0.09671209537815563,0.019865206518499077,0.069754829127532142,0.0017479045725788799,0.0050806935446001357,0.0
Justin Hardy,WR,ATL,6.1636692882117909,4800.0,0.71467659097140035,0.1123060051700121,0.060440863220494773,0.021432285816318578,0.0619920879386529,0.0014721119416659712,0.027680054941455291,0.0
Cody Latimer,WR,DEN,6.085176185627315,4500.0,0.72237398512116968,0.11521692711448597,0.058833722222448759,0.027820116906622429,0.035858857639870935,0.0013809714555900617,0.038515419539812044,0.0
Braxton Miller,WR,HOU,6.0257469687202123,4500.0,0.67393527639975648,0.12703155948622452,0.11184508353447381,0.036515515453157517,0.031294262575099777,0.0041699307029145335,0.015208371848373222,0.0
Alshon Jeffery,WR,CHI,6.0254859524296256,8000.0,0.57974181866512109,0.1985514661411516,0.18652298654786917,0.014153709411141455,0.018238658079960782,3.9904540097807863e-05,0.0027514566146582529,0.0
Jakeem Grant,WR,MIA,6.0179822482557892,4500.0,0.71933909536735008,0.13939559485066522,0.047341522330716292,0.029344637239688619,0.014893626703159159,0.00069767413158505829,0.048987849376835708,0.0
Tavarres King,WR,NYG,6.0155414070671744,4500.0,0.7308700725103684,0.13686625677426256,0.0318637910877657,0.026661787311476084,0.021907146845299312,0.0013337682749102826,0.050497177195917557,0.0
Laquon Treadwell,WR,MIN,5.9658172379378041,4500.0,0.73054368154944727,0.10155458664855087,0.049612533815649701,0.057918961547339817,0.024198588040837223,0.008855438723863315,0.027316209674311646,0.0
Marquise Goodwin,WR,BUF,5.8129378087524533,5500.0,0.62302281613355504,0.21597798611751687,0.10501107585926077,0.019398337609245451,0.022747586088421527,0.0017148143433156735,0.01212738384868484,0.0
Vincent Jackson,WR,TB,5.7450397893167917,5000.0,0.68926096202523368,0.11831658937060648,0.12787989817515871,0.01346797995842567,0.038746907291732323,0.00039320504150147737,0.01193445813734168,0.0
Torrey Smith,WR,SF,5.608991667956297,5400.0,0.62938437410558457,0.22524716735314745,0.090916908626976975,0.031319100149050642,0.0089567507044615371,0.0048059987839356756,0.009369700276843286,0.0
Michael Floyd,WR,ARI,5.5660393233023839,6600.0,0.65952211174163777,0.20268725790696093,0.069146142314140263,0.041084391438811943,0.011499063327865943,0.00094521450763650693,0.015115818762946626,0.0
Jaelen Strong,WR,HOU,5.5634022063247039,4600.0,0.66864880846527663,0.19597489410311944,0.076116219223510875,0.024658733835531032,0.011730929404597469,0.0033896718013024111,0.019480743166662259,0.0
Ricardo Louis,WR,CLE,5.5392274221549958,4500.0,0.69715564936602559,0.15934999638519579,0.060021470499602853,0.053651210855117308,0.0092922312634444275,0.0020742541143487984,0.018455187516265258,0.0
Robert Woods,WR,BUF,5.4660254451619599,5300.0,0.64611956385021285,0.17263988188716642,0.14537945057098106,0.022188461204154471,0.010218971860754772,5.5882750643945946e-05,0.0033977878760863217,0.0
Mohamed Sanu,WR,ATL,5.4226417239108073,5600.0,0.69954900760320771,0.16434404946367157,0.061168517523767667,0.027465904755733631,0.036781141018680248,0.00077932379871490168,0.0099120558362243323,0.0
Mike Thomas,WR,LARM,5.4108003481832023,4500.0,0.73037805010477752,0.14562581524228463,0.061477239459105465,0.012437553697923084,0.019378522945054759,0.00054353198559845895,0.03015928656525604,0.0
Eric Weems,WR,ATL,5.3781322530260134,4500.0,0.7862005258393171,0.078749501913596961,0.042222076712105476,0.016419761633738632,0.052860540323749088,0.00088533945501400029,0.022662254122478832,0.0
Walter Powell,WR,BUF,5.3044006054511925,4500.0,0.71514746290016973,0.16105593808035024,0.051177496050579335,0.041134197028698249,0.011645518777773587,0.00098099456283090017,0.018858392599597856,0.0
Charles Johnson,WR,MIN,5.28130323311927,4700.0,0.69208216598370664,0.16038763144174206,0.10331266731156463,0.012692123933508973,0.02137345856087277,0.00020681232064557751,0.009945140447959494,0.0
Bradley Marquez,WR,LARM,5.1296084963341251,4500.0,0.7973718537129566,0.07806234911084961,0.058833457272342939,0.014171577329139937,0.018222474584744512,0.0012740444332597829,0.032064243556706604,0.0
Aldrick Robinson,WR,ATL,5.0703002180221866,4500.0,0.72584707181047192,0.14676218750315473,0.07321017612944479,0.013726573119019446,0.033142823125345201,0.00026406803180770009,0.0070471002807562027,0.0
Julian Edelman,WR,NE,5.0677414802500786,7000.0,0.72902746886046232,0.10104506034589231,0.13602495075412185,0.0083600692784863255,0.020224508556544479,6.1021463305786264e-05,0.0052569207411867483,0.0
Rishard Matthews,WR,TEN,5.0549820779450787,5100.0,0.71809606194128717,0.15339731864107886,0.08370507268125861,0.012826799066780182,0.022357365864278465,0.00015592720439580561,0.0094614546009209669,0.0
Andrew Hawkins,WR,CLE,5.0151155369846272,4600.0,0.71387836605810362,0.12683832673425582,0.12921190426068635,0.014159692206837261,0.011201981052237756,9.2847772920660675e-05,0.0046168819149585852,0.0
Alex Erickson,WR,CIN,4.9688000087363369,4500.0,0.77688471612713339,0.12806069683622165,0.030402416041476924,0.024637724863718232,0.010812264166323632,0.001387960801117387,0.027814221164008585,0.0
Tajae Sharpe,WR,TEN,4.8124096931656952,5400.0,0.76988714774234079,0.10856884422404221,0.074415522128420439,0.013499704203319349,0.021536389558319342,0.00010877974940507208,0.011983612394153095,0.0
Leonte Carroo,WR,MIA,4.7996517059316162,4500.0,0.77236061103957432,0.097532181064186471,0.09223622074590597,0.01179318508813937,0.01075791420904222,4.3176343832478922e-05,0.01527671150931928,0.0
Seth Roberts,WR,OAK,4.7344331161941131,5600.0,0.84026990892479403,0.067636290069341964,0.026433217507452603,0.019679018756393985,0.011227757356795319,0.0023092903638205612,0.032444517021401428,0.0
Quinton Patton,WR,SF,4.7254680862816043,4900.0,0.72431592572915571,0.17392469493794041,0.061370114802242706,0.02610202629759098,0.0077380251227099177,0.0022662479247065044,0.0042829651856538314,0.0
Breshad Perriman,WR,BAL,4.7038284010873239,4900.0,0.74905495330325356,0.14347426237527372,0.068588037066516463,0.0160112718365935,0.014543948170662646,0.00014879439554939594,0.0081787328521507711,0.0
Tyler Boyd,WR,CIN,4.673329418045852,5300.0,0.7487296764650806,0.13684352037750538,0.083309147968017264,0.010260890835389643,0.013986802370186487,0.00012037839074572159,0.006749583593074919,0.0
Lucky Whitehead,WR,DAL,4.632408032779729,4500.0,0.85256633055736797,0.047097493415220709,0.034247507488060831,0.017080746410896838,0.022757613488595421,0.0013404007876979813,0.024909907852160209,0.0
Ryan Grant,WR,WAS,4.4610110072562854,4600.0,0.83531342729800984,0.080184066227356993,0.032236746191756822,0.017232785416323879,0.011147752263069485,0.0026657795890008057,0.021219443014481986,0.0
Andre Roberts,WR,DET,4.4407219245683986,4500.0,0.79154332922306037,0.11225454945497046,0.058737923883868726,0.010602387731528776,0.019074995104491864,0.00020496722340178824,0.0075818473786782832,0.0
Dwayne Harris,WR,NYG,4.4121994634068749,4500.0,0.82466083017558411,0.084024872535114134,0.050049440140213466,0.0078494986765012421,0.016923587164373366,8.214554970105214e-05,0.016409625758512528,0.0
Malcolm Mitchell,WR,NE,4.3468397683977686,4500.0,0.82835962378966588,0.067810583593987603,0.066767923919788891,0.010482488967244375,0.014281055786149128,0.00032618228727283942,0.011972141655891453,0.0
Jordan Taylor,WR,DEN,4.2210233162027482,4500.0,0.81670348259446413,0.12071144757481506,0.020735891625223012,0.01891953615103082,0.0091665444940160073,0.00057565877119879324,0.013187438789252034,0.0
Brandon Tate,WR,BUF,4.2172004780460188,4500.0,0.81950191296454578,0.090486467738458101,0.053781947554787247,0.021208782492622275,0.0061403018468326499,0.00034776014795162352,0.008532827254802422,0.0
Aaron Burbridge,WR,SF,4.1893243967428919,4500.0,0.77777957633747674,0.16407720064201295,0.029118187587556136,0.01803856681899383,0.0037356821633987083,0.00042482500518182203,0.0068259614453796595,0.0
Andre Holmes,WR,OAK,4.1458584843179276,4500.0,0.89655547974961658,0.039044665150291813,0.015601046706024619,0.01146297265811406,0.0066846394622312811,0.00095687553414276413,0.029694320739578953,0.0
Rashard Higgins,WR,CLE,4.0568266917597429,4500.0,0.82682186159190663,0.082089266628723401,0.068442823577317013,0.010892035266770341,0.0066413939964823391,5.5520213233840839e-05,0.0050570987255663963,0.0
Quan Bray,WR,IND,3.9331753047723415,4500.0,0.86227466488829496,0.054950500680229886,0.05510466992170468,0.0048564277858871626,0.016514691031269665,6.4416035933436674e-05,0.0062346296566802408,0.0
Deonte Thompson,WR,CHI,3.8112020701390072,4500.0,0.85792836116232518,0.071948259561447625,0.048417224236076979,0.009680583185152412,0.0054350272401377285,0.00010846167893167645,0.0064820829359282222,0.0
Rod Streater,WR,SF,3.5349672121235982,4500.0,0.85627321265426759,0.097611716008719027,0.037532492622262124,0.0044994378474756264,0.0022692510474342799,3.2573593103752209e-05,0.0017813162267375114,0.0
Ted Ginn Jr.,WR,CAR,3.5251078382274281,5700.0,0.87448080880124301,0.06801027348038588,0.048318255396682025,0.0032591851863982002,0.0031794820813638817,5.778908960321539e-06,0.0027462161449667614,0.0
Odell Beckham Jr.,WR,NYG,3.2868679346243677,8500.0,0.92844781027659906,0.043790563336412791,0.010247157897301696,0.0027540273088942271,0.0044319325967269434,2.4273544105474068e-05,0.010304235039959911,0.0
