name,pos,team,expectation,salary,prob_0_5,prob_5_10,prob_10_15,prob_15_20,prob_20_25,prob_25_30,prob_30+,label
David Johnson,RB,ARI,14.952341033454987,9000.0,0.1006748124734744,0.20798338659344931,0.24011382017693642,0.20784265512684055,0.11479195956155923,0.07753033554892956,0.051063030518810573,2.0
Ezekiel Elliott,RB,DAL,14.829094337101052,7900.0,0.091670537162305096,0.21174710170897601,0.23558617865155024,0.22619634307305314,0.13003823484743021,0.064528659879468264,0.040232944677217275,2.0
DeMarco Murray,RB,TEN,14.646085689596523,8400.0,0.092301645281389982,0.21898485840506487,0.24467048493295587,0.22326134321252311,0.11527905971727703,0.063850609192318483,0.041651999258470525,2.0
LeSean McCoy,RB,BUF,14.611859863641149,7800.0,0.10794387214677781,0.19695060833449676,0.25189809322633699,0.23342954146688441,0.10109559114650715,0.05965381330606933,0.049028480372927744,2.0
Devonta Freeman,RB,ATL,13.661883667606908,7400.0,0.12305064977591426,0.22827031241748294,0.26007059398157123,0.20951156510569369,0.09194151901460175,0.052563584210347777,0.034591775494389063,2.0
Matt Jones,RB,WAS,12.906509728582714,6900.0,0.16235101036657387,0.24543097734090291,0.22950155785046206,0.18958652760842962,0.10239741212674117,0.040828482834885688,0.029904031872005153,1.0
Melvin Gordon,RB,SD,12.769773249801851,7700.0,0.13477288707889865,0.29344139078523174,0.23624762056161369,0.17422929244023691,0.085574785379395918,0.046160103460959175,0.029573920293664756,1.0
C.J. Anderson,RB,DEN,12.648482184258066,8000.0,0.14734850288235668,0.27182917427766334,0.26345108530117234,0.15753637600119472,0.084080643251538509,0.046912685265077705,0.028841533020996721,1.0
LeGarrette Blount,RB,NE,12.576612064264486,7500.0,0.18096029317419179,0.24414231257970617,0.23024354299318531,0.19380309426125614,0.075046902540590585,0.0424192883941771,0.033384566056892939,1.0
Lamar Miller,RB,HOU,12.283632801367636,7800.0,0.1529434664046177,0.28075752774279394,0.25606106722899052,0.17794891001123964,0.065647519826907239,0.043839812249353495,0.022801696536097957,1.0
Todd Gurley,RB,LARM,12.082027087899299,7600.0,0.16839939635611631,0.28196598711959497,0.24774673701994701,0.16311709785075573,0.078773699405432537,0.036987446244418895,0.023009636003735144,1.0
Jeremy Hill,RB,CIN,12.077588188861329,7300.0,0.18023322658521976,0.26907694019053963,0.24148167001646495,0.17468351927361522,0.074407623860545016,0.032642884128488016,0.027474135945127723,1.0
Matt Forte,RB,NYJ,11.911367116326936,7100.0,0.19845727115274575,0.28009157290069958,0.22239535413793551,0.15581106656784321,0.077920937530368189,0.030886995235892792,0.034436802474515367,1.0
Isaiah Crowell,RB,CLE,11.829019518731634,6800.0,0.16800230803299107,0.29882205284435742,0.25931949728272263,0.14686007395913267,0.067909521887922569,0.031958668030830577,0.027127877962043575,1.0
Carlos Hyde,RB,SF,11.731596053531668,7200.0,0.18359923357550806,0.27877620456876812,0.25967564334207044,0.15562026239555832,0.065509770739310136,0.033353937101728223,0.023464948277056613,1.0
Jordan Howard,RB,CHI,11.547694227040015,7200.0,0.22706789952000042,0.28740727298275032,0.19328104463332699,0.1550142207991422,0.066045527278130067,0.037567676309714707,0.033616358476935206,1.0
Tevin Coleman,RB,ATL,11.535649957353659,5900.0,0.22585066016195277,0.26098035125732122,0.22811041603724194,0.15400165803167246,0.07149047631546307,0.03014661299614162,0.029419825200207403,1.0
Frank Gore,RB,IND,11.531580793090976,6500.0,0.19161674512932433,0.30266359123821485,0.23015293223781341,0.15607385223412443,0.065519271801199389,0.025186925892281418,0.028786681467042378,1.0
DeAngelo Williams,RB,PIT,10.215951359125496,5700.0,0.31333160200792598,0.25339313598863517,0.19057226510881714,0.13203489198177698,0.067696747180500685,0.025035256205826677,0.017936101526517326,0.0
Jay Ajayi,RB,MIA,9.8177773133570412,5600.0,0.34305969751358406,0.25455952806950088,0.19627415369954965,0.1014716673500721,0.055735157742645987,0.019171118252134779,0.029728677372512884,0.0
Theo Riddick,RB,DET,9.4215480330360464,6200.0,0.3299763888643083,0.29474296374012299,0.19242798611203163,0.099653077720590649,0.042171545832661264,0.019744660730831608,0.021283376999453527,0.0
Le'Veon Bell,RB,PIT,9.378869379390407,8600.0,0.38515460898875092,0.22769051019118411,0.20544312043613763,0.090389694203702589,0.037359558677680302,0.022777660849165101,0.031184846653379582,0.0
Terrance West,RB,BAL,8.8011398919122605,6400.0,0.3562911431856835,0.31453990062715637,0.17454489182806041,0.083202800315174713,0.03952289479361927,0.012294057431876866,0.019604311818429178,0.0
Giovani Bernard,RB,CIN,8.6209328114578057,5500.0,0.39706878587156569,0.29127586609577633,0.15299505216547382,0.082187842703602521,0.035820316761178174,0.018108726604205958,0.022543409798197998,0.0
Fozzy Whittaker,RB,CAR,8.5974959056998941,6100.0,0.39307684230305096,0.28633515137102322,0.17323629579426647,0.078609722380154415,0.029426871479996626,0.014928982163219674,0.024386134508288419,0.0
Jerick McKinnon,RB,MIN,8.546981157937676,6200.0,0.38913020163147977,0.30000721777236244,0.172295392235256,0.063544174908084852,0.03869919388979453,0.011157265398946457,0.025166554164076236,0.0
Duke Johnson,RB,CLE,8.5351645000776735,5300.0,0.3780898594407765,0.3145079208310399,0.16711909626664678,0.073127109287785486,0.031828704878589804,0.012024580763377932,0.023302728531783942,0.0
Eddie Lacy,RB,GB,7.617206257804459,7100.0,0.52048951880248673,0.20749626523835346,0.12358267553850871,0.08517282612821353,0.032567924979473882,0.011000449060851972,0.019690340252111561,0.0
DeAndre Washington,RB,OAK,7.5615704287253536,4700.0,0.51806335438185613,0.22431708946190529,0.12404270493179356,0.070926653696508718,0.02593659322788296,0.01016878368788436,0.026544820612169017,0.0
Orleans Darkwa,RB,NYG,7.5592801840478865,6000.0,0.47966275653069329,0.27435754936935697,0.12218173467061168,0.056318436020330959,0.041679894465793399,0.0068249706373747264,0.018974658305839463,0.0
Chris Thompson,RB,WAS,7.4694486590352591,5400.0,0.48353794894944674,0.25810798947626479,0.14457456915019232,0.064991155286913446,0.022716618166100742,0.0057823385378507411,0.020289380433231606,0.0
Alfred Morris,RB,DAL,7.3932511449789891,5100.0,0.52584411127369091,0.21346183209805616,0.13728535734235187,0.066778513213779672,0.028726845543331596,0.0039979686925079826,0.02390537183628191,0.0
Jacquizz Rodgers,RB,TB,7.3675646174956606,5700.0,0.51935600028003148,0.23894603565614367,0.12760054403719356,0.0547916382021717,0.022384995614180694,0.0096894717743000944,0.027231314435978916,0.0
James White,RB,NE,7.2536053285611173,5500.0,0.53216192252022332,0.22470099326519538,0.11829023270872215,0.067357807183666282,0.029473716282464254,0.0084188746063384202,0.019596453433390126,0.0
Bilal Powell,RB,NYJ,7.216184374369945,5100.0,0.53007830887729113,0.23134256113206816,0.11498474950516438,0.072147765361963684,0.022174537613121399,0.0089900904162207012,0.020281987094171037,0.0
Matt Asiata,RB,MIN,7.0878277961326486,5800.0,0.52910695774223593,0.22918259474674227,0.14787357437037982,0.045728491029465052,0.018625612844087994,0.0071267393078620943,0.022356029959226222,0.0
Kenyan Drake,RB,MIA,6.9317865741837732,5100.0,0.57859343423278597,0.20479367047626099,0.10334191158638925,0.052920325769991103,0.026738520995291056,0.0062094201391709285,0.027402716800111197,0.0
Mike Gillislee,RB,BUF,6.8718042759229778,4800.0,0.5753736238170214,0.20047242707501586,0.12100742479516562,0.055792322447780006,0.014967391738572536,0.0039248144001808568,0.028461995726263709,0.0
Devontae Booker,RB,DEN,6.6423213993465531,5100.0,0.5979932111089532,0.19016629395264337,0.116259561768786,0.041907906478101532,0.022514507648772074,0.0083555076187530244,0.022803011423990372,0.0
Derrick Henry,RB,TEN,6.6419930155287208,5200.0,0.59269307960605855,0.20782570509919718,0.10002348633296962,0.047672115305521595,0.020504756015632258,0.0052233462016789845,0.026057511438941448,0.0
Cameron Artis-Payne,RB,CAR,6.3221814128542988,5800.0,0.62267835734115728,0.1954293008306692,0.088390804720780161,0.04106509148651858,0.024640735202226927,0.0068033071273661113,0.020992403291282428,0.0
Jalen Richard,RB,OAK,6.2747378687093667,4900.0,0.60407736599857131,0.22339413669162889,0.085243781978566288,0.04133079329140537,0.020681484520959217,0.0066155258250616784,0.018656911693807742,0.0
Ryan Mathews,RB,PHI,6.2182938027331174,6300.0,0.63621918906410757,0.18558060977595392,0.088012617092169357,0.044726115195044172,0.013902238218451074,0.0085795874169229992,0.02297964323735064,0.0
Wendell Smallwood,RB,PHI,6.1321543701788004,5900.0,0.66211288039787763,0.16281541745685263,0.076744507006001481,0.047391756421190756,0.018991632201099094,0.010433398574284236,0.021510407942694539,0.0
Shaun Draughn,RB,SF,5.7031052422391859,4700.0,0.68064470017826972,0.17109056889748156,0.076911915523540375,0.0346015525979321,0.0077164636665400573,0.0051267055614779506,0.023908093574758243,0.0
Darren Sproles,RB,PHI,5.5770942879075909,5400.0,0.68865722559859155,0.16113341183755311,0.073378319431141939,0.045970906934100685,0.010369408441652973,0.0033675187383127953,0.017123209018646668,0.0
Alfred Blue,RB,HOU,5.341556202285191,4600.0,0.71923653281721767,0.1557394616910249,0.06016395037872848,0.031368080733978711,0.0068026758433184934,0.0017010053659413488,0.024988293169790694,0.0
Josh Ferguson,RB,IND,5.3257038528864333,4500.0,0.68017416939170539,0.19573446296929684,0.064906437865415084,0.033379934547905124,0.010102612443772686,0.0020148730826871444,0.013687509699218097,0.0
Bobby Rainey,RB,NYG,5.2478181355184885,4900.0,0.70734206476050421,0.16412704660274993,0.071436599995802721,0.030848492552666921,0.0076749044141353005,0.00092834045807892944,0.017642551216062379,0.0
Javorius Allen,RB,BAL,5.2111088346540173,5600.0,0.73741526636347554,0.13024243731555127,0.076350645296137859,0.022337416500397236,0.00883443933024128,0.0029337577076427894,0.021886037486554679,0.0
Zach Zenner,RB,DET,5.1744056656303901,5400.0,0.73582086890318377,0.15139020982178333,0.053897840429653711,0.023773514811880246,0.0083786584697691461,0.0019618900226533189,0.024777017541077369,0.0
Damien Williams,RB,MIA,5.0759285664047535,4900.0,0.75304952608975417,0.13568552904422765,0.050419248706774916,0.022738158190564923,0.01227303827061205,0.004379459245599876,0.021455040452466302,0.0
Isaiah Pead,RB,MIA,4.8336781141653091,4500.0,0.7591061738359236,0.14473598561801415,0.044662824573285374,0.023965817675560431,0.0055634232128590946,0.0028364639053104976,0.019129311179047162,0.0
Kenjon Barner,RB,PHI,4.7159478083094459,5300.0,0.78671840263373272,0.11579693619479407,0.04076169757390715,0.026122436732799563,0.010720039883284033,0.0030676031945928066,0.016812883786889533,0.0
Malcolm Johnson,RB,CLE,4.7036064063390244,4500.0,0.81394050053571931,0.094970379922155318,0.039010097668057173,0.015298270043229603,0.0063658531121963827,0.0008829054934117068,0.029531993225231094,0.0
Mike Tolbert,RB,CAR,4.688278317548761,4800.0,0.76570173835678024,0.14682771244160334,0.043171229950140402,0.019506090713480778,0.0052235518470605076,0.0014199245679309806,0.0181497521230044,0.0
Joique Bell,RB,CHI,4.6365192784466478,5600.0,0.79986609526883934,0.10371633826744837,0.049487727630972873,0.018349783054870842,0.0052330716588784715,0.0020833136090849039,0.021263670509905297,0.0
Paul Perkins,RB,NYG,4.556138581217076,4500.0,0.81551839561522577,0.09781005687707324,0.039851855178550596,0.016999984157364943,0.0041918150825807415,0.00042304591533859798,0.025204847173866163,0.0
Rob Kelley,RB,WAS,4.4681169627058708,4700.0,0.80456580272029554,0.11684936454954414,0.035792387653049554,0.017689056251825146,0.0033747015736481411,0.0017421263334530615,0.019986560918184251,0.0
James Starks,RB,GB,4.4428214267879484,4700.0,0.8069741115853446,0.093433203429132708,0.058015941934357301,0.023174254115082164,0.0032286236786531488,0.0013121221156092923,0.013861743141821011,0.0
Kenneth Dixon,RB,BAL,4.4300792942711817,5800.0,0.82034791094823889,0.10133846345176709,0.037377385035946425,0.012017719924802587,0.0040605254161198015,0.0026330700390846833,0.022224925184040911,0.0
Jamize Olawale,RB,OAK,4.2555228916205996,4500.0,0.84179937755938294,0.085076762841754083,0.035141047303673463,0.010133579034877778,0.0060472649779209423,0.00037124665122366054,0.021430721631166712,0.0
Kapri Bibbs,RB,DEN,4.1587613907103709,4500.0,0.84405871156009493,0.091722406746321691,0.025489392324870176,0.013124406726937123,0.0056306872541931037,0.001785634980573658,0.018188760407009241,0.0
Kyle Juszczyk,RB,BAL,3.9747025383657988,4500.0,0.84427342003617123,0.096199833836904641,0.031523019546739167,0.011812863441763563,0.0018068967848692016,0.00031154934672020051,0.014072417006832047,0.0
Jerome Felton,RB,BUF,3.9732048830801352,4500.0,0.86994403524531472,0.073282206794846899,0.024527871737405893,0.0093448497250002115,0.0015474642540263144,0.00047973295125448509,0.020873839292152252,0.0
Dexter McCluster,RB,SD,3.96414071563043,4500.0,0.85930832095798859,0.085618401133404978,0.024127584449956798,0.010451780507962858,0.0018836439999963084,0.00060139507373592363,0.018008873876955902,0.0
Patrick DiMarco,RB,ATL,3.8238484256304619,4500.0,0.87014038464608356,0.083202835663693644,0.019676878741178516,0.0085142884994360828,0.0011136341557692279,0.00038144603419959055,0.016970532259639778,0.0
Andy Janovich,RB,DEN,3.8017605539936707,4500.0,0.86327240104255232,0.083536966434073143,0.028084873397364787,0.0091129724425078346,0.0038109310447359663,0.00074620372567856495,0.011435651913087838,0.0
Zach Line,RB,MIN,3.7969494318879633,4500.0,0.87962494264109936,0.071739140631422366,0.019613665945044129,0.010210017936350778,0.0013886960239613082,0.0006762755950744403,0.016747261227048015,0.0
Andre Ellington,RB,ARI,3.7402284331956959,4500.0,0.88152367345539329,0.073477982402065073,0.019457200675038588,0.0072939018398138055,0.0016202803005576981,0.00052318164068799848,0.0161037796864438,0.0
D.J. Foster,RB,NE,3.735256973302663,4700.0,0.86498319159216586,0.093042454541567121,0.019369561450244564,0.0073608164344822749,0.0021171705159563851,0.00040369978339292002,0.012723105682190686,0.0
Fitzgerald Toussaint,RB,PIT,3.6294313379541174,4500.0,0.88854498991431441,0.069641168718382329,0.017755081792158872,0.0090337759839569688,0.0014029701121663475,0.00034757381736279339,0.013274439661657473,0.0
Ka'Deem Carey,RB,CHI,3.5198406979536085,4600.0,0.90215052709983723,0.060280422819703243,0.017375356165578375,0.0051976136656253858,0.0013186790568920574,0.0005557736899629987,0.013121627502400375,0.0
Paul Lasike,RB,CHI,3.5184526394033488,4500.0,0.90724840587272348,0.054892312671910234,0.016504541064246835,0.0052318697249297795,0.0015065594117966716,0.00062582459684108185,0.013990486657551496,0.0
Reggie Bush,RB,BUF,3.5132639535040204,4900.0,0.9115663428339057,0.050286872219703967,0.016602423621231824,0.0037823637262656856,0.0026761524651953551,0.00063241544665225554,0.014453429687045608,0.0
Ty Montgomery,RB,GB,3.478125803902731,4500.0,0.9097408687361388,0.054675189705318518,0.013466256024620928,0.0077845554630205389,0.00065144328765786316,0.00058196306985869349,0.013099723713384517,0.0
Jalston Fowler,RB,TEN,3.4612633015378829,4500.0,0.91647085938189488,0.047669877849948486,0.015339335560586028,0.0047811237483928321,0.00064509227717519685,0.00075250113363017662,0.014341210048373163,0.0
Jay Prosch,RB,HOU,3.4595788302286725,4500.0,0.9075342001304848,0.059709719587720228,0.014218651159171168,0.0041984877191339493,0.00053394537863728718,0.00046331646254856642,0.013341679562304283,0.0
Rod Smith,RB,DAL,3.4439406162966923,4500.0,0.92376966025894047,0.043065329188351202,0.012782010684797871,0.0029663284362594707,0.00042676093234479895,0.00058778305483836663,0.016402127444467986,0.0
Mike Davis,RB,SF,3.4419320661868791,4500.0,0.91863607851158779,0.046547077927716396,0.01556697578901505,0.0034255581758819401,0.00054963605439497306,0.00070347535514945928,0.014571198186254786,0.0
James Develin,RB,NE,3.4071767005292437,4500.0,0.91264256357293094,0.05792743823287784,0.011988160222564419,0.003347999430738205,0.00053301058654396216,0.00052656060919346805,0.013034267345151411,0.0
George Atkinson,RB,CLE,3.399055141866524,4500.0,0.9227233170236101,0.045313790791235348,0.012552937374243494,0.0041448372068271372,0.00045260205313058698,0.00075660538707733181,0.014055910163875729,0.0
Peyton Barber,RB,TB,3.396646917708273,0.0,0.91979132502238548,0.049369569426720813,0.012743849990702045,0.0031386786456353744,0.00049043064981851598,0.0006237300822997759,0.013842416182438521,0.0
Aaron Ripkowski,RB,GB,3.3816300080209816,4500.0,0.92353460951734068,0.043394118224517345,0.012203642368406349,0.0071972684976849763,0.00040045870727897645,0.00061560608688067885,0.012654296597891088,0.0
Antonio Andrews,RB,TEN,3.3814808650393808,4500.0,0.92200123474769569,0.045699500804298798,0.014453961888481269,0.0034408523348180829,0.0004356824104815923,0.00078235267481804426,0.01318641513940676,0.0
Derek Watt,RB,SD,3.374095010992693,4500.0,0.91893503897355455,0.049252220317257296,0.013459451668422318,0.005176895869016076,0.00057737595476192629,0.00072394986138884945,0.011875067355599423,0.0
Michael Burton,RB,DET,3.3628922737498415,4500.0,0.92195162688163923,0.048136546895546868,0.012560617769364126,0.0032670825012585027,0.00046441567848742692,0.00057756978740410839,0.013042140486299618,0.0
Jordan Todman,RB,IND,3.3467747958737344,4500.0,0.92574137003516732,0.043556802584476716,0.013379163621088652,0.0032122498959952089,0.00049735707873971411,0.00071414516954385022,0.012898911614989066,0.0
Rex Burkhead,RB,CIN,3.3465582903672715,4500.0,0.9265328661697374,0.043229903155624631,0.012664090589125243,0.0032108266649200855,0.0005226281666571215,0.00061824871493190844,0.013221436539004662,0.0
Ryan Hewitt,RB,CIN,3.3465582903672715,4500.0,0.9265328661697374,0.043229903155624631,0.012664090589125243,0.0032108266649200855,0.0005226281666571215,0.00061824871493190844,0.013221436539004662,0.0
Stepfan Taylor,RB,ARI,3.336985282278393,4500.0,0.92651122232538452,0.042997695359476798,0.013306852972684899,0.003367368299584401,0.00045707161176119864,0.00065557833144729255,0.01270421109966113,0.0
Chase Reynolds,RB,LARM,3.333311040025817,4500.0,0.92871879595406048,0.041032041020059175,0.012665561591267634,0.0033565030271927036,0.0005035213060564863,0.00065853444139901175,0.013065042659964596,0.0
Malcolm Brown,RB,LARM,3.3322709451168353,4500.0,0.92737262906132345,0.042941494397816929,0.01239998665161981,0.003249241063472194,0.00050800305822572874,0.00066880772668820733,0.012859838040853836,0.0
Tyler Ervin,RB,HOU,3.2843584551709482,4500.0,0.93002119944373007,0.042466833025112567,0.011440881062121728,0.0031684023501770179,0.00040909147036888825,0.00055121950823779336,0.011942373140251993,0.0
