name,pos,team,expectation,salary,prob_0_5,prob_5_10,prob_10_15,prob_15_20,prob_20_25,prob_25_30,prob_30+,label
Tom Brady,QB,NE,29.505490044171673,8700.0,0.021656950208137956,0.00010847053575285958,0.12800203637853166,0.099931601133158382,0.0083470209917026836,0.007265271144949674,0.73468864960776681,6.0
Matt Ryan,QB,ATL,27.545010141683179,7700.0,0.00016010539857149158,0.0026305631296425352,0.039959973025572297,0.20029725583584854,0.14368511930963049,0.1569440780299963,0.45632290527073838,6.0
Philip Rivers,QB,SD,21.844301044781513,8300.0,7.3254482308893142e-05,0.0038603509557808375,0.0074620762309182487,0.55716603231962092,0.047246225031362589,0.33843712527712189,0.0457549357028866,3.0
Carson Wentz,QB,PHI,21.452992763340102,7500.0,0.0014150573692986769,0.0026094575091026332,0.078570781341239251,0.04692515234947784,0.86690540220798173,0.00052100223518013308,0.0030531469877197845,4.0
Marcus Mariota,QB,TEN,20.270994001210848,7000.0,0.0010230176789924382,0.18236435373184251,0.04204745403682255,0.22214434704606578,0.25119322294883728,0.22763054941348024,0.073597055143959131,4.0
Derek Anderson,QB,CAR,20.090839818616008,5000.0,0.00025070475955158193,0.055776949827998461,0.38647717215743177,0.022966088413822822,0.0619334608945242,0.46604466326172572,0.0065509606849455462,5.0
Drew Stanton,QB,ARI,20.077346814572433,6300.0,0.034361143030295874,0.046244423378004218,0.082506975140288735,0.56979869467571564,0.018455475232330133,0.0634155808216256,0.18521770772173993,3.0
Derek Carr,QB,OAK,19.817114092529234,8100.0,0.036640650098730035,0.09277105376248003,0.23731278098130926,0.13928265719214258,0.15038068081862166,0.2378824290158823,0.10572974813083423,5.0
Jameis Winston,QB,TB,19.4942741639316,7400.0,0.021589949128796648,0.025910595955576307,0.076424308663451179,0.50913856181582529,0.24232462594930373,0.057730866604436333,0.066881091882610544,3.0
Dak Prescott,QB,DAL,19.446147207952407,7300.0,0.0013293294843738552,0.1490756352149086,0.044404729081902211,0.15188372905506026,0.57509726473421996,0.075370952454846901,0.0028383599746882224,4.0
Aaron Rodgers,QB,GB,19.051143570996487,9100.0,0.071210618112876281,0.00026543769182823905,0.26214343649306948,0.029843537826452049,0.57629859187249,0.00039868964622126772,0.059839688357062708,4.0
Blaine Gabbert,QB,SF,18.761032724878927,6500.0,0.012245607170154989,0.036530162835697044,0.082632172192200093,0.69028456309593322,0.056718841335620489,0.02509550918810368,0.096493144182290408,3.0
Tyrod Taylor,QB,BUF,18.527273635697412,7600.0,0.021018335882345623,0.088783649331106523,0.14910911415948067,0.38538377598846324,0.2091184378350098,0.084657129359584679,0.061929557444009534,3.0
Andrew Luck,QB,IND,17.862964467644186,8600.0,0.0051910161783609429,0.24857051637037963,0.00044308197146528577,0.16059780576022278,0.58464555406908603,0.000551724713093617,3.0093739173321952e-07,4.0
Ryan Tannehill,QB,MIA,17.507357988418882,7100.0,0.031096131177629327,0.039542525700510936,0.24582818766516096,0.33166531844670694,0.30706538149075968,0.029467163683484197,0.015335291835748071,3.0
Matthew Stafford,QB,DET,15.732939856857737,8200.0,0.0029683156259045465,0.11429149385880216,0.6514072208174424,0.043067513497417616,0.005248349437247943,0.073550064216060404,0.10946704254712515,2.0
Ryan Fitzpatrick,QB,NYJ,15.63220417595871,6900.0,0.01276202176512649,0.1005713136516716,0.38891779341951849,0.27226603589528359,0.21016947260623126,0.0059859471425573844,0.0093274155196109345,2.0
Ben Roethlisberger,QB,PIT,14.802058299535148,8600.0,0.060583361593262761,0.2816834847542326,0.0051298276458697127,0.45748870823928767,0.17987381108036679,0.015038728429096815,0.00020207825788352339,3.0
Joe Flacco,QB,BAL,14.247459496873216,7600.0,4.4605212045438768e-05,0.42533978890841512,0.22369839109103778,0.012560225068298517,0.25400511864854736,0.083488655653796442,0.00086321541785933282,1.0
Jimmy Garoppolo,QB,NE,13.138444872271748,6000.0,0.3953487764253355,0.00094489976977518827,0.0020957373606400216,0.31661538315210974,0.27179140603894908,0.0001892371963791313,0.013014560056811278,0.0
Case Keenum,QB,LARM,12.875720239011848,6600.0,0.1202616386897099,0.18251505139163499,0.41171056502776121,0.12058622721460141,0.12243434524751097,0.038991544710476118,0.003500627718305227,2.0
Brian Hoyer,QB,CHI,12.792239198516869,6000.0,1.010119753030399e-05,0.079088793070905231,0.86669828979970398,0.0081717462082373012,0.020972587513153167,0.016882170674879609,0.00817631153559043,2.0
Sam Bradford,QB,MIN,12.770764428621112,7400.0,0.034972122266707067,0.38886848829355386,0.26255928268857087,0.1206832073757504,0.18651999269420635,0.0063624361856161136,3.4470495595268153e-05,1.0
Andy Dalton,QB,CIN,11.826976234874287,7800.0,0.00018095254165978564,0.69718926008669357,0.019515785892136712,0.029810644210441956,0.23484026017408599,0.013085792894108101,0.0053773042008738595,1.0
Eli Manning,QB,NYG,11.561434054382598,7700.0,0.1288980680626807,0.48190354425311382,0.062900377801471563,0.10163096799431866,0.22374603421724129,0.00085405312939317176,6.6954541780859958e-05,1.0
Cody Kessler,QB,CLE,11.355920639383024,6400.0,0.00011251319306692842,0.61741787119586178,0.18412705267047697,0.051546506800576528,0.10316446677412025,0.043593711357836351,3.7878008061056304e-05,1.0
Paxton Lynch,QB,DEN,11.272958709165858,6800.0,0.0029320293241749968,0.69168424936738893,0.020724767723309608,0.18532948057710769,0.031979672933754956,0.066815251286596239,0.00053454878766757519,1.0
Brock Osweiler,QB,HOU,10.564207308297012,7200.0,0.0054918528378659478,0.54908733715934155,0.39092165064474543,0.011743026166860985,0.0089405902968302132,0.0059210968604299632,0.027894446033925657,1.0
Kirk Cousins,QB,WAS,9.4245536484541361,7500.0,0.49975767781574232,0.083258200514437067,0.14800848404966088,0.14373842617243704,0.075104283358187252,0.034573922303315081,0.015559005786220414,0.0
Landry Jones,QB,PIT,7.5731199057706595,5500.0,0.030760678357511104,0.94948198908843617,0.00040840644267219972,0.015140987228793939,0.0023568178459105016,0.0017048937520445413,0.00014622728463150526,1.0
Charlie Whitehurst,QB,CLE,5.482460678360968,6000.0,0.74811304438590154,0.073595988870884324,0.056760967057887309,0.086629609512213851,0.029703546396179378,0.0020721906572609659,0.0031246531196724285,0.0
