name,pos,team,expectation,salary,prob_0_5,prob_5_10,prob_10_15,prob_15_20,prob_20_25,prob_25_30,prob_30+,label
Philip Rivers,QB,SD,19.012683991804497,8300.0,0.015468968100666959,0.075336588191786902,0.054988035568772166,0.46029082163185303,0.27864334327045309,0.084994186655229953,0.030278056581237993,3.0
Eli Manning,QB,NYG,18.48316796628324,7700.0,0.039443787201607218,0.067385656670379088,0.11204562707826311,0.31819342402587592,0.40131103773762078,0.036800518639344984,0.02481994864690883,4.0
Ben Roethlisberger,QB,PIT,18.32365695217705,8600.0,0.02138441064921771,0.094648639764561726,0.13633478958578535,0.45946722782111077,0.12621040500735006,0.092356372407525672,0.06959815476444875,3.0
Jameis Winston,QB,TB,17.925497212093052,7400.0,0.014994107495036747,0.030105071190870039,0.15421021076535121,0.59541992545804789,0.12012700906285398,0.049085171406321425,0.036058504621518675,3.0
Tyrod Taylor,QB,BUF,17.807236507580001,7600.0,0.02748074324341537,0.056004012337697473,0.25277382336636101,0.31818124117458224,0.23736037530420351,0.071592208016194966,0.036607596557545481,3.0
Kirk Cousins,QB,WAS,17.207641419671813,7500.0,0.02104956452431981,0.080281801472412151,0.060609425919359847,0.69683013043936137,0.083755813130289972,0.039374821705788959,0.018098442808467993,3.0
Ryan Tannehill,QB,MIA,16.383789414678958,7100.0,0.05667035519794978,0.045704353611197623,0.23423974937787739,0.4981330271486567,0.11088689826011568,0.019166100363274818,0.035199516040928094,3.0
Marcus Mariota,QB,TEN,16.240227005763852,7000.0,0.087780672662911396,0.14561520598988151,0.14889466476964724,0.34563169137057559,0.1909031777565722,0.015667825294732863,0.065506762155679216,3.0
Aaron Rodgers,QB,GB,16.150401068344618,9100.0,0.21308860606052954,0.021605714879399263,0.22425793866499302,0.1521814601790025,0.16589802393332728,0.2063143470990961,0.016653909183652435,2.0
Derek Carr,QB,OAK,15.460622673460545,8100.0,0.039617084216801157,0.26415619557398157,0.14485659671863516,0.31077234217024519,0.1456656261211062,0.062522262739535886,0.032409892459694958,3.0
Matt Ryan,QB,ATL,15.10623101074723,7700.0,0.017596345489661373,0.029733831465319684,0.53195484447666286,0.33093966330330721,0.049002811999366347,0.017499218269014842,0.023273284996667594,2.0
Case Keenum,QB,LARM,14.264421421643346,6600.0,0.17001200631036392,0.092035524875466443,0.28717285241000018,0.29609570729568951,0.062477365807846741,0.034024041292912775,0.058182502007720453,3.0
Ryan Fitzpatrick,QB,NYJ,13.734718938959951,6900.0,0.040807823917513586,0.27937908696472585,0.30385480957773187,0.2494886896696128,0.06016421564246742,0.040168521592381712,0.026136852635566771,2.0
Joe Flacco,QB,BAL,13.372203511840819,7600.0,0.11654679514502019,0.15829679031217145,0.40860032887407827,0.16717578094943572,0.095323934264561164,0.023497489036321723,0.0305588814184116,2.0
Blaine Gabbert,QB,SF,13.354530392594828,6500.0,0.062449246713463524,0.31802804506805232,0.16824150966984788,0.36913767214996968,0.032823105460185076,0.028595440186374076,0.02072498075210738,3.0
Brian Hoyer,QB,CHI,13.144374283691516,6000.0,0.11542196447877216,0.079184143189472214,0.61043926540318327,0.05746202556700581,0.080405917949820507,0.024174005289456381,0.032912678122289658,2.0
Matthew Stafford,QB,DET,13.055865725052596,8200.0,0.017211145253599371,0.17749339183120791,0.6017471922090627,0.13431410836470756,0.041440486928328253,0.012785196154241915,0.015008479258852417,2.0
Dak Prescott,QB,DAL,12.677214707702323,7300.0,0.35951322093452187,0.057601770641030246,0.12130027116662655,0.27875137824993018,0.089086026847855576,0.044476848410175351,0.049270483749860219,0.0
Sam Bradford,QB,MIN,12.194802331440284,7400.0,0.32912769305755313,0.13013776246167469,0.078102058890282794,0.32017770360281039,0.070377948615962402,0.038617157428414886,0.033459675943301743,0.0
Andy Dalton,QB,CIN,12.020006917112662,7800.0,0.31147565817629125,0.07997578113549271,0.36113614445440534,0.068601558957424286,0.066836025538578051,0.066154581296073323,0.045820250441734933,2.0
Brock Osweiler,QB,HOU,11.849679536632454,7200.0,0.12527038433118906,0.22785741212363603,0.47180545725612349,0.0853305606132789,0.040503113758093318,0.026367682431010436,0.022865389486668636,2.0
Tom Brady,QB,NE,10.859561824494797,8700.0,0.54216187762698698,0.014022262128601503,0.061142692730087905,0.19071337617795281,0.10577790932764788,0.013219521060644715,0.072962360948078273,0.0
Andrew Luck,QB,IND,8.3800334525407436,8600.0,0.5719602351861246,0.078608953393066505,0.17177054126589358,0.054071511458062424,0.055004466098213529,0.049449097383268498,0.01913519521537093,0.0
Carson Wentz,QB,PHI,4.9352816688915668,7500.0,0.83440305783252922,0.029745638002660387,0.031130515541910042,0.065196120575592709,0.012961652137699509,0.016696605998797177,0.0098664099108109089,0.0
Cody Kessler,QB,CLE,4.0550996913466753,6400.0,0.88485203194464312,0.028109198771164572,0.038947304735320681,0.018617997982588893,0.012184317005874554,0.0079697360575914367,0.0093194135028164919,0.0
Jimmy Garoppolo,QB,NE,3.6892077956695086,6000.0,0.94431096883716481,0.0048177187510582498,0.0071554224103402668,0.011670526583338626,0.0079105378277230486,0.0032114012241204739,0.020923424366254263,0.0
Drew Stanton,QB,ARI,3.1997672938692165,6300.0,0.94897749090743644,0.016329163866051957,0.0093751303068269343,0.0097712853018848741,0.0086671945441201721,0.0025512518446103452,0.0043284832290692819,0.0
Paxton Lynch,QB,DEN,2.8090983391049824,6800.0,0.97901028925621714,0.005322938917611565,0.0039120446195608175,0.0059339002609210744,0.0019238010751235983,0.0014366223851134483,0.0024604034854520886,0.0
Derek Anderson,QB,CAR,2.731337993638522,5000.0,0.98595286940345472,0.002180527118640745,0.0021989181850506764,0.0044735599084991086,0.0023680870356630589,0.0010486945971238427,0.0017773437515682037,0.0
Charlie Whitehurst,QB,CLE,2.6134913518705725,6000.0,0.99137800037068247,0.0035476931417347491,0.0010547520216949587,0.0016261612553015146,0.00096716155904525813,0.00065104169874236246,0.00077518995279881545,0.0
Landry Jones,QB,PIT,2.5368329681256294,5500.0,0.99753862598454268,0.00082470554928788938,0.00025604342044663152,0.00041682984478331195,0.00039557879465278926,0.00033094007925547772,0.00023727632703170721,0.0
