name,pos,team,expectation,salary,prob_0_5,prob_5_10,prob_10_15,prob_15_20,prob_20_25,prob_25_30,prob_30+,label
Jordan Reed,TE,WAS,12.938553193745271,7800.0,0.21511735155286635,0.15179214912932229,0.27358781792936993,0.20038931593799872,0.078272965953248383,0.033986369731841,0.046854029765353425,2.0
Greg Olsen,TE,CAR,10.258120999297082,8000.0,0.29123799701239894,0.23793598206478375,0.24303780355891916,0.13671166740095567,0.055167232720689213,0.024401256322319122,0.011508060919934544,0.0
Jason Witten,TE,DAL,9.4788745920406754,5800.0,0.27477695620285697,0.32390724033810436,0.233594433426007,0.1029360423681778,0.035056107326477882,0.025062451594580426,0.0046667687437953673,1.0
Rob Gronkowski,TE,NE,9.3605829865423349,7200.0,0.30656092729016504,0.29849573893505388,0.24104078230424994,0.085399693319683667,0.028675443199708998,0.025493170783581934,0.014334244167556374,0.0
Gary Barnidge,TE,CLE,9.2319933982010163,5700.0,0.27660504676104669,0.3466520887419528,0.21339041764787145,0.11211373437180006,0.029148900058761636,0.015703218979084731,0.0063865934394826763,1.0
Dwayne Allen,TE,IND,9.0150865347521609,5600.0,0.27395064685223336,0.36713674675636271,0.21430186169963933,0.093781183557839709,0.034642679607463596,0.011901441487052593,0.0042854400394083548,1.0
Kyle Rudolph,TE,MIN,8.6535168884480065,5500.0,0.30973968318322165,0.35919720179378234,0.20573998645197597,0.07852974386360323,0.017323693483113221,0.024273863659579974,0.0051958275647238181,1.0
Martellus Bennett,TE,NE,8.5117974394224092,6300.0,0.36924878779614118,0.31718673349850823,0.17320373578274617,0.07497557376719538,0.022604683302889974,0.036435553156025431,0.0063449326964935496,0.0
Cameron Brate,TE,TB,8.3120266231367363,5400.0,0.31524393658656324,0.39206373468101252,0.17580717883292488,0.075388030840328732,0.022453528907390136,0.014022874571090698,0.0050207155806899564,1.0
Jacob Tamme,TE,ATL,8.2788297533586785,5400.0,0.37863351517489419,0.28441096956379186,0.20065658651864057,0.096930772153747694,0.026169783484067347,0.0074793783389525727,0.0057189947659057744,0.0
Zach Miller,TE,CHI,7.9018472031417888,5400.0,0.40165155732788321,0.31252762973754478,0.15646215776351091,0.085418172964847772,0.025098865004258047,0.016135330240331404,0.0027062869616243331,0.0
Hunter Henry,TE,SD,7.7229937204497379,5400.0,0.41097251054224998,0.2760348207282472,0.2272650180613669,0.050795794490718311,0.01951135763417397,0.011088111533980757,0.0043323870092633453,0.0
Antonio Gates,TE,SD,7.5739152550677726,5700.0,0.56718125921582951,0.12203925060248592,0.059079978471113369,0.2421900106884953,0.0025116978835824917,0.0050124670207888078,0.0019853361177048765,0.0
Zach Ertz,TE,PHI,7.5247202099042818,5600.0,0.56254118458111968,0.13276091333780962,0.062145333618239679,0.23312734394441054,0.0023009557654568727,0.0046674269218383944,0.0024568418311255403,0.0
Dennis Pitta,TE,BAL,7.2701373224794699,5500.0,0.4239768828400528,0.33718980517558661,0.14380073360120962,0.064565756293081727,0.020247901651233038,0.0079171108124865587,0.0023018096263503892,0.0
Delanie Walker,TE,TEN,7.2410428249131593,6400.0,0.48864598860680725,0.27653814377351366,0.13936938161961313,0.046881419330209527,0.010547626343623266,0.024677645010498808,0.01333979531573477,0.0
C.J. Uzomah,TE,CIN,6.4665847124260303,5100.0,0.5346015584634779,0.26109448757305015,0.12930975624824825,0.048192798277132694,0.010965465025267119,0.011847257466774326,0.0039886769460494159,0.0
Charles Clay,TE,BUF,6.1659772501051364,5200.0,0.58657712267887085,0.22019461673536983,0.10655668952428236,0.062721613759206291,0.011622672746743229,0.009930285092288953,0.0023969994632393773,0.0
Brent Celek,TE,PHI,6.0995823323873459,5100.0,0.59833807882481715,0.20158553628050499,0.12022903812310928,0.056245152419515783,0.01569573040961298,0.003358360381407929,0.004548103561031816,0.0
Jack Doyle,TE,IND,6.0061572473605409,4700.0,0.57091593440529809,0.23876706622132293,0.13105514569638629,0.043786572437842314,0.0098167087869468449,0.0047021210284180744,0.00095645142378581762,0.0
Garrett Celek,TE,SF,5.9012608742094868,4500.0,0.58015674079669965,0.26053041383733849,0.097642269025345535,0.042309901460924448,0.0053570983263717979,0.009962748220646727,0.0040408283326729072,0.0
Ryan Griffin,TE,HOU,5.730099682981419,4500.0,0.58205177848094081,0.24704990167761665,0.13595745101671802,0.022631798863285729,0.0072091700608276944,0.0018841955346056351,0.0032157043660053924,0.0
Will Tye,TE,NYG,5.7164102592719823,4800.0,0.61461897868767412,0.23035566215343783,0.094195087861418461,0.03607985794140247,0.010132676864644467,0.012832902999275772,0.0017848334921472882,0.0
David Johnson,TE,PIT,5.0342431866601292,4500.0,0.73311035881491959,0.14903626547138205,0.072604416075185571,0.019693542421701002,0.0043212419211835548,0.0011894631074317351,0.020044712188196413,0.0
Dion Sims,TE,MIA,4.6882967073732997,4500.0,0.71817376040406511,0.16314271266477021,0.091338853556739555,0.022592389250092597,0.002585569153921287,0.00024277998481149238,0.001923934985598596,0.0
Jeff Heuerman,TE,DEN,4.5965362097147082,4500.0,0.73793401374757461,0.15472281602633697,0.078138705826064206,0.019659772554747639,0.0043609830589420124,0.0012068951644756958,0.0039768136218594772,0.0
Nick O'Leary,TE,BUF,4.5881779879642153,4500.0,0.73609768584080848,0.14769343466546617,0.091170169270917784,0.017236616353998799,0.0052101104830713819,0.0011975724106870482,0.0013944109750498683,0.0
Jesse James,TE,PIT,4.2665280768444029,4500.0,0.76457243911461392,0.15358681674847291,0.057779437271740709,0.017017614553980945,0.0045800868738461393,0.00081780161543310438,0.0016458038219128103,0.0
Ed Dickson,TE,CAR,4.2037787766396182,4500.0,0.78197907380016285,0.1310426924543833,0.066406958926175597,0.013127976130387442,0.0023490161588855759,0.003329122967034272,0.0017651595629712428,0.0
C.J. Fiedorowicz,TE,HOU,4.177508086774532,4500.0,0.78349425748445256,0.13644159900365951,0.060502358810458595,0.012762431269054438,0.0015306454043324366,0.00040078458429460272,0.0048679234437482401,0.0
Richard Rodgers,TE,GB,3.9309425026635236,5000.0,0.8066028654994658,0.13838923824037042,0.032836585255207648,0.01164500782322124,0.0080280527988005595,0.00077318024801341454,0.0017250701349209177,0.0
Xavier Grimble,TE,PIT,3.7343940455304376,4500.0,0.82122720082909628,0.13464158876864218,0.032731859053862056,0.0069305547371314143,0.00092899441359370479,0.00049523594728714555,0.0030445662503871445,0.0
Austin Hooper,TE,ATL,3.6893655286182248,4500.0,0.84954129266980938,0.095242408863504366,0.033021976254595457,0.018286440329925664,0.0010884897309416121,0.00063505636370116321,0.0021843357875230831,0.0
Lance Kendricks,TE,LARM,3.6492534897528071,4500.0,0.84204876069504497,0.11349192196668244,0.028258124967577146,0.011943452250507703,0.0011822175472012086,0.00047173174401260123,0.0026037908289743934,0.0
Trey Burton,TE,PHI,3.5986471399221687,4500.0,0.88693253037627073,0.065260770038363794,0.029940815564704609,0.0048779563625105113,0.00029192361914954091,0.0024923753339853734,0.010203628705015979,0.0
Crockett Gillmore,TE,BAL,3.550728097931338,4600.0,0.85965546914523716,0.099868574537790383,0.026481940199133268,0.0083894030550917473,0.0015790982926078177,0.00022485579426851656,0.0038006589758710105,0.0
Vernon Davis,TE,WAS,3.5054920051925054,4600.0,0.87886943883362201,0.080532404006175284,0.029327542485630208,0.0023937818441496471,0.0009827007323090066,0.00034206335890542305,0.0075520687392082063,0.0
Justin Perillo,TE,GB,3.3950372228182535,4500.0,0.86510566595270488,0.10047813171046641,0.029809375025282709,0.0026994188626522464,0.00047300675305790211,0.000268887880335767,0.0011655138155002528,0.0
Logan Paulsen,TE,CHI,3.2938760867220624,4500.0,0.8907238603861054,0.079989699894729677,0.020937520411910764,0.0041441262760836504,0.001057794560363787,0.00013904700272733897,0.0030079514680797399,0.0
Niles Paul,TE,WAS,3.248927972757079,4500.0,0.90762174643839011,0.06507143252300697,0.016347520566174376,0.0021804373220693854,0.0030763073314020446,0.0025960221459830849,0.0031065336729736068,0.0
Tyler Kroft,TE,CIN,3.2110501547582797,4500.0,0.91603908105996878,0.057450091801134327,0.015813010675291089,0.0034043662419347941,0.00096499420282309051,0.0013827479064453506,0.0049457081124024494,0.0
Mychal Rivera,TE,OAK,3.1987256107049373,4500.0,0.89285415866177142,0.0856470782967962,0.016964853235029605,0.0017930766834312198,0.00092623599403722522,0.00047381199358804868,0.0013407851353460488,0.0
Jermaine Gresham,TE,ARI,3.1207787880041109,4500.0,0.93188392672955001,0.047545072751154493,0.011060734433218297,0.0012807964165725719,0.00072555082186558084,0.00068723270906234516,0.0068166861385753914,0.0
Ifeanyi Momah,TE,ARI,3.0765657433726177,4500.0,0.93260484579540992,0.048321027096008141,0.011034195673897993,0.0013182800570647217,0.00070497230800168741,0.00063960874999214386,0.005377070319624342,0.0
MyCole Pruitt,TE,MIN,3.0643715017208817,4500.0,0.91617417387315925,0.064466834588819244,0.015328458621602915,0.0019377934445430466,0.00054199022584416922,0.00020710854937209394,0.0013436406966592499,0.0
Sean McGrath,TE,SD,3.0541968916363373,4500.0,0.92758398386973206,0.047772613851585509,0.015409673342064381,0.0074709097938215107,0.00049780529729658897,0.00025274851656637151,0.0010122653289338737,0.0
Brandon Myers,TE,TB,3.0333316007762763,4500.0,0.93107379893988873,0.046244465609824682,0.017069494631483394,0.001952319443349791,0.0009082058375887034,0.00072871159604155536,0.0020230039418233313,0.0
Austin Seferian-Jenkins,TE,NYJ,3.0260571053173009,4600.0,0.92890562380972774,0.054021122361082717,0.011468309063472036,0.0014345360290171996,0.00080993170195247993,0.00075517003019097276,0.002605307004556487,0.0
Geoff Swaim,TE,DAL,3.0245421327894335,4500.0,0.9322007412052441,0.046534375224520447,0.015711059524517554,0.0015878586411963874,0.00087668278775484502,0.0009324745328403404,0.0021568080839263,0.0
Gavin Escobar,TE,DAL,3.0245421327894335,4500.0,0.9322007412052441,0.046534375224520447,0.015711059524517554,0.0015878586411963874,0.00087668278775484502,0.0009324745328403404,0.0021568080839263,0.0
Cole Wick,TE,DET,3.0191623292861878,4500.0,0.92744900655570117,0.051431795675730203,0.01633694129600945,0.0028262258111311799,0.00040066798268783579,0.0003096127909771493,0.0012457498877627405,0.0
Alan Cross,TE,TB,3.0071106213795233,0.0,0.92737076219629089,0.058322708676001242,0.009882507993918821,0.000588780661009745,0.00084446254572783492,0.00083323271980567681,0.0021575452072456745,0.0
Dominique Jones,TE,MIA,2.9839525829503586,0.0,0.93459065886631665,0.05018356315450416,0.010297445825488796,0.00061364656376363942,0.00098833248043814909,0.00093566869341928658,0.0023906844160692478,0.0
Anthony Fasano,TE,TEN,2.9770757288564926,4500.0,0.93694683010832047,0.04494271832277015,0.013515098751303538,0.00071533208906626419,0.0010331233526726725,0.00089406178340059909,0.0019528355924659905,0.0
Phillip Supernaw,TE,TEN,2.9770757288564926,4500.0,0.93694683010832047,0.04494271832277015,0.013515098751303538,0.00071533208906626419,0.0010331233526726725,0.00089406178340059909,0.0019528355924659905,0.0
Connor Hamlett,TE,CLE,2.9692002180948109,4500.0,0.93462342136399401,0.051009194377205122,0.0099989151728089587,0.00063022793879302208,0.00083611469700292673,0.00084396375634846279,0.0020581626938471075,0.0
Levine Toilolo,TE,ATL,2.9597961699306174,4500.0,0.93943044732113423,0.045875925953309214,0.0097240778771725579,0.00062086327272475232,0.00086712809469162715,0.00088404902983803702,0.0025975084511289993,0.0
Marqueis Gray,TE,MIA,2.9518774345775762,4500.0,0.9370315086211034,0.048349431855863642,0.010526389713625095,0.00055094978674100103,0.0010603830739771309,0.00069986412680712754,0.0017814728218822195,0.0
Jerell Adams,TE,NYG,2.927346843565275,4500.0,0.94094953845548968,0.046373668502673125,0.0085292024180254576,0.00055172083865003539,0.00075667612596309257,0.00073288695350630091,0.0021063067056918653,0.0
Khari Lee,TE,DET,2.913767552474924,4500.0,0.9438192038027936,0.042823959159613394,0.0092689414908140727,0.00056185102954888974,0.000850228169777266,0.00072506911496890685,0.0019507472324835709,0.0
Clay Harbor,TE,DET,2.913767552474924,4500.0,0.9438192038027936,0.042823959159613394,0.0092689414908140727,0.00056185102954888974,0.000850228169777266,0.00072506911496890685,0.0019507472324835709,0.0
Brandon Bostick,TE,NYJ,2.9085590839762214,4500.0,0.94438788645836458,0.041470631735909182,0.010397641127352392,0.00059415315299459067,0.00070631162311684658,0.00069583100768272886,0.0017475448945793407,0.0
Kellen Davis,TE,NYJ,2.9085590839762214,4500.0,0.94438788645836458,0.041470631735909182,0.010397641127352392,0.00059415315299459067,0.00070631162311684658,0.00069583100768272886,0.0017475448945793407,0.0
Blake Bell,TE,SF,2.9011096425605829,4500.0,0.94482893232117271,0.042122271417524761,0.0092910022696781162,0.00068180084490675631,0.00066124441256198692,0.00057906293449293505,0.0018356857996619943,0.0
Scott Simonson,TE,CAR,2.8977533460198628,4500.0,0.94705687577174957,0.039884947529120383,0.0088367176416266398,0.0006569127847170118,0.00087780049520923688,0.00063566766509077523,0.0020510781124857551,0.0
Tyler Higbee,TE,LARM,2.8775048393277696,4500.0,0.9478657033899045,0.039454018302267704,0.0092891221961513802,0.00058124355818963878,0.00069170874164535827,0.00054012349808671661,0.0015780803137538336,0.0
Cory Harkey,TE,LARM,2.8775048393277696,4500.0,0.9478657033899045,0.039454018302267704,0.0092891221961513802,0.00058124355818963878,0.00069170874164535827,0.00054012349808671661,0.0015780803137538336,0.0
