name,pos,team,expectation,salary,prob_0_5,prob_5_10,prob_10_15,prob_15_20,prob_20_25,prob_25_30,prob_30+,label
David Johnson,RB,ARI,16.74414715655918,9000.0,0.049090844987051581,0.17509059767740645,0.22301015569444449,0.23543392655458267,0.15050263482754317,0.11017383894113243,0.056698001317839579,3.0
Ezekiel Elliott,RB,DAL,15.529767101246017,7900.0,0.076145968098961181,0.19306889163680177,0.25074155244789709,0.19296744316692238,0.1627625830902909,0.084392925519766099,0.039920636039360906,2.0
DeMarco Murray,RB,TEN,14.60365294858201,8400.0,0.082328509937954014,0.21320176915318728,0.25391707448730005,0.25237395521609202,0.10105817251969011,0.061962170397313748,0.035158348288463016,2.0
LeSean McCoy,RB,BUF,14.351127052856123,7800.0,0.096856938301532608,0.20006732448646092,0.27802720170971834,0.23487065376320487,0.094706522886060865,0.059932135142118204,0.035539223710904323,2.0
Devonta Freeman,RB,ATL,14.083574745090807,7400.0,0.10212351453357177,0.19474917031138145,0.30302617573858559,0.2266279540560249,0.081374745774356202,0.058739516896942005,0.03335892268913828,2.0
Melvin Gordon,RB,SD,13.714118214201376,7700.0,0.1037557532432888,0.26176420453465349,0.24908310478592849,0.19636191534066902,0.096075407181811623,0.063154428636137891,0.02980518627751105,1.0
C.J. Anderson,RB,DEN,13.425421707465667,8000.0,0.11496273335136643,0.26507986910789572,0.23858418504326584,0.19758294778935173,0.10627168648717499,0.052580163636128878,0.024938414584816364,1.0
LeGarrette Blount,RB,NE,13.031215075066154,7500.0,0.12434592246863629,0.27067233049367434,0.23389152352680781,0.2283205510927441,0.0733465091385304,0.04120707578923985,0.028216087490367307,1.0
Jordan Howard,RB,CHI,12.301149693877786,7200.0,0.16267374891320699,0.30877126014456974,0.21393719743640058,0.16741722751460009,0.0682253950754316,0.043271726693323583,0.035703444222467871,1.0
Todd Gurley,RB,LARM,12.031239992236058,7600.0,0.16641744112074242,0.28712994448749551,0.24161400250368001,0.17206938736575245,0.079264557807528849,0.03010445201414845,0.023400214700652441,1.0
Jeremy Hill,RB,CIN,12.004587999720888,7300.0,0.17251360689055681,0.27445109896919789,0.24156907386765394,0.18869069179900452,0.073646528611478107,0.024445557137976012,0.02468344272413316,1.0
Carlos Hyde,RB,SF,11.957865429655929,7200.0,0.18379926538574431,0.25664757251927517,0.25700492629784744,0.18301104672086008,0.062361494412865169,0.03280364820665118,0.024372046456756755,2.0
Matt Jones,RB,WAS,11.924912605786252,6900.0,0.17741785170801974,0.28823756683698942,0.24055259329730461,0.16434043705627013,0.073946226353924199,0.02263403981170517,0.032871284935787434,1.0
Le'Veon Bell,RB,PIT,11.884393105161262,8600.0,0.1919290157318278,0.23993230207899047,0.29971858732822987,0.13352626243751245,0.074632785709962055,0.03553172632879166,0.024729320384685925,2.0
Lamar Miller,RB,HOU,11.880682486225602,7800.0,0.15596943709048899,0.28410858006742007,0.26471194912151957,0.19106741999204527,0.05954118010540705,0.025781520008920766,0.018819913614198849,1.0
Frank Gore,RB,IND,11.859214342241767,6500.0,0.18514496305651545,0.29734227340005281,0.22854963377077481,0.15408986872133645,0.071353632659254609,0.028773595895135611,0.03474603249693,1.0
Tevin Coleman,RB,ATL,11.418892315993649,5900.0,0.19292820278870526,0.30612515804865076,0.23191957207453714,0.14282258729039279,0.073874461765964738,0.033531043426937128,0.018798974604812519,1.0
Matt Forte,RB,NYJ,11.298521192016025,7100.0,0.21848444035846887,0.28224640633691428,0.22322555510753769,0.15543482604668504,0.070347878633194139,0.028923385788946199,0.021337507728254219,1.0
Isaiah Crowell,RB,CLE,11.147538902050128,6800.0,0.2206841539958837,0.28886454071497381,0.23692358046735892,0.14504893782774617,0.05324613046558356,0.026898349346793773,0.028334307181660318,1.0
Jay Ajayi,RB,MIA,9.8767119663764422,5600.0,0.32839862363054356,0.25662264067891122,0.20198851239579349,0.11982101920393248,0.049683073720699869,0.017408314730390187,0.026077815639729576,0.0
Jerick McKinnon,RB,MIN,9.5326474944421662,6200.0,0.3180370828857651,0.29209057853465725,0.21031729547643022,0.093315948844763422,0.051743625994271965,0.011559043218130229,0.022936425045982457,0.0
Theo Riddick,RB,DET,9.3916426195829459,6200.0,0.33261880428460711,0.2927056641489198,0.1972705409840784,0.099371804263498162,0.035663617945741667,0.016726867466305861,0.025642700906849517,0.0
DeAngelo Williams,RB,PIT,9.3032003590141166,5700.0,0.3231118656462254,0.316084636722199,0.18106879255211794,0.10012856790171781,0.041035405273450863,0.021879488133631678,0.016691243770657369,0.0
Fozzy Whittaker,RB,CAR,9.1188395810852061,6100.0,0.34744194634279801,0.28342849820172561,0.21092457174861451,0.071632245764720673,0.052159669198275124,0.019153390936202126,0.015259677807663623,0.0
Terrance West,RB,BAL,9.062948432277075,6400.0,0.3375958363202472,0.32232582820683264,0.17077635884339482,0.094594910594584997,0.042394864327341623,0.0097882397538158212,0.02252396195378335,0.0
Duke Johnson,RB,CLE,8.913263205834097,5300.0,0.36421179391523067,0.28885340555479039,0.18262343482037818,0.099815194731866702,0.031205460470173658,0.0080697856027774108,0.025220924904783216,0.0
Orleans Darkwa,RB,NYG,8.4665171972235349,6000.0,0.42199023452185802,0.26344319244154663,0.17409965312086259,0.061570669084716971,0.043817193002709906,0.0042224762583647109,0.030856581569941643,0.0
Giovani Bernard,RB,CIN,8.3222360785287304,5500.0,0.41798222415212372,0.29197039561996813,0.15092228993368878,0.062827767638316601,0.035897409177363691,0.016026758011006337,0.02437315546753293,0.0
Alfred Morris,RB,DAL,8.032971129049832,5100.0,0.47539132458159911,0.25217569484249852,0.13629335231522119,0.069267437672025783,0.02194064214863168,0.0038587467558230657,0.041072801684200924,0.0
Eddie Lacy,RB,GB,7.9563882681901816,7100.0,0.48433080391846345,0.2417916503790902,0.1333305950550821,0.075345164905207637,0.020207994101962345,0.011001535757302613,0.033992255882891766,0.0
Bilal Powell,RB,NYJ,7.4649042270492467,5100.0,0.45256560633939358,0.29950030643466102,0.14121268219769931,0.05936381281490935,0.027512818075583399,0.0040523787084457488,0.015792395429307583,0.0
DeAndre Washington,RB,OAK,7.4538158604585405,4700.0,0.49639149040696523,0.26194483403068258,0.12231907308656458,0.067489586766861995,0.02073920230170137,0.0023321098443046398,0.028783703562920204,0.0
Matt Asiata,RB,MIN,7.3775989646140383,5800.0,0.50835981790982132,0.2385309988776908,0.15418076414426157,0.042408647343836148,0.021393354646265777,0.0083292039118594303,0.026797213166265346,0.0
Cameron Artis-Payne,RB,CAR,7.1856716152857896,5800.0,0.53902942074268811,0.21759639681597046,0.1291860366120004,0.051558541922560347,0.033426243109340482,0.011357726914145229,0.017845633883294999,0.0
James White,RB,NE,7.1468501354764493,5500.0,0.53294407844794511,0.25128104243934207,0.098828923096647772,0.054804379924617445,0.03019609384580519,0.0082746741940643211,0.023670808051578084,0.0
Jacquizz Rodgers,RB,TB,7.1123821787778256,5700.0,0.50851417984796898,0.26219489232209314,0.13140484087222712,0.049809711967963376,0.020129157713319565,0.009420544909953768,0.018526672366473946,0.0
Chris Thompson,RB,WAS,6.7363463012526452,5400.0,0.50206791118644511,0.31551858144245953,0.10421254857631208,0.040117920841379516,0.014530519586455159,0.0054944190664520005,0.018058099300496337,0.0
Mike Gillislee,RB,BUF,6.5097650258105446,4800.0,0.60823062229046287,0.18897196407486341,0.11905537098136121,0.041491057029132347,0.0082623853957303033,0.0023855433538097653,0.031603056874639449,0.0
Kenyan Drake,RB,MIA,6.3569247446304349,5100.0,0.59815777199373921,0.2160304770918956,0.10096863705131957,0.035577903902145526,0.026974271221095036,0.0040698004453298443,0.018221138294474817,0.0
Ryan Mathews,RB,PHI,6.3214194043368916,6300.0,0.61002381036879849,0.21505213353329045,0.087650594525739631,0.036922924008810018,0.017853975710222136,0.012987845753412327,0.01950871609972742,0.0
Wendell Smallwood,RB,PHI,6.1095862995475505,5900.0,0.63061382751206951,0.20667368918286796,0.081749006938769339,0.031582965242598911,0.018291215017284347,0.012165749092995306,0.018923547013414324,0.0
Jalen Richard,RB,OAK,5.9414650194199492,4900.0,0.58272844228372045,0.27404278181294478,0.082878092929802596,0.031576573643773212,0.011918838006727188,0.0023135335643310146,0.014541737758700955,0.0
Javorius Allen,RB,BAL,5.8638561434036252,5600.0,0.67792044452568057,0.16318713887936409,0.083148192161718482,0.031448724535580744,0.012455238314153448,0.0052274144521364833,0.026612847131366951,0.0
Derrick Henry,RB,TEN,5.7670150782222889,5200.0,0.65939833440880125,0.19744135660895615,0.074258981775476809,0.028665770491400559,0.012988347960498716,0.0050759098255214654,0.022171298929345228,0.0
Devontae Booker,RB,DEN,5.6576377935924613,5100.0,0.67459914870628501,0.17570198531049863,0.08882444454606099,0.025958228165016972,0.009164395244491046,0.00249484555789845,0.023256952469748408,0.0
Zach Zenner,RB,DET,5.6284834265809565,5400.0,0.66711687107372264,0.2033245997850843,0.063444183954536743,0.029176297199113018,0.012094775076378749,0.0012703654689277142,0.023572907442237046,0.0
Darren Sproles,RB,PHI,5.5683337045802972,5400.0,0.65915106076386953,0.19424780564723357,0.089044348575082102,0.022963402090631118,0.015562243104998388,0.0090075662609533941,0.010023573557231926,0.0
Bobby Rainey,RB,NYG,5.4386133539697488,4900.0,0.64714227414839176,0.22442915601960184,0.068791993170045862,0.041727121417154872,0.0060965461817378943,0.00042795296940325954,0.011384956093665133,0.0
Josh Ferguson,RB,IND,5.3333652241089036,4500.0,0.66223404535560948,0.21562041872491344,0.065931247074049293,0.037721869520581722,0.0052298330613685306,0.00073441304737143387,0.012528173216106511,0.0
Alfred Blue,RB,HOU,5.2894344252179994,4600.0,0.74303815486921898,0.13889496693469847,0.057451380184049744,0.022509558473336824,0.0037590310801590859,0.0011536979868886821,0.033193210471647999,0.0
Damien Williams,RB,MIA,5.2549383215995773,4900.0,0.69800552957299067,0.17920272337260332,0.071892142048436997,0.023452813300928344,0.0070447207363388527,0.0021000848628447756,0.018301986105857468,0.0
Shaun Draughn,RB,SF,5.237674844519999,4700.0,0.71423996119909416,0.17572178988243167,0.054827635616015842,0.021693270913257075,0.0067000261139264954,0.0026897101301477876,0.024127606145126258,0.0
Isaiah Pead,RB,MIA,5.1746699861430479,4500.0,0.71742833155988917,0.16999002283185088,0.061479657854623747,0.021079557854558294,0.0052393061073335518,0.0022010293012192567,0.022582094490524021,0.0
Rob Kelley,RB,WAS,4.9246846807905076,4700.0,0.76316302135662861,0.13419868062827658,0.055035065373591555,0.016142304210274856,0.0031337919306275355,0.002946895216396633,0.025380241284203714,0.0
Joique Bell,RB,CHI,4.8555127496312007,5600.0,0.75830207338597955,0.15019588833699454,0.039092389410988693,0.019193042397600092,0.010500995706650773,0.0030084648024977277,0.019707145959288651,0.0
Paul Perkins,RB,NYG,4.8148253026496253,4500.0,0.77837295055085398,0.1301863032404447,0.040404663333516368,0.017985463412381334,0.0066064635399249883,0.00019988484873935587,0.026244271074139503,0.0
Kenneth Dixon,RB,BAL,4.5931292185172188,5800.0,0.82095650955026489,0.080919517974722924,0.054104577874057223,0.012604493201730162,0.0033062945971864045,0.002831621484386614,0.025276985317651865,0.0
Mike Tolbert,RB,CAR,4.5483588879921069,4800.0,0.75942473724595072,0.16315406854626335,0.043718454688802297,0.014305282047551124,0.0031706740470027494,0.0013278899432674646,0.01489889348116182,0.0
Malcolm Johnson,RB,CLE,4.5307130726971483,4500.0,0.82981687531575898,0.09513795745583091,0.033886281013819027,0.0057511322681952923,0.001538237679042902,0.00021740546839216346,0.033652110798960404,0.0
Kenjon Barner,RB,PHI,4.5254519775699338,5300.0,0.80218129832725105,0.10552672173873849,0.044577006748156102,0.019064522585071752,0.01234023081924502,0.0014408395555013727,0.014869380226036009,0.0
James Starks,RB,GB,4.1574405323751957,4700.0,0.83177216866584369,0.10272906801884499,0.029974854299059914,0.016386963662989872,0.0017066686851111795,0.00031668947621010817,0.017113587191939925,0.0
Dexter McCluster,RB,SD,4.0487278074157809,4500.0,0.85518545640200361,0.09170141440132594,0.020505273518220079,0.008713308745081404,0.0016351886835619944,0.00022193969856304066,0.022037418551243523,0.0
Jerome Felton,RB,BUF,3.9830788571265519,4500.0,0.87124146246880951,0.078060229434162742,0.016794469159409204,0.0086071855213488615,0.0019979972569004376,0.00019213797014674112,0.023106518189222634,0.0
Patrick DiMarco,RB,ATL,3.8959789568995635,4500.0,0.85927722888521663,0.098022842650109257,0.01567806262263309,0.006774114214941538,0.00071782151202411668,0.00021423397091522775,0.019315696144160007,0.0
Kapri Bibbs,RB,DEN,3.8528999225112517,4500.0,0.88627891381715507,0.0668516661821109,0.015452034365561668,0.0077507055104072383,0.0014826298395586286,0.00036980876952141784,0.021814241515685052,0.0
Zach Line,RB,MIN,3.8422598039542608,4500.0,0.87924128803995982,0.076588761791806598,0.014759499958188361,0.0071680430411043775,0.001372079933137297,0.00020358453727514116,0.020666742698527866,0.0
Kyle Juszczyk,RB,BAL,3.808479580217309,4500.0,0.86555320699879912,0.082059321902942156,0.026203481048529605,0.011196219587122714,0.0014207963753741452,0.00015169585760940258,0.01341527822962287,0.0
Andy Janovich,RB,DEN,3.7859587264077783,4500.0,0.87154727587008363,0.07593502583362402,0.02679195304547587,0.0089735704180331916,0.0029763096765757975,0.00046417341251468215,0.013311691743692884,0.0
Jamize Olawale,RB,OAK,3.6775048476900589,4500.0,0.89086467166903693,0.06520359623263676,0.020303535129220725,0.0058047263998160827,0.001144998430896595,0.00047595918377178834,0.016202512954621499,0.0
Ty Montgomery,RB,GB,3.5984363475834429,4500.0,0.8948603785249899,0.069420347578729405,0.015022731658355933,0.003350414582720028,0.00081818232150534197,0.00035610605465485163,0.016171839279044826,0.0
Andre Ellington,RB,ARI,3.5413232344222809,4500.0,0.91400989521170828,0.050292107767454748,0.013863118202232273,0.0027563577826712278,0.00060590639976123174,0.00034559424643021593,0.01812702038974261,0.0
Reggie Bush,RB,BUF,3.4956469124459506,4900.0,0.90568012131485354,0.056877502270264536,0.016087785395561046,0.0071365072775392939,0.0011790510612555859,0.00053541938217113055,0.012503613298354992,0.0
D.J. Foster,RB,NE,3.4776898220664174,4700.0,0.90505766411901079,0.059294676018573113,0.01595909609777697,0.0052602366795207597,0.0017554574858859551,0.00056739745197562097,0.012105472147257233,0.0
Jalston Fowler,RB,TEN,3.4080874350389925,4500.0,0.9174213876891727,0.050194249323777626,0.013118206223466612,0.0045182016095226263,0.0014116917229467429,0.00046683919033890786,0.012869424240775097,0.0
Ka'Deem Carey,RB,CHI,3.4061553219402176,4600.0,0.92449651247886755,0.043312044295148296,0.013193875555674257,0.0026415075312345797,0.00068989974554638537,0.00065526343485698235,0.015010896958672635,0.0
Derek Watt,RB,SD,3.4008486769553152,4500.0,0.92307170127479632,0.045012301473241,0.011918739779994324,0.0042990370803079013,0.0010913739586916598,0.00059143635476926906,0.014015410078199505,0.0
James Develin,RB,NE,3.4005280702672875,4500.0,0.92243585106447545,0.046129117975481096,0.01325739443059306,0.0021266216483907126,0.00079378809371879338,0.00084352281398662938,0.014413703973355271,0.0
Paul Lasike,RB,CHI,3.3936289338949015,4500.0,0.92677289599403978,0.041489997301661842,0.012861620480328562,0.0024126303546370981,0.00069109261317044392,0.0006707827766604563,0.015100980479502426,0.0
Peyton Barber,RB,TB,3.3855530600699679,0.0,0.91908992286787061,0.05197513589416803,0.011930574248679968,0.0022339202521776407,0.00035877116825663955,0.00035893933640072034,0.014052736232446522,0.0
Jay Prosch,RB,HOU,3.3765598973787903,4500.0,0.92669050133190078,0.044231284737005175,0.010495520659001502,0.0026627250021087723,0.0004220986514611992,0.00021537914121236483,0.015282490477310269,0.0
Antonio Andrews,RB,TEN,3.3516139170903108,4500.0,0.92933252938878441,0.039634376279149466,0.013507531366460051,0.0021697212665402533,0.00059696970221305272,0.0007709107880154826,0.013987961208837267,0.0
Rod Smith,RB,DAL,3.3377567788963609,4500.0,0.92915767522373893,0.041028393942174217,0.012705607315648799,0.0020206434588202122,0.00079153357722234769,0.00069417974341473413,0.013601966738981008,0.0
Aaron Ripkowski,RB,GB,3.3223927936013862,4500.0,0.93028588632769804,0.041107611885447246,0.011451945097397196,0.0025460954996033153,0.00048150885254799499,0.00061497030763887136,0.013511982029667561,0.0
Jordan Todman,RB,IND,3.3210940968036682,4500.0,0.93076268777312909,0.039511315300744018,0.012859314879870276,0.0023005564346717544,0.00062800361610240306,0.00068173495921041057,0.013256387036272594,0.0
Mike Davis,RB,SF,3.3120047906045769,4500.0,0.93322552167372785,0.037414149855354031,0.012417749513641264,0.0022340584613745988,0.00052022821103393476,0.00057045256108497042,0.013617839723783725,0.0
Stepfan Taylor,RB,ARI,3.3005727850438902,4500.0,0.93331217829905722,0.037593965197256954,0.012582368166553894,0.0021407569849219853,0.00062799455496720998,0.00060412191886681304,0.013138614878376037,0.0
Michael Burton,RB,DET,3.2909224497917027,4500.0,0.93525052210823245,0.036757296477206824,0.011050028591119592,0.0025023179029888386,0.00046221210366990782,0.0005888094225593325,0.013388813394223313,0.0
Rex Burkhead,RB,CIN,3.2605054949333812,4500.0,0.9363606395041798,0.03667609691801333,0.01083052123316227,0.0025676189185146027,0.00055652318637237235,0.00048059430474800687,0.012528005935009986,0.0
Ryan Hewitt,RB,CIN,3.2605054949333812,4500.0,0.9363606395041798,0.03667609691801333,0.01083052123316227,0.0025676189185146027,0.00055652318637237235,0.00048059430474800687,0.012528005935009986,0.0
Fitzgerald Toussaint,RB,PIT,3.2567360801651586,4500.0,0.93443706959572681,0.038484629751169362,0.011509975068603236,0.0026799065455693472,0.0005367416155380361,0.00041996880417810361,0.011931708619216099,0.0
Malcolm Brown,RB,LARM,3.2390872142462319,4500.0,0.93979548647702793,0.033834119955596813,0.010458556220068282,0.002454831833796552,0.00043011988172574994,0.00046234745425656612,0.012564538177528785,0.0
Chase Reynolds,RB,LARM,3.2390872142462319,4500.0,0.93979548647702793,0.033834119955596813,0.010458556220068282,0.002454831833796552,0.00043011988172574994,0.00046234745425656612,0.012564538177528785,0.0
Tyler Ervin,RB,HOU,3.1767202507709191,4500.0,0.94746851020612577,0.028459873016106564,0.0089695951154935491,0.002241955456279191,0.00034100823802961323,0.00034585947042762005,0.012173198497537844,0.0
George Atkinson,RB,CLE,3.1595381255949713,4500.0,0.94796880471435629,0.028064097635466349,0.0094790042388755297,0.0022005885029928425,0.00040958578754886528,0.00037404262555844185,0.011503876495201629,0.0
