name,pos,team,expectation,salary,prob_0_5,prob_5_10,prob_10_15,prob_15_20,prob_20_25,prob_25_30,prob_30+,label
Antonio Brown,WR,PIT,15.813509327745869,9600.0,0.084419108674884252,0.21832082916174531,0.19732490065070044,0.22534722742607202,0.12217916705017723,0.070456067419754034,0.081952699616666597,3.0
Odell Beckham Jr.,WR,NYG,14.869765519232839,8500.0,0.17189152053080978,0.25365239667492051,0.14376257839116749,0.13817284409145178,0.12876302749360236,0.040813136784511594,0.12294449603353678,1.0
A.J. Green,WR,CIN,14.300096206679251,8700.0,0.1175249939401091,0.23696487605425384,0.23461102494044783,0.17416270021900848,0.13175681286536944,0.052033589728718153,0.052946002252093401,1.0
Julio Jones,WR,ATL,14.125605112491263,8900.0,0.1186959379836655,0.23946186877709941,0.22844371519662482,0.20216654864061628,0.11711949045465277,0.03862449171351727,0.055487947233824199,1.0
Mike Evans,WR,TB,13.523783340630784,7900.0,0.1347503736039582,0.24418484714149577,0.25505109229486483,0.16663122471083763,0.10867791831145532,0.049143497717616932,0.041561046219771143,2.0
DeAndre Hopkins,WR,HOU,12.985621714676292,8200.0,0.15583680500239896,0.22078287402117561,0.29641177709362221,0.15489775660747115,0.093187618768477962,0.044444283642692768,0.034438884864161398,2.0
Amari Cooper,WR,OAK,12.838015406257538,7200.0,0.18590197069780273,0.23585069498805211,0.24056891973764116,0.1403490775083126,0.11417232149240025,0.045095048632673912,0.038061966943117663,2.0
Larry Fitzgerald,WR,ARI,12.623613797550908,7200.0,0.16208123512976713,0.27023004032335923,0.24542307015155174,0.15380746032710924,0.091216205647498105,0.04314236628149766,0.034099622139216995,1.0
Brandon Marshall,WR,NYJ,12.398796324759155,7600.0,0.16907147406398979,0.29771952422886711,0.21936853500368078,0.14013971634994832,0.096980929277143441,0.042479354959482775,0.03424046611688767,1.0
Demaryius Thomas,WR,DEN,12.385430416688811,7700.0,0.17062520209966231,0.28058652489174651,0.23477295034859927,0.14685095726019171,0.095969811166888977,0.040162040808822332,0.03103251342408845,1.0
Jarvis Landry,WR,MIA,12.188707140515872,7500.0,0.17370234766177142,0.26530574033135135,0.27593046246858094,0.13159794578278775,0.084559818046957766,0.04022153587140867,0.028682149837142065,2.0
T.Y. Hilton,WR,IND,11.795365613029141,7700.0,0.20334305860195873,0.2779562297752648,0.23208898034580655,0.14386558559740406,0.073020133955662758,0.039971624454194402,0.029754387269709932,1.0
Marvin Jones,WR,DET,11.754500480161013,7800.0,0.21089114586821356,0.25643157152714974,0.24982463236457922,0.13909909922225189,0.07877875461125286,0.039952821985646134,0.025021974420907128,1.0
Emmanuel Sanders,WR,DEN,11.532131500654199,7100.0,0.20071744951483877,0.30408622799908147,0.22623794101416686,0.13224075478600636,0.075131200243283,0.031796431403184763,0.029789995039438442,1.0
Alshon Jeffery,WR,CHI,11.446025972876454,8000.0,0.25896899450650096,0.23598147611961121,0.2198764377765072,0.12949641361826494,0.096722723207467221,0.030073331198475484,0.028880623573172944,0.0
Michael Crabtree,WR,OAK,11.252930963037267,6900.0,0.22275114236660631,0.27008857041932827,0.24124284854830505,0.14682040610469088,0.068683713083419765,0.02991381477397461,0.020499504703675397,1.0
Pierre Garcon,WR,WAS,10.698904762034527,6000.0,0.25622189317311139,0.27488626777046804,0.22647290596458694,0.132304624704489,0.061880755239807884,0.03067074521628441,0.01756280793125271,1.0
Michael Floyd,WR,ARI,10.663923857235986,6600.0,0.25530789432628942,0.28840380623031309,0.22209843086138822,0.11719350665830661,0.070665959454029065,0.023471913566535892,0.022858488903137231,1.0
Travis Benjamin,WR,SD,10.642018585815388,6500.0,0.26352982258167074,0.2764220563830162,0.22649777650320332,0.114894261370715,0.068418862058467048,0.030609374494262199,0.019627846608666202,1.0
Kelvin Benjamin,WR,CAR,10.448590021989848,7500.0,0.29555225543861113,0.25731364528101663,0.20808233029011894,0.11607196850186789,0.079866401031219669,0.021119271710230886,0.021994127746935075,0.0
DeSean Jackson,WR,WAS,10.373653694864503,6700.0,0.31883618745454423,0.23134149719817079,0.19249274084339874,0.13407300781890416,0.083272870579641098,0.024533846914708914,0.015449849190632397,0.0
Julian Edelman,WR,NE,10.177263004199,7000.0,0.31450242370856329,0.25170487354734328,0.20369514035186129,0.11203763788786049,0.079787689323181116,0.01845050203020451,0.0198217331509855,0.0
John Brown,WR,ARI,10.156187721288511,6500.0,0.27594717240805156,0.3057645676893847,0.20922812062844942,0.10325610840425811,0.059905099683598237,0.027143360897618096,0.018755570288640083,1.0
Anquan Boldin,WR,DET,10.085387013138753,6300.0,0.28721065052072448,0.29316599390814529,0.20552820415779888,0.11047531343490417,0.05981972357795385,0.02836705187706752,0.015433062523406453,1.0
DeVante Parker,WR,MIA,9.9842963277834613,6400.0,0.29111072555999545,0.29183249761694857,0.21991091808086,0.10370746847020526,0.047657746925605073,0.022748428724349037,0.023032214622037247,1.0
Sterling Shepard,WR,NYG,9.9347246459201308,6900.0,0.30222513368901488,0.28297477180012215,0.21046787582676396,0.10024790104031854,0.065913116256607437,0.019649714289090108,0.018521487098083083,0.0
Jordan Matthews,WR,PHI,9.84123990814164,7000.0,0.31768075836660453,0.26629881747652168,0.20318004641435936,0.11527368217094998,0.061472821111283216,0.020488962417816114,0.015604912042465304,0.0
Golden Tate,WR,DET,9.7751899125108466,6400.0,0.33760991258732037,0.25994372561914797,0.18653036090210973,0.10873358687762677,0.065032329197084779,0.025514729100688274,0.016635355716021743,0.0
Phillip Dorsett,WR,IND,9.6773919317466106,6800.0,0.30333526964128849,0.29155550699770971,0.21060235835012209,0.10789780075334673,0.054590143482338059,0.018305865717862951,0.013713055057332434,0.0
Jordy Nelson,WR,GB,9.5209180588076876,8400.0,0.41407642342546269,0.20543391988869772,0.16284677641288181,0.10164331191050462,0.061803404013507438,0.020908320671073816,0.033287843677871388,0.0
Mohamed Sanu,WR,ATL,9.5119019435274907,5600.0,0.34188278183806703,0.26010879672370812,0.18687505680040672,0.12375209156614456,0.057584356859375865,0.01783478608993071,0.011962130122367068,0.0
Steve Smith,WR,BAL,9.5000557409257951,6300.0,0.33897388159682446,0.27782855759861746,0.1835033967166213,0.10404762055366498,0.058664632157292743,0.021338678058155602,0.015643233318823838,0.0
Mike Wallace,WR,BAL,9.4777048401119828,6300.0,0.31848548200506843,0.30013905052241185,0.18669326981416878,0.10766828761058266,0.054323518423950043,0.020514069473812888,0.012176322150005347,0.0
Tyrell Williams,WR,SD,9.475208025806916,6500.0,0.33483263611455577,0.2699836279023467,0.20031376028221259,0.11175789539033809,0.050494502674850915,0.016556996538557543,0.016060581097139291,0.0
Brandon LaFell,WR,CIN,9.3024717030449509,5400.0,0.34618597450352723,0.27101677228309717,0.19282312209922009,0.11009394650699024,0.047815435127079697,0.017422085014930457,0.014642664465155495,0.0
Terrelle Pryor,WR,CLE,9.2753770557216164,7200.0,0.34385248710478811,0.27633676915630728,0.19878903547722573,0.098814568242121301,0.049180290903769644,0.017785877706998209,0.015240971408789456,0.0
Will Fuller,WR,HOU,9.2459513046230537,7200.0,0.35305557937963555,0.27483710357297608,0.17744002344489507,0.10318897970448393,0.064059044900185394,0.01637017115880194,0.011049097839021733,0.0
Randall Cobb,WR,GB,9.0844980972722364,7100.0,0.4086637171092718,0.21835071473153128,0.1804825055576724,0.099637456975444419,0.053481302393044099,0.020834438603779867,0.018549864629255741,0.0
Jamison Crowder,WR,WAS,8.9104047979490737,5800.0,0.3626378167121212,0.27900574856990928,0.18838676340768357,0.097279574040537997,0.044369704392621875,0.018065606125922919,0.010254786751203364,0.0
Tavon Austin,WR,LARM,8.8713433479870805,5800.0,0.37691476942336538,0.28766107008386915,0.15969851540274141,0.083929037656885586,0.060315257429246677,0.020310899336583269,0.011170450667308368,0.0
Kenny Britt,WR,LARM,8.8491134437525183,5700.0,0.33698008642952609,0.32100546720870116,0.18867637180230293,0.082358374710558194,0.045920010457292069,0.014785779379449077,0.010273910012170541,0.0
Victor Cruz,WR,NYG,8.8100215769667933,5600.0,0.37634910161609275,0.27132626295045931,0.18571368861184823,0.091438833918603163,0.047845564836524426,0.016047098876517008,0.011279449189955468,0.0
Dontrelle Inman,WR,SD,8.7890484186989468,6100.0,0.35925467065940758,0.30233974207958431,0.17519973703954589,0.092830921701342078,0.041691144929931132,0.017754313719243471,0.010929469870945431,0.0
Quincy Enunwa,WR,NYJ,8.7332631188917187,6200.0,0.36629225916153763,0.29239977414444046,0.17622896363376495,0.093137442354672278,0.050521950833848743,0.012621781466218352,0.0087978284055184094,0.0
Cole Beasley,WR,DAL,8.5742508117027736,5500.0,0.38449299826315414,0.28009239596106894,0.17646576891511268,0.09350984655165355,0.041795871727442722,0.013044712530443862,0.010598406051124524,0.0
Eddie Royal,WR,CHI,8.4995329369436572,5700.0,0.3885260039261762,0.27598114727112905,0.18428286649045561,0.08190645702872619,0.048656020921575262,0.012795017325589355,0.0078524870363484243,0.0
Terrance Williams,WR,DAL,8.3279068485895937,5500.0,0.39628710559958952,0.28541604904126439,0.17790705485937555,0.085035659938026059,0.028338424777484786,0.013141037042532696,0.013874668741726586,0.0
Ted Ginn Jr.,WR,CAR,8.2103639615248269,5700.0,0.47090697148739274,0.24511309719256302,0.126503929750756,0.066100727764299788,0.048148466721736512,0.01861230707339491,0.024614500009857026,0.0
Seth Roberts,WR,OAK,8.1882153445749672,5600.0,0.42308304281480474,0.25602203330089646,0.17805674149416123,0.07997039778464729,0.042220378982580617,0.011662195471605033,0.0089852101513053662,0.0
Markus Wheaton,WR,PIT,8.0945702321504136,5500.0,0.43758668364758557,0.26016750335887456,0.15719113520560382,0.078676344472729642,0.037251411938723729,0.01999693164015038,0.0091299897363329961,0.0
Sammie Coates,WR,PIT,8.0594035760589584,5300.0,0.42126373834483788,0.26463338487817861,0.1818489123913021,0.075527081993423034,0.03939567426613013,0.0088448602090753538,0.0084863479170527306,0.0
Kamar Aiken,WR,BAL,7.9001611044691025,5500.0,0.46458048622326464,0.25244054039646607,0.14228458311323663,0.061514546778422462,0.050334783587339206,0.020235433181338185,0.0086096267199331847,0.0
Tajae Sharpe,WR,TEN,7.7128915335353181,5400.0,0.47242345404395131,0.24213821582342546,0.14589002030407133,0.082844093735441812,0.038305278219125126,0.0084576266588230198,0.0099413112151621862,0.0
Devin Funchess,WR,CAR,7.6583801739127324,5200.0,0.47146555310445526,0.25286958098184686,0.1513198541310663,0.065807067016934312,0.032365291147988924,0.013891912412862984,0.012280741204845177,0.0
Kenny Stills,WR,MIA,7.505044158769774,5700.0,0.47442689876494715,0.25791901316587829,0.14901675259396957,0.069417126379647365,0.022890666034581331,0.017266506515654888,0.0090630365453223029,0.0
Danny Amendola,WR,NE,7.4069753641593543,5300.0,0.53651601933596471,0.19087661321427229,0.1372171962807974,0.066931644432076762,0.04713841054862497,0.0078968424389615696,0.013423273749302425,0.0
Davante Adams,WR,GB,7.3754195535363447,5500.0,0.50198847711123951,0.2220582394046183,0.15684045902266472,0.067446079491937511,0.034140313611368892,0.0089843623280535887,0.0085420690301176716,0.0
Robert Woods,WR,BUF,7.3202618162327653,5300.0,0.48622186994415306,0.24833813984897124,0.15480298054566261,0.068775993238725033,0.021264526137535288,0.012770005874838439,0.0078264844101150702,0.0
Torrey Smith,WR,SF,7.3064449736676673,5400.0,0.50193106037077995,0.24286390713048714,0.13818499860408515,0.060336249391904663,0.035849167006007474,0.011850226355768502,0.0089843911409676017,0.0
Corey Brown,WR,CAR,7.2127896850611233,4700.0,0.49324606399865739,0.25521005447011957,0.15003755948703004,0.05838909319132591,0.021181768701424332,0.010134721197343561,0.011800738954100254,0.0
Rishard Matthews,WR,TEN,7.149044570701296,5100.0,0.52353176641912769,0.23077941755622941,0.13046033395494575,0.068001346380206718,0.024947781625506298,0.0070014255896021279,0.015277928474381896,0.0
Marquise Goodwin,WR,BUF,6.8662418703021721,5500.0,0.53145725728890592,0.23439831738448094,0.12867715588162876,0.063884084912943756,0.027746916315932162,0.0073866123297127856,0.0064496558863957254,0.0
Nelson Agholor,WR,PHI,6.8513868439495287,5400.0,0.54998260261891452,0.21678837771040974,0.12592417135043196,0.060028347347580231,0.029135546210501587,0.008601856306779088,0.0095390984553829963,0.0
Jeremy Kerley,WR,SF,6.7781116283622724,5400.0,0.52362766101904601,0.25353847646747263,0.12869122676538114,0.058381224486634249,0.019571130975441577,0.009309082364406104,0.0068811979216184338,0.0
Vincent Jackson,WR,TB,6.7505628180841626,5000.0,0.54310034488573855,0.22664486449563753,0.13688780362597042,0.057543096550380056,0.018402241117841785,0.0065245885747046853,0.010897060749726701,0.0
Brian Quick,WR,LARM,6.68228435159509,4500.0,0.54035132733747626,0.25692817910966281,0.11880202809899273,0.044924288877500919,0.010430260936515971,0.013489818017484658,0.015074097622366143,0.0
Tyler Boyd,WR,CIN,6.6689318063610052,5300.0,0.55196614195694826,0.22632439380258285,0.12920784838804167,0.0490589571198514,0.027772193765481561,0.0073849320093715923,0.0082855329577225627,0.0
Andre Johnson,WR,TEN,6.5239729085057547,5200.0,0.55578341959070832,0.23598679923044646,0.11801031863594902,0.057121459160906753,0.016894070018007738,0.007652719481215829,0.0085512138827655692,0.0
Adam Thielen,WR,MIN,6.2917858358977377,4900.0,0.56451443926247091,0.25388817038582989,0.1003990967676492,0.051631329450056627,0.014666757097632838,0.0044943728124133692,0.010405834223946378,0.0
Brice Butler,WR,DAL,6.2401433238763993,5100.0,0.60329950448942105,0.19724397696362536,0.11908210716563418,0.043516786568458588,0.018023087845565881,0.0082978185964487101,0.010536718370846611,0.0
Breshad Perriman,WR,BAL,5.9610811735384015,4900.0,0.60897740869473516,0.21988389121338328,0.099719785134157871,0.04545619894131632,0.010192031566642298,0.0045022658586744138,0.011268418591090908,0.0
Adam Humphries,WR,TB,5.7249584000314817,5100.0,0.63399695474287454,0.20745470153414558,0.090565590027778017,0.041506080085572099,0.012264840036977396,0.0063658134735169779,0.0078460200991359412,0.0
Jaelen Strong,WR,HOU,5.7159623994543507,4600.0,0.64833275660827305,0.19111393919539771,0.095057461594122289,0.0386925951864283,0.0082775563968056423,0.0050942568417334591,0.013431434177238974,0.0
Quinton Patton,WR,SF,5.6273800809508767,4900.0,0.63546477855603356,0.21755283155758756,0.0872513077293601,0.035992373223355766,0.0093676967836268752,0.0036259444039592787,0.01074506774607639,0.0
Andrew Hawkins,WR,CLE,5.6116319467212046,4600.0,0.65612843014485578,0.1969414946913762,0.088300773090622148,0.029985556198957174,0.0078328643529738153,0.0051836716166974665,0.015627209904517835,0.0
Jaron Brown,WR,ARI,5.5944746706346322,4800.0,0.65070666498200402,0.19629057213328199,0.08991191772577882,0.039930755669509439,0.0096451944609033703,0.0022928906636383176,0.011222004364885073,0.0
Taylor Gabriel,WR,ATL,5.5750214972720293,4900.0,0.66197761462093574,0.19333451047308897,0.08407512540747987,0.02995664548938104,0.011987908947821844,0.003763534660982702,0.014904660400309728,0.0
Chris Hogan,WR,NE,5.5591440187763483,5000.0,0.66773522272171948,0.16834605635475233,0.096838385670369856,0.043111610571941551,0.011690836440312177,0.0040656499887830252,0.0082122382521214107,0.0
Charles Johnson,WR,MIN,5.5558424108066795,4700.0,0.67263919997377752,0.17741524855879573,0.087029787793018037,0.03773918657582756,0.0044672010419637325,0.0040024334978977288,0.016706942558719722,0.0
Justin Hardy,WR,ATL,5.4913493283243922,4800.0,0.6538772264662488,0.20450569890978151,0.082298731817251045,0.035941482160142181,0.0090539142708851404,0.0053150345902412376,0.0090079117854495044,0.0
Dorial Green-Beckham,WR,PHI,5.4396730150990669,4900.0,0.70571173234666318,0.14641381254151098,0.079063588260342196,0.036703023933081586,0.011446288529731872,0.0045338103246042342,0.016127744064065374,0.0
Aldrick Robinson,WR,ATL,5.3780052637607021,4500.0,0.68524802028955833,0.18420849713290521,0.073056371504369569,0.027525395024655848,0.0098461147300335488,0.0049548266358063319,0.015160774682671182,0.0
Cordarrelle Patterson,WR,MIN,5.3391183379707137,4600.0,0.69379101076286365,0.16405968527290296,0.085953030743109879,0.034542340386125268,0.0035449142157660267,0.0024382521409521264,0.015670766478279946,0.0
Darrius Heyward-Bey,WR,PIT,5.2809028877969642,4500.0,0.66383777622178897,0.20783183696240412,0.081043725905953226,0.027856028957028562,0.0068026708423696066,0.0043994857822954297,0.0082284753281601127,0.0
J.J. Nelson,WR,ARI,5.0206239391953336,4500.0,0.72443142347106515,0.15737795765550591,0.065322590823822871,0.02872005098615299,0.0074852342005912688,0.0055381798890106809,0.011124562973851847,0.0
Cameron Meredith,WR,CHI,4.9977780786751085,4500.0,0.73337532455178989,0.15011760715740247,0.064733789192635394,0.028572984928940025,0.0049478300543577694,0.0027872410390583635,0.015465223075816228,0.0
Justin Hunter,WR,BUF,4.980679156610508,4500.0,0.85471242073664855,0.04817769361023163,0.034038536591841757,0.0080351188658431705,0.00068677688501659609,0.00016189741807983311,0.054187555892337251,0.0
Ricardo Louis,WR,CLE,4.9439432235534806,4500.0,0.73319286630618685,0.14938016015158151,0.067252300694008019,0.02858495351206454,0.0059783502068969738,0.0041588516885916185,0.011452517440670605,0.0
Jordan Norwood,WR,DEN,4.9371168344190313,4500.0,0.7245987356498621,0.15969333442211522,0.068902915867413483,0.025907066406394303,0.0070231584020607378,0.0040505081597107147,0.0098242810924437599,0.0
Pharoh Cooper,WR,LARM,4.7396026953570036,4500.0,0.86569697347577657,0.047840614150943102,0.029466509140667303,0.0077981513070990351,0.00070395524758859625,0.00018203111935598869,0.048311765558568039,0.0
Jeff Janis,WR,GB,4.6950600951424075,4500.0,0.85070643231984344,0.054625050149699116,0.043182879871062584,0.0094954985163808476,0.0010894832632305667,0.00045165512266301318,0.040449000757119644,0.0
Andre Roberts,WR,DET,4.603492922366482,4500.0,0.7956734384642401,0.10445955215590735,0.050259655240392595,0.027338889149375861,0.0030643905641991862,0.0022539944243831329,0.016950080001502121,0.0
Walter Powell,WR,BUF,4.6023314944713913,4500.0,0.76228291049400054,0.14373868856341562,0.053981948283307032,0.022779840381485859,0.0036024913289022117,0.0016517059090605996,0.011962415039827612,0.0
Jared Abbrederis,WR,GB,4.5843973888840859,4500.0,0.8524654247554716,0.055309000360254573,0.042793394253325692,0.010964211035406278,0.002469558474935725,0.00051790025332596411,0.035480510867279956,0.0
Josh Huff,WR,PHI,4.5217397452907253,4500.0,0.8193620874735954,0.088364047638263332,0.04840650010956242,0.015615408980674109,0.0038075674022794419,0.0011960799479648521,0.02324830844766038,0.0
Chester Rogers,WR,IND,4.5197757249391799,4500.0,0.7921760858529554,0.1180561455504387,0.044112088694705232,0.023529012819927843,0.0057626463043389739,0.0015526244558495791,0.014811396321784506,0.0
Charone Peake,WR,NYJ,4.5045072622706535,4500.0,0.79032933271985439,0.12369396984357234,0.042939975640873727,0.022812798133542242,0.002571495291361641,0.0014250857649615368,0.016227342605835301,0.0
Kendall Wright,WR,TEN,4.4733514073639684,4700.0,0.79906998882680602,0.11390854438308018,0.04816698861332129,0.017069488767270751,0.0024132966859969395,0.0015665972571002292,0.017805095466426005,0.0
Robby Anderson,WR,NYJ,4.4660288325638273,0,0.79828589169377107,0.11285432132806283,0.04882188904538836,0.01948014749963824,0.0030094448782073285,0.0012230273499193338,0.016325278205013085,0.0
Brenton Bersin,WR,CAR,4.4636668874816712,4500.0,0.8562731619403916,0.064437250454686915,0.034703045799316275,0.0079061913630772071,0.00091653070705923607,0.00063965983665867506,0.035124159898808287,0.0
Braxton Miller,WR,HOU,4.4505058955492283,4500.0,0.86354041244808288,0.058124233148564748,0.03317701669313361,0.0073437032137302332,0.00073746137689749793,0.00023977856739975718,0.036837394552189991,0.0
Trevor Davis,WR,GB,4.4137409373592096,4500.0,0.87780023391886863,0.04112383933018237,0.03329407579178912,0.0095669636854587691,0.00071576591178013939,0.00018136466526049626,0.037317756696658884,0.0
Malcolm Mitchell,WR,NE,4.3911829568925915,4500.0,0.80424462329091506,0.1063044108834424,0.051873318472492366,0.018997114721873098,0.0026943450835566363,0.0018956000066289358,0.01399058754109234,0.0
Andre Holmes,WR,OAK,4.381297994715819,4500.0,0.79542277215935953,0.11285754521058085,0.054898675464543849,0.02020622813201766,0.0042890859544767214,0.0028582202827372228,0.0094674727962844735,0.0
Jarius Wright,WR,MIN,4.2866695983094996,4600.0,0.85893911128121814,0.066513904963911588,0.033326247677828179,0.010804543208547348,0.001494700900300415,0.001476407785175113,0.027445084183017478,0.0
Laquon Treadwell,WR,MIN,4.18956610361165,4500.0,0.87091723818315836,0.057916374202597098,0.032534494303817892,0.0088909557127994174,0.001656668324936623,0.0006129551990189646,0.027471314073670493,0.0
Josh Bellamy,WR,CHI,4.1556600081291535,4500.0,0.85146169222311174,0.080839753529775835,0.037209751158763696,0.0053524080837816269,0.00094444060794612037,0.00080662965509069068,0.023385324741529968,0.0
Rod Streater,WR,SF,4.1197698101923743,4500.0,0.82603780292775186,0.098720061979942292,0.046899087331368744,0.013535468509761662,0.0015430650211903248,0.0010415218087675949,0.012222992421217108,0.0
Ryan Grant,WR,WAS,4.0979645678953682,4600.0,0.84689685270387172,0.077478722259919183,0.044942915532412753,0.010597408641677847,0.0018206248475017544,0.003705972770478102,0.014557503244138167,0.0
Devin Hester,WR,BAL,4.07848041280758,4600.0,0.86577977348462065,0.066361891157366501,0.036555204730197119,0.0067830803035026739,0.0010756936015132192,0.00054436804732879425,0.02289998867546942,0.0
Marc Mariani,WR,TEN,4.0427804094571131,4500.0,0.85328498502268435,0.080834126737848552,0.037669885328155642,0.0066965864552378258,0.0022906874655689731,0.0012163754460050612,0.018007353544499706,0.0
Cody Latimer,WR,DEN,4.0118493009859071,4500.0,0.85067827406622154,0.080297466849617444,0.040859723031738793,0.010283944573571733,0.0019606332967945419,0.0012140985381118364,0.014705859643943709,0.0
Bradley Marquez,WR,LARM,4.0006528811715265,4500.0,0.86056641434817227,0.064727172219204196,0.048743728206295564,0.0081122585661933914,0.00068963230151444788,0.00048301375543514149,0.01667778060318411,0.0
Jordan Taylor,WR,DEN,3.9400424064078705,4500.0,0.84934335073273948,0.087255782548372338,0.034316103766004198,0.014972529287049445,0.0011466482300046452,0.0011066632752476746,0.011858922160582729,0.0
Rashad Ross,WR,WAS,3.8865443484524906,4500.0,0.87357993444004811,0.065701493681518189,0.034074060192630394,0.0067716584112071472,0.0018065085529167298,0.0010086630083213451,0.017057681713357576,0.0
Aaron Burbridge,WR,SF,3.8001218718010916,4500.0,0.87658149128832386,0.062063632131538399,0.031529792796721703,0.016099878395935172,0.00075684094905994581,0.00048014079902846031,0.012488223639392167,0.0
Dwayne Harris,WR,NYG,3.7558708159442626,4500.0,0.89977506477397096,0.048562818077266458,0.02431974739196241,0.0061545724803272932,0.00061725263969814449,0.00044627854076080689,0.020124266096012811,0.0
Bennie Fowler,WR,DEN,3.7461481796219638,4600.0,0.87601244349421081,0.066254069566590981,0.035279970889725586,0.0081933506407074874,0.0013714092528701247,0.00095131957904519607,0.011937436576849517,0.0
Lucky Whitehead,WR,DAL,3.7369008774477601,4500.0,0.90248383770644247,0.042162654930258038,0.028934228818521472,0.0058437378487405057,0.00075489524262781866,0.0013572846944248495,0.018463360758983787,0.0
Eric Weems,WR,ATL,3.7045287643941229,4500.0,0.89001888359910364,0.066132730036249004,0.021200104804470547,0.0038060614441918746,0.00049977222534793562,0.00018024752631138648,0.018162200364324716,0.0
Deonte Thompson,WR,CHI,3.6709623710085211,4500.0,0.88824898930854412,0.06014218022844716,0.030610576934121846,0.0060538661853857968,0.00060566853439790892,0.00063786989860338073,0.013700848910499625,0.0
Brandon Tate,WR,BUF,3.66566827449078,4500.0,0.88715984031570094,0.058205594494512125,0.033090884089261176,0.0083555968119693666,0.0006138430082484567,0.00033895904385355805,0.012235282236454155,0.0
Leonte Carroo,WR,MIA,3.6596778709159459,4500.0,0.89738375932981285,0.051399432403158994,0.029260239051843301,0.0053170688684490292,0.00064654900557660879,0.00031728177922570256,0.015675669561932632,0.0
Quan Bray,WR,IND,3.6305794466602022,4500.0,0.89180432553631017,0.057596908253718278,0.030891530615353196,0.0054316526923463794,0.00060565681688392106,0.00055745670132155965,0.01311246938406662,0.0
Alex Erickson,WR,CIN,3.6112192208577083,4500.0,0.89056313336524195,0.062078913149188161,0.027933863529856117,0.0056379466904334166,0.00041756760675336091,0.00078843221073036029,0.012580143447796305,0.0
Rashard Higgins,WR,CLE,3.5535267073419479,4500.0,0.90257554715082167,0.050355279339574961,0.028345598307544049,0.0047108396362293501,0.00036863519188593598,0.0004232310620896007,0.013220869311853428,0.0
Mike Thomas,WR,LARM,3.5463182607620354,4500.0,0.90871042140551761,0.03623002198514165,0.037112066820044504,0.0047452245755549389,0.00038346570871871613,0.00018815787800148133,0.012630641627019988,0.0
Jakeem Grant,WR,MIA,3.526757614071319,4500.0,0.91423167469923128,0.040515239286119581,0.025358239029755363,0.0039430823213583294,0.00044780380378570345,0.00018426819929970011,0.015319692660448903,0.0
Griff Whalen,WR,SD,3.508279052085129,4500.0,0.91561596953828184,0.038716945018585601,0.025589899559689017,0.0048943212849614772,0.00048768040771681088,0.00026221096443628303,0.014432973226327641,0.0
Tavarres King,WR,NYG,3.5003119735857284,4500.0,0.9169496337703007,0.037411154202653361,0.026391342078832019,0.0039649566708804332,0.00042503736340212465,0.00020177103331187922,0.014656104880618397,0.0
Matthew Slater,WR,NE,3.4469995242136564,4500.0,0.9171675793998102,0.044388233597393599,0.020019575237842382,0.0036633283450392849,0.00064655833443389766,0.00023294043921438234,0.013881784646265816,0.0
