name,pos,team,expectation,salary,prob_0_5,prob_5_10,prob_10_15,prob_15_20,prob_20_25,prob_25_30,prob_30+,label
Darren Sproles,RB,PHI,18.526395881789725,5400.0,0.14504222160678551,0.078351976756421804,0.090524066604189019,0.15293816489990464,0.22160573115672907,0.28290287085152599,0.028634968124443886,5.0
LeSean McCoy,RB,BUF,18.453676910123505,7800.0,0.057584960730428111,0.14933466650429053,0.23674409501508548,0.1543942657255325,0.14742049892043271,0.092894735030392098,0.16162677807383855,2.0
Devonta Freeman,RB,ATL,17.488228121775609,7400.0,0.034618169152278243,0.19120674748508926,0.18602022604998178,0.15916918585592005,0.27987346622310638,0.08788822113911697,0.061223984094507404,4.0
Ezekiel Elliott,RB,DAL,17.422947331452807,7900.0,0.015404596965321739,0.12296177005309862,0.26199667672448618,0.2182131444025576,0.26618189157502681,0.087203425690732181,0.028038494588776854,4.0
Isaiah Crowell,RB,CLE,17.395022820596072,6800.0,0.04169991302293076,0.1676654398769219,0.2969638709254564,0.18784761381046181,0.10461907749724998,0.048289547109580146,0.15291453775739902,2.0
DeMarco Murray,RB,TEN,17.198476824327376,8400.0,0.023394070696645411,0.17923093932180087,0.23829637845878809,0.16829805513899296,0.21883086128678661,0.14267930671229051,0.029270388384695398,2.0
Jordan Howard,RB,CHI,16.329502570798343,7200.0,0.1371893325932734,0.13081614469632369,0.17972767497213143,0.18786318496367507,0.19093503107154847,0.11949784381863253,0.053970787884415436,4.0
LeGarrette Blount,RB,NE,16.152602214351134,7500.0,0.07124121547977913,0.1843493217936939,0.22146339017945091,0.19959939648778971,0.21209008331443938,0.044721356563333974,0.066535236181513011,2.0
Peyton Barber,RB,TB,15.389872944099192,0.0,0.20082787688877959,0.19396193970198344,0.15402101255483833,0.14185572596253465,0.08724812953184502,0.094762414564619743,0.12732290079539929,0.0
Fozzy Whittaker,RB,CAR,14.879021530190894,6100.0,0.1417619926630469,0.25540956586640484,0.16562999258451644,0.11366604555342288,0.15479333973932322,0.11189376931411853,0.05684529427916718,1.0
Matt Jones,RB,WAS,14.824466571611103,6900.0,0.10053914625796599,0.19861236011176145,0.29753790509012523,0.16289022548226356,0.11804253532961516,0.056727702645859378,0.065650125082409208,2.0
DeAndre Washington,RB,OAK,14.344416945080207,4700.0,0.25173422806332585,0.15767869753640981,0.16083041511534482,0.10955501021836662,0.16902783922402803,0.06524152685245474,0.085932282990070163,0.0
Le'Veon Bell,RB,PIT,14.157956009041895,8600.0,0.22355368690803901,0.28990014271679554,0.091293024703138326,0.082119048749622614,0.11536452811154321,0.089474964186888356,0.10829460462397296,1.0
Terrance West,RB,BAL,14.147598820162267,6400.0,0.14116370923295823,0.2466613044392344,0.22563592201754026,0.1548677502645403,0.089512234037320115,0.07673306095960343,0.065426019048803088,1.0
Duke Johnson,RB,CLE,14.079748247667101,5300.0,0.25226718153344013,0.19725121154293737,0.19408230674468177,0.110158602566462,0.058570616133615867,0.036053318230225451,0.15161676324863735,0.0
Melvin Gordon,RB,SD,13.927914454501714,7700.0,0.1812392515989866,0.23161230337757799,0.18198534658502849,0.087300719502832538,0.21557509106604625,0.066046666381271713,0.036240621488256429,1.0
Frank Gore,RB,IND,13.888890340929454,6500.0,0.11177347272234996,0.28313870493680648,0.21275357572867501,0.16821481207179984,0.13756967639973058,0.032242905291156615,0.054306852849481467,1.0
Wendell Smallwood,RB,PHI,13.821721750227585,5900.0,0.29248515191736663,0.10871385965283181,0.19237171735869771,0.1299641477329781,0.10727967822045659,0.09855299578021344,0.070632449337455688,0.0
Giovani Bernard,RB,CIN,13.77335810236338,5500.0,0.27888696919168637,0.18798515779235855,0.14074510673831614,0.086091200084470534,0.12438838430744864,0.10200104702446687,0.079902134861252999,0.0
Jeremy Hill,RB,CIN,13.683401796452564,7300.0,0.20876361019054809,0.22713067000724263,0.21668142975162799,0.10601764487811983,0.10100942650259011,0.038990488145913091,0.10140673052395831,1.0
Lamar Miller,RB,HOU,13.462535043544618,7800.0,0.1201092945456876,0.20965685115135488,0.32705240572416666,0.17732718714887427,0.087201383829174917,0.042190303372605154,0.0364625742281365,2.0
Tevin Coleman,RB,ATL,13.457835683623191,5900.0,0.22934424818078181,0.26711042767580051,0.11675785983862079,0.080073623197268337,0.17498122079765052,0.070311196950011742,0.061421423359866244,1.0
Ka'Deem Carey,RB,CHI,13.442103222986526,4600.0,0.33692377178499572,0.093177447523327198,0.17125794727285171,0.14803970915919451,0.097201042613926036,0.051531017401396338,0.1018690642443085,0.0
Paul Lasike,RB,CHI,13.385114432002492,4500.0,0.34546604655067203,0.092775221689715859,0.1643567658349159,0.14494554219294969,0.096649611884075434,0.052430145389374821,0.10337666645829631,0.0
D.J. Foster,RB,NE,13.346198287278938,4700.0,0.35239273260577736,0.12802991779350861,0.10746592979979598,0.10029090639996978,0.14025460906704829,0.10052776905051022,0.071038135283389758,0.0
Reggie Bush,RB,BUF,13.312911868883486,4900.0,0.36642384524058597,0.10660620990429653,0.16827106233550826,0.094430230891399264,0.079750008794272464,0.05481857804699844,0.12970006478693907,0.0
Bilal Powell,RB,NYJ,12.830121706386766,5100.0,0.33158192607386339,0.16887868808118361,0.13893527559549426,0.10218669072968774,0.1170791309634637,0.049533579769156552,0.091804708787150802,0.0
Matt Forte,RB,NYJ,12.612122446919415,7100.0,0.25357466233664805,0.21704044004710984,0.22042002366303423,0.1047597325339796,0.094399652373625548,0.027379655921435798,0.082425833124166917,0.0
Carlos Hyde,RB,SF,12.000576566458243,7200.0,0.18832721065504179,0.31535312951272887,0.24408187645608551,0.11312459927383567,0.044069807144841384,0.024557697171771864,0.070485679785694894,1.0
Joique Bell,RB,CHI,11.240242597033953,5600.0,0.47910628294081953,0.10916860297055545,0.10048896711702424,0.063278408426531138,0.078776033825766034,0.11114563937062924,0.058036065348674302,0.0
David Johnson,RB,ARI,10.799430705627625,9000.0,0.35833178025023893,0.22028755029569055,0.13251735766423522,0.1058798237762142,0.11306337478731325,0.033206553965020938,0.036713559261286735,0.0
Kenjon Barner,RB,PHI,10.515487484740534,5300.0,0.48381121011592704,0.099782746461474919,0.13863437421573177,0.087203660592019214,0.072760345268902571,0.061570781696759058,0.056236881649185388,0.0
Mike Gillislee,RB,BUF,10.39732112253045,4800.0,0.54952525119153772,0.11374607882722651,0.086774647466897087,0.048420322630459887,0.043940831967681532,0.035472724314879009,0.12212014360131818,0.0
Eddie Lacy,RB,GB,10.366667802788671,7100.0,0.35644283549749145,0.14392795719573132,0.26771186965388477,0.11882440500870071,0.066958553037917423,0.020132687042880678,0.026001692563393592,0.0
Jerick McKinnon,RB,MIN,10.222649391616525,6200.0,0.32471805671915954,0.32333480843608942,0.13840558014373852,0.085370168257774104,0.048292202709839874,0.016073400186689377,0.06380578354670921,0.0
Todd Gurley,RB,LARM,10.066684362230303,7600.0,0.29209579714812739,0.3393767643113873,0.17877540702278469,0.081729907903081336,0.047680677432125333,0.0078150263565675906,0.05252641982592629,1.0
Jay Ajayi,RB,MIA,9.685892591550969,5600.0,0.52223998693982177,0.15755430462146611,0.079561700342210925,0.056442109378586645,0.065426554803468984,0.05504764652615015,0.063727697388295285,0.0
DeAngelo Williams,RB,PIT,9.6410218077116348,5700.0,0.40938998536207499,0.21790297941924872,0.13193957687766189,0.12716294186073371,0.049037614840353988,0.033934611490257546,0.030632290149669211,0.0
Orleans Darkwa,RB,NYG,9.6324947240528616,6000.0,0.39999659226458373,0.25093771550760857,0.13620135648669593,0.080895900914705998,0.059634535848305185,0.032158448776947034,0.04017545020115354,0.0
Kenneth Dixon,RB,BAL,9.3818239486065327,5800.0,0.55380899169959219,0.13342242183346989,0.084104848997365186,0.05775746854865349,0.046579013775011363,0.061988632867534713,0.062338622278373348,0.0
James White,RB,NE,9.0763575925911404,5500.0,0.5340419023759666,0.14398352550496774,0.094295099111098832,0.073336308572747408,0.083064466730127726,0.021920355287189559,0.049358342417901893,0.0
Paul Perkins,RB,NYG,8.9784150059790484,4500.0,0.54319716699231246,0.18505022444178701,0.058612769748752562,0.049080169047161427,0.058504320143973387,0.049306882019964166,0.056248467606049027,0.0
Theo Riddick,RB,DET,8.847116843771115,6200.0,0.38897491609709584,0.34708673800144813,0.104420591334208,0.047730195641213259,0.047694035171092101,0.024719455953851152,0.039374067801091567,0.0
Jalen Richard,RB,OAK,8.4338627533295547,4900.0,0.58838705662010471,0.13290388464388916,0.080697690036691708,0.048415656336311202,0.072825675480503435,0.02872108314570564,0.048048953736794263,0.0
Bobby Rainey,RB,NYG,8.3984459147554382,4900.0,0.56307757846580986,0.19379421789668541,0.049100680200827571,0.04464848331660759,0.056253817364098561,0.05105404177818737,0.042071180977783597,0.0
Josh Ferguson,RB,IND,7.8689527273727062,4500.0,0.55323555627995746,0.20420968450641028,0.069374946718192748,0.062451896440041302,0.058178909634841833,0.020539268040907121,0.03200973837964903,0.0
Derrick Henry,RB,TEN,7.8560598008014857,5200.0,0.55438094364548751,0.19437810850933798,0.094744849638824555,0.050042271299039411,0.045648083454005728,0.027074885190874549,0.033730858262430191,0.0
Javorius Allen,RB,BAL,7.7466868803662923,5600.0,0.60170150425457303,0.18381291464496632,0.061297659711638752,0.037402402643557112,0.029244678230312904,0.032514828129396822,0.054026012385554996,0.0
Alfred Morris,RB,DAL,7.5215727238680836,5100.0,0.61235662129183621,0.13910288534075069,0.086830780080243766,0.049397602990606582,0.058580114027959249,0.026814094371467118,0.026917901897136366,0.0
Chris Thompson,RB,WAS,7.4686119039533665,5400.0,0.6109518586008601,0.13712200028792879,0.11754220054950235,0.041612439488819812,0.029156008706227095,0.022297382847286811,0.041318109519375049,0.0
Kenyan Drake,RB,MIA,7.2016326018003038,5100.0,0.67201305016993962,0.12418708286650482,0.050590159086831926,0.039029470158591976,0.039705368546583013,0.030024943304855264,0.044449925866693489,0.0
Kyle Juszczyk,RB,BAL,7.1610065164283423,4500.0,0.63611929738707118,0.16158640101202346,0.063051940531285183,0.045376672303702528,0.025674539568446193,0.025039749171588802,0.043151400025882768,0.0
Isaiah Pead,RB,MIA,6.9180164453785071,4500.0,0.72444138491622634,0.097561865914192095,0.029281856267597248,0.022463339992403922,0.037639494216986862,0.044299111813801341,0.044312946878792121,0.0
Ryan Mathews,RB,PHI,6.7030812224783434,6300.0,0.70427157595591106,0.072037827927500631,0.088337321505153915,0.044598093348013457,0.036618821637013167,0.026834753737255461,0.02730160588915229,0.0
Devontae Booker,RB,DEN,6.6946602078934658,5100.0,0.62186627916255843,0.17908350985179169,0.081914387196031141,0.044924276586006603,0.030007506714518028,0.022072908306909274,0.020131132182184753,0.0
C.J. Anderson,RB,DEN,6.6785551034243378,8000.0,0.56836790906236945,0.22585219705550183,0.11131347535380817,0.041648158357073542,0.025014931204316946,0.012329310167856208,0.015474018799073818,0.0
Jerome Felton,RB,BUF,6.6448644935612542,4500.0,0.77035316720698233,0.073174030051648908,0.025378449630563776,0.016514726029394921,0.020565904183639846,0.025236682839183091,0.068777040058586883,0.0
Damien Williams,RB,MIA,6.5712958380517446,4900.0,0.7416921446825171,0.095658805698088559,0.02561029498088074,0.020123820496337114,0.035496994830647749,0.042797516257360217,0.038620423054168525,0.0
Patrick DiMarco,RB,ATL,6.5590797681083739,4500.0,0.69841991011828142,0.13818706106193454,0.044057408532129326,0.021738439384896398,0.036784483423104405,0.014747806646250236,0.046064890833403607,0.0
Jamize Olawale,RB,OAK,6.4204214002999249,4500.0,0.72516961836713378,0.096548934633341826,0.054361823461517841,0.026714071017508161,0.042024034739679875,0.018737679388637643,0.036443838392180815,0.0
James Starks,RB,GB,6.2608141702718658,4700.0,0.68328238955458098,0.11178402810431476,0.096322660606152258,0.045293490088920918,0.032552868840795945,0.012218746084146519,0.018545816721088446,0.0
Ty Montgomery,RB,GB,5.940014573746156,4500.0,0.71372553962679464,0.10315392530974173,0.084947923529009886,0.039563955655568563,0.027694282818703023,0.01030618716748841,0.020608185892693837,0.0
Aaron Ripkowski,RB,GB,5.9372905186228353,4500.0,0.71419473553363744,0.10265557366521869,0.085033056808853882,0.039568146614942318,0.027635294516882038,0.010296636709160419,0.020616556151305129,0.0
Cameron Artis-Payne,RB,CAR,5.804333814479838,5800.0,0.71073044229057403,0.16570042394363088,0.036128816574610631,0.018377791381657918,0.021555476257251481,0.018161596973768599,0.029345452578506587,0.0
Jacquizz Rodgers,RB,TB,5.7600257268710644,5700.0,0.65116430480450394,0.2348299499984291,0.045692622417596244,0.023297250257341237,0.012618779883515912,0.0034386812776554939,0.028958411360957947,0.0
Matt Asiata,RB,MIN,5.5834323873922536,5800.0,0.69701865835798238,0.18618430458596574,0.04399277926287052,0.02548121278419322,0.013428431332282546,0.005303825475702224,0.028590788201003536,0.0
Alfred Blue,RB,HOU,5.564519359027873,4600.0,0.74017642616677226,0.096952168182642115,0.08229353604418993,0.034156201287262933,0.015077750787592444,0.010100292955079027,0.021243624576461367,0.0
Shaun Draughn,RB,SF,5.3381919438503456,4700.0,0.74166141538030361,0.13986804841755643,0.051079934040046092,0.023525372221329541,0.0086447475621347965,0.0056518467341326014,0.029568635644496893,0.0
Rod Smith,RB,DAL,5.3074803457698687,4500.0,0.81695587851292961,0.066231969024894269,0.018992416470248651,0.015091907784490027,0.031431046570834537,0.031433148724096832,0.019863632912506111,0.0
Mike Tolbert,RB,CAR,5.2978498421374756,4800.0,0.73790159037449732,0.1468740487547387,0.046559355181320324,0.020048954586039329,0.017063127584004772,0.0092774451067467283,0.02227547841265308,0.0
James Develin,RB,NE,5.2654338586967757,4500.0,0.79359156653303498,0.081021735324714531,0.037861773456918865,0.026473078245217854,0.027287945104121806,0.0077965895568568528,0.025967311779135045,0.0
Rex Burkhead,RB,CIN,5.1987143915334748,4500.0,0.8115823366953111,0.078795161164114266,0.032047334134924742,0.016861559062793529,0.015074612911046791,0.0071223694443994044,0.038516626587410216,0.0
Ryan Hewitt,RB,CIN,5.1987143915334748,4500.0,0.8115823366953111,0.078795161164114266,0.032047334134924742,0.016861559062793529,0.015074612911046791,0.0071223694443994044,0.038516626587410216,0.0
Zach Zenner,RB,DET,5.1157437329394986,5400.0,0.77356742744491969,0.13707005932367375,0.024485668273939727,0.011132322471360255,0.011533107540064251,0.011197496004844508,0.031013918941197875,0.0
Dexter McCluster,RB,SD,5.0891621051927451,4500.0,0.81806655191059341,0.074314198791691585,0.023484103671329942,0.012792614013849252,0.02906268263599264,0.021931717352567645,0.020348131623975529,0.0
Fitzgerald Toussaint,RB,PIT,4.9738128473853189,4500.0,0.79203099834960955,0.098880001460610684,0.036383499696324435,0.030756405140007589,0.01106978764675606,0.009432198317826275,0.021447109388865532,0.0
Michael Burton,RB,DET,4.9104193079378122,4500.0,0.75925370372478584,0.15219072355742588,0.037491774027933203,0.01306218780217823,0.0096023807077049491,0.0048543282886017699,0.023544901891370266,0.0
Zach Line,RB,MIN,4.880511765469655,4500.0,0.77464269583222678,0.13445587427226771,0.033602474174999689,0.019397070214443188,0.0097744417121031282,0.0037838877872095346,0.024343556006749884,0.0
Andre Ellington,RB,ARI,4.8020206833161261,4500.0,0.83146077597936208,0.06873561478477086,0.025973780085686238,0.019484227087534785,0.021744604136029928,0.011744415081765203,0.020856582844851038,0.0
Jalston Fowler,RB,TEN,4.7544841269958962,4500.0,0.79840807649232182,0.10913111459424417,0.030880168450153695,0.017462817626389369,0.016891371467447715,0.011280332497141103,0.015946118872302038,0.0
Malcolm Johnson,RB,CLE,4.7127492446365915,4500.0,0.84649488523473748,0.068079655636707509,0.026205030211626092,0.012678684436871701,0.0055845236470997029,0.0030239669639194776,0.037933253869038064,0.0
Jordan Todman,RB,IND,4.6936876965832903,4500.0,0.81571759278088185,0.10252134091958595,0.020997574982547899,0.014148567203296063,0.014043164370309206,0.010742499327407817,0.021829260415971122,0.0
Kapri Bibbs,RB,DEN,4.6846879589751298,4500.0,0.79698846767395304,0.10463937727063301,0.043039864262765938,0.01966806553248502,0.012295752845780833,0.0092425284501333384,0.014125943964248636,0.0
Antonio Andrews,RB,TEN,4.6289733155071708,4500.0,0.80925818255502313,0.10216058560557233,0.032550223322846898,0.016035287149240969,0.014553230587447145,0.0087742286776633805,0.016668262102206097,0.0
Stepfan Taylor,RB,ARI,4.5847452547307732,4500.0,0.84640760010474436,0.063868133995434936,0.023550615430481061,0.017739644102182262,0.01895397891063574,0.0097835602178157812,0.01969646723870597,0.0
Derek Watt,RB,SD,4.5426508818991804,4500.0,0.85201735793084776,0.064372203359562688,0.019179241346970532,0.0098738286854002377,0.021659406194983997,0.016197584429553318,0.016700378052681375,0.0
Malcolm Brown,RB,LARM,4.435316781688484,4500.0,0.83671526849244915,0.092832822627847422,0.021952077743954985,0.0099601125076108112,0.0087588323972710956,0.0054433662604056587,0.024337519970460679,0.0
George Atkinson,RB,CLE,4.3878275117532262,4500.0,0.86780568819749404,0.060016433079449462,0.022584096845521425,0.010152326580221846,0.0043803423926394415,0.0023298050743005001,0.03273130783037341,0.0
Mike Davis,RB,SF,4.3794650825330379,4500.0,0.82729285347491854,0.097478108554380161,0.032243540827776584,0.013438371015372649,0.0051321886228754901,0.0037420900142281165,0.020672847490448273,0.0
Andy Janovich,RB,DEN,4.3768038098100517,4500.0,0.82230414575641719,0.095925322153931597,0.033870282951456235,0.016618446152954484,0.011000608529139028,0.0093271084232758594,0.010954086032825753,0.0
Rob Kelley,RB,WAS,4.3405597573511914,4700.0,0.86075956914199037,0.066896006753121684,0.020499134805539072,0.0098385163717040099,0.010382847107730858,0.010923186846292154,0.020700738973621874,0.0
Jay Prosch,RB,HOU,4.335845841622433,4500.0,0.84079779894110818,0.067021816887593677,0.045521246086930867,0.018428693978631654,0.0082848934357347501,0.0059779171805385608,0.013967633489462242,0.0
Chase Reynolds,RB,LARM,4.3214405065424586,4500.0,0.83092968127506628,0.10087788942790388,0.0257090577695663,0.012225850255596233,0.0072644705504028052,0.0021321108776423169,0.020860939843822115,0.0
Tyler Ervin,RB,HOU,4.1427334881462228,4500.0,0.8563076153185355,0.061563672100606578,0.041010033926202671,0.01616817585406282,0.0071741210832211993,0.0051896902545034681,0.012586691462868008,0.0
