name,pos,team,expectation,salary,prob_0_5,prob_5_10,prob_10_15,prob_15_20,prob_20_25,prob_25+
Jordan Reed,TE,WAS,10.596438074116163,7500,0.23669395825462122,0.29510870144455797,0.22172469029003899,0.14603048269559435,0.059572751864122801,0.040869415451064553
Jason Witten,TE,DAL,10.527988092702438,6000,0.27549472353855842,0.26586841755615703,0.21174546944893941,0.12936706588768129,0.05948455341991174,0.058039770148752196
Coby Fleener,TE,NO,10.095313817215596,5400,0.26850113202363474,0.29982499434933468,0.21623288731720894,0.1146932586877677,0.061046419714205505,0.039701307907848288
Jacob Tamme,TE,ATL,9.5316047002274438,5500,0.30097014641610559,0.29665800334652886,0.21433117756323725,0.10873970997682977,0.041723361844496411,0.037577600852802116
Jimmy Graham,TE,SEA,9.5305176814043833,6400,0.27095759520637586,0.32799069115360302,0.2275207589920494,0.10350419347786642,0.037575059140949697,0.032451702029155365
Martellus Bennett,TE,NE,9.3228609394712425,6300,0.31834566054995833,0.27578486696520205,0.23279646745187713,0.10114061837038302,0.039889402398755019,0.032042984263824612
Eric Ebron,TE,DET,9.1500837443524521,5800,0.29414199691310799,0.33440810534225807,0.20813968831218457,0.10012354865213874,0.036974682954105546,0.026211977826204987
Travis Kelce,TE,KC,8.8267008166753502,6500,0.30774071183260387,0.34772943958443248,0.19362357094877997,0.09602769011585971,0.032112426086120284,0.022766161432203499
Greg Olsen,TE,CAR,8.7294129301273795,7900,0.31553462847753511,0.34777400744933268,0.18596641142968784,0.098372621675911334,0.030703764148631046,0.021648566818901913
Gary Barnidge,TE,CLE,8.177020447980162,5900,0.35994405833702814,0.33097883460463995,0.17683029513936255,0.093528690198803388,0.023412014484573265,0.015306107235592796
Dwayne Allen,TE,IND,8.0115255274470876,5900,0.37488113141165785,0.33107412816901433,0.16909372843704382,0.081413585010344999,0.028884369444414904,0.014653057527524155
Delanie Walker,TE,TEN,7.8628088416404962,6700,0.43950316665859795,0.22248891629654249,0.2198664164467411,0.0784295571418996,0.02350836956872035,0.01620357388749883
Kyle Rudolph,TE,MIN,7.8421807438328228,5600,0.40841828549725967,0.291359550302418,0.18508683061912548,0.075017982216451562,0.018737766247182985,0.021379585117561817
Cameron Brate,TE,TB,7.6056848203282446,5300,0.42094222012678878,0.30419078237676833,0.1626927670711579,0.073484022519424569,0.022342459541010311,0.016347748364849965
Jack Doyle,TE,IND,7.6014165501520781,4800,0.4066197917354708,0.3243860186529553,0.1619322448382027,0.069860097317353542,0.02355672753109472,0.013645119924923052
Zach Miller,TE,CHI,7.5051085108321871,5000,0.40081676891795781,0.354589984612459,0.13473686142072677,0.074712311508715296,0.022899307514326329,0.012244766025814736
Clive Walford,TE,OAK,7.2656502130938465,4900,0.47418299882432019,0.26811328454275007,0.1466375399179706,0.070677628163635695,0.022233949007446307,0.018154599543877131
Dennis Pitta,TE,BAL,7.2256956283731562,5400,0.44214521057945771,0.31944857241184083,0.13512717780548858,0.070769907298916843,0.019419183766415986,0.013089948137879776
Larry Donnell,TE,NYG,6.868593570127806,5100,0.49518802619049596,0.27039943357893448,0.14099869906303364,0.063975794790586279,0.017795733935949045,0.011642312441000833
Charles Clay,TE,BUF,6.8484870252588479,5100,0.52404795140540728,0.23305505400146617,0.1497556037461989,0.056673311532045079,0.015229187612642088,0.021238891702240401
C.J. Uzomah,TE,CIN,6.2667813951644176,5000,0.5583022284453425,0.2490648723682064,0.11646909494428589,0.047963409575416824,0.0135389852838871,0.014661409382861305
Will Tye,TE,NYG,5.8563240063858863,4700,0.60393098347732876,0.22496137633211652,0.10220235110178409,0.045258743934937715,0.012110234832484874,0.011536310321347965
Darren Fells,TE,ARI,5.6099837240933184,4700,0.60260476290736809,0.24814935311699013,0.09650369408193038,0.035928815554883461,0.011013314820977329,0.0058000595178506389
Rob Gronkowski,TE,NE,5.3780912281827593,7400,0.66308993808223637,0.18451853597495441,0.10037137510798297,0.03009753008812718,0.0095487345522450168,0.012373886194454002
Dion Sims,TE,MIA,5.3341183060031643,4500,0.64399774809498112,0.21351515810657543,0.097559060692969851,0.030189131551807021,0.0060715207156370491,0.0086673808380296861
Tyler Kroft,TE,CIN,5.3278135571890051,4600,0.67070268441777825,0.17726050752661077,0.096579310834271584,0.035784974821246179,0.010573954221559091,0.00909856817853439
Marcedes Lewis,TE,JAC,5.2505844153395733,4600,0.65630598422901198,0.21238443647620253,0.085018254050694825,0.026413796604165481,0.010933094521801117,0.0089444341181243066
Vernon Davis,TE,WAS,5.167576490843321,4500,0.68469789229471401,0.16747627770344004,0.10012103269170623,0.032218297302568602,0.0082904368637496499,0.007196063143821446
Jesse James,TE,PIT,5.1647785930286005,4500,0.67996613877673795,0.17901401681101345,0.092032324647186303,0.033690793112957765,0.0076789600990619829,0.0076177665530425464
Jace Amaro,TE,TEN,5.0364198272462755,4600,0.68651336216523262,0.19096057304384428,0.080300194222744203,0.024072307735941628,0.007261733409090575,0.01089182942314698
Luke Willson,TE,SEA,4.945667375495022,4500,0.70191219804115557,0.17564306194255022,0.080579410884421165,0.024958957533803474,0.0070771392041465995,0.0098292323939230247
Garrett Celek,TE,SF,4.9019668154556761,4500,0.69025548658856306,0.20261748277479494,0.067011327450036587,0.024556891204283525,0.0077115081081938399,0.0078473038741282281
Jeff Heuerman,TE,DEN,4.87529950631186,4500,0.69638932231143313,0.19672770139179704,0.064038657103878183,0.030034562863061009,0.0038975845755176959,0.0089121717543129593
Austin Hooper,TE,ATL,4.8298126255686622,4500,0.70545037130182664,0.17448224515718788,0.087189943844516893,0.01999579636871349,0.0072952134774068545,0.0055864298503485576
Nick O'Leary,TE,BUF,4.8092508125255788,4500,0.72690469155665371,0.15202920978002299,0.080218920484901493,0.023039372125606826,0.0087740348856070703,0.0090337711672081652
Ryan Griffin,TE,HOU,4.8087414889919824,4500,0.70095710782580734,0.18969575879272249,0.071613025103687014,0.026937256132606717,0.0059695403254024912,0.0048273118197739509
Hunter Henry,TE,SD,4.7795933907973938,4500,0.72338193780143345,0.16595773963852348,0.068232609935302821,0.026678786067854787,0.0052852723376414701,0.010463654219243869
Lance Kendricks,TE,LARM,4.6942643039615133,4500,0.7241960861322535,0.15817856497724617,0.08632356614147188,0.022189765184134812,0.0041022198447608557,0.0050097977201329592
Lee Smith,TE,OAK,4.675768436245332,4500,0.73007354029203564,0.15923957587774809,0.074252021558138551,0.024299456612321722,0.0061653298807031708,0.0059700757790527061
Xavier Grimble,TE,PIT,4.6741853899108161,4500,0.73203239940389409,0.15573784704016064,0.076992694461017738,0.022513351780931924,0.0060447498928068253,0.0066789574211887949
Geoff Swaim,TE,DAL,4.5931155289196761,4500,0.74786237137978939,0.14287594441232138,0.074732957781693046,0.019928525694892053,0.006505334932969945,0.0080948657983343445
Rhett Ellison,TE,MIN,4.5514010210093332,4500,0.74363636306988079,0.16297126806618578,0.058977025972117583,0.018973517670872478,0.0047747949258883718,0.01066703029505494
Levine Toilolo,TE,ATL,4.4305411928238492,4500,0.75701610578517675,0.14805530264348155,0.065576989772383923,0.016970933672427028,0.0059171852734169672,0.0064634828531142862
Cole Wick,TE,DET,4.4076419373309887,4500,0.73904042911514789,0.18058032790599093,0.056020166102031359,0.014795474629366923,0.0032967077692729243,0.0062668944781903123
Ed Dickson,TE,CAR,4.3784802700008418,4500,0.76211323402816111,0.1508483850204041,0.055690735236660717,0.019119573704090953,0.00503288265924737,0.0071951893514360585
Demetrius Harris,TE,KC,4.3418689095280376,4500,0.76604389445913423,0.14875505685231363,0.054993101644213338,0.018318675143659747,0.004769863169507396,0.007119408731171689
David Johnson,TE,PIT,4.3384428136838142,4500,0.76930742032230359,0.14578017776366656,0.054837575764881637,0.0161659329840401,0.0058090313343279907,0.0080998618307801529
Crockett Gillmore,TE,BAL,4.2686504180423368,4500,0.77150774456105875,0.14347899525309293,0.055219559652000622,0.022186014224598143,0.0047845051686692605,0.0028231811405803392
Niles Paul,TE,WAS,4.2011732324195554,4500,0.78998874336250624,0.11867539205109462,0.066253931022220672,0.016399852527334776,0.0035585703778469886,0.0051235106589965652
Brandon Myers,TE,TB,4.1147272670852937,4500,0.78851105437165148,0.13577968411314989,0.053558389626032932,0.01361473133959887,0.0034759067147885473,0.005060233834778426
Sean McGrath,TE,SD,4.0956695186071039,4500,0.79511379047836772,0.13247241032961896,0.046925520390010432,0.015571420104261715,0.0034881011897098658,0.0064287575080312683
Neal Sterling,TE,JAC,3.9379380283196905,4500,0.80271792070186987,0.13558918063862122,0.042594441457546227,0.013406755858227979,0.0018692321831321876,0.003822469160602365
Ifeanyi Momah,TE,ARI,3.9368408811363356,4500,0.79194181390551921,0.15653316633708639,0.035244667675115166,0.0091844772554014378,0.0026871313606428382,0.0044087434662349392
Orson Charles,TE,DET,3.9321111496047929,4500,0.79567226910900191,0.15106512802948968,0.037610025433569401,0.0074357601075034996,0.0032543159003572313,0.0049625014200781487
MyCole Pruitt,TE,MIN,3.9217123670693081,4500,0.80134891662037644,0.14376126177947357,0.034959969934209509,0.013542094498728169,0.0019037975662758862,0.0044839596009362097
Phillip Supernaw,TE,TEN,3.9017296731991129,4500,0.82214258890308256,0.1095911763200451,0.048587410336925353,0.010680127443107477,0.0034539296675941415,0.0055447673292455301
Randall Telfer,TE,CLE,3.8734299528470144,4500,0.81028120167799511,0.13557250741162744,0.03386087328189033,0.014091172457932191,0.0018530066325756717,0.0043412385379791273
Jim Dray,TE,BUF,3.8483792558681755,4500,0.84166382446521426,0.10472696994435307,0.029023774808575341,0.0069960461827203724,0.0020337299317140455,0.015555654667422798
Mychal Rivera,TE,OAK,3.8108728803238332,4500,0.8113792802417541,0.14133761743529269,0.0327996056768948,0.0074454093597127735,0.0022889172351819539,0.0047491700511636632
Brandon Williams,TE,SEA,3.7559816651332638,4500,0.83567986099792624,0.10167301652787522,0.049229086511735368,0.0068012960943026231,0.0024224441484041489,0.0041942957197564582
Blake Bell,TE,SF,3.7521051235105607,4500,0.82738373682913091,0.12174248048665676,0.034493746119737538,0.0098656256852846132,0.0024778794758250271,0.0040365314033652833
Anthony Fasano,TE,TEN,3.748349752537159,4500,0.83460903277539478,0.10758695862004951,0.043282057092882506,0.0070273737189030412,0.0030361324189433847,0.004458445373826901
Gavin Escobar,TE,DAL,3.7258113674562825,4500,0.84216356193029085,0.10377452063258792,0.036956521684578886,0.007676857504464835,0.0026985542642715445,0.0067299839838060324
Maxx Williams,TE,BAL,3.7214292592270981,4500,0.83953970577825143,0.10575149239678755,0.034128961316599073,0.014959504667499202,0.0027037563913752593,0.0029165794494870985
Asante Cleveland,TE,SD,3.6809150248411071,4500,0.8370322062368919,0.11498339343350179,0.033464119062454362,0.007781932419436882,0.0027661680870747795,0.0039721807606402362
Kellen Davis,TE,NYJ,3.6781438159548387,4500,0.843020047732431,0.10612841534470183,0.035253253321863486,0.008492292483907633,0.0020129918346623228,0.0050929992824334048
Brandon Bostick,TE,NYJ,3.6230769612650935,4500,0.84796406466653906,0.10540505568143738,0.03288341344975261,0.0066854816122322649,0.0019228581148126398,0.0051391264752257684
Marqueis Gray,TE,MIA,3.6206373691266776,4500,0.86060384227986508,0.082700480654442021,0.041147971192724044,0.0069641065952928995,0.0046792653888130566,0.0039043338888629011
Tyler Higbee,TE,LARM,3.6128493504701575,4500,0.8545703157051654,0.089732115454427122,0.043564324987577764,0.0067377757552109299,0.0014815630892781413,0.0039139050083406811
Cory Harkey,TE,LARM,3.6128493504701575,4500,0.8545703157051654,0.089732115454427122,0.043564324987577764,0.0067377757552109299,0.0014815630892781413,0.0039139050083406811
Khari Lee,TE,DET,3.5791991562144387,4500,0.85624384549829646,0.099304126606670456,0.029067080010481052,0.0082661036617284866,0.0019909874840486059,0.0051278567387750499
Clay Harbor,TE,DET,3.5791991562144387,4500,0.85624384549829646,0.099304126606670456,0.029067080010481052,0.0082661036617284866,0.0019909874840486059,0.0051278567387750499
James O'Shaughnessy,TE,KC,3.5741264029173241,4500,0.85889776023443642,0.09411377565206186,0.031925607630005438,0.007972574509836192,0.0025088437264173197,0.0045814382472428453
Scott Simonson,TE,CAR,3.5627972047924148,4500,0.85517560307844309,0.10073574214041826,0.030540795991804436,0.0074698922192498185,0.0020574026737155342,0.0040205638963688554
C.J. Fiedorowicz,TE,HOU,3.5394088840972113,4500,0.86143326381421492,0.09356933489726392,0.030703559662854353,0.0080360417882375888,0.0024918019553888883,0.0037659978820402491
Logan Paulsen,TE,CHI,3.4908271647019471,4500,0.8600433727310578,0.10289272693965701,0.025166256946846315,0.0060879513391596521,0.0023721221268360447,0.0034375699164433129
Jermaine Gresham,TE,ARI,3.4729015097916789,4500,0.86699623501232415,0.094230016144761355,0.026414549893618453,0.0062095671285027857,0.0018556744631357117,0.0042939573576572807
