name,pos,team,expectation,salary,prob_0_5,prob_5_10,prob_10_15,prob_15_20,prob_20_25,prob_25+
Jordy Nelson,WR,GB,12.929627261912813,7800,0.16147453006006043,0.23258642963660026,0.23775402617427252,0.18772977975152114,0.087634540744875117,0.092820693632670676
Antonio Brown,WR,PIT,12.727828670441054,8900,0.16587366045872179,0.26020534011840474,0.2288381384283322,0.14595089685527668,0.1058283941490131,0.093303569990251828
Julian Edelman,WR,NE,12.455495058490287,6100,0.18628276553025608,0.22610262565492517,0.24305880078718592,0.17315069649047327,0.097598862688456994,0.073806248848702544
A.J. Green,WR,CIN,12.193675486981839,8200,0.16191249897959523,0.27251364590773519,0.26326613834962481,0.14211885909466981,0.08761169083650186,0.072577166831873208
Mike Evans,WR,TB,12.164964205245298,8000,0.17973333071219538,0.26862880734678324,0.23332888918832853,0.1546367206015275,0.084565167234789587,0.07910708491637565
DeSean Jackson,WR,WAS,12.042497964830297,6000,0.20408533403405024,0.2563960947134325,0.21923354158510444,0.14909910433074133,0.089590524593164564,0.081595400743507088
Randall Cobb,WR,GB,11.779614014146613,6500,0.20137824167501236,0.2626054899801778,0.23382571838400562,0.15494815668366999,0.07539056035554921,0.071851832921585368
Doug Baldwin,WR,SEA,11.741130854356824,6700,0.18627202956278568,0.27922337214003312,0.25081944174275778,0.13671799663137357,0.077625874263554565,0.069341285659495433
Dez Bryant,WR,DAL,11.648298703960174,7400,0.22886317440324783,0.26766159298810605,0.19527463271296258,0.133919642516621,0.10171483206717255,0.072566125311890065
Danny Amendola,WR,NE,11.498120493261331,4500,0.2437004540997709,0.22257127651222489,0.23484979985083068,0.15047554277946071,0.086088039688565057,0.062314887069147604
Jeremy Maclin,WR,KC,11.203550784558999,6400,0.21352588607256084,0.27712265693967669,0.24866939806217842,0.13434379029822599,0.06847401018370268,0.057864258443655475
T.Y. Hilton,WR,IND,11.112683398977957,7900,0.20816665142818669,0.29566507888389748,0.24588770452614331,0.11701140244694289,0.08228382905557162,0.050985333659258412
Pierre Garcon,WR,WAS,11.007350983404546,5700,0.25928039498271416,0.25523709494230251,0.20909773713422822,0.13848813599540244,0.076909965242821926,0.060986671702531033
Odell Beckham Jr.,WR,NYG,10.935436575334542,9000,0.30962023168142688,0.23353456601987282,0.16878727388188847,0.12518788317630838,0.07393567444818501,0.088934370792318709
Jarvis Landry,WR,MIA,10.918082646525194,6900,0.23787836524366679,0.27730408645920468,0.22948797185986217,0.13212459154328557,0.065062199973652257,0.05814278492032883
Davante Adams,WR,GB,10.885905325232789,7600,0.24946557082982973,0.26279912680959749,0.22795205859055948,0.13538985540707785,0.069658686980069329,0.054734701382866117
Allen Robinson,WR,JAC,10.83855806122553,7300,0.23906730880123836,0.28587939267144746,0.2221072008473384,0.13479134008384461,0.057529990353208507,0.060624767242922782
Sterling Shepard,WR,NYG,10.810116708523365,5900,0.23010110157372621,0.28468268507561589,0.24456756085022288,0.12412898392852166,0.066779759716520809,0.049739908855392652
Alshon Jeffery,WR,CHI,10.797796933893489,6900,0.23789797426939202,0.28159480481876714,0.24375932524374019,0.11450172970721471,0.06429008745362437,0.057956078507261671
Golden Tate,WR,DET,10.640758700295898,6600,0.26056080727319858,0.27956937676215227,0.20358909410701281,0.13771268687352184,0.064574060458137905,0.053993974525976866
Brandon LaFell,WR,CIN,10.418053702132157,5300,0.26228187862350577,0.28398895282850312,0.22205661281225797,0.11857922633416884,0.065695764036913698,0.047397565364650278
Anquan Boldin,WR,DET,10.391215639749348,5200,0.27833163039702763,0.27136033294308148,0.21008230982869647,0.12629557833005897,0.061819302146456312,0.052110846354678629
Jordan Matthews,WR,PHI,10.388199382229262,5800,0.26912258974121217,0.28049791024199194,0.21535950520188502,0.11636084027148645,0.075955337731490977,0.042703816811933373
Stefon Diggs,WR,MIN,10.361710356665625,6800,0.27217755341119326,0.28731172680663158,0.21041231394592622,0.11381212226952109,0.058662068007561623,0.057624215559166234
Larry Fitzgerald,WR,ARI,10.11539867182552,7000,0.25782225322173158,0.30977177327813099,0.22198415754800357,0.11211927311112729,0.05853088754745156,0.039771655293555537
Jamison Crowder,WR,WAS,10.080681030979948,6300,0.32682051188671707,0.24556757741222759,0.19465444156120962,0.11317143795624521,0.057184724125398267,0.062601307058202729
Sammie Coates,WR,PIT,10.005186709698741,5000,0.31080782394421547,0.26321956687513576,0.19353812687948166,0.12230029216217789,0.066830305875830012,0.043303884263159072
Tajae Sharpe,WR,TEN,9.9999576302702611,5100,0.31326628771570098,0.27004526270828055,0.18029373290237838,0.12193222496636545,0.068750335894454798,0.04571215581281983
Mike Wallace,WR,BAL,9.9492493254560408,6800,0.26219043877996862,0.32054691504310678,0.21528520904558598,0.10747305779524637,0.056208538109273065,0.038295841226819595
Allen Hurns,WR,JAC,9.9374418419103296,5400,0.27825225665683717,0.31160785299071103,0.1985700780602811,0.11361139070197163,0.05188592078611784,0.046072500804081304
Rishard Matthews,WR,TEN,9.8419636619825557,6000,0.32203465159752015,0.26115070517204142,0.19462647882155401,0.11543664606913906,0.062078460324782106,0.044673058014963199
Victor Cruz,WR,NYG,9.6559671697458853,4900,0.32251321176625281,0.2666256531738837,0.20786028486197039,0.10446155965985664,0.057233920618399832,0.041305369919636639
Cole Beasley,WR,DAL,9.5977238931666555,6400,0.35111390474369431,0.25985351419263542,0.16540458451832926,0.1101952277084608,0.068867431905747206,0.044565336931133133
Eli Rogers,WR,PIT,9.5680577510803229,5500,0.33302667617045395,0.28175834915812586,0.17275465786965236,0.10405782166854868,0.0678420553531075,0.040560439780111604
Tyler Boyd,WR,CIN,9.5245288900082379,4500,0.33088170639741377,0.2670643060928084,0.19664758164252832,0.1144522735725856,0.053581173567291834,0.037372958727371772
Phillip Dorsett,WR,IND,9.4157829982312915,4700,0.32296100634651803,0.29129935584459549,0.19987417369947111,0.092830134206696557,0.051558155730964832,0.04147717417175429
DeVante Parker,WR,MIA,9.1826217859097756,5800,0.346888953080981,0.26603941350726551,0.20246114813875035,0.1068036238748932,0.043882531218039519,0.033924330180070211
Tyler Lockett,WR,SEA,9.1304577241112082,5000,0.40300983618634623,0.22251841816396531,0.17630954595127429,0.090744664771584771,0.058367634193173284,0.049049900733656025
Vincent Jackson,WR,TB,9.1080191961488843,4500,0.34825373854627567,0.28349661644119778,0.18943643461268952,0.097243174833757953,0.040345348768470589,0.041224686797608712
Donte Moncrief,WR,IND,9.019844430465529,6500,0.37064733414460843,0.25849148961368035,0.19195840199707476,0.091843113841941895,0.049267051054024506,0.037792609348670438
Eddie Royal,WR,CHI,8.9952310092743542,5200,0.36737222756278809,0.27195592393152201,0.17736428723773356,0.097378715638833935,0.049418671614232454,0.036510174014890026
Adam Humphries,WR,TB,8.9192250920079381,5300,0.36090073576607012,0.28951061878300338,0.17454378085602479,0.0967448547005548,0.036487775666863141,0.041812234227483591
Torrey Smith,WR,SF,8.9081171812650073,4900,0.34261353441016418,0.30226721634590431,0.18539751822077222,0.1004083461198816,0.039230779410480129,0.030082605492797541
Nelson Agholor,WR,PHI,8.8957339218753706,5200,0.37804549351026828,0.2614210593857576,0.17922812441456751,0.096332076115341059,0.054592985056170738,0.030380261517895055
Corey Coleman,WR,CLE,8.8646240030706629,5400,0.38194510928978764,0.27129363756807429,0.16201436641731984,0.097318728534659407,0.051494546343356554,0.035933611846802799
Kenny Britt,WR,LARM,8.7541685279808021,6800,0.37913314954680538,0.27869536260952138,0.17146927348895938,0.093043483963402965,0.038224307838044431,0.039434422553266735
Kevin White,WR,CHI,8.6749037789801573,4500,0.37288259051212164,0.27972982647031547,0.19204746250622196,0.084457797254489986,0.03662900373445481,0.034253319522396568
Tavon Austin,WR,LARM,8.6481092429387605,5100,0.37584355648332546,0.29974368490260705,0.15860637722345164,0.087246716842940414,0.041873064028954153,0.036686600518720823
Robert Woods,WR,BUF,8.5966985833435157,5400,0.41778138372911006,0.24028782059226628,0.15972642262465492,0.096403629009282343,0.058615556424151415,0.027185187620534918
Jermaine Kearse,WR,SEA,8.5915273502472296,4600,0.41835956091123228,0.24423964086181271,0.16176811312176656,0.089639379352828966,0.048355063876185399,0.037638241876174275
John Brown,WR,ARI,8.4999052971033251,5900,0.36995022276367828,0.31040199495265286,0.16620625042223838,0.082520735531358719,0.044999624620899424,0.025921171709172287
Kenny Stills,WR,MIA,8.4936963848542941,5900,0.41060093276157539,0.24504871591187596,0.18848681469348216,0.082289003432075805,0.038022744629161609,0.035551788571828974
Michael Floyd,WR,ARI,8.4796293784798937,4900,0.37351387247853773,0.31518308052275362,0.15591499604030379,0.080522747382894472,0.046981956933618112,0.027883346641892383
Chris Hogan,WR,NE,8.3800900840445713,6000,0.44530598725251197,0.21750281071167271,0.16903056592378526,0.088336399051081912,0.043676308208318262,0.036147928852630393
Terrance Williams,WR,DAL,8.0635777114370217,5300,0.45236008070127054,0.25258031702086503,0.1318133638620288,0.085359816894270579,0.049003060748154761,0.02888336077341018
Jeremy Kerley,WR,SF,8.0352317705180525,5300,0.4120519890762559,0.28576242832215487,0.16394379549981514,0.082251685427323112,0.033309229872401432,0.02268087180205005
Adam Thielen,WR,MIN,8.023127917705807,5900,0.42290380250182286,0.27225393513959739,0.17060091706686464,0.073742951430960796,0.03255100932881972,0.027947384531934648
Sammy Watkins,WR,BUF,7.9172562780111262,5800,0.45001922734461475,0.24416419127983266,0.16723068033825458,0.073082156809270007,0.041939487922066386,0.023564256305961578
Marquise Goodwin,WR,BUF,7.8488674423236047,5300,0.46927222093056431,0.23875496974197363,0.14507413104160433,0.074951660735226772,0.043719813319297078,0.028227204231333972
Breshad Perriman,WR,BAL,7.8226633793655242,5100,0.42612526914576254,0.29321416919349469,0.15538920241713616,0.06982860720108143,0.026159479970533916,0.029283272071991516
Marqise Lee,WR,JAC,7.7141075572069111,4800,0.432228477934262,0.28780349047338399,0.16162011422505812,0.067682073179458735,0.024597647959682237,0.026068196228155323
Malcolm Mitchell,WR,NE,7.7072413580403962,4500,0.4894578898102927,0.22132214942584624,0.14361740379810486,0.078707660034702545,0.037706150173352895,0.02918874675770081
Marvin Jones Jr.,WR,DET,7.4691485014992107,6500,0.51161598632064864,0.21836765571036595,0.14405202299647846,0.056062077982925534,0.030339520300165096,0.039562736689416435
Steve Smith Sr.,WR,BAL,7.3475782970691892,5500,0.52202219613915257,0.21996576659207195,0.13449551514295985,0.054783754839981047,0.027456238413268996,0.041276528872565429
Terrelle Pryor Sr.,WR,CLE,7.3152423877447639,7200,0.52273974883995822,0.2258476418819238,0.13021596569029109,0.050019344658115042,0.029175624336456814,0.042001674593254885
Chris Conley,WR,KC,7.2969187380277409,4800,0.48418628211075959,0.26163601112053686,0.14094176441860989,0.064390292797036217,0.021534918508603722,0.027310731044453626
Kamar Aiken,WR,BAL,7.2802046984211612,4900,0.4916810740031709,0.25643259427540072,0.13428666247296964,0.064886034044072949,0.027191257691255837,0.025522377513130051
Quinton Patton,WR,SF,7.1029983538962496,4600,0.49314426753049079,0.26175976081533492,0.13972077729038068,0.062006782305356015,0.023464051825103131,0.019904360233334587
Jarius Wright,WR,MIN,7.0900429505793987,4500,0.54674064653700161,0.20898424095944718,0.1307972844627579,0.053873211449310121,0.012212937074431839,0.047391679517051755
Tyreek Hill,WR,KC,7.0835330126809604,5400,0.50897892630103336,0.24231924426348583,0.13766205478340271,0.06812112777886685,0.019893368996756727,0.023025277876454652
Markus Wheaton,WR,PIT,7.0547690511355921,4800,0.53886463863493961,0.23858476026112055,0.10525498062935149,0.047552336138193117,0.029514341389260835,0.040228942947134444
Geronimo Allison,WR,GB,6.9912588207939406,5200,0.5413373677336184,0.22268342471679464,0.13181015299269705,0.042098701772275121,0.024699835783299477,0.037370517001315266
Cameron Meredith,WR,CHI,6.9498976662678427,5600,0.54065525375486412,0.22446103533990572,0.12324419379663838,0.058333163772775282,0.022501147677020526,0.030805205658795659
Tanner McEvoy,WR,SEA,6.9089210970666253,5000,0.55663943790277404,0.20673801792611085,0.12865096629031814,0.053794488912763387,0.014524642671881622,0.039652446296152201
Brian Quick,WR,LARM,6.9029544492404744,4500,0.52217928077993092,0.2420079816637388,0.1415497328740469,0.051729733071768667,0.012372114831618876,0.030161156778896116
Laquon Treadwell,WR,MIN,6.8677080124935452,4500,0.57254468346226528,0.18646832181613787,0.12279983865209311,0.066364593799334681,0.016732989370464621,0.035089572899704505
Kendall Wright,WR,TEN,6.8665483100188229,4700,0.5469762653594753,0.24426811923871886,0.10621608074541544,0.034293010913400548,0.027502270180935331,0.040744253562054362
Cordarrelle Patterson,WR,MIN,6.8511310925989104,5300,0.54660582854381989,0.22421245460546327,0.11541286119101564,0.066169648905993764,0.021316938954232274,0.026282267799475404
Chris Brown,WR,DAL,6.8141219211685531,4500,0.55613885553548514,0.2215863894084549,0.12700253044234902,0.038497128466905547,0.012133932194188141,0.044641163952617628
Jaron Brown,WR,ARI,6.7746311647631154,4500,0.5229120731315402,0.25562331969878638,0.12172841869922089,0.060495751032441876,0.021843364431983845,0.017397073006026793
Isaac Fruechte,WR,MIN,6.7586550828559879,4500,0.56814249659803651,0.21046905332569207,0.11744145409677371,0.051887358041254494,0.0095812087630220994,0.042478429175221245
Rashawn Scott,WR,MIA,6.7030196482997457,4500,0.57590793124180562,0.21076548204173612,0.1151627022621609,0.039233902649638025,0.012838573878321368,0.046091407926338319
Tyler Murphy,WR,MIA,6.7030196482997457,4500,0.57590793124180562,0.21076548204173612,0.1151627022621609,0.039233902649638025,0.012838573878321368,0.046091407926338319
Percy Harvin,WR,BUF,6.6804861933530075,4900,0.57460124867516016,0.2144399431919993,0.11177859647506758,0.0380425483001363,0.02171585916012387,0.03942180419751256
Shaq Evans,WR,NE,6.6642425107482488,4500,0.57127382942743921,0.21973228645252368,0.11619283828277671,0.033422992827128677,0.016428704400472852,0.04294934860965903
DeAndre Carter,WR,NE,6.6642425107482488,4500,0.57127382942743921,0.21973228645252368,0.11619283828277671,0.033422992827128677,0.016428704400472852,0.04294934860965903
DeAndrew White,WR,NE,6.6642425107482488,4500,0.57127382942743921,0.21973228645252368,0.11619283828277671,0.033422992827128677,0.016428704400472852,0.04294934860965903
Levi Norwood,WR,PIT,6.648304438786985,4500,0.56901181190790917,0.22780116960868135,0.10896021253398473,0.032609994749790663,0.02197474716679592,0.03964206403283814
Cobi Hamilton,WR,PIT,6.648304438786985,4500,0.56901181190790917,0.22780116960868135,0.10896021253398473,0.032609994749790663,0.02197474716679592,0.03964206403283814
Canaan Severin,WR,PIT,6.648304438786985,4500,0.56901181190790917,0.22780116960868135,0.10896021253398473,0.032609994749790663,0.02197474716679592,0.03964206403283814
Greg Salas,WR,BUF,6.609838709162954,4500,0.56283460454233869,0.22721117451678191,0.11275767586553288,0.048563292012197681,0.019614925767593314,0.029018327295555372
Arrelious Benn,WR,JAC,6.6085788576106408,4500,0.58350465773830162,0.21304642729799564,0.10335516914195314,0.04191455445296418,0.014680614262594711,0.043498577106190962
Deshon Foxx,WR,SEA,6.6053163707343172,4500,0.58660723510911872,0.19522560007195516,0.1212850552906079,0.045941819422251153,0.0092593453033967491,0.041680944802670386
Kevin Smith,WR,SEA,6.6053163707343172,4500,0.58660723510911872,0.19522560007195516,0.1212850552906079,0.045941819422251153,0.0092593453033967491,0.041680944802670386
Rashad Greene Sr.,WR,JAC,6.5561125166194225,4500,0.57738887438947994,0.22362603167940703,0.1032542029097674,0.038049705543754621,0.021466978194277377,0.036214207283313801
Tony Washington,WR,JAC,6.5561125166194225,4500,0.57738887438947994,0.22362603167940703,0.1032542029097674,0.038049705543754621,0.021466978194277377,0.036214207283313801
Bryan Walters,WR,JAC,6.5561125166194225,4500,0.57738887438947994,0.22362603167940703,0.1032542029097674,0.038049705543754621,0.021466978194277377,0.036214207283313801
Aaron Dobson,WR,DET,6.5447073418965704,4500,0.58854408912007306,0.20169195815638263,0.11291215658229395,0.043024679712202835,0.016784424223503434,0.037042692205544223
Quinshad Davis,WR,DET,6.5447073418965704,4500,0.58854408912007306,0.20169195815638263,0.11291215658229395,0.043024679712202835,0.016784424223503434,0.037042692205544223
Hunter Sharp,WR,PHI,6.4844286233787267,4500,0.58826278210399208,0.20604694491539777,0.11192080899842401,0.044636569207744774,0.012577019731943473,0.036555875042498243
Chris Givens,WR,PHI,6.4844286233787267,4500,0.58826278210399208,0.20604694491539777,0.11192080899842401,0.044636569207744774,0.012577019731943473,0.036555875042498243
Cayleb Jones,WR,PHI,6.4844286233787267,4500,0.58826278210399208,0.20604694491539777,0.11192080899842401,0.044636569207744774,0.012577019731943473,0.036555875042498243
Bryce Treggs,WR,PHI,6.4844286233787267,4500,0.58826278210399208,0.20604694491539777,0.11192080899842401,0.044636569207744774,0.012577019731943473,0.036555875042498243
Xavier Rush,WR,PHI,6.4844286233787267,4500,0.58826278210399208,0.20604694491539777,0.11192080899842401,0.044636569207744774,0.012577019731943473,0.036555875042498243
Dorial Green-Beckham,WR,PHI,6.4316033879846533,4800,0.54329614366152545,0.26349030366071202,0.10306461712011569,0.058604591631619109,0.016834354829009118,0.014709989097018681
Roger Lewis,WR,NYG,6.4254535629749601,4500,0.59560238317540759,0.20832741586996148,0.10360393545463126,0.038782508993344483,0.015210883697540995,0.038472872809114149
Kadron Boone,WR,NYG,6.4254535629749601,4500,0.59560238317540759,0.20832741586996148,0.10360393545463126,0.038782508993344483,0.015210883697540995,0.038472872809114149
Josh Doctson,WR,WAS,6.4125138762436071,4500,0.59588828016828266,0.20013400271552215,0.11160331571852702,0.042401527920627576,0.017906810050939446,0.032066063426100987
Donteea Dye,WR,TB,6.3870170203942491,4500,0.60153895456344031,0.20440220358445815,0.10043055465855782,0.040547069286613183,0.01490720621721804,0.038174011689712864
Freddie Martino,WR,TB,6.3870170203942491,4500,0.60153895456344031,0.20440220358445815,0.10043055465855782,0.040547069286613183,0.01490720621721804,0.038174011689712864
Cecil Shorts III,WR,TB,6.3870170203942491,4500,0.60153895456344031,0.20440220358445815,0.10043055465855782,0.040547069286613183,0.01490720621721804,0.038174011689712864
Rashad Ross,WR,WAS,6.3859071831371716,4500,0.60229069365514154,0.20321854912412124,0.10770637301053633,0.028341287446465128,0.018689204675836398,0.039753892087899839
Daniel Anthrop,WR,IND,6.371801217541571,4500,0.59344676770997218,0.20889508901017234,0.11024721500870183,0.036350213722199314,0.019383489430631808,0.031677225118322633
Joshua Stangby,WR,IND,6.371801217541571,4500,0.59344676770997218,0.20889508901017234,0.11024721500870183,0.036350213722199314,0.019383489430631808,0.031677225118322633
Brian Tyms,WR,IND,6.371801217541571,4500,0.59344676770997218,0.20889508901017234,0.11024721500870183,0.036350213722199314,0.019383489430631808,0.031677225118322633
Devin Street,WR,IND,6.371801217541571,4500,0.59344676770997218,0.20889508901017234,0.11024721500870183,0.036350213722199314,0.019383489430631808,0.031677225118322633
Tevaun Smith,WR,IND,6.371801217541571,4500,0.59344676770997218,0.20889508901017234,0.11024721500870183,0.036350213722199314,0.019383489430631808,0.031677225118322633
Mekale McKay,WR,IND,6.371801217541571,4500,0.59344676770997218,0.20889508901017234,0.11024721500870183,0.036350213722199314,0.019383489430631808,0.031677225118322633
Marcus Leak,WR,IND,6.371801217541571,4500,0.59344676770997218,0.20889508901017234,0.11024721500870183,0.036350213722199314,0.019383489430631808,0.031677225118322633
Chester Rogers,WR,IND,6.371801217541571,4500,0.59344676770997218,0.20889508901017234,0.11024721500870183,0.036350213722199314,0.019383489430631808,0.031677225118322633
Keshawn Martin,WR,SF,6.3654561920971044,4500,0.57788339189709514,0.23268645792889034,0.10872244488134636,0.032743689727552622,0.015091256280397633,0.032872759284717896
Mose Frazier,WR,SF,6.3654561920971044,4500,0.57788339189709514,0.23268645792889034,0.10872244488134636,0.032743689727552622,0.015091256280397633,0.032872759284717896
Charles Johnson,WR,MIN,6.3452871558992054,4600,0.59679351133180292,0.1984814973767377,0.11350460278898387,0.050297299751647623,0.011940614783947305,0.028982473966880681
Daniel Braverman,WR,CHI,6.3280635073468607,4500,0.59084676025411365,0.21508079610676056,0.1096638954211141,0.040175473241689422,0.010487680086296518,0.033745394890025787
Marquess Wilson,WR,CHI,6.3280635073468607,4500,0.59084676025411365,0.21508079610676056,0.1096638954211141,0.040175473241689422,0.010487680086296518,0.033745394890025787
Joshua Bellamy,WR,CHI,6.3280635073468607,4500,0.59084676025411365,0.21508079610676056,0.1096638954211141,0.040175473241689422,0.010487680086296518,0.033745394890025787
Kieran Duncan,WR,CHI,6.3280635073468607,4500,0.59084676025411365,0.21508079610676056,0.1096638954211141,0.040175473241689422,0.010487680086296518,0.033745394890025787
Dwayne Bowe,WR,CLE,6.3245583274310615,4500,0.60417149009006832,0.20590410232110767,0.10274219565728239,0.033273955380553735,0.015839977046059824,0.038068279504927881
Rannell Hall,WR,CLE,6.3245583274310615,4500,0.60417149009006832,0.20590410232110767,0.10274219565728239,0.033273955380553735,0.015839977046059824,0.038068279504927881
Josh Boyce,WR,CLE,6.3245583274310615,4500,0.60417149009006832,0.20590410232110767,0.10274219565728239,0.033273955380553735,0.015839977046059824,0.038068279504927881
Marcus Easley,WR,BUF,6.3244266747132754,4500,0.60149245614916436,0.20786265729111286,0.10631345824657501,0.030729143749570489,0.015803092908205797,0.037799191655371503
Walt Powell,WR,BUF,6.3244266747132754,4500,0.60149245614916436,0.20786265729111286,0.10631345824657501,0.030729143749570489,0.015803092908205797,0.037799191655371503
Kolby Listenbee,WR,BUF,6.3244266747132754,4500,0.60149245614916436,0.20786265729111286,0.10631345824657501,0.030729143749570489,0.015803092908205797,0.037799191655371503
Justin Hunter,WR,BUF,6.3143038854280347,5000,0.61413225592355292,0.19257962195791192,0.10527559310525096,0.030929031943522964,0.018474612262180896,0.038608884807580124
Kashif Moore,WR,KC,6.3072498287595513,4500,0.60327771031543431,0.20825633559480478,0.099908363522129923,0.035195229538956228,0.019020590647396633,0.034341770381278086
Demarcus Robinson,WR,KC,6.3072498287595513,4500,0.60327771031543431,0.20825633559480478,0.099908363522129923,0.035195229538956228,0.019020590647396633,0.034341770381278086
De'Anthony Thomas,WR,KC,6.3072498287595513,4500,0.60327771031543431,0.20825633559480478,0.099908363522129923,0.035195229538956228,0.019020590647396633,0.034341770381278086
Andrew Hawkins,WR,CLE,6.3008178563171393,4500,0.58397345666612699,0.21370632319313895,0.11900525565795768,0.044823693260902929,0.018480699137703151,0.020010572084170432
Cody Core,WR,CIN,6.2991583431411122,4500,0.61656782189341119,0.19299700605514886,0.10143681000379327,0.032978601202716055,0.015073565267313847,0.040946195577616702
Harry Douglas,WR,TEN,6.2814481852432635,4500,0.61306740615851096,0.19185892253987516,0.10121929841206551,0.044027415334763821,0.019224916093568932,0.030602041461215826
Rod Streater,WR,SF,6.2731058328818259,4500,0.58976044249058357,0.21314574916035703,0.11215254674153259,0.046978305320248992,0.013579373464191056,0.024383582823086381
Brittan Golden,WR,ARI,6.2566582348480102,4500,0.60779043317631165,0.20405946173797676,0.10363052141666576,0.035341612812870571,0.011903550321195578,0.037274420534979889
Duke Williams,WR,LARM,6.2414625005765982,4500,0.60790957153699321,0.20308634830779732,0.10293823767962569,0.040239130509299018,0.010521274911048819,0.035305437055235742
Paul McRoberts,WR,LARM,6.2414625005765982,4500,0.60790957153699321,0.20308634830779732,0.10293823767962569,0.040239130509299018,0.010521274911048819,0.035305437055235742
Pharoh Cooper,WR,LARM,6.2414625005765982,4500,0.60790957153699321,0.20308634830779732,0.10293823767962569,0.040239130509299018,0.010521274911048819,0.035305437055235742
Nelson Spruce,WR,LARM,6.2414625005765982,4500,0.60790957153699321,0.20308634830779732,0.10293823767962569,0.040239130509299018,0.010521274911048819,0.035305437055235742
J.J. Nelson,WR,ARI,6.2117689651262911,5800,0.59934123645572734,0.20539041867403118,0.11133834482307491,0.045140043429162474,0.015083228672429757,0.023706727945574158
Mike Thomas,WR,LARM,6.2023560968297966,4500,0.63378117068128059,0.1789156345179268,0.099949175967827569,0.033551484783903282,0.0080098916846375445,0.045792642364423548
Chris Harper,WR,SF,6.1836942433628543,4500,0.60433301497597358,0.21089112272893934,0.10237673216225977,0.042759093417653486,0.0053832022097161725,0.034256834505457363
Ricardo Louis,WR,CLE,6.1477621526608521,4500,0.60529822924232413,0.20819678248200973,0.10104603900828729,0.048224392779838358,0.011582390743631005,0.025652165743909414
Paul Richardson,WR,SEA,6.0441183957686473,4500,0.63377768641488497,0.17065719376890071,0.11126097882480881,0.043367208364403491,0.019141760493010147,0.021795172133991954
Jordan Payton,WR,CLE,6.0276042164081938,4500,0.63164283661901433,0.19404547718154652,0.096765102874228459,0.031079382679904496,0.0076289909146074726,0.038838209730698417
Russell Shepard,WR,TB,5.9760242907765697,4500,0.63054988551779234,0.18880096749614603,0.097566832475824844,0.046026935366671788,0.012087476110321224,0.024967903033243578
Chris Moore,WR,BAL,5.8025632548832053,4500,0.64559492631260706,0.18909647489666864,0.092604525538676513,0.034182628147596969,0.0089479849624284884,0.029573460142022872
Andre Roberts,WR,DET,5.7899550754282929,4500,0.66127801293926858,0.16259213399787784,0.099187502473815831,0.040244188620513127,0.0071994995640093521,0.029498662404514511
Jakeem Grant,WR,MIA,5.7567214415230072,4500,0.6522461612619499,0.17534488665312201,0.10362922093320141,0.035100060710483424,0.0049575745525901865,0.028722095888653112
Alex Erickson,WR,CIN,5.735777522543307,4500,0.66030533379859879,0.17273565679079925,0.089080022744548348,0.039712179832452975,0.013710771436596469,0.02445603539700409
James Wright,WR,CIN,5.6963231822973341,4500,0.65471623708789906,0.17769228750219632,0.095540837977550461,0.039992724314643895,0.0097770655303108835,0.022280847587398952
Albert Wilson,WR,KC,5.5840282485891306,4800,0.68948554475885815,0.14504950177439557,0.090666514433353551,0.034277716820175656,0.015013642449888918,0.025507079763328194
Aaron Burbridge,WR,SF,5.5283837480244715,4500,0.68793055697421612,0.16111069207827036,0.08406761659548774,0.025700158065897913,0.0066245312926807151,0.03456644499344648
Bradley Marquez,WR,LARM,5.503487994337787,4500,0.67893402093536126,0.17285517869712214,0.082192792681581583,0.030183533935987942,0.0062661357504264952,0.029568337999520453
Josh Huff,WR,TB,5.4539096982948365,4500,0.67375787977941781,0.18180902423739592,0.076077687423086807,0.035328330737298387,0.014302840750505027,0.018724237072296493
Quan Bray,WR,IND,5.4213253686984526,4500,0.6806005177393496,0.17584185563538074,0.07936469741346186,0.030017349484784434,0.011236123812075918,0.022939455914945995
Trevor Davis,WR,GB,5.3837210705066108,4700,0.69559899605776498,0.15025023308020538,0.091070715548917075,0.026845030150446786,0.017357666341387301,0.018877358821278636
Darrius Heyward-Bey,WR,PIT,5.3415677757487892,4800,0.71580731123948371,0.14734904394849388,0.070485224379122524,0.020541100620984836,0.010715838479510383,0.035101481332404594
Tavarres King,WR,NYG,5.2889311073408249,4500,0.71163028024343578,0.15101078039038254,0.077495164892663421,0.019940716581152082,0.0076523279128327491,0.032270729979533654
Leonte Carroo,WR,MIA,5.2813740523173429,4500,0.70662178557321342,0.15123050675596542,0.075841900862100464,0.036117308225718153,0.005933915608865011,0.024254582974137535
Devin Hester,WR,BAL,5.2375972326587545,4500,0.7233863198296866,0.14236655230201223,0.07037482489306307,0.02449575334428351,0.0059667637440106802,0.033409785886943863
Brandon Tate,WR,BUF,5.2282812165994113,4500,0.73476733244527037,0.12831218378247883,0.068770293000521288,0.024978482913179435,0.010990514495928182,0.032181193362621964
Jeff Janis,WR,GB,5.1094761002266909,4600,0.72602529975172736,0.14134747613397072,0.071311131693487392,0.028643346897363302,0.011368287784954391,0.021304457738497037
Marc Mariani,WR,TEN,5.0448909886875022,4500,0.76147602654704494,0.1184920211763416,0.0560422467487008,0.015310825910274136,0.010925192755259737,0.037753686862379121
Jared Abbrederis,WR,GB,4.9782442284733754,4500,0.72678085731973097,0.14937906080976179,0.074227274309601424,0.021607366264696035,0.0070340690094271114,0.020971372286782742
Ryan Grant,WR,WAS,4.8545515182955166,4500,0.76214085919748387,0.1218432665378564,0.063335811297002512,0.016117012856549359,0.0087708745979437983,0.027792175513163778
Brice Butler,WR,DAL,4.8472491294043794,4700,0.75151059529850117,0.12229178563097833,0.075656913683557092,0.024805751273892212,0.0072478115042482194,0.018487142608822806
Dwayne Harris,WR,NYG,4.7413113538828302,4500,0.76260935363602622,0.12221083133474969,0.072956999958300975,0.013332079412587735,0.0043124770042251969,0.024578258654110108
Rashard Higgins,WR,CLE,4.6303857786172475,4500,0.77542031885865648,0.12249918168089835,0.057513952714693638,0.014138319941399607,0.0060060252327891316,0.024422201571561806
Deonte Thompson,WR,CHI,4.6196751169323562,4500,0.76690598005565613,0.13229650439147447,0.053032426519120872,0.024478316064752797,0.0042951470824817367,0.018991625886513954
Matthew Slater,WR,NE,4.4795877390200367,4500,0.80508241425951355,0.10011906533839354,0.04893351211092635,0.012554771186774298,0.0062840408385238617,0.027026196265868514
Lucky Whitehead,WR,DAL,4.3453780688111827,4500,0.81315868379319023,0.095761356091666666,0.0483404346261933,0.015926078252189117,0.0052120825221872759,0.02160136471457335
