name,pos,team,expectation,salary,prob_0_5,prob_5_10,prob_10_15,prob_15_20,prob_20_25,prob_25_30,prob_30+,label
Julio Jones,WR,ATL,14.732465491688698,9000.0,0.12153555731274221,0.22623872721442984,0.21340036658932943,0.20578977866774245,0.10272894854838427,0.054549688726686835,0.075756932940684973,1.0
Amari Cooper,WR,OAK,13.200308685943439,7700.0,0.14519180278613067,0.26065066939209963,0.24457988199425776,0.15671064178134786,0.10461481537035879,0.047986072940096831,0.040266115735709151,1.0
T.Y. Hilton,WR,IND,13.09914576748419,7600.0,0.1540687007689559,0.22116866181959796,0.2874155799430117,0.15434753416623737,0.10000977827847661,0.052457150983725172,0.030532594039995673,2.0
Brandin Cooks,WR,NO,12.729792090812758,7600.0,0.19961886053364822,0.2438923968601828,0.22446434835467027,0.15085113037337775,0.081749675976869968,0.048445394528479943,0.050978193372771513,1.0
Marvin Jones,WR,DET,12.630555626894266,7200.0,0.16561414289056392,0.2540845230554718,0.26976855552907392,0.14989875943526904,0.08152875366108589,0.038337351313596266,0.0407679141149387,2.0
Odell Beckham Jr.,WR,NYG,12.261109266140751,8900.0,0.29377962150676934,0.24271210640741764,0.13248744856855765,0.12451655663238423,0.087064085835629051,0.035754893584084631,0.083685287465157757,0.0
Jordy Nelson,WR,GB,12.25839297606888,8200.0,0.20465166385790279,0.256674024821269,0.21507869841611757,0.14600887528292722,0.11375919790354415,0.028730168047496805,0.035097371670742956,1.0
Demaryius Thomas,WR,DEN,12.011574373716291,7400.0,0.17424433779992746,0.29691173969686774,0.23846606608976895,0.14249415189870851,0.082579169841764846,0.035871738380396437,0.029432796292566933,1.0
Antonio Brown,WR,PIT,11.788808807854686,8700.0,0.2385950181367657,0.23730304449523093,0.23288451110344047,0.1409516996989037,0.07658441075455448,0.035621066678859649,0.038060249132245795,0.0
Mike Evans,WR,TB,11.71220923358705,8300.0,0.20207662091061551,0.28031672930521323,0.24396084498445506,0.13191675788587076,0.078005545753138644,0.031847857847651262,0.031875643313055896,1.0
Michael Crabtree,WR,OAK,11.679236380802514,7000.0,0.20127771888947874,0.26438957150410669,0.25931280759668096,0.14338806422080899,0.072397034560334167,0.034630974951045078,0.024603828277545394,1.0
Doug Baldwin,WR,SEA,11.61564934311755,7000.0,0.22511791120915797,0.27790921829306653,0.21902873412872981,0.13070922874763116,0.073206425716593485,0.039316892945083975,0.034711588959737895,1.0
Emmanuel Sanders,WR,DEN,11.494506039704655,6800.0,0.19874379953861684,0.29968904973064053,0.23253109079676554,0.13772998853212143,0.072909826068037142,0.033503258614385301,0.024892986719433789,1.0
Brandon Marshall,WR,NYJ,11.443620061893276,7500.0,0.23801471847798217,0.27207175601186384,0.20717195331475455,0.13851787831740475,0.081247642053126484,0.031720126859389804,0.031255924965478847,1.0
Kelvin Benjamin,WR,CAR,11.28624852191909,7400.0,0.23679615433824092,0.28523305078474803,0.20328296353526773,0.13651239018049965,0.077864822600906186,0.031709836705856836,0.028600781854480967,1.0
Jarvis Landry,WR,MIA,10.884157052247637,7600.0,0.26884026773114328,0.25035761001851703,0.23279276505000362,0.12292617535925335,0.066129807227974333,0.037070946429240942,0.021882428183867885,0.0
Terrelle Pryor,WR,CLE,10.836439357695502,7000.0,0.23383113119657017,0.31886983429716742,0.19351534647626148,0.13324035943597046,0.07413259300142111,0.024355924917429876,0.022054810675179212,1.0
Golden Tate,WR,DET,10.661145081220315,6400.0,0.25766262524028744,0.28021123284912358,0.22212359142634841,0.1276991170527306,0.064975108336859169,0.028574198052413704,0.018754127042237771,1.0
Travis Benjamin,WR,SD,10.608636947556459,6000.0,0.25088206274880931,0.29544368367049895,0.21595700261250464,0.13162926122136234,0.058701227866243121,0.028891297824705769,0.018495464055876154,1.0
Allen Robinson,WR,JAC,10.520525163338894,6700.0,0.28315947690586318,0.29927075563325639,0.17801325830673376,0.1103149589422302,0.064008008398734301,0.04145811452417103,0.023775427289011088,1.0
Willie Snead,WR,NO,10.40089793435388,6500.0,0.2893233436579622,0.26848488260371611,0.21239618831160126,0.12453551298685223,0.050542517273989021,0.029692259327246312,0.025025295838632784,0.0
Jeremy Maclin,WR,KC,10.161012328935477,6700.0,0.2899707515377733,0.30040960631619973,0.19190566862880154,0.10744509732533319,0.056192110566752954,0.033747459062083672,0.020329306563055847,1.0
Michael Thomas,WR,NO,9.8624903231925245,5800.0,0.30182956184703091,0.27556399504058815,0.22030069515058726,0.11272808380179977,0.051977214191370344,0.022775569113462311,0.014824880855161475,0.0
Davante Adams,WR,GB,9.7829733501221678,7100.0,0.29011408950396683,0.29971286617972548,0.2125939149850076,0.11275724277339066,0.053597795714693711,0.015950351856773272,0.015273738986443002,1.0
Quincy Enunwa,WR,NYJ,9.6906218776664019,6400.0,0.31433496810553613,0.29482522512795595,0.18570954371222084,0.11118628981139778,0.055325787986761361,0.022666775043461686,0.01595141021266697,0.0
Cole Beasley,WR,DAL,9.6836131340891498,6300.0,0.32842843823808276,0.27529066664022667,0.18859617271182708,0.10352616234373133,0.070006236373446454,0.018902614515658358,0.015249709177027336,0.0
Jordan Matthews,WR,PHI,9.6290286828734946,5800.0,0.32352163227875902,0.28505854831830607,0.19022936904878554,0.10594455131657618,0.060011281454832394,0.017743562598701648,0.017491054984039269,0.0
Tyrell Williams,WR,SD,9.5733895541403715,5600.0,0.32981672944332469,0.26584209219172705,0.20763488556525037,0.10550485649228963,0.05964037128027519,0.017771286512325478,0.013789778514807656,0.0
Anquan Boldin,WR,DET,9.3702602294478421,5700.0,0.33207257203756763,0.28611505900244966,0.19517036858970649,0.10009777198141374,0.055023348830459382,0.018450785791997337,0.013070093766406188,0.0
Randall Cobb,WR,GB,9.2925088621045084,6900.0,0.3661421536692111,0.25735146000299852,0.18263808188176683,0.10253450334527456,0.054494473677331456,0.019441922895328697,0.017397404528088699,0.0
Allen Hurns,WR,JAC,9.2869999858597403,5900.0,0.34235001057430164,0.29442077273762468,0.17962914404205016,0.093327468574231062,0.047585297288721157,0.029380101744879161,0.013307205038192264,0.0
Dontrelle Inman,WR,SD,9.1880514914854157,5500.0,0.33561505428165594,0.29235760193951699,0.19806548275744862,0.097383017721830487,0.043198589322156873,0.021862220309662107,0.011518033667729211,0.0
Mike Wallace,WR,BAL,9.1797260304054085,6600.0,0.35998130734096295,0.26336185601942042,0.19396117918340197,0.10079293941351217,0.049163434613339892,0.018117938193264641,0.014621345236098145,0.0
Mohamed Sanu,WR,ATL,9.0634493850698146,5400.0,0.38178185354727584,0.24969352424519997,0.18246438427173112,0.099138933794061315,0.055809757686050961,0.01654219990867745,0.014569346547003917,0.0
Stefon Diggs,WR,MIN,8.8958865184872522,6500.0,0.36064059832136541,0.29876746682409328,0.18098849095432679,0.081016232113741427,0.042222329669070836,0.019917929210615026,0.016446952906787774,0.0
Terrance Williams,WR,DAL,8.6890073182845775,5500.0,0.40688630058509839,0.25443223783098173,0.16229594305629066,0.089061650223892466,0.061074344281963996,0.015551262818469807,0.010698261203303102,0.0
Rishard Matthews,WR,TEN,8.6791240658827586,5400.0,0.37431644843839013,0.28698934227313483,0.18033416689226386,0.087701178041923816,0.045137971494610615,0.014249391048819534,0.011271501810858033,0.0
DeVante Parker,WR,MIA,8.6049205484017737,5900.0,0.4007610789385076,0.26581796290488946,0.16186384162834774,0.098322121492955397,0.047215854894217313,0.014343820969338695,0.011675319171744657,0.0
Sterling Shepard,WR,NYG,8.3246248384476669,5600.0,0.4377906537429635,0.24333852577529416,0.16396235005672594,0.078378630247492337,0.044495273485783048,0.018453284254095093,0.013581282437646473,0.0
Kenny Britt,WR,LARM,8.285794348394095,6000.0,0.40112789374710228,0.29265403570673199,0.16630776624733751,0.071136388613588175,0.041749406599844233,0.016117866545204629,0.010906642540191837,0.0
Adam Thielen,WR,MIN,8.0858867765524813,5400.0,0.41400534999699212,0.28647784037600638,0.16325475091302347,0.083286918987711442,0.027816631359118289,0.013645049118417593,0.011513459248730424,0.0
Robert Woods,WR,BUF,8.0010001985932924,5400.0,0.43481257199211421,0.26799232816792473,0.15908396036336764,0.078150187965359386,0.033163874241160234,0.018164848194798786,0.0086322290752747395,0.0
Seth Roberts,WR,OAK,7.827864578965154,5400.0,0.44232637394484259,0.2688333824317154,0.16130823594818347,0.076265188284898075,0.028445571762796561,0.011195266680066629,0.011625980947497613,0.0
Kenny Stills,WR,MIA,7.6484116504176312,6000.0,0.45911273751290499,0.26497403708482914,0.16100754149791241,0.059527850841247024,0.032110911590695478,0.010379318969547744,0.012887602502863157,0.0
Sammie Coates,WR,PIT,7.6404512537947422,5500.0,0.51376695076987877,0.20001242658749957,0.15121427865529191,0.070859721571497877,0.035517255383750952,0.010059870064772068,0.018569496967308804,0.0
Tavon Austin,WR,LARM,7.6192107196702565,5600.0,0.46441931636605022,0.26468508177219152,0.14547279668304447,0.072384639460234768,0.031624689283274082,0.0097525356979066748,0.01166094073729803,0.0
Ted Ginn Jr.,WR,CAR,7.5840844915468448,5500.0,0.52157115517821673,0.21976690482119157,0.13113240316050179,0.054356604652274737,0.031878340936733765,0.016141889112407447,0.025152702138673443,0.0
Dez Bryant,WR,DAL,7.5793858670883596,7800.0,0.50086782509218775,0.23442679387099727,0.12621559878122496,0.075414851305109581,0.034267981727025353,0.014361645861111556,0.014445303362344102,0.0
Phillip Dorsett,WR,IND,7.497489364707083,5000.0,0.48254807399931965,0.26141723497289693,0.13238296760097387,0.062312090872078736,0.036584021367708774,0.013912752024095537,0.010842859162926582,0.0
Cordarrelle Patterson,WR,MIN,7.2174940620325145,5400.0,0.47253270576736039,0.28496954064207558,0.14457431940554696,0.058506676711769116,0.018545651934528343,0.010656127281175111,0.010214978257544164,0.0
Steve Smith,WR,BAL,6.892946028187656,5500.0,0.57585869879804408,0.20727516469725413,0.10885714372261722,0.043802224462721841,0.02999210668613771,0.013447098169091475,0.020767563464133672,0.0
Jeremy Kerley,WR,SF,6.8133373367000383,5300.0,0.55244419768864572,0.21840386922224117,0.12591166665133927,0.05825357141194553,0.024542383201801684,0.0089186727227532087,0.011525639101273629,0.0
Nelson Agholor,WR,PHI,6.6869866298180654,5200.0,0.55387092152688122,0.22781719089296429,0.1187738009394714,0.058352137223398437,0.023626859754132486,0.0077769335370057157,0.0097821561261465084,0.0
Kendall Wright,WR,TEN,6.6594931554101873,4900.0,0.54805529304356959,0.2534730081304854,0.10137803646065012,0.054242012774286683,0.019618802858253046,0.011030135659013627,0.012202711073740291,0.0
Brice Butler,WR,DAL,6.5967013353785209,5300.0,0.57064095397419934,0.21302001150087649,0.1131898760441751,0.05895474194019925,0.028007337733896687,0.0094460570086365696,0.0067410217980169509,0.0
Victor Cruz,WR,NYG,6.5948069460204826,5200.0,0.56410526698160246,0.22623526223005408,0.11890701901166383,0.042163747767129021,0.029328962184895547,0.0093888833003404823,0.0098708585243143642,0.0
Torrey Smith,WR,SF,6.5857872906309334,5300.0,0.57041541258735207,0.22020043423305957,0.11570928911403154,0.045921788526185461,0.029190573573238572,0.0064303179908717289,0.012132183975260717,0.0
Tyreek Hill,WR,KC,6.5266199492575483,4700.0,0.56083413667190496,0.24325948390955218,0.10635048396168992,0.052659986121770891,0.013794445748148542,0.0093024777695952087,0.013798985817337706,0.0
Brian Quick,WR,LARM,6.5104483908123569,4500.0,0.54679386408708197,0.2717937728169913,0.10722842981462376,0.036239627708928468,0.014356899831183104,0.0024170493686841588,0.02117035637250678,0.0
Marquise Goodwin,WR,BUF,6.5062760048784671,5300.0,0.57599422712866921,0.21629920978909173,0.11046451013955635,0.053722482884500877,0.027074909290864511,0.0082202732646879696,0.008224387502629011,0.0
Tyler Lockett,WR,SEA,6.4969147732865302,5100.0,0.5796961073819199,0.21699673054833976,0.11476929216228868,0.047998619248341937,0.017564038371390481,0.0071621675442499304,0.015813044743469465,0.0
Marqise Lee,WR,JAC,6.3040302579421654,4800.0,0.61024712584054663,0.19920898200025566,0.10392116301256787,0.045196367599573899,0.018150785500246878,0.0038191636939461566,0.019456412352861847,0.0
Dorial Green-Beckham,WR,PHI,6.2723346540838847,5000.0,0.57107157813827358,0.23747396812959598,0.1167959294780325,0.047236442042510221,0.011487958694891939,0.0052212400230023373,0.010712883493693216,0.0
Adam Humphries,WR,TB,6.2499580746426728,5300.0,0.57648796944356662,0.22611325953481204,0.1267320396608623,0.042472663296488217,0.011618299021016215,0.007479605788457076,0.0090961632547973941,0.0
Kamar Aiken,WR,BAL,6.1413501131771451,5300.0,0.61881819657877035,0.19607017356627421,0.096682317793670411,0.049791533614085129,0.019619571946988539,0.0084240115998527303,0.010594194900359996,0.0
Andrew Hawkins,WR,CLE,6.1137235484295473,4500.0,0.57788592865163679,0.25939564935879578,0.087101621414385363,0.046081721418983007,0.012920220446858973,0.0058512067711687888,0.010763651938171402,0.0
Robby Anderson,WR,NYJ,6.0603994926252973,0,0.60091427096202632,0.23371572000102611,0.090011731193424441,0.041441873063791504,0.016894981001698534,0.0028027210788018325,0.014218702699231768,0.0
Chris Conley,WR,KC,6.0300726070195472,4500.0,0.60071986017130607,0.22780310836764767,0.10128867715734804,0.042275324323052997,0.0096468335525919276,0.0056730168268678783,0.0125931796011846,0.0
Jermaine Kearse,WR,SEA,5.9574464844057369,4500.0,0.62180661751863342,0.20529498123371376,0.099085251582286413,0.046143096299591346,0.0090159989305802265,0.0051472173113341919,0.013506837123860761,0.0
Breshad Perriman,WR,BAL,5.918384462087884,5400.0,0.63017777144908305,0.20263745493134963,0.097494834203997349,0.031933397472507251,0.016060575334664654,0.010011005088359802,0.011684961520038877,0.0
Tajae Sharpe,WR,TEN,5.9145844931360436,4700.0,0.65052239454019745,0.16821117404138855,0.10008262668144539,0.045108919116089316,0.019254996632322718,0.004757034053496572,0.012062854935059673,0.0
Taylor Gabriel,WR,ATL,5.8158060192875212,4600.0,0.6470819942408782,0.17463051239223928,0.10636621025803322,0.04435167765392431,0.0088768129931873167,0.0095114433244195065,0.0091813491373196939,0.0
Devin Funchess,WR,CAR,5.8004628687341908,4700.0,0.64410817666164255,0.18727661814762647,0.094795043588268041,0.046118074008716557,0.009909366074871119,0.0069456718504326562,0.010847049668442785,0.0
Donte Moncrief,WR,IND,5.7991280700460104,6100.0,0.64835737392803783,0.18209074423148472,0.095153781291700212,0.042350367837510949,0.015121213238080094,0.0067540172308338912,0.0101725022423529,0.0
Brandon Coleman,WR,NO,5.7795520947625887,4600.0,0.64341909496260152,0.19547113538435706,0.089931588069852186,0.043836889776939642,0.0077456402399260016,0.0061925720287784947,0.013403079537544743,0.0
Darrius Heyward-Bey,WR,PIT,5.4883220835526823,5200.0,0.69985956737209021,0.14373485166592584,0.0937918894676322,0.03074292845608604,0.011105267887320353,0.0035198595262223571,0.017245635624722332,0.0
Ricardo Louis,WR,CLE,5.4798895065979671,4500.0,0.6732396683280033,0.19130192148640929,0.068987832377051542,0.039362821403454672,0.0088471958503665831,0.0036470507589328569,0.01461350979578247,0.0
Justin Hunter,WR,BUF,5.3889885971005738,5300.0,0.66839792537534481,0.18517977993663826,0.089801643752092361,0.033153401729989623,0.013559636476965377,0.0033890545712285019,0.0065185581577413285,0.0
Charone Peake,WR,NYJ,5.345118633203561,4500.0,0.67620760754952369,0.19766362996426082,0.06975508578918023,0.033522905866124893,0.0053396601121181789,0.002599768413932578,0.014911342304858636,0.0
Corey Coleman,WR,CLE,5.3295665521549633,5600.0,0.77317459588548221,0.097970921601414337,0.06269291225555601,0.018533976905832514,0.0073705534203117266,0.0027988930895951718,0.037458146841807143,0.0
Walter Powell,WR,BUF,5.2813775293410981,4500.0,0.69233907534843186,0.16952964173893023,0.084655272694427089,0.030700038810837632,0.0065971729443730807,0.0041437863193784933,0.01203501214362118,0.0
Quinton Patton,WR,SF,5.1564083379208165,4600.0,0.71303364404136793,0.16104712018033515,0.074655618247900846,0.026484729891832946,0.0057065225821749015,0.0035515613084638417,0.01552080374792442,0.0
Jake Lampman,WR,NO,5.0527137565001539,4500.0,0.8521430002672884,0.05228271667224952,0.029774869952093126,0.0076678259647570855,0.00074868044085003936,0.00018453233468133861,0.057198374368079584,0.0
Jordan Norwood,WR,DEN,5.0296183873638425,4500.0,0.7062629829291508,0.17675066582206511,0.070090738687245871,0.028104480920246172,0.0058171312857096405,0.0019476239591014204,0.011026376396481153,0.0
Chester Rogers,WR,IND,5.003023938959009,4500.0,0.7190729733472232,0.15686574486514004,0.080655218608174206,0.022802668425905268,0.0059634587076236902,0.0033285457976463652,0.011311390248287811,0.0
Paul Richardson,WR,SEA,4.9627721600756605,4500.0,0.72787644561233311,0.1531831691436035,0.071891494953914989,0.026742076328166584,0.0049028448330324763,0.0029167564607333546,0.012487212668215735,0.0
Jeff Janis,WR,GB,4.9421138688796127,4500.0,0.72057025084617954,0.16832547103701448,0.065806581408739045,0.026573267945472143,0.0037773133123770032,0.0023341117272769542,0.012613003722941619,0.0
Justin Hardy,WR,ATL,4.922551768221056,4500.0,0.72800417614244073,0.15470713007059111,0.070367436161080099,0.028113852003095956,0.0049902620521933864,0.0033637907836629351,0.010453352786935953,0.0
Jeremy Butler,WR,SD,4.9155957782102764,0.0,0.86015446639597282,0.049059494962010036,0.027816240916449905,0.0082628138597532225,0.00067727767127937963,0.0001756424544647666,0.053854063740068486,0.0
Geronimo Allison,WR,GB,4.8998010846746807,5200.0,0.74286311252166792,0.13610067219968325,0.073460652155762127,0.026307481869937564,0.0060125792698845224,0.0034635234370285358,0.01179197854603618,0.0
Trevor Davis,WR,GB,4.8685000327936114,5100.0,0.73278191821525596,0.14965153129815226,0.073830062550568273,0.025869962521561683,0.0059002217034009076,0.0017355988938371934,0.010230704817224375,0.0
Freddie Martino,WR,TB,4.865886828221182,4500.0,0.86393952213969416,0.046031577732671872,0.028551645212911789,0.0078612468775299902,0.00070186944948178018,0.0001937478432568216,0.052720390744452339,0.0
Demarcus Robinson,WR,KC,4.8432042889111413,4500.0,0.86304270311188824,0.047841652892547167,0.028664054456991998,0.0078454234419137996,0.00069524233639667559,0.00017809875821695129,0.051732825002043827,0.0
Pharoh Cooper,WR,LARM,4.8365339721222584,4500.0,0.85419896018210217,0.053750248714167038,0.03529584265769637,0.0069826796750961633,0.00050864092132791325,0.00015421555877960944,0.049109412290829858,0.0
Andre Roberts,WR,DET,4.8334397734135788,4500.0,0.7609953138005694,0.12842388094332591,0.065570455221025184,0.021742646056824185,0.0029027598791380531,0.0013919673559611352,0.018972976743155286,0.0
Isaiah Burse,WR,SD,4.7975256502969685,4500.0,0.86534079294236266,0.046811423598976359,0.02863320886381867,0.0078420759541381526,0.00069659923529644834,0.000185788137306573,0.050490111268099665,0.0
Lucky Whitehead,WR,DAL,4.7943818744080442,4500.0,0.79138425400780532,0.11066189274032362,0.051434200042022801,0.012533647153594764,0.00355840972229316,0.002845249642306476,0.027582346691653884,0.0
Corey Brown,WR,CAR,4.7679885362926049,4700.0,0.75841783641886007,0.13488172610748897,0.063631608267870676,0.020606832333847903,0.0043460982975215652,0.0036703108733407673,0.014445587701070278,0.0
Bryce Treggs,WR,PHI,4.7652098589541154,4500.0,0.86357859179468244,0.048847503683881646,0.029355400286899633,0.0088255070082096116,0.0007029681296314552,0.00019327675901545022,0.048496752337678591,0.0
Tanner McEvoy,WR,SEA,4.7639226902178349,5000.0,0.74987999803262828,0.14542278132061032,0.062567211610247114,0.020748562168952735,0.0059875915713627319,0.0026858524767591082,0.012708002819439686,0.0
Eli Rogers,WR,PIT,4.721895438438322,4800.0,0.80391912734110371,0.09943341643754959,0.04635156406170983,0.018470952919971886,0.0028040924693963007,0.0020147930117021804,0.027006053758566666,0.0
Arrelious Benn,WR,JAC,4.7014030383156289,4500.0,0.76606972436941567,0.13155954052943009,0.061857201321368849,0.018544467273018624,0.0035720561446433235,0.0029970195069820341,0.015399990855141347,0.0
Mike Thomas,WR,LARM,4.6550745627204648,4500.0,0.84152132687976211,0.06897880867921527,0.041211991142818961,0.0094215209420401517,0.00042650235230043404,0.00014498378746171181,0.038294866216401373,0.0
Aaron Burbridge,WR,SF,4.6415850566424499,4500.0,0.83378976965930829,0.070373921035860432,0.050010617080131235,0.010577277267479172,0.00089973269345210616,0.00045022743891261522,0.033898454824855137,0.0
Jordan Taylor,WR,DEN,4.6250028817283209,4500.0,0.75714319858696399,0.15099936920469717,0.052800017250233013,0.021070303314675565,0.0034389904953449489,0.0020856578316424778,0.012462463316443372,0.0
Harry Douglas,WR,TEN,4.5618873749468012,4500.0,0.8704440856676815,0.05013381821605617,0.028084659276637797,0.0070175329552553071,0.00096694652045770492,0.00042684639532396799,0.042926110968586527,0.0
Jakeem Grant,WR,MIA,4.5530064385284792,4500.0,0.84798724376996704,0.058010878148865769,0.047083473374303277,0.0116169319596494,0.0021540950421323414,0.00033444554818711961,0.032812932156893987,0.0
Rod Streater,WR,SF,4.5285420599446402,4500.0,0.8292213895943632,0.084962697912076265,0.040501682031082675,0.014499503278342499,0.00089932071873402564,0.0012023898135915421,0.028713016651809996,0.0
Bennie Fowler,WR,DEN,4.4941469628546082,4700.0,0.7794814796280789,0.1270453929355288,0.057782076734316935,0.01696531892670643,0.0050381881828206751,0.002531931130808158,0.011155612461740884,0.0
Leonte Carroo,WR,MIA,4.484172110063529,4500.0,0.85968725280309854,0.054828356571180549,0.04156114501319056,0.0070271548533865297,0.00069131219198014762,0.00019599906632741771,0.036008779500834989,0.0
Cobi Hamilton,WR,PIT,4.4648764152909921,4500.0,0.8013727375040387,0.11008320063421798,0.05345182259556177,0.012565923412355618,0.0026688227795133202,0.00097221940353206136,0.018885273670780956,0.0
Rashard Higgins,WR,CLE,4.4530849404186821,4500.0,0.78433923243931691,0.12942835914378831,0.050708517826818338,0.017960397466103891,0.0026999527136254754,0.0010149484225070965,0.013848591987840358,0.0
Bradley Marquez,WR,LARM,4.4317785032241739,4500.0,0.81864409830193985,0.10376137489309897,0.040313056829108164,0.010710406213901045,0.0006763461197164648,0.00078937046771869002,0.025105347174516478,0.0
Bryan Walters,WR,JAC,4.4183794787040656,4500.0,0.8020958232394666,0.11519720164967147,0.042858496887832699,0.019943952826262719,0.0018760972622909489,0.0011728867243804412,0.016855541410095671,0.0
Charles Johnson,WR,MIN,4.3285685214194531,4700.0,0.82093094811219758,0.0959952010884874,0.051998700050292987,0.0088243416642013218,0.0016543002390863172,0.00083095356760129989,0.01976555527813257,0.0
Chris Moore,WR,BAL,4.3058954259048052,4500.0,0.84522063335594699,0.078633792579282907,0.040501197087861665,0.0074652452567452888,0.00098922657618806141,0.0010294180565770157,0.026160487087397238,0.0
Dwayne Harris,WR,NYG,4.262639172270287,4500.0,0.88351681468388632,0.04147429315627995,0.033420703352699387,0.0066439414045201366,0.0010426365631468766,0.00016713755353350707,0.033734473285932876,0.0
Devin Hester,WR,BAL,4.2542553215851804,4500.0,0.88015289827585841,0.045593154929891827,0.034770479673864263,0.005371364423050062,0.00070552218360358805,0.00024133686893103621,0.033165243644799502,0.0
Andre Holmes,WR,OAK,4.210653845992117,4500.0,0.81927043130823085,0.10182033104103423,0.047450205564332826,0.012201382594390655,0.0054688445905002325,0.0017978206508508358,0.011990984250660943,0.0
Roger Lewis,WR,NYG,4.198458681970715,4500.0,0.81628134472894043,0.11128531460591523,0.045416598795226658,0.0096248415784119853,0.0011673896718327678,0.0009534521684478951,0.015271058451225795,0.0
Albert Wilson,WR,KC,4.1974395977014662,4500.0,0.80958126151913368,0.11667265510448036,0.042919351318198767,0.015153629484573107,0.0027566427739966902,0.0023119242985362369,0.010604535501081236,0.0
Laquon Treadwell,WR,MIN,4.1724777575373473,4500.0,0.87439732216533794,0.05826086571820608,0.032023758751145992,0.0045409990397931518,0.00046798573472986384,0.00021114507428983078,0.030097923516496001,0.0
Aldrick Robinson,WR,ATL,4.0572074229151296,4500.0,0.83968731158226984,0.087938623760568546,0.044529971968193693,0.010308201024787331,0.0014544002268200096,0.0045526542922808147,0.011528837145080557,0.0
Brenton Bersin,WR,CAR,3.9746466648196188,4500.0,0.89488616579566282,0.045381948834771764,0.02529040429060592,0.0067643720787603639,0.00036734356508020768,0.00020626018461646534,0.027103505250501009,0.0
Jalin Marshall,WR,NYJ,3.9618908903384038,4500.0,0.84981802221447067,0.089009089150864945,0.035507504553218078,0.0088497354835276373,0.00082934733964436084,0.00094898278504097311,0.015037318473233008,0.0
De'Anthony Thomas,WR,KC,3.939218465539625,4500.0,0.85053579184968098,0.082471006938043989,0.041444959244082487,0.011126477032329255,0.0012914605402648831,0.00093965609847854886,0.0121906482971194,0.0
Devin Street,WR,IND,3.8494675148730249,4500.0,0.8705039819281174,0.067449373949622124,0.036506243089977179,0.0093690625293562819,0.00109330724992327,0.00070398459150333768,0.014374046661500025,0.0
Griff Whalen,WR,SD,3.7140216080787178,4500.0,0.88994992329242606,0.055389489324613961,0.029916220183408008,0.008651893802346022,0.00081682591750525642,0.00062153451386820729,0.014654112965832824,0.0
Marc Mariani,WR,TEN,3.4833150373009203,4500.0,0.91998368751563298,0.038105461134083113,0.021968743734222376,0.003767767058455026,0.00057517793695465932,0.00025234073317232763,0.015346821887478665,0.0
Cecil Shorts,WR,TB,3.4383168128606507,4500.0,0.91925531521131343,0.03948809978246634,0.0232978010587639,0.0039460003757628972,0.00040747700762828722,0.0002151607680520891,0.013390145796011471,0.0
Eric Weems,WR,ATL,3.4083484437411613,4500.0,0.9252475231681655,0.034790006702605021,0.02151116757564649,0.0040666352871700749,0.00060634211598943578,0.00021802727259091119,0.013560297877832575,0.0
