name,pos,team,expectation,salary,prob_0_5,prob_5_10,prob_10_15,prob_15_20,prob_20_25,prob_25_30,prob_30+,label
DeMarco Murray,RB,TEN,14.336098936747696,8100.0,0.1034353097786493,0.22179586568661444,0.23905751122088942,0.22342595480612959,0.11711943179800119,0.060016810668268736,0.035149116041447444,2.0
Devonta Freeman,RB,ATL,13.456902024637097,7600.0,0.13266469671651179,0.24220700456903493,0.25473088325004434,0.1869776987180998,0.092512465474057545,0.054778971641248168,0.036128279631003873,2.0
Melvin Gordon,RB,SD,12.628861845426375,7800.0,0.14793963439690069,0.26163571632542798,0.25110966090560188,0.19993339902032262,0.073471239936621885,0.040123398038086448,0.025786951377039253,1.0
Christine Michael,RB,GB,12.503396168905461,7500.0,0.17416702790935185,0.26565308792705139,0.2166395687604373,0.18526116086473274,0.085602408803366531,0.045896637834928138,0.026780107900132431,1.0
Matt Forte,RB,NYJ,12.351948199771165,7500.0,0.16927715525566459,0.27196278488998493,0.22659933329949691,0.18754677243576781,0.077313687473326412,0.042745741288528122,0.024554525357231405,1.0
Ezekiel Elliott,RB,DAL,12.168395431453991,9200.0,0.20872896293541487,0.22388995524664104,0.241498853832328,0.18997844464966529,0.064357089944175133,0.043750518261825563,0.027796175129950286,2.0
Devontae Booker,RB,DEN,11.258575943399654,7000.0,0.22805596505808168,0.28772533628788949,0.2226421510433132,0.14143601541098016,0.056470221608548497,0.030226934136288918,0.033443376454897845,1.0
Frank Gore,RB,IND,10.935113102728348,6300.0,0.23144259509028406,0.31288060306868182,0.20551031197082606,0.1315635407706448,0.06016968186393247,0.034709462175955337,0.023723805059676119,1.0
Isaiah Crowell,RB,CLE,10.749763414484573,6000.0,0.26751405578549969,0.27451679881289109,0.22942390979078123,0.11203833284551479,0.05749962242058361,0.02204849730477464,0.036958783039955242,1.0
Mark Ingram,RB,NO,10.397955631019252,6700.0,0.3086169788098434,0.25861295463707029,0.18103730377268609,0.14381722740268271,0.053403654941793013,0.02699330719154807,0.027518573244376534,0.0
Mike Gillislee,RB,BUF,10.00433309419828,5900.0,0.35652944332989528,0.21716152342217274,0.20820502669235541,0.11411411091566555,0.048038600740706816,0.020590073681253734,0.03536122121795076,0.0
Latavius Murray,RB,OAK,9.8234005567135672,6000.0,0.33564410762931113,0.26908397556711416,0.18394364450734732,0.10525739813264763,0.060171627673226369,0.018063307011495635,0.027835939478858145,0.0
Jonathan Stewart,RB,CAR,9.5436958059603505,6400.0,0.34497245443768487,0.26961891773977736,0.19444537697318309,0.10214457110291734,0.041720933037073596,0.019482206374659312,0.027615540334705094,0.0
Jay Ajayi,RB,MIA,9.3738709666257947,7100.0,0.42861260878958329,0.21448965096102698,0.14939322931189242,0.10364891068648888,0.039339577022600873,0.017440738262779525,0.047075284965627635,0.0
Le'Veon Bell,RB,PIT,9.1748015243458632,8700.0,0.41123242674669414,0.21633194472954259,0.16104886863095863,0.12233569792336096,0.048687299207862703,0.018393417116066228,0.021970345645514987,0.0
Matt Asiata,RB,MIN,9.0302551284876991,6000.0,0.35378025040999328,0.3085544670284544,0.18336693314743835,0.063920986215115994,0.050172243822606773,0.015348345005406662,0.024856774370984654,0.0
Tim Hightower,RB,NO,8.6877635116473968,6100.0,0.4469532625890128,0.22859485727960147,0.15395300237406448,0.07970174905855136,0.045190939976035946,0.010171595650547078,0.035434593072187021,0.0
Ryan Mathews,RB,PHI,8.6310278054719589,5300.0,0.42387631257300551,0.26270494382385118,0.15022750935832915,0.08041627693308516,0.035271520499549479,0.018707769015160709,0.028795667797019295,0.0
Theo Riddick,RB,DET,8.323807083777206,6600.0,0.43865196336992696,0.24231026694169427,0.18890169659646791,0.060394649910706623,0.027733198407156854,0.013681631847496829,0.028326592926550723,0.0
Todd Gurley,RB,LARM,7.89175277131584,7600.0,0.49588079730880447,0.20922302708490084,0.14748976458452628,0.082261715022589069,0.028896852120804263,0.015890360500803509,0.020357483377571237,0.0
Duke Johnson,RB,CLE,7.7981529629959443,5200.0,0.47834725111517362,0.25683917189418776,0.12834763834437649,0.077826205933248641,0.023423299557296533,0.0066549916832323603,0.028561441472485238,0.0
LeSean McCoy,RB,BUF,7.7408360611654476,7400.0,0.49159562121603601,0.23257186614622299,0.1488696770455824,0.064817267175017582,0.02610557778354837,0.01018537318793224,0.025854617445660612,0.0
Darren Sproles,RB,PHI,7.7242264850424869,4800.0,0.49026798733922006,0.239376907260265,0.1358478870775435,0.074072532934846225,0.027871613317647863,0.007727603293394056,0.024835468777083786,0.0
Bilal Powell,RB,NYJ,7.5884891160897165,5400.0,0.49181704909116086,0.25403035776919153,0.13286040264882812,0.064406560932225076,0.01981983557088941,0.010320017232812078,0.026745776754892692,0.0
T.J. Yeldon,RB,JAC,7.4763598532931876,5600.0,0.50387352095214177,0.24634469865753728,0.12876724599143805,0.060924254314198283,0.027753142407254957,0.0083892983044536722,0.023947839372975569,0.0
Charcandrick West,RB,KC,7.4249205326323624,5600.0,0.53757951035279239,0.20080513783078291,0.14108670190991252,0.060949888813104182,0.021405145364324561,0.0097287901731950722,0.028444825555888918,0.0
DeAndre Washington,RB,OAK,7.2228012113013369,5200.0,0.54487396411160849,0.20926047946484205,0.12179093932051741,0.069445033427138911,0.023992399425755779,0.0078190076372929122,0.022818176612844025,0.0
Ty Montgomery,RB,GB,7.1080398126887792,6500.0,0.55832600933313947,0.20179010538211878,0.12055995047019988,0.055279377329044449,0.035211111218125812,0.010268014254877082,0.018565432012494647,0.0
Terrance West,RB,BAL,7.0940881343773956,6400.0,0.57195722067420063,0.18292735359594123,0.12484328169121506,0.06331443002821234,0.0214081234775488,0.013629608374305135,0.021919982158576896,0.0
Zach Zenner,RB,DET,6.8157008020458507,5100.0,0.58973136536619186,0.18901553520417583,0.11349374006809392,0.048788688494609808,0.029748377946842625,0.005444890788637591,0.023777402131448994,0.0
Rashad Jennings,RB,NYG,6.6000910235910748,5400.0,0.59993056540616307,0.19852093549665784,0.098137040196573599,0.046445362409735541,0.028314280688956608,0.0090712159127062791,0.01958059988920699,0.0
Jerick McKinnon,RB,MIN,6.0738636514407203,6200.0,0.66367383365094113,0.15882959211316397,0.087125085148904921,0.041785670467415152,0.017747153626837053,0.010069320323485028,0.020769344669253974,0.0
Chris Ivory,RB,JAC,5.9840798226084706,5000.0,0.65224413851654528,0.17087014319779836,0.090393740103446751,0.049094415400270611,0.015792500184234816,0.0038185418038842621,0.017786520793819992,0.0
Jalen Richard,RB,OAK,5.7823638030793898,5000.0,0.68845255903079938,0.15648184237690196,0.075951127530100943,0.03582178065977535,0.013359256380929612,0.0049206836426486855,0.025012750378844029,0.0
Reggie Bush,RB,BUF,5.6907994215128381,5200.0,0.66717401429744605,0.19805904877346434,0.066854980632344893,0.028111021888488734,0.012490368619491462,0.0036148956706608688,0.023695670118104108,0.0
Wendell Smallwood,RB,PHI,5.4430695882442777,4800.0,0.69661025390361075,0.16124629608605076,0.082621821270470755,0.027681950515477567,0.009520178820084298,0.0027195559552638734,0.019599943449042131,0.0
Terron Ward,RB,ATL,5.2717416814338858,5100.0,0.74661020164650493,0.1251287250119231,0.066217581208647527,0.023696300839374768,0.0079243825758804273,0.0025001604192917757,0.027922648298377557,0.0
Aaron Ripkowski,RB,GB,5.2373502661547473,4500.0,0.72399668407450979,0.1508304650012102,0.06411114803989526,0.028008268880427935,0.0099848764725847926,0.003661762890400033,0.019406794640973089,0.0
Robert Turbin,RB,IND,5.1859457773843349,4500.0,0.70806472422370337,0.17748645663191667,0.061011661819376686,0.02482383514925203,0.0078922314659928203,0.0020320971459749332,0.018688993563783826,0.0
Antone Smith,RB,TB,5.1532863129325568,5400.0,0.71979680322857031,0.17140798925927464,0.050962200524310927,0.022895983989354655,0.014351206484224374,0.001717141979382413,0.01886867453488323,0.0
C.J. Prosise,RB,SEA,5.1416211720062899,4700.0,0.74180095059198292,0.13524108159879483,0.059746558217191201,0.02789245705680931,0.015256946503759363,0.001012106681260581,0.019049899350201939,0.0
Damien Williams,RB,MIA,5.1232869775081396,4500.0,0.75646021209152503,0.11554145203324696,0.066262705684255657,0.027785049243092302,0.0099815933638321853,0.0016596055873653456,0.022309381996682649,0.0
Jonathan Williams,RB,BUF,5.0668806426101973,4500.0,0.7620526913615131,0.11433214485730489,0.068848895713290309,0.023423951869661438,0.0043929852352637098,0.0011121703807809057,0.025837160582186144,0.0
Mike Davis,RB,SF,5.0214766941538365,4900.0,0.76541282297351632,0.12234132001060205,0.054824671429411317,0.021259000551637371,0.0096785787237496212,0.0015533877404065117,0.024930218570676812,0.0
Jamize Olawale,RB,OAK,5.01256295884696,4500.0,0.74284686656516463,0.13715394240095111,0.060236928493756586,0.033851908680380807,0.0092971325145214511,0.0012302683081786988,0.015382953037047047,0.0
Peyton Barber,RB,TB,4.9490022726340674,5300.0,0.74377109679469788,0.14299673973690669,0.058473996106633709,0.026091737666628648,0.010141577965103976,0.0062648923525703872,0.012259959377459273,0.0
Knile Davis,RB,KC,4.890673235517137,5500.0,0.76702694879134559,0.13306321944483548,0.047092898635662184,0.020021005140881842,0.0076433382988844644,0.0021617141369760901,0.022990875551415841,0.0
Kenneth Farrow,RB,SD,4.7391591110962041,4500.0,0.78076904902777533,0.12660586646167027,0.042990645652047133,0.018926910636834045,0.0074093353119397756,0.0017411084120341133,0.021557084497699174,0.0
Alfred Morris,RB,DAL,4.673890371642142,4600.0,0.79544310230601711,0.11263609340129885,0.044069341716847281,0.014260226125508375,0.010040301388925418,0.0013464428919405321,0.022204492169462388,0.0
Don Jackson,RB,GB,4.6738605877690826,5500.0,0.79130068526552833,0.11702531745315846,0.042733277993105917,0.01748858029641804,0.008580003331215046,0.0021162612622714783,0.020755874398303686,0.0
Kenjon Barner,RB,PHI,4.6615335464784327,4600.0,0.79860785451835858,0.11323168665650926,0.040026667563340099,0.017430473802313554,0.0046277476587215502,0.00084795215616772818,0.025227617644589459,0.0
Paul Perkins,RB,NYG,4.6482276024983005,4500.0,0.77036970376438318,0.13910484646040283,0.048732497567489805,0.017452381345798098,0.0062831371309564612,0.0011915552721612518,0.01686587845880794,0.0
Shaun Draughn,RB,SF,4.4953910354848423,4700.0,0.79787999681475175,0.10509892901552731,0.055348366967491791,0.018806975907246476,0.0075970547755280496,0.0018486667025714638,0.01342000981688434,0.0
Ronnie Hillman,RB,MIN,4.425808741154289,4500.0,0.81065958579399855,0.10824938870146152,0.042528304303067671,0.011890368184364883,0.0064702638141642139,0.00067332580374944418,0.019528763399194144,0.0
Fozzy Whittaker,RB,CAR,4.3693740507567762,4700.0,0.80855561734558068,0.11140266087941185,0.044050958093607408,0.01389240035557421,0.0032395126915975157,0.0018983652472459576,0.016960485386982478,0.0
Bobby Rainey,RB,NYG,4.3655135597312755,4600.0,0.80664675021626409,0.10645886537960765,0.050572141178875422,0.017532910711030466,0.0033091063778920302,0.00063804221460517869,0.014842183921724809,0.0
Benny Cunningham,RB,LARM,4.3028862202542193,4500.0,0.82278209496636801,0.10068105794693243,0.035290919170430916,0.01785746234597466,0.0059151438799219004,0.00099680385465031156,0.016476517835721051,0.0
Jerome Felton,RB,BUF,4.301240568900603,4500.0,0.82531950442749413,0.11221259233284019,0.028324065848090826,0.007782350289782824,0.0010956574620607793,0.0003801224164970249,0.024885707223234167,0.0
Travaris Cadet,RB,NO,4.2821278326990031,4500.0,0.80288489284649622,0.12301777755573927,0.042422675326440361,0.011101229141015584,0.0056277089400626522,0.0029328267258082637,0.012012889464437257,0.0
DuJuan Harris,RB,SF,4.2110018556756614,4500.0,0.8304849359151274,0.092266527085744801,0.039696540371212959,0.016645594441932296,0.0048037357109365058,0.0021855299669213692,0.013917136508124895,0.0
Kenneth Dixon,RB,BAL,4.1587712681993247,4900.0,0.83649845859195049,0.096703779160748737,0.031696311944429262,0.013257752430792896,0.0034205885255536236,0.0010319810378329219,0.017391128308692296,0.0
Derek Watt,RB,SD,4.0977146146193402,4500.0,0.84838514137912957,0.091498417963763748,0.024338928973705255,0.014019931739429597,0.0014472247160950082,0.00033290403411844919,0.019977451193758836,0.0
C.J. Spiller,RB,NYJ,3.9913296127223372,4600.0,0.85388044800767049,0.080438971042716106,0.041717935544488799,0.0051785175723603949,0.00096029679895540425,0.00056037414659202529,0.017263456887217029,0.0
Alex Collins,RB,SEA,3.9448239705441233,4500.0,0.86470154471579808,0.078165169654249161,0.024924628806855965,0.011817666224146638,0.0022209545915638142,0.00099445616389264892,0.017175579843493147,0.0
DeAngelo Williams,RB,PIT,3.9408994732282334,4900.0,0.85290917487489315,0.08800024961296439,0.031789428511954931,0.0087161167714481826,0.0035661456373222446,0.0009565964660477169,0.014062288125369275,0.0
John Kuhn,RB,NO,3.8951102834270217,4500.0,0.84630998327601048,0.10321727084761492,0.02465749805679629,0.010525450870101089,0.0015301000600894683,0.0004299952716609778,0.01332970161772774,0.0
Mike Tolbert,RB,CAR,3.8780598103222745,4500.0,0.86928100362471628,0.081242750235827929,0.019821895771171761,0.0086777305264946637,0.0026567278504505947,0.00067598709246807363,0.017643904898870303,0.0
Javorius Allen,RB,BAL,3.8611957299903241,4700.0,0.87266735133022133,0.0668237733699025,0.029150341638581784,0.014351782633993252,0.0019324289463215885,0.0011023119084236799,0.013972010172556013,0.0
Juwan Thompson,RB,DEN,3.8363001176687108,4500.0,0.87382868464445773,0.075066992951025077,0.022477648747603732,0.008274266621122758,0.0035498756576575197,0.00066734890957142914,0.016135182468562145,0.0
Kapri Bibbs,RB,DEN,3.7002334839738422,4500.0,0.89192165480609853,0.063606745588065353,0.018559501825408234,0.0070389293441835881,0.001371015807550776,0.00069593052891557072,0.016806222099777689,0.0
Kyle Juszczyk,RB,BAL,3.5271051434067333,4500.0,0.90200270507026792,0.060377803284073356,0.014676825737977243,0.008707501689092732,0.0008311390177497775,0.00058910068161131433,0.012814924519228395,0.0
Zach Line,RB,MIN,3.5216381135870658,4500.0,0.89850389490160931,0.063844526118615186,0.018090276894732041,0.0054669708988780239,0.0011222030865014104,0.00060400992074718864,0.012368118178916662,0.0
Andy Janovich,RB,DEN,3.5130947077395427,4500.0,0.89972185093383106,0.061488875096009268,0.018445797574459511,0.0068641129530675488,0.0011564207942972497,0.00071911863173220077,0.011603824016604166,0.0
Lorenzo Taliaferro,RB,BAL,3.5024681477164115,4500.0,0.90427871592751963,0.057642485260885994,0.014713465030051755,0.0099781874649579588,0.00099176763464566995,0.00069825342918279024,0.011697125252757196,0.0
Kenyan Drake,RB,MIA,3.4670039389888441,4500.0,0.9106940906205665,0.05226598278096363,0.01546926070824726,0.0079031566636269639,0.00051823610794195696,0.00070427072905812908,0.01244500238959559,0.0
Anthony Sherman,RB,KC,3.4210572339198584,4500.0,0.92264342609219896,0.044658252990198433,0.013181542110895991,0.0032635821028888586,0.00049327381481543725,0.00067548718297527762,0.015084435706027162,0.0
Lance Dunbar,RB,DAL,3.4114124698649784,4500.0,0.9152381164780734,0.053226575431017144,0.012513261161852706,0.0049561310155437927,0.00053485129657389254,0.0006202146831723259,0.012910849933766835,0.0
Orleans Darkwa,RB,NYG,3.3986112946412401,4600.0,0.9157883162730488,0.052166682437933161,0.014174082013507765,0.0040739935520568002,0.00068672361188551446,0.00065185091040662253,0.012458351201162062,0.0
Mike James,RB,TB,3.395535248088061,0.0,0.91885126826433594,0.05065703591239535,0.012686113555822186,0.002978041953498402,0.00053551950763436437,0.00059770169233702263,0.013694319113977567,0.0
Patrick DiMarco,RB,ATL,3.3887779371348725,4500.0,0.91178287771148425,0.058297301700022619,0.013013366119488147,0.0039885772726272768,0.00063944541902387277,0.00060117770586741535,0.011677254071486351,0.0
Taiwan Jones,RB,OAK,3.3659661021401517,4500.0,0.9222515989352561,0.048075221254059289,0.012257549881393409,0.0029985108688092253,0.00044497757273269302,0.00066097543769705217,0.013311166050052373,0.0
Michael Burton,RB,DET,3.3620847615701432,4500.0,0.92431236098637937,0.044013820685950722,0.013682422185241417,0.0039722815011785104,0.00041949372211796482,0.00063604540584847908,0.012963575513283872,0.0
Jordan Todman,RB,IND,3.357712591839165,4500.0,0.92280319426500046,0.046558482091264231,0.01320206287559782,0.0034473448350372019,0.00060628417728610464,0.0007829114011156952,0.012599720354698269,0.0
Josh Ferguson,RB,IND,3.357712591839165,4500.0,0.92280319426500046,0.046558482091264231,0.01320206287559782,0.0034473448350372019,0.00060628417728610464,0.0007829114011156952,0.012599720354698269,0.0
Antonio Andrews,RB,TEN,3.3538232225065268,4500.0,0.92686090930570897,0.042598977146293772,0.012709000112642222,0.0031824630926088073,0.00043626148617818139,0.00061686377367064572,0.013595525082897643,0.0
Jalston Fowler,RB,TEN,3.3538232225065268,4500.0,0.92686090930570897,0.042598977146293772,0.012709000112642222,0.0031824630926088073,0.00043626148617818139,0.00061686377367064572,0.013595525082897643,0.0
Dwayne Washington,RB,DET,3.3512392881646269,4500.0,0.9244064997871535,0.045674433784033332,0.012513999051719073,0.0032439239107115007,0.00051396056009216746,0.00063258474529262183,0.013014598160998066,0.0
Stevan Ridley,RB,ATL,3.3466514027125838,4500.0,0.92780924787178576,0.041791302934381928,0.012755429949899316,0.0029393242567125753,0.00054042767124557356,0.00067953553375027411,0.013484731782225307,0.0
Will Tukuafu,RB,SEA,3.3366223674152464,4500.0,0.92766966586262267,0.042323752214244774,0.012651219855023186,0.0030979365241788829,0.00054200142986795055,0.00060919364977408583,0.013106230464289074,0.0
Fitzgerald Toussaint,RB,PIT,3.3289113704974622,4500.0,0.92765347014092825,0.042427885837523716,0.012865469791986146,0.0032525860743617997,0.00038825396634230232,0.00057833175869024243,0.012834002430167768,0.0
George Atkinson,RB,CLE,3.3198197122550832,4500.0,0.9295703315009971,0.040669401203629219,0.012326312510346629,0.0034838759576484488,0.00054952752506237255,0.00074093680770442394,0.012659614494611875,0.0
Malcolm Brown,RB,LARM,3.3157461396456989,4500.0,0.92949303112741599,0.040838208178563269,0.012701308141115746,0.0032441529577586655,0.00046176635042848837,0.00058072459820797005,0.012680808646510016,0.0
Chase Reynolds,RB,LARM,3.3157461396456989,4500.0,0.92949303112741599,0.040838208178563269,0.012701308141115746,0.0032441529577586655,0.00046176635042848837,0.00058072459820797005,0.012680808646510016,0.0
Denard Robinson,RB,JAC,3.2856123381076809,4500.0,0.93283246661612462,0.038517307588673555,0.011924688113465797,0.003371666416914399,0.00051815179020128538,0.00057599946043389598,0.012259720014186643,0.0
