name,pos,team,expectation,salary,prob_0_5,prob_5_10,prob_10_15,prob_15_20,prob_20_25,prob_25_30,prob_30+,label
Jay Ajayi,RB,MIA,19.498216379186189,7100.0,0.0022819820872439366,0.021552170731442836,0.2268509455216676,0.34222213737268597,0.20755126661097895,0.15300133292892615,0.046540164747054746,3.0
Ty Montgomery,RB,GB,19.377852499736886,6500.0,0.09347202853648065,0.067497252316448486,0.14766072183097675,0.13886478876340999,0.20622945750093569,0.31970184944090735,0.026573901610840937,5.0
Ezekiel Elliott,RB,DAL,18.754661315082494,9200.0,0.01693514911506341,0.1251925646343644,0.14651212683695536,0.25597307067380082,0.31448347853460396,0.072674098523648256,0.068229511681563701,4.0
Melvin Gordon,RB,SD,17.669640260676353,7800.0,0.024982542094817085,0.15590106120101868,0.18217701894282293,0.1910635398256906,0.35313879805429921,0.04990907858296427,0.042827961298387007,4.0
Mike James,RB,TB,17.140773768295126,0.0,0.15363864851671863,0.15458900033416972,0.13768689010795584,0.15314399440041354,0.14186928378876279,0.14179088919014368,0.11728129366183589,1.0
Jonathan Stewart,RB,CAR,16.387243703515551,6400.0,0.048950003738976823,0.24341459962931386,0.23527830825130344,0.17460554994789457,0.134778306066975,0.039185573277586566,0.12378765908794975,1.0
Duke Johnson,RB,CLE,16.076620907364642,5200.0,0.19738105771993847,0.15334588620809445,0.19971941191846904,0.073771665352512714,0.12144169954907939,0.13183609197556523,0.12250418727634059,2.0
Tim Hightower,RB,NO,16.030772704456737,6100.0,0.15733484456723049,0.14086160071069193,0.16072446789245901,0.12343611587158106,0.29305663410064914,0.072334712796418607,0.052251624060969878,4.0
Lance Dunbar,RB,DAL,15.727630800369489,4500.0,0.28733938987484958,0.10251946735362984,0.084811471637449842,0.095503131998264115,0.17235657782976829,0.18407113757183097,0.073398823734207405,0.0
Terron Ward,RB,ATL,14.638746839539452,5100.0,0.34225363406677195,0.16081531364140869,0.069799705394322079,0.058747564531992688,0.11281697102951541,0.10757347194675457,0.14799333938923465,0.0
Stevan Ridley,RB,ATL,14.318109791944233,4500.0,0.33537653812713208,0.13137835506426351,0.10610867656642683,0.077968934250017954,0.11624162507094139,0.12857680922000539,0.10434906170121279,0.0
Theo Riddick,RB,DET,14.186837501243001,6600.0,0.20708554692869632,0.31474520979290627,0.11867108530463433,0.073374720052778966,0.077417774554957436,0.067401300273942907,0.14130436309208369,1.0
Matt Forte,RB,NYJ,13.928120101538068,7500.0,0.11650506547973732,0.27373097586789302,0.24146966960249749,0.15534158454945704,0.10416364913487504,0.040569669886103339,0.068219385479436581,1.0
Frank Gore,RB,IND,13.671986573129123,6300.0,0.15565677224790861,0.27458161673197251,0.15843895675803632,0.14308007394887187,0.18767322145019119,0.040464103919485614,0.040105254943533973,1.0
Mike Gillislee,RB,BUF,13.503212213493246,5900.0,0.30355607488604969,0.16472817442121399,0.19519766158046001,0.084824973636162163,0.064585873316633235,0.055664362063420826,0.1314428800960602,0.0
Antone Smith,RB,TB,13.467012896167338,5400.0,0.3098523720339435,0.17654799533278079,0.11125157943406985,0.08807039526162655,0.11743649261276581,0.14604887054312274,0.050792294781690887,0.0
DeMarco Murray,RB,TEN,13.399992455174695,8100.0,0.1484001931273323,0.23556268800466004,0.24304451692784917,0.16862730846157997,0.12555810962173783,0.041342859844384003,0.037464324012456821,2.0
Le'Veon Bell,RB,PIT,12.977007455083298,8700.0,0.20257529698986129,0.12402192168829541,0.30775407625443196,0.20651061421732492,0.087514742892462846,0.052847439417919286,0.018775908539704216,2.0
Devontae Booker,RB,DEN,12.94841953137327,7000.0,0.20411670433563558,0.25215274928567788,0.21277124601123015,0.11849581270026538,0.10301919229550802,0.044642308154834678,0.064801987216848336,1.0
C.J. Spiller,RB,NYJ,12.921773346351685,4600.0,0.29862418539402691,0.15581134751947054,0.22892094909356719,0.10412340042923281,0.064941399394350952,0.040464028934770351,0.10711468923458119,0.0
Latavius Murray,RB,OAK,12.474060844977775,6000.0,0.38082588545422341,0.19318801568362989,0.076175699197585933,0.059569411426208141,0.10762201301465356,0.097964580249686198,0.084654394974012781,0.0
Darren Sproles,RB,PHI,12.134138456471689,4800.0,0.32979945898226065,0.16856924239927368,0.20499064871111641,0.10682388441531861,0.048759542489988733,0.056069747497568136,0.084987475504473817,0.0
C.J. Prosise,RB,SEA,12.082271746569685,4700.0,0.40419278215204846,0.20549016665315561,0.069026130118893664,0.05959217009384743,0.075142997002209083,0.079365984490921415,0.10718976948892435,0.0
Matt Asiata,RB,MIN,11.614816982073357,6000.0,0.3240950284253592,0.28611673368391988,0.10255149480351888,0.06876216149439357,0.07256228563660852,0.075481251747466921,0.070431044208733001,0.0
Devonta Freeman,RB,ATL,11.508649401338179,7600.0,0.30786819792153697,0.27634525536895849,0.11508208476222953,0.097622900565035475,0.10505995299391598,0.036685675213770266,0.061335933174553325,0.0
DuJuan Harris,RB,SF,11.40859973134865,4500.0,0.45775171100913609,0.1233390535253046,0.10401132921777494,0.065070768121103781,0.088798459313589845,0.097822879729256559,0.063205799083834141,0.0
Alfred Morris,RB,DAL,11.209169343730151,4600.0,0.4484180202201884,0.14423398248593264,0.07147176466429081,0.10737909247678065,0.11736449420298514,0.039534063989742053,0.071598581960080454,0.0
Terrance West,RB,BAL,11.050943601749285,6400.0,0.37220631043846653,0.16246741094755277,0.18971097373085877,0.11278781219640187,0.06984000040048273,0.035895184074060969,0.057092308212176236,0.0
Jonathan Williams,RB,BUF,10.922354195289479,4500.0,0.4615604865238776,0.1603664137935791,0.12452277428971818,0.061582130872930539,0.043932588128421705,0.031766206661448443,0.11626939973002455,0.0
Isaiah Crowell,RB,CLE,10.916443939330222,6000.0,0.41472292628556867,0.17307665557192101,0.17199116284410934,0.053109988134416246,0.05939542223360432,0.040504559186155913,0.087199285744224517,0.0
Damien Williams,RB,MIA,10.73778805125265,4500.0,0.50316092006640856,0.08099665384813777,0.11693443665904091,0.10221291757602785,0.071142113962222739,0.049739567843812886,0.075813390044349435,0.0
Mark Ingram,RB,NO,10.637210651243191,6700.0,0.42790414053437126,0.15918159722046812,0.10719437930051069,0.082444430252220063,0.15775970319067928,0.033568467235739134,0.031947282266011588,0.0
Dwayne Washington,RB,DET,10.477099798088332,4500.0,0.48332898589604112,0.1510117641711928,0.11249328258774022,0.063510770384548249,0.046918652498202401,0.057715219920167295,0.08502132454210809,0.0
Jamize Olawale,RB,OAK,10.384412216465234,4500.0,0.4676123733236412,0.1634622071672594,0.10175916655401511,0.072680257756231603,0.087146031199338447,0.036288507363421749,0.071051456636092317,0.0
Rashad Jennings,RB,NYG,10.279027049361812,5400.0,0.39929914885816931,0.18483952270604653,0.16048360893975619,0.11975963140167407,0.056848532140352744,0.032450978120425293,0.046318577833575986,0.0
LeSean McCoy,RB,BUF,10.244978301209464,7400.0,0.42794222134035237,0.095837265022924556,0.26093939412488792,0.084992343102544471,0.047572450516832503,0.034428895137833135,0.048287430754625153,0.0
DeAngelo Williams,RB,PIT,10.18867365020936,4900.0,0.40281918723886362,0.17103520169885647,0.19404602940450655,0.11743148432358316,0.036219575640937661,0.018987118004426453,0.059461403688826166,0.0
Shaun Draughn,RB,SF,9.834527859456653,4700.0,0.48831320047497229,0.13344939993762731,0.13167112111754764,0.067044922247348149,0.08926151169278361,0.049837248825171328,0.040422595704549605,0.0
Mike Davis,RB,SF,9.639325512190938,4900.0,0.48636743891398748,0.13700658168905028,0.15554300781226069,0.061673748392795463,0.073786657638615569,0.037961364469747419,0.047661201083543117,0.0
Paul Perkins,RB,NYG,9.3455773463219511,4500.0,0.4842405471394805,0.1670288437799092,0.13264680409997198,0.092108549516862551,0.042577218902292095,0.025952496349909496,0.055445540211574364,0.0
DeAndre Washington,RB,OAK,9.2275728331476454,5200.0,0.4951244138994233,0.18175556118032807,0.10913248124334295,0.066035463262970648,0.070793659779832666,0.024877813378261719,0.052280607255840578,0.0
Bilal Powell,RB,NYJ,9.1827094593869845,5400.0,0.48124123318212142,0.18949393269987932,0.14932754099307899,0.059747990910772694,0.035135861535251882,0.016161270729858544,0.06889216994903713,0.0
Christine Michael,RB,GB,9.057601483370135,7500.0,0.47267094818932448,0.20677154450376628,0.11614672896143782,0.070789542467861385,0.070047169759166666,0.022222294641832088,0.041351771476611392,0.0
Taiwan Jones,RB,OAK,9.0466116536699772,4500.0,0.54428918765137591,0.1582779126177124,0.092317681471614621,0.055132494271845356,0.05696049692842222,0.020983260826574958,0.072038966232454468,0.0
Mike Tolbert,RB,CAR,8.7536473760618581,4500.0,0.53778194434737592,0.19695099290341375,0.083783826658477945,0.051878145944642177,0.036142371316154338,0.014333844334083121,0.07912887449585268,0.0
Juwan Thompson,RB,DEN,8.6671619615707751,4500.0,0.56002333705596652,0.19843241604118436,0.052982096287835762,0.039326423917545095,0.042740602999326242,0.034749469393709348,0.071745654304432693,0.0
Bobby Rainey,RB,NYG,8.4656153711910527,4600.0,0.54022812629333117,0.15425650401788993,0.1237938329084626,0.078246751651652596,0.034911360369752995,0.019179368642328207,0.049384056116582274,0.0
Todd Gurley,RB,LARM,8.3204488117852868,7600.0,0.48760116890998967,0.17415549692369472,0.19205118701080848,0.06414663513896654,0.032880967438132409,0.025134282344890763,0.024030262233517324,0.0
Fozzy Whittaker,RB,CAR,8.188157648498299,4700.0,0.56726852389129034,0.19157972755866406,0.080298557627344169,0.047420640990947775,0.031009126918232474,0.011063995564902509,0.071359427448618701,0.0
Zach Zenner,RB,DET,8.166524497212718,5100.0,0.47137667858760945,0.26886301155527531,0.12909252483612357,0.044847213641066613,0.027055220417285666,0.012320310422984912,0.046445040539654495,0.0
Aaron Ripkowski,RB,GB,8.0588286073619138,4500.0,0.60831037130163346,0.13563183619067701,0.068842116631702491,0.053903982913457715,0.0595243104119157,0.027318349965815725,0.046469032584797863,0.0
Will Tukuafu,RB,SEA,8.0130540973964379,4500.0,0.62385975136210625,0.16305873238930718,0.048765290359620239,0.029113813065418277,0.031087172062885571,0.030945124014242684,0.073170116746419878,0.0
Travaris Cadet,RB,NO,7.9946000375366566,4500.0,0.62521459408319957,0.11062843056079663,0.062905636894749775,0.045168067399218276,0.09785237165149277,0.028622821210080723,0.029608078200462361,0.0
Charcandrick West,RB,KC,7.9475723427338103,5600.0,0.5410793421886424,0.1949420725474458,0.12174850543906196,0.041584204049116613,0.037347063300470836,0.02300517421149734,0.040293638263764982,0.0
Kyle Juszczyk,RB,BAL,7.876656876299279,4500.0,0.61819236537315336,0.12601506088391809,0.086824458429082776,0.056817358372891091,0.036414015429093227,0.021819706096249322,0.053917035415612186,0.0
Ryan Mathews,RB,PHI,7.8273803008369915,5300.0,0.58229599787396469,0.1482021339435704,0.1193299537950048,0.060867124594845674,0.020557467323126671,0.022049880329930601,0.046697442139557135,0.0
Peyton Barber,RB,TB,7.8218051655891339,5300.0,0.58235368183110447,0.18843986118635594,0.06872838495989711,0.037749980516989898,0.045301479107627336,0.039509624371310566,0.037916988026714581,0.0
Alex Collins,RB,SEA,7.80304390364992,4500.0,0.59995564429441184,0.1432943860977961,0.10384826338874707,0.049422067386469579,0.031391367641942884,0.021858378407731541,0.050229892782900923,0.0
Lorenzo Taliaferro,RB,BAL,7.6551031919357229,4500.0,0.6580693724408303,0.11844781889845057,0.057020775250584757,0.03675036904182722,0.036785424390004526,0.041921397037962806,0.051004842940340085,0.0
Kenyan Drake,RB,MIA,7.6073653772167056,4500.0,0.68505085215229866,0.061540716391852011,0.074707810541121314,0.060925172567370678,0.039527252406857963,0.025987375315695206,0.052260820624804111,0.0
Chris Ivory,RB,JAC,7.4850420271183982,5000.0,0.55300584837642897,0.19843253259016846,0.12582604936450498,0.04662547213368106,0.025793048188866963,0.015457103868855168,0.034859945477494519,0.0
Jalen Richard,RB,OAK,7.3526839515661688,5000.0,0.63252327354206983,0.14139543544149136,0.078633809058798812,0.041626794379777114,0.046032465045159281,0.017173302018931826,0.042614920513771852,0.0
Orleans Darkwa,RB,NYG,7.3298353167160597,4600.0,0.66283466498019206,0.12634113157102231,0.065930039384684044,0.032814907684281525,0.026303349858111284,0.035623774582383826,0.05015213193932503,0.0
John Kuhn,RB,NO,7.1488869695382409,4500.0,0.68048984699183368,0.099980873141914284,0.052442398713897935,0.038415798612253783,0.078441780989386339,0.020395504357339601,0.02983379719337436,0.0
Derek Watt,RB,SD,6.9243493564599197,4500.0,0.67674691963384626,0.12622291674088637,0.056191519806532239,0.037267371932836392,0.049168757688077158,0.010553049265749613,0.043849464932071869,0.0
Robert Turbin,RB,IND,6.6924426455075112,4500.0,0.64588670779421353,0.17050268491689599,0.051205390581662152,0.038398657404971226,0.053808366828888801,0.017428418390720488,0.022769774082647791,0.0
Jerick McKinnon,RB,MIN,6.6297615465051782,6200.0,0.69941976090820623,0.10977249555489464,0.064859557866182957,0.029582025976281519,0.027228876911843537,0.040395483766190107,0.028741799016400903,0.0
Fitzgerald Toussaint,RB,PIT,6.6180028463909304,4500.0,0.67550084118003806,0.10258192124292641,0.097046109190836213,0.059425974393308836,0.023015360395232713,0.012804395661364194,0.029625397936293697,0.0
T.J. Yeldon,RB,JAC,6.5422273612253941,5600.0,0.61975599526771075,0.18125738280573664,0.10478042117906283,0.036547203293881822,0.020430418966585265,0.010481199221613061,0.026747379265409921,0.0
Kenneth Dixon,RB,BAL,6.3972373604182602,4900.0,0.70820144703911492,0.10433081118179012,0.07038125827831776,0.043309572454515818,0.02364425077779023,0.01067591191636349,0.03945674835210778,0.0
Patrick DiMarco,RB,ATL,6.2582378398328204,4500.0,0.71654838776711682,0.13421994517194749,0.038993926329622876,0.02712041738526131,0.026130694817257698,0.011238231151068586,0.045748397377725111,0.0
Ronnie Hillman,RB,MIN,6.2020532240046453,4500.0,0.71609167272287533,0.14152324275092609,0.030777275555847045,0.020505504024731853,0.034418680342479836,0.020201294950809478,0.036482329652330267,0.0
Javorius Allen,RB,BAL,6.1893375926716772,4700.0,0.7257103319070346,0.09983423415462854,0.063464393181439302,0.039861481602114071,0.022163448856874695,0.010275639435613665,0.038690470862295191,0.0
Kenneth Farrow,RB,SD,6.1643279294125204,4500.0,0.71871730736335293,0.11795807291665236,0.053173357375884217,0.030071875642460697,0.036585502497409238,0.0071380573536660701,0.036355826850574452,0.0
Jerome Felton,RB,BUF,6.1103864194885436,4500.0,0.76948443986460835,0.075866343134417591,0.050605511238595142,0.021201691435504638,0.014479252536122192,0.013920078536526765,0.054442683254225271,0.0
Benny Cunningham,RB,LARM,5.8778992408518942,4500.0,0.70743733059878433,0.13234964908141636,0.07729988871023355,0.027486941497899854,0.014390338124188931,0.012083195493707193,0.028952656493769865,0.0
Reggie Bush,RB,BUF,5.6520679163186625,5200.0,0.78638742044944043,0.080083594131479571,0.043226105365560215,0.019597739937256636,0.013904930743703876,0.013157683538059076,0.043642525834500262,0.0
Don Jackson,RB,GB,5.4855939906433866,5500.0,0.7907313402329379,0.089615322873786193,0.023430610115820032,0.016152282855699703,0.030730310401377563,0.020964468687879833,0.02837566483249887,0.0
Zach Line,RB,MIN,5.2482582686441823,4500.0,0.76404300370311096,0.13388085566062902,0.031795410723634843,0.015301652243429649,0.012800539375913274,0.012725091012891827,0.02945344728039025,0.0
Malcolm Brown,RB,LARM,4.9805860744118071,4500.0,0.78143382325981536,0.10438331305598701,0.05568793529024945,0.018858799556426525,0.0093187133195279399,0.0070376143789844144,0.023279801139009553,0.0
Chase Reynolds,RB,LARM,4.9805860744118071,4500.0,0.78143382325981536,0.10438331305598701,0.05568793529024945,0.018858799556426525,0.0093187133195279399,0.0070376143789844144,0.023279801139009553,0.0
Michael Burton,RB,DET,4.6955933724700136,4500.0,0.78494251497499612,0.12760358402691477,0.041539110569094394,0.013077049772133887,0.0075641388736303328,0.0035528313820138583,0.02172077040121646,0.0
Anthony Sherman,RB,KC,4.5507348978101048,4500.0,0.81349793245137036,0.098388769844000037,0.040151134644626559,0.012852194443322825,0.01026745001249767,0.0064312092522526478,0.018411309351930052,0.0
George Atkinson,RB,CLE,4.5339255500709488,4500.0,0.85879986787943718,0.057073591517823513,0.03093590680222558,0.00792873411390853,0.0081650750770535397,0.0064907718134069852,0.030606052796144666,0.0
Denard Robinson,RB,JAC,4.4705403565827586,4500.0,0.8135471612852877,0.10021823703079939,0.042127921565480925,0.013946804871944002,0.0080500822346957508,0.0054136046509827276,0.016696188360809515,0.0
Kapri Bibbs,RB,DEN,4.3914965855906916,4500.0,0.83225805101731742,0.088589889558152154,0.03132040709865188,0.014313549592010829,0.010674433147943864,0.0047024135424205147,0.018141256043503345,0.0
Andy Janovich,RB,DEN,4.3484894066075572,4500.0,0.83345428920839593,0.09023614383420997,0.028779291698969752,0.014640063106941981,0.011184891277958253,0.0052274573474694322,0.016477863526054751,0.0
Kenjon Barner,RB,PHI,4.2313831088312366,4600.0,0.86546539147443236,0.057115673389979187,0.0337598878868497,0.012330238721400521,0.0045022574614587219,0.0051541035571217846,0.021672447508757464,0.0
Jordan Todman,RB,IND,4.1727829221157915,4500.0,0.84271587490557232,0.090032284040045846,0.022638189451335125,0.013169283129622414,0.01542589597244144,0.0040557220363871306,0.011962750464595906,0.0
Josh Ferguson,RB,IND,4.1727829221157915,4500.0,0.84271587490557232,0.090032284040045846,0.022638189451335125,0.013169283129622414,0.01542589597244144,0.0040557220363871306,0.011962750464595906,0.0
Knile Davis,RB,KC,4.1517513757056159,5500.0,0.85667400357608059,0.081454814837041103,0.01931773549964631,0.0084135854464586126,0.009141615519293704,0.0093572149342522615,0.015641030187227335,0.0
Wendell Smallwood,RB,PHI,4.1117917459741333,4800.0,0.87130423005957869,0.055762717123939036,0.033342485878337637,0.011310713160433238,0.0041832053299400542,0.0049216769315741475,0.019174971516197202,0.0
Jalston Fowler,RB,TEN,3.8346215921735189,4500.0,0.88835149073295583,0.054575628301621854,0.019438543152337114,0.011579628196901125,0.0088118879251271737,0.0057287823031168311,0.011514039387940208,0.0
Antonio Andrews,RB,TEN,3.8346215921735185,4500.0,0.88835149073295572,0.054575628301621867,0.0194385431523371,0.011579628196901124,0.0088118879251271719,0.0057287823031168302,0.011514039387940204,0.0
