name,pos,team,expectation,salary,prob_0_5,prob_5_10,prob_10_15,prob_15_20,prob_20_25,prob_25_30,prob_30+,label
Coby Fleener,TE,NO,9.9356009500418505,5800.0,0.27895917088197819,0.29779795536615056,0.23155429960053997,0.099043717899224226,0.04710800800810086,0.036892709249985153,0.0086441389940211735,1.0
Delanie Walker,TE,TEN,9.6182597260296046,6400.0,0.27960457546007877,0.28536898116153525,0.24871724698352157,0.13242517343655116,0.032766930852934792,0.016503914886006315,0.0046131772193720964,1.0
Jimmy Graham,TE,SEA,9.2228789557491044,6700.0,0.31925488640125277,0.29740516693583524,0.21108869386048332,0.10440706564002146,0.037283972099081089,0.024003497823327138,0.0065567172399991387,0.0
Antonio Gates,TE,SD,8.5693435638618212,5500.0,0.35764183040550862,0.29480498692333001,0.20707820945876901,0.081502380259287882,0.042281134809296489,0.011479234012203745,0.0052122241316042402,0.0
Travis Kelce,TE,KC,8.2228832998402357,6600.0,0.37653636420516839,0.32233094116514616,0.15569976164336685,0.093964011054445837,0.033180357338584453,0.01509529123858646,0.0031932733547014539,0.0
Julius Thomas,TE,JAC,7.8205012729145533,5600.0,0.40683729154031711,0.31763583272342538,0.15293272543822362,0.076900671996281852,0.027179173818500161,0.012775146280632699,0.0057391582026197346,0.0
Jason Witten,TE,DAL,7.7538253666976376,5200.0,0.44075092929192788,0.29861857479908249,0.13299389834882624,0.067929550111587342,0.028685580802313451,0.022674536601285811,0.0083469300449765423,0.0
Jack Doyle,TE,IND,7.1210108453563992,5300.0,0.45305017424454569,0.31071645100773204,0.14569051568990499,0.059546628566990084,0.01569233014345536,0.012519914565981349,0.002783985781390668,0.0
Greg Olsen,TE,CAR,6.975435466695294,7500.0,0.51232703702223792,0.24826689596088519,0.13861911992190604,0.062480483406423308,0.017417509443502965,0.01553848870114012,0.0053504655439044861,0.0
Gary Barnidge,TE,CLE,6.9274311394814898,5200.0,0.46635023997130937,0.30498721307880733,0.14819185276394164,0.052904522367195318,0.016131530188333291,0.0089663661086675558,0.0024682755217461808,0.0
Kyle Rudolph,TE,MIN,6.6954716419921265,5000.0,0.52450910250077443,0.25649423852074876,0.12833721246485374,0.064132240723377323,0.0099353783354055852,0.009372966013500926,0.0072188614413399707,0.0
Charles Clay,TE,BUF,6.666482282787257,4800.0,0.52105666968163677,0.2551995954626925,0.13765398193390277,0.051252013267514017,0.02783205525802511,0.0052215414554502987,0.0017841429407783587,0.0
Cameron Brate,TE,TB,6.6480812919412182,5400.0,0.52928049635527596,0.24376613605611216,0.14268603752535175,0.054112370038910319,0.01583862485369366,0.01217982723956158,0.0021365079310945116,0.0
Eric Ebron,TE,DET,5.9087678729068989,5400.0,0.60216747712315588,0.23581797184044093,0.094371995878241188,0.041691520875597105,0.0087592736809812034,0.009777660184369286,0.0074141004172144486,0.0
Dennis Pitta,TE,BAL,5.8493350802347504,5200.0,0.61506845476438343,0.20707633993133837,0.10688613176094873,0.043296118931094266,0.021834540161023801,0.0041051991843568513,0.001733215266854216,0.0
Jesse James,TE,PIT,5.6542006600507451,5100.0,0.63729805114459892,0.19359042626205766,0.10497400624923126,0.041961840032006113,0.014017033718074246,0.0051220923865947579,0.0030365502074368961,0.0
Erik Swoope,TE,IND,5.6499865570291741,4500.0,0.62333831441401755,0.20876899231941354,0.11783371585365314,0.028727383921232415,0.01229226019529679,0.0056973143948554341,0.0033420189015312711,0.0
Mychal Rivera,TE,OAK,5.542802505281343,4500.0,0.64130522497074383,0.18952173982727538,0.11802771757255899,0.034018670773335327,0.0084314972216972886,0.0062114318309653806,0.0024837178034236096,0.0
Zach Ertz,TE,PHI,5.4851108180826467,4900.0,0.63905384991938297,0.20525851562153666,0.10010057130667138,0.040753154979733912,0.0083420664710017658,0.0041747976682900327,0.0023170440333832305,0.0
Clive Walford,TE,OAK,5.3910068327955818,4700.0,0.65559522181425522,0.20127556101892619,0.091857861837698215,0.030500285156616742,0.0097185103933000259,0.0060043024953843069,0.0050482572838188361,0.0
Josh Hill,TE,NO,5.1669172947533042,4500.0,0.71286809125792283,0.1808516667367846,0.056482887856365592,0.013524599375854028,0.0087789272238064826,0.0098889130612485401,0.017604914488017601,0.0
Richard Rodgers,TE,GB,5.0446037088867914,4700.0,0.71208634526027514,0.14939364905576952,0.085504064177162595,0.037802666132432314,0.0084539849984868812,0.0017602409781072301,0.0049990493977665829,0.0
Lance Kendricks,TE,LARM,4.8020439822984997,4500.0,0.73336811230936783,0.1419224198538519,0.071915119820415957,0.042473906233104014,0.005808784361785873,0.0035509949473482116,0.00096066247412608717,0.0
Nick O'Leary,TE,BUF,4.7573698008823779,4500.0,0.70785525988640874,0.17572285796692885,0.09028934029950185,0.015852966040325722,0.0060711111908990107,0.0026839608517435611,0.0015245037641926139,0.0
Dwayne Allen,TE,IND,4.5220114296814842,5300.0,0.75455073455641142,0.14678131935099156,0.059514687486739312,0.028714958841558315,0.0049627187168744214,0.0019969577257388797,0.0034786233216860928,0.0
Larry Donnell,TE,NYG,4.5026655596837282,4500.0,0.75407404692734892,0.14390505057258191,0.069285384115650092,0.022248726158049573,0.0052372261593333861,0.0025066462762390372,0.002742919790797797,0.0
Phillip Supernaw,TE,TEN,4.3686277014336028,4500.0,0.75999688069739668,0.15172693922258385,0.062114651591368739,0.014830785882016445,0.0054044392436942666,0.0045745257323603437,0.0013517776305800998,0.0
Virgil Green,TE,DEN,4.2328694872436463,4500.0,0.78187826843660946,0.13616232008636173,0.051106027687877593,0.022057154435060764,0.0048840494081012244,0.0019582057332714325,0.0019539742127181125,0.0
Will Tye,TE,NYG,4.1144962109576744,4500.0,0.80043576994495813,0.12202750713937215,0.049372399991435105,0.018503716412524761,0.004947420544429224,0.0025397367555516802,0.0021734492117296026,0.0
Levine Toilolo,TE,ATL,4.0217877946641325,4500.0,0.80726260056272559,0.11712167581308568,0.056815894067014469,0.010426001360351482,0.0031389594290987073,0.0028375958679620014,0.0023972728997619422,0.0
Anthony Fasano,TE,TEN,3.8174209976477043,4500.0,0.8378789752047916,0.095881837836666803,0.043798501122627752,0.014367722213462126,0.0055786256338073671,0.0010836711027881901,0.0014106668858556764,0.0
Vance McDonald,TE,SF,3.7891840618124335,4500.0,0.83699538316175015,0.096425690445548454,0.048343078937984112,0.012202698253505668,0.0039656296439574855,0.00078968427835145953,0.0012778352789024443,0.0
Ben Koyack,TE,JAC,3.7489103737437022,4500.0,0.83904851136820069,0.1056960518034236,0.035785862844823296,0.013183339632284023,0.0019627660088779994,0.0019928866014894044,0.0023305817409013728,0.0
Demetrius Harris,TE,KC,3.7487351437594576,4500.0,0.83845724931494758,0.10047898817880226,0.042651706176873791,0.013446804077385473,0.0027921009290576824,0.0011131142187406635,0.0010600371041925034,0.0
Austin Hooper,TE,ATL,3.6443795218877515,4500.0,0.84848471007442361,0.10251950869371323,0.029677548315142136,0.014799565924530371,0.0019567153174559057,0.0012512972504274537,0.0013106544243077613,0.0
Marcedes Lewis,TE,JAC,3.6218065293811246,4500.0,0.85023336433465968,0.098773143165665683,0.036210650008514859,0.01023223371342055,0.0023074782451875451,0.00089339992604604553,0.001349730606505752,0.0
Xavier Grimble,TE,PIT,3.5922044368046468,4500.0,0.84821308718232835,0.10860254783648772,0.028724340528011844,0.010026643631617758,0.0018629777334483735,0.0012332022886080945,0.0013372007994970896,0.0
Ed Dickson,TE,CAR,3.5220001245133892,4500.0,0.88199707515257297,0.067435234479983119,0.033120428384212704,0.0061632927990902271,0.0070207948755475376,0.0023731715006957408,0.0018900028078969332,0.0
Marqueis Gray,TE,MIA,3.4802808161050973,4500.0,0.87985872713797242,0.07589272673463876,0.027527974280550992,0.0079649929336213753,0.0052112565206144995,0.0017804083399684818,0.0017639140526329816,0.0
Geoff Swaim,TE,DAL,3.436216422548398,4500.0,0.86628821527398059,0.094022411074776546,0.03313572040379982,0.0035194255007383406,0.00094246206604881987,0.00065011270891603969,0.001441652971740405,0.0
Gavin Escobar,TE,DAL,3.4153291803896288,4500.0,0.87186236362204461,0.089994537785501649,0.031839577870726471,0.0024683691902671182,0.00065478668734237125,0.00086965550397729977,0.0023107093401405847,0.0
Clay Harbor,TE,DET,3.3554054016456667,4500.0,0.87758541001628909,0.087555893345877697,0.027097963635191628,0.0053131860014734343,0.0007549992458104059,0.00042123712307698137,0.0012713106322808517,0.0
Brandon Bostick,TE,NYJ,3.3293334295725088,4500.0,0.89084372077955443,0.074310767745504075,0.025678669857209856,0.0048533597693915425,0.00072889807219858301,0.00038459179154224136,0.0031999919845996168,0.0
Trey Burton,TE,PHI,3.2744439715821843,4500.0,0.89889423815446401,0.067316389903542176,0.021446090102518245,0.0085724757332931775,0.0019412479967626148,0.00046288179353453762,0.0013666763158854407,0.0
Garrett Celek,TE,SF,3.2351728598609779,4500.0,0.90498531682129424,0.060177372644943536,0.025783972315701349,0.0057816035124797207,0.00092753758264078564,0.000668658314173042,0.0016755388087664861,0.0
Dominique Jones,TE,MIA,3.1634437949060188,0.0,0.91192923831947814,0.061433327294157486,0.018767906474887013,0.0036298186569588839,0.0012875308118715739,0.0010060802388630065,0.0019460982037837363,0.0
Seth DeValve,TE,CLE,3.1631089382511908,4500.0,0.91016654182779899,0.059538567129371937,0.022802410349149354,0.0054792960643508483,0.00062217091951165325,0.00032650744156279509,0.0010645062682544978,0.0
Luke Stocker,TE,TB,3.1607637849034127,4500.0,0.90431707224365965,0.070727750216895341,0.019188050522479853,0.0034053882340163489,0.00071721221375749798,0.0004836870253291742,0.0011608395438619441,0.0
David Johnson,TE,PIT,3.1281298381251235,4500.0,0.91018747550731161,0.067569370940389839,0.016281802133160501,0.0029108312628865329,0.0007815695750345165,0.00074263896559348592,0.0015263116156229435,0.0
Nick Vannett,TE,SEA,3.1067752980440266,4500.0,0.91519191149132928,0.060667509039108294,0.017657308243276035,0.004078246222588928,0.00070433731839672443,0.0004890825417720317,0.0012116051435279072,0.0
Jerell Adams,TE,NYG,3.0969444178278267,4500.0,0.91891092185742951,0.056418908198917504,0.018924431954990419,0.0026686393948317437,0.00068313069855477923,0.000785413894227522,0.00160855400104847,0.0
Brent Celek,TE,PHI,3.083613911032431,4500.0,0.92021728625024446,0.058087695994888118,0.015245639680332863,0.003190609475686809,0.00078994236471712908,0.00042344103789491777,0.0020453851962352288,0.0
Tyler Higbee,TE,LARM,3.0781068172074537,4500.0,0.9232096772211783,0.053976872080673123,0.015145539084953237,0.0043365682987851449,0.00041418116541437687,0.0015163802237141257,0.0014007819252812052,0.0
Sean McGrath,TE,SD,3.0736168078997785,4500.0,0.92642273090176774,0.049480043601597502,0.014607975118500371,0.0060939626653665462,0.0012754553494573938,0.00075683467605852238,0.0013629976872516589,0.0
Randall Telfer,TE,CLE,3.0634548561254684,4500.0,0.92519286135537626,0.049232668450737413,0.018959159738037579,0.0043821281616922367,0.00063953974567442819,0.00034882448974924525,0.0012448180587323987,0.0
Cory Harkey,TE,LARM,3.0579470371610564,4500.0,0.92533778179713666,0.052667728965659341,0.014729170342473031,0.0041937342504286207,0.00039873073711707709,0.0013908922098975678,0.0012819616972868306,0.0
James O'Shaughnessy,TE,KC,3.0524885059465401,4500.0,0.93111680447793255,0.048189283507031479,0.013661678978579011,0.0022296189762691381,0.00088025260958860257,0.00048010471395993617,0.003442256736639524,0.0
Austin Seferian-Jenkins,TE,NYJ,3.0156947747168301,4600.0,0.93032070463907723,0.049910190572251711,0.014236133433574313,0.0025212456365206574,0.00063428178605192287,0.00053183474080379951,0.0018456091917196107,0.0
Justin Perillo,TE,GB,3.0048906654058931,4500.0,0.93169498343352786,0.048921227567468077,0.013589820196905744,0.0028558431164313739,0.00082050794299904164,0.00049120755248874748,0.0016264101901792276,0.0
Brandon Williams,TE,SEA,2.993976613984596,4500.0,0.9335685019796901,0.046736397346996444,0.01473764290191077,0.0021723685518817205,0.0004834765919959535,0.00055190297095745447,0.0017497096565669702,0.0
Brandon Myers,TE,TB,2.9938829982431105,4500.0,0.93012301485008386,0.051621759444247788,0.013958350170327864,0.0017601237967898508,0.00072589531101572723,0.00047758636645932394,0.001333270061075325,0.0
A.J. Derby,TE,DEN,2.9935434521033155,4500.0,0.93216531203568276,0.049574988883783776,0.013230003923276057,0.0021707594619599919,0.00063281159006717551,0.00055975849321006604,0.001666365612019758,0.0
Darren Waller,TE,BAL,2.9829856771570391,0.0,0.9349450762011674,0.047336361740422779,0.012647819386634489,0.0019743044658845836,0.00051753572661849482,0.00052719166778641632,0.0020517108114856048,0.0
Asante Cleveland,TE,SD,2.9737899906253888,4500.0,0.93472006668904095,0.047753694631687868,0.012809760896049764,0.0020171851734297379,0.00057470766058252795,0.00051693775412320841,0.0016076471950854342,0.0
Rhett Ellison,TE,MIN,2.9704528834876069,4500.0,0.933917339345125,0.04949966797854502,0.01200337453517031,0.0020342474419856103,0.00055765086935395918,0.0004462433657087109,0.0015414764641107327,0.0
Blake Bell,TE,SF,2.969506657345196,4500.0,0.93489494189503031,0.047835212136404938,0.012735629643861797,0.0019128595985917342,0.00058433506728487435,0.00048113320158053901,0.0015558884572451721,0.0
Jeff Heuerman,TE,DEN,2.9632073441121212,4500.0,0.93568638510199909,0.046699617600154272,0.0130790945718679,0.0020555167453894926,0.0007247865184376995,0.00045795382357895941,0.001296645638572336,0.0
