name,pos,team,expectation,salary,prob_0_5,prob_5_10,prob_10_15,prob_15_20,prob_20_25,prob_25_30,prob_30+,label
Mike Wallace,WR,BAL,18.794722861826781,6600.0,0.093011569836571412,0.12400341193689374,0.20316251531673454,0.077911771495930968,0.15486719031623536,0.25358064206157432,0.093462899036059588,5.0
Michael Thomas,WR,NO,18.720694464485398,5800.0,0.075908734896338925,0.20269627139367002,0.10312977382530364,0.2105046067518361,0.08738790647709474,0.15220331038233495,0.16816939627342165,3.0
Jeremy Butler,WR,SD,18.45251442325312,0.0,0.11880207936384203,0.13682969230249842,0.14664680468540373,0.14866669346935102,0.15301600078146776,0.1479574944266315,0.14808123497080558,4.0
Steve Smith,WR,BAL,18.271492057977927,5500.0,0.080789929801532157,0.1038752090953738,0.25180999780641333,0.051312230751371604,0.26080217760541108,0.18967343526514083,0.061737019674757122,4.0
Julio Jones,WR,ATL,17.496608953057635,9000.0,0.01387958265995351,0.17655957657074575,0.29985390246640364,0.14333967231530298,0.10293669938468138,0.22067339219706197,0.042757174405850709,2.0
Kenny Britt,WR,LARM,16.735105740039209,6000.0,0.064176418823111939,0.23564078172112779,0.2382298679091209,0.076153883052538257,0.079508276239525,0.26830942886799136,0.037981343386584786,5.0
Brandin Cooks,WR,NO,16.300633810357368,7600.0,0.1632437785642645,0.24463746415834517,0.076188958244420915,0.16398089999674845,0.084176447514204153,0.13737202901059059,0.13040042251142642,1.0
Robby Anderson,WR,NYJ,15.889992209344017,0,0.11476374025002127,0.20468452588201197,0.21482570204962018,0.14828195930477758,0.071828539558177501,0.18999899231302389,0.055616540642367526,2.0
Brian Quick,WR,LARM,15.705996874036593,4500.0,0.096644942640443932,0.258753911564439,0.22417268036012747,0.096484140309543151,0.05914257256248983,0.20875600021012206,0.056045752352834696,1.0
Jarvis Landry,WR,MIA,15.480647085551006,7600.0,0.19203621318166547,0.16427163544515905,0.1814269330970584,0.084068128256159391,0.16959495891627072,0.14499610475773436,0.063606026345952679,0.0
Amari Cooper,WR,OAK,15.401828573140751,7700.0,0.065971736577699169,0.24376312853190674,0.21662212284064314,0.15418882619162183,0.1985520850910113,0.092853422340146152,0.028048678426971656,1.0
Tyrell Williams,WR,SD,15.399808088571799,5600.0,0.16069747450455796,0.17965342563074832,0.19870160823364111,0.11856552672748374,0.19725051176803601,0.05676539801281924,0.088366055122713505,2.0
Mike Evans,WR,TB,14.832837771077937,8300.0,0.20964188232871317,0.16205895683037666,0.27214185749722986,0.030769213991265768,0.16248659134829599,0.027259241335333518,0.13564225666878499,2.0
Kendall Wright,WR,TEN,14.484856918660634,4900.0,0.1808081506920021,0.25131357786583702,0.1412016035541705,0.090706408693933704,0.18563269296685744,0.08572638644538487,0.06461117978181441,1.0
Terrance Williams,WR,DAL,14.248188862403982,5500.0,0.13650619724671198,0.22432314453618918,0.1895539153733326,0.15598856237453926,0.22410876603968594,0.046713431917624663,0.022805982511916463,1.0
Golden Tate,WR,DET,14.206133538008253,6400.0,0.15544192380689634,0.25538817695077115,0.20624835117428278,0.095032467481074592,0.14133805262187554,0.086459644267706387,0.060091383697393266,1.0
Jake Lampman,WR,NO,14.143516293263014,4500.0,0.25993525675443674,0.15342885155572153,0.1722249261462972,0.10970416675188255,0.14077130144116895,0.084635922662827809,0.079299574687665284,0.0
Adam Thielen,WR,MIN,13.939452194755837,5400.0,0.18160254027273454,0.1729905823111357,0.30664004248497906,0.075819709613731662,0.14630934602140813,0.046148204453882569,0.070489574842128158,2.0
Cole Beasley,WR,DAL,13.84308189766409,6300.0,0.13402607046387396,0.25175877263472346,0.18526024105905553,0.16214869301303297,0.20480047959342895,0.041565469110722453,0.020440274125162621,1.0
Geronimo Allison,WR,GB,13.73315657885866,5200.0,0.26122932125192516,0.15203821433733491,0.18880720040922858,0.1036450303427375,0.14799339656901739,0.091196278514505985,0.055090558575250477,0.0
Jeremy Kerley,WR,SF,13.724109878206477,5300.0,0.20525431336390007,0.18784810196207319,0.2115126000192625,0.12869777782448663,0.15091684042070069,0.072212935451876792,0.043557430957700066,2.0
Chris Conley,WR,KC,13.625904106106184,4500.0,0.27684252915022028,0.23257852871956755,0.07154640829185778,0.15067340202488022,0.068749242864878671,0.11664798652138217,0.082961902427213435,0.0
Dontrelle Inman,WR,SD,13.57021817024175,5500.0,0.23448828549556844,0.23751507441391684,0.16258691259133623,0.08881878394994655,0.12941477715009336,0.059603871728568673,0.087572294670569858,1.0
Sammie Coates,WR,PIT,13.564576563758099,5500.0,0.27537511648578689,0.16158276883245704,0.14745563766807379,0.10427011650158347,0.17560429435563149,0.093956458907532819,0.041755607248934581,0.0
Marqise Lee,WR,JAC,13.484367305375464,4800.0,0.25772855921838334,0.24784160393860336,0.10286396444785829,0.14432666672071959,0.063862744300659011,0.09138269870237993,0.091993762671396639,0.0
Travis Benjamin,WR,SD,13.33265814401922,6000.0,0.25027178541890333,0.19658148699435918,0.17119518594960337,0.091756089131124929,0.19157948710201136,0.036686814011418462,0.061929151392579318,0.0
Cordarrelle Patterson,WR,MIN,13.324070585021527,5400.0,0.23290294951061169,0.19032115020180013,0.27261575086099549,0.066116681291893617,0.099663454006718166,0.044808324435943354,0.093571689692037552,2.0
Freddie Martino,WR,TB,13.217851839156879,4500.0,0.29333901607308854,0.16356000047375743,0.1685990417865301,0.10066455251515775,0.12858741239211566,0.078437248176771293,0.066812728582579362,0.0
Willie Snead,WR,NO,13.194420859946568,6500.0,0.33883431384412416,0.21695417819568363,0.057775630527061132,0.14679192075495751,0.046702983641601338,0.049950192552992767,0.14299078048357935,0.0
Emmanuel Sanders,WR,DEN,13.140174619108173,6800.0,0.17319070597088768,0.26949346786364325,0.2197695188791953,0.10147419235836624,0.13623368289447896,0.052869799113800145,0.046968632919628488,1.0
Isaiah Burse,WR,SD,12.898736287263331,4500.0,0.30130894030668687,0.17028488043370507,0.16815481007873534,0.097099736402927447,0.12596484445303777,0.075813302847559924,0.061373485477347361,0.0
Kamar Aiken,WR,BAL,12.463757291877219,5300.0,0.38876933239555822,0.14052815602841046,0.15177179749516301,0.049166267819527071,0.087296687251265062,0.089364185781620017,0.093103573228456277,0.0
Allen Hurns,WR,JAC,12.442019630437759,5900.0,0.25877083197900191,0.30475480558181017,0.081111205317616245,0.14611776811306579,0.061913505551315855,0.081491906097124228,0.065839977360065707,1.0
Harry Douglas,WR,TEN,12.334690136567065,4500.0,0.3377900431007908,0.16576395896982085,0.15708418650096956,0.09168470862322986,0.11501933971110928,0.073600832989327541,0.059056930104752124,0.0
Randall Cobb,WR,GB,12.29694366086043,6900.0,0.20257601015364443,0.18120509227161585,0.34975844587312549,0.10181698040741752,0.09597146704553676,0.038025392577646144,0.030646611671013683,2.0
Kenny Stills,WR,MIA,12.279575008048608,6000.0,0.35106358080251437,0.17803035781596752,0.13552677601517862,0.090168526804743354,0.090433536385234242,0.087640385558748674,0.067136836617613341,0.0
Victor Cruz,WR,NYG,12.277378368328584,5200.0,0.38269269053213129,0.15663797774314681,0.15382341589801735,0.061706352393196405,0.05501372283271036,0.09986736552605395,0.090258475074743855,0.0
Demarcus Robinson,WR,KC,12.202044748943262,4500.0,0.33597213650623009,0.17196731024087422,0.15966213184795769,0.090388866295854492,0.11520903900398685,0.071392489156516831,0.055408026948579651,0.0
Tyreek Hill,WR,KC,12.200991420905089,4700.0,0.30288090344635965,0.26558839554280878,0.074507002583447848,0.1451458685732018,0.064605618825341937,0.083689046158079788,0.063583164870760156,0.0
Stefon Diggs,WR,MIN,11.885931039367826,6500.0,0.42269571942360396,0.17997665800984003,0.098895705861288888,0.063251366460245484,0.06372089473492773,0.039804867329939923,0.13165478818015391,0.0
Jermaine Kearse,WR,SEA,11.817350027351308,4500.0,0.32678984599369743,0.2303123165546237,0.094178546944085131,0.15983696782154691,0.07194642722287227,0.055052891892864296,0.061883003570310249,0.0
Mohamed Sanu,WR,ATL,11.733614081356761,5400.0,0.27762711561630948,0.23567520543811138,0.18691449394930743,0.10884482225696433,0.10787193915331728,0.040490235838981516,0.042576187747008616,0.0
Rishard Matthews,WR,TEN,11.731435654569296,5400.0,0.32543481137665009,0.24413152517340814,0.11958012628923609,0.087125251730714573,0.11215899485106344,0.048144513464965871,0.063424777113961897,0.0
T.Y. Hilton,WR,IND,11.701579992805486,7600.0,0.1851618108855336,0.26482122364607302,0.30028642632194635,0.10438957257052835,0.10206583353559237,0.018532329563296156,0.024742803477030204,2.0
Kelvin Benjamin,WR,CAR,11.554105702796312,7400.0,0.17789196269318028,0.31536760481090459,0.22516164546932727,0.12013261968753466,0.13162153397489773,0.023742578013001631,0.0060820553511538962,1.0
Adam Humphries,WR,TB,11.424711758398782,5300.0,0.43486780499461009,0.15725058886811302,0.14292226674446085,0.032185508718866683,0.090598715010775738,0.02749493912507299,0.11468017653810056,0.0
Chris Moore,WR,BAL,11.237885374566076,4500.0,0.41280631990218125,0.15153633595027813,0.14402692531484337,0.069158618036435068,0.097687235504169537,0.067558388127557337,0.057226177164535451,0.0
Cobi Hamilton,WR,PIT,11.211339690240841,4500.0,0.4350532704945127,0.15416714501490006,0.13278675077100455,0.044330924135641082,0.089813567532899083,0.069822649586023799,0.074025692465018542,0.0
Davante Adams,WR,GB,11.192006446501349,7100.0,0.20798345686157066,0.22908008596805118,0.34717409416481476,0.11288485740425186,0.068749859871667957,0.013673795959680777,0.02045384976996277,2.0
Devin Hester,WR,BAL,11.060867118522346,4500.0,0.50306540354772333,0.10368131128733064,0.12727493938804987,0.021151667379060012,0.098741088374205907,0.036022304764374589,0.1100632852592557,0.0
Brandon Coleman,WR,NO,11.059494729481433,4600.0,0.46076243131544137,0.18248584507489055,0.061150804073471225,0.09947713650326187,0.047746713919050283,0.031171814501189193,0.11720525461269547,0.0
Robert Woods,WR,BUF,10.748351791693226,5400.0,0.26791873682841849,0.27899827812635614,0.18064957344460078,0.14004068947269285,0.093487171194164595,0.025055933960757767,0.01384961697300951,1.0
DeVante Parker,WR,MIA,10.694232880600275,5900.0,0.45037827770556876,0.14614504440792725,0.11264747231404572,0.07115702331810439,0.11973682924297241,0.049727729610763605,0.050207623400617733,0.0
Michael Crabtree,WR,OAK,10.650880135935786,7000.0,0.32037781362540568,0.27306375664991916,0.15322931218927976,0.11684618094914209,0.058014702124410296,0.027991486125578374,0.050476748336264587,0.0
Chester Rogers,WR,IND,10.610365167829222,4500.0,0.32447925170823289,0.22129045666489633,0.24394635523594049,0.061067382956848354,0.063442165291067776,0.054409644356893924,0.031364743786120169,0.0
Demaryius Thomas,WR,DEN,10.605451479519218,7400.0,0.31745185164961442,0.27741206291433995,0.17041884421856127,0.066238647722666355,0.099506417336825415,0.028146808659914653,0.040825367498078045,0.0
Antonio Brown,WR,PIT,10.529113273678202,8700.0,0.41893790650182694,0.17266127830246825,0.15001429975490035,0.055057108361135372,0.10237363616196454,0.065163735848647694,0.035792035069056753,0.0
Bryce Treggs,WR,PHI,10.525014673774498,4500.0,0.43043748206622878,0.1678715017615541,0.13508073609683385,0.073639621504777555,0.08871913776399451,0.057640226675736289,0.046611294130874725,0.0
Devin Funchess,WR,CAR,10.499970254340436,4700.0,0.30045104144384971,0.27150117155175019,0.18619346682932245,0.093383296298055918,0.097673616900665852,0.029947704123634133,0.020849702852721631,0.0
Tavon Austin,WR,LARM,10.371812552093681,5600.0,0.34156084209456677,0.26878562067479173,0.1848934141939749,0.059222593344547658,0.043217532151912763,0.053218554197759574,0.049101443342446566,0.0
Breshad Perriman,WR,BAL,10.250842838020631,5400.0,0.50837863030294883,0.12848631995048077,0.11829603697668009,0.039090184223519224,0.072053964755123309,0.059608568422584024,0.07408629536866379,0.0
Eli Rogers,WR,PIT,10.243178788692935,4800.0,0.42253482448715873,0.18743480148425673,0.10021013927426875,0.12966238227746874,0.066688437107918802,0.068340944970880876,0.025128470398047255,0.0
Pharoh Cooper,WR,LARM,10.212919473492772,4500.0,0.39047381325425606,0.16583721892328365,0.23605627274923432,0.038349655336159923,0.10406136485725095,0.033734121252986984,0.031487553626828188,0.0
Corey Coleman,WR,CLE,10.111812267294944,5600.0,0.43841940935485185,0.17008981843489346,0.14292212319200517,0.068565928430909279,0.093312382901924132,0.050670748810363153,0.036019588875053049,0.0
Corey Brown,WR,CAR,10.106555356653196,4700.0,0.34619134282217817,0.24292940600446053,0.18009347378789597,0.08723113976671254,0.094734062846815612,0.026512459303070716,0.022308115468866629,0.0
Laquon Treadwell,WR,MIN,9.9571666790416185,4500.0,0.44306250564963806,0.15557676988469227,0.19142730696747226,0.048896628663462657,0.079689665927036246,0.027468597739924525,0.05387852516777402,0.0
Charles Johnson,WR,MIN,9.7581117345688178,4700.0,0.49983155925723266,0.14390801271087264,0.15921990108208708,0.034119299570319818,0.053243144962374256,0.025975654821985498,0.083702427595128123,0.0
Brice Butler,WR,DAL,9.6687311572787547,5300.0,0.39875055382811525,0.23267426761630416,0.12283167793345044,0.10372540020379055,0.10136673394516781,0.016978940330075375,0.023672426143096351,0.0
Jeremy Maclin,WR,KC,9.6337325364984352,6700.0,0.47306748285631134,0.22714008301571742,0.043465170246658739,0.10919804100664711,0.036021369935065876,0.054136375384632944,0.056971477554966579,0.0
Quinton Patton,WR,SF,9.5609282042306383,4600.0,0.46505987727635451,0.17432883612062891,0.14072263825588616,0.061785884176242097,0.079672524523696941,0.038288520077687682,0.0401417195695037,0.0
Taylor Gabriel,WR,ATL,9.5160223300800926,4600.0,0.32718959489665234,0.27566324410684429,0.20820998604684757,0.099632662459428784,0.056058009751896738,0.018740696246360579,0.014505806491969649,0.0
Anquan Boldin,WR,DET,9.5092188691489596,5700.0,0.47161651550837713,0.19379564358455023,0.119424309651447,0.058841178501989798,0.075244724849184846,0.023538336892861954,0.057539291011589118,0.0
Dez Bryant,WR,DAL,9.4751886698507182,7800.0,0.36864505892936145,0.2723171856821851,0.15757786152806602,0.079718008620665665,0.082317148762846681,0.011412388520829819,0.028012347956045212,0.0
Lucky Whitehead,WR,DAL,9.3193828538413879,4500.0,0.47023743763386411,0.18763090050517389,0.10916714097554236,0.07852499053672192,0.10132166111269071,0.01881091852197107,0.034306950714036132,0.0
Jakeem Grant,WR,MIA,9.0581465486779233,4500.0,0.57376214874436482,0.12242859713050559,0.081807372151321639,0.053677559859505092,0.074628343216669002,0.028655964651582433,0.065040014246051173,0.0
Sterling Shepard,WR,NYG,8.9940706759842293,5600.0,0.55833468989770518,0.13359443523444187,0.11484839467544077,0.041619025392841437,0.04063624954060667,0.048777331941796877,0.062189873317167237,0.0
Phillip Dorsett,WR,IND,8.9145050721510461,5000.0,0.41539367030434732,0.21956095352107674,0.17912588237876303,0.09327492649435444,0.058665364090970923,0.020175173709006299,0.01380402950148121,0.0
Leonte Carroo,WR,MIA,8.8942802079606693,4500.0,0.58419604541177106,0.12015540584749947,0.079590898548047573,0.052183087240277988,0.072110607935433418,0.027959041616224246,0.063804913400746247,0.0
Andrew Hawkins,WR,CLE,8.8310903687755058,4500.0,0.42381604437620773,0.25501326812402519,0.13958823423940886,0.077371588945142164,0.059837167386293563,0.018576086177558494,0.025797610751363893,0.0
Jordan Norwood,WR,DEN,8.6314867629390566,4500.0,0.52992084869564038,0.1798379376435581,0.1032725031769611,0.047956074444629022,0.067722296912300056,0.025486804478453064,0.045803534648458211,0.0
Albert Wilson,WR,KC,8.5897407724726893,4500.0,0.58574951791632668,0.15717302346449075,0.043269717670740455,0.073960499945897595,0.036919309798020862,0.042903064113742048,0.06002486709078151,0.0
Marquise Goodwin,WR,BUF,8.568330600155404,5300.0,0.53675615653256203,0.14858883446256002,0.11362805071685095,0.077432841409928871,0.063855783082214179,0.025466428064714178,0.034271905731169928,0.0
Torrey Smith,WR,SF,8.5286281735775429,5300.0,0.53044215844959519,0.16589276932967637,0.12407600247512726,0.046436082201698758,0.065271141502827007,0.03329596763187808,0.034585878409197392,0.0
Brandon Marshall,WR,NYJ,8.2730971422674191,7500.0,0.38064472142752032,0.3009090878123421,0.20033912383795274,0.058476994036802225,0.035206406931750658,0.014652230380520492,0.0097714355731114561,0.0
Quincy Enunwa,WR,NYJ,8.1841025603876112,6400.0,0.38082177634012587,0.31482248098648669,0.19224070717996433,0.057356357770939607,0.02646762218313331,0.016209870880014209,0.012081184659336004,0.0
Terrelle Pryor,WR,CLE,8.077372587530208,7000.0,0.41224384603360337,0.31590299371008007,0.14029272473916851,0.056183118943356265,0.049861732739337625,0.0099076722624977936,0.015607911571956325,0.0
Arrelious Benn,WR,JAC,8.0010595647636293,4500.0,0.52836618470564467,0.19288766069926797,0.12387418840760646,0.052312752751541569,0.049731453851077592,0.026445757014860832,0.026382002570000888,0.0
Doug Baldwin,WR,SEA,7.8928753621768175,7000.0,0.54980343246294983,0.21089046842167239,0.045639726292977731,0.11119014929040943,0.027191128126328786,0.016855286057073052,0.038429809348588778,0.0
Bryan Walters,WR,JAC,7.8615423288535737,4500.0,0.56720489905927785,0.17724648514565344,0.059766815883215627,0.10069350237179427,0.044212212545924078,0.022730373934882916,0.02814571105925175,0.0
Donte Moncrief,WR,IND,7.7540585094390426,6100.0,0.52321261008579989,0.20504141649657229,0.12389985859780148,0.056139968118643011,0.060478041029405363,0.010229458096316334,0.020998647575461712,0.0
Tajae Sharpe,WR,TEN,7.6083449037053237,4700.0,0.63074463890269516,0.14372134850572107,0.064260844676259074,0.045401569304741492,0.04902750440451565,0.011583596659267384,0.055260497546800222,0.0
Seth Roberts,WR,OAK,7.5857010347068865,5400.0,0.58199341804268179,0.17635864095964232,0.087091425720983814,0.061290765114825015,0.038417308002119406,0.018305124567696639,0.036543317592050997,0.0
Marvin Jones,WR,DET,7.5738116434501679,7200.0,0.56334358467571388,0.20163182539521587,0.099022100294589729,0.046693188649777083,0.03629953403913011,0.0098365896976271225,0.043173177247946296,0.0
Aldrick Robinson,WR,ATL,7.5429577921578428,4500.0,0.60676638261232474,0.14438908496678399,0.097726324869660472,0.053810960708611633,0.040356759300126076,0.016192176418054694,0.040758311124438569,0.0
Justin Hardy,WR,ATL,7.5316416547622431,4500.0,0.60047071088942072,0.14831079888950824,0.10179631539573701,0.051918082016607026,0.044777045996211712,0.015442222029700492,0.037284824782814766,0.0
Darrius Heyward-Bey,WR,PIT,7.5143277514456814,5200.0,0.63246213950514008,0.13190336101979372,0.078846927652537133,0.035722119621010934,0.052948312898332725,0.03230178797520078,0.035815351327984711,0.0
Dwayne Harris,WR,NYG,7.4771616478733032,4500.0,0.65943739723797734,0.10894276232837533,0.085141998122252496,0.033681647014999906,0.030424557163589484,0.027968831040542135,0.054402807092263403,0.0
Cecil Shorts,WR,TB,7.4303374785949412,4500.0,0.68369327457328366,0.097982903616111644,0.070451690886523893,0.03081726185477892,0.036571653143948932,0.0097987275500653632,0.070684488375287624,0.0
Ricardo Louis,WR,CLE,7.3845491472772551,4500.0,0.53563198104035314,0.22984598109679169,0.10443998995421962,0.052765594944394187,0.040561666826342865,0.014177129056448792,0.022577657081449549,0.0
Roger Lewis,WR,NYG,7.3346300718753987,4500.0,0.63071167700336861,0.14694722291214155,0.069671984134465001,0.056763371216544921,0.027687062695233595,0.029216649656773931,0.039002032381472256,0.0
Tyler Lockett,WR,SEA,7.2969570479776547,5100.0,0.62906105159152148,0.15734803907479708,0.045409876854408594,0.07784572009716878,0.033875626160745617,0.016536005707602153,0.039923680513756436,0.0
Paul Richardson,WR,SEA,7.1047950318667228,4500.0,0.63264303294253676,0.15918108968612299,0.049773730287838193,0.075794228245752257,0.031638595691889163,0.015338141227574795,0.03563118191828582,0.0
Aaron Burbridge,WR,SF,6.9153041646370603,4500.0,0.64915625229610341,0.1319628273352064,0.089889993481884908,0.040907976108266277,0.040652482929787792,0.014875921621598367,0.032554546227152918,0.0
Rod Streater,WR,SF,6.8981884689670725,4500.0,0.65046148366307077,0.1317055506718362,0.088632268621074067,0.038818402088054295,0.044061552244998296,0.015412424657337831,0.030908318053628467,0.0
Bradley Marquez,WR,LARM,6.7751312056052209,4500.0,0.61639808911971661,0.19122842942464846,0.091678967236068942,0.027900336459467618,0.018566461006260439,0.020004756719422243,0.034222960034415682,0.0
Allen Robinson,WR,JAC,6.7660820767883845,6700.0,0.64272481716235264,0.1938661633920134,0.025931432807506625,0.062873423785069216,0.01763460490197629,0.014648954196330095,0.042320603754751801,0.0
Andre Roberts,WR,DET,6.7086402190749777,4500.0,0.68476990538350391,0.12970872510716547,0.062649769497991975,0.033241959895912152,0.031777501603569645,0.010770004478157746,0.047082134033698854,0.0
Mike Thomas,WR,LARM,6.663159298971939,4500.0,0.62818327832707965,0.18494293058324576,0.088966944578921028,0.027592501809472772,0.017565875556910797,0.017434011360776967,0.035314457783592865,0.0
Jeff Janis,WR,GB,6.2952869832442921,4500.0,0.66263572621868927,0.12870637694616358,0.11599728949322237,0.038250697464205133,0.024649338070489444,0.0056244804702123407,0.024136091337017766,0.0
Jordan Taylor,WR,DEN,6.2939234622359139,4500.0,0.68187064397847164,0.14806322341747824,0.063859336613881684,0.029651506109742858,0.035540244048539824,0.0098069977524693278,0.03120804807941641,0.0
Bennie Fowler,WR,DEN,6.2876395066080866,4700.0,0.69899116851469767,0.12815661975510786,0.066019171055445955,0.026308043065825272,0.036421892298530219,0.0092992956356891462,0.034803809674703874,0.0
Devin Street,WR,IND,6.1587073181853489,4500.0,0.69908343978897036,0.14004625499810153,0.064915262669318491,0.02313178612860315,0.028788263401513779,0.0059407888528242199,0.038094204160668554,0.0
Eric Weems,WR,ATL,6.156863579671235,4500.0,0.70961682211876365,0.11169247914716739,0.07288203424044519,0.037196325085991591,0.028767911527343128,0.0078221561886917881,0.032022271691597361,0.0
Ted Ginn Jr.,WR,CAR,6.1529781938369803,5500.0,0.63983554080614768,0.17050708812106091,0.094215952906153214,0.042879642616140953,0.036504726568318491,0.0049146717812202376,0.011142377200958575,0.0
Walter Powell,WR,BUF,6.0542080564363614,4500.0,0.67441197000179043,0.14948937537149148,0.075193732122748491,0.046465280242466156,0.030366287271001602,0.0042486837195886756,0.019824671270913162,0.0
Brenton Bersin,WR,CAR,5.9622412939857012,4500.0,0.64064888025781463,0.17476021664913993,0.1052054121434307,0.039285624216299213,0.026103918816924761,0.0039793276746646952,0.010016620241725959,0.0
Marc Mariani,WR,TEN,5.4030350629115897,4500.0,0.78807288317352864,0.089873316535741779,0.034506946441273244,0.021476626470352075,0.026222366761952349,0.0044070915375491095,0.035440769079602849,0.0
Charone Peake,WR,NYJ,5.3353928551165248,4500.0,0.70075230947647627,0.16035730018350808,0.08081426988434004,0.025528586723914743,0.012586805418735594,0.0077233232068225962,0.012237405106202661,0.0
Trevor Davis,WR,GB,5.2618611002490185,5100.0,0.74616085869111992,0.10264810188493727,0.087211063065765107,0.026531994674943247,0.017182106196404687,0.0031670716276695036,0.017098803859160048,0.0
De'Anthony Thomas,WR,KC,5.1264329452220307,4500.0,0.76507777674454525,0.12253244221829787,0.034837931197420034,0.035984718656839443,0.014149890272334365,0.0064583323648314973,0.020958908545731524,0.0
Jordan Matthews,WR,PHI,5.0619784471330886,5800.0,0.69232923866745388,0.18216099803592734,0.081534666633348435,0.022176730317112182,0.015334227588040103,0.0018124300715142531,0.004651708686603852,0.0
Andre Holmes,WR,OAK,4.9608360355830676,4500.0,0.81097918654085843,0.07945580357384191,0.036658950615427371,0.024860778091329562,0.015535522856356612,0.0057629016544730616,0.026746856667713276,0.0
Dorial Green-Beckham,WR,PHI,4.7418698021623484,5000.0,0.74331216315692139,0.15048168330985717,0.061022185573173474,0.022703856009023526,0.01406174950052246,0.0021533439874388089,0.0062650184630632481,0.0
Jordy Nelson,WR,GB,4.601999889807491,8200.0,0.75091974720115429,0.12975953353294625,0.09098574626069017,0.014349197492045392,0.0096476916357995952,0.00077796821002077234,0.0035601156673435688,0.0
Rashard Higgins,WR,CLE,4.5944135325975202,4500.0,0.78731630466610814,0.1193116853362822,0.04421894888629805,0.020640293542459852,0.012735859531508633,0.0028540650570116296,0.012922842980331313,0.0
Tanner McEvoy,WR,SEA,4.4827482124098132,5000.0,0.8004257435780735,0.11265506991533746,0.031336395910089021,0.031769516432656561,0.0095448469675640819,0.003340622131729234,0.010927805064550003,0.0
Jalin Marshall,WR,NYJ,4.1436837622143772,4500.0,0.81028619086371734,0.12497454711173973,0.027638874266986108,0.020996821237050017,0.0062444409008768275,0.0023787246967253992,0.0074804009229044975,0.0
Odell Beckham Jr.,WR,NYG,3.9532772304307136,8900.0,0.87523818329828373,0.057489952498916363,0.033691646390412985,0.0069738152034159989,0.0088715710061032221,0.0039346228312658084,0.013800208771601636,0.0
Nelson Agholor,WR,PHI,3.8857577435906667,5200.0,0.83461037147184924,0.10273187896280706,0.037852727015575037,0.012460199416846828,0.0069611552347408293,0.0010032298690038726,0.0043804380291773788,0.0
Justin Hunter,WR,BUF,3.5833819065259518,5300.0,0.87839087815222805,0.07176921993104976,0.027887016840393315,0.010246315321400176,0.0067395220504809462,0.00056647770111975429,0.0044005700033278323,0.0
