name,pos,team,expectation,salary,prob_0_5,prob_5_10,prob_10_15,prob_15_20,prob_20_25,prob_25_30,prob_30+,label
Delanie Walker,TE,TEN,10.469306247990101,6400.0,0.25489018575215422,0.28065665360054537,0.22334835389693922,0.14949189714286323,0.056087584064395062,0.024821837008497525,0.010703488534605952,1.0
Coby Fleener,TE,NO,9.745081383917606,5800.0,0.27592004727834035,0.30789744411591657,0.23971493271219935,0.09754414578292353,0.037949406378973607,0.032714833251438556,0.0082591904802074706,1.0
Jimmy Graham,TE,SEA,9.5807854424566976,6700.0,0.27317790037229162,0.33873795719659372,0.20118596953183251,0.11322636481726248,0.047036962808106424,0.017270831822379269,0.0093640134515340402,1.0
Antonio Gates,TE,SD,9.2273788791290592,5500.0,0.27390622387854369,0.34455759116346263,0.22669021968520334,0.098304662983056276,0.035187956271128293,0.017949878575117543,0.0034034674434881168,1.0
Travis Kelce,TE,KC,9.1628396163829748,6600.0,0.30659369031713007,0.32779263989158752,0.20078496393207021,0.095028948324187484,0.042736899367432225,0.019158443340517788,0.0079044148270748498,1.0
Cameron Brate,TE,TB,8.2867305040697303,5400.0,0.38539690021952377,0.290769184715782,0.18491916288802451,0.084941985911849358,0.033782109032063842,0.016303383703072761,0.0038872735296841972,0.0
Gary Barnidge,TE,CLE,7.7489615253369832,5200.0,0.40316883086140964,0.30684738371183723,0.18263436915521605,0.072720028397721598,0.018175756609850435,0.013423687868807066,0.0030299433951577756,0.0
Jack Doyle,TE,IND,7.7488918163272125,5300.0,0.35481656424588243,0.39431032612122902,0.15175869961325761,0.065392125866434211,0.018837246164056312,0.010884980844827268,0.0040000571443129535,1.0
Kyle Rudolph,TE,MIN,7.5463125727139584,5000.0,0.43995861206522657,0.26795569258517815,0.1918464545928312,0.064830836322770827,0.01633587905393754,0.01746235158831614,0.001610173791739641,0.0
Julius Thomas,TE,JAC,7.2763917444476647,5600.0,0.43183038250774636,0.33070424051337,0.13466701863502226,0.070823529406414884,0.020476120570103902,0.0092510691875096057,0.0022476391798323747,0.0
Eric Ebron,TE,DET,7.024468380453591,5400.0,0.48368052675888479,0.27909761568835018,0.15178475162004326,0.053530802481004378,0.0089903291339218632,0.015520666588060747,0.0073953077297349568,0.0
Greg Olsen,TE,CAR,6.8825525933690468,7500.0,0.51853419686990299,0.25449703290767561,0.13371219435901502,0.063885120938684134,0.0079435908670026957,0.0054144970740912955,0.016013366983628291,0.0
Jason Witten,TE,DAL,6.1408513222760508,5200.0,0.58252302227265662,0.23909966671884395,0.10080061905176477,0.046312657054166678,0.012688505347993409,0.015309050017581175,0.0032664795369933882,0.0
Charles Clay,TE,BUF,5.9177910969363756,4800.0,0.58997425327175923,0.24265351629614154,0.095163936590512158,0.046712637714786807,0.019979514122259682,0.003556041835202914,0.001960100169337768,0.0
Zach Ertz,TE,PHI,5.87179922621673,4900.0,0.58882377677039199,0.24272542577526304,0.10528234989791144,0.043359075802863932,0.010496607229629907,0.0076846040403081208,0.0016281604836319422,0.0
Jesse James,TE,PIT,5.7838924420540803,5100.0,0.61661497972110446,0.20830068760333856,0.11203708156866571,0.042576978043406273,0.013071832108057006,0.0024696607350558463,0.0049287802203722905,0.0
Erik Swoope,TE,IND,5.4767328206056494,4500.0,0.60809229565820611,0.25345456217110818,0.10144696280281644,0.022484590634544381,0.0083965433102294491,0.0012364427001896178,0.0048886027229060967,0.0
Clive Walford,TE,OAK,5.4607966496249798,4700.0,0.62959008643684566,0.22982678413770188,0.086445939913084607,0.037881572050513054,0.0093353799828844349,0.0043514091568421526,0.0025688283221287525,0.0
Dennis Pitta,TE,BAL,5.423835941177777,5200.0,0.63544780040323501,0.22933406583937463,0.081415118802978012,0.03363789915398889,0.013127845544102663,0.004376301009491752,0.0026609692468290524,0.0
Dwayne Allen,TE,IND,5.2232710526397756,5300.0,0.73013533958745247,0.10913180987728152,0.068680949100973027,0.083480402317873667,0.0019442175254047757,0.0020899366320728278,0.0045373449589420417,0.0
Mychal Rivera,TE,OAK,5.0104411179382193,4500.0,0.71155955595029008,0.14482036793544112,0.096506619930324708,0.031210100733678497,0.010675735530183063,0.0040387720071679446,0.0011888479129147189,0.0
Lance Kendricks,TE,LARM,4.6583033696001177,4500.0,0.73749122601574257,0.14142224582173471,0.090328347312904206,0.025312899444330343,0.00056366677318877569,0.00022808470793980024,0.0046535299241593307,0.0
Larry Donnell,TE,NYG,4.5601089318556731,4500.0,0.74719170220283726,0.12669186858117412,0.1121271749813752,0.007548212777564174,0.00080056751639818102,0.00095628079020355135,0.0046841931504472611,0.0
Richard Rodgers,TE,GB,4.0701847309590411,4700.0,0.8199064498339026,0.10397996167964271,0.041236993659803878,0.024576071643865955,0.0027906164812507048,0.0040813848160110083,0.0034285218855233651,0.0
Marcedes Lewis,TE,JAC,4.0510364947977315,4500.0,0.80264438398477866,0.12333427396163549,0.055952242949074929,0.0079608657709747555,0.0052420087628140483,0.0010083686494109215,0.0038578559213116323,0.0
Ben Koyack,TE,JAC,4.023039328587112,4500.0,0.81056728162824032,0.12129713669209283,0.047177873566475459,0.011051558086126147,0.0012533159020469808,0.0036375851912067718,0.005015248933812025,0.0
Will Tye,TE,NYG,3.8953194868003331,4500.0,0.81662592470154005,0.12147001122947937,0.043781416542858949,0.012555815412586834,0.0010700654561505523,0.00076375886032799853,0.0037330077970563818,0.0
Phillip Supernaw,TE,TEN,3.8674838332963128,4500.0,0.82956107773309107,0.10053973872579032,0.055722843575086688,0.005016678926778719,0.0051057392344920228,0.00020809644396973078,0.0038458253607916806,0.0
Austin Hooper,TE,ATL,3.8378106942517327,4500.0,0.81826500248301237,0.13070798904086489,0.027887680989876915,0.018223295061552069,0.0016235392539051998,0.0009909733204523923,0.0023015198503367057,0.0
Demetrius Harris,TE,KC,3.7009702490479541,4500.0,0.8382428359951416,0.10390106220701716,0.046009472305042314,0.007236518488064868,0.0024419955010423888,0.00086416349991229736,0.0013039520037790063,0.0
Virgil Green,TE,DEN,3.6201939720960192,4500.0,0.86303059148045191,0.082938892208036324,0.032029552936842488,0.017475296037863453,0.0015545771788787845,0.00061032434543248078,0.0023607658124945516,0.0
Vance McDonald,TE,SF,3.5750977991982458,4500.0,0.87236162587513222,0.067814668930711128,0.045100317651179105,0.0091102289150324853,0.00022577796755001217,0.0041650115341902768,0.0012223691262047524,0.0
Nick O'Leary,TE,BUF,3.5556526979445966,4500.0,0.86042440635463835,0.087246900572884048,0.041893669430504439,0.0061349975770603202,0.0021196046824706999,0.00063990019460772696,0.0015405211878344511,0.0
Xavier Grimble,TE,PIT,3.4598914689732148,4500.0,0.85525396936542208,0.10965829643617218,0.027428606056267225,0.0059417459337930837,0.00043286883131197969,0.00029550988760655803,0.00098900348942711604,0.0
Josh Hill,TE,NO,3.4489980524604986,4500.0,0.87364832105952006,0.092169077253007659,0.023341699771134591,0.0021198095857710053,0.0047401347991267223,0.00016603880757493203,0.0038149187238658419,0.0
Brandon Bostick,TE,NYJ,3.3575932589742363,4500.0,0.86139500481544429,0.11689592825010817,0.017632419797840783,0.0016646971799191166,0.00043236836932894875,0.0001553075905646181,0.0018242739967940463,0.0
Clay Harbor,TE,DET,3.2671554297923491,4500.0,0.88709782211757304,0.084401010755594766,0.020894214108463812,0.0060011392762127809,0.0003328299240727198,0.00024499023767682852,0.0010279935804052938,0.0
Luke Stocker,TE,TB,3.2554301411069626,4500.0,0.89027186747964315,0.085315159712649177,0.01849971045185466,0.0021883672474325702,0.00070212476568602895,0.00016677361852182948,0.0028559967242127657,0.0
Geoff Swaim,TE,DAL,3.2160935789659328,4500.0,0.88204757855385607,0.10143500553956522,0.012876652854137657,0.0017091516566897591,0.00051483082851107905,0.00024363161722152412,0.0011731489500191629,0.0
Nick Vannett,TE,SEA,3.2107639567825652,4500.0,0.88906422016720643,0.088251362658543345,0.01825990631808572,0.0028861751565051282,0.00039653546769689987,0.0001898351908404006,0.00095196504112203789,0.0
Gavin Escobar,TE,DAL,3.1934177077861867,4500.0,0.90575326452768368,0.067069785578958777,0.02213913394211155,0.00078739141876769589,0.00064255421017138424,0.00069870673195195966,0.0029091635903549479,0.0
Garrett Celek,TE,SF,3.1485576272709928,4500.0,0.9172161042617506,0.057114030104316364,0.018132157494420379,0.0024119460019014836,0.00086947831001748545,0.0013642771760591407,0.0028920066515340757,0.0
Seth DeValve,TE,CLE,3.083660902787464,4500.0,0.91200688595346446,0.068910738791111301,0.015044929259261715,0.0019105121617836167,0.00061058325626761991,0.00019904334685667553,0.0013173072312543767,0.0
David Johnson,TE,PIT,3.0817306898925385,4500.0,0.91623327864332582,0.062418512843550114,0.017279356954541931,0.0011894573642751113,0.00069959444127120826,0.00077769135118216696,0.0014021084018542283,0.0
Anthony Fasano,TE,TEN,3.0451120806262089,4500.0,0.92235035433618584,0.057011179985771626,0.015571057178695051,0.0028244640732706075,0.00060625388316884574,0.00044518299953992524,0.0011915075433681917,0.0
Tyler Higbee,TE,LARM,3.0435062623862374,4500.0,0.92046907133581024,0.06092747540498606,0.015036863395952891,0.00091995122802320558,0.00059166780843998644,0.00052252334106099509,0.0015324474857263406,0.0
Trey Burton,TE,PHI,3.0429684258715533,4500.0,0.91821745681756528,0.06397620009015631,0.014112888238196003,0.0017373111824710607,0.00045226279022112415,0.00026966788638110097,0.0012342129950090994,0.0
Austin Seferian-Jenkins,TE,NYJ,3.0311184409936827,4600.0,0.9276113246418245,0.055101210761987769,0.011827061473317128,0.0014597743869810703,0.0007501824013592469,0.00069306630047134398,0.0025573800340581506,0.0
Levine Toilolo,TE,ATL,3.0045392337517582,4500.0,0.9301683884290477,0.052727656004251972,0.012553598021181974,0.0010345136423399346,0.0007201234514746035,0.0007221486435054677,0.0020735718081985087,0.0
Cory Harkey,TE,LARM,3.0033906010769211,4500.0,0.92366316105818191,0.062733111791980975,0.010216366263427139,0.00059680734265106538,0.0006329806935510187,0.00055619495463841062,0.0016013778955692038,0.0
Dominique Jones,TE,MIA,2.9988628625180391,0.0,0.92933114164334318,0.056283118409043445,0.0098945596765149524,0.00059513238898428148,0.00085259494072031884,0.00085192420490646235,0.0021915287364873835,0.0
A.J. Derby,TE,DEN,2.9833850893529532,4500.0,0.9365353327984054,0.047520644675333207,0.01073027899186252,0.00069970951268775083,0.00095482485357473298,0.00090498155581065576,0.0026542276123257026,0.0
Asante Cleveland,TE,SD,2.9739916288315573,4500.0,0.93511504665113632,0.050109966872530408,0.010130433988549141,0.0005941752729656367,0.00094992440605156151,0.00087178385560296911,0.0022286689531638196,0.0
Marqueis Gray,TE,MIA,2.9624594231254702,4500.0,0.93629216627005463,0.048544504385623369,0.010837539730798816,0.00065677730823359001,0.00086151609156597897,0.0009285472681959901,0.0018789489455274576,0.0
Blake Bell,TE,SF,2.9513077160854384,4500.0,0.93589114827304143,0.05069233205614472,0.0094532128610297066,0.00055271064515959555,0.000870659417360875,0.00065838201550006293,0.0018815547317632398,0.0
James O'Shaughnessy,TE,KC,2.9477194796066692,4500.0,0.94073198440084571,0.043586339180998697,0.011098066166384413,0.00070260391804110526,0.00094168321295624554,0.00081248032227319291,0.0021268427985003404,0.0
Justin Perillo,TE,GB,2.9441256174053594,4500.0,0.93932969188029114,0.04443398082230024,0.012382890160989339,0.00059311319603778164,0.00086416956538123209,0.00079043930023170732,0.0016057150747686285,0.0
Brandon Williams,TE,SEA,2.9403012324794107,4500.0,0.94001013880612361,0.045432043400141224,0.010327751404661729,0.00063134513253197558,0.0008506167732287215,0.00079098756375070307,0.0019571169195620208,0.0
Brent Celek,TE,PHI,2.937892103250439,4500.0,0.94056777591689655,0.043147016135386913,0.012242370160426499,0.0010344882104501546,0.00064337833297332568,0.000735084569683398,0.0016298866741826751,0.0
Ed Dickson,TE,CAR,2.9334282703662593,4500.0,0.9417601824594577,0.043866770204782503,0.010054338159591687,0.00058721452200468684,0.00083463367146146791,0.00081304472675650173,0.0020838162559451848,0.0
Darren Waller,TE,BAL,2.9288729709704251,0.0,0.94081833430157258,0.046175499560482162,0.0089337244051661407,0.00058615012495993228,0.00066233508805106254,0.00068790818820258946,0.0021360483315651974,0.0
Jeff Heuerman,TE,DEN,2.9201491190105808,4500.0,0.94553197284823087,0.039397434865786493,0.010494709476990464,0.00051480716081839196,0.001315155058307816,0.00067370371164113079,0.0020722168782241596,0.0
Sean McGrath,TE,SD,2.9178486784407749,4500.0,0.9414514335776516,0.044747115902882863,0.010202588361635817,0.00054461314667005728,0.00084766716635717107,0.00063323135643389222,0.001573350488368065,0.0
Rhett Ellison,TE,MIN,2.9096433407742817,4500.0,0.94402655163758387,0.043003227516502936,0.0088962511909074712,0.00065039961667732495,0.00087908604357232224,0.00058250048913023383,0.0019619835056255675,0.0
Brandon Myers,TE,TB,2.9084065984812453,4500.0,0.94473932635361957,0.041084921406677549,0.010199805268613735,0.00063408148994863103,0.00097587566923483288,0.00065859544788525329,0.0017073943640203808,0.0
Jerell Adams,TE,NYG,2.8998229638420168,4500.0,0.93978955429029087,0.048353582028218434,0.0090524501875178486,0.00095453200144975277,0.00034363278307757681,0.00034842225527256966,0.0011578264541733231,0.0
Randall Telfer,TE,CLE,2.8756774246769523,4500.0,0.94977429515850131,0.037210061289281934,0.0091886585460024661,0.00045399997381747839,0.0011430432307095333,0.00058712533410170613,0.0016428164675853199,0.0
