name,pos,team,expectation,salary,prob_0_5,prob_5_10,prob_10_15,prob_15_20,prob_20_25,prob_25_30,prob_30+,label
Mark Sanchez,QB,DAL,32.236654400045182,5000.0,0.0029725314446177658,0.0053083510996743619,0.087288600642112232,0.0132770315374123,0.015006867818823356,0.018244167823488956,0.85790244963387108,6.0
Cam Newton,QB,CAR,27.823387348675418,8100.0,0.087357952041476256,0.011200886080089041,0.056051160337207744,0.13894988636907663,0.0098571931347128279,0.028462107939231082,0.66812081409820645,6.0
Kellen Clemens,QB,SD,27.331763320744678,5000.0,0.0031593148675711355,0.025189622957000678,0.04412000128801849,0.064697659521657333,0.13079121099416338,0.41507268089403754,0.31696950947755148,5.0
Drew Brees,QB,NO,25.217546186183714,8600.0,0.0066567531492389862,0.024611629171114303,0.23385301700222041,0.029780460805924239,0.068718183439599206,0.29966150594823343,0.33671845048366938,6.0
Case Keenum,QB,LARM,25.005770787266144,6300.0,0.044529693234041282,0.0097177554118596816,0.3504512387166191,0.010376211810273551,0.015881539225919193,0.0019360120898222386,0.56710754951146503,6.0
Joe Webb,QB,CAR,23.471652493762651,5000.0,0.18544748053260843,0.080290112745642739,0.069478934025403977,0.066478874481160091,0.020204785156095383,0.041881353997242556,0.53621845906184684,6.0
Ryan Tannehill,QB,MIA,22.312484859692368,7300.0,0.098115436758310512,0.018326098678559891,0.23923065925912068,0.063441198618321468,0.19659846864069211,0.005920541979020609,0.37836759606597475,6.0
Philip Rivers,QB,SD,20.660250642161234,8300.0,0.013190109941960119,0.081646832129445429,0.1459021975828747,0.26290956262481779,0.18848324106880415,0.19013674616750251,0.11773131048459533,3.0
Sam Bradford,QB,MIN,20.228175045208779,7400.0,0.0030140177562032401,0.030489963575070087,0.45085683493515255,0.070104050341639759,0.16738362504585566,0.0496000532409826,0.22855145510509625,2.0
Derek Carr,QB,OAK,19.326495943985993,7700.0,0.012128249532386051,0.059124942953166712,0.14568962393898871,0.41001979832082991,0.11648489183120656,0.23253011438233656,0.02402237904108552,3.0
Blake Bortles,QB,JAC,18.841743632063249,7300.0,0.0022577853831250009,0.029272737867804214,0.54424491587074186,0.026893276259193175,0.035320857853022185,0.28296325157736285,0.079047175188750637,2.0
Matt Ryan,QB,ATL,18.440962261476976,8600.0,0.0064124387546212452,0.069597017408858694,0.22510893568338058,0.33034651354136113,0.2272226073104851,0.10005571586977004,0.04125677143152319,3.0
Aaron Rodgers,QB,GB,17.663574498203388,9100.0,0.0038850697581560337,0.10940975015109006,0.065872656157900472,0.51822456575201137,0.27755238358714873,0.024123086193232182,0.00093248840046109005,3.0
Tyrod Taylor,QB,BUF,17.121463480697322,7200.0,0.031355555434580781,0.068590528957275049,0.16649398017582767,0.55644974730060337,0.079801425292834266,0.065565129796884544,0.031743633041994464,3.0
Colin Kaepernick,QB,SF,16.912520677808939,7200.0,0.0057503254943977646,0.21475832091374017,0.18128201762096569,0.15216200033342089,0.38404976825151643,0.060324988405964078,0.0016725789799949553,4.0
Matthew Stafford,QB,DET,16.824257844109187,7400.0,0.093879323878290941,0.14890184364330536,0.13858170866658753,0.36789550780715896,0.092540214391338763,0.042246789085362675,0.11595461252795571,3.0
Jameis Winston,QB,TB,16.577965072209683,7700.0,0.0096443454534751588,0.064541412151009767,0.45750250399005582,0.19108781357601265,0.15875728035271028,0.094852771284566026,0.023613873192170159,2.0
Marcus Mariota,QB,TEN,16.088834174439476,7600.0,0.20781781821176035,0.1552790081415259,0.052987598373350625,0.21083841577995591,0.04516871336353593,0.32538824709233793,0.0025201990375334511,5.0
Mike Glennon,QB,TB,15.687804207881271,5800.0,0.05078547099005682,0.16748012259667439,0.28305500378520954,0.22400429569960684,0.19590665744486047,0.042442484741632328,0.036325964741959489,2.0
Russell Wilson,QB,SEA,15.485338227450379,7800.0,0.060851713476466701,0.18987067685617406,0.43594101714098521,0.061962569156215702,0.069645308572715295,0.073593769060637998,0.10813494573680513,2.0
Ryan Mallett,QB,BAL,14.968783185191352,6000.0,0.014161695348171995,0.38746444194842722,0.18959540542653233,0.13360378661366207,0.15209543352725255,0.054737834064611815,0.068341403071342011,1.0
Nick Foles,QB,KC,14.211809394404659,6800.0,0.017458755180782649,0.405816481254476,0.018106986453693592,0.36364095603493091,0.16620882756535349,0.028279140978066563,0.00048885253269682395,1.0
Ryan Fitzpatrick,QB,NYJ,13.870459782638578,7400.0,0.062297670890421687,0.17972788630796524,0.33471892206274945,0.30290791822429025,0.093126771296148325,0.022160011121983528,0.005060820096441535,2.0
Bryce Petty,QB,NYJ,13.377844010348495,5000.0,0.077034776492453175,0.30935465743808443,0.22427143030406266,0.21313072098161995,0.12929418040644342,0.029226749333220808,0.017687485044115586,1.0
Trevor Siemian,QB,DEN,12.990734741938343,7200.0,0.063147099376982041,0.39551514672572063,0.28750397257564464,0.038685545981638217,0.065852150486660349,0.14817728995179921,0.0011187949015548375,1.0
Matt Schaub,QB,ATL,12.92446868092115,6000.0,0.33808799342899287,0.035133499603293893,0.053098294751134374,0.36618096520759968,0.19438251421469202,0.011845379043844799,0.001271353750442486,3.0
Eli Manning,QB,NYG,12.786867806801165,7500.0,0.28586592754567131,0.012228532770482874,0.36088661120361643,0.09031479669136358,0.22954011599926763,0.002199433680688442,0.018964582108909781,2.0
Ben Roethlisberger,QB,PIT,12.140814318609443,7500.0,0.47950030036518404,0.004886381737872523,0.054841222751223086,0.2889809496200601,0.067593321863641725,0.00067196909086479465,0.10352585457115368,0.0
Andrew Luck,QB,IND,9.785802389364882,8000.0,0.44569443705073991,0.13518746800326631,0.083352093776672367,0.23361140447274167,0.056629946981098883,0.045330268117919757,0.00019438159756092363,0.0
Carson Wentz,QB,PHI,9.480543219196413,6900.0,0.072941391829648344,0.70980608927830269,0.01140958653474604,0.16124579606522263,0.043248975348446676,0.0013419694877237066,6.191455909964873e-06,1.0
Dak Prescott,QB,DAL,8.6587010845871895,7600.0,0.5966134571268894,0.033637416809158875,0.0059593336311854987,0.30212507367738128,0.035844541003527852,0.020933605058279146,0.004886572693577943,0.0
Joe Flacco,QB,BAL,8.0287345305653943,7500.0,0.62742338999997116,0.030973936869583284,0.081558912214555815,0.1353797099128165,0.12004449983839699,0.0031260445653661689,0.0014935065993100848,0.0
Cody Kessler,QB,CLE,7.8297814196877829,6000.0,0.46877685610586078,0.17323871673932958,0.2577381095284349,0.02833196488768094,0.069016716953204063,0.00177069796012286,0.0011269378253667389,0.0
