name,pos,team,expectation,salary,prob_0_5,prob_5_10,prob_10_15,prob_15_20,prob_20_25,prob_25_30,prob_30+,label
Julio Jones,WR,ATL,13.55318395983428,9000.0,0.15639727538254206,0.23517641639207432,0.22686902192451133,0.18885917929419946,0.09151048953549068,0.045744451907658079,0.055443165563524181,1.0
Amari Cooper,WR,OAK,12.975917410438061,7700.0,0.17292321994538709,0.24546745055747798,0.22342269958467048,0.16832316513877948,0.10799550849581215,0.044148408563314659,0.03771954771455887,1.0
Marvin Jones,WR,DET,12.161786582986668,7200.0,0.19434426576423858,0.26243992185282733,0.24620371934202295,0.13479817390305479,0.091526585939492852,0.034972383464027861,0.035714949734336143,1.0
T.Y. Hilton,WR,IND,11.859843838084119,7600.0,0.20980604121903393,0.24746354094586734,0.25240894361476812,0.14597437007216171,0.081720814091987171,0.034793275005465849,0.027833015050716468,2.0
Michael Crabtree,WR,OAK,11.744465609795144,7000.0,0.21203711465556821,0.26281337930523596,0.23159908438056001,0.15633781987281381,0.075299670973679997,0.03317641326627542,0.028736517545866785,1.0
Demaryius Thomas,WR,DEN,11.668758111106214,7400.0,0.201732524035107,0.2901874969058898,0.22662759842795271,0.13748540417569985,0.08255080986591222,0.034370404241768654,0.027045762347670078,1.0
Brandin Cooks,WR,NO,11.651550424875621,7600.0,0.25915285979891434,0.25588511417273657,0.18828926182229178,0.1316904711423012,0.085072817315947805,0.037951885262432705,0.04195759048537627,0.0
Mike Evans,WR,TB,11.467436106890306,8300.0,0.2325418087248472,0.25487216122311013,0.24401877335748612,0.13214737203741464,0.076195025416364193,0.028070859601852974,0.032153999638925103,1.0
Brandon Marshall,WR,NYJ,11.340877987623458,7500.0,0.24966184447692305,0.26382101702796656,0.21233442072790182,0.12995753339519925,0.078718973240496912,0.033902084307664393,0.031604126823848312,1.0
Antonio Brown,WR,PIT,11.295218521354169,8700.0,0.27201842721051001,0.22961725503569813,0.22158576929680349,0.13483340129635157,0.07469347050844255,0.036103382347040879,0.031148294305153763,0.0
Jordy Nelson,WR,GB,11.277086716439781,8200.0,0.25623898197573569,0.26143078948858584,0.21107111678849572,0.12514770479854745,0.083477207739564366,0.029753279993657299,0.03288091921541423,1.0
Emmanuel Sanders,WR,DEN,11.263629188092386,6800.0,0.22595819693953217,0.27491138211552135,0.24266566003699577,0.12826925104675563,0.07214716908563247,0.030151672729996241,0.025896668045567048,1.0
Odell Beckham Jr.,WR,NYG,11.065749316040552,8900.0,0.35739093508762171,0.21567638173984974,0.14258443594263007,0.10109765177504385,0.091325033731128352,0.035869754580578894,0.056055807143147868,0.0
Doug Baldwin,WR,SEA,10.752306809679391,7000.0,0.29067806503327076,0.25724429349594019,0.19893092048830582,0.1253176667888351,0.065089399257777972,0.032508751344963921,0.030230903590906116,0.0
Golden Tate,WR,DET,10.669521808421782,6400.0,0.269898193415746,0.27569435912051521,0.21792784986041444,0.11078388563404711,0.073872149145751367,0.028226072663371377,0.023597490160155117,1.0
Travis Benjamin,WR,SD,10.422992383851048,6000.0,0.2670677743933717,0.2899854346179262,0.21960548700552951,0.1141654969413835,0.062201142705469552,0.027489541127254526,0.019485123209065067,1.0
Terrelle Pryor,WR,CLE,10.287275205937865,7000.0,0.27187245737438365,0.30759923039533127,0.18948472783373352,0.12435758053412534,0.064834607633279362,0.02237259500011821,0.01947880122902924,1.0
Kelvin Benjamin,WR,CAR,10.117812434592437,7400.0,0.31201397230022909,0.27344366152755545,0.18837575878027715,0.10904775265931557,0.07287639586324153,0.021905010834344315,0.022337448035037427,0.0
Michael Thomas,WR,NO,9.9480270523232424,5800.0,0.32837706855584198,0.25526354135359375,0.19810225085545102,0.11469184674418033,0.056397449604616449,0.025412633341276931,0.02175520954504016,0.0
Jeremy Maclin,WR,KC,9.8813434436171352,6700.0,0.32553049659850958,0.27705264169745636,0.18088250438012349,0.10975048089574213,0.057001460007566715,0.028927967457122727,0.02085444896347952,0.0
Allen Robinson,WR,JAC,9.8066620390482289,6700.0,0.34144411596842589,0.2764589273518982,0.17334819871457702,0.093716864044104009,0.0589296009820693,0.028904544756674005,0.027197748182251444,0.0
Jarvis Landry,WR,MIA,9.8060816612389861,7600.0,0.33904004369215762,0.24119503200781245,0.21015272727253234,0.1083298032325223,0.059556903825798771,0.023144576070326564,0.018580913898850023,0.0
Mohamed Sanu,WR,ATL,9.7825564258464173,5400.0,0.33737629191521284,0.24514179143574852,0.20286745360703717,0.11781725985635166,0.057511734445815324,0.022146451761189092,0.017139016978645907,0.0
Quincy Enunwa,WR,NYJ,9.7221593423982693,6400.0,0.32801143006283495,0.27228314331410863,0.19519835644991745,0.10493990639876172,0.058071490214832114,0.023383697284630359,0.018111976274914596,0.0
Tyrell Williams,WR,SD,9.6306787029766205,5600.0,0.34295419248241243,0.25467056883108763,0.20124990998288561,0.10301048831766729,0.057635781142815708,0.022482081870768767,0.017996977372362624,0.0
Anquan Boldin,WR,DET,9.6150810461179592,5700.0,0.33944635182969446,0.26483607645576879,0.19924637991009989,0.094725529630944744,0.061815303765814122,0.020865173772249414,0.019065184635428504,0.0
Davante Adams,WR,GB,9.5838340422698955,7100.0,0.33718757902683016,0.26013398487468564,0.2080811437614076,0.10320488404954037,0.054444045283757118,0.018056437834493566,0.018891925169286183,0.0
Cole Beasley,WR,DAL,9.5733363324362593,6300.0,0.33989368427418276,0.27372713577003133,0.18472643568536401,0.10214659261951144,0.06235940911789567,0.017229320965483141,0.019917421567532231,0.0
Willie Snead,WR,NO,9.380216539554862,6500.0,0.37902903394163173,0.25193461931887934,0.17304730518945372,0.09225951412236727,0.055123019441844806,0.023465895886098181,0.025140612099725131,0.0
Jordan Matthews,WR,PHI,9.3161984240000617,5800.0,0.34785991696911378,0.27803234170798224,0.18589391837074909,0.096608773204822251,0.057166250043410145,0.019282674342053181,0.015156125361870457,0.0
Allen Hurns,WR,JAC,9.12537768350745,5900.0,0.36949820561961,0.27415789730182161,0.16995862537904197,0.095295487242992374,0.052252995742249439,0.024224788466160031,0.014612000248124538,0.0
Dontrelle Inman,WR,SD,9.090868254357181,5500.0,0.37160355769081521,0.26899507800407163,0.18061066342674276,0.092595273418474983,0.048109104673567979,0.019884060697962436,0.018202262088364621,0.0
Mike Wallace,WR,BAL,9.0214870427389897,6600.0,0.38312052442684136,0.26385075771277217,0.17401745538173105,0.090383282077319937,0.050632823925327447,0.018825279303842712,0.019169877172166127,0.0
Stefon Diggs,WR,MIN,9.0122242006271396,6500.0,0.38002307731862661,0.27755129677105583,0.17087337480820694,0.084398865308995638,0.040879194107047642,0.022899216384437281,0.023374975301629863,0.0
Rishard Matthews,WR,TEN,8.808346098786167,5400.0,0.37697827433073933,0.28258083354591962,0.17205002209875903,0.091763539179616854,0.044037826424077657,0.018856906638094296,0.013732597782794228,0.0
Randall Cobb,WR,GB,8.7531951960762377,6900.0,0.42535552188092468,0.22536188286015874,0.17035029126783541,0.093585338964564835,0.050149948986397998,0.017039895520428193,0.018157120519690782,0.0
Sterling Shepard,WR,NYG,8.6888605860853758,5600.0,0.43026464552084015,0.2332950615546244,0.17055514326348825,0.075811142563015993,0.042995797869124171,0.028038806678645795,0.019039402550261576,0.0
Terrance Williams,WR,DAL,8.4758865234083682,5500.0,0.42127806798947859,0.25241014446981858,0.1643947419568659,0.084446228411247187,0.048632357016618118,0.014226952010604473,0.014611508145367179,0.0
Seth Roberts,WR,OAK,8.2013966567129426,5400.0,0.43168262678915015,0.24943714182899893,0.17444091755327198,0.0824960245546809,0.032624565300717688,0.017731790857021184,0.011586933116157961,0.0
DeVante Parker,WR,MIA,8.1833619054620321,5900.0,0.4468717796713485,0.24799890151910237,0.14824153161563824,0.08510809301159783,0.04325189704780915,0.014381421505517971,0.014146375628985809,0.0
Kenny Britt,WR,LARM,8.1472073118700372,6000.0,0.43957306383000949,0.26341456688680892,0.14529714690957488,0.085462711644421915,0.035337577017999146,0.015501940306615383,0.015412993404570637,0.0
Adam Thielen,WR,MIN,8.1424593665189455,5400.0,0.43286065181710104,0.25545338421587099,0.16436316199347265,0.088155643101314365,0.03523805580101326,0.011097438246673391,0.012831664824555283,0.0
Robert Woods,WR,BUF,7.9042716298223592,5400.0,0.44743136795642613,0.26058037679815804,0.15508834601219704,0.076530775650281296,0.036457963823981206,0.013833019025376399,0.010078150733579863,0.0
Tavon Austin,WR,LARM,7.7549215514791578,5600.0,0.4868981245064683,0.24059123779788244,0.1330075220140482,0.076510334722349624,0.030612271966610888,0.012050248010536906,0.020330260982103946,0.0
Phillip Dorsett,WR,IND,7.7189741397844784,5000.0,0.4706091663976657,0.25311149801683958,0.14510054252414722,0.069248044429759459,0.035044405319888401,0.014800494135412063,0.012085849176287576,0.0
Cordarrelle Patterson,WR,MIN,7.5399749420235826,5400.0,0.47086851600480489,0.26206071984651269,0.14501146806580725,0.074058792457153522,0.023000884914197113,0.013844070817716186,0.011155547893809072,0.0
Victor Cruz,WR,NYG,7.4254789348253381,5200.0,0.52322387632671363,0.20985005840987575,0.14251084257969424,0.062733181443367037,0.030997841465928679,0.014276110221164746,0.01640808955325599,0.0
Ted Ginn Jr.,WR,CAR,7.3845561633045147,5500.0,0.54340302943546492,0.20183308451991888,0.12721777950854907,0.058624766289275078,0.032096096986004428,0.01532011925538658,0.02150512400540151,0.0
Sammie Coates,WR,PIT,7.3752750729743326,5500.0,0.53438453553729959,0.19665627054925491,0.13722149898898536,0.069561469425854797,0.036269241982529531,0.012134015329693108,0.013772968186383475,0.0
Dez Bryant,WR,DAL,7.0947107980384096,7800.0,0.5548627978296814,0.20463778724514173,0.11448734827785119,0.066769386726496391,0.030645671513873828,0.01562781671557208,0.012969191691383527,0.0
Kenny Stills,WR,MIA,7.0294872610769827,6000.0,0.52555478704722947,0.23299108039930944,0.13814560862606334,0.055403080227706084,0.026546856080556985,0.0097415533105083413,0.01161703430862656,0.0
Jeremy Kerley,WR,SF,6.9446112906290001,5300.0,0.54611326256613224,0.22662419161614936,0.11545476850557823,0.064377209923834083,0.022959702441536167,0.0084283547954353989,0.016042510151333903,0.0
Torrey Smith,WR,SF,6.9304736351529597,5300.0,0.56258068675114759,0.21282344849211079,0.11195552402620429,0.05865451552297047,0.025033465012827751,0.0099516782666360954,0.01900068192810302,0.0
Brice Butler,WR,DAL,6.9301753820221803,5300.0,0.55607126265634632,0.20961564549245323,0.11897972581432276,0.060856381928417025,0.03222989357741108,0.011756552842255753,0.010490537688794285,0.0
Tyler Lockett,WR,SEA,6.8791840901112229,5100.0,0.56150331113073793,0.21103604421978986,0.11376756046265832,0.064514095933937435,0.023751460241472584,0.011040938643126472,0.014386589368277367,0.0
Nelson Agholor,WR,PHI,6.8703793727878546,5200.0,0.54489465749090282,0.22924343948294601,0.12069551667068895,0.056427848672584748,0.025776599796598174,0.012134093154475504,0.010827844731803503,0.0
Marquise Goodwin,WR,BUF,6.6992084272217243,5300.0,0.5683608104943717,0.21831206871447117,0.10788427334112859,0.057559725612669026,0.025368071540112679,0.0098254799219669453,0.012689570375280576,0.0
Adam Humphries,WR,TB,6.6013607540921591,5300.0,0.54758293428080718,0.2406066439811993,0.12526010736975221,0.050794507761241517,0.017736925378295913,0.0075391071238380177,0.010479774104866104,0.0
Kendall Wright,WR,TEN,6.4462774055498899,4900.0,0.58283462052291157,0.21394030718513138,0.11098812416758623,0.053694054587907221,0.01835211638101078,0.008261170139021827,0.01192960701643082,0.0
Kamar Aiken,WR,BAL,6.3970168510547269,5300.0,0.59587612179570293,0.20949950842294915,0.10401116383134042,0.045736827669955175,0.021061285361132564,0.0095814628680397015,0.014233630050880188,0.0
Brian Quick,WR,LARM,6.3959292568775723,4500.0,0.58451183761731551,0.23000525327069501,0.10265089922975745,0.043002404100343818,0.01280677540934067,0.0080026078097638672,0.019020222562783257,0.0
Marqise Lee,WR,JAC,6.3791437961076207,4800.0,0.5924586305615579,0.21184488513862118,0.11003887963862244,0.047271322991200744,0.016037131625514262,0.0048839039727614809,0.017465246071721771,0.0
Steve Smith,WR,BAL,6.3377613577630836,5500.0,0.61888462819895851,0.17896013194777893,0.11383964885132866,0.041662197396885314,0.020164571838847935,0.01127291941611625,0.015215902350084807,0.0
Tyreek Hill,WR,KC,6.2912711976380873,4700.0,0.58754216378484858,0.22119928511028344,0.10470298511426394,0.052801122442097441,0.015621046514810348,0.0074037666105046772,0.010729630423192115,0.0
Andrew Hawkins,WR,CLE,6.2518133553450523,4500.0,0.57541784760759551,0.25262934046752938,0.087939680046701565,0.046538363274514785,0.019256519104763416,0.0088038783182266753,0.0094143711806686913,0.0
Tajae Sharpe,WR,TEN,6.094104165312376,4700.0,0.63290204953351636,0.17850207309319779,0.10174028326050122,0.049043620425370409,0.018148364072574405,0.0071330577430640408,0.012530551871776256,0.0
Jermaine Kearse,WR,SEA,6.071708381430402,4500.0,0.61779315533145085,0.20528519551556126,0.095761504309233594,0.047116995072735722,0.01311523426521187,0.0082066006098256688,0.012721314895979902,0.0
Chris Conley,WR,KC,6.0627870949627836,4500.0,0.60872944354453562,0.21182328425306729,0.10362878634989865,0.044136794501249937,0.01399881372459311,0.0065785206237950521,0.011104357002860683,0.0
Brandon Coleman,WR,NO,6.0096983834348787,4600.0,0.62417738922398769,0.19273259570995449,0.10748725184177804,0.044525869695948975,0.012101417969293588,0.0073941965368651344,0.011581279022172054,0.0
Devin Funchess,WR,CAR,6.0066784280323393,4700.0,0.63661015237595431,0.18154513407572848,0.10264541138848617,0.044613934257682265,0.013050929707483387,0.0076797607430276445,0.013854677451638155,0.0
Dorial Green-Beckham,WR,PHI,5.9947627491334297,5000.0,0.60869023750742945,0.21456462435311383,0.10008324860299068,0.048120276502155425,0.014491335518331327,0.0062876981107143478,0.0077625794052656885,0.0
Taylor Gabriel,WR,ATL,5.9277665410160143,4600.0,0.64336123265918621,0.17547776679368432,0.1029645346144369,0.047946796941734447,0.0079015104645373171,0.011041993949630614,0.011306164576790609,0.0
Breshad Perriman,WR,BAL,5.8911976304365936,5400.0,0.62836666488174653,0.20582209653445979,0.095501960924670781,0.03593108374544466,0.01543897204119098,0.007493715912503412,0.01144550595998489,0.0
Robby Anderson,WR,NYJ,5.8851960417854219,0,0.62106386763361066,0.2214640718807602,0.084926714033909875,0.041835837867473219,0.012652684317860688,0.0051772667979121129,0.012879557468474013,0.0
Ricardo Louis,WR,CLE,5.7534804876668959,4500.0,0.64202470592258831,0.20788688334557798,0.080106718313255554,0.036545420067411502,0.012462626036331307,0.0088131252218024668,0.012160521093033479,0.0
Quinton Patton,WR,SF,5.6123917698287702,4600.0,0.67789237772581123,0.17084358838535113,0.083980430270718928,0.035834699788349675,0.0080168106850460052,0.0054706950046477494,0.017961398140075833,0.0
Walter Powell,WR,BUF,5.58911552585566,4500.0,0.66823387824510305,0.17561486195054096,0.087307089924748546,0.041283492912088972,0.011332949480993169,0.0047122946343731839,0.011515432852152068,0.0
Donte Moncrief,WR,IND,5.525171325948647,6100.0,0.68365506261449915,0.1595925889528044,0.089701448597311134,0.036612269758514233,0.012976636772469271,0.0061383558678184359,0.011323637436583218,0.0
Justin Hunter,WR,BUF,5.519613980914114,5300.0,0.68079126690569314,0.17264029152331636,0.075856543442856056,0.0393986135591292,0.014475797380048824,0.0039821861013362245,0.012855301087620053,0.0
Justin Hardy,WR,ATL,5.406824272629839,4500.0,0.70341037813971707,0.15268236285111536,0.078405826394782899,0.035497647783145028,0.0073620221629609071,0.0074944336398707822,0.015147329028408284,0.0
Darrius Heyward-Bey,WR,PIT,5.3980778626275487,5200.0,0.70160101401794339,0.15576523356790456,0.075015447847664507,0.035160132992418207,0.014751329085317405,0.0038404988220902422,0.013866343666661621,0.0
Andre Roberts,WR,DET,5.3921448553588585,4500.0,0.71148129599971444,0.14980480057459974,0.076414300639727067,0.026108629268287605,0.01361042006833941,0.0024970641874387874,0.02008348926189284,0.0
Chester Rogers,WR,IND,5.2761593057203156,4500.0,0.7045922749552036,0.16386311418045202,0.072098287234095976,0.032137081418119912,0.0087755077132538172,0.0032069179030961847,0.015326816595778928,0.0
Corey Brown,WR,CAR,5.2595704620056027,4700.0,0.70853177953623026,0.15438636042247231,0.080384938675874956,0.02819759043504667,0.010314287223422909,0.0048632331114125847,0.013321810595539165,0.0
Jordan Norwood,WR,DEN,5.2176209226351773,4500.0,0.69895593135208989,0.16796661742737293,0.078033482003731822,0.032631864237718612,0.0079255835303528657,0.0028464754394318449,0.01164004600930334,0.0
Charone Peake,WR,NYJ,5.2135138259710674,4500.0,0.69368337012040793,0.1881167474179645,0.061112997853550594,0.033021116291572436,0.0075639282254998785,0.0028140001994030528,0.013687839891602372,0.0
Jeff Janis,WR,GB,5.0770756581575638,4500.0,0.72323442387533798,0.15157710405054156,0.073443824032620467,0.028779522153911358,0.0055341719678053472,0.0032173835305447751,0.014213570389238577,0.0
Tanner McEvoy,WR,SEA,5.0270433109345207,5000.0,0.73218054806631738,0.14458242968508281,0.068998196558816116,0.02913043320697465,0.0090059006709824578,0.0035008397983577739,0.012601652013468705,0.0
Paul Richardson,WR,SEA,5.0115425346409692,4500.0,0.73036257955330497,0.14836733996261611,0.071071262132190366,0.026439027498546017,0.0065357527472256075,0.0037451323153984356,0.013478905790717661,0.0
Charles Johnson,WR,MIN,4.9559632699858147,4700.0,0.76029540329244727,0.11453975774382266,0.077823655262104205,0.019377464519533174,0.0057396775207554408,0.0030278591407792111,0.019196182520556257,0.0
Arrelious Benn,WR,JAC,4.9147034766840685,4500.0,0.74413972407693807,0.13687128042620564,0.073579323713878084,0.023865741654256437,0.0043645610943944752,0.001207067053748976,0.015972301980578432,0.0
Trevor Davis,WR,GB,4.8674243349508224,5100.0,0.751677600124391,0.13469066490287476,0.066739662111905504,0.023421954131642542,0.0056533162072008678,0.0022489771687682352,0.01556782535321643,0.0
Geronimo Allison,WR,GB,4.7565496616374014,5200.0,0.76443965038274408,0.12684607686338112,0.062375366606625605,0.023102314330283945,0.0067007400790533873,0.0025865449017588487,0.013949306836152116,0.0
Rashard Higgins,WR,CLE,4.6963822962778528,4500.0,0.7527168563854123,0.14863643297519671,0.058965418072451918,0.020021881396759259,0.0049856473184908363,0.0017856722431625932,0.012888091608525576,0.0
Jordan Taylor,WR,DEN,4.6505009908354218,4500.0,0.76243636482030686,0.14028880046567399,0.058213911557918586,0.018645998822497904,0.0048268992130864972,0.0021227880117462941,0.013465237108769543,0.0
Bennie Fowler,WR,DEN,4.6302043988571757,4700.0,0.76957846120619844,0.12814195872357764,0.059326378111285744,0.021756143095510574,0.0077651626603200564,0.0029268269484851229,0.010505069254622794,0.0
Eli Rogers,WR,PIT,4.6104705678533282,4800.0,0.79276691975148383,0.10912180607670269,0.054186648405626606,0.018015825947564082,0.0044308350521766607,0.0045190522337262996,0.016958912532719885,0.0
Roger Lewis,WR,NYG,4.5686888750862851,4500.0,0.80567597437724425,0.098958687695555769,0.052087219101305177,0.015224947653723982,0.0053687695331527015,0.0026625884188784914,0.020021813220140783,0.0
Andre Holmes,WR,OAK,4.5567440639572876,4500.0,0.78546333204542718,0.11235841785266804,0.059975083810563941,0.020837561901444215,0.0075039231563850351,0.0023927193533589417,0.011468961880152921,0.0
Rod Streater,WR,SF,4.5273713998505292,4500.0,0.80265461604645816,0.10955338747762247,0.046664370999351668,0.01630608837709753,0.001797035379453682,0.0021156782236164502,0.020908823496398644,0.0
Aaron Burbridge,WR,SF,4.5165776257050583,4500.0,0.82210969781784538,0.088474424045569849,0.045263201818830756,0.015137369750747387,0.0030305347723762789,0.0014137116993756368,0.024571060095254608,0.0
Aldrick Robinson,WR,ATL,4.5125743356681598,4500.0,0.79690684120816446,0.099054913090851182,0.062171031691507284,0.021868353038362123,0.0045125350620716905,0.0034656180749257619,0.012020707834117558,0.0
Cobi Hamilton,WR,PIT,4.5070352855544087,4500.0,0.79106480651562117,0.12064641972831006,0.047676350994240238,0.017264203198227707,0.0057251677092850176,0.0025567880605224373,0.015066263793793231,0.0
Corey Coleman,WR,CLE,4.5006282650780403,5600.0,0.82223957764624755,0.08365487827594989,0.050245908349889651,0.015131368280226171,0.0049113676358795936,0.0025803107473673817,0.021236589064437865,0.0
Chris Moore,WR,BAL,4.4982251019686483,4500.0,0.82154128169940066,0.091892389261289759,0.04223261547156925,0.015989384804630226,0.0027762629014843692,0.001318822620722784,0.024249243240901552,0.0
Bradley Marquez,WR,LARM,4.4810622226756038,4500.0,0.81900623404948414,0.098146600225702013,0.044434275408085401,0.01023719724463245,0.0012956195439763521,0.00094483623288455691,0.025935237295234309,0.0
Jalin Marshall,WR,NYJ,4.478159073295469,4500.0,0.80323954945191667,0.10926776061928466,0.050457995957448508,0.012943411698464391,0.0030845985925823031,0.0015093408418551785,0.019497342838448284,0.0
Albert Wilson,WR,KC,4.4706143174332542,4500.0,0.78602284016168888,0.11797430594551069,0.059795129439692951,0.017578490224470493,0.0055554242844679663,0.0022524225244174596,0.010821387419751347,0.0
Devin Hester,WR,BAL,4.4240108794486872,4500.0,0.84168495181753067,0.070610442846197774,0.040895883078999898,0.018347220868532983,0.0027152941438689728,0.00056881292478564067,0.025177394320082692,0.0
Bryan Walters,WR,JAC,4.4075288718252681,4500.0,0.80173458873818748,0.10874294407693545,0.050857145967789529,0.019166856465888914,0.0031670591512259934,0.0035162693665631755,0.012815136233408174,0.0
Mike Thomas,WR,LARM,4.340798026458363,4500.0,0.84714731155843048,0.075348847935339497,0.040779976144159555,0.0071975203413580718,0.00066522021588170596,0.00039996103398909556,0.028461162770841184,0.0
Lucky Whitehead,WR,DAL,4.2861996311192536,4500.0,0.82609274579457825,0.096662891367360976,0.039509233198787658,0.013881792724575653,0.0040307121508122504,0.0033711461888755851,0.016451478575009323,0.0
Dwayne Harris,WR,NYG,4.2529167379894357,4500.0,0.85974193733797577,0.066080152837951336,0.036307992397705775,0.008734107500992877,0.00094258937306823762,0.00089426908047495076,0.027298951471830497,0.0
Pharoh Cooper,WR,LARM,4.1345812881952799,4500.0,0.86917678304491486,0.062392241896652663,0.033035307481205117,0.0082377466511912561,0.0008522724001836197,0.00043709612823275123,0.025868552397618722,0.0
Jeremy Butler,WR,SD,4.1242081776240509,0.0,0.87812319444969478,0.053932229229470427,0.031368816777286881,0.0076644084729554328,0.00083141493714676638,0.00044446486271400954,0.027635471270729767,0.0
Jake Lampman,WR,NO,4.0949837731719345,4500.0,0.87919922794465044,0.054291334630112029,0.030688886074541916,0.0076461390707302538,0.00083205642967419116,0.00044287206838232278,0.026899483781906621,0.0
Bryce Treggs,WR,PHI,4.0903872885815993,4500.0,0.88143185854734829,0.051965150469559206,0.0304556039636436,0.0077322315042822097,0.00081715541801503932,0.00043414499793714299,0.027163855099212573,0.0
Isaiah Burse,WR,SD,4.0800643939084589,4500.0,0.88019255992176348,0.05377477429252589,0.030520488499879771,0.0076804986664332116,0.00083213384440772959,0.00044662994996320899,0.026552914825024719,0.0
Demarcus Robinson,WR,KC,4.077329694047239,4500.0,0.88088902886783293,0.052890489674893529,0.030689058672932146,0.0077317447043264084,0.0008067859837636198,0.00045256325664306873,0.026540328839606438,0.0
Freddie Martino,WR,TB,4.075859106924713,4500.0,0.88122537862563743,0.052712276880177183,0.030508296123255178,0.0076884102829060498,0.00082684270271962202,0.00045454627053861458,0.026584249114764043,0.0
Harry Douglas,WR,TEN,4.0553009940093245,4500.0,0.87447879403333562,0.057623316082010517,0.034577652465079989,0.0079418529006339295,0.0012930863244404031,0.00084717631613594939,0.023238121878361866,0.0
Griff Whalen,WR,SD,4.0342252065298787,4500.0,0.85238735371560581,0.074030957956348759,0.044828544844826242,0.010628600188560886,0.00158649346675272,0.0017147364360706066,0.014823313391835067,0.0
De'Anthony Thomas,WR,KC,4.0222334882130841,4500.0,0.84545747028350227,0.084082877296758105,0.039542708873735177,0.014819054102276411,0.0023607230744770308,0.0012754889376533284,0.012461677431597613,0.0
Leonte Carroo,WR,MIA,3.9945461111176952,4500.0,0.87566943892961968,0.057765832554259093,0.036386698359700778,0.0066689887503595833,0.0014633924464139058,0.00052484088303805874,0.021520808076608309,0.0
Jakeem Grant,WR,MIA,3.9880453793379074,4500.0,0.86656733806728337,0.065941044551853373,0.038704406024195073,0.0075891419419813495,0.0020489531490625107,0.00078218325427401318,0.018366933011349871,0.0
Laquon Treadwell,WR,MIN,3.9422745344544006,4500.0,0.87626302017170299,0.061705961181050484,0.032470983319196997,0.0076742730674091379,0.0010704739325043172,0.00053140666245583791,0.020283881665678839,0.0
Devin Street,WR,IND,3.9138399990196082,4500.0,0.85987152708155179,0.073913064967696979,0.03774081844592829,0.013113478112504112,0.0017387376923721362,0.00097834414151930639,0.012644029558426331,0.0
Cecil Shorts,WR,TB,3.8102639326026893,4500.0,0.88200887918666748,0.060004643792079843,0.033052003089543369,0.0067137603573411107,0.00079966404602409302,0.00042174842731740108,0.016999301101025419,0.0
Brenton Bersin,WR,CAR,3.7985578063859369,4500.0,0.89116130258804938,0.054497884845054745,0.026967589236234334,0.006753874861929173,0.00091117530157657921,0.00048730227929149955,0.019220870887863534,0.0
Eric Weems,WR,ATL,3.7037215195572943,4500.0,0.8931618528373183,0.052466208401967293,0.029015008843966718,0.008755110098306769,0.0012092461642055851,0.00060397725513835034,0.014788596399096035,0.0
Marc Mariani,WR,TEN,3.6590706489118809,4500.0,0.89770119026308226,0.051736364355566132,0.027513684213159539,0.0060249021697062312,0.0011662146882104978,0.00050923751883486207,0.015348406791439477,0.0
