name,pos,team,expectation,salary,prob_0_5,prob_5_10,prob_10_15,prob_15_20,prob_20_25,prob_25_30,prob_30+,label
DeMarco Murray,RB,TEN,14.828067505571779,8100.0,0.083779057980673644,0.20902721143014039,0.25876742197067215,0.210408240440279,0.12976223806680501,0.076590082379655047,0.03166574773177519,2.0
Melvin Gordon,RB,SD,13.587823402413521,7800.0,0.10918479622250866,0.24895333530352179,0.24845388520764194,0.23453143027401885,0.076840006362702121,0.04832552973427412,0.033711016895332686,1.0
Devonta Freeman,RB,ATL,13.573998409527896,7600.0,0.12550242322820152,0.25164552605784152,0.24267888193783343,0.1870721423064183,0.098576255377495287,0.061424045704355751,0.033100725387854663,1.0
Matt Forte,RB,NYJ,13.563548745174744,7500.0,0.10107284919503397,0.25867247508452623,0.22299565914653668,0.2632124864810742,0.087339926980150639,0.043029421292591075,0.023677181820087521,3.0
Ezekiel Elliott,RB,DAL,13.097996801468657,9200.0,0.14161429685171661,0.24281375420985063,0.27703134559994208,0.15723286487470234,0.099192714238338503,0.052996129439260395,0.029118894786189713,2.0
Christine Michael,RB,GB,12.782200523242524,7500.0,0.15503846341060817,0.26692926930112099,0.21608412729496659,0.19756663698823626,0.089523363904741651,0.053352459985563649,0.021505679114762651,1.0
Latavius Murray,RB,OAK,12.02627319087981,6000.0,0.19359460741447285,0.26654572881483141,0.23069446548657357,0.16356297670363737,0.087261590029690181,0.027752944614571031,0.030587686936223907,1.0
Devontae Booker,RB,DEN,11.871533436432202,7000.0,0.15927485139455336,0.3131804375151675,0.24339703250267511,0.16061660782084106,0.066069763177917643,0.030196793823844922,0.027264513765000588,1.0
Mike Gillislee,RB,BUF,10.990864530490201,5900.0,0.27030630336032807,0.21717142568600925,0.26405250642202516,0.14376253445346332,0.04888929969355172,0.024509921377776703,0.03130800900684616,0.0
Frank Gore,RB,IND,10.947312851601771,6300.0,0.22215371562165012,0.30849485053002407,0.23621899970790075,0.1192253587251048,0.062275149174924133,0.022569648708703989,0.029062277531691976,1.0
Tim Hightower,RB,NO,10.518309446950484,6100.0,0.30070526193794617,0.24773405118148067,0.19684435568522735,0.138330885604598,0.072977100185230848,0.01787745056827969,0.025530894837237729,0.0
Matt Asiata,RB,MIN,10.223260984415173,6000.0,0.24978964248169724,0.33248267918860774,0.219924638313587,0.099275851961760198,0.056545061766349998,0.016380921836944524,0.025601204451053763,1.0
Theo Riddick,RB,DET,10.214006870121819,6600.0,0.26173404315757798,0.24888489195149496,0.33437026108633278,0.078400048326334432,0.031772618579658955,0.019041699492228142,0.025796437406372854,2.0
Isaiah Crowell,RB,CLE,10.203323978422841,6000.0,0.27031313593649448,0.31285013281374996,0.21892828487322247,0.093187155810939115,0.058981940734810674,0.015224607431852336,0.030514742398931004,1.0
Jonathan Stewart,RB,CAR,9.6665265102329307,6400.0,0.31266003604485182,0.24104088986426878,0.29470135880375625,0.081348795551397332,0.029710040952338961,0.015685045320506141,0.024853833462880909,0.0
Mark Ingram,RB,NO,9.0412873267547837,6700.0,0.37550054784818726,0.24531053625718835,0.20949230096171545,0.095844237806099949,0.032984906540339802,0.02743238081425026,0.01343508977221949,0.0
Le'Veon Bell,RB,PIT,8.8719923491157164,8700.0,0.446612672145693,0.20423668255044114,0.15975198325418752,0.10448460525022635,0.038971049655564763,0.011539826695919016,0.034403180447968286,0.0
Jay Ajayi,RB,MIA,8.4220851745056997,7100.0,0.46686973390106706,0.23788279335192411,0.12538800644468892,0.091659537718239453,0.025141834581075963,0.016443555892475793,0.036614538110528762,0.0
Charcandrick West,RB,KC,8.3848924876511362,5600.0,0.42821413212127551,0.25190216232413215,0.17340411683385198,0.082144017730404667,0.026992329866223481,0.012576225616297849,0.024767015507814415,0.0
Todd Gurley,RB,LARM,8.1888568099162136,7600.0,0.51820640892466285,0.18470041627133121,0.12804546152075594,0.089503279151785534,0.029896710121308685,0.0092179075574692054,0.040429816452686507,0.0
Ryan Mathews,RB,PHI,7.8969294902140685,5300.0,0.43067564723263002,0.30799596120710271,0.13721204950328827,0.058958080127228613,0.034253161311277265,0.011869467878492556,0.019035632739981,0.0
Duke Johnson,RB,CLE,7.7329536632596838,5200.0,0.49166816155732579,0.22805682182242518,0.12155656713537635,0.098026182985587296,0.043455712991861975,0.0030121481091352821,0.014224405398288108,0.0
Darren Sproles,RB,PHI,7.6792198250966059,4800.0,0.49272791394782844,0.23418011872511707,0.12853124328409868,0.093464570318889231,0.024958813447165024,0.0036802112127908501,0.02245712906411141,0.0
Bilal Powell,RB,NYJ,7.6732919172166838,5400.0,0.50016935278008556,0.23883507859375708,0.13692088822894077,0.065997474071003773,0.017646401296731767,0.0062644877999109248,0.034166317229569997,0.0
LeSean McCoy,RB,BUF,7.4834803765592621,7400.0,0.52957729770519923,0.21271354411862009,0.1538181153520585,0.040516006217020617,0.017959689237648416,0.0081601553426581472,0.037255192026795204,0.0
Ty Montgomery,RB,GB,7.3918016595708416,6500.0,0.51950025414566203,0.23478310864876079,0.12123200296384518,0.048940743345784771,0.045847442786838784,0.014750464370799217,0.014945983738309476,0.0
T.J. Yeldon,RB,JAC,7.3703325640244364,5600.0,0.48909789693505779,0.26316005635182854,0.14794438178395777,0.043339315565302114,0.027573342204295147,0.0086974461100489363,0.020187561049509493,0.0
Jerick McKinnon,RB,MIN,6.9793312377749377,6200.0,0.59262227453860417,0.19616047136129225,0.10571242953780133,0.038495687639992962,0.018358002898478949,0.011247019033800229,0.037404114990030241,0.0
Terrance West,RB,BAL,6.6024837108686816,6400.0,0.61912213517296766,0.18614913541934763,0.11056374340107387,0.026098564733482318,0.01406752998443145,0.0048923250416432734,0.039106566247054067,0.0
DeAndre Washington,RB,OAK,6.5422610349979591,5200.0,0.59625766932657909,0.2101367129859435,0.10075354166342979,0.03886569472093316,0.024476498876702845,0.0063392698363326245,0.02317061259007918,0.0
Terron Ward,RB,ATL,6.1844191812622737,5100.0,0.66385178057907335,0.15337264391487027,0.098146625588954248,0.037349742543676408,0.010221197963865938,0.0043954263259710948,0.032662583083588839,0.0
Antone Smith,RB,TB,5.9371201808883454,5400.0,0.61609229250570707,0.24201734722277249,0.06834741038696926,0.038930015721825362,0.010806230876750178,0.0040311159002427363,0.019775587385733401,0.0
Jamize Olawale,RB,OAK,5.6811845647093238,4500.0,0.64322705916550749,0.22996471092062953,0.058366373608704641,0.030181663182258872,0.019507824411818284,0.0006181526748343869,0.018134216036246806,0.0
C.J. Prosise,RB,SEA,5.6186535037342695,4700.0,0.67866208080368473,0.1742645541890929,0.07092419161824437,0.043654453625708453,0.01340029134797396,0.00070703176477939921,0.018387396650516016,0.0
Peyton Barber,RB,TB,5.6015536065481371,5300.0,0.67025389188980333,0.19071489668213432,0.066021156126457217,0.040005562845485253,0.011361883539815265,0.0057251121847455627,0.015917496731559063,0.0
Chris Ivory,RB,JAC,5.5033878145763557,5000.0,0.69881794832768396,0.15720665394093292,0.071399168322764703,0.040163478046271468,0.011109691037946684,0.0018176787135940052,0.019485381610805846,0.0
Zach Zenner,RB,DET,5.4741853640296769,5100.0,0.69340719990203015,0.16693090967246127,0.075211432347397494,0.028393096580600952,0.015267751225725849,0.0025996419817480368,0.018189968290035798,0.0
Reggie Bush,RB,BUF,5.456283974651992,5200.0,0.64687299023651001,0.2258930662870311,0.06684477693064339,0.034565529932598441,0.014673582505644175,0.0021280644916778393,0.0090219896158952907,0.0
Wendell Smallwood,RB,PHI,5.3852387334105165,4800.0,0.65205565686501987,0.22340146692667101,0.084935613750227554,0.014018325825637369,0.0091638255956296363,0.0011322995624976615,0.015292811474316628,0.0
Rashad Jennings,RB,NYG,5.3565044736381378,5400.0,0.73067508674299897,0.12365380704112629,0.06837774158742739,0.043625141789357544,0.014311872841720209,0.0020317248041387204,0.017324625193230678,0.0
Aaron Ripkowski,RB,GB,5.3519710731956147,4500.0,0.72740908010673233,0.14460160458427254,0.06533582792444069,0.026188069636999555,0.0069754290268297034,0.0020199316647086297,0.027470057056016663,0.0
Ronnie Hillman,RB,MIN,5.1661416872968013,4500.0,0.74926269966875558,0.091663546486215552,0.1196873230938109,0.011746426991214733,0.0048880866304330311,0.00032596270137176243,0.022425954428198128,0.0
Knile Davis,RB,KC,5.0498352382441993,5500.0,0.72995229164135578,0.15875117567019437,0.058361539283990058,0.0226635658662942,0.010610135641432242,0.0024912293884738865,0.017170062508259136,0.0
Don Jackson,RB,GB,5.0321955731264545,5500.0,0.75118082479430659,0.13973971494993143,0.049352626462048958,0.027246730542663772,0.0073239906214466388,0.004371159636620452,0.0207849529929818,0.0
Jalen Richard,RB,OAK,5.0014242392650976,5000.0,0.7540621864270981,0.13084214494570745,0.060401392023520323,0.02395747117516718,0.0076878379610779623,0.002534756698552501,0.020514210768876242,0.0
Robert Turbin,RB,IND,4.9186736809069531,4500.0,0.73723635012923472,0.1677029555612162,0.047680568249110857,0.021914014149592702,0.0038089885396662736,0.00071910293210415916,0.020938020439075184,0.0
Kenneth Farrow,RB,SD,4.7502616642017177,4500.0,0.78973787989435973,0.11507326055901948,0.046809908695496408,0.017264649587269667,0.0037900175139470708,0.0021350722011054652,0.025189211548801129,0.0
Alfred Morris,RB,DAL,4.6314010292730545,4600.0,0.78660492513391522,0.14475850106203439,0.026071652957776782,0.0096937530248214256,0.0051862328818386557,0.00026657922151845416,0.027418355718094208,0.0
Damien Williams,RB,MIA,4.273814195062803,4500.0,0.83601678937797264,0.087502507528939941,0.037100131453779779,0.013907457501037685,0.0052000057857657777,0.00082502090759445921,0.019448087444909643,0.0
Jonathan Williams,RB,BUF,4.2158284931638974,4500.0,0.83123489067337131,0.10749477978198231,0.027122090512554101,0.0085823720195160463,0.0039536735502608842,0.00040955329263382386,0.021202640169681285,0.0
Shaun Draughn,RB,SF,4.1989660384630971,4700.0,0.83143602107712522,0.091059695107074151,0.038307165558868476,0.014694973912155664,0.012160568055770354,0.00055217224685144897,0.011789404042154282,0.0
Kenjon Barner,RB,PHI,4.1914738007996384,4600.0,0.8435967288324796,0.090823931555391493,0.02984435529598959,0.010782163587643638,0.0024782945838899137,0.00037464735057859413,0.02209987879402673,0.0
DuJuan Harris,RB,SF,4.1448739098463179,4500.0,0.84619646109971214,0.075441760712235253,0.042107298147567404,0.014312914057835267,0.0058329624919238668,0.0011053932460189002,0.015003210244707344,0.0
Fozzy Whittaker,RB,CAR,4.1236662573133653,4700.0,0.83244671793707226,0.11405087908036682,0.021624680951534001,0.008414890975249098,0.0040175068490666075,0.00018419812426827861,0.019261126082443531,0.0
John Kuhn,RB,NO,4.102184711854262,4500.0,0.83176406221908727,0.10636847308144726,0.024208813159780043,0.021149695165031977,0.0018684326699934587,0.00029025152368066296,0.014350272180980251,0.0
Paul Perkins,RB,NYG,4.0787936861179501,4500.0,0.84897359785801785,0.080758819042236737,0.037203345191495214,0.012301040407950067,0.0038254694609889247,0.0011380023499783403,0.015799725689333091,0.0
Mike Davis,RB,SF,4.0765555624714027,4900.0,0.85238186822762396,0.078139844645737921,0.03445471196954427,0.01261312617887192,0.0056334189853852294,0.00077460368142520577,0.016002426311411019,0.0
Benny Cunningham,RB,LARM,4.0068318584680629,4500.0,0.86961297769005952,0.069884426857129617,0.024516240802489785,0.013035066872461762,0.002052993529456123,0.00047108274555500288,0.02042721150284894,0.0
Travaris Cadet,RB,NO,3.9677603492129716,4500.0,0.83904652192680762,0.11008676208695461,0.019813191925898397,0.015260032364270799,0.001655380753854093,0.00030694488585508478,0.013831166056359766,0.0
Juwan Thompson,RB,DEN,3.9355283387182776,4500.0,0.86226273319646507,0.075730741263210527,0.036652243234976803,0.0051902428417394684,0.0031421109015443266,0.00047417851621378424,0.016547750045850244,0.0
Jerome Felton,RB,BUF,3.8832299365356984,4500.0,0.86801273681655566,0.084216579664551566,0.019992883283873969,0.0072978325470653147,0.00092513686510467628,0.00017120291686052521,0.019383627905988139,0.0
Derek Watt,RB,SD,3.8078489748680981,4500.0,0.86808268601814997,0.086592207641272859,0.020004880129436714,0.0073394331466038899,0.0014839940170957597,0.0001437614953922076,0.016353037552048841,0.0
Kapri Bibbs,RB,DEN,3.7530335497722382,4500.0,0.89217141966271918,0.066281136096376966,0.013388646230363118,0.0061741643673252087,0.0013990273555676629,0.00025117466441027669,0.02033443162323792,0.0
Andy Janovich,RB,DEN,3.7376966518645975,4500.0,0.87645483842377603,0.072403456040039921,0.026638387018528727,0.0087620786491298796,0.0024228597645695885,0.00045869692370770421,0.01285968318024853,0.0
Mike Tolbert,RB,CAR,3.6729695145609882,4500.0,0.88705652621107844,0.078679087633982417,0.011111602450438202,0.0040813553006823567,0.00081861133584627496,0.00031347453994132819,0.017939342528030783,0.0
Bobby Rainey,RB,NYG,3.6601420366685673,4600.0,0.89074753817843044,0.061536467776897669,0.024895615898331568,0.0061685280967605765,0.0022774641045665484,0.00023216106065919871,0.014142224884355107,0.0
Kenneth Dixon,RB,BAL,3.6553303276536129,4900.0,0.89013923324655819,0.064657541349038686,0.019211712895582534,0.01035401198932435,0.0016872403468545722,0.00033506005802835207,0.013615200114613198,0.0
Zach Line,RB,MIN,3.6145738441013826,4500.0,0.90309719352130902,0.049774981616594133,0.022824351644053956,0.0056906631205074195,0.0040445261973617455,0.00030190372435447675,0.014266380175820359,0.0
Alex Collins,RB,SEA,3.573345984043256,4500.0,0.89981353090025484,0.058115435671550829,0.020490030271251708,0.0053424617397298448,0.0022103171711763915,0.00031894060569615765,0.013709283640341586,0.0
Javorius Allen,RB,BAL,3.5430527426002247,4700.0,0.90012440646107617,0.060197145887352123,0.018298224905599521,0.006743223476971618,0.001224116168103464,0.00032861495844518918,0.013084268142452163,0.0
Lorenzo Taliaferro,RB,BAL,3.5363532554144625,4500.0,0.90395038796021421,0.056160229463356658,0.017046094402416667,0.0075054795715318529,0.0018993051616165407,0.00029713260798828718,0.013141370832876725,0.0
Lance Dunbar,RB,DAL,3.4526356716411954,4500.0,0.91874902758509225,0.048624034923943911,0.012126433133201811,0.0022784214270560139,0.0026713868458068911,0.00063340205223666349,0.014917294032663408,0.0
DeAngelo Williams,RB,PIT,3.4477927785717606,4900.0,0.91212836939367004,0.051414673028317419,0.015557809402342245,0.007432049562809127,0.00088150744875208846,0.00040017144586103061,0.012185419718247629,0.0
Mike James,RB,TB,3.4409512934903432,0.0,0.91379227974356581,0.055097348077217286,0.013061127883989708,0.0024602057588461925,0.00044175267834293652,0.0004228874761917985,0.014724398381846521,0.0
Patrick DiMarco,RB,ATL,3.4034178979108884,4500.0,0.92410936542859889,0.04362738786956176,0.013016858733546334,0.0030887449255572333,0.00092406370793657008,0.00063885402606036513,0.014594725308738987,0.0
Stevan Ridley,RB,ATL,3.3956548949901784,4500.0,0.92658948006122066,0.041683613634879768,0.012801629870084765,0.0024110332860654339,0.00069109261317044392,0.00066922877510645472,0.015153921759473173,0.0
C.J. Spiller,RB,NYJ,3.3907655718656899,4600.0,0.92868032086230445,0.039767776409270275,0.012451361913955671,0.002400529092271004,0.00055119229914620698,0.00059404572485740898,0.015554773698195551,0.0
Taiwan Jones,RB,OAK,3.3703211778914812,4500.0,0.93050020727574212,0.038045633267599972,0.012856158421776674,0.0023487630303660658,0.00056948902750271306,0.00062421872303262569,0.015055530253980102,0.0
Anthony Sherman,RB,KC,3.3685367610097554,4500.0,0.92683721686595433,0.042037520852770634,0.013282550401338676,0.0022808239165504791,0.00070493526241689319,0.0007517832060742821,0.014105169494894289,0.0
Will Tukuafu,RB,SEA,3.3630810523442478,4500.0,0.92965064521409557,0.039644432382896909,0.012479011733713127,0.0023132950512912732,0.0005785607527687179,0.00060782011363407569,0.014726234751601073,0.0
Orleans Darkwa,RB,NYG,3.3436287058594543,4600.0,0.92055409373596431,0.049086401021569505,0.013827889928667363,0.0035575779282497068,0.00098283144973909729,0.00037555858232379011,0.011615647353486466,0.0
Kenyan Drake,RB,MIA,3.338663705902964,4500.0,0.92603224384040672,0.044299656981926158,0.012933520700746279,0.002439718807584145,0.00069368860058301499,0.00062365331654403561,0.012977517752210607,0.0
Jordan Todman,RB,IND,3.3075373210187688,4500.0,0.93266541969613215,0.038974568707779197,0.011307081407893927,0.0024305650235777699,0.00057150258351506232,0.00065971966784634454,0.013391142913255594,0.0
Josh Ferguson,RB,IND,3.3075373210187688,4500.0,0.93266541969613215,0.038974568707779197,0.011307081407893927,0.0024305650235777699,0.00057150258351506232,0.00065971966784634454,0.013391142913255594,0.0
Fitzgerald Toussaint,RB,PIT,3.3071823719416407,4500.0,0.93169962473506696,0.040365419878105262,0.011031158388541103,0.0025297512235665474,0.00047016346361019413,0.00055760320947569086,0.013346279101634115,0.0
Dwayne Washington,RB,DET,3.3053376348637293,4500.0,0.93607853076851133,0.036037112976826158,0.010191575870315057,0.002461540146342965,0.00043014862750606739,0.00044336544133718493,0.014357726169161601,0.0
Antonio Andrews,RB,TEN,3.2872316250903859,4500.0,0.93486296022271209,0.036679103215692205,0.012050173610434235,0.0021668859719613477,0.00056877832950587054,0.0006516919169343192,0.013020406732759638,0.0
Jalston Fowler,RB,TEN,3.2872316250903859,4500.0,0.93486296022271209,0.036679103215692205,0.012050173610434235,0.0021668859719613477,0.00056877832950587054,0.0006516919169343192,0.013020406732759638,0.0
Michael Burton,RB,DET,3.2625763265702084,4500.0,0.93733493375295041,0.035341295256414718,0.011083919929367376,0.0024739214274880164,0.0004267879223559145,0.00055147126483392594,0.01278767044658994,0.0
Malcolm Brown,RB,LARM,3.2471139828744802,4500.0,0.93882962061579489,0.03474125291232228,0.010372325458751384,0.002494083747349626,0.00040716591812354352,0.00045673728616970303,0.012698814061489087,0.0
Chase Reynolds,RB,LARM,3.2471139828744802,4500.0,0.93882962061579489,0.03474125291232228,0.010372325458751384,0.002494083747349626,0.00040716591812354352,0.00045673728616970303,0.012698814061489087,0.0
Kyle Juszczyk,RB,BAL,3.2431224913890757,4500.0,0.93850050482003478,0.035245377362724123,0.0099019115711237882,0.003093588760419195,0.0005256491765025142,0.00038157281613099303,0.012351395493064724,0.0
George Atkinson,RB,CLE,3.1650431001373165,4500.0,0.94759034279356602,0.028357560668984226,0.009337551060068592,0.0022542398862543346,0.00047379189491439258,0.00039617935030705282,0.011590334345905512,0.0
Denard Robinson,RB,JAC,3.1611527889992268,4500.0,0.94940054975373489,0.026745749526633167,0.0089603881265443407,0.0022461974027610846,0.00034912439792011713,0.0003386652869898802,0.011959325505416916,0.0
