name,pos,team,expectation,salary,prob_0_5,prob_5_10,prob_10_15,prob_15_20,prob_20_25,prob_25+
Dak Prescott,QB,DAL,19.908443599870679,7500,0.025004848343462373,0.051208800139135674,0.14179504534546655,0.27001667817943054,0.22303334535675018,0.28894128263575503
Marcus Mariota,QB,TEN,19.481107747608846,8000,0.023307195906782412,0.071366130186011498,0.16187236110792919,0.24225256954892521,0.23165572777863522,0.26954601547171647
Aaron Rodgers,QB,GB,17.774411690074139,9100,0.021968440412700792,0.088914888594760919,0.21606933199380374,0.32294684558673048,0.18551421838775264,0.16458627502425152
Russell Wilson,QB,SEA,17.61431509027808,7400,0.031343989261493593,0.11450225596540664,0.24222631306192238,0.2191441279687171,0.1974408166520889,0.19534249709037149
Jameis Winston,QB,TB,16.772231414963123,7500,0.036072026547799792,0.14805681095828957,0.2236899111956859,0.25755392497645468,0.18678875689525443,0.14783856942651621
Ben Roethlisberger,QB,PIT,16.632443256517959,8400,0.12667790933238565,0.10937102816813693,0.16997231500529891,0.1984353592579127,0.19585002583021111,0.19969336240605493
Tom Brady,QB,NE,16.623410286095414,9300,0.14877911180662912,0.10935436270695512,0.15073811138693219,0.17978984517377561,0.18221090841160476,0.22912766051410349
Kirk Cousins,QB,WAS,16.435818764642772,7600,0.16135918627336412,0.11122399146350295,0.14179556413701025,0.17135164271473766,0.19305437201010922,0.22121524340127621
Andy Dalton,QB,CIN,15.373705845734918,7500,0.1598617013408323,0.11333807929587253,0.20020015645234937,0.19995325047487947,0.17209103665855968,0.15455577577750693
Tyrod Taylor,QB,BUF,15.272496502506636,7300,0.21196172908634608,0.10156142274866525,0.16132357141152454,0.18065106000127348,0.13417352883516159,0.21032868791702916
Blake Bortles,QB,JAC,15.210340992805284,7200,0.067018426086266777,0.1539106948222301,0.29323459005110464,0.24505158508873837,0.13738995138789872,0.10339475256376146
Andrew Luck,QB,IND,15.08013671406156,8100,0.18871696290812723,0.11443377975380074,0.18714068460704139,0.19385138680509786,0.13352789620052924,0.18232928972540352
Matthew Stafford,QB,DET,14.932108310163144,7900,0.19188356823881036,0.13927349173928777,0.17349205989212391,0.17672180867639864,0.12314673278699928,0.19548233866638004
Eli Manning,QB,NYG,14.838388365393401,7700,0.087043384396875867,0.18663331120736021,0.24865503539588274,0.21837725602628313,0.16785254186728732,0.091438471106311092
Alex Smith,QB,KC,14.760448957079884,6700,0.14667315541487982,0.13266325117467073,0.20396800263890483,0.25854399337867168,0.15489943213688515,0.10325216525598811
Ryan Tannehill,QB,MIA,14.522204721117379,6900,0.15532672798181396,0.15815895012364267,0.20829540203045316,0.21425843733269881,0.13288653461612632,0.13107394791526505
Joe Flacco,QB,BAL,14.519641313624911,7100,0.10944620288078763,0.18984798596288696,0.23620496926781795,0.22212835373932824,0.13657716373742312,0.10579532441175642
Colin Kaepernick,QB,SF,14.313517837136189,7000,0.1321441748922319,0.19366471463299556,0.19395664760297074,0.23179669808923428,0.1564533605922408,0.091984404190326913
Nick Foles,QB,KC,14.274858394211799,6200,0.21141311512430269,0.1407893863957814,0.19069857611450933,0.17181225433819802,0.1090849629330775,0.17620170509413113
Sam Bradford,QB,MIN,14.264823221920413,6600,0.062167286566054879,0.25482910151672261,0.24746443179532748,0.21254530959441464,0.14939860214394104,0.073595268383539442
Carson Wentz,QB,PHI,14.202503606372279,6300,0.08195543398659752,0.22093676497831646,0.25882588530778344,0.23147373967581511,0.12654991360431056,0.080258262447176931
Cody Kessler,QB,CLE,13.717526358045033,6500,0.13279657643436621,0.23629138179626119,0.20137666874626356,0.19948157083720844,0.14425317112090985,0.085800631064990737
Chad Henne,QB,JAC,13.47892781606463,5500,0.30353283783794882,0.12303065837218573,0.13633838467727832,0.14800731595027319,0.089397828176205743,0.19969297498610819
Brandon Allen,QB,JAC,13.477914109963606,5000,0.31317644462556726,0.11665100993430436,0.12968565555748951,0.14952239045044594,0.083829167568864105,0.2071353318633288
Mike Glennon,QB,TB,13.405540933672809,6000,0.26991005405243768,0.16069117021081983,0.14865361637924043,0.14393764786889146,0.092740717284468061,0.18406679420414285
Jay Cutler,QB,CHI,13.3437373583774,6800,0.1669543881363961,0.19506126283762157,0.23287792526854897,0.20652675100103354,0.10454825848433921,0.094031414272060646
Carson Palmer,QB,ARI,13.320277013945793,7400,0.16197650557701154,0.22809580311228134,0.21276804130127069,0.18299185100170651,0.10939103096943356,0.1047767680382964
David Fales,QB,BAL,13.275805652436791,5000,0.32241598159753176,0.13117123213053281,0.12218554811554204,0.13429795468052963,0.072921479295166555,0.21700780418069721
Jimmy Garoppolo,QB,NE,13.218259486453345,6000,0.39016684748505737,0.09074817653881645,0.074557639826103736,0.12311386894208433,0.072620501766299084,0.24879296544163917
Colt McCoy,QB,WAS,13.20451186936657,5500,0.38928734312874719,0.10613933525670734,0.079568419339077934,0.09911603583646568,0.051166239765954996,0.27472262667304675
Charlie Whitehurst,QB,CLE,13.197041320618224,6000,0.30769615901032171,0.13763440379402858,0.1328700100688455,0.14666645007212542,0.079630395297844853,0.19550258175683394
Matt Moore,QB,MIA,13.083492147387869,5500,0.33737729552901713,0.12438091252134682,0.13133448092900335,0.12284819070321121,0.05919161859852036,0.2248675017189011
Nate Sudfeld,QB,WAS,13.081320785894659,5000,0.4026898275058618,0.10385900644743498,0.07279686239841518,0.099137886576384129,0.038184319154005442,0.28333209791789848
Tyler Bray,QB,KC,13.031949306561613,5000,0.36149792111914719,0.11059229927557299,0.10952323508805732,0.12437560967136421,0.066430411382750409,0.22758052346310809
Blaine Gabbert,QB,SF,12.899245938019542,6000,0.31889040042468281,0.13843972814672242,0.13420495225208318,0.1374060446411953,0.094512951647147209,0.17654592288816898
Jacoby Brissett,QB,NE,12.83676723664313,6000,0.37957444265762191,0.11844747313840938,0.088177247008406845,0.11418591878116281,0.068080868242081344,0.23153405017231779
Joe Callahan,QB,CLE,12.818715521100291,5000,0.33908567394101846,0.12894119836967616,0.12054871355865361,0.14949084436195195,0.064435903196279926,0.19749766657241982
Scott Tolzien,QB,IND,12.773546684955067,5000,0.37227356994254962,0.10821221782459542,0.10344141497676125,0.13665078847471904,0.067448120118134697,0.21197388866323988
Brandon Doughty,QB,MIA,12.77232149869478,5000,0.35946168486166646,0.12212610667936449,0.12090729414575285,0.12367368458713422,0.049653597623726731,0.2241776321023552
Brian Hoyer,QB,CHI,12.75400192088658,6000,0.35065322354000805,0.13046842217994639,0.13333929267574471,0.10247676380969775,0.069088403756228753,0.21397389403837433
Matt Barkley,QB,CHI,12.75400192088658,6000,0.35065322354000805,0.13046842217994639,0.13333929267574471,0.10247676380969775,0.069088403756228753,0.21397389403837433
Christian Ponder,QB,SF,12.74620020064407,5200,0.3310422185906402,0.12885128466042334,0.14193934529541008,0.13523226972066918,0.083861152948723094,0.17907372878413408
EJ Manuel,QB,BUF,12.732794170228527,5000,0.37871122238006727,0.11872225955251317,0.10337454854598271,0.10947420176110691,0.055923966683743616,0.23379380107658634
Cardale Jones,QB,BUF,12.732794170228527,5000,0.37871122238006727,0.11872225955251317,0.10337454854598271,0.10947420176110691,0.055923966683743616,0.23379380107658634
Matt Cassel,QB,TEN,12.72266996228247,6000,0.41245800529986015,0.10435624606898312,0.066719910571524099,0.10683847417243203,0.061914316708836493,0.24771304717836412
Case Keenum,QB,LARM,12.707565825090455,6400,0.16116988577169425,0.25019247497575464,0.21552176858305788,0.19643891817595341,0.11242436411933941,0.064252588374200517
Ryan Nassib,QB,NYG,12.682345088082362,5000,0.35667154791973638,0.10615692861406079,0.13472052128993497,0.13830489411426278,0.074774176230271647,0.1893719318317334
Logan Thomas,QB,NYG,12.682345088082362,5000,0.35667154791973638,0.10615692861406079,0.13472052128993497,0.13830489411426278,0.074774176230271647,0.1893719318317334
Josh Johnson,QB,NYG,12.682345088082362,5000,0.35667154791973638,0.10615692861406079,0.13472052128993497,0.13830489411426278,0.074774176230271647,0.1893719318317334
Tony Romo,QB,DAL,12.667216666847304,6500,0.40624318191306663,0.097090992265948223,0.1018049876633791,0.10126381833216605,0.039034188346943596,0.25456283147849634
Josh McCown,QB,CLE,12.635950969257914,6500,0.24641089042856615,0.18197491939694901,0.19923340811460966,0.15254362464382129,0.1100682027863185,0.10976895462973532
Ryan Mallett,QB,BAL,12.614388983085069,6000,0.28737266704493752,0.1888915665120984,0.14349934692826424,0.14004842903648831,0.074097703252135674,0.16609028722607588
Alex Tanney,QB,TEN,12.496205095044189,5000,0.41905540030530514,0.10132454455245553,0.073619714086113452,0.1150945626023378,0.049135533791798906,0.24177024466198929
Jared Goff,QB,LARM,12.426908487625798,6000,0.33472421520522611,0.14297596788652722,0.15202795833304417,0.11830807201857796,0.076393335866311946,0.17557045069031252
Mark Sanchez,QB,DAL,12.423470847348936,5000,0.44697860884722823,0.070968735571260752,0.09114279147895879,0.091417185330197215,0.04027509891175781,0.25921757986059718
B.J. Daniels,QB,CHI,12.412628367058561,5000,0.37823521269560822,0.11912049877984283,0.12389604424434109,0.11229233870827737,0.053543457841298471,0.21291244773063225
Josh Woodrum,QB,CHI,12.412628367058561,5000,0.37823521269560822,0.11912049877984283,0.12389604424434109,0.11229233870827737,0.053543457841298471,0.21291244773063225
Jake Rudock,QB,DET,12.356393509104421,5000,0.36420226734422989,0.12624869878832756,0.14733402109105304,0.099466952544388865,0.061779197942719216,0.20096886228928146
Dan Orlovsky,QB,DET,12.356393509104421,5000,0.36420226734422989,0.12624869878832756,0.14733402109105304,0.099466952544388865,0.061779197942719216,0.20096886228928146
Drew Stanton,QB,ARI,12.355767649009056,6000,0.36853442001591308,0.11551204234655733,0.13933263387437111,0.12044299498019718,0.065242309148885985,0.19093559963407528
Ryan Griffin,QB,TB,12.333982102447379,5000,0.38116148680417355,0.1019460198004362,0.14708450911831464,0.10978365940019842,0.058791220132571348,0.20123310474430595
Trevone Boykin,QB,SEA,12.267928376817579,6000,0.37813047970349284,0.12184812615942625,0.14681758657427146,0.085849725531443266,0.056217210695613772,0.21113687133575237
Dustin Vaughan,QB,PIT,12.258587212628436,5000,0.44017946255789087,0.085745143179167246,0.079712782702905979,0.10674608477142236,0.051774154316627456,0.23584237247198622
Zach Mettenberger,QB,PIT,12.258587212628436,5000,0.44017946255789087,0.085745143179167246,0.079712782702905979,0.10674608477142236,0.051774154316627456,0.23584237247198622
AJ McCarron,QB,CIN,12.236826732494892,5900,0.39685306499133588,0.10304886185741806,0.12431783253024425,0.1089842850392964,0.065251813445343892,0.2015441421363614
Jameill Showers,QB,DAL,12.220764275933039,5000,0.44214712174608817,0.087409758940744431,0.092241489691779921,0.095563975685047778,0.02762007987453903,0.25501757406180076
Chase Daniel,QB,PHI,12.209118296065483,5000,0.37895682413596082,0.1407065647760129,0.11065918599824574,0.11487927010680341,0.038829862794704573,0.21596829218827279
Shaun Hill,QB,MIN,12.193582858312482,6000,0.34097757087336295,0.15369029831910497,0.16032684092315994,0.09657620044487332,0.067501457035043039,0.18092763240445583
Sean Mannion,QB,LARM,12.121427219409092,5000,0.35828443999571957,0.13324142752031654,0.14512951889042872,0.12539784406917553,0.065142401248680287,0.17280436827567938
Kevin Hogan,QB,CLE,12.108637822794071,6000,0.33184388674677184,0.13761410929302012,0.15138588758695079,0.1535529395340528,0.10733302270628917,0.11827015413291554
Taylor Heinicke,QB,MIN,12.055260935287206,5000,0.35949160330363056,0.13805789735938145,0.15972523250609891,0.10071490656906427,0.058652696330454869,0.18335766393136996
Jake Heaps,QB,SEA,12.012685174978801,5000,0.40554963279706474,0.11202300049467796,0.13246560556455608,0.089231975576580677,0.045762031193374582,0.21496775437374593
Keith Wenning,QB,CIN,12.003195840331255,5000,0.42218037091205773,0.094028498097431648,0.11537310266858794,0.10838951485594625,0.049446647266077032,0.2105818661998993
Jeff Driskel,QB,CIN,12.003195840331255,5000,0.42218037091205773,0.094028498097431648,0.11537310266858794,0.10838951485594625,0.049446647266077032,0.2105818661998993
Landry Jones,QB,PIT,11.962721060477188,6000,0.42912147178335119,0.11662017807838709,0.07366847014099033,0.096021334836798339,0.082319636577690022,0.20224890858278297
Brett Hundley,QB,GB,11.766449708097889,5000,0.44062561398576627,0.11086742271997546,0.081775065256539034,0.096122525400992434,0.062542051000087556,0.20806732163663935
