name,pos,team,expectation,salary,prob_0_5,prob_5_10,prob_10_15,prob_15_20,prob_20+
DeMarco Murray,RB,TEN,15.363911890628703,8500,0.099816184523462415,0.18811141498638381,0.20661725104523265,0.20207447430217018,0.3033806751427513
Ezekiel Elliott,RB,DAL,14.47993341121003,8700,0.10332203134001712,0.17478834620804751,0.28664127331581724,0.20713452114013989,0.22811382799597868
Le'Veon Bell,RB,PIT,11.50359659772198,9100,0.20908369731929718,0.27750998722065412,0.22844158804192891,0.14401007809443653,0.14095464932368323
Jay Ajayi,RB,MIA,11.455704583088071,7600,0.24674291198966353,0.23402853900323989,0.21154557998250043,0.16703476197420691,0.14064820705038947
Isaiah Crowell,RB,CLE,11.256848474975365,6200,0.24753483085975392,0.24743298828353569,0.22788733769218503,0.13265984194213143,0.14448500122239402
LeGarrette Blount,RB,NE,10.132367456231128,7300,0.3266172867092097,0.24744085191938195,0.18527330650417004,0.11634831372271195,0.12432024114452622
Jordan Howard,RB,CHI,9.84310054188634,6800,0.33046119261847656,0.24226048679417456,0.20624377785014622,0.12052225095640733,0.10051229178079529
Todd Gurley,RB,LARM,9.7966792724034057,6700,0.2986955808127793,0.31736873278739663,0.16841295111579951,0.10980739287761543,0.10571534240640876
Spencer Ware,RB,KC,9.7411573032411365,7700,0.32881987483759501,0.23920959858979313,0.22139561953512557,0.12090430578700444,0.089670601250482124
Christine Michael,RB,GB,9.7132209134479695,6600,0.3234845647254988,0.26987445707967728,0.18258432896675378,0.13376923589993747,0.090287413328132615
T.J. Yeldon,RB,JAC,9.7128711112299264,5400,0.3058526763872112,0.30140231195561379,0.19338297398706517,0.095148804799500955,0.10421323287060852
David Johnson,RB,ARI,9.6858484496579074,8300,0.32561963478269945,0.25853532583265904,0.2074759894665083,0.11598555964379591,0.092383490274337385
Giovani Bernard,RB,CIN,9.399173704361413,6000,0.35745700751850557,0.25819482211624573,0.1796296699072715,0.1059017820796023,0.098816718378374857
Jeremy Hill,RB,CIN,9.3414904162687638,5900,0.37470817711272697,0.22451779332442512,0.20266290302617293,0.10203039035870347,0.096080736177971443
Ryan Mathews,RB,PHI,9.252356624939658,5500,0.35853342135298322,0.25806403815119083,0.19397936757291676,0.098637150974788756,0.090786021948120271
Mike Gillislee,RB,BUF,9.1759660360332695,5600,0.41416271725923132,0.21772192097868281,0.16170577168028619,0.089855608333799949,0.11655398174799973
Charcandrick West,RB,KC,9.1566848862589545,5400,0.36778632508655906,0.26830862454763282,0.16954312719652667,0.10045770396710695,0.093904219202174177
Frank Gore,RB,IND,9.0862673263631084,6300,0.39628102474434279,0.24186747985219945,0.15689055450318884,0.10714623842477766,0.097814702475491441
Rashad Jennings,RB,NYG,9.0098485349841795,5600,0.37686474425527172,0.28013341870357744,0.15465390231100637,0.090024815076268985,0.098323119653875329
Chris Ivory,RB,JAC,8.914885037048851,5400,0.3852836691719097,0.26987290897713884,0.16636215956834025,0.081857267317200486,0.09662399496541102
Darren Sproles,RB,PHI,8.9106032591850308,5300,0.40535073064949506,0.23446317352113979,0.16951363690433247,0.099597240436963663,0.091075218488068932
Matt Asiata,RB,MIN,8.8666609707696651,5800,0.34912521607568009,0.28862537322540111,0.20591487008383469,0.087085568004677219,0.06924897261040687
Terrance West,RB,BAL,8.8656429002252555,6200,0.36888059424941338,0.26929578778297919,0.19654468652644613,0.088674514850697578,0.076604416590463673
Theo Riddick,RB,DET,8.7296160750302629,6700,0.41458746936134699,0.25083832952412533,0.14926622795261965,0.091555633101265757,0.093752340060642383
Doug Martin,RB,TB,8.6743071402900291,6500,0.41063314777622567,0.24330091903851153,0.16954082789661387,0.094589413715101739,0.081935691573546979
Rob Kelley,RB,WAS,8.2822437162267679,5400,0.46461195956889761,0.21289678275873414,0.15009700014281901,0.088277465787993323,0.084116791741555882
Ty Montgomery,RB,GB,8.1983250472583329,5200,0.43733179181307802,0.27308214265043956,0.12654158317766823,0.080133646779181333,0.082910835579632594
LeSean McCoy,RB,BUF,8.0611799845994376,7500,0.46668429746154427,0.23975926352314442,0.13579624566457563,0.07269108534047905,0.085069108010256619
Derrick Henry,RB,TEN,8.0588328605061257,4900,0.4913292488585716,0.20328025058062332,0.14366053944008303,0.071079721601876339,0.090650239518845946
James White,RB,NE,8.0382784760641819,5900,0.47179243070004828,0.22756946362141195,0.13791627905004392,0.085329697557929449,0.077392129070566307
Jacquizz Rodgers,RB,TB,7.830761112661154,6400,0.51011096551284996,0.1932351333324904,0.14845291209747902,0.060595457168353836,0.087605531888826874
DuJuan Harris,RB,SF,7.8297508582371513,5300,0.46457841036647013,0.24331752803181145,0.15774752918112969,0.064977873759526711,0.069378658661062062
C.J. Prosise,RB,SEA,7.7236336872932867,4900,0.45456049415335603,0.26449384225175887,0.14788327507393267,0.076209602190168216,0.056852786330784104
Jerick McKinnon,RB,MIN,7.6247164568163877,5400,0.47185458113016165,0.28647650255892437,0.1056716670561684,0.056576111302892328,0.07942113795185321
Carlos Hyde,RB,SF,7.6237454115750509,6500,0.49864442672765125,0.22259981325550104,0.13477524177906797,0.076875697712422933,0.067104820525356546
Peyton Barber,RB,TB,7.6114256501327748,5100,0.46136805766319167,0.27461043697593363,0.13740659419961249,0.064603730382856606,0.062011180778405908
James Starks,RB,GB,7.562599237748886,5500,0.50297711943870926,0.23538909583271606,0.11828224918953865,0.06967710439178447,0.073674431147251238
Chris Thompson,RB,WAS,7.3553339738949619,5100,0.52383576084942252,0.21501934812812784,0.12734987513913207,0.067153250068219539,0.066641765815098147
Paul Perkins,RB,NYG,7.2603388666698976,4500,0.5229807624039009,0.22736664555831387,0.12379455355788996,0.059499434999763519,0.0663586034801322
Kenneth Dixon,RB,BAL,7.184932374968656,4800,0.50327941945366217,0.2491217117924874,0.1303668312129462,0.066942045439146503,0.050289992101758149
Damien Williams,RB,MIA,7.1141816184468816,4700,0.54258491955741328,0.21294518078446301,0.12261856934992657,0.055784654787884157,0.066066675520312826
Benny Cunningham,RB,LARM,7.0816719992723769,4500,0.53118042018340039,0.22891493552764314,0.11528658069715816,0.069289988820383161,0.055328074771414812
Alfred Morris,RB,DAL,7.0388314002899994,4600,0.55222859264533009,0.22021686441872484,0.10097723440498597,0.056001961040008992,0.070575347490950235
Reggie Bush,RB,BUF,6.35913858322807,5200,0.61198023908511867,0.19014486673307227,0.10385772802099895,0.032739902568734158,0.061277263592075845
Wendell Smallwood,RB,PHI,6.0572362684483325,4500,0.62832768555327057,0.18070079830778951,0.10388193106403282,0.045947026388848365,0.04114255868605915
Robert Turbin,RB,IND,6.0450805126673854,4500,0.63327346724518141,0.19957445148007161,0.071791919528139431,0.042175277241736947,0.05318488450487021
Ronnie Hillman,RB,MIN,6.0401855885357758,4600,0.60465606420355633,0.22505238279408021,0.08356771544812043,0.049605309984840341,0.037118527569402898
Jeremy Langford,RB,CHI,6.0122946272902897,4800,0.6385719211201879,0.18516225071530343,0.083861225061581113,0.044164326229053523,0.048240276873873757
Don Jackson,RB,GB,5.9726364304305548,4700,0.6411748965916142,0.18028952924570402,0.089296941487070597,0.043953315449322655,0.045285317226288396
Dwayne Washington,RB,DET,5.9675784064956137,4500,0.64542160082057642,0.18831020106701585,0.077384755909979105,0.03302634766585303,0.055857094536575481
Duke Johnson Jr.,RB,CLE,5.9178889075696626,5000,0.63221649312218275,0.19614494937387236,0.09368782943038996,0.03381406870114427,0.044136659372410562
Jonathan Williams,RB,BUF,5.890209587438032,4500,0.64917647254128985,0.18213322440960464,0.08671559800329838,0.030939117089817832,0.051035587955989253
Matt Jones,RB,WAS,5.8588007227302938,5300,0.64965084790871874,0.1811094906968663,0.085559196550231517,0.038019887366728462,0.045660577477454306
Dion Lewis,RB,NE,5.7888111933667981,4900,0.6412006492597605,0.2081244693350518,0.072661244386726137,0.031164057345480625,0.046849579672980861
Ameer Abdullah,RB,DET,5.712446994390187,4900,0.65336091366089222,0.18986992963913282,0.081493158429740101,0.032739226557753097,0.042536771712481179
Thomas Rawls,RB,SEA,5.6939766819004438,5100,0.66224499547761595,0.17293125769460568,0.089666156483927992,0.034451593886465029,0.040705996457384909
Kenyan Drake,RB,MIA,5.6861263488660905,4500,0.67250551780670864,0.16676684924317733,0.081596797167377749,0.032549289884683301,0.04658154589805235
Glenn Winston,RB,CLE,5.6808873323514932,4500,0.64960643967964915,0.19259051303935637,0.090949861679424926,0.026101403423312616,0.040751782178256597
Patrick Skov,RB,CLE,5.6808873323514932,4500,0.64960643967964915,0.19259051303935637,0.090949861679424926,0.026101403423312616,0.040751782178256597
George Atkinson III,RB,CLE,5.6808873323514932,4500,0.64960643967964915,0.19259051303935637,0.090949861679424926,0.026101403423312616,0.040751782178256597
Malcolm Johnson,RB,CLE,5.6808873323514932,4500,0.64960643967964915,0.19259051303935637,0.090949861679424926,0.026101403423312616,0.040751782178256597
Mike Davis,RB,SF,5.6643436631593129,4700,0.64494839690766237,0.2078582092426805,0.079865855997786159,0.025130072626539549,0.042197465225331347
Sam Bergen,RB,TEN,5.6350985347282094,4500,0.65363486382066638,0.19533814923203291,0.084317264773191236,0.024764481077509535,0.041945241096599598
Keith Smith,RB,DAL,5.6282062988173474,4500,0.656363483375352,0.19890875932329916,0.076187068675908326,0.022716490484085333,0.045824198141355042
Glenn Gronkowski,RB,NE,5.6005075483506079,4500,0.6534506508469764,0.20369451961189855,0.074389573105043599,0.026977206742820205,0.041488049693261163
D.J. Foster,RB,NE,5.6005075483506079,4500,0.6534506508469764,0.20369451961189855,0.074389573105043599,0.026977206742820205,0.041488049693261163
Donald Brown,RB,NE,5.6005075483506079,4500,0.6534506508469764,0.20369451961189855,0.074389573105043599,0.026977206742820205,0.041488049693261163
Joey Iosefa,RB,NE,5.6005075483506079,4500,0.6534506508469764,0.20369451961189855,0.074389573105043599,0.026977206742820205,0.041488049693261163
Knile Davis,RB,KC,5.5974649882822574,4700,0.67657886004234502,0.17305771776246143,0.069340098191941743,0.037899916336351161,0.043123407666900669
DeAngelo Williams,RB,PIT,5.5678951165475628,4500,0.6690399162975198,0.19518398096734915,0.062732137618402239,0.023844717279948323,0.049199247836780827
Darren McFadden,RB,DAL,5.5521098463809402,4500,0.65465560783594334,0.1968225437949257,0.089918190316795696,0.019968944258557712,0.03863471379377735
Darius Jackson,RB,DAL,5.5521098463809402,4500,0.65465560783594334,0.1968225437949257,0.089918190316795696,0.019968944258557712,0.03863471379377735
Justin Forsett,RB,DET,5.5424167943904958,4500,0.66866952330309704,0.18350196892675716,0.079024860521047582,0.028456495807794871,0.040347151441302756
Rod Smith,RB,DAL,5.4969283599493686,4500,0.66999143260972671,0.19540137972103419,0.067637213437083288,0.0217700124333511,0.045199961798804388
Shane Vereen,RB,NYG,5.484415781988262,4600,0.68206429035927685,0.17566518657893351,0.070050742318787482,0.029248352108243759,0.042971428634758384
Cedric Peerman,RB,CIN,5.4766019220643809,4500,0.6694643723324869,0.18796651038542769,0.080126051796940476,0.02259468283305557,0.03984838265208912
Raheem Mostert,RB,CHI,5.4747723217543065,4500,0.67008194197972615,0.18068265735340439,0.088315765044324354,0.024332055595094739,0.036587580027449815
Darrel Young,RB,CHI,5.4747723217543065,4500,0.67008194197972615,0.18068265735340439,0.088315765044324354,0.024332055595094739,0.036587580027449815
David Cobb,RB,CHI,5.4747723217543065,4500,0.67008194197972615,0.18068265735340439,0.088315765044324354,0.024332055595094739,0.036587580027449815
Trey Williams,RB,IND,5.4740584232012619,4500,0.67411726685920359,0.17805866468944992,0.085502085667755023,0.023133382607245463,0.039188600176345775
Byron Marshall,RB,PHI,5.4693907305411766,4500,0.67391991381293059,0.17991184861645804,0.083222746806427009,0.02382260303993676,0.039122887724247359
Joique Bell,RB,CHI,5.4651923552741462,4600,0.66627358861468733,0.18755510976446341,0.086315765044324352,0.024332055595094739,0.035523480981429573
Jonas Gray,RB,JAC,5.4622316991966304,4500,0.65392366754979303,0.20869887943212745,0.076644390505346965,0.02856006794052772,0.032172994572204787
Corey Grant,RB,JAC,5.4622316991966304,4500,0.65392366754979303,0.20869887943212745,0.076644390505346965,0.02856006794052772,0.032172994572204787
Bronson Hill,RB,JAC,5.4622316991966304,4500,0.65392366754979303,0.20869887943212745,0.076644390505346965,0.02856006794052772,0.032172994572204787
Will Johnson,RB,NYG,5.4497346103392745,4500,0.68367675419727103,0.17419850728426484,0.071998634590450264,0.029210881382248446,0.040915222545765392
Nikita Whitlock,RB,NYG,5.4497346103392745,4500,0.68367675419727103,0.17419850728426484,0.071998634590450264,0.029210881382248446,0.040915222545765392
Kyle Juszczyk,RB,BAL,5.4145823133324349,4500,0.67097374081510497,0.18623839630784997,0.08162059920318375,0.027877212386737765,0.033290051287123569
Christian Powell,RB,PIT,5.4121784603156673,4500,0.67249544265097949,0.1937993704904469,0.068740586184011035,0.027457035887245251,0.037507564787317468
Daryl Richardson,RB,PIT,5.4121784603156673,4500,0.67249544265097949,0.1937993704904469,0.068740586184011035,0.027457035887245251,0.037507564787317468
Mike James,RB,TB,5.4070001649740291,4600,0.67561235216771198,0.18391220823190091,0.069629992131152688,0.040384448740636111,0.030460998728598105
Bruce Miller,RB,SF,5.3933486673369417,4500,0.66622498190141999,0.20168196782770542,0.071657257902646862,0.025525210548423626,0.034910581819804068
Kendall Gaskins,RB,SF,5.3933486673369417,4500,0.66622498190141999,0.20168196782770542,0.071657257902646862,0.025525210548423626,0.034910581819804068
John Crockett,RB,GB,5.3748728578352551,4500,0.6842179585563033,0.17391715379046851,0.079444452126113688,0.02581563089843918,0.036604804628675061
Jerome Felton,RB,BUF,5.3741978554075232,4500,0.70451050641447599,0.15477616611540138,0.07266062234816173,0.020996675186028553,0.047056029935932019
Isaiah Pead,RB,MIA,5.3532206396509423,4500,0.67754448306120407,0.18135035851226622,0.086780594904812589,0.019151970826284972,0.035172592695431625
Daniel Thomas,RB,MIA,5.3532206396509423,4500,0.67754448306120407,0.18135035851226622,0.086780594904812589,0.019151970826284972,0.035172592695431625
Kenjon Barner,RB,PHI,5.3373198496105587,4700,0.71081966451543221,0.15077992050747666,0.066437915698103547,0.026682019158009433,0.045280480120977754
Zach Laskey,RB,LARM,5.3322574696619576,4500,0.67281421614820835,0.18890692150379615,0.083482036382766925,0.024003478120310652,0.030793347844917704
Tre Mason,RB,LARM,5.3322574696619576,4500,0.67281421614820835,0.18890692150379615,0.083482036382766925,0.024003478120310652,0.030793347844917704
Mack Brown,RB,WAS,5.3319455664656488,4500,0.68160055816007148,0.18282225428915036,0.077226135425920842,0.022310097606478865,0.036040954518378056
Keith Marshall,RB,WAS,5.3319455664656488,4500,0.68160055816007148,0.18282225428915036,0.077226135425920842,0.022310097606478865,0.036040954518378056
Silas Redd Jr.,RB,WAS,5.3319455664656488,4500,0.68160055816007148,0.18282225428915036,0.077226135425920842,0.022310097606478865,0.036040954518378056
Zac Brooks,RB,KC,5.331171300408875,4500,0.68371443168938628,0.17176247150175883,0.086773105091610361,0.025966256220534858,0.031783735496709153
Bishop Sankey,RB,KC,5.331171300408875,4500,0.68371443168938628,0.17176247150175883,0.086773105091610361,0.025966256220534858,0.031783735496709153
Zach Zenner,RB,DET,5.3295199529259101,4500,0.71574370379141228,0.14583864377747216,0.062667189458919248,0.030764076990007362,0.044986385982188772
C.J. Ham,RB,MIN,5.3144018958472392,4500,0.67540198884735059,0.1908563070168664,0.073848223248701411,0.030128692224458423,0.029764788662622974
Paul Lasike,RB,CHI,5.2929496135321381,4500,0.70254676404701089,0.15404698961766597,0.081432101470210516,0.024803281163108912,0.037170863702003169
Brandon Cottom,RB,SEA,5.2468099528371743,4500,0.68825850699658386,0.17567652720381582,0.081946167331601996,0.02249430960371742,0.03162448886428066
Tre Madden,RB,SEA,5.2468099528371743,4500,0.68825850699658386,0.17567652720381582,0.081946167331601996,0.02249430960371742,0.03162448886428066
Troymaine Pope,RB,SEA,5.2468099528371743,4500,0.68825850699658386,0.17567652720381582,0.081946167331601996,0.02249430960371742,0.03162448886428066
Javorius Allen,RB,BAL,5.2251163610851892,4500,0.71040414281009645,0.15969316217040139,0.064994088625380544,0.024497863985113732,0.040410742409007619
Chris Johnson,RB,ARI,5.1756943336380656,4500,0.69132353536384195,0.17724461669678779,0.081465785009831038,0.019923068781175605,0.030042994148363634
Ka'Deem Carey,RB,CHI,5.0855500782964356,4500,0.71609813094699992,0.15801132504878207,0.069441244927068393,0.022537096727202142,0.033912202349947101
Lance Dunbar,RB,DAL,5.0709717465536235,4500,0.73357308396324661,0.14139810976274339,0.064732524471540667,0.018668051670806741,0.041628230131662218
Roosevelt Nix,RB,PIT,4.9470714685891934,4500,0.71979075035736761,0.1707722596493701,0.057895613358252718,0.019390258337052695,0.032151118297956693
Bobby Rainey,RB,NYG,4.8334740431222443,4500,0.76835649983617338,0.12429898604989759,0.043226429083345834,0.021725612153176827,0.042392472877406447
Orleans Darkwa,RB,NYG,4.8334740431222443,4500,0.76835649983617338,0.12429898604989759,0.043226429083345834,0.021725612153176827,0.042392472877406447
Lorenzo Taliaferro,RB,BAL,4.8093676854690344,4500,0.75825531206334662,0.13389438191399816,0.050427652516196908,0.020852060421099914,0.036570593085358864
Alex Collins,RB,SEA,4.7972285759924649,4500,0.73635295567510017,0.16126523227953937,0.05267042421840195,0.020574407159440752,0.029136980667517274
Jordan Todman,RB,IND,4.795504239494516,4500,0.77466401693512799,0.11498817325978988,0.048609502355788578,0.020619142396188464,0.041119165053104652
Shaun Draughn,RB,SF,4.7497474530024979,4600,0.7403122336598762,0.16254923224297566,0.049090911682145924,0.017997243916185349,0.030050378498816914
Antonio Andrews,RB,TEN,4.7185853976811147,4500,0.75435460885943251,0.14323396739380839,0.05091361082436241,0.022056178438065194,0.02944163448433201
Aaron Ripkowski,RB,GB,4.6749205389370765,4600,0.76431616076540276,0.13069105357689859,0.053244820189932041,0.023374953849532466,0.028373011618234457
Michael Burton,RB,DET,4.6625872882335351,4500,0.77663156035414815,0.12363686758914341,0.047528788154934005,0.014059675873525124,0.038143108028248975
Malcolm Brown,RB,LARM,4.6544543231663837,4500,0.7734220015424379,0.12410663439316286,0.046821112093708858,0.024856085210274909,0.030794166760415818
Chase Reynolds,RB,LARM,4.6468755249605849,4500,0.77783478017185093,0.12017173163787079,0.046312518994104969,0.02265735067783068,0.033023618518343116
Fitzgerald Toussaint,RB,PIT,4.6387315455928828,4500,0.76312580585287404,0.14372970525806736,0.043637723932428353,0.017359524206122794,0.032147240750507573
Josh Ferguson,RB,IND,4.623710444535309,4500,0.76603648669225044,0.14216740300938102,0.038387138078118346,0.023026643499786805,0.030382328720463071
Brandon Bolden,RB,NE,4.620759097604993,4500,0.75773498968810737,0.16397240148125225,0.027014782694877112,0.016400243307293762,0.034877582828469124
James Develin,RB,NE,4.620759097604993,4500,0.75773498968810737,0.16397240148125225,0.027014782694877112,0.016400243307293762,0.034877582828469124
Ryan Hewitt,RB,CIN,4.5412189452465785,4500,0.78434618028441938,0.12363587315002413,0.041843479745792229,0.016576096187488659,0.033598370632275797
Rex Burkhead,RB,CIN,4.5412189452465785,4500,0.78434618028441938,0.12363587315002413,0.041843479745792229,0.016576096187488659,0.033598370632275797
Andre Ellington,RB,ARI,4.4416581540481408,4500,0.78232022896655751,0.13084975880267155,0.039940271327226017,0.02226833647563423,0.024621404427911431
Zach Line,RB,MIN,4.427064470431251,4500,0.79223286131689941,0.12429535193216135,0.037801077905997071,0.013335202306763742,0.032335506538178523
Stepfan Taylor,RB,ARI,4.2044333912566785,4500,0.8113885244763428,0.11171622088360196,0.037134638761547753,0.016014394405765291,0.023746221472742701
Kerwynn Williams,RB,ARI,4.2044333912566785,4500,0.8113885244763428,0.11171622088360196,0.037134638761547753,0.016014394405765291,0.023746221472742701
Jalston Fowler,RB,TEN,4.1862078523239941,4500,0.8172350839167839,0.11331435993167099,0.029402211214888205,0.010063176074405912,0.029985168862251818
Anthony Sherman,RB,KC,4.040639497482486,4500,0.83742776061406965,0.096056492943949634,0.028137164054488021,0.011271028200098742,0.027107554187394474
Denard Robinson,RB,JAC,4.0092051556887327,4500,0.82948024754802385,0.10480190743372303,0.033948386348883364,0.0092134753372728889,0.022555983332097306
Will Tukuafu,RB,SEA,3.8354509565565267,4500,0.85129582750878763,0.084563081064523704,0.039096360807466403,0.0055779327697668326,0.019466797849455212
