name,pos,team,expectation,salary,prob_0_5,prob_5_10,prob_10_15,prob_15_20,prob_20_25,prob_25+
DeMarco Murray,RB,TEN,15.227965659108882,8500,0.090027336899220128,0.19470484389715065,0.21806790340182489,0.21872347443662049,0.13380014901480822,0.14467629235037624
Ezekiel Elliott,RB,DAL,14.015423521866431,8700,0.13224198489667369,0.17418433056826835,0.25812962825443053,0.22642437761521028,0.11173040887656126,0.097289269788856159
Le'Veon Bell,RB,PIT,11.299119117095749,9100,0.25489015617444255,0.25597884324502218,0.20377156362127674,0.12671719231960249,0.077060947225513501,0.081581297414142537
Isaiah Crowell,RB,CLE,11.001732404217462,6200,0.27258519505326462,0.23281118520886776,0.22433909827099024,0.13639301640738347,0.059679475426976242,0.074192029632517767
Jay Ajayi,RB,MIA,10.657565564654229,7600,0.2867280969352532,0.24665087314654083,0.20094127411132426,0.14210288148769457,0.061213324497364136,0.062363549821823225
LeGarrette Blount,RB,NE,10.424056772139286,7300,0.28223894104965169,0.27113730790515167,0.20675651365571132,0.11838481803616387,0.062405531663815718,0.059076887689505676
Christine Michael,RB,GB,10.237080980635307,6600,0.30406169292514723,0.25351544368855294,0.20150347901217464,0.12774442367417266,0.058214280108122608,0.054960680591830131
Spencer Ware,RB,KC,9.5334798236019651,7700,0.34435050327626415,0.26557684098058698,0.18608757026513509,0.1038322361598325,0.043316971860868886,0.056835877457312507
Ryan Mathews,RB,PHI,9.4606805762608701,5500,0.34523598123816929,0.26311231836153026,0.1852128353525104,0.11757288755192723,0.038450423949474996,0.050415553546388214
T.J. Yeldon,RB,JAC,9.4037394065066842,5400,0.33284375855680237,0.28191958412863155,0.187582656023667,0.10710777434496488,0.050391472639191311,0.040154754306742382
Mike Gillislee,RB,BUF,9.3745574902862181,5600,0.40388974063300465,0.21982289156303397,0.14742367016808963,0.10964598772612162,0.06478524656908477,0.054432463340665302
Frank Gore,RB,IND,9.3582749216192251,6300,0.39118177868799436,0.23108820206950284,0.16246813900802379,0.099501190231256656,0.061676516471587152,0.054084173531635207
Todd Gurley,RB,LARM,9.3480867273359198,6700,0.32915262305377435,0.30948588674761407,0.15846915484391003,0.11335276260896104,0.044563002523838449,0.044976570221902545
Jordan Howard,RB,CHI,9.3171782422905505,6800,0.36029435970817608,0.25234759755870206,0.19626749952258132,0.094131142280399052,0.048637379637659156,0.048322021292482302
David Johnson,RB,ARI,9.2883902318258578,8300,0.35385888115893532,0.26644361779050951,0.18892302434708574,0.10195555625590288,0.036572891125051653,0.05224602932251507
Terrance West,RB,BAL,9.1249444835988882,6200,0.37710308034887013,0.27365518676345452,0.15017008082061886,0.0960161851279073,0.052332341764384269,0.050723125174765224
Jeremy Hill,RB,CIN,9.1070395206821448,5900,0.36935800147441883,0.2567196610549119,0.19519152004780138,0.088460168109902315,0.042428547908621904,0.047842101404343924
Rob Kelley,RB,WAS,8.9920640308666488,5400,0.42200212409500742,0.20463762336859387,0.17984860166623004,0.094254588377493148,0.044971098123581674,0.054285964369093963
Theo Riddick,RB,DET,8.9503817019695031,6700,0.40435391042014224,0.23941834587616848,0.16997695625697387,0.084082785092031612,0.052384285045727647,0.049783717308955797
Matt Asiata,RB,MIN,8.8968258079020774,5800,0.3498583603856511,0.28768548013446621,0.204249052781138,0.083482738970727277,0.040888479668592985,0.033835888059423939
Giovani Bernard,RB,CIN,8.8798664182366114,6000,0.38713801409869925,0.26417109879250966,0.17566397402098097,0.082520612655512526,0.039619103315176284,0.050887197117121551
Charcandrick West,RB,KC,8.8119932169362141,5400,0.42012620306701903,0.22488898291717718,0.1659131321550921,0.095767714528844458,0.048139584085987244,0.045164383245879854
Darren Sproles,RB,PHI,8.7802397646814949,5300,0.40926717205479812,0.24253874161000769,0.16324353350786044,0.098586097055996899,0.040558425714106019,0.045806030057231065
Rashad Jennings,RB,NYG,8.6428578620103877,5600,0.39128079912284902,0.28741369806162248,0.1583039293635306,0.070617188421021174,0.049223474804555058,0.04316091022642201
Chris Ivory,RB,JAC,8.5464260375262473,5400,0.40769472336556256,0.26581264763682333,0.15699975176491662,0.08868769910718298,0.040615931610526949,0.040189246514987273
LeSean McCoy,RB,BUF,8.4583427721281126,7500,0.45471914807816205,0.20460251746125996,0.16448471799281897,0.087434593888038106,0.048002293583992793,0.040756728995727874
C.J. Prosise,RB,SEA,8.2759867866683496,4900,0.45158088821145986,0.23806060359436881,0.14338334268516867,0.086110002111931261,0.032285754952187731,0.04857940844488378
Doug Martin,RB,TB,8.2585087645503403,6500,0.46009305574129811,0.2308819826143079,0.15266814964356404,0.066513589720045188,0.033273409555427777,0.056569812725357091
Ty Montgomery,RB,GB,8.1466712192655084,5200,0.43525733513312087,0.28605593298595722,0.12173592294203292,0.073774760956155344,0.037398057799055161,0.045777990183678369
James White,RB,NE,7.9582625650190781,5900,0.46393737920680017,0.24330173818715517,0.14632279933698905,0.069050207773547409,0.038384824655501693,0.039003050840006652
Derrick Henry,RB,TEN,7.9354302666688881,4900,0.49908574398028965,0.20552401134919046,0.13137640003684969,0.082986823064189683,0.035286335129083725,0.045740686440396756
DuJuan Harris,RB,SF,7.7295408999926991,5300,0.48574450291884669,0.23886675700161977,0.1341075759450206,0.062067357854286728,0.043444833857111682,0.035768972423114401
James Starks,RB,GB,7.711608359187462,5500,0.48938316471609972,0.25049416850120132,0.11358295875319931,0.067203052738848537,0.033630848839909265,0.045705806450741925
Peyton Barber,RB,TB,7.6645550655113261,5100,0.46508977989275913,0.26477258029303108,0.1439135338565512,0.06106666295366097,0.028675838784836625,0.036481604219160524
Jacquizz Rodgers,RB,TB,7.5111139295880447,6400,0.51700439038398682,0.21889724574710859,0.13535325088114428,0.055244723889882795,0.020617078750823914,0.052883310347053555
Paul Perkins,RB,NYG,7.4356665266902979,4500,0.52538061806884229,0.21347400912454564,0.13607837736834469,0.048703512615283745,0.026425410483947552,0.049938072339036549
Jerick McKinnon,RB,MIN,7.3811942497491936,5400,0.5015148252434185,0.25209275207907361,0.12163001688923479,0.057545492314635724,0.027834980219798921,0.039381933253838527
Alfred Morris,RB,DAL,7.3805767492990633,4600,0.52136133704518883,0.24090392267917907,0.087824584589189125,0.079263517261782032,0.031461485906395706,0.039185152518265286
Kenneth Dixon,RB,BAL,7.272107324539471,4800,0.53296086977820156,0.21735317131634563,0.11898559990210565,0.063118074460730783,0.028168552307936232,0.03941373223467997
Carlos Hyde,RB,SF,7.1934321613021321,6500,0.53398119259351107,0.21003832527992983,0.13856422251634815,0.053576905398093767,0.02840782530706689,0.035431528905050309
Benny Cunningham,RB,LARM,7.0566689837554692,4500,0.53663061829726744,0.23209937266523473,0.10778804262317351,0.066102889703263029,0.02154571382558243,0.03583336288547867
Chris Thompson,RB,WAS,6.9553008620878698,5100,0.56957026736126193,0.18983467329113785,0.12581224893320705,0.054035079176392449,0.016242892459157332,0.044504838778843113
Damien Williams,RB,MIA,6.838130565496952,4700,0.56898540180765833,0.21715676569960266,0.085572959648748101,0.070060774629496586,0.021979386858668477,0.03624471135582559
Reggie Bush,RB,BUF,6.4360082677838237,5200,0.62415292831102342,0.18264132582974665,0.089777217548368982,0.03509277419276427,0.021951200538495745,0.046384553579600862
Dion Lewis,RB,NE,6.2763642246702327,4900,0.62676357434574814,0.19632660513233932,0.079406977342284926,0.034008143065449005,0.019365644650102723,0.044129055464075896
Glenn Gronkowski,RB,NE,6.2330409283843551,4500,0.6306518352632895,0.19647450898141941,0.076417116901617288,0.033896495801499574,0.017190259773153346,0.045369783279020956
D.J. Foster,RB,NE,6.2330409283843551,4500,0.6306518352632895,0.19647450898141941,0.076417116901617288,0.033896495801499574,0.017190259773153346,0.045369783279020956
Donald Brown,RB,NE,6.2330409283843551,4500,0.6306518352632895,0.19647450898141941,0.076417116901617288,0.033896495801499574,0.017190259773153346,0.045369783279020956
Joey Iosefa,RB,NE,6.2330409283843551,4500,0.6306518352632895,0.19647450898141941,0.076417116901617288,0.033896495801499574,0.017190259773153346,0.045369783279020956
Wendell Smallwood,RB,PHI,6.1918376825292745,4500,0.6355808607050828,0.16906098620032836,0.10471274474891061,0.04121148699947251,0.010923006921737269,0.038510914424467795
Ronnie Hillman,RB,MIN,6.1028759948162623,4600,0.60240586979492916,0.22580823055213309,0.081329340160671032,0.051946615497795889,0.01628127837596615,0.022228665618504954
Jeremy Langford,RB,CHI,6.0667440639161345,4800,0.64454986325737162,0.16970657779958939,0.10203015975231856,0.036213643426175904,0.0065577936222496669,0.040941962142294827
Mike Davis,RB,SF,6.0594507399533546,4700,0.64962799493243595,0.16862444030197923,0.094360286100916388,0.031276221182750773,0.019838815470979022,0.036272242010938142
Will Johnson,RB,NYG,6.0437079313061686,4500,0.66267819197296063,0.17330762201521008,0.067233200575105304,0.036542663535781686,0.0098520370162472771,0.050386284884695695
Nikita Whitlock,RB,NYG,6.0437079313061686,4500,0.66267819197296063,0.17330762201521008,0.067233200575105304,0.036542663535781686,0.0098520370162472771,0.050386284884695695
Christian Powell,RB,PIT,6.0382926479486265,4500,0.64871360619162588,0.1879766718887442,0.072993716931821884,0.032689335491395001,0.012506930118913871,0.045119739377499322
Daryl Richardson,RB,PIT,6.0382926479486265,4500,0.64871360619162588,0.1879766718887442,0.072993716931821884,0.032689335491395001,0.012506930118913871,0.045119739377499322
Sam Bergen,RB,TEN,6.0108632592233011,4500,0.66469050271812646,0.17603074697418422,0.068186709512993132,0.0283988300653189,0.00889405799835556,0.053799152731022114
Shane Vereen,RB,NYG,6.0052083791418589,4600,0.66050390544794735,0.17693777991177032,0.068256121661939534,0.036971032176971209,0.0099772479450520729,0.047353912856320061
Robert Turbin,RB,IND,6.004256320490998,4500,0.64605611172240596,0.1885188496296227,0.071104186766995994,0.041564767667444921,0.018350683135402196,0.034405401078128291
Trey Williams,RB,IND,5.9820070050187573,4500,0.65814372881729544,0.17903853305026712,0.068586443336063202,0.040415158885207102,0.010136174930100635,0.04367996098106678
John Crockett,RB,GB,5.9769435483476476,4500,0.67559492805456467,0.16694043386817609,0.063052424400058135,0.030094813412885876,0.0095280145589983871,0.054789385705317183
Matt Jones,RB,WAS,5.9715040418478473,5300,0.64936572557096239,0.19203721850483443,0.073249817192550859,0.028694229564077127,0.013583779050475517,0.043069230117099927
Darren McFadden,RB,DAL,5.951994125990546,4500,0.63505065944912087,0.21638977377166305,0.068868156600201708,0.028263088935558588,0.0056581347979122419,0.045770186445543579
Darius Jackson,RB,DAL,5.951994125990546,4500,0.63505065944912087,0.21638977377166305,0.068868156600201708,0.028263088935558588,0.0056581347979122419,0.045770186445543579
Byron Marshall,RB,PHI,5.9276665160949378,4500,0.66242272767504418,0.1916402109775093,0.057837640954466037,0.02735433024229212,0.0075706311477722462,0.053174459002916188
Chris Johnson,RB,ARI,5.9182977383647284,4500,0.66765233069926744,0.18576523650534066,0.056235745445546138,0.029104851415367467,0.0081009136419814103,0.053140922292496923
Jonathan Williams,RB,BUF,5.8650144939789293,4500,0.68575050267099735,0.14595993431312221,0.08084966010132956,0.028245769801261655,0.015364330690223783,0.043829802423064931
C.J. Ham,RB,MIN,5.8581158602786587,4500,0.65525448983405676,0.20204477110216862,0.061981564527631108,0.025758334361788406,0.0064639320588399541,0.048496908115515151
Jonas Gray,RB,JAC,5.8547659449755827,4500,0.67028702889010605,0.17791012951212168,0.065842501349929375,0.030292508077704793,0.0078586283006708522,0.047809203869467604
Corey Grant,RB,JAC,5.8547659449755827,4500,0.67028702889010605,0.17791012951212168,0.065842501349929375,0.030292508077704793,0.0078586283006708522,0.047809203869467604
Bronson Hill,RB,JAC,5.8547659449755827,4500,0.67028702889010605,0.17791012951212168,0.065842501349929375,0.030292508077704793,0.0078586283006708522,0.047809203869467604
Keith Smith,RB,DAL,5.8505127210950043,4500,0.65014677864263459,0.21036176934504786,0.056080272070744952,0.034081139618680686,0.001313389738038049,0.048016650584853757
Joique Bell,RB,CHI,5.8428993611074169,4600,0.66853192779082149,0.18788194859810747,0.062431306250162362,0.020693008409259535,0.0085527588629726488,0.051909050088676432
Bruce Miller,RB,SF,5.8355732237862217,4500,0.6824942740445894,0.16245938400745336,0.066915424560627226,0.031033827839059926,0.0077625196299965305,0.049334569918274049
Kendall Gaskins,RB,SF,5.8355732237862217,4500,0.6824942740445894,0.16245938400745336,0.066915424560627226,0.031033827839059926,0.0077625196299965305,0.049334569918274049
Duke Johnson Jr.,RB,CLE,5.8340506770207696,5000,0.67054476207954083,0.17764915028063755,0.071269688942624324,0.021279575504246848,0.013501235239227118,0.045755587953723698
Dwayne Washington,RB,DET,5.8293043666985547,4500,0.66170590735665691,0.17421729154838397,0.086330437936884497,0.030146310043960841,0.009456489784894875,0.038143563329219164
Cedric Peerman,RB,CIN,5.8055115164224969,4500,0.67797642580508088,0.16957191735113331,0.067077336253805797,0.02991973196159009,0.0096564256009682731,0.045798163027422165
DeAngelo Williams,RB,PIT,5.8042513932148987,4500,0.67047738175454863,0.17741512050840669,0.07026029107501354,0.025836434888693718,0.014648587548223393,0.041362184225114187
Raheem Mostert,RB,CHI,5.7921477923090787,4500,0.67455557565003432,0.18457171516137416,0.061135247591580302,0.020327948328488402,0.0064440632107987334,0.05296545005772417
Darrel Young,RB,CHI,5.7921477923090787,4500,0.67455557565003432,0.18457171516137416,0.061135247591580302,0.020327948328488402,0.0064440632107987334,0.05296545005772417
David Cobb,RB,CHI,5.7921477923090787,4500,0.67455557565003432,0.18457171516137416,0.061135247591580302,0.020327948328488402,0.0064440632107987334,0.05296545005772417
Justin Forsett,RB,DET,5.7862113953151324,4500,0.67830698029281522,0.16991523687417598,0.068596456767310632,0.029463541919852777,0.0068454178345587263,0.046872366311287154
Ameer Abdullah,RB,DET,5.7861549165661517,4900,0.67455240374114678,0.16965453549715503,0.074635474816775682,0.030092092785041085,0.0072982459720081537,0.043767247187873587
Don Jackson,RB,GB,5.7611224298846846,4700,0.66626008670528392,0.17943545430937072,0.071376035453833475,0.031203325602950072,0.022198505691761107,0.029526592236800903
Glenn Winston,RB,CLE,5.7562247684228716,4500,0.67560291989834631,0.17854782484109755,0.06760652257575793,0.021150025045981694,0.011429529640069056,0.045663177998747903
Patrick Skov,RB,CLE,5.7562247684228716,4500,0.67560291989834631,0.17854782484109755,0.06760652257575793,0.021150025045981694,0.011429529640069056,0.045663177998747903
George Atkinson III,RB,CLE,5.7562247684228716,4500,0.67560291989834631,0.17854782484109755,0.06760652257575793,0.021150025045981694,0.011429529640069056,0.045663177998747903
Malcolm Johnson,RB,CLE,5.7562247684228716,4500,0.67560291989834631,0.17854782484109755,0.06760652257575793,0.021150025045981694,0.011429529640069056,0.045663177998747903
Zac Brooks,RB,KC,5.7481849283923907,4500,0.68390768454519923,0.17398097286566505,0.058712849485914452,0.02448087405383367,0.0098004035674569383,0.04911721548193107
Bishop Sankey,RB,KC,5.7481849283923907,4500,0.68390768454519923,0.17398097286566505,0.058712849485914452,0.02448087405383367,0.0098004035674569383,0.04911721548193107
Zach Laskey,RB,LARM,5.7470881722279694,4500,0.66778914812651924,0.19464326688831743,0.060542249881244667,0.021314840802203926,0.0088071261204004398,0.046903368181314672
Tre Mason,RB,LARM,5.7470881722279694,4500,0.66778914812651924,0.19464326688831743,0.060542249881244667,0.021314840802203926,0.0088071261204004398,0.046903368181314672
Isaiah Pead,RB,MIA,5.7185074922250081,4500,0.68088200635806506,0.1766726692455598,0.059035644230443489,0.029977963366759681,0.0081349333575862874,0.045296783441586087
Daniel Thomas,RB,MIA,5.7185074922250081,4500,0.68088200635806506,0.1766726692455598,0.059035644230443489,0.029977963366759681,0.0081349333575862874,0.045296783441586087
Rod Smith,RB,DAL,5.6970978941102848,4500,0.64999769296936072,0.2158937628121764,0.061040595394602222,0.031374693885572964,0.0011457311274791656,0.040547523810808145
Mack Brown,RB,WAS,5.6841436339538545,4500,0.67750595740863484,0.18251829729205932,0.061805683058402776,0.027545452228655974,0.0050603433653007264,0.045564266646946967
Keith Marshall,RB,WAS,5.6841436339538545,4500,0.67750595740863484,0.18251829729205932,0.061805683058402776,0.027545452228655974,0.0050603433653007264,0.045564266646946967
Silas Redd Jr.,RB,WAS,5.6841436339538545,4500,0.67750595740863484,0.18251829729205932,0.061805683058402776,0.027545452228655974,0.0050603433653007264,0.045564266646946967
Kyle Juszczyk,RB,BAL,5.6684728975187486,4500,0.67974470170253898,0.1696701163263413,0.076102649498243108,0.02721382054852392,0.0061658570864094901,0.041102854837942543
Jerome Felton,RB,BUF,5.6431256459563066,4500,0.68700680982389617,0.16227806368414738,0.076436987415247987,0.025157653745753943,0.0076022972154169369,0.041518188115537674
Mike James,RB,TB,5.608098119131804,4600,0.66850032450183239,0.17986286241052746,0.08109031856984214,0.028677524750708134,0.015801298811421761,0.026067670955667598
Thomas Rawls,RB,SEA,5.5972217578035277,5100,0.65782937452152257,0.20913675447396138,0.065985440288628766,0.024913300429798203,0.007078836210355083,0.035056294075734282
Knile Davis,RB,KC,5.5871210939665357,4700,0.67935795285714562,0.17262367066064643,0.070761095287748349,0.034580450632179516,0.013847147150775698,0.028829683411504551
Roosevelt Nix,RB,PIT,5.5836924755122936,4500,0.7010105471610959,0.15250772783028257,0.073441737160142198,0.020623275850512105,0.0066060945894841107,0.04581061740848371
Brandon Cottom,RB,SEA,5.5242447145671303,4500,0.67954595441213439,0.19395820151901952,0.056751464573304662,0.022419640530885521,0.0064948041681414347,0.040829934796514936
Tre Madden,RB,SEA,5.5242447145671303,4500,0.67954595441213439,0.19395820151901952,0.056751464573304662,0.022419640530885521,0.0064948041681414347,0.040829934796514936
Troymaine Pope,RB,SEA,5.5242447145671303,4500,0.67954595441213439,0.19395820151901952,0.056751464573304662,0.022419640530885521,0.0064948041681414347,0.040829934796514936
Paul Lasike,RB,CHI,5.308252328334655,4500,0.71899254771924181,0.15608540350893257,0.055901912192129539,0.022432027152227633,0.0064753908202880061,0.040112718607180839
Lance Dunbar,RB,DAL,5.2768020812579,4500,0.72583585580234988,0.15453819332455634,0.052162589188597508,0.016128630329047794,0.0085625032145582002,0.042772228140890454
Javorius Allen,RB,BAL,5.231969072000938,4500,0.73206948409606643,0.13049791807533934,0.074616023566375159,0.021642882608465652,0.004133256902069774,0.03704043475168433
Kenyan Drake,RB,MIA,5.2274490639979039,4500,0.71054472822674908,0.16471315143824841,0.053721174385010548,0.038368880974339319,0.0050326552099709786,0.027619409765681842
Jordan Todman,RB,IND,5.2031234985359607,4500,0.72708075719494358,0.15523712012444418,0.050950476787905964,0.019056932330223268,0.01205773879615162,0.035616974766331896
Ka'Deem Carey,RB,CHI,5.1958977704091476,4500,0.72373060682930723,0.15065840349934523,0.063932368126284972,0.021842561046867402,0.0040515713016638201,0.035784489196531349
Josh Ferguson,RB,IND,5.1583768857442509,4500,0.73363991773619297,0.15597940767786458,0.042538434837691645,0.019565774757521762,0.0094605494306101105,0.03881591556011927
Shaun Draughn,RB,SF,5.1545446899048359,4600,0.74768018676762049,0.12368901763819834,0.065371835537203299,0.017873008765779044,0.0040725334849728793,0.041313417806226653
Bobby Rainey,RB,NYG,5.095869315425313,4500,0.76378960256449224,0.11080742975390198,0.064054692570198316,0.011117771960105516,0.0042487834460650173,0.0459817197052374
Orleans Darkwa,RB,NYG,5.095869315425313,4500,0.76378960256449224,0.11080742975390198,0.064054692570198316,0.011117771960105516,0.0042487834460650173,0.0459817197052374
Fitzgerald Toussaint,RB,PIT,5.0572061236692871,4500,0.73760995190411127,0.1525659934607512,0.052756563707771396,0.013191319514628626,0.0055927117500112313,0.038283459662726511
Zach Zenner,RB,DET,4.9867157331100724,4500,0.72626746959726596,0.16108736675250795,0.058523422460867669,0.022225654177173943,0.0069484626446738654,0.024947624367510739
Kenjon Barner,RB,PHI,4.9677603556469636,4700,0.73415341295390268,0.14893730065229302,0.064604125017367481,0.019262208070088552,0.0075948702996432998,0.025448083006705143
Malcolm Brown,RB,LARM,4.9119420899752209,4500,0.75569917862929215,0.13258722107976142,0.056758747581925791,0.018723184721780382,0.0010441923501134731,0.035187475637127208
Aaron Ripkowski,RB,GB,4.8624138161717267,4600,0.75725198559467655,0.13119101566885763,0.052305049376473504,0.026014606995578612,0.0075488839962646282,0.025688458368149272
Brandon Bolden,RB,NE,4.8590757587714233,4500,0.7275140056117444,0.17190747817005522,0.051132354287398395,0.020468268310182669,0.0086513080242150379,0.020326585596404812
James Develin,RB,NE,4.8590757587714233,4500,0.7275140056117444,0.17190747817005522,0.051132354287398395,0.020468268310182669,0.0086513080242150379,0.020326585596404812
Chase Reynolds,RB,LARM,4.8492828146727129,4500,0.76222427135214976,0.13189177648701436,0.051095178897490177,0.018572196615865968,0.0010250444324495192,0.035191532215030338
Lorenzo Taliaferro,RB,BAL,4.7389995137289427,4500,0.78849140121296135,0.094501345772387529,0.064251640291318024,0.019119536268472462,0.00074371468895848382,0.032892361765902677
Alex Collins,RB,SEA,4.730791759451459,4500,0.7687101293602765,0.13250327921368626,0.048625835880216947,0.015727803752650503,0.0029447693076308074,0.031488182485539355
Antonio Andrews,RB,TEN,4.589422507504203,4500,0.80568813879315271,0.10470633629332207,0.034103350971860229,0.014276054368149224,0.0039872977082291107,0.037238821865286799
Zach Line,RB,MIN,4.5040749456931151,4500,0.80594333273229923,0.099035402408066756,0.045649546069951509,0.014181898327941209,0.0080143027018802094,0.027175517759861708
Andre Ellington,RB,ARI,4.4896899726836601,4500,0.7646818514829129,0.15768188300075486,0.037226338991095814,0.015143061257883839,0.0059600765566308863,0.019306788710722049
Michael Burton,RB,DET,4.3725008695328516,4500,0.79376822779880485,0.12974809727172082,0.038833329338803402,0.0087094469790001544,0.0037474160381117008,0.025193482573559089
Ryan Hewitt,RB,CIN,4.3488776644299589,4500,0.80407497344825496,0.11839206665850356,0.038447613291262839,0.0091639888593305057,0.0026105156462691778,0.027310842096378886
Rex Burkhead,RB,CIN,4.3488776644299589,4500,0.80407497344825496,0.11839206665850356,0.038447613291262839,0.0091639888593305057,0.0026105156462691778,0.027310842096378886
Stepfan Taylor,RB,ARI,4.2964202327679093,4500,0.79659387295876849,0.12894573811605953,0.037535002054651191,0.01382528612390601,0.0017080577765729665,0.021392042970041984
Kerwynn Williams,RB,ARI,4.2964202327679093,4500,0.79659387295876849,0.12894573811605953,0.037535002054651191,0.01382528612390601,0.0017080577765729665,0.021392042970041984
Denard Robinson,RB,JAC,3.9761111885831264,4500,0.84855873173498209,0.082663070563310487,0.035917537493906831,0.011237448864389953,0.0011043111447231661,0.020518900198687677
Jalston Fowler,RB,TEN,3.8898265186059353,4500,0.87061514760365377,0.071002668497577456,0.023360808019782797,0.00653906677075784,0.0017877266693721364,0.026694582438856366
Anthony Sherman,RB,KC,3.8235197889526971,4500,0.85386073789506511,0.088885870490742203,0.03033238993847984,0.0090598566750243539,0.001331987605684715,0.016529157395004979
Will Tukuafu,RB,SEA,3.8160871268973757,4500,0.8806373813259567,0.061432276866648254,0.024984840357500621,0.0051408839559143604,0.00263027153982015,0.025174345954160376
