name,pos,team,expectation,salary,prob_0_5,prob_5_10,prob_10_15,prob_15_20,prob_20_25,prob_25_30,prob_30+,label
Julio Jones,WR,ATL,14.075333534985518,9200.0,0.065336091923257192,0.030822376919840268,0.54685176044787365,0.25483508447941172,0.088426240534537112,0.011269535608593038,0.0024589100864872192,2.0
Amari Cooper,WR,OAK,13.574169493841124,7500.0,0.092021300324535579,0.11264492534297579,0.48235718786397808,0.14887882628063406,0.13126725330390021,0.031752792737371138,0.0010777141466051811,2.0
Pierre Garcon,WR,WAS,13.192435317390109,5800.0,0.16926753263077507,0.11380085987959453,0.16828973219524337,0.51726401777604603,0.021734385338555918,0.0088702830953494103,0.00077318908443564714,3.0
A.J. Green,WR,CIN,12.717099361998267,8500.0,0.043312240864420648,0.33205178067226077,0.39822507192112849,0.09627044309905812,0.074607909006777121,0.022191080850302886,0.033341473586052009,2.0
Jamison Crowder,WR,WAS,12.207520607900145,6200.0,0.23119546806048683,0.096924249879050156,0.19754045726955674,0.45499834768809139,0.012764955245780045,0.0062021993041711243,0.00037432255286388457,3.0
T.Y. Hilton,WR,IND,12.194013863706695,7800.0,0.11837265356052898,0.30090634599670335,0.27342411441850972,0.20110221249987775,0.068456064324360022,0.020922437793059363,0.016816171406960956,1.0
Marvin Jones,WR,DET,11.784891530111416,7400.0,0.06437022753924744,0.22064060995031007,0.6007035156280045,0.061364472963983417,0.019003873311671627,0.030427134177841871,0.0034901664289412062,2.0
DeAndre Hopkins,WR,HOU,11.420418729279051,7600.0,0.053846145388605285,0.43471330496554922,0.33665715042938515,0.10324479354859838,0.028669275534842838,0.018003992412200295,0.024865337720818885,1.0
Emmanuel Sanders,WR,DEN,11.369498839447569,6600.0,0.073709059919552428,0.37638139902619033,0.38332333088274356,0.066532679422254978,0.072232670994712408,0.025661735701552207,0.0021591240529939761,2.0
Doug Baldwin,WR,SEA,11.146657058181139,7200.0,0.076201815817746446,0.44930951573607586,0.29770685555509274,0.081917696244698163,0.053831690470198111,0.028788290646763554,0.012244135529424955,1.0
Brandon Marshall,WR,NYJ,11.137884948563299,7400.0,0.21408043214618647,0.14218230002073676,0.4377740055629657,0.1395739585473785,0.049995065219907341,0.010278672149426295,0.0061155663533991938,2.0
Allen Robinson,WR,JAC,10.778979714185507,7100.0,0.10760696602820528,0.20893638890088564,0.64326237053242286,0.020430920326569329,0.008482722444509273,0.0054752962496826844,0.0058053355177248656,2.0
Terrelle Pryor,WR,CLE,10.503953631424061,6900.0,0.13163399916052826,0.31003927668250603,0.40880496412711742,0.13353403102354683,0.0091905156705112973,0.0056030140581678272,0.0011941992776224966,2.0
Michael Crabtree,WR,OAK,10.393861028038655,7100.0,0.32431046241735711,0.14930603325664457,0.32173934029230217,0.080907280353119448,0.076916207670059078,0.045822382694317765,0.00099829331619982688,0.0
Golden Tate,WR,DET,9.5669706109484309,6300.0,0.19700281767159211,0.3007136957367566,0.43937417018305508,0.035678395478038673,0.014167327850586338,0.0097905111796360439,0.0032730819003350493,2.0
Mike Evans,WR,TB,9.2266834028257136,7900.0,0.072568116650703618,0.66263098211143934,0.17205343345487722,0.056670210528800384,0.022851106839020783,0.0058574700647103309,0.0073686803504481296,1.0
Alshon Jeffery,WR,CHI,9.062177820704056,6800.0,0.35778734904003601,0.21249142443737298,0.29098440576104778,0.073340903084567852,0.032941736654469859,0.029844336224349257,0.0026098447981559459,0.0
Jeremy Maclin,WR,KC,8.6723694324240697,6400.0,0.36597364712118302,0.31294660578772643,0.18301197460945676,0.041939736977609852,0.068732639325357434,0.015544341278277739,0.011851054900388644,0.0
Brandin Cooks,WR,NO,8.6292647606586499,7200.0,0.3015842521648745,0.42376578183261943,0.078465117826670552,0.156576541840422,0.025664316220475266,0.01191059433633032,0.0020333957786078135,1.0
Jordy Nelson,WR,GB,8.5471853102715727,7500.0,0.51283074121252548,0.17614030409153025,0.11360221655452819,0.059040880351461496,0.099838746423843619,0.01396101718383427,0.024586094182276523,0.0
Allen Hurns,WR,JAC,8.4811870128835736,5700.0,0.14649005467889928,0.56964130637630372,0.25253127962164745,0.010048296689623879,0.016772402136875076,0.0033728365916556595,0.0011438239049947519,1.0
Anquan Boldin,WR,DET,8.153580503862667,5800.0,0.36346503726587492,0.30068364728291719,0.24298834858678797,0.049434903458493294,0.026162142522513494,0.014084006594452874,0.0031819142889603536,0.0
Quincy Enunwa,WR,NYJ,8.1241042748412706,6100.0,0.52592596900239474,0.13003780187724237,0.096423449095464089,0.20204653241422668,0.035206165322522062,0.0082457590037728606,0.0021143232843770323,0.0
Tyrell Williams,WR,SD,7.7938121292332037,5800.0,0.092902693604365275,0.83499643506723675,0.018419708415962296,0.035112952989079058,0.012354456148135297,0.0054796727674916073,0.00073408100772968249,1.0
Travis Benjamin,WR,SD,7.7363420366747242,5900.0,0.10587256631467908,0.80232045958557507,0.052307332667147682,0.023647911607207233,0.010820115279234554,0.0043976053823350635,0.00063400916382139346,1.0
Davante Adams,WR,GB,7.5336984449368165,6600.0,0.38405477031911123,0.34765015918531078,0.16547638992846128,0.089660128389405222,0.0080138151865697983,0.0042264576078571321,0.00091827938328451451,0.0
Julian Edelman,WR,NE,7.3023176446252842,6500.0,0.37712551924813842,0.45116509293066837,0.070877850019340757,0.055515246712648958,0.029239121324483069,0.013640728633903129,0.0024364411308172547,1.0
Brandon LaFell,WR,CIN,7.2785907106739609,6000.0,0.3235942776244824,0.49624080362249429,0.12010747943472837,0.03118420708636363,0.020499286299528106,0.0071453569166547567,0.0012285890157483624,1.0
Demaryius Thomas,WR,DEN,7.2629981635610044,7000.0,0.3422850029825803,0.50762888896546476,0.071796407354278252,0.027954810997547062,0.036471800845914344,0.012322523260345939,0.0015405655938694389,1.0
DeSean Jackson,WR,WAS,6.90186535865731,6000.0,0.55899152577787714,0.20488321275056953,0.065159911547661362,0.14938755416865959,0.012126089852356296,0.0086220495990195645,0.00082965630385658845,0.0
Jordan Matthews,WR,PHI,6.5820351222989784,6000.0,0.46428669051755139,0.4063644312139244,0.022501365910190665,0.076689710007524239,0.01955926954882151,0.0081045400035273697,0.002493992798460657,0.0
Michael Thomas,WR,NO,6.5552757822042373,5700.0,0.4715965742326193,0.35658315270497448,0.10341892161982859,0.043054320439201516,0.0087852760846605024,0.016214208087787466,0.00034754683092799027,0.0
Larry Fitzgerald,WR,ARI,6.2627054394631578,7000.0,0.39813002530509584,0.5242989275013954,0.033955348131923815,0.023086990175080049,0.013069328042309007,0.0064618627029074359,0.00099751814128845942,1.0
Kelvin Benjamin,WR,CAR,6.2052016929031222,7300.0,0.58816304010365505,0.17836780014363474,0.17186213370653253,0.038087275420981878,0.014670572513352905,0.0076770020129407557,0.001172176098902107,0.0
Mohamed Sanu,WR,ATL,6.1635653118431488,5600.0,0.62166195314208061,0.1305812599600478,0.18034760044301623,0.038318308382719365,0.019928261962160989,0.0085255841260593081,0.00063703198391555714,0.0
Seth Roberts,WR,OAK,5.3110609988970738,5000.0,0.64040321492217256,0.2089092012104006,0.11830282133375478,0.018321409259840476,0.0088407985138093149,0.0050511145822654995,0.00017144017775669581,0.0
Will Fuller,WR,HOU,5.221640356243844,6600.0,0.68171684704264468,0.16603090688689687,0.099099472684689799,0.040039778771191067,0.0076637422983201467,0.0040641510466905163,0.0013851012695670407,0.0
Cole Beasley,WR,DAL,5.0226701832326821,6100.0,0.67739846905018819,0.21587223893560498,0.051638204847444198,0.039372082654564391,0.011928328907596946,0.0033890446719646418,0.00040163093263673421,0.0
Michael Floyd,WR,ARI,4.6563266979487139,5300.0,0.61544247758724779,0.358274638280212,0.012211238428935069,0.0094490635060412113,0.003102323389175733,0.0013799612517918284,0.00014029755659617684,0.0
Adam Humphries,WR,TB,4.5714633746454352,5000.0,0.69367629872601366,0.21709003317520692,0.080300536791396079,0.0040867979396750753,0.0021525325821706758,0.0011857740550767486,0.0015080267304609586,0.0
Dontrelle Inman,WR,SD,4.4757526167121728,5300.0,0.6987046007952753,0.25379195517820358,0.017200004744576801,0.018941464995922676,0.0075066406622978591,0.0033013783440579876,0.0005539552796658679,0.0
Cordarrelle Patterson,WR,MIN,4.0053344407491478,5300.0,0.75045268755446948,0.21099659236363519,0.030723849635895875,0.0042940681263745036,0.0022504043890633632,0.0010645413130825597,0.00021785661747890215,0.0
Willie Snead,WR,NO,3.9508324540405662,6400.0,0.79506953943318648,0.16155151048212868,0.014481466192545551,0.020642533529850845,0.0041388620664084179,0.0037237165583427255,0.00039237173753747101,0.0
Stefon Diggs,WR,MIN,3.8371731051229743,6700.0,0.83169579409207195,0.10734954711422724,0.041222467670200907,0.0091202971941792606,0.0052827659736363998,0.0036607657460433979,0.0016683622096408401,0.0
Adam Thielen,WR,MIN,3.7552145885013388,5400.0,0.8153876128507398,0.14258151172372316,0.027654295995673085,0.0069997381884445362,0.0052741958401456134,0.0017402526993322244,0.00036239270194170475,0.0
Jaelen Strong,WR,HOU,3.6894773649616832,4900.0,0.82930003769561944,0.11895633509685316,0.043559211322807649,0.0037280194099309758,0.0024695692040807332,0.0014373313705666809,0.00054949590014138992,0.0
Terrance Williams,WR,DAL,3.6270069267004192,5400.0,0.87604214654686552,0.070499992590718485,0.024191737906195436,0.012527078805050235,0.015076012097058101,0.0014513841454257103,0.00021164790868657878,0.0
Tajae Sharpe,WR,TEN,3.6056190782087687,4700.0,0.8550589124244502,0.08198154736581624,0.054967624440874253,0.0042912985682286523,0.0022609443074670674,0.0013790182306187362,6.0654662544802603e-05,0.0
Rishard Matthews,WR,TEN,3.4548857729873976,5300.0,0.88075183042487037,0.071034975720783378,0.03161887865119388,0.011643380686483316,0.0030500848824628756,0.0018543884248888819,4.6461209317300629e-05,0.0
Chris Hogan,WR,NE,3.3765139881995117,5200.0,0.90045314853274927,0.061710087255151057,0.017792525680012713,0.0088002241293163568,0.0070084781890917148,0.0026386076723354298,0.0015969285413434935,0.0
Robby Anderson,WR,NYJ,3.2929843223925843,0,0.85757775323065877,0.13380293084182832,0.0045455003458267718,0.0021517889304003271,0.00097844295896411574,0.00053299978807614431,0.00041058390424566078,0.0
Cameron Meredith,WR,CHI,3.2249881447318756,5400.0,0.87360981575692409,0.11756655528862391,0.002954892168057271,0.0028232218620689161,0.0022651082913847436,0.00072096836281773343,5.9438270123415426e-05,0.0
Phillip Dorsett,WR,IND,3.0143214475709974,5300.0,0.94201108945646539,0.028544411473352134,0.022317029000694769,0.0025905549086852908,0.0024649106061733653,0.00094234447758720678,0.0011296600770419243,0.0
Marqise Lee,WR,JAC,2.9161114240990686,4500.0,0.95133579360280751,0.025976404342047687,0.01597558404721652,0.0037929551226392913,0.0013863231718114983,0.0010623692062899438,0.00047057050718759885,0.0
Chris Conley,WR,KC,2.8653716240350633,4500.0,0.95110935649161032,0.038558472613305958,0.0035889421567503969,0.0032800034291876638,0.0015101277353364632,0.00082512505230733892,0.0011279725215016033,0.0
Justin Hunter,WR,BUF,2.8414002541908339,5200.0,0.94486781836930067,0.048624621716479126,0.0025502680182949711,0.0022670426488503119,0.00092683993019748658,0.000610503427966133,0.00015290588891168195,0.0
Andrew Hawkins,WR,CLE,2.8243667032707167,4500.0,0.96163925522367066,0.025342567426115337,0.0044714587723947569,0.0052664750278217454,0.0019500230055768085,0.0011053966408453137,0.00022482390357528759,0.0
Nelson Agholor,WR,PHI,2.7598218901185936,5000.0,0.96168753667942253,0.03083311048033165,0.0036429444930993048,0.0024323297547121036,0.00078246590112760275,0.00041463786996734044,0.0002069748213392508,0.0
Brice Butler,WR,DAL,2.7563051779066434,5500.0,0.95678423956369862,0.03858606774700514,0.0027205029542936902,0.00086195835539735045,0.00066855313217131383,0.0003250228516408787,5.3655395792994306e-05,0.0
Andre Roberts,WR,DET,2.7139763128821359,4500.0,0.98113660998794461,0.0076063807387495991,0.0035680567922565078,0.0052433769285036872,0.0010837461015564757,0.00057615891333306142,0.0007856705376557548,0.0
Dorial Green-Beckham,WR,PHI,2.7089072171867485,4800.0,0.96951250235385056,0.025040381142267549,0.0023545461605114322,0.0014212401273453294,0.00091338595089429436,0.00054128795660366813,0.00021665630852733922,0.0
Ted Ginn Jr.,WR,CAR,2.690211943053709,5600.0,0.97934555214394314,0.012693333109082232,0.0028409134475947577,0.0024067020992008946,0.0015284870803604327,0.00091293652759735072,0.00027207559222136216,0.0
Arrelious Benn,WR,JAC,2.651802650881637,4500.0,0.98167942011685905,0.010886561818478959,0.0049823627634476841,0.0012934611609289202,0.00057385524781492165,0.00030984296276710807,0.0002744959297032395,0.0
Robert Woods,WR,BUF,2.6466778896876781,5300.0,0.97816824189321916,0.017969418972902742,0.0014724328073467453,0.0015883619488670758,0.00038585285419073811,0.00039279921066880764,2.2892312804796517e-05,0.0
Tyler Boyd,WR,CIN,2.6425770836416729,4600.0,0.98433492908533371,0.0083924694414697597,0.0041806735325705868,0.0015582844784618329,0.00085532345405995376,0.00049575138838618075,0.00018256861971803885,0.0
Taylor Gabriel,WR,ATL,2.6108438417949804,4600.0,0.98218909836371082,0.015672177174998549,0.00059253371327881612,0.0010667116474823604,0.00033422199764277844,0.00011311356289332012,3.2143539993133149e-05,0.0
Russell Shepard,WR,TB,2.6081550182585058,4500.0,0.98793603472042335,0.0052388180857000236,0.0056064109583913828,0.00047299535168179255,0.00030062571728489609,0.00022358257155919998,0.00022153259495958483,0.0
Justin Hardy,WR,ATL,2.6022209731311667,4500.0,0.98492348024563725,0.011909293870591205,0.0019236079839554466,0.00064724551900003844,0.00033665840459307512,0.00019255082206016421,6.7163154162765609e-05,0.0
Kendall Wright,WR,TEN,2.5996702110904946,4800.0,0.98709217811375161,0.0092468508266530594,0.0016733439863479925,0.00089899697496905991,0.00083460874055451509,0.00023070752905328992,2.3313828670468814e-05,0.0
Tyler Lockett,WR,SEA,2.5981610243752744,5200.0,0.99087170016523751,0.002525171152003253,0.0045098424849347903,0.00097184445276755243,0.00062738027018894964,0.00036607018167767298,0.00012799129319005022,0.0
John Brown,WR,ARI,2.5967108318903591,5900.0,0.98962828928234703,0.0046064568152150327,0.003798158759749821,0.0011278683070394017,0.00052502973856433446,0.00025774197537795351,5.645512170644136e-05,0.0
Ricardo Louis,WR,CLE,2.59441634348316,4500.0,0.9881851438595125,0.0085534357120019434,0.0011548813435927152,0.00099917600713169221,0.00065034441179033346,0.00036630446661551703,9.0714199355463885e-05,0.0
Dez Bryant,WR,DAL,2.5749397632360433,7300.0,0.99098492723990872,0.0047258728585406282,0.0032677847377964005,0.00059282440490768956,0.00026386295001730919,0.00011876363940437439,4.5964169424784853e-05,0.0
Andre Holmes,WR,OAK,2.5638429929036262,4500.0,0.99296137033456233,0.0034282029392716197,0.0023070527548855867,0.00068801240280865991,0.00043689081048214494,0.00016358016373741173,1.4890594252414334e-05,0.0
Danny Amendola,WR,NE,2.5611306290985296,4600.0,0.9930287507309149,0.004632404215117689,0.00092755816703406777,0.00065288085836052296,0.00033750874565134507,0.00020393641743872228,0.00021696086548298583,0.0
Charone Peake,WR,NYJ,2.5499896672433402,4500.0,0.99377184940458474,0.0044525301871880026,0.00063940314597304136,0.00062514175749283697,0.00028094181623920859,0.00015230969553120953,7.7823992991132683e-05,0.0
Devin Funchess,WR,CAR,2.5481934422977943,4800.0,0.99456912714420875,0.0032788230047712751,0.0010032088331478233,0.00054723985654794296,0.00035578756885798355,0.00020614027174203374,3.967332072401678e-05,0.0
Corey Brown,WR,CAR,2.546531262641492,4700.0,0.99401037606199982,0.00408483315646867,0.0011232732716922734,0.00036533244301189822,0.00024510164440271328,0.00014238221597498142,2.8701206449800091e-05,0.0
Tyreek Hill,WR,KC,2.5458130943237358,4800.0,0.99454986553174896,0.0037243794108685639,0.00068624813835764303,0.00054729892586358642,0.00023232861715333507,0.00012978934206153163,0.00013009003394638503,0.0
Brandon Tate,WR,BUF,2.541424428646553,4500.0,0.99507645854374238,0.0034010897922606025,0.00053804482789968707,0.00046859854776326831,0.00028510900062371248,0.00015871382309952902,7.1985464610541483e-05,0.0
Jermaine Kearse,WR,SEA,2.5368406813492266,4500.0,0.99622382560010814,0.0018512669404737302,0.00097470498821023083,0.00049622896631577721,0.0002692376703170211,0.00013264076800296822,5.2095066572429008e-05,0.0
Brandon Coleman,WR,NO,2.5358836193552974,4600.0,0.99490027724136432,0.0040153748385996779,0.0005184962862720265,0.00027817419936247505,0.00017170650795580579,0.00010053546126107451,1.5435465184591701e-05,0.0
Jordan Norwood,WR,DEN,2.5331955659865,4500.0,0.99455323139174778,0.0048316709048545747,0.00026994371459616422,0.00018690007476215533,9.6285323831759196e-05,5.4054995138253202e-05,7.9135950689841805e-06,0.0
Bennie Fowler,WR,DEN,2.5295642182500249,4700.0,0.99534775501984551,0.0040513371645346623,0.00020977745203834433,0.00020676371037707644,0.00011209884167741307,6.4317127584428144e-05,7.9506839431333567e-06,0.0
Josh Huff,WR,PHI,2.5257306748839006,4500.0,0.99647897066908919,0.0027416410721268956,0.00033901263560745022,0.00020563599904643588,0.00012298357318744579,7.2525325053191287e-05,3.923072588969084e-05,0.0
Aldrick Robinson,WR,ATL,2.5198717841337772,4500.0,0.997688613385455,0.0015442175602000203,0.00011012246317928047,0.00048169469521241586,0.00012966810307434953,3.3871207630496084e-05,1.1812585247719907e-05,0.0
Walter Powell,WR,BUF,2.5191102309624647,4500.0,0.99765545128596222,0.0016670129590097879,0.00021458782547598978,0.00024671377215802781,0.00012514904464347481,7.1288763596952432e-05,1.9796349153608378e-05,0.0
Rashard Higgins,WR,CLE,2.5181525026360871,4500.0,0.99719272127404224,0.0024114696440723773,0.00014152362191942539,0.00015279593499850178,5.4641454477936974e-05,3.0321627855898328e-05,1.6526442633752853e-05,0.0
J.J. Nelson,WR,ARI,2.5163925953583086,4500.0,0.99787220294975465,0.0015120656550025749,0.00028929504945040456,0.00018768901797041614,8.3751757606577209e-05,4.5121315319524374e-05,9.8742548958524929e-06,0.0
Tommylee Lewis,WR,NO,2.5145765627897019,4500.0,0.99829701202497723,0.0011253895471741166,0.00021715458098257986,0.00018853685980215859,9.7483686388050877e-05,5.5788620366958123e-05,1.8634680308869793e-05,0.0
Braxton Miller,WR,HOU,2.5142347058164454,4500.0,0.9982091482629909,0.0012167945707514431,0.00034470993700849207,0.00010310998335084817,5.7504341118528739e-05,3.0256318050547582e-05,3.8476586729416411e-05,0.0
Albert Wilson,WR,KC,2.5126133951344753,4500.0,0.99894632867849431,0.00041509373367609829,0.00020128306040297647,0.00025345288456132288,7.5950201124201796e-05,4.0289771387866289e-05,6.7601670352774503e-05,0.0
Jeff Janis,WR,GB,2.5114113113973544,4500.0,0.99866947262037853,0.00083888633253579334,0.00026603938943150162,0.00010948827633745736,5.1660252972739107e-05,2.8502671378813437e-05,3.5950456965328437e-05,0.0
Johnny Holton,WR,OAK,2.5096142901915282,0.0,0.99896463943978442,0.0006153954717893691,0.00019385318526926959,9.8540169054360803e-05,6.1664190051578232e-05,3.3946738482290127e-05,3.196080556875157e-05,0.0
Andre Johnson,WR,TEN,2.5092957513864786,4500.0,0.99882638531857559,0.00079718643090820199,0.00019177334434297236,9.8298693842336152e-05,5.2653379820980452e-05,3.077390295133104e-05,2.9289295590390929e-06,0.0
Jalin Marshall,WR,NYJ,2.5077006816544238,4500.0,0.99912826377623576,0.00057393336230301506,0.00012411746832819418,7.7700501798433607e-05,4.2272282883726824e-05,2.2236373292054801e-05,3.1476235159187575e-05,0.0
De'Anthony Thomas,WR,KC,2.5074257921414005,4500.0,0.99915609924251514,0.00058889467508058753,8.3944234301043785e-05,7.3371245872190256e-05,3.8321722169200763e-05,2.0615374733502748e-05,3.8753505328671302e-05,0.0
Paul Richardson,WR,SEA,2.5047352312023046,4500.0,0.9994252988627933,0.00039378170821135339,8.2311509220843842e-05,4.2804253049592137e-05,3.1844650904768787e-05,1.5255634528281644e-05,8.7033812920817326e-06,0.0
Tanner McEvoy,WR,SEA,2.5041269945633382,5000.0,0.99956447490137901,0.00022414388318345429,0.00011030387523904983,5.2928040380273343e-05,2.7340031845799892e-05,1.517147422468127e-05,5.6377937474904066e-06,0.0
Lucky Whitehead,WR,DAL,2.5040434357623895,4500.0,0.99955022478062827,0.0002552406362931943,0.00010356899428178961,3.9924025394944657e-05,3.5017605555353352e-05,1.179313119107226e-05,4.2308266553325443e-06,0.0
Josh Bellamy,WR,CHI,2.5037645084319458,4500.0,0.99945394303843038,0.00045708686339736293,2.2783495387246542e-05,3.2567632716909819e-05,1.9932791782123015e-05,1.0764261281392493e-05,2.9219170047779813e-06,0.0
Jordan Taylor,WR,DEN,2.5028545932185979,4500.0,0.99967848105727042,0.00020032083248673331,5.4727879680637998e-05,3.0472578580656664e-05,1.9204311131851349e-05,1.083309594780749e-05,5.960244902010143e-06,0.0
Griff Whalen,WR,SD,2.5028419097423451,4500.0,0.99966779188386368,0.00023257497891622557,2.5400027363386995e-05,3.8897879839711237e-05,1.8248098806482563e-05,1.0496981859629961e-05,6.5901493511699807e-06,0.0
Geronimo Allison,WR,GB,2.5024438716254052,0.0,0.99981249277980855,8.3961974098069545e-05,3.3177669449209952e-05,2.1238329380687922e-05,1.3427761186642633e-05,7.352453534361521e-06,2.8349032542184929e-05,0.0
Brittan Golden,WR,ARI,2.5023124221128752,0.0,0.99977627915893086,0.00011451561993573116,4.8134052090810456e-05,2.770693068073362e-05,1.4538263062958317e-05,7.9613235174082267e-06,1.0864651781030956e-05,0.0
Charles Johnson,WR,MIN,2.5022916529973909,4700.0,0.99979153917368291,9.2483948675827919e-05,5.116150225724804e-05,2.7878777915421478e-05,1.7964008548232959e-05,1.0193699756904614e-05,8.7788891637106349e-06,0.0
Devin Street,WR,IND,2.5019668101609591,4500.0,0.99979877136342654,0.00010594818459033717,4.7026456858055652e-05,2.1563612787982314e-05,1.353639846837496e-05,7.3175956675105937e-06,5.8363882015638161e-06,0.0
Donte Moncrief,WR,IND,2.5019476659679434,5400.0,0.99981866859338886,8.6658854170756298e-05,4.6475996597084362e-05,1.8264092797273182e-05,1.187100462648497e-05,6.5022869345076682e-06,1.1559171485136418e-05,0.0
Bryan Walters,WR,JAC,2.5018499955549385,4500.0,0.99984340123337645,4.38403418562339e-05,7.2172038496374504e-05,1.460596929113174e-05,9.296077445298613e-06,5.0904883259046343e-06,1.1593851208419284e-05,0.0
Matthew Slater,WR,NE,2.501827619949724,4500.0,0.99984194643003022,9.82269963434919e-05,1.1822096058218167e-05,1.2295745581787905e-05,7.5637665941788002e-06,4.2878511224770595e-06,2.3857114269333144e-05,0.0
Laquon Treadwell,WR,MIN,2.5017572704813782,4500.0,0.99986459433615849,3.9649391754051588e-05,4.7234239367479033e-05,1.7421343381737647e-05,1.1161511266429933e-05,6.1190045947632958e-06,1.382017347720197e-05,0.0
Eric Weems,WR,ATL,2.5017241322924564,4500.0,0.99982938474967187,9.0244095580070644e-05,3.339826009543949e-05,2.2542590131732227e-05,1.1500388292017961e-05,6.5919575528824033e-06,6.3379586758015755e-06,0.0
James Wright,WR,CIN,2.5016443799399783,4500.0,0.99986732013342094,5.2535657029927878e-05,3.1876612601817816e-05,1.8107816115098361e-05,1.1648802818508662e-05,5.768607296381166e-06,1.2742370717073597e-05,0.0
Trevor Davis,WR,GB,2.5014819369640833,4500.0,0.99987555256301786,5.8367750115559062e-05,2.2928327744681236e-05,1.5912962145031462e-05,9.7594664490370959e-06,5.4845423002184086e-06,1.1994388227597652e-05,0.0
Ryan Grant,WR,WAS,2.5014670265516252,4500.0,0.99979382747605872,0.00016406403602015648,1.9652552334886586e-05,9.9930389400407864e-06,6.2935885873418934e-06,3.4785359432271927e-06,2.6907721153118109e-06,0.0
Brenton Bersin,WR,CAR,2.5012988544900785,4500.0,0.9998704679476883,6.7288712753728918e-05,2.7389947660043115e-05,1.5907048918797244e-05,9.9813460259615798e-06,5.4778140752055146e-06,3.487182877779551e-06,0.0
Alex Erickson,WR,CIN,2.5007937774622002,4500.0,0.9999323100669848,3.214739851321661e-05,1.298649872996741e-05,8.1595605903556007e-06,5.2059781731963051e-06,2.9371523687667071e-06,6.2533446398609469e-06,0.0
Jordan Payton,WR,CLE,2.5006678837904075,4500.0,0.99993743600170859,3.4627771231673379e-05,7.7947465272527182e-06,8.4940243870664802e-06,5.369201471551272e-06,2.938693752547778e-06,3.3395609208294776e-06,0.0
Cecil Shorts,WR,TB,2.5005900696479659,4500.0,0.9999533513561174,2.0620953964065026e-05,9.0525934808576628e-06,5.5474289476182279e-06,3.5035335274465648e-06,1.9170020285331761e-06,6.0071319341503666e-06,0.0
Marc Mariani,WR,TEN,2.5004828315255159,4500.0,0.99995080665133373,2.1313646204367615e-05,1.7255790790231485e-05,5.0894655877603746e-06,3.1349537607499918e-06,1.7758897283343182e-06,6.2360259539732605e-07,0.0
Deonte Thompson,WR,CHI,2.5003473304845998,4500.0,0.99996398873282943,2.162133457297653e-05,4.0639801724396432e-06,4.8908431963751562e-06,3.1109484763529572e-06,1.6710442517093044e-06,6.5311649991166248e-07,0.0
