name,pos,team,expectation,salary,prob_0_5,prob_5_10,prob_10_15,prob_15_20,prob_20_25,prob_25_30,prob_30+,label
Geronimo Allison,WR,GB,19.132773501130927,0.0,0.1051845048808116,0.12440404602573314,0.14316729376951337,0.15354280675897913,0.15705192711689647,0.15416086766368567,0.16248855378438068,6.0
Johnny Holton,WR,OAK,18.452644130793516,0.0,0.13687128983134497,0.1294663957515744,0.13730153052550864,0.14809582103118751,0.15528467416552227,0.12222577794409603,0.17075451075076611,6.0
Julio Jones,WR,ATL,17.771498448842987,9200.0,0.015769014701537944,0.12358766645612738,0.19392788253815749,0.18346229096645944,0.43755526682539142,0.036525261529940074,0.0091726169823862953,4.0
Dez Bryant,WR,DAL,17.321355087951254,7300.0,0.17687781176277492,0.12930768523726655,0.11794202595402258,0.093151454916871448,0.20079455363715631,0.21071689603446897,0.071209572457439169,5.0
Robby Anderson,WR,NYJ,17.290702187505261,0,0.078436932611979371,0.20277926026849372,0.20029358041490569,0.15402827944544259,0.10774977585148814,0.13795935965968065,0.11875281174800981,1.0
Terrance Williams,WR,DAL,17.253030228320249,5400.0,0.11508046527211763,0.17120294025145782,0.14984774119526265,0.1227694833548847,0.15968427019145923,0.23769070405649451,0.043724395678323556,5.0
Davante Adams,WR,GB,17.045870874665482,6600.0,0.10166163063746428,0.19619541553435432,0.12089209579504388,0.17596238965535949,0.19146201666378854,0.14160840263567329,0.072218049078316152,1.0
Brittan Golden,WR,ARI,16.747008191544722,0.0,0.17834023164831986,0.15890863104183869,0.14051787603330054,0.13223781355905551,0.13093147257225593,0.12993194280645196,0.12913203233877768,0.0
Doug Baldwin,WR,SEA,16.367090669407563,7200.0,0.14521228037871811,0.1500416195305464,0.23376893197528961,0.025131010548044501,0.31216055764640827,0.02476867421055607,0.10891692571043694,4.0
Michael Thomas,WR,NO,16.035397021566112,5700.0,0.07776379218210927,0.21710920051305652,0.27330652085153412,0.068598912321021471,0.21371654852103497,0.059392290282126933,0.090112735329116789,2.0
Russell Shepard,WR,TB,15.882509510698956,4500.0,0.15385492185635191,0.16819788729559276,0.17700964505997907,0.14347523287962916,0.13950552458257909,0.1672547975754041,0.050701990750463985,2.0
Mike Evans,WR,TB,15.765389063336888,7900.0,0.038311639247596341,0.19386091312459092,0.27372751483137409,0.21403557414788493,0.14798363486716948,0.1205360644075283,0.011544659373856044,2.0
Cole Beasley,WR,DAL,15.633642912752263,6100.0,0.16065740216615626,0.18485954176714417,0.16307652574711598,0.10994561239478308,0.18051404581172489,0.16155446658477607,0.039392405528299597,1.0
Marqise Lee,WR,JAC,15.452387898201733,4500.0,0.12290157941846548,0.19462690477769909,0.28145794401297652,0.084394074507457492,0.13417511109168295,0.095224260865719751,0.087220125325998724,2.0
T.Y. Hilton,WR,IND,14.654043130672848,7800.0,0.030341951142535677,0.30746608579535201,0.31402239587666231,0.085160148415528589,0.11141379539943365,0.12747295344439799,0.024122669926089722,2.0
Chris Conley,WR,KC,14.52960249813929,4500.0,0.23720745517029879,0.15684456410923944,0.22248592463604724,0.055752374712405725,0.1756267904362242,0.036132660478793439,0.11595023045699124,0.0
Golden Tate,WR,DET,14.038542809403914,6300.0,0.15808038658932946,0.25544181505027264,0.19853200365363494,0.14672765378102284,0.087902232715107206,0.088761704032913516,0.064554204177719274,1.0
A.J. Green,WR,CIN,14.008161238114083,8500.0,0.049988087875559556,0.30933608966975601,0.24886543674978001,0.15903244438332381,0.16838193599324672,0.049755884869085679,0.014640120459248231,1.0
Arrelious Benn,WR,JAC,13.9866490723768,4500.0,0.20195566997014858,0.20948776948473732,0.18972278537614615,0.11505745389297309,0.11283890428229652,0.13281647668587673,0.038120940307821705,1.0
Robert Woods,WR,BUF,13.950088894648227,5300.0,0.22124693561082534,0.16784258859985146,0.20486305643762201,0.13969999995580643,0.12381452546203527,0.085581889887398316,0.056951004046461216,0.0
Adam Thielen,WR,MIN,13.950003503098495,5400.0,0.12862333804727188,0.2383664760692861,0.24228909826109141,0.15722343707528019,0.10667270842063623,0.10377816046798451,0.023046781658449603,2.0
Marvin Jones,WR,DET,13.944051944967747,7400.0,0.12541424391245834,0.27453939528786014,0.20841438204177279,0.14559364388538207,0.12141345927070092,0.090036153685782008,0.034588721916043647,1.0
Tyrell Williams,WR,SD,13.928005264452697,5800.0,0.10073486753059971,0.33334235506492788,0.18107590498580137,0.11116867400395034,0.1504006306892029,0.097537231420347037,0.025740336305170888,1.0
Emmanuel Sanders,WR,DEN,13.865434003656734,6600.0,0.095354958768875314,0.30617042717746379,0.22123449851574736,0.11816415832517628,0.16940041526652358,0.060358521446415063,0.029317020499798448,1.0
John Brown,WR,ARI,13.843312056735725,5900.0,0.24441949421444609,0.17824609749200698,0.1543099081892062,0.10038482767074701,0.20673861098765126,0.066446219256497241,0.049454842189445083,0.0
Jermaine Kearse,WR,SEA,13.583145501861663,4500.0,0.32668831534635151,0.14453702753097997,0.1497409645443554,0.031719559885146499,0.21976968128550317,0.020444130129748196,0.10710032127791519,0.0
Adam Humphries,WR,TB,12.847498953095588,5000.0,0.23649736481235056,0.19902638932552161,0.2018672970772783,0.16224239245000577,0.082251129749844915,0.077828774675233123,0.040286651909765686,0.0
Josh Huff,WR,TB,12.83807201724289,4500.0,0.30330179688017334,0.17536272455593649,0.087832211674803276,0.22787190177987965,0.069434722937560034,0.086697010441700237,0.049499631729946932,0.0
Corey Brown,WR,CAR,12.675200730070728,4700.0,0.32105393532591153,0.18036775570453453,0.15897393248886657,0.074248441412880062,0.093439404878491714,0.11815724310085308,0.0537592870884624,0.0
Amari Cooper,WR,OAK,12.624508544204934,7500.0,0.22792592545793108,0.21959831324912193,0.23502292407494385,0.10972503846895428,0.10701950368037846,0.051066333755172048,0.049641961313498496,2.0
Brandin Cooks,WR,NO,12.377089032284372,7200.0,0.29742877971335208,0.19146667939218948,0.25593133210105934,0.026042532968112327,0.1099520989046197,0.013672187763056797,0.10550638915761022,0.0
Cameron Meredith,WR,CHI,12.366395635377554,5400.0,0.24196216647292232,0.27640154689173924,0.16839818710963206,0.10339162140081658,0.087323497094197428,0.063858015542821611,0.058664965487870771,1.0
Pierre Garcon,WR,WAS,12.240077211236791,5800.0,0.29688420498449242,0.19982675682033949,0.18658448618503831,0.11653048063023952,0.075271032502549726,0.05835040769779299,0.066552631179547586,0.0
Jamison Crowder,WR,WAS,12.162186460981045,6200.0,0.234510448954591,0.25551411537842172,0.20900970810913513,0.12054464303848725,0.076891816280399095,0.055491784793878604,0.048037483445087119,1.0
Cordarrelle Patterson,WR,MIN,12.126492836707985,5300.0,0.22794736255998485,0.23104190155624396,0.21973384359939641,0.15121453373804314,0.091367653741848645,0.050560545882735744,0.028134158921747362,1.0
Jeremy Maclin,WR,KC,12.025463596933564,6400.0,0.3638200873083644,0.1461579291402923,0.21557584041196071,0.027233357027017863,0.13619415060492168,0.013543129917747469,0.097475505589695574,0.0
Travis Benjamin,WR,SD,11.988784165004619,5900.0,0.23960907312605814,0.29605502488734553,0.15688965977259195,0.086945960829921926,0.1202980566737689,0.070281387488989835,0.029920837221323677,1.0
Tyreek Hill,WR,KC,11.704288654677814,4800.0,0.37971877944526977,0.17049681232124805,0.17487317433512761,0.041232762114469586,0.1146652072976653,0.023553843166958677,0.095459421319260968,0.0
Allen Hurns,WR,JAC,11.601181744548596,5700.0,0.3432046965555976,0.17379088522291122,0.23892543906217589,0.041362134779639591,0.089296612354358096,0.033273184238971486,0.080147047786345793,0.0
Rishard Matthews,WR,TEN,11.454147448633901,5300.0,0.31860147190654486,0.25509657370594452,0.13494277652091344,0.084934286437604034,0.10754122639024703,0.041242816431094273,0.057640848607651833,0.0
Michael Crabtree,WR,OAK,11.403079950577895,7100.0,0.28549474156699001,0.23342084958710743,0.19020209401522775,0.11561364270307943,0.11116520227461979,0.027588892502694945,0.036514577350280637,0.0
Brandon Coleman,WR,NO,11.337890632561816,4600.0,0.40473824069423042,0.1753320571537148,0.15633097255862491,0.038522781875934706,0.10347743380108224,0.026856198031612249,0.094742315884800699,0.0
Chris Hogan,WR,NE,11.283670885526032,5200.0,0.40483560343189784,0.18668385677376584,0.1142087458211663,0.078326028519970212,0.092008763433316196,0.044647215822207938,0.079289786197675766,0.0
Albert Wilson,WR,KC,11.070392835870397,4500.0,0.45334738498319122,0.12936583793166101,0.1581522096592026,0.03490954941272624,0.10685328416560845,0.017766496657377593,0.099605237190232745,0.0
Brandon LaFell,WR,CIN,10.986589739804474,6000.0,0.26082239071315683,0.31224280267363502,0.17273929547874547,0.083947633485746395,0.1006880138718701,0.044758344109634016,0.02480151966721213,1.0
Taylor Gabriel,WR,ATL,10.748587892088059,4600.0,0.43085313366584499,0.16434531630727223,0.081315107400307923,0.12563156789146449,0.097387925598205985,0.064493018764914936,0.035973930371989503,0.0
Jordy Nelson,WR,GB,10.329815891591529,7500.0,0.49693607083277391,0.16699294312883425,0.049553536321451319,0.11570676419930852,0.046644065605131346,0.027277614602091393,0.096889005310409407,0.0
Donte Moncrief,WR,IND,10.304681576538082,5400.0,0.43556454174496761,0.16640965978996378,0.1409672441978749,0.071049701215903135,0.093180648850825457,0.051108572821421075,0.041719631379044032,0.0
Anquan Boldin,WR,DET,10.239934310162635,5800.0,0.40497053164261587,0.20281875212708678,0.14665840944835024,0.08485300426933827,0.075368366594710315,0.039221514429638414,0.046109421488260222,0.0
Demaryius Thomas,WR,DEN,10.096555667504015,7000.0,0.31840899632702258,0.28881575253820241,0.17564465392141165,0.073205838083168592,0.099217483144775701,0.018585778409369459,0.026121497576049486,0.0
DeSean Jackson,WR,WAS,10.068030873457296,6000.0,0.42521954690009539,0.19627697863825014,0.14909384761031569,0.084406898286579879,0.048811594432619933,0.036378629077696546,0.059812505054442439,0.0
Terrelle Pryor,WR,CLE,9.9946750292868387,6900.0,0.29962312462062196,0.30708262976533635,0.18637099524359357,0.094344760205529649,0.066707827655992341,0.019276341295821994,0.026594321213104032,1.0
Mohamed Sanu,WR,ATL,9.8395010593621972,5600.0,0.47013484614875528,0.1635629706870442,0.11565341078421926,0.061086038287773856,0.12037846876466485,0.027626196622701125,0.041558068704841557,0.0
Kelvin Benjamin,WR,CAR,9.7061771573822853,7300.0,0.47010014029069852,0.17364739594095371,0.14087382828928172,0.040648078749712248,0.067407995381195435,0.068888325053337793,0.038434236294820429,0.0
Jeff Janis,WR,GB,9.6670113800688675,4500.0,0.56735512135715849,0.11465605056248498,0.061564447721504045,0.077086733024739243,0.067259322641511618,0.02212618008926245,0.089952144603339099,0.0
Tommylee Lewis,WR,NO,9.4059231245912365,4500.0,0.53093936203122272,0.14770052525001467,0.12190409319318871,0.028848628487771175,0.072051248754947242,0.017126594693205068,0.081429547589650361,0.0
Stefon Diggs,WR,MIN,9.302414878323976,6700.0,0.42166325655471187,0.16176409096222305,0.25264864389071379,0.038294525402070609,0.087755070551140249,0.012443962429360265,0.025430450209780089,0.0
Tajae Sharpe,WR,TEN,9.2798179942955805,4700.0,0.48137526709890643,0.217697421725425,0.092504104705484452,0.051938791152808972,0.071794686917643694,0.026813592003022396,0.057876136396709008,0.0
Larry Fitzgerald,WR,ARI,9.1921520520433031,7000.0,0.38889624739878831,0.29003737157339576,0.12809153326997119,0.05403392086597366,0.1029278150110608,0.010458851714738374,0.025554260166071808,0.0
Danny Amendola,WR,NE,9.1864466646751026,4600.0,0.58911942978416354,0.1214190285218259,0.066257337869952346,0.059924986078537294,0.052578892926800569,0.01752467506080492,0.093175649757915577,0.0
Bryan Walters,WR,JAC,9.0714886575592431,4500.0,0.50690398601624964,0.14206946432221043,0.18133935845612617,0.022645517412947486,0.072555406074743659,0.021846244283752907,0.052640023433969868,0.0
Paul Richardson,WR,SEA,8.9984489267619026,4500.0,0.58994429840993923,0.10679179336664391,0.089351873590042638,0.017768672731611649,0.12071245333348296,0.0081749949446216167,0.067255913623657917,0.0
Andrew Hawkins,WR,CLE,8.9853499239749901,4500.0,0.44616800453561528,0.22761405201549173,0.12843963454380788,0.075737995102364397,0.069421505491996771,0.022897065068597185,0.029721743242126796,0.0
Jalin Marshall,WR,NYJ,8.9417225955814157,4500.0,0.58004052762698366,0.15830456832902154,0.074024588473434821,0.029235589096821595,0.045862032974049768,0.013751088729498987,0.098781604770189699,0.0
Laquon Treadwell,WR,MIN,8.938133502405563,4500.0,0.46222007302040546,0.16944572066005356,0.18701244063368605,0.073778501025237475,0.053319890146478026,0.028607266299896357,0.025616108214243177,0.0
Devin Funchess,WR,CAR,8.8705353652061465,4800.0,0.53665547446741768,0.15307055362978475,0.109200823203867,0.048995544891405042,0.063437725055058861,0.049507915854514889,0.03913196289795165,0.0
Tyler Lockett,WR,SEA,8.8388675025405981,5200.0,0.60413655782206999,0.097818543929568,0.096800185692179366,0.012415746033999329,0.11170558311918408,0.0060113183360244156,0.071112065066974886,0.0
Brandon Marshall,WR,NYJ,8.7936878071775624,7400.0,0.36808723768042534,0.30321420071748378,0.18954537250885481,0.054560707774622637,0.048381072183718392,0.010765303823493269,0.025446105311401724,0.0
Charles Johnson,WR,MIN,8.6571288089086025,4700.0,0.49029899907343838,0.16696232704594868,0.14201572211314489,0.1040234074832062,0.052191501772213017,0.01980434357153716,0.024703698940511595,0.0
Tyler Boyd,WR,CIN,8.6469631574272672,4600.0,0.49194750211820693,0.21335618283835361,0.11608425671673069,0.06098424693769789,0.04833303868937297,0.028555321936395976,0.040739450763242015,0.0
Trevor Davis,WR,GB,8.639278747586733,4500.0,0.62701974985478193,0.10215308632489868,0.053935366513198649,0.063818983096390489,0.057427754373976611,0.01668595037195025,0.078959109464803362,0.0
Quincy Enunwa,WR,NYJ,8.576033471384374,6100.0,0.38829611421239391,0.31267688959301904,0.15650002704628058,0.062193066959549487,0.041259692056400801,0.010713722915515048,0.028360487216841188,0.0
Dontrelle Inman,WR,SD,8.4715835444118568,5300.0,0.46429013001717073,0.24110729437616624,0.10875114467522175,0.075024480546134129,0.074727941286009042,0.015281093848076376,0.020817915251221696,0.0
Justin Hardy,WR,ATL,8.4520180650293195,4500.0,0.58151394279871982,0.13251943283620798,0.084588728905819796,0.053042372308044886,0.082241564542397297,0.019331589128648709,0.046762369480161416,0.0
Dorial Green-Beckham,WR,PHI,8.396530947836137,4800.0,0.56233629940696761,0.19917119157248106,0.042277452138067127,0.069541361414717701,0.041283217430385495,0.022143311660039425,0.063247166377341527,0.0
Ricardo Louis,WR,CLE,8.3612800356705232,4500.0,0.501006215098726,0.20540653310774115,0.11692210768381926,0.072380785367649469,0.054514155048011277,0.017133361098407664,0.032636842595645109,0.0
Julian Edelman,WR,NE,8.2660356766045417,6500.0,0.56743599929047772,0.17057541349171601,0.081593929840248519,0.056865735830590361,0.054520536542400279,0.011859996028242779,0.057148388976324502,0.0
De'Anthony Thomas,WR,KC,8.2500020207149376,4500.0,0.59904841250266061,0.15082346336715846,0.085179479453360671,0.036064487485596937,0.03967559875387295,0.011955670297301744,0.077252888140048659,0.0
Cecil Shorts,WR,TB,8.1920351389134058,4500.0,0.55746955745691917,0.14402279218770084,0.1202888871388158,0.066903103874677128,0.055787583131101721,0.020657118800796237,0.034870957409989106,0.0
Brice Butler,WR,DAL,8.1567469518529094,5500.0,0.57367026851240577,0.1508367243721821,0.086179100812282167,0.052243751706573138,0.075443158382016512,0.033949933112307665,0.027677063102232554,0.0
Griff Whalen,WR,NE,7.9763217562044071,4500.0,0.6490634197310905,0.11231272085343363,0.056893761569660958,0.050369739993906391,0.047262507111705064,0.011754113994490504,0.072343736745712914,0.0
Alshon Jeffery,WR,CHI,7.9594153977737205,6800.0,0.49499832602707833,0.2485804192678758,0.10879406359055693,0.059189430581080532,0.041306677323208682,0.015621672531080148,0.031509410679119595,0.0
Aldrick Robinson,WR,ATL,7.9114751006643189,4500.0,0.61181569547956904,0.12026374223411168,0.079046582820115008,0.050433600824766854,0.089932516084027761,0.014929240783368092,0.033578621774041563,0.0
Lucky Whitehead,WR,DAL,7.7522004298018468,4500.0,0.61006536971789915,0.13960850668009858,0.07851995323405285,0.048356059496527673,0.058562577829225533,0.031530521179063867,0.033357011863132405,0.0
Jordan Matthews,WR,PHI,7.7416152211228297,6000.0,0.59412084817773325,0.20249556129660098,0.030652440292766432,0.07040827439373766,0.027322886772650479,0.015662464574470233,0.059337524492040911,0.0
Matthew Slater,WR,NE,7.7382416195694574,4500.0,0.6709743192883072,0.10217752940372256,0.054047012501423471,0.046011177216684317,0.043621056257104399,0.010492581222717132,0.072676324110040894,0.0
Kendall Wright,WR,TEN,7.6743305244637039,4800.0,0.52242518500770696,0.22213965030048133,0.12861063604704601,0.05112530404654924,0.02985477493168804,0.010185834800444138,0.035658614866084168,0.0
Will Fuller,WR,HOU,7.6149340648165298,6600.0,0.53313463521272153,0.18129212761959509,0.12260530353110585,0.08931519279821086,0.055617812827127397,0.0074398556631323611,0.010595072348106917,0.0
Devin Street,WR,IND,7.5638465037542755,4500.0,0.55732411792348713,0.18648595181120964,0.11356742443790882,0.052236643955335144,0.050126516436632705,0.013168828585986265,0.027090516849440052,0.0
James Wright,WR,CIN,7.546223430789297,4500.0,0.62558368177441037,0.13488290342622858,0.10141020182832469,0.020407434846995285,0.052850262930779358,0.015138550630215457,0.049726964563046289,0.0
Allen Robinson,WR,JAC,7.3550104028560543,7100.0,0.62624670328706722,0.11191184707200952,0.15398445217778028,0.011604357831521899,0.040446466044376024,0.005478491230347428,0.050327682356897552,0.0
Jordan Norwood,WR,DEN,7.3249375023525891,4500.0,0.59013940443471136,0.18189118753569938,0.089327762208079642,0.04256156681070046,0.051474502641572564,0.012718779253180979,0.031886797116055764,0.0
Nelson Agholor,WR,PHI,7.1697910259286104,5000.0,0.6499885110503455,0.16864758265022761,0.03010929824207929,0.054394824391936616,0.028016306738170193,0.011760182736146412,0.057083294191094314,0.0
Andre Roberts,WR,DET,7.1276929817236478,4500.0,0.64154285548908219,0.13766290124838931,0.076603142043642367,0.050052401963542915,0.040060037690760122,0.01815949720960295,0.035919164354980236,0.0
Jordan Payton,WR,CLE,7.0349833928140457,4500.0,0.69941103320140796,0.10534102828314092,0.051635347976974819,0.031567249511566184,0.042086606443912593,0.012929996516076616,0.057028738066921013,0.0
Phillip Dorsett,WR,IND,7.0083970915189973,5300.0,0.62742195333533268,0.15524650491203518,0.092351707976015496,0.034073851776004568,0.036766689253332499,0.026309478505951858,0.027829814241327754,0.0
Jaelen Strong,WR,HOU,6.9976676225501846,4900.0,0.63078761113190063,0.15597898049596795,0.091101532932456403,0.037061041228099202,0.03563883676270832,0.009129984002409006,0.040302013446458493,0.0
Seth Roberts,WR,OAK,6.7237786653013707,5000.0,0.66587190068537927,0.1290529110031903,0.0782894406657344,0.047025479971148462,0.034130461854933597,0.010045389623370529,0.035584416196243508,0.0
Michael Floyd,WR,ARI,6.5200627316519526,5300.0,0.62353434176663747,0.20170290180497133,0.063551657079840548,0.035988841892973099,0.046011646360950426,0.0044505019147059368,0.024760109179921139,0.0
Eric Weems,WR,ATL,6.4643626041175395,4500.0,0.71388533166551471,0.098130235791812584,0.057505693406836145,0.032636668720241117,0.056107510032498108,0.0092558603752172317,0.032478700007880154,0.0
Walter Powell,WR,BUF,6.4189298237959767,4500.0,0.65810159251182587,0.14905490542155508,0.081113224307119938,0.052341135664178466,0.024043528051804916,0.0069595998394714432,0.028386014204044331,0.0
J.J. Nelson,WR,ARI,6.3351429645856276,4500.0,0.63676184856306928,0.19516799241695876,0.060095777807191567,0.034671579685174328,0.048657232579831705,0.0047805484330665868,0.019865020514707815,0.0
Brenton Bersin,WR,CAR,6.3116522548515057,4500.0,0.69016753235272787,0.1406311069895701,0.051542984370069288,0.045202926926706424,0.024409001025429478,0.01795554921464983,0.030090899120847087,0.0
Tanner McEvoy,WR,SEA,6.1901531183780278,5000.0,0.71670206665833014,0.1191130810427514,0.056909345278465931,0.022348539952852908,0.042363612997070629,0.0053753474862375875,0.037188006584291278,0.0
Andre Johnson,WR,TEN,6.1421367580759565,4500.0,0.7180512423622708,0.12570685793312664,0.050639520541943379,0.025329797873794479,0.034015713704186316,0.0075202900935740138,0.038736577491104499,0.0
Ryan Grant,WR,WAS,6.1159829829059467,4500.0,0.73374950444859266,0.095707790729251063,0.062689027978373391,0.035894342762442383,0.023381069111500171,0.0099035180947327391,0.038674746875107711,0.0
Bennie Fowler,WR,DEN,5.7785455443635234,4700.0,0.70396731349465036,0.14915104327732048,0.060125333357119039,0.027222245857238678,0.029105277251958151,0.0063783744330258357,0.024050412328687425,0.0
Marc Mariani,WR,TEN,5.6827756389956612,4500.0,0.75689248805900333,0.10971786225202725,0.042977227463837017,0.020616972454241666,0.026066844779550576,0.0063142788701384409,0.037414326121201762,0.0
Ted Ginn Jr.,WR,CAR,5.6417095844654392,5600.0,0.75228681370565353,0.10332367021527887,0.058001456713414043,0.018479161232664625,0.025807900748102734,0.015540157627457219,0.026560839757429226,0.0
Willie Snead,WR,NO,5.6145025825459483,6400.0,0.68739072285674574,0.13879661332934176,0.12352650376463074,0.0082112789184162673,0.023546324072669624,0.0014692388490769343,0.017059318209119132,0.0
Charone Peake,WR,NYJ,5.5577779193166998,4500.0,0.67289179157685652,0.17989155047495234,0.08763656070447487,0.027065527493052889,0.013308622411913267,0.0019192118994999232,0.017286735439250227,0.0
DeAndre Hopkins,WR,HOU,5.4743430129843613,7600.0,0.71242339685711442,0.15313113764853037,0.070658050783876533,0.019149261617531138,0.017264287110362174,0.0026757992001719606,0.024698066782413399,0.0
Andre Holmes,WR,OAK,5.4696700490914365,4500.0,0.77705334503765122,0.08355524513998755,0.051221007618151897,0.028357979222459598,0.022735727691795545,0.0060524122515124394,0.031024283038441923,0.0
Braxton Miller,WR,HOU,5.4585176537480748,4500.0,0.74259914480998057,0.14094263981971147,0.032774407198062322,0.032529717218960752,0.015650889897072865,0.003834294384515042,0.031668906671696903,0.0
Brandon Tate,WR,BUF,5.3885137225514841,4500.0,0.73941170721290006,0.12346600453487225,0.059303890473462947,0.035460700448271924,0.016002148754129687,0.0040485353861308407,0.022307013190232292,0.0
Justin Hunter,WR,BUF,5.3700953120212276,5200.0,0.72688614521622774,0.14927051890117743,0.043662280374587248,0.042114778891461181,0.012438961533877486,0.003502498728898584,0.022124816353770341,0.0
Alex Erickson,WR,CIN,5.2624107043174666,4500.0,0.75339537473715634,0.121239600677747,0.052552163523349467,0.024023020119386038,0.021352092619667272,0.0064563878635268204,0.020981360459167084,0.0
Jordan Taylor,WR,DEN,5.1212945660396016,4500.0,0.76776610009866086,0.11485161000002687,0.0473796184868659,0.020817918714200644,0.024405986012176736,0.0043277449530638593,0.020451021735005154,0.0
Rashard Higgins,WR,CLE,5.0507420046626725,4500.0,0.75875685573498819,0.12314916115209112,0.050951829351800412,0.02645235157903577,0.021128522393913031,0.0039492545726887629,0.015612025215482937,0.0
Josh Bellamy,WR,CHI,4.8641717906782693,4500.0,0.78506293441239383,0.11497992072250729,0.036759487274241096,0.022341057476245194,0.016541389566843569,0.0046014242612960896,0.01971378628647294,0.0
Deonte Thompson,WR,CHI,4.3290820887164916,4500.0,0.83914165432783561,0.084446662569696088,0.027825877223542409,0.016317644501705253,0.011523833225246083,0.0027789324449450288,0.017965395707029572,0.0
