name,pos,team,expectation,salary,prob_0_5,prob_5_10,prob_10_15,prob_15_20,prob_20_25,prob_25_30,prob_30+,label
DeMarco Murray,RB,TEN,14.115175080789825,8300.0,0.0046277534871633575,0.057689157267113933,0.72917752429065719,0.040345455743596798,0.15695306569427425,0.0098024017067432166,0.0014046418104512624,2.0
Matt Forte,RB,NYJ,12.790677121675296,7300.0,0.06900019819051785,0.28784550339954013,0.35785942092378947,0.19460171162934317,0.039150348342200166,0.013909175342567099,0.037633642172042202,2.0
LeGarrette Blount,RB,NE,12.29869146376193,6600.0,0.23853076869113501,0.13030319828786288,0.21072214252683161,0.3347837059555866,0.046001061388102428,0.025432569657626088,0.014226553492855409,3.0
Lamar Miller,RB,HOU,11.807987765973428,7400.0,0.069562687121806382,0.28547189963533537,0.39343169035936332,0.22793436445174844,0.014608300539450052,0.0076105993148993783,0.0013804585773971516,2.0
Giovani Bernard,RB,CIN,10.878585754773779,6200.0,0.13815556230825993,0.4635164923755184,0.08533569636232477,0.24794519209669677,0.040563810223025555,0.015801769633160025,0.0086814770010146015,1.0
Spencer Ware,RB,KC,10.847527285479995,7400.0,0.14424430894739027,0.2871361004563478,0.38977988061121938,0.13971510700662021,0.022018951203994629,0.010398844634937737,0.0067068071394899417,2.0
Christine Michael,RB,GB,10.191902977555605,7800.0,0.20539857562326747,0.38301346266117958,0.16631924841531692,0.18992966398066508,0.031496037027900145,0.018682722620098353,0.0051602896715723257,1.0
David Johnson,RB,ARI,9.877805463152761,8700.0,0.0063406788421795342,0.64524160681038745,0.24213513815085519,0.086247175106443835,0.015044454031707229,0.0035408585383193613,0.0014500885201072695,1.0
Devonta Freeman,RB,ATL,9.401422486879861,6900.0,0.10412741554469029,0.63956998070011783,0.07009112791791762,0.15459095301107759,0.021772237854491002,0.0095622679515094729,0.00028601702019617775,1.0
Isaiah Crowell,RB,CLE,9.3028646837732865,5900.0,0.21604062884325509,0.40008599657226707,0.25172663744771318,0.098846957362774296,0.017388302905882929,0.0083233453783929795,0.0075881314897145577,1.0
Jeremy Hill,RB,CIN,9.2032372231506088,6500.0,0.11677237040323279,0.6332609303710045,0.15671456662258973,0.039009809071299258,0.022213263821045121,0.013409326403017334,0.0186197333078112,1.0
Melvin Gordon,RB,SD,8.8919045052571537,7200.0,0.0082616960344833821,0.83844311989430953,0.038459143211495662,0.10492725202446257,0.0041483953201010386,0.003865600312082355,0.0018947932030655469,1.0
Chris Thompson,RB,WAS,8.8431336668286722,5200.0,0.10740918330974647,0.67109642108914247,0.11779993907448977,0.060685923396702153,0.037100011087593962,0.0046218491253226497,0.0012866729170025592,1.0
Jordan Howard,RB,CHI,8.6906001626690941,6100.0,0.38432176442071331,0.18488913906900695,0.33601604634106902,0.03840789979945132,0.034272971408580592,0.0098106316651103351,0.012281547296068585,0.0
Frank Gore,RB,IND,8.5279263696313024,6300.0,0.026398445364360087,0.83300701397219845,0.092200801998439344,0.024299270400366394,0.011824769167910875,0.0078488506961803539,0.0044208484005444307,1.0
Ezekiel Elliott,RB,DAL,6.8594859421671837,8500.0,0.44850856444755099,0.36394986998231293,0.094120774988256495,0.067034669583103917,0.018645054019560174,0.0041969278118956085,0.0035441391673200328,0.0
Jacquizz Rodgers,RB,TB,5.7701325528825622,6600.0,0.50776624843057339,0.41422566835002156,0.036391183545672327,0.017722709348560635,0.01398864409502578,0.0043268531910594411,0.0055786930390867998,0.0
Ryan Mathews,RB,PHI,5.6076714851484004,5500.0,0.65525478526837588,0.19801299287820481,0.076042900795240315,0.038114780146818662,0.016202830475447121,0.0094241850764563775,0.0069475253594566463,0.0
James White,RB,NE,4.9451912671028087,5800.0,0.71759578993750872,0.17115986636663591,0.060815710587134017,0.020393902279723129,0.019673380202392322,0.0073180272280123203,0.0030433233985934656,0.0
Devontae Booker,RB,DEN,4.3248763629970899,5600.0,0.80536387556560085,0.096335187670613928,0.053735072552187173,0.029337893800116931,0.0078385171505342011,0.004152837582808021,0.0032366156781387777,0.0
Mark Ingram,RB,NO,4.2604381211991846,6200.0,0.77845546719402914,0.16008459247923423,0.02186983883148455,0.020932753812289779,0.012193962276145149,0.0035485077254178939,0.0029148776813991148,0.0
Zach Zenner,RB,DET,3.8950186906721997,5400.0,0.79221769660344077,0.1613693717147798,0.033694067153987838,0.0046870729372251937,0.0055979405677845937,0.0013511870794737121,0.0010826639433079955,0.0
Matt Asiata,RB,MIN,3.8368854101357428,5600.0,0.82255748484401481,0.1227458570887444,0.03248247143397346,0.01437114952897117,0.0043365948979732696,0.0023902802996321609,0.0011161619066907278,0.0
Mike Gillislee,RB,BUF,3.2886471143337643,5900.0,0.86701446216569322,0.12109805958712357,0.0067079433315159363,0.0018476562588881547,0.0012498551127154234,0.00057337709822760533,0.0015086464458358964,0.0
Duke Johnson,RB,CLE,3.1588422643814864,5100.0,0.90732410072154723,0.073429104301438175,0.010175429595006016,0.0035792706015437968,0.0025525535623849181,0.0013777030578961368,0.0015618381601838986,0.0
Alfred Blue,RB,HOU,3.0068183037901588,4500.0,0.92220143222545947,0.066921221097035744,0.0015707730141239209,0.0073625015068224473,0.0011240772409885794,0.00040859120191870857,0.00041140371365123074,0.0
DeAndre Washington,RB,OAK,2.9978039855535101,5500.0,0.955862709751369,0.014478419833033346,0.015574671270989868,0.0071167838892660174,0.0041182781196919798,0.0016065471950658643,0.0012425899405836653,0.0
Bilal Powell,RB,NYJ,2.9277065258663724,5200.0,0.96205903335457577,0.010621594582945612,0.018370606065910493,0.0040693605093801303,0.0017358702854984682,0.00093736201507315221,0.0022061731866165738,0.0
Chris Ivory,RB,JAC,2.9226402561736071,5200.0,0.94626219049331717,0.039903764954307537,0.0042679683110682523,0.0054256490242426993,0.0021333479366387334,0.0011786696558482661,0.00082840962457740499,0.0
Latavius Murray,RB,OAK,2.777588010773099,6200.0,0.97371522052166914,0.011234139524487794,0.0086041880428160428,0.0022831816420936426,0.0022652522902857583,0.00078172293609086248,0.0011162950425571468,0.0
Ka'Deem Carey,RB,CHI,2.7587554686382698,4500.0,0.97379421119586418,0.013883279439500117,0.0070833950171395521,0.0017019611617457285,0.0014037121011452984,0.00059138312391746192,0.0015420579606875676,0.0
Reggie Bush,RB,BUF,2.7411486550802824,5100.0,0.97329065928868708,0.018714515308286696,0.00257885295581536,0.0022713412969837562,0.00090894190529270725,0.00041617453870464378,0.0018195147062298011,0.0
Peyton Barber,RB,TB,2.7281648861246492,4500.0,0.97844206329932837,0.012105350023937915,0.0029259512563403266,0.0024319520630908193,0.0019715198749476357,0.00087118242403900917,0.0012519810583158676,0.0
Darren Sproles,RB,PHI,2.7034909997934444,4900.0,0.97525087146091405,0.014935867485453275,0.0065753149037611836,0.0014902150309671831,0.00097565154408212063,0.00052004389324154744,0.00025203568158083909,0.0
T.J. Yeldon,RB,JAC,2.6937812518803761,5800.0,0.9713410794049554,0.023641230433500065,0.0024661479646793309,0.0011470361727827236,0.00070499352350061797,0.00041679323527746959,0.00028271926530437045,0.0
Rob Kelley,RB,WAS,2.6793562341219146,5100.0,0.97628197782949344,0.015766791172613297,0.0058316039403195569,0.00097315318822642439,0.00055865911656380492,0.00035576276859787629,0.00023205198418562277,0.0
Jonathan Stewart,RB,CAR,2.6658094744032477,6100.0,0.98371416097087094,0.0071267043488831422,0.0053452455017160474,0.0015582512602601629,0.0012613716937109744,0.00055884765794658915,0.00043541856661185517,0.0
Andre Ellington,RB,ARI,2.6270286441396458,4500.0,0.98219626205867516,0.014150830880864787,0.0012350702006253015,0.0015754342558912441,0.00042398090614567609,0.00023813992142006829,0.00018028177637798677,0.0
Derrick Henry,RB,TEN,2.5752145162007611,4900.0,0.99093070125662264,0.0061312357716870828,0.0013107572038661573,0.0008228786293113619,0.00042086336619426144,0.00023673387469934885,0.00014682989761920774,0.0
Tim Hightower,RB,NO,2.5628528634183367,4500.0,0.99452897133466589,0.0022059775695501735,0.0015378278983321104,0.00072396663524508889,0.00042529908623743697,0.00022725368468789364,0.00035070379128130714,0.0
Theo Riddick,RB,DET,2.5588274254836239,5900.0,0.99450875505605141,0.0021933549006904899,0.0020486757001353974,0.00044980720840252444,0.00028370954910459653,0.0002410102215769068,0.00027468736403890473,0.0
Jalen Richard,RB,OAK,2.5332278696769022,4900.0,0.99668137406322155,0.0013359925181616486,0.001283604219139451,0.00034400515241312047,0.00017864921808884176,0.00010045049266399389,7.5924336311546862e-05,0.0
Rex Burkhead,RB,CIN,2.525294780024224,4500.0,0.9976993982143918,0.001209694859351971,0.00038495583063007327,0.00025515614391461144,0.00018612241199238009,0.00010065340243685218,0.00016401913728231434,0.0
Wendell Smallwood,RB,PHI,2.5218622438544851,4900.0,0.99714640046267333,0.0018123594646445816,0.00080457846681511284,0.00010045457322166405,7.0493581482834489e-05,3.9695403686307152e-05,2.601804747604804e-05,0.0
James Develin,RB,NE,2.5203368754547784,4500.0,0.99735930316557431,0.0021117328176218889,0.0001629926036916865,0.00012743147505872861,9.0793756852044303e-05,5.0775042963115461e-05,9.6971138238523226e-05,0.0
Jerome Felton,RB,BUF,2.5198267965356975,4500.0,0.99818111767196172,0.0010451689243407311,0.00027328827966298852,0.00015066954898451833,0.0001097458187860077,5.1627676228520044e-05,0.00018838208003576332,0.0
Robert Turbin,RB,IND,2.5173893210675828,4500.0,0.99843149765760786,0.00083628294844408492,0.00023204617850886025,0.0001818603874749398,0.00013040540663174905,7.407474637467037e-05,0.00011383267495834849,0.0
Ronnie Hillman,RB,MIN,2.5159962681683115,4500.0,0.99821176291813773,0.0012526332838698215,0.00016822052154003434,0.00013186984492438865,9.4927765337781805e-05,5.2632079767131675e-05,8.7953586423434663e-05,0.0
Fozzy Whittaker,RB,CAR,2.5134238118465126,4800.0,0.99874666832614067,0.00062135075802866437,0.0002255608458135551,0.00017567778810837709,0.00012390911208923382,6.9863664576223349e-05,3.6969505243593339e-05,0.0
Travaris Cadet,RB,NO,2.5110982413774106,4600.0,0.99901675910376497,0.00043952126594744436,0.00020733138671867826,0.00014027631165190518,0.00010346058113126974,4.7627202326301543e-05,4.5024148459230506e-05,0.0
Antone Smith,RB,TB,2.5093045810638896,0.0,0.99916471374503091,0.00040764135816557384,0.00016351718148097807,0.00010202096847443451,6.9462416326394468e-05,3.9906818312888975e-05,5.273751220877061e-05,0.0
Derek Watt,RB,SD,2.5080725118670464,4500.0,0.99936876461439195,0.00020463661710981373,0.00015504785449024121,0.00011908341624039802,7.0661610547100758e-05,4.79099403522786e-05,3.3895946868849596e-05,0.0
Charcandrick West,RB,KC,2.5080694308115525,4500.0,0.99934403901306534,0.00027029370107539507,0.00012806450122420277,9.9870576538715387e-05,7.1229591025093522e-05,3.9555763928034088e-05,4.6946853143099109e-05,0.0
Dexter McCluster,RB,SD,2.5072586556808174,4500.0,0.99942334655763332,0.00020569321572752342,0.0001209955653902244,0.0001111025220942542,6.5926520719002333e-05,4.4698919557701175e-05,2.8236698878170906e-05,0.0
Jonathan Williams,RB,BUF,2.5071227102808815,4500.0,0.99930098288364155,0.00041643224510116961,8.8805593661211201e-05,8.2856720997384145e-05,4.2397045361776456e-05,2.2050362485318194e-05,4.647514875181242e-05,0.0
Andy Janovich,RB,DEN,2.50711658245325,4500.0,0.99941509870350542,0.00023907064130236362,0.00014522808971534045,6.9734432444174701e-05,4.9525409691440743e-05,2.8161978598797503e-05,5.3180744742275867e-05,0.0
Kenjon Barner,RB,PHI,2.5069304840915265,4700.0,0.99920423202409692,0.00052510193240401179,0.00012346837268629505,5.792972236606917e-05,4.1935337799272594e-05,2.342289798294179e-05,2.3909712664409851e-05,0.0
Alfred Morris,RB,DAL,2.5064330943468924,4600.0,0.99938869649296169,0.00029161621271024029,0.00014761236329139134,7.2227703682164186e-05,5.0826121802779272e-05,2.5897902836716632e-05,2.3123202714545757e-05,0.0
Kenneth Farrow,RB,SD,2.5056326705899101,4500.0,0.99955489364759287,0.00016125738855928419,0.00010518059677514781,7.4095709824710689e-05,4.4182242648576767e-05,2.4425506060038571e-05,3.5964908539061688e-05,0.0
Aaron Ripkowski,RB,GB,2.5056044352544893,4500.0,0.99944966960152726,0.0002937139235931615,0.00010611493147767243,6.2136116772161225e-05,4.3726148018549038e-05,2.4349992676058775e-05,2.0289285935138297e-05,0.0
Mike Tolbert,RB,CAR,2.5054524017813953,4500.0,0.99956112933027153,0.00015126002545008113,7.6270508251644696e-05,0.00012580634024644255,4.4075043329453361e-05,2.4347847106547241e-05,1.7110905344003959e-05,0.0
Antonio Andrews,RB,TEN,2.5053555151643789,4500.0,0.99964229629593171,9.4308747464857999e-05,8.6507913099896018e-05,5.7678543213714847e-05,4.117401780521929e-05,2.7451585202317786e-05,5.0582897282682913e-05,0.0
Jalston Fowler,RB,TEN,2.5053555151643789,4500.0,0.99964229629593171,9.4308747464857999e-05,8.6507913099896018e-05,5.7678543213714847e-05,4.117401780521929e-05,2.7451585202317786e-05,5.0582897282682913e-05,0.0
C.J. Prosise,RB,SEA,2.504849249830968,4600.0,0.99966011309302871,0.00011927101878478109,6.4115974325611584e-05,4.9927912654725385e-05,3.5911834613287358e-05,2.0250107010435155e-05,5.0410059582773143e-05,0.0
John Kuhn,RB,NO,2.5040758850161948,4500.0,0.99967122846382483,0.00013512886455588742,7.2276744092356575e-05,4.2956078596944803e-05,3.0977426693562162e-05,1.7062691069552187e-05,3.0369731166994185e-05,0.0
Stepfan Taylor,RB,ARI,2.5036552611691092,4500.0,0.99967970082933766,0.00013168039480289601,6.5315072431023711e-05,6.93559961691026e-05,2.6950670679918779e-05,1.5073143223511526e-05,1.1923893355737457e-05,0.0
Michael Burton,RB,DET,2.5036532018707764,4500.0,0.99969325340216408,0.00010700636887735441,9.9684920666008061e-05,3.8516333100046842e-05,2.775016747717286e-05,1.4608503609290058e-05,1.9180304106228446e-05,0.0
Jamize Olawale,RB,OAK,2.5032631187498429,4500.0,0.9996942811327153,0.00015155166476427581,5.89086087670809e-05,4.6366293068562131e-05,2.231327386676e-05,1.1907187545391621e-05,1.4671839272394424e-05,0.0
Jordan Todman,RB,IND,2.5027631725192108,4500.0,0.9997558380803615,0.00012060303500416432,4.0654224558592845e-05,3.1726007780466688e-05,2.3096246744602307e-05,1.2917084451506408e-05,1.5165321099010831e-05,0.0
Ryan Hewitt,RB,CIN,2.5026837523478402,4500.0,0.99977600512548448,0.00010776863530643568,3.594448025239803e-05,2.7998315186361889e-05,2.0012573444275488e-05,1.1142015133841814e-05,2.1128855192485792e-05,0.0
Daniel Lasco,RB,NO,2.5026451185404053,4500.0,0.9997985355374851,6.6995389848838004e-05,4.5405279846151565e-05,3.518546733538874e-05,2.5381145577870257e-05,1.4063263445482544e-05,1.4433916460788315e-05,0.0
Kapri Bibbs,RB,DEN,2.5025572590923262,4500.0,0.99981706413846905,6.0250924531532001e-05,3.8319734598741202e-05,2.9583935200055608e-05,2.0972056885847925e-05,1.1892316966781924e-05,2.1916893347539188e-05,0.0
Don Jackson,RB,GB,2.5023977979974292,5000.0,0.99978505462020639,0.00011633139337609658,3.2849994794637755e-05,2.2065337597339522e-05,1.5823154995488795e-05,8.7674399665461334e-06,1.9108059063641508e-05,0.0
Josh Ferguson,RB,IND,2.5022935296483322,4500.0,0.99980801684800558,8.4066930123306261e-05,3.6276233941557027e-05,2.7466166889281275e-05,2.0202410718651185e-05,1.1290519313476269e-05,1.2680891007726068e-05,0.0
Patrick DiMarco,RB,ATL,2.5019747924007967,4500.0,0.99981417611573853,9.6883976539365363e-05,2.9838713252243927e-05,2.8330519852753158e-05,1.4010842408672009e-05,7.7178409574349034e-06,9.0419912515600384e-06,0.0
Tyler Ervin,RB,HOU,2.5019554800926427,4500.0,0.99983733100150529,6.7564007559914506e-05,3.5004317841287028e-05,2.2545913424107062e-05,1.7452387803447163e-05,9.726222219153531e-06,1.0376149646797272e-05,0.0
Rod Smith,RB,DAL,2.5019529530863811,4500.0,0.99983274364703545,6.482123931758392e-05,4.2837195329607628e-05,2.3722727207271964e-05,2.0502825273174053e-05,8.6699155709724982e-06,6.7024502661602269e-06,0.0
Knile Davis,RB,KC,2.5018844691970767,5300.0,0.99983640753950864,7.8878555998282787e-05,2.7614023751777397e-05,2.1814168501130659e-05,1.5617051918979718e-05,8.646512900947491e-06,1.1022147419934621e-05,0.0
George Atkinson,RB,CLE,2.5017609489352259,4500.0,0.99988581557987588,3.0922278390643633e-05,2.424851919985976e-05,1.8756741456070638e-05,1.3724069835654909e-05,7.2395376866110229e-06,1.9293273555502465e-05,0.0
Keith Smith,RB,DAL,2.5016817849057356,0.0,0.99987900334874957,3.9906976132106772e-05,2.5362396110995013e-05,1.9708816443077453e-05,1.4262120870984005e-05,7.9106273518904585e-06,1.3845714341579767e-05,0.0
Anthony Sherman,RB,KC,2.5015774956342409,4500.0,0.99988176492281344,3.9791482427673207e-05,2.57391715852299e-05,2.0128321101108252e-05,1.4399783859559518e-05,7.9339105832226192e-06,1.0242407629618907e-05,0.0
Jonathan Grimes,RB,HOU,2.5015756893039436,4500.0,0.99987453643658686,5.3671645138216667e-05,2.2531321341367213e-05,1.7573780936718886e-05,1.2691347605686118e-05,7.0358032062311193e-06,1.1959665185176159e-05,0.0
Zach Line,RB,MIN,2.5013890363390905,4500.0,0.99987415954729009,5.9084354681967971e-05,2.5540864459493564e-05,1.7068833449201577e-05,1.2275621954460554e-05,6.5519080155588205e-06,5.3188701497889672e-06,0.0
Brandon Bolden,RB,NE,2.5013591467929825,4500.0,0.99990085668658601,3.3096312526363048e-05,2.0824425738923772e-05,1.6454366492117167e-05,1.1762108437559899e-05,6.5779933715453098e-06,1.0428106847381016e-05,0.0
Jay Prosch,RB,HOU,2.5012745351311994,4500.0,0.99990227967305323,3.4366780996537078e-05,1.9822753445924823e-05,1.844358959329691e-05,1.1254291552731758e-05,6.2447469764464658e-06,7.5881643813427086e-06,0.0
Kerwynn Williams,RB,ARI,2.5011639304513165,4500.0,0.99991115283227694,3.3288936242949714e-05,1.7829379875560605e-05,1.3909745638823548e-05,9.7602136205613847e-06,5.5429982506169376e-06,8.5158940949655066e-06,0.0
Juwan Thompson,RB,DEN,2.5010822010063709,4500.0,0.99992128896978372,2.5924746032975709e-05,1.6859447573111323e-05,1.3084314918910839e-05,9.2278215591054123e-06,5.2421478409047634e-06,8.3725522918331712e-06,0.0
Terron Ward,RB,ATL,2.5010718437139725,4500.0,0.99992205519217059,2.5897137390037209e-05,1.6529982350017199e-05,1.2791576074769791e-05,9.1930977518803935e-06,5.1333808250710458e-06,8.3996334380116742e-06,0.0
Will Tukuafu,RB,SEA,2.5010077692623982,4500.0,0.99992850403106781,2.0988010558160492e-05,1.6273186512563011e-05,1.263101063213788e-05,9.0777982100535738e-06,5.0690103103081993e-06,7.4569527089370284e-06,0.0
Denard Robinson,RB,JAC,2.5008983255364869,4500.0,0.99992756210549949,2.9809467582065313e-05,1.3842321509810815e-05,1.0920940786407189e-05,7.9367187680080943e-06,4.5823991920927348e-06,5.3460466621454527e-06,0.0
Taiwan Jones,RB,OAK,2.5008613250088079,4500.0,0.99993760488582761,1.8835697347129808e-05,1.4154003538941411e-05,1.1212647652758538e-05,8.0501165823186102e-06,4.4295538569619324e-06,5.7130951944636367e-06,0.0
Jeremy Langford,RB,CHI,2.5008207542226648,4800.0,0.99993925103977954,2.045830817539195e-05,1.295403322900259e-05,1.0278747383988677e-05,7.1390271960091307e-06,4.0535790478014545e-06,5.8652651884050536e-06,0.0
