name,pos,team,expectation,salary,prob_0_5,prob_5_10,prob_10_15,prob_15_20,prob_20_25,prob_25_30,prob_30+,label
Rob Gronkowski,TE,NE,17.229662919910229,8100.0,0.018360375214495458,0.24974795068043151,0.13681953034737887,0.16467693061616143,0.23065467539814613,0.19494494411081636,0.0047955936325701793,1.0
Greg Olsen,TE,CAR,17.141248418562089,7400.0,0.010545214163356055,0.11138966744283064,0.33629666808922798,0.064906403375622299,0.43550156284861558,0.040867951968304589,0.00049253211204297197,4.0
Jordan Reed,TE,WAS,12.97116115027368,6800.0,0.14965250817431441,0.17856592746087083,0.37908401145519188,0.037815430018553954,0.24161836078117493,0.0057572714741273793,0.0075064906357666271,2.0
C.J. Fiedorowicz,TE,HOU,12.454072472005921,4900.0,0.1277552309455191,0.42440115201093243,0.097321792650734762,0.072235574233077346,0.23937750399936553,0.036902554433548229,0.0020061917268226104,1.0
Vernon Davis,TE,WAS,11.87714321446698,4500.0,0.21522770728975096,0.30033036434040061,0.21699145492058505,0.10552415024178601,0.067672634952154295,0.039197730321166593,0.055055957934156435,1.0
Jason Witten,TE,DAL,11.542949755774787,5200.0,0.28449255328796702,0.20006360520012326,0.20109057239176181,0.083982525503357747,0.20971726817455702,0.012479358941004092,0.0081741165012290048,0.0
Gary Barnidge,TE,CLE,11.508111539100915,5000.0,0.16724738528805902,0.2809782810993493,0.26654916814188118,0.19687645137894499,0.056196983120444438,0.024571898330085475,0.0075798326412355793,1.0
Erik Swoope,TE,IND,11.327503323469374,4500.0,0.28939758361096984,0.31462966973033674,0.091154203618314736,0.068552354377621777,0.14768662016958414,0.069072100859943572,0.019507467633229032,1.0
Charles Clay,TE,BUF,11.063737608859039,4900.0,0.20835645161878666,0.28091427883302039,0.2508930156823676,0.15320695335515083,0.076745186055305184,0.020534091115015231,0.0093500233403542281,1.0
Martellus Bennett,TE,NE,10.094738429524195,5400.0,0.37493976743079077,0.22009687704286227,0.14692176253800579,0.11118964577748564,0.088216622734143685,0.041705169054462789,0.016930155422249172,0.0
Levine Toilolo,TE,ATL,8.8579230177230404,4500.0,0.44362515534562058,0.22024886919465742,0.15409353923281291,0.089789321110531867,0.042102787993520636,0.013695057146614358,0.03644526997624227,0.0
Delanie Walker,TE,TEN,8.5474143973392689,6500.0,0.39664856092973128,0.31094453314245557,0.11383250994781315,0.065435167284832202,0.094966063950817484,0.015614668044180852,0.0025584967001693964,0.0
Kyle Rudolph,TE,MIN,8.5101054167446115,5100.0,0.45224786227076541,0.18632789198523705,0.25057367958053017,0.032293546271953133,0.02887430661000355,0.013846446255379638,0.035836267026131234,0.0
Hunter Henry,TE,SD,8.2858769309343714,5800.0,0.35351747990579335,0.3872863218623005,0.13893771771451408,0.053646578175723318,0.02535576634488601,0.025676036660169863,0.015580099336612689,1.0
Cameron Brate,TE,TB,8.1420992071951339,5200.0,0.47383911547280638,0.2282423407722099,0.16490242241895958,0.052601923021831754,0.03454740574075419,0.015837925284640949,0.030028867288797095,0.0
Jack Doyle,TE,IND,7.8143537456466463,4900.0,0.42502292037463996,0.3115278262454208,0.14792044533748763,0.048868006236071869,0.03551509324840648,0.023739643413155709,0.0074060651448173975,0.0
Seth DeValve,TE,CLE,7.4511144259162956,4500.0,0.55597494303345973,0.20558746247165749,0.069164740919493692,0.082664660801518533,0.059719249481437323,0.010228780572337764,0.016660162720095472,0.0
Zach Miller,TE,CHI,7.1158172553273191,5500.0,0.43270055031949911,0.36574249718798985,0.10554928913858443,0.057909068626522342,0.02431365461910593,0.0095077063064168479,0.0042772338018815673,0.0
Ben Koyack,TE,JAC,6.9422757612427386,4500.0,0.60865278177937021,0.17079290514502668,0.084278076953683806,0.050861591836141827,0.055946348253227272,0.012538666357839016,0.016929629674711313,0.0
Ed Dickson,TE,CAR,6.6013744875800047,4500.0,0.59048826203586513,0.14598482119249848,0.1755024093029747,0.040113615212781721,0.041335601526736009,0.0034249225114476767,0.0031503682176961994,0.0
Chase Coffman,TE,IND,6.5170343986130579,4500.0,0.62654904755790841,0.19144771173305061,0.063249393262603093,0.037651100273562242,0.053658729564625522,0.013675968045638968,0.013768049562610941,0.0
Ben Braunecker,TE,CHI,6.3781122207154919,4500.0,0.640238120618427,0.18315495336763304,0.056255563930396886,0.047360860564130434,0.049318374270624667,0.0088456953182265534,0.014826431930561353,0.0
Brandon Myers,TE,TB,6.2042365251365155,4500.0,0.65825291021865862,0.14460988741516856,0.10653219603724629,0.041277571367005494,0.020152161830721257,0.007271740826038077,0.02190353230516158,0.0
Eric Ebron,TE,DET,6.045917196977773,5300.0,0.66198459236968388,0.1621829685995719,0.076159395218694914,0.037452529364156058,0.043822160885071702,0.008369232955000052,0.010029120607821213,0.0
Geoff Swaim,TE,DAL,5.9821446590246969,4500.0,0.68319082918681306,0.12730069663778834,0.088150848790372729,0.037781032220326902,0.051517335228920554,0.0033140510485439481,0.0087452068872342931,0.0
Gavin Escobar,TE,DAL,5.9821446590246969,4500.0,0.68319082918681306,0.12730069663778834,0.088150848790372729,0.037781032220326902,0.051517335228920554,0.0033140510485439481,0.0087452068872342931,0.0
Zach Ertz,TE,PHI,5.4690207505522181,4800.0,0.66608216239861162,0.17359194902836184,0.095129984796909428,0.039959884094033005,0.018846949725437372,0.0045627829425261583,0.0018262870141205548,0.0
Ryan Griffin,TE,HOU,5.1943886440350253,4500.0,0.67427987552464519,0.22202790617965332,0.041277767003160194,0.020861635289555983,0.037691189620493143,0.0027706314772047705,0.0010909949052872489,0.0
Austin Hooper,TE,ATL,5.1825212664741898,4500.0,0.75468420892603383,0.11816851106577415,0.062534870309613563,0.027279532869344623,0.010336850197148972,0.0035961139302289279,0.023399912701855735,0.0
Tyler Kroft,TE,CIN,5.0543054834317971,4500.0,0.74194780724307452,0.096593076163365585,0.098582629319053566,0.045795087939627444,0.010387965252676299,0.003561122986011508,0.0031323110961910417,0.0
Mychal Rivera,TE,OAK,4.9913719734972553,4500.0,0.78127124990768104,0.095313475056732877,0.05726754653043626,0.025498592051632716,0.017531198340491362,0.005640893779790118,0.017477044333235627,0.0
Clay Harbor,TE,DET,4.981846613293591,4500.0,0.74256846230300322,0.12258894021573813,0.078316333772177699,0.035453595874457774,0.0085151764695844973,0.0032649816505585854,0.0092925097144800593,0.0
Nick O'Leary,TE,BUF,4.9432794545523526,4500.0,0.73942697370437827,0.11921463731980203,0.081655869904364228,0.043507412306581221,0.011053174198603412,0.0013519877419848104,0.0037899448242859619,0.0
Ifeanyi Momah,TE,ARI,4.864837863352947,4500.0,0.68471175519588301,0.21495602825518803,0.065104966610772794,0.020687893791353405,0.010144063647543382,0.0022718173437094279,0.0021234751555499675,0.0
Coby Fleener,TE,NO,4.7690463655579611,5700.0,0.72429677027712758,0.19355557694782483,0.031865975368698757,0.028030383470709474,0.0061798143990914531,0.011168853046457925,0.0049026264900901605,0.0
Jacob Tamme,TE,ATL,4.7609691940561518,5300.0,0.76046316102680611,0.13016486345794118,0.062736776628809346,0.024060001628897959,0.0077223218363292019,0.0020383735828295164,0.012814501838386505,0.0
Anthony Fasano,TE,TEN,4.6534766235834537,4500.0,0.78345101073600021,0.11206506162727908,0.039686994378754455,0.028702237218809573,0.030748316225543408,0.0030634473434577834,0.002282932470155589,0.0
Stephen Anderson,TE,HOU,4.572227417846169,4500.0,0.77084414794699463,0.15859281209722803,0.020783551580272151,0.022125297675835445,0.0096012604588652413,0.005226275411155913,0.012826654829648424,0.0
Antonio Gates,TE,SD,4.5611975228855464,5300.0,0.74549050913241133,0.16707634657973697,0.056546629879189785,0.015387482197005031,0.0041240573334279272,0.003017409596148555,0.0083575652820805021,0.0
Jimmy Graham,TE,SEA,4.5376980481114551,6700.0,0.75019422815494596,0.16849402162577409,0.030652028159398603,0.033284449663165211,0.010401321698806549,0.0060318557622775102,0.00094209493563232778,0.0
Luke Stocker,TE,TB,4.4626621161607494,4500.0,0.80360923768244608,0.11429467090363278,0.030423053853945718,0.025708984022909866,0.0083270654947199783,0.0051226611348187462,0.01251432690752656,0.0
Jeff Heuerman,TE,DEN,4.4370766702421607,4500.0,0.79628637875860075,0.1172498128666853,0.043582275409253177,0.020162324357586994,0.0086080336047165383,0.0024271830992722153,0.011683991903884961,0.0
Randall Telfer,TE,CLE,4.4085845983998428,4500.0,0.80696809202417374,0.12169867672682905,0.01840581858770934,0.029535245922433926,0.0053784294802956909,0.0026680947275951926,0.01534564253096312,0.0
Nick Vannett,TE,SEA,4.4024495793112255,4500.0,0.81332945089405817,0.10262717691956627,0.039016514109555381,0.018540482178913874,0.0080143688663990922,0.0052781713223764778,0.013193835709130445,0.0
Phillip Supernaw,TE,TEN,4.3510162829849959,4500.0,0.81617195006612109,0.091964003666793331,0.034793946259154371,0.026407345668413077,0.026661741757175249,0.0021494836048473131,0.0018515289774954547,0.0
Khari Lee,TE,DET,4.314720332052091,4500.0,0.80976374141736196,0.09151427295784427,0.058385203632698703,0.025746333991981334,0.0058018994701802421,0.0019418527427054358,0.0068466957872283449,0.0
Rhett Ellison,TE,MIN,4.2652550298042353,4500.0,0.82318415187130212,0.10583708291571391,0.031247164611798949,0.014237765564146408,0.0069268099208918289,0.0042577372062838842,0.014309287909862977,0.0
Jermaine Gresham,TE,ARI,4.2583760308354588,4500.0,0.77003976324044043,0.15088833109813574,0.052187662817979048,0.016007923344757757,0.008080672844181503,0.0014044101548578876,0.0013912364996475609,0.0
Richard Rodgers,TE,GB,4.2069439210711002,4800.0,0.82622623699952913,0.065152401448478975,0.075046524125395517,0.016072447929820575,0.012758562061406102,0.0026287572333596465,0.0021150702020100998,0.0
Niles Paul,TE,WAS,4.1229204118656151,4500.0,0.83656077398194639,0.088459771086605105,0.040788837784813001,0.015086973824885792,0.0050502876556367936,0.0015081654733641633,0.012545190192748702,0.0
Justin Perillo,TE,GB,3.9914694266247186,4500.0,0.85116641340505028,0.053758795114687008,0.064812305695069614,0.014308896291415043,0.01132277767136808,0.0022717317235094229,0.0023590800989004563,0.0
Brent Celek,TE,PHI,3.9462649843333018,4500.0,0.82882106667367805,0.095636356393538041,0.046664497959415595,0.019578705335175962,0.006870535274331113,0.0011453746091051639,0.0012834637547558501,0.0
Trey Burton,TE,PHI,3.9209137651832635,4500.0,0.83334651100153279,0.093676109625273007,0.042821538264364731,0.020228842025764606,0.0073233721016372497,0.0013600153203149291,0.0012436116611127257,0.0
Josh Hill,TE,NO,3.5440651159895626,4500.0,0.88266406100655692,0.076101402313822661,0.018103514924660037,0.011711849542518355,0.002774383643794732,0.0039464119094471273,0.0046983766592000329,0.0
John Phillips,TE,NO,3.4994525524498199,4500.0,0.88859852947944873,0.071344300689068579,0.017339985536781691,0.011732595835810112,0.0028144479704287476,0.0037968358912113245,0.0043733045972507781,0.0
Demetrius Harris,TE,KC,3.4602716849257882,4500.0,0.88293248891830156,0.08122522393496398,0.01200367292486533,0.014411009126839226,0.0056030543752304193,0.002455371573115784,0.0013691791466837987,0.0
Brandon Bostick,TE,NYJ,3.3574840876761485,4500.0,0.8807814911766273,0.086443239537443109,0.021251163289481997,0.0078138014638022956,0.0017738630870861539,0.00038164981137684648,0.0015547916341825782,0.0
Clive Walford,TE,OAK,3.3536218777810434,4600.0,0.91395801547187139,0.048636963563793573,0.016007328493654063,0.010949032624805207,0.0025659563935740469,0.0028504939223781105,0.0050322095299237778,0.0
Tyler Eifert,TE,CIN,3.2943075063499814,5600.0,0.90813965035642974,0.062553494302589094,0.01213859853386501,0.0094183834060556498,0.0018471610627760794,0.0013204098456276812,0.0045823024926565431,0.0
Brandon Williams,TE,SEA,3.2590725473373729,4500.0,0.91403137822224734,0.05155601200789979,0.016185809721710298,0.010972939831595516,0.0037347728691028352,0.0018967338089547528,0.0016223535384895904,0.0
Marcedes Lewis,TE,JAC,3.2460641798179726,4500.0,0.89753419949343005,0.080819046869979344,0.0084598648186181864,0.0075049698334586339,0.0023349750669137046,0.0014239238507004369,0.0019230200668993796,0.0
Kellen Davis,TE,NYJ,3.2425836257646945,4500.0,0.89623736889967998,0.075391265216308387,0.018556389025097309,0.0068155254347861795,0.001406187873903013,0.00027657265999930916,0.0013166908902259565,0.0
Virgil Green,TE,DEN,3.2358008416117814,4500.0,0.89979557524681553,0.077819050339939272,0.0073945476151043455,0.010254904558134256,0.0020324732461061545,0.0012766682446473288,0.0014267807492529835,0.0
Sean McGrath,TE,SD,3.2328085137046152,4500.0,0.91201054308836016,0.05870694855413202,0.017800748532090648,0.0053402631069303296,0.0011200129584794938,0.00059148564809940974,0.0044299981119082406,0.0
Logan Paulsen,TE,CHI,3.2288362370226151,4500.0,0.90182366774069711,0.069053469176833249,0.017385069015535576,0.0083632209415797076,0.0018415247949407762,0.00031795730371506433,0.0012150910266986185,0.0
Julius Thomas,TE,JAC,3.2010665294786951,5500.0,0.89575606077540892,0.086282465871217323,0.0071368607501730245,0.00696428669095804,0.0018928995249021191,0.0010637407773464906,0.00090368560999395475,0.0
James O'Shaughnessy,TE,KC,3.1771709717674486,4500.0,0.91558152149562766,0.059672791997894083,0.0085999535523558386,0.010077515890105727,0.0035895226619026407,0.0014271044538571567,0.0010515899482569839,0.0
Travis Kelce,TE,KC,3.0776966247595627,5700.0,0.91749128198534746,0.065780156551508984,0.0055799243149280246,0.007875687466621208,0.0019626847103213154,0.00093013585591873184,0.00038012911535457506,0.0
