name,pos,team,expectation,salary,prob_0_5,prob_5_10,prob_10_15,prob_15_20,prob_20_25,prob_25+
DeMarco Murray,RB,TEN,16.625940957580514,8300.0,0.071365646185247669,0.16428950585521523,0.18902509566045966,0.1802569443226936,0.23323637851003701,0.16182642946634779
Devonta Freeman,RB,ATL,14.277990312891495,6900.0,0.14577849689663347,0.20308954412136179,0.19810878463753404,0.17455437472579124,0.15971617308890304,0.11875262652977664
David Johnson,RB,ARI,14.250680103708937,8700.0,0.1124521117600684,0.2067213084709878,0.24614325529773737,0.18946923562738616,0.14334994942593934,0.10186413941788168
Lamar Miller,RB,HOU,14.20798464131447,7400.0,0.17354259643633274,0.19885113086774339,0.22117723066632133,0.12524920472541598,0.081255464634673119,0.19992437266951349
Spencer Ware,RB,KC,13.737946801149237,7400.0,0.13612651039348855,0.25185654847027683,0.21661471190975118,0.15571997623471254,0.10306780572292651,0.13661444726884486
Mark Ingram,RB,NO,13.293955007074103,6200.0,0.17091580554825714,0.22790318471347501,0.2088855136913654,0.1510004477633968,0.14635979538910646,0.094935252894399733
LeGarrette Blount,RB,NE,13.099333713438586,6600.0,0.15781805579024785,0.2455786135023863,0.22575029001216312,0.14600718833351076,0.13946327764798994,0.085382574713702489
Christine Michael,RB,GB,12.76614223761969,7800.0,0.16721032113454962,0.24629969790678624,0.217426323282709,0.17487129126629264,0.12349960279545727,0.070692763614205345
Matt Forte,RB,NYJ,12.598431761731655,7300.0,0.17583683005184356,0.24281241823378902,0.23710328307068917,0.16592293940784206,0.08672409643154641,0.091600432804290269
Melvin Gordon,RB,SD,12.493500099305546,7200.0,0.15584287706054456,0.28082947359996985,0.24050502717335853,0.14423553163567698,0.088781555644860302,0.089805534885590052
Jeremy Hill,RB,CIN,12.224604004849983,6500.0,0.20678028729506698,0.25271872111529448,0.21308840826541892,0.13634038252005126,0.098356888257133498,0.092715312547035231
Isaiah Crowell,RB,CLE,12.195591523845367,5900.0,0.23390333568668087,0.23408474632975407,0.2092430268937068,0.12345639927543428,0.080384152246519541,0.1189283395679049
Frank Gore,RB,IND,11.958967947865155,6300.0,0.193730123388555,0.29061174300493625,0.20760133973786229,0.13240441353310739,0.089495975184651091,0.08615640515088864
Giovani Bernard,RB,CIN,11.74002256131301,6200.0,0.21968877823218663,0.28352612740329686,0.18817971492716895,0.12341969590893601,0.10806855036390023,0.077117133164511659
Latavius Murray,RB,OAK,11.532442079698477,6200.0,0.25735716212640314,0.24277077971382555,0.2152274530712241,0.11026553778762581,0.069429219784064439,0.10494984751685728
Ryan Mathews,RB,PHI,11.312478784498831,5500.0,0.30186499823231994,0.22248887639444145,0.17284223276775476,0.10321650555200602,0.11326403695359213,0.086323350099885704
Ezekiel Elliott,RB,DAL,11.150860369736268,8500.0,0.30951122146987375,0.23044553934010373,0.16996900743370938,0.11252671149730227,0.065529216047231012,0.11201830421178001
Jacquizz Rodgers,RB,TB,10.612446475787033,6600.0,0.27676286476387207,0.275034038293476,0.23009871269264462,0.066047108773999386,0.071169872223397435,0.080887403252610637
Jordan Howard,RB,CHI,10.406152193683614,6100.0,0.32895322787902592,0.23564046545993944,0.18025772580213961,0.11174867851269807,0.067171025596578157,0.076228876749619368
Chris Thompson,RB,WAS,10.054811279042756,5200.0,0.35918374157974414,0.23622570073340179,0.14880816589155696,0.11659137635136164,0.068608982981728267,0.070582032462207456
James White,RB,NE,9.7517427403050547,5800.0,0.36576382612330016,0.24419509945549603,0.16800757090965118,0.084417859981961565,0.071193490807626408,0.0664221527219645
Devontae Booker,RB,DEN,9.7378835632437539,5600.0,0.32944160000506639,0.27801104185368819,0.19130259722233164,0.079963578062250268,0.059336172119671821,0.061945010736992233
Matt Asiata,RB,MIN,9.419418431210639,5600.0,0.3505375941396528,0.25394010041959741,0.22988917910192397,0.051863696352611358,0.054273011370225131,0.059496418615989539
T.J. Yeldon,RB,JAC,8.8293772430493025,5800.0,0.42842588683132826,0.24697027146409367,0.1393134999060219,0.061161576338327153,0.063850378982404268,0.060278386477824866
Mike Gillislee,RB,BUF,8.8196910439066052,5900.0,0.46707373134683372,0.19818713709202726,0.1335462898913865,0.075352685840432587,0.056600344761374745,0.069239811067944843
Chris Ivory,RB,JAC,8.543095943488181,5200.0,0.44620936251664173,0.24990339363160394,0.13301377152299523,0.053224560543386305,0.055229988536984166,0.062418923248389248
Jonathan Stewart,RB,CAR,8.4265829858845986,6100.0,0.46868513382649579,0.21458325166492367,0.14499635131329491,0.060067285108408523,0.057801102874204341,0.053866875212672624
Zach Zenner,RB,DET,8.272763083842646,5400.0,0.417036715669168,0.29187691502874535,0.14340133346999176,0.054409529681787486,0.053733084997101714,0.039542421153206171
Duke Johnson,RB,CLE,8.1885012181393027,5100.0,0.44859701873425673,0.27811098475633839,0.11166933130367933,0.057603506572646214,0.056655716619174318,0.047363442013905459
DeAndre Washington,RB,OAK,8.1285634847466532,5500.0,0.50469372006203417,0.21378251268616569,0.10897832791106682,0.060958558683392887,0.046836550895851474,0.064750329761489353
Rob Kelley,RB,WAS,7.9475704022152733,5100.0,0.51955722269128135,0.21963245737191006,0.093453581661800789,0.065000207915836258,0.023808815795821701,0.078547714563349524
Ka'Deem Carey,RB,CHI,7.7523823658762936,4500.0,0.54959436079647173,0.18088749101420015,0.10195737016529156,0.067627482689484389,0.036874682910742022,0.06305861242381075
Peyton Barber,RB,TB,7.1326521276559269,4500.0,0.51253786449772654,0.23479835170683094,0.16036061899393558,0.036786781846989691,0.016931424477072944,0.038584958477444468
Bilal Powell,RB,NYJ,7.0683124925632104,5200.0,0.57779196099898944,0.20511341522187942,0.090587523020542474,0.036465300612769876,0.03223086531772662,0.057810934828092318
Alfred Blue,RB,HOU,6.8245034644035982,4500.0,0.59015265288384544,0.20311240363172581,0.09192603320962528,0.030992469081922335,0.034123390380427783,0.049693050812453052
Darren Sproles,RB,PHI,6.5046104731473253,4900.0,0.61981186669090393,0.17941616515728587,0.091453041621701453,0.041587020527965653,0.024820745365836561,0.042911160636306615
Antone Smith,RB,TB,5.9080627918390451,0.0,0.6808712785663652,0.167697471804616,0.067733328630312548,0.016032668100960559,0.0079758394890448864,0.059689413408701271
Theo Riddick,RB,DET,5.835483105000991,5900.0,0.69678289124438864,0.15513380667141605,0.059585848558359772,0.014242359814859615,0.021211430787398813,0.053043662923577664
Tim Hightower,RB,NO,5.7711401480035818,4500.0,0.72866648137194112,0.11986091715583053,0.060060504681892106,0.013926395655027632,0.014961589560523148,0.062524111574785268
Wendell Smallwood,RB,PHI,5.7369707125976843,4900.0,0.69604716098324426,0.14388159735825254,0.072753137531847922,0.029591380084724901,0.019401490366238273,0.038325233675692134
Derrick Henry,RB,TEN,5.5770623721262798,4900.0,0.71492550754364692,0.13829775689763152,0.063899530674528415,0.020294213938606136,0.024481940365183884,0.038101050580402772
Robert Turbin,RB,IND,5.4881718191672473,4500.0,0.70722971581497063,0.15979288062052255,0.054961642502642197,0.027220444892784627,0.0077197173161105744,0.043075598852969278
Travaris Cadet,RB,NO,5.4490671368472245,4600.0,0.68614315721656705,0.19556229941088116,0.045982964226127812,0.02128989889218634,0.016692898441438085,0.034328781812799358
Rex Burkhead,RB,CIN,5.4153463825889734,4500.0,0.71568891611924401,0.14444398291149046,0.065878874200613002,0.027595842115640114,0.0078819044069024478,0.038510480246109667
Alfred Morris,RB,DAL,5.1546305078142964,4600.0,0.74500085523382531,0.15254164759240973,0.03562754276035749,0.0090088146865147586,0.0090027742442733288,0.048818365482619405
Andre Ellington,RB,ARI,5.142800769776926,4500.0,0.76212580146265574,0.11920973410101211,0.045311822104243206,0.020384727613299323,0.0072669807879557338,0.045700933930833236
Reggie Bush,RB,BUF,5.1424156558316625,5100.0,0.73954330491328168,0.13452336667691464,0.05157108119917124,0.034125182247964229,0.012743269466157696,0.027493795496510369
Aaron Ripkowski,RB,GB,5.0831507677539154,4500.0,0.78353123583080986,0.10901140969674869,0.033811737980154466,0.012735713324772904,0.0027613879181656018,0.058148515249348845
Charcandrick West,RB,KC,5.066454307399014,4500.0,0.74343551901618088,0.13930750508439227,0.053649539016840664,0.021793325460099548,0.0077662551310006718,0.034047856291485594
Rod Smith,RB,DAL,5.0573309024605306,4500.0,0.77347178019349072,0.13610082658641093,0.021352632342699407,0.0019776319945007535,0.0087584511777017635,0.058338677705197309
Jalen Richard,RB,OAK,4.9384010904458444,4900.0,0.75260030509534981,0.14186303426282784,0.043934819223339326,0.020576532785716414,0.0089085961413169681,0.032116712491449088
Don Jackson,RB,GB,4.9256401168823603,5000.0,0.78902386012950987,0.10733798238265967,0.033891561709980533,0.016485752764122705,0.0057545557871580971,0.047506287226570069
Daniel Lasco,RB,NO,4.8901621155822212,4500.0,0.791527761281824,0.11277277939905832,0.028762839557292964,0.011316132457897221,0.0043168692905334724,0.051303618013394822
Keith Smith,RB,DAL,4.875413926042544,0.0,0.77747475306397085,0.14532666409832887,0.015825069466837843,0.0021114896224084206,0.0045386054329938242,0.054723418315460681
Zach Line,RB,MIN,4.7956447523096353,4500.0,0.7939148807962173,0.12060461556162137,0.023047042752010232,0.0093174738687710913,0.0011021073169337459,0.052013879704447284
C.J. Prosise,RB,SEA,4.7823879418522992,4600.0,0.78237045044559961,0.1237578643965838,0.033562013315913325,0.014781213638899372,0.0063902345896690435,0.039138223613335001
Fozzy Whittaker,RB,CAR,4.7750096609893538,4800.0,0.7833522402961739,0.11980460142108172,0.03985524177856662,0.013311633743758612,0.00282946781371889,0.040846814946700831
Mike Tolbert,RB,CAR,4.6788799622500381,4500.0,0.82301102428347794,0.078880118036434244,0.033577253315524164,0.012515014679976439,0.0078866246803446002,0.044129965004243384
Ronnie Hillman,RB,MIN,4.6698344812347319,4500.0,0.76012863586440393,0.16210024502271048,0.034067228621977586,0.0070451056826668903,0.00069704710892723649,0.035961737699314184
Jonathan Williams,RB,BUF,4.6520743883223323,4500.0,0.80932744832277292,0.087551992433097844,0.045043737395552549,0.013783506818832635,0.010041685164951422,0.034251629864792049
Jamize Olawale,RB,OAK,4.6398736139977581,4500.0,0.82448584734883223,0.085698548586827294,0.028400247073590425,0.0066706686992565713,0.0082597674896999675,0.046484920801794657
Knile Davis,RB,KC,4.592083500449383,5300.0,0.80884336448731953,0.097234341940561644,0.039074158276513331,0.011465037690570177,0.0082765595006056049,0.035106538104430929
Stepfan Taylor,RB,ARI,4.5560071487303064,4500.0,0.82670685528863108,0.078335394753519763,0.03624669268073847,0.014590198817767616,0.0040022391189498538,0.040118619340392528
Jeremy Langford,RB,CHI,4.494212867112461,4800.0,0.82324030947669324,0.10371019175485384,0.016522136524830471,0.0093676948874775717,0.0018133128251824142,0.045346354530962973
Kenneth Farrow,RB,SD,4.490032205234364,4500.0,0.81204624019542215,0.10459324384796063,0.030742935907899824,0.013846213043764183,0.0034681487729448361,0.03530321823200816
Kerwynn Williams,RB,ARI,4.4220746708000513,4500.0,0.85712017196840329,0.067955011334720997,0.016048265939726448,0.0041575423095520717,0.0017042782208046357,0.053014730226792324
John Kuhn,RB,NO,4.4216857115077586,4500.0,0.83240548693656657,0.09090709582954945,0.024248499151126951,0.0069153693814521695,0.0034308034811352372,0.042092745220170126
Brandon Bolden,RB,NE,4.3628748280536653,4500.0,0.8069992552209112,0.13201956252237743,0.014453073528777623,0.0057999991512104627,0.0093912893064503032,0.031336820270273499
Taiwan Jones,RB,OAK,4.3134785296751676,4500.0,0.85639678789638218,0.070518857495106543,0.022269323091987606,0.0022445766075378016,0.0019478021115943041,0.046622652797392146
Andy Janovich,RB,DEN,4.2846648947598514,4500.0,0.83786879720408636,0.092065529493116444,0.023787877219300049,0.0065457089402539683,0.0010058675167236579,0.038726219626519433
Terron Ward,RB,ATL,4.2775585760831714,4500.0,0.84070449341680697,0.093015425514744732,0.019108694498894557,0.0033363243298909417,0.0049053834838923994,0.038929678755771469
Jonathan Grimes,RB,HOU,4.1803791558692867,4500.0,0.83231466499661577,0.10807589478395979,0.020483777806307817,0.0039289051913386193,0.00073812090562978751,0.034458636316149267
Juwan Thompson,RB,DEN,4.1147050092400423,4500.0,0.8572267320280953,0.084116626395326202,0.015893232772105064,0.0029773454425808909,0.00082444322873755516,0.038961620133155753
James Develin,RB,NE,4.0091750885066801,4500.0,0.82523182114047333,0.12955802702004413,0.01057714137465854,0.004799619755802037,0.012443104880539665,0.017390285828482024
Kenjon Barner,RB,PHI,3.9879515000623402,4700.0,0.8551126511148176,0.079019942479065339,0.026911267484005869,0.013541037186094234,0.002950797672976345,0.022464304063040574
Antonio Andrews,RB,TEN,3.9716374888294159,4500.0,0.87501102848524626,0.058202464388989072,0.030496605840195003,0.0023837218643832933,0.0015502410025802888,0.032355938418606574
Jalston Fowler,RB,TEN,3.9716374888294159,4500.0,0.87501102848524626,0.058202464388989072,0.030496605840195003,0.0023837218643832933,0.0015502410025802888,0.032355938418606574
Will Tukuafu,RB,SEA,3.9656576744581526,4500.0,0.86728050140285651,0.077777907785245237,0.017283032399591228,0.0033456822781339603,0.00081386519806875128,0.033499010936105113
Patrick DiMarco,RB,ATL,3.9555190508409197,4500.0,0.87629593766703329,0.06521837051085129,0.016750198871688184,0.0039259114507402635,0.008440599936700462,0.029368981562986708
Jerome Felton,RB,BUF,3.8788755913203694,4500.0,0.88245040064471869,0.059587463843079218,0.022089022302044781,0.0027063799254457683,0.0019431963829896995,0.031223536901721801
Anthony Sherman,RB,KC,3.7520169728113597,4500.0,0.90430215231791611,0.045000062937377551,0.012718940791071519,0.0043657364558084052,0.0011972968138074932,0.032415810684019185
Dexter McCluster,RB,SD,3.7169310938460307,4500.0,0.88346978360627249,0.066306664358344855,0.018729166547261065,0.0080286127972475918,0.0017934805297741721,0.021672292161099921
George Atkinson,RB,CLE,3.6387977326945427,4500.0,0.91128716869351634,0.042141781294054326,0.013060000096389633,0.0035273645213936109,0.001002755485334269,0.028980929909311448
Michael Burton,RB,DET,3.6203915327903022,4500.0,0.89045615526375665,0.070434317696644655,0.01202746803783851,0.0024964791786400236,0.00082828386578507652,0.023757295957335629
Denard Robinson,RB,JAC,3.5841034445597053,4500.0,0.89543262622387054,0.066062049122152577,0.011954403341445827,0.00259891157639537,0.00070695030297387854,0.023245059433162948
Derek Watt,RB,SD,3.564311300023324,4500.0,0.90727341770655368,0.048813118420912426,0.01285677939157388,0.007520055461786474,0.001907728680626012,0.021628900338548186
Tyler Ervin,RB,HOU,3.5500850361596212,4500.0,0.9009172609901408,0.053689241334635394,0.012510189043529447,0.016132420849883606,0.00084431364847582996,0.015906574133335152
Jay Prosch,RB,HOU,3.5361657753989526,4500.0,0.91470259122076514,0.041567560302903726,0.012826855265820817,0.0068453448877851455,0.0008123920317401448,0.023245256290985766
Kapri Bibbs,RB,DEN,3.4966218728899499,4500.0,0.91858515050757528,0.039863823556636306,0.013273327311081709,0.0037854169608927909,0.00090376280256114277,0.023588518861253394
Ryan Hewitt,RB,CIN,3.4769275486965445,4500.0,0.91910414656637773,0.039712623476167615,0.014587032925108207,0.0027442030997054672,0.00099375854940044069,0.022858235383241249
Josh Ferguson,RB,IND,3.47656715604022,4500.0,0.91679521966727873,0.043768946218620167,0.012865416745058337,0.0030845510250123902,0.00086933329588668431,0.022616533048144559
Jordan Todman,RB,IND,3.47656715604022,4500.0,0.91679521966727873,0.043768946218620167,0.012865416745058337,0.0030845510250123902,0.00086933329588668431,0.022616533048144559
