name,pos,team,expectation,salary,prob_0_5,prob_5_10,prob_10_15,prob_15_20,prob_20_25,prob_25_30,prob_30+,label
Rob Gronkowski,TE,NE,11.892250802299538,8100.0,0.086561430949069387,0.34810555169412688,0.2731286544556546,0.2052640359355066,0.067231868653593624,0.019158174396495135,0.00055028391555401535,1.0
Jimmy Graham,TE,SEA,9.5221127603805797,6700.0,0.12696247228407817,0.48096488367740842,0.2843039602363937,0.086017596829385229,0.012121197694407696,0.0095214090993284064,0.00010848017899868364,1.0
Martellus Bennett,TE,NE,8.0410322016050397,5400.0,0.34668831865631983,0.30393568268589749,0.28493007469809367,0.037079791560140817,0.015114482851024494,0.011281613274000266,0.00097003627452331279,0.0
Julius Thomas,TE,JAC,7.1618413392543987,5500.0,0.29356288378909429,0.58143076973684471,0.065141838746047995,0.030568133291515882,0.017856116144133016,0.011224481819671037,0.00021577647269294538,1.0
Coby Fleener,TE,NO,6.9979096565198402,5700.0,0.37369382694592634,0.42823385530231917,0.1476998173803761,0.033122879343607761,0.010288717368285464,0.0065472933664822933,0.00041361029300307234,1.0
Travis Kelce,TE,KC,6.0439125279437311,5700.0,0.46685209567993091,0.4303355258348821,0.059327180409109323,0.022336603800248399,0.013130561169134638,0.0079044348901036419,0.0001135982165912618,0.0
Zach Miller,TE,CHI,5.9374299280355167,5500.0,0.38913490176569143,0.5688667827599051,0.015569126235559744,0.020325402912270061,0.0040429423739197778,0.0020416756991078013,1.9168253546218373e-05,1.0
Greg Olsen,TE,CAR,5.6695971417065776,7400.0,0.65845137033238599,0.095286343374584345,0.21735436204902714,0.017221794565203202,0.0068138681864489264,0.0044441301820039936,0.00042813131034640466,0.0
Delanie Walker,TE,TEN,5.601760592065105,6500.0,0.46180235765810168,0.49531890321143746,0.010217286511733353,0.028094723182460139,0.0025485471508131016,0.0019986005519796665,1.9581733474706977e-05,1.0
Charles Clay,TE,BUF,5.2745526800729108,4900.0,0.55683695803822475,0.3585570211258749,0.066068141100816366,0.012065542717140545,0.0043981402605973103,0.0020361569529910462,3.8039804355154659e-05,0.0
Gary Barnidge,TE,CLE,5.1425316329349329,5000.0,0.63203802197202896,0.28905393634834176,0.02614508779105109,0.034492453675962237,0.0083783214227510366,0.0094183961309806351,0.00047378265888438256,0.0
C.J. Fiedorowicz,TE,HOU,5.0999089287120603,4900.0,0.62757562150592594,0.26312506096290422,0.081532965002962018,0.019162794655650538,0.0067517136783331322,0.0018276207794379119,2.422341478617462e-05,0.0
Antonio Gates,TE,SD,4.8357390076584599,5300.0,0.57554523029454963,0.40212731615360853,0.010192956896768962,0.0065888619938123004,0.0030687405156102003,0.0023378589373726452,0.00013903520827766695,0.0
Hunter Henry,TE,SD,4.7345407224920288,5800.0,0.60314319609521672,0.3726316892178374,0.007579530429858196,0.010367678900311041,0.0035972666564021085,0.0025325736387487728,0.00014806506162562064,0.0
Cameron Brate,TE,TB,4.0370524711920561,5200.0,0.77866290766355717,0.18426396220966676,0.011305665318940172,0.0055799099431689961,0.017260421511989487,0.0028483875193366084,7.8745833340936126e-05,0.0
Jason Witten,TE,DAL,3.8185086184485169,5200.0,0.78137841693654853,0.19280394008237819,0.013164642624766749,0.0085411268062398227,0.0022863824397811833,0.0013774026912724521,0.00044808841901310684,0.0
Zach Ertz,TE,PHI,3.3517042452937105,4800.0,0.86699417745132645,0.11166664785236492,0.009725335532485847,0.0083997733268004141,0.0020745230206180203,0.0011206068187313469,1.8935997673126761e-05,0.0
Jack Doyle,TE,IND,3.3271379114987165,4900.0,0.87647731582741251,0.097297838798521094,0.017005707758627971,0.0046057348368178739,0.0028509482004786669,0.0017057493908823264,5.6705187259442443e-05,0.0
Jacob Tamme,TE,ATL,3.2690682056062466,5300.0,0.89393785494530931,0.080738060701122244,0.01097922572136008,0.0090396510497133195,0.0027948875704941045,0.0023323030211438865,0.00017801699085709822,0.0
Vernon Davis,TE,WAS,3.0529949993716214,4500.0,0.91607404161793993,0.068164580532075761,0.0074921776752551782,0.0065378784682953404,0.00097152131251068685,0.00065890614912751102,0.00010089424479567987,0.0
Tyler Eifert,TE,CIN,3.0218109185679922,5600.0,0.9013683772692751,0.095238438498388492,0.0019968851436478778,0.00075343494198510297,0.00035859141691052212,0.00027497887289037928,9.2938569023140381e-06,0.0
Richard Rodgers,TE,GB,2.8501466603443624,4800.0,0.96168506977689372,0.020524000835103008,0.0091743549480814389,0.004795209158312534,0.0023824488051890163,0.0014078389698797393,3.1077506540640359e-05,0.0
Ryan Griffin,TE,HOU,2.7463893502698085,4500.0,0.96891820423689767,0.014017934075116107,0.016350345463079966,0.00040529872219962417,0.00020098217674201777,0.00010507295976792047,2.162366196786216e-06,0.0
Josh Hill,TE,NO,2.6335734192486391,4500.0,0.98128614195353181,0.012620236577458019,0.0049764497208933571,0.0005939535185062099,0.00028997918553056985,0.00021085550245078427,2.2383541628962125e-05,0.0
Kyle Rudolph,TE,MIN,2.5595465584194019,5100.0,0.9903112069465555,0.0084592197568013564,0.00068130942596638993,0.00025460929087197921,0.00014895771275680387,0.00014181018954013185,2.8866775080530801e-06,0.0
John Phillips,TE,NO,2.5489037940387318,4500.0,0.99490318650652065,0.0016256802812716015,0.0027612704511779467,0.00037630591440729181,0.00018497286633643728,0.00013471163753902004,1.3872342747088627e-05,0.0
Erik Swoope,TE,IND,2.5348332602958634,4500.0,0.99544961307878599,0.0031979588742063426,0.00078022277014821973,0.00027208435139594518,0.00012269597706529779,0.00016803432157813251,9.3906268200431392e-06,0.0
Clive Walford,TE,OAK,2.5262758608522651,4600.0,0.99673619054494023,0.0023347871351876411,0.00036372385154266184,0.00026823118884012487,0.00015044928478132367,0.00011104689271245261,3.5571101995710972e-05,0.0
Levine Toilolo,TE,ATL,2.5227724529541429,4500.0,0.99752330234405362,0.00095020197670296787,0.0012020696166557434,0.00017818214605075836,7.6475797818959594e-05,6.2528680186913678e-05,7.2394385309972893e-06,0.0
Ifeanyi Momah,TE,ARI,2.517232685835447,4500.0,0.9976472660510024,0.0016995514977886182,0.00039710137951305864,0.00013421321647214996,6.1020317458481786e-05,5.9631336298128504e-05,1.2162014667400117e-06,0.0
Anthony Fasano,TE,TEN,2.5146948089143697,4500.0,0.9984050018931494,0.00067478291735110422,0.00065401329527493238,0.00015678749314461759,6.2243811002840195e-05,4.6529522648997019e-05,6.4106742811567632e-07,0.0
Jermaine Gresham,TE,ARI,2.5090954655779791,4500.0,0.99891966581922687,0.00052568278622422621,0.00044347440001591819,6.0257494370052331e-05,2.9375246474343755e-05,2.1233059094580512e-05,3.1119459379234581e-07,0.0
Mychal Rivera,TE,OAK,2.5081952538758774,4500.0,0.99925325778000773,0.0003232200857978335,0.00017188106844567502,0.00011918396107408277,6.8259780490901656e-05,5.0536706596931172e-05,1.3660617587028992e-05,0.0
Jordan Reed,TE,WAS,2.5073703542343222,6800.0,0.99915095142472465,0.0005563307462030444,0.00010267323886936709,9.4195447171512847e-05,5.5684325995856182e-05,3.6000888869469634e-05,4.1639281657881968e-06,0.0
Nick O'Leary,TE,BUF,2.5067722240695973,4500.0,0.99905431104684705,0.0006433628531696265,0.00023796554055077005,3.4268420357282177e-05,1.8437506153180305e-05,1.1439680022258451e-05,2.1495290033943063e-07,0.0
Clay Harbor,TE,DET,2.5043824502181198,4500.0,0.99949448699420829,0.00027076893165634035,0.00014586776228579321,5.632959148021082e-05,1.8534395391195858e-05,1.3480587313142457e-05,5.3173766534055147e-07,0.0
Phillip Supernaw,TE,TEN,2.5031090323451126,4500.0,0.99959110641123772,0.00028939660486289456,6.1145384486335983e-05,3.4017370646665347e-05,1.3843308224355369e-05,1.0331488781348813e-05,1.5943176042696061e-07,0.0
Eric Ebron,TE,DET,2.5030292778590826,5300.0,0.9996076997953417,0.00028751569540830436,4.427819577896178e-05,2.8890030990862027e-05,1.7170866831641429e-05,1.2976851441557125e-05,1.4685642066967093e-06,0.0
Demetrius Harris,TE,KC,2.5020019614726432,4500.0,0.99978785859187924,0.00011734268538029754,4.0491144855997059e-05,2.7035322118415994e-05,1.568304567178001e-05,1.1400463477097117e-05,1.8874661673739814e-07,0.0
Ed Dickson,TE,CAR,2.5015694247529883,4500.0,0.99981011579695023,0.00011731986374486984,4.3739684090840448e-05,1.3915047480313829e-05,8.2371745949044563e-06,5.9859583678472238e-06,6.8647477097540341e-07,0.0
Tyler Kroft,TE,CIN,2.5011093360541352,4500.0,0.99988182565420181,6.5550934200770365e-05,2.3114607487305112e-05,1.4621470342225407e-05,8.4742914327341876e-06,6.2395268559832391e-06,1.7351547911827369e-07,0.0
Brent Celek,TE,PHI,2.5009283666531581,4500.0,0.99983549625772605,0.00015343030049115241,5.23734775202116e-06,2.933248019618965e-06,1.5935822308506779e-06,1.2773019470698315e-06,3.1961833632628515e-08,0.0
Virgil Green,TE,DEN,2.5004431917448096,4500.0,0.99995124962293847,2.5665736724039964e-05,1.3405911445798573e-05,4.7321482194143445e-06,2.849767427621025e-06,2.0426740746451284e-06,5.4139169903162085e-08,0.0
Trey Burton,TE,PHI,2.5004283069727009,4500.0,0.9999363880169525,5.1732234243025983e-05,5.9932197559754332e-06,2.9266024371830437e-06,1.6741835291171739e-06,1.2607671194034025e-06,2.4975963062554223e-08,0.0
Niles Paul,TE,WAS,2.500418194186286,4500.0,0.99995535732602547,2.6811168725350089e-05,7.4618298429839955e-06,4.7057275830265531e-06,2.571319690076891e-06,1.7336903494691252e-06,1.3589377830117053e-06,0.0
Marcedes Lewis,TE,JAC,2.5003822072052966,4500.0,0.99996162203757788,2.0009246934261468e-05,7.0911905816979878e-06,5.5967597249887495e-06,3.1632579635477368e-06,2.3715299872522986e-06,1.4597723020885074e-07,0.0
Geoff Swaim,TE,DAL,2.5002775227716638,4500.0,0.99995045138392469,4.7327949060177834e-05,4.7955550115412291e-07,7.2370143817896703e-07,4.3221125781832153e-07,3.2416492582662023e-07,2.610338916368569e-07,0.0
Gavin Escobar,TE,DAL,2.5002775227716638,4500.0,0.99995045138392469,4.7327949060177834e-05,4.7955550115412291e-07,7.2370143817896703e-07,4.3221125781832153e-07,3.2416492582662023e-07,2.610338916368569e-07,0.0
Justin Perillo,TE,GB,2.5001379880636048,4500.0,0.99998612840686585,7.4668525255668574e-06,2.1703643458511526e-06,2.1211837767881207e-06,1.1720038549620085e-06,9.1950756523067986e-07,2.1681065752287576e-08,0.0
Nick Vannett,TE,SEA,2.5001222419113831,4500.0,0.99998588604305361,8.9811543872779567e-06,2.1567318023662532e-06,1.4498342838676038e-06,8.5419723324635925e-07,6.5385503802510336e-07,1.8184201532768832e-08,0.0
Seth DeValve,TE,CLE,2.5001151981109979,4500.0,0.99998178223821377,1.5702365212729558e-05,1.2902797881898018e-06,5.705388167462703e-07,3.3029333555606591e-07,2.5596166020754484e-07,6.8322971917665129e-08,0.0
Luke Stocker,TE,TB,2.5001057368379804,4500.0,0.99999024792487612,4.6105007691800367e-06,1.6261377088081293e-06,1.5272632794238007e-06,1.275580851206837e-06,6.8758212217053064e-07,2.501039313583418e-08,0.0
Brandon Myers,TE,TB,2.5001057368379804,4500.0,0.99999024792487612,4.6105007691800367e-06,1.6261377088081293e-06,1.5272632794238007e-06,1.275580851206837e-06,6.8758212217053064e-07,2.501039313583418e-08,0.0
Randall Telfer,TE,CLE,2.5001039912667915,4500.0,0.99998450745339273,1.313355437422218e-05,7.0108043091828261e-07,8.0077112817299759e-07,4.6884203258853778e-07,3.5938970445303888e-07,2.8908936207221502e-08,0.0
Logan Paulsen,TE,CHI,2.5001024240982659,4500.0,0.99999235377029461,1.5951957241463467e-06,2.1563590538573556e-06,1.8970349897266562e-06,1.1223428578994602e-06,8.6200106632984757e-07,1.3296013671711149e-08,0.0
Jeff Heuerman,TE,DEN,2.5000936561002223,4500.0,0.99998778750753903,8.5343210997892223e-06,2.0562631695608529e-06,7.9001643755022834e-07,4.6370579485588709e-07,3.5580574657579694e-07,1.2380212431303023e-08,0.0
Brandon Bostick,TE,NYJ,2.5000879431079381,4500.0,0.99998874965131646,8.2790583953153436e-06,1.0352020109895739e-06,9.4795750614284171e-07,5.5256105850314582e-07,4.3077380653006133e-07,4.7959054827187032e-09,0.0
Kellen Davis,TE,NYJ,2.5000879431079381,4500.0,0.99998874965131646,8.2790583953153436e-06,1.0352020109895739e-06,9.4795750614284171e-07,5.5256105850314582e-07,4.3077380653006133e-07,4.7959054827187032e-09,0.0
Ben Koyack,TE,JAC,2.5000823070889968,4500.0,0.99999040500481029,5.6877473177464785e-06,2.2598301250957929e-06,7.8895407071799767e-07,4.6512842198217793e-07,3.5336321135226278e-07,3.997204228761937e-08,0.0
Chase Coffman,TE,IND,2.5000808348617127,4500.0,0.99999065212265714,5.9735922300554991e-06,1.4671398607666672e-06,9.0988269300480074e-07,5.3603814530470922e-07,4.0843930392101475e-07,5.2785109437423018e-08,0.0
Ben Braunecker,TE,CHI,2.5000745524440124,4500.0,0.99999103071728479,6.1569533866129272e-06,1.0514419910407323e-06,8.4924549360149739e-07,5.0032062288186808e-07,3.8130365328384489e-07,3.0017568425980756e-08,0.0
Brandon Williams,TE,SEA,2.5000626829045567,4500.0,0.99999338258294812,3.8681935240533583e-06,9.3704962287019813e-07,8.8238205523797733e-07,5.1995427837639132e-07,3.9774623435229823e-07,1.2091337006926718e-08,0.0
Stephen Anderson,TE,HOU,2.5000514875756887,4500.0,0.99999253760482476,5.8421710431797199e-06,9.2597833400154401e-07,3.3995412181134024e-07,1.9603706146575717e-07,1.5285211844609848e-07,5.4024958665797586e-09,0.0
Khari Lee,TE,DET,2.5000434683844683,4500.0,0.99999613905120899,1.5268222783969525e-06,8.9045354027373142e-07,7.1955507397100208e-07,4.1305736690550315e-07,2.9789373653488911e-07,1.3166794298163704e-08,0.0
James O'Shaughnessy,TE,KC,2.5000344761719009,4500.0,0.99999685311369368,1.4750177715593304e-06,4.8136109114462712e-07,5.806830728017312e-07,3.4279817608617965e-07,2.6094517809017025e-07,6.0810173546246855e-09,0.0
Austin Hooper,TE,ATL,2.5000247128501121,4500.0,0.99999812280376488,6.3229732874036885e-07,3.0342833616327149e-07,4.1991000321706952e-07,2.48959157709267e-07,2.1603985319560311e-07,5.6561556134394765e-08,0.0
Rhett Ellison,TE,MIN,2.5000187047527693,4500.0,0.99999802072895549,9.7511831261000235e-07,5.7231620561904347e-07,2.1043145327087443e-07,1.2187937775821693e-07,9.6352706329872768e-08,3.1729888528446082e-09,0.0
Sean McGrath,TE,SD,2.5000137097721966,4500.0,0.99999845640871798,9.9108896257291986e-07,2.0187230034273476e-07,1.6466561268641993e-07,9.7665046398242906e-08,7.4321323890910274e-08,1.397803585403929e-08,0.0
