name,pos,team,expectation,salary,prob_0_5,prob_5_10,prob_10_15,prob_15_20,prob_20_25,prob_25_30,prob_30+,label
Julio Jones,WR,ATL,13.302453333242203,9200.0,0.1665964326499631,0.24594972284134556,0.22458981719227669,0.1570719928270578,0.11281772432751444,0.040972388280443868,0.05200192188139869,1.0
A.J. Green,WR,CIN,12.883046136981882,8500.0,0.15266159489557973,0.27093653276797097,0.23849513432027217,0.16350378967043347,0.092233476823649796,0.043242943474434845,0.038926528047659489,1.0
Amari Cooper,WR,OAK,12.774726886665304,7500.0,0.17300823285771752,0.24979737985436726,0.24362191902244079,0.15056177343624638,0.10256246282177597,0.044629680140312815,0.035818551867139191,1.0
T.Y. Hilton,WR,IND,12.315378836805985,7800.0,0.18861302383732059,0.25731621360391882,0.2410611825266854,0.14889563924667193,0.090489650005887212,0.042377479417677132,0.031246811361839474,1.0
Marvin Jones,WR,DET,12.223870531180818,7400.0,0.19152785304029091,0.26568431244705043,0.23776211171152958,0.14233735638047146,0.089206607639579216,0.038602907607126556,0.034878851173952355,1.0
Alshon Jeffery,WR,CHI,11.961217029977146,6800.0,0.19925723257190911,0.27218414528309492,0.23860402356019997,0.13491693170103006,0.085397595465204298,0.03743361839508251,0.032206453023479117,1.0
DeAndre Hopkins,WR,HOU,11.77789082861575,7600.0,0.23746209877849758,0.24373633792246538,0.22216769016780119,0.14686477597569941,0.073279013155407399,0.04225965272299026,0.034230431277138929,1.0
Mike Evans,WR,TB,11.632383983649639,7900.0,0.23516858600083165,0.25355536952801411,0.22874990122570468,0.13032459226598403,0.087356725845198588,0.030980279200651901,0.033864545933615167,1.0
Jordy Nelson,WR,GB,11.529092384284516,7500.0,0.2607224774660149,0.25466585714671547,0.19733592196143224,0.12342589669109059,0.090639536651207456,0.034814717622526109,0.038395592461013948,0.0
Julian Edelman,WR,NE,11.497720446270929,6500.0,0.22838445868830354,0.26920562792800873,0.22064522890352034,0.13632847712705107,0.08445433114708481,0.036091298526377283,0.024890577679654909,1.0
Michael Crabtree,WR,OAK,11.456309667037718,7100.0,0.24110626422649048,0.25152986686561585,0.22843162944463857,0.14148985606283873,0.075746369486351689,0.030406885948460985,0.031289127965603507,1.0
Brandon Marshall,WR,NYJ,11.341438954586067,7400.0,0.24063700668598215,0.26246177166132467,0.22439320675249072,0.14035671137494868,0.070043208694573034,0.031937319701105166,0.030170775129575899,1.0
Demaryius Thomas,WR,DEN,11.123037226148959,7000.0,0.20975235813224888,0.32636704473295997,0.21359524160873616,0.11706337990089069,0.078417166734767868,0.033360098099974304,0.021444710790422213,1.0
Larry Fitzgerald,WR,ARI,10.910855752137786,7000.0,0.24583343556124981,0.29003472859150931,0.21070703334472618,0.12734176452228771,0.074980248029727289,0.02892804347828486,0.022174746472215224,1.0
Brandin Cooks,WR,NO,10.859252015195212,7200.0,0.27374936325081395,0.26339051272133657,0.20962702794003274,0.12393447065279278,0.07161659606268854,0.029331435127781816,0.028350594244553599,0.0
DeSean Jackson,WR,WAS,10.801043175756218,6000.0,0.27701117949068471,0.251455827441321,0.21663851673837525,0.13623923637013099,0.064245460575310651,0.029258228783744209,0.025151550600433187,0.0
Emmanuel Sanders,WR,DEN,10.681400080333315,6600.0,0.23010395394667985,0.3248976801058327,0.21338106124263215,0.11497423543348557,0.070611078219260687,0.027969831693760838,0.01806215935834804,1.0
Pierre Garcon,WR,WAS,10.642957912390022,5800.0,0.28155127319121526,0.24638453347501932,0.22699792701020652,0.13233333381255105,0.063720122537108514,0.028168374289243486,0.020844435684656461,0.0
Doug Baldwin,WR,SEA,10.632191807081004,7200.0,0.2801713414843649,0.26895960662158974,0.21166964795986479,0.11681369855160517,0.067458903008768778,0.028774309496500037,0.026152492877306269,0.0
Anquan Boldin,WR,DET,10.626851214298318,5800.0,0.26850620901034034,0.27111178010313552,0.22476456216614157,0.11817851528305601,0.067369770053079939,0.02982323308989775,0.020245930294348975,1.0
Jamison Crowder,WR,WAS,10.43635593314729,6200.0,0.28188835975534965,0.26325460420643287,0.22246116944104916,0.1260511430545852,0.061754332441676232,0.023942705030288339,0.020647686070619144,0.0
Golden Tate,WR,DET,10.379933379570105,6300.0,0.29241007930995089,0.26751570746878828,0.20812177805196891,0.12015520105276875,0.060156969676046522,0.029685192256197319,0.021955072184279348,0.0
Allen Robinson,WR,JAC,10.33214430060878,7100.0,0.31475235443858807,0.2572014701231658,0.19574874856346788,0.11621760032873608,0.059269223825906311,0.024845814066042582,0.031964788654093516,0.0
Terrelle Pryor,WR,CLE,10.313632782695608,6900.0,0.29499826788770123,0.26506243739730034,0.21459509993980583,0.1123501213048605,0.065748591867538245,0.025777628360456804,0.021467853242337076,0.0
Jeremy Maclin,WR,KC,10.252308976541249,6400.0,0.30139568805782763,0.26493700118972846,0.21004367522991296,0.11238590943465517,0.062935093646201729,0.024951846733974232,0.023350785707700307,0.0
Brandon LaFell,WR,CIN,10.081664125943476,6000.0,0.28948782116939747,0.2929716103577551,0.19928166154896076,0.11185380594841068,0.066281285327004266,0.024462312756864439,0.015661502891607278,1.0
Travis Benjamin,WR,SD,9.9500813739452028,5900.0,0.29138231485580918,0.31328269405439907,0.18844429067102036,0.10135617949463852,0.060843472773072879,0.025392828776996362,0.019298219374063359,1.0
Tyrell Williams,WR,SD,9.9056146284607038,5800.0,0.28391723834002003,0.31870120069413899,0.19610731493718886,0.099690872465600752,0.061065838366645454,0.024328569677598846,0.016188965518807014,1.0
Mohamed Sanu,WR,ATL,9.8173499755252642,5600.0,0.34465098929705013,0.23839894652964858,0.20472132364316423,0.10937681489118185,0.058625430948970846,0.022983988443500931,0.021242506246483425,0.0
Quincy Enunwa,WR,NYJ,9.6551026125455923,6100.0,0.3116122442301788,0.29445495539016681,0.19421629919646857,0.10789866836822186,0.057292164291659911,0.019432359297848128,0.015093309225456628,0.0
Kelvin Benjamin,WR,CAR,9.4245550174307606,7300.0,0.35550160846440992,0.26914233976563556,0.18395335015349767,0.090653616406421,0.058306162246432043,0.022135022703262473,0.020307900260341214,0.0
Allen Hurns,WR,JAC,9.4075376464508551,5700.0,0.33887220599543577,0.28575940055868593,0.18431210790743272,0.10232737892428581,0.048942087859737513,0.022827264799291834,0.01695955395513115,0.0
Jordan Matthews,WR,PHI,9.2721966964639737,6000.0,0.37722927760661124,0.25788061285841435,0.16885622779057816,0.10063071694462361,0.050914430868872491,0.023920249337990838,0.020568484592909102,0.0
Willie Snead,WR,NO,9.26019390194684,6400.0,0.38037912805173629,0.24953120505563128,0.1803183134297264,0.096599242887581038,0.048040146325907813,0.022296755408866317,0.022835208840550472,0.0
Davante Adams,WR,GB,9.1406694148530274,6600.0,0.3674799336678185,0.26363428399644145,0.1839631050217532,0.10330463914964325,0.046973412652589738,0.017616163303355827,0.017028462208398404,0.0
Michael Thomas,WR,NO,8.988592788512511,5700.0,0.36624387701453753,0.27221713088720451,0.18934651817391299,0.094016629167346918,0.047435749514657663,0.016530076112274833,0.014210019130065593,0.0
Will Fuller,WR,HOU,8.9728933612147532,6600.0,0.39077365108459977,0.25838152660785374,0.17269577103596778,0.095769665818803973,0.041704323431133915,0.018472393838966664,0.022202668182673954,0.0
Michael Floyd,WR,ARI,8.9121065002474715,5300.0,0.3670690678361832,0.29881891743965866,0.1588247091009789,0.09109091726757565,0.051687967526257698,0.016917595260418711,0.015590825568927174,0.0
Rishard Matthews,WR,TEN,8.8259337905483992,5300.0,0.38840559411029718,0.25886296168485401,0.1836665131100074,0.088490055033360437,0.048167602118486509,0.019864722665785501,0.012542551277208635,0.0
Stefon Diggs,WR,MIN,8.5994001554189872,6700.0,0.41273052126301352,0.26421468751068083,0.16110624656421646,0.08667994651108149,0.037776097160913333,0.014261756111883964,0.023230744878210214,0.0
Cole Beasley,WR,DAL,8.5544043252754118,6100.0,0.40662495889623723,0.26070623850940627,0.16728255859809638,0.094449943578288828,0.042950412840756597,0.014300161333539453,0.013685726243675844,0.0
Dontrelle Inman,WR,SD,8.2535671409757132,5300.0,0.44012406582075925,0.25107104618789683,0.14847334401227674,0.087999875547734585,0.042263074500232548,0.017201394142395167,0.012867199788704996,0.0
Seth Roberts,WR,OAK,8.1941218190446765,5000.0,0.45721343465196829,0.22293534261880332,0.16676759791117937,0.082162059172269736,0.040839968113912641,0.015348405707882691,0.014733191823984571,0.0
John Brown,WR,ARI,8.0624665037871353,5900.0,0.46687646540934508,0.23169092730943153,0.1531909090366837,0.074610520870277128,0.042054340314371864,0.015251872921988796,0.016324964137902326,0.0
Phillip Dorsett,WR,IND,7.7905364950278289,5300.0,0.48504709127262552,0.21744923406637215,0.16139741978789976,0.07145635688116414,0.038592667392385316,0.013499009164488599,0.01255822143506422,0.0
Chris Hogan,WR,NE,7.7902009049485477,5200.0,0.46992479163790746,0.25207759170676003,0.14099136188690703,0.075955409844444127,0.03388690245532467,0.010666399927842959,0.016497542540813773,0.0
Adam Thielen,WR,MIN,7.5193522635769776,5400.0,0.46630042708855718,0.26947684760033991,0.15052730063681261,0.063655487428214905,0.025808929006639586,0.012243152017401305,0.011987856222034002,0.0
Terrance Williams,WR,DAL,7.3605434635957909,5400.0,0.51434287097058817,0.22584954092764775,0.13123985998715543,0.073590870199068528,0.031313100022955009,0.010706670115754949,0.012957087776830618,0.0
Tajae Sharpe,WR,TEN,7.2982536607401549,4700.0,0.53721755192232179,0.20133837023357246,0.13515534797249423,0.068001200558255717,0.029341397157924842,0.014344922231531849,0.01460120992389914,0.0
Robert Woods,WR,BUF,7.2745481627475437,5300.0,0.51678992724805151,0.22327206850596246,0.14519919868385134,0.063619092972587901,0.025461067556570009,0.01216238345503437,0.013496261577942767,0.0
Cameron Meredith,WR,CHI,7.1905621244061111,5400.0,0.51019611129926312,0.2449159390340033,0.13103425577984962,0.063973201307568325,0.026723474766338143,0.012137429656597851,0.011019588156380404,0.0
Ted Ginn Jr.,WR,CAR,7.0794741497633531,5600.0,0.57109179572652657,0.2015761411201851,0.10618605045246521,0.052699013343774005,0.031954547709938157,0.014113052433161348,0.022379399213949769,0.0
Tyler Lockett,WR,SEA,7.0120430585850926,5200.0,0.54755968164623603,0.2173165187328458,0.1204161711193438,0.05417094576879803,0.037955151952713151,0.011235762961451488,0.011345767818612419,0.0
Adam Humphries,WR,TB,6.8357186269353587,5000.0,0.5550764287843718,0.22226070540373197,0.1230683694279642,0.05136144419465704,0.023662992068869151,0.0064636070097812111,0.018106453110624292,0.0
Brice Butler,WR,DAL,6.7558129051834914,5500.0,0.57409751454984659,0.19930237277152724,0.11519510718305812,0.059477572645361201,0.032999311157581347,0.0079951731129528948,0.010932948579673961,0.0
Danny Amendola,WR,NE,6.7461476706969368,4600.0,0.58078796540133759,0.1900798512308669,0.11911615773200526,0.058963701691959622,0.028349501686028081,0.011293392700799021,0.011409429557003647,0.0
Cordarrelle Patterson,WR,MIN,6.6586031597754882,5300.0,0.55003623042141414,0.23419024145127684,0.12351165439265541,0.054923802354015977,0.016304673859683573,0.010800069778981904,0.01023332774197204,0.0
Marqise Lee,WR,JAC,6.6322804575568375,4500.0,0.55065838775288356,0.2509047727750684,0.1090176416572609,0.047974527800746444,0.016805484502438711,0.0091894612104207532,0.015449724301181463,0.0
Nelson Agholor,WR,PHI,6.6160947322984986,5000.0,0.5802617889134879,0.20633075142963461,0.10937934685051907,0.057739124434010219,0.024258070673096765,0.010214079807017034,0.011816837892234465,0.0
Dez Bryant,WR,DAL,6.4820335202804094,7300.0,0.64276798310784478,0.15336512478139272,0.095474716180568478,0.049340865005490959,0.025448512261943192,0.010761792305753881,0.022841006357005741,0.0
Tyler Boyd,WR,CIN,6.4561040238695933,4600.0,0.58349107978210835,0.2127140000467202,0.11161848892167661,0.050205486667876845,0.022343198458472036,0.008199851169410027,0.01142789495373491,0.0
Andrew Hawkins,WR,CLE,6.426103891348502,4500.0,0.55677089448963768,0.25348151638462657,0.10601206894285134,0.04791022419240587,0.018429051483928947,0.007204895870750903,0.010191348635797536,0.0
Chris Conley,WR,KC,6.2282138422862801,4500.0,0.60093390943437752,0.20813747998102647,0.10795332819649883,0.048184496785008517,0.016058073289877246,0.0059665209781185518,0.012766191335093002,0.0
Jaelen Strong,WR,HOU,5.9219691888917056,4900.0,0.62119320385594334,0.21090828605270501,0.1012260696041075,0.036682286586554355,0.010889067776662922,0.0044845187700517618,0.01461656735397643,0.0
Devin Funchess,WR,CAR,5.8582649585733311,4800.0,0.65113734920396515,0.17465328438458624,0.095354604624706074,0.04468872836621833,0.014451851922392466,0.0091501829636094333,0.010563998534522416,0.0
Jermaine Kearse,WR,SEA,5.8422950974241568,4500.0,0.63987592946576821,0.18982167880038495,0.096666720154959113,0.043134866774458755,0.013761221847617466,0.0053019177057252852,0.011437665251085527,0.0
Tyreek Hill,WR,KC,5.8033614550080808,4800.0,0.64113798942425082,0.19440901613040415,0.094479477494692807,0.040526641685109582,0.010750521378314956,0.0058693273024952577,0.012827026584732549,0.0
Dorial Green-Beckham,WR,PHI,5.7712357920706134,4800.0,0.64075163350319231,0.19815389335013017,0.091845756126963732,0.039549316361340618,0.011573859892473308,0.0069051005481315878,0.011220440217768031,0.0
Robby Anderson,WR,NYJ,5.6304733571774443,0,0.64868983888409881,0.19823116747948094,0.09008673302039219,0.037706335981224623,0.0097827226594117914,0.0035537823374290445,0.011949419637962651,0.0
Arrelious Benn,WR,JAC,5.6201337014179478,4500.0,0.67263148792787164,0.17479819374730576,0.083636069002108404,0.039712015982934334,0.0083725636315302322,0.004128498030984664,0.016721171677264602,0.0
Corey Brown,WR,CAR,5.604772720321801,4700.0,0.66905641219147372,0.18464217993629781,0.080608676861904871,0.033344327258944782,0.011455140874589731,0.0043764957133829363,0.016516767163406838,0.0
Brandon Coleman,WR,NO,5.6039467291230132,4600.0,0.66648622648740852,0.17583708905805764,0.090683015747941506,0.038344433070627036,0.010322299048092821,0.0079075719698396517,0.010419364618032514,0.0
Justin Hardy,WR,ATL,5.5686196162067274,4500.0,0.68766528919971903,0.15840456873127021,0.083259915100811377,0.037243295701362228,0.01303433958734007,0.0050797113744854893,0.015312880305011999,0.0
Justin Hunter,WR,BUF,5.5271037776960155,5200.0,0.67634678310722052,0.1704277197791815,0.090152287619938862,0.033644989787394733,0.011618706443649957,0.0056554472157561266,0.012154066046858357,0.0
Kendall Wright,WR,TEN,5.522411732782289,4800.0,0.67800409407237749,0.17288992261615174,0.080393722073427612,0.037812395492215288,0.01414538680411938,0.0054119113471839493,0.01134256759452429,0.0
Josh Huff,WR,TB,5.492001100131942,4500.0,0.68372489729027297,0.17671380617227841,0.074951906676450727,0.032312931251297583,0.011579392937307089,0.0040897945816441173,0.016627271090748751,0.0
Ricardo Louis,WR,CLE,5.4801527650595636,4500.0,0.66959601482345288,0.19043681240826532,0.080998457793562989,0.02850680902978521,0.013612217844944813,0.0039302974016913834,0.012919390698296885,0.0
Jordan Norwood,WR,DEN,5.3952449783983436,4500.0,0.68380459442531705,0.17858732649428313,0.076596137801661607,0.034413621904377426,0.0099292549899763719,0.002691607059652947,0.013977457324732205,0.0
Russell Shepard,WR,TB,5.2391968781748961,4500.0,0.70715800966948339,0.16074577937980761,0.076468513354380652,0.028744644369304809,0.0082382983153112023,0.0041476424992490631,0.014497112412462506,0.0
Andre Roberts,WR,DET,5.1796183051555262,4500.0,0.71408821657254473,0.15690149881075804,0.070581060679784827,0.033360346340889066,0.0085079916958261479,0.0025991488643144454,0.013961737035882139,0.0
Andre Holmes,WR,OAK,5.1788608058180978,4500.0,0.72448763180661557,0.14486996951338862,0.072143071233860101,0.028901950830345371,0.010115182310808926,0.0047898636894282039,0.014692330615553488,0.0
Walter Powell,WR,BUF,5.148450967346097,4500.0,0.72759226827905932,0.14881743839762945,0.068805271565911527,0.027084054165895467,0.0057410476484200607,0.0024624138544274785,0.019497506088655879,0.0
Charone Peake,WR,NYJ,5.0990460939826532,4500.0,0.72511966962768803,0.15049624443652379,0.067293195609604603,0.033327939240281039,0.0060647384245571655,0.0030363803846805326,0.014661832276665116,0.0
J.J. Nelson,WR,ARI,5.0595256005918294,4500.0,0.7201721195531724,0.15258403186398048,0.073225650842121695,0.033092992603597715,0.0074076552220378915,0.0026025910512578088,0.010914958863832024,0.0
Taylor Gabriel,WR,ATL,5.0512058188215159,4600.0,0.73688267020937592,0.13858093424812104,0.070714879504818348,0.025694347446746039,0.0083204923551694759,0.0059186245245814086,0.013888051711188027,0.0
Andre Johnson,WR,TEN,4.9520342973850857,4500.0,0.74454452410322092,0.126502799267079,0.07415245068405231,0.030219151630924777,0.011013797543294008,0.0048671901589366212,0.0087000866124923148,0.0
Tanner McEvoy,WR,SEA,4.8910851913646018,5000.0,0.74309640330103088,0.13695391928238221,0.068140261774115043,0.03029416803640916,0.0083180828630050243,0.0033025406325431885,0.009894624110514531,0.0
Bennie Fowler,WR,DEN,4.8847934522375329,4700.0,0.73484443104091901,0.14863887340341758,0.069561562859163248,0.026919120497248206,0.0073660034732223089,0.002253160518710383,0.010416848207319486,0.0
Rashard Higgins,WR,CLE,4.8532759071852789,4500.0,0.74183942178526296,0.14628370401451452,0.065221858841113076,0.026340962497302781,0.005835715166870461,0.0016981222907708705,0.01278021540416477,0.0
Charles Johnson,WR,MIN,4.8227411021499957,4700.0,0.76950524291876277,0.12181835962768453,0.061685330823696531,0.01958672522992784,0.0052995215198901055,0.0028535945564476298,0.019251225323590675,0.0
Albert Wilson,WR,KC,4.7740653956753949,4500.0,0.76103205380748917,0.12766166772756826,0.061820859245062094,0.027803067829216151,0.0066736120783731775,0.0027671762757696889,0.012241563036522497,0.0
Aldrick Robinson,WR,ATL,4.732851225783369,4500.0,0.76231765700355392,0.13018952623575308,0.063273712203355176,0.020643570843465055,0.0075812185559465759,0.0042568938443296855,0.011737421313596952,0.0
Jalin Marshall,WR,NYJ,4.6981487680237768,4500.0,0.75989898538042155,0.13708323938613029,0.065858494767916179,0.015814342486737385,0.004902372933434174,0.0020664448706637188,0.01437612017469621,0.0
Donte Moncrief,WR,IND,4.6714912361907155,5400.0,0.80121405317414807,0.093264046217241173,0.05300188282030293,0.020965269225190573,0.0097817561572461978,0.0056778983749415255,0.016095094030928105,0.0
Jeff Janis,WR,GB,4.6508548194365176,4500.0,0.77992273797578493,0.11170111730529908,0.063918630310985811,0.023873204649803029,0.0049075413892262594,0.0016774586294202474,0.013999309739479668,0.0
Tommylee Lewis,WR,NO,4.6388019030518866,4500.0,0.77516035651865667,0.12590254363583347,0.054108127068084148,0.022749369921230431,0.0051757831127304471,0.003456325139173301,0.013447494604291652,0.0
Brandon Tate,WR,BUF,4.6273658726311373,4500.0,0.77667298312708843,0.12594838738759562,0.055301544046142286,0.020595592952928503,0.0042516883233899346,0.0012437067763730145,0.01598609738648258,0.0
Braxton Miller,WR,HOU,4.4597115745780291,4500.0,0.7954054017813359,0.11201916563797186,0.053961438068381683,0.020027321159114486,0.002786464057327861,0.0012859379926196176,0.014514271303248854,0.0
Paul Richardson,WR,SEA,4.4404602715198322,4500.0,0.78966394241915394,0.12034992893518101,0.051059089452203943,0.019128352498853047,0.0071420323382563608,0.0017316624676605385,0.010924991888690843,0.0
Lucky Whitehead,WR,DAL,4.4139904985857772,4500.0,0.81647633773522832,0.094541420636490431,0.047268038662390023,0.0167202889015967,0.0068072667692862607,0.0012550262957316638,0.016931620999275688,0.0
Josh Bellamy,WR,CHI,4.3630904126192132,4500.0,0.7952382114115174,0.11780921941282704,0.051448206193829046,0.019025743273720083,0.0039383153252927194,0.0016200125915065168,0.010920291791306751,0.0
De'Anthony Thomas,WR,KC,4.2926648594176031,4500.0,0.81371087465398673,0.10384980279790211,0.047265296419623348,0.016601445013936927,0.0033527452486376993,0.0013277819456097666,0.013892053920301862,0.0
Laquon Treadwell,WR,MIN,4.2105964243982266,4500.0,0.84776489408396627,0.077398680184440363,0.038365555458001466,0.01043568672119312,0.0044164785644536346,0.0010033753758845985,0.020615329612059349,0.0
Devin Street,WR,IND,4.1677226769410662,4500.0,0.82458172827964427,0.10075017951109987,0.040539875476213072,0.017115339855493419,0.0030735192597740502,0.0016875441309450354,0.012251813486828654,0.0
Ryan Grant,WR,WAS,4.0421302282041491,4500.0,0.84485690044989781,0.082799221368344528,0.041658997858658099,0.01287032543306631,0.0040408582537185258,0.0013297392632955116,0.012443957373018287,0.0
Griff Whalen,WR,NE,3.9802052083281674,4500.0,0.84869923822672544,0.087152496567453178,0.035531040308632036,0.011523501982961757,0.0026280958356073949,0.00085533388095399747,0.013610293197666351,0.0
James Wright,WR,CIN,3.9779843545256468,4500.0,0.8539272739029572,0.079152508284076786,0.039024576027159683,0.00968883032307917,0.0025217484454283083,0.0018074558644380228,0.013877607152860391,0.0
Johnny Holton,WR,OAK,3.9672918843154825,0.0,0.86342962576995619,0.073164608985270288,0.0304992429624962,0.013416876951101735,0.0023653859508652089,0.0011497191172921114,0.015974540263016611,0.0
Jordan Taylor,WR,DEN,3.914108344653382,4500.0,0.85880084156481473,0.079021791230240099,0.035354154618270128,0.0096818532637340683,0.0021079982240405156,0.0014018875775443182,0.013631473521355485,0.0
Cecil Shorts,WR,TB,3.9012674695399325,4500.0,0.86995587034661503,0.073235088275724225,0.02897654429500688,0.0075385949905440071,0.0016044354183602327,0.00096649532146063464,0.017722971352288119,0.0
Bryan Walters,WR,JAC,3.8650511089791748,4500.0,0.87800136278776975,0.063328023312244394,0.033049215034229529,0.0057188383348558127,0.00088960969637333646,0.00047691053289793594,0.018536040301627945,0.0
Geronimo Allison,WR,GB,3.781609075784242,0.0,0.89404117596306665,0.05374338715783665,0.024085849529635415,0.0071885464310422189,0.00099484129306714607,0.0005257153936228207,0.019420484231728024,0.0
Eric Weems,WR,ATL,3.7775023378553572,4500.0,0.88661087287895768,0.059610668935452187,0.025640484195575991,0.0099574013631517477,0.0010703643566446082,0.00050745668531813545,0.016602751584898951,0.0
Brittan Golden,WR,ARI,3.7680570919029908,0.0,0.8941362037564683,0.054624791938943033,0.023466061584055613,0.0072475477927677334,0.00095818120345224659,0.00047183608439640908,0.019095377639915416,0.0
Brenton Bersin,WR,CAR,3.7519595837202102,4500.0,0.88976674592185934,0.057114881326248888,0.028141907151709986,0.0062478330267863123,0.0010947256832954185,0.00049971698986690403,0.017134189900230669,0.0
Trevor Davis,WR,GB,3.7128110047877696,4500.0,0.89008318288709332,0.052597869733315081,0.031861968039681832,0.010177437907937367,0.0011539585700756721,0.00048269430770576775,0.013642888554189568,0.0
Alex Erickson,WR,CIN,3.6398340184498736,4500.0,0.88998251667374195,0.062013345900287967,0.026323194118199066,0.0061336145848984646,0.0019189293441013269,0.00090272502654614533,0.012725674352224225,0.0
Jordan Payton,WR,CLE,3.624252255407824,4500.0,0.8922891830503521,0.059528321597466204,0.027228051288894269,0.0064331745955383702,0.00079541496275069236,0.00055547400919671308,0.013170380495801359,0.0
Matthew Slater,WR,NE,3.6147788467438198,4500.0,0.89585380769560496,0.057456962448455835,0.025254349076072526,0.0058218320698081878,0.0012353043819280244,0.00058129541454180931,0.0137964489135874,0.0
Deonte Thompson,WR,CHI,3.6044370756771404,4500.0,0.89772649829160878,0.053931153820367957,0.026792906957021963,0.006451292410430986,0.0012645460380714044,0.00064002007919926275,0.013193582403298735,0.0
Marc Mariani,WR,TEN,3.6013447057146899,4500.0,0.90507523996897266,0.047853296681745962,0.023477546067066396,0.0064609196391658893,0.0011489443502854225,0.0016095535963572534,0.014374499696405274,0.0
