name,pos,team,expectation,salary,prob_0_5,prob_5_10,prob_10_15,prob_15_20,prob_20_25,prob_25_30,prob_30+,label
Rob Gronkowski,TE,NE,12.875772346570672,8100.0,0.14752483293299712,0.20337741620126076,0.2893522981423669,0.21425420981313165,0.093683720671827717,0.040782633232180884,0.011024889006235293,2.0
Jimmy Graham,TE,SEA,10.088211985824238,6700.0,0.24801110774547966,0.32619435455419205,0.21427493595608119,0.12875509427833159,0.049854820609281057,0.024466239427835445,0.0084434474287994939,1.0
Travis Kelce,TE,KC,9.3723802167628314,5700.0,0.27999809853973001,0.33282205788744484,0.21473672973642485,0.10714500951496504,0.043307510994941421,0.016948935436399172,0.0050416578900945854,1.0
Coby Fleener,TE,NO,9.300445870158196,5700.0,0.27285568406663258,0.36629393719708181,0.18800975031719722,0.10951585079773599,0.037041782792810271,0.01985227583320626,0.0064307189953357836,1.0
Martellus Bennett,TE,NE,8.9838202493438466,5400.0,0.30676504628289192,0.29478563597327273,0.25464521559986009,0.10116245561272288,0.030111133114610791,0.0084615025393388679,0.0040690108773030909,0.0
Julius Thomas,TE,JAC,8.9254417942777415,5500.0,0.32411090381486235,0.32096590881341541,0.18695096247415691,0.10930706501394091,0.03909870217545592,0.014184969168615856,0.0053814885395528159,0.0
Delanie Walker,TE,TEN,8.567864768483501,6500.0,0.3958915641876658,0.25034168479818636,0.18126430506293745,0.11787024809069221,0.033760807599906746,0.015743568395357895,0.0051278218652532331,0.0
Greg Olsen,TE,CAR,8.4214027027966445,7400.0,0.38761518333615236,0.23736654971222237,0.23202767030127489,0.10587015862553736,0.027670460978638754,0.0045723468978296723,0.004877630148344774,0.0
Zach Miller,TE,CHI,8.1155162888009347,5500.0,0.34990562217425675,0.37585860592312581,0.14678426199666006,0.076137976792146095,0.037587291671168394,0.0095383590630328651,0.0041878823796099836,1.0
Jordan Reed,TE,WAS,7.8173053223834188,6800.0,0.54179661479230179,0.12924717141915254,0.073595182559081165,0.24432340277008377,0.0042844091650592634,0.0046534949628074225,0.0020997243315143224,0.0
Gary Barnidge,TE,CLE,7.6761783792021614,5000.0,0.4035107237542479,0.31325191770300259,0.18139460056641407,0.069574842656883601,0.016433938211514929,0.012124383342465845,0.0037095937654710491,0.0
Hunter Henry,TE,SD,7.6342434685580063,5800.0,0.39376135850967742,0.33022306790935363,0.17327974508101615,0.070410322290507546,0.024755493781019291,0.0062612580934366642,0.0013087543349895117,0.0
Antonio Gates,TE,SD,7.6263846828553419,5300.0,0.37277774428465105,0.37635237117372827,0.15406112093294555,0.062758904873788324,0.022104810025622704,0.0090242985350824229,0.0029207501741817157,1.0
Charles Clay,TE,BUF,7.4499325581438063,4900.0,0.43448855536543513,0.29968765773464418,0.15422882848012606,0.080539187001649762,0.01919619101748684,0.009098933830205963,0.0027606465704520847,0.0
Jacob Tamme,TE,ATL,7.2057495572817709,5300.0,0.46635514622875596,0.26861236859438065,0.17296938668937853,0.060566580732015936,0.017604201183636908,0.010545223442859249,0.003347093128973023,0.0
C.J. Fiedorowicz,TE,HOU,7.1376603038299455,4900.0,0.46259774852717139,0.30237608165022317,0.13618859952673049,0.060916350358781408,0.020776654569058018,0.016344376121670091,0.00080018924636586096,0.0
Vernon Davis,TE,WAS,6.9093461834180001,4500.0,0.49478895064738593,0.27307290893671832,0.12538923483795389,0.084224882295692888,0.013071734553688145,0.0055890691776696215,0.0038632195508914759,0.0
Jack Doyle,TE,IND,6.8520995293273197,4900.0,0.41561008930893495,0.38964264439659047,0.13321621803265521,0.039802761210750423,0.015054476889091936,0.0057740878919372374,0.00089972227003965084,0.0
Jason Witten,TE,DAL,6.7275916861958702,5200.0,0.51276059580398214,0.25303498249590484,0.14314853552242163,0.067787240348230332,0.017038343284746394,0.0038838513505995102,0.0023464511941156344,0.0
Richard Rodgers,TE,GB,6.6172437697878292,4800.0,0.52089745355069716,0.2742993619666354,0.11377379187515567,0.061170642028663104,0.018267343494994766,0.0068824252469332362,0.0047089818369207273,0.0
Tyler Eifert,TE,CIN,6.3798307754717243,5600.0,0.5524791544879587,0.25980220382053681,0.1104119024835559,0.051327247259983916,0.0068001465243719061,0.0070052845494002749,0.012174060874193076,0.0
Cameron Brate,TE,TB,6.3066464546321708,5200.0,0.54444817822258029,0.2631584964114756,0.12632894892208948,0.040395647220715855,0.0095472333872689257,0.012435134315735339,0.003686361520135266,0.0
Zach Ertz,TE,PHI,6.2697608224944821,4800.0,0.54961222703882917,0.25660885501515762,0.1200448341741108,0.048826334463114102,0.016354300827611218,0.0068266537946143407,0.0017267946865628144,0.0
Kyle Rudolph,TE,MIN,6.1201312822743832,5100.0,0.56751932642846137,0.25832057631597255,0.10800749391476626,0.040318443041621285,0.0089862015949024442,0.011147449848599349,0.0057005088556770682,0.0
Erik Swoope,TE,IND,5.9719592324634281,4500.0,0.58876945890681165,0.26661283593581042,0.088378023534521816,0.017981789184218753,0.0095685708779371208,0.018451518480751498,0.010237803079949103,0.0
Eric Ebron,TE,DET,5.283150959691163,5300.0,0.72464625135843796,0.12137980035990033,0.047187727027010316,0.098594120481639583,0.0019796617203595461,0.0021379497628577632,0.0040744892897947175,0.0
Ryan Griffin,TE,HOU,5.220224868569316,4500.0,0.65395003377641625,0.2021409579644681,0.1102446106791609,0.020952206497361937,0.0091628970004074342,0.00077588309123528929,0.0027734109909509281,0.0
Levine Toilolo,TE,ATL,5.0194366375049224,4500.0,0.64220229969946607,0.25459692740382966,0.080935312129689421,0.01524162305312551,0.0013210071205331587,0.00043834710703134772,0.0052644834863246259,0.0
Clive Walford,TE,OAK,4.7818701995012391,4600.0,0.73072033318353913,0.13474287182633207,0.096509295139787732,0.029886242631287446,0.0051317879431807935,0.00075656811027973391,0.0022529011655932412,0.0
Nick O'Leary,TE,BUF,4.6303571435937787,4500.0,0.71834011123689889,0.17363169560464672,0.085165351555384614,0.016856474795590985,0.0029306834291872733,0.00011671337271682467,0.0029589700055744289,0.0
Anthony Fasano,TE,TEN,4.5575795147042673,4500.0,0.74878430104947669,0.13891454641864734,0.083052614576696535,0.017822760950554732,0.008459791476603756,6.0151547598910892e-05,0.0029058339804214918,0.0
Josh Hill,TE,NO,4.4958513106541274,4500.0,0.73417571308504681,0.17114804286782298,0.071247023564911902,0.017648158211546371,0.0016887245536374843,0.00051426391782451826,0.0035780737992102823,0.0
Brandon Bostick,TE,NYJ,4.3453185897488735,4500.0,0.85589686763373141,0.074871868489069654,0.016676340717185274,0.00063389177338403393,0.0027337167070985691,0.047809946359444432,0.0013773683200870223,0.0
Kellen Davis,TE,NYJ,4.3453185897488735,4500.0,0.85589686763373141,0.074871868489069654,0.016676340717185274,0.00063389177338403393,0.0027337167070985691,0.047809946359444432,0.0013773683200870223,0.0
Phillip Supernaw,TE,TEN,3.8473837664869173,4500.0,0.80309261591850911,0.14435148271162115,0.037107053051861683,0.013628090548943992,0.00067305627444090154,8.3594651733450763e-05,0.001064106842888731,0.0
Mychal Rivera,TE,OAK,3.8073582591909356,4500.0,0.82537012297559242,0.10953787735685719,0.053036919028199507,0.0055314403905183879,0.0049623333030637835,0.00048814207092082998,0.0010731648748486422,0.0
Ifeanyi Momah,TE,ARI,3.7750664169004313,4500.0,0.84229077311755407,0.1029986831600891,0.026000867141087507,0.023812901412332318,0.0012174145547769416,0.00014089367355232021,0.0035384669406085226,0.0
John Phillips,TE,NO,3.7691156289238288,4500.0,0.82765624852610975,0.11621554754214421,0.04149987243280559,0.010835452245564162,0.00068609977790388239,0.00055799270790974828,0.0025487867675621214,0.0
Jermaine Gresham,TE,ARI,3.740806559422365,4500.0,0.83440493115974457,0.099790933446078131,0.05556704884040109,0.0065477146673750758,0.0022599618709275432,0.00049191721921105352,0.00093749279626191009,0.0
Clay Harbor,TE,DET,3.6532420187040882,4500.0,0.83855735973825773,0.11498194963477855,0.03339317121300845,0.0086101437269671972,0.0021251589025415786,0.00040690947330280857,0.0019253073111445739,0.0
Tyler Kroft,TE,CIN,3.6418118058177527,4500.0,0.83536347789489618,0.11262511819874363,0.043923978648089348,0.0064087810925519805,0.00081204763892651639,0.00014541705925586685,0.00072117946753644648,0.0
Demetrius Harris,TE,KC,3.5933788329018856,4500.0,0.850301041308129,0.095704533074012416,0.044566696951782482,0.0065923660014763769,0.0015485104965604934,0.00033189298674894956,0.0009549591812898615,0.0
Ed Dickson,TE,CAR,3.5563069621984069,4500.0,0.86299448791448152,0.089566592383199833,0.034985630650442634,0.0077490080912308665,0.0007833621710899519,9.5270889708893867e-05,0.0038256478998460754,0.0
Marcedes Lewis,TE,JAC,3.3374876684591626,4500.0,0.87576139282625276,0.094909830816986632,0.023521312996801786,0.0029829570698957242,0.00058087786416310223,0.00020726036896291609,0.0020363680569366769,0.0
Virgil Green,TE,DEN,3.3017482053439884,4500.0,0.89340033073097391,0.072568153414499709,0.022027558362438356,0.0092222840248896137,0.00065202854218066465,0.00026085821772610623,0.0018687867072921551,0.0
Niles Paul,TE,WAS,3.2750967611935096,4500.0,0.88501349274911556,0.089026418553368347,0.01994220565191978,0.0032533863607719367,0.00057556304910549329,0.0001213050196088463,0.0020676286161095733,0.0
Brent Celek,TE,PHI,3.1399500805165754,4500.0,0.90556237986813382,0.071206260339822927,0.018564022829047084,0.00253057521810534,0.00060317081591089732,0.00021135990062290974,0.0013222310283574801,0.0
Logan Paulsen,TE,CHI,3.1084731851294638,4500.0,0.91809501399947202,0.064160611442557469,0.00929395947941517,0.00080243551421596386,0.0035860717132448743,0.0028052585354897091,0.0012566493156044604,0.0
Trey Burton,TE,PHI,3.0165725372965984,4500.0,0.92970591291366522,0.051714944263279154,0.013610530896481485,0.0012548475809313867,0.00083794134788656117,0.00095377081112164375,0.00192205218663517,0.0
Austin Hooper,TE,ATL,2.9835735670524417,4500.0,0.93810226264278429,0.046867877160841696,0.0093710590706836353,0.00060225331914884285,0.00093675446773156597,0.00081847761490485844,0.0033013157239049824,0.0
Sean McGrath,TE,SD,2.9774183514028905,4500.0,0.9382835848908796,0.042537335350811639,0.014753407168619387,0.00064261504965019522,0.00082269200454410042,0.00068097903687674771,0.0022793864986180167,0.0
Stephen Anderson,TE,HOU,2.9763531653334407,4500.0,0.93376637897643977,0.052414686259057069,0.0092642015863226065,0.00060180677116265585,0.00078511878030653186,0.00080606758223284532,0.0023617400444781254,0.0
Geoff Swaim,TE,DAL,2.9738881247306281,4500.0,0.93150908026904822,0.056415263889635352,0.0078682888499946885,0.00051147585395449203,0.00074849303693832895,0.00070713600393686497,0.0022402620964922567,0.0
Gavin Escobar,TE,DAL,2.9738881247306281,4500.0,0.93150908026904822,0.056415263889635352,0.0078682888499946885,0.00051147585395449203,0.00074849303693832895,0.00070713600393686497,0.0022402620964922567,0.0
Seth DeValve,TE,CLE,2.9671453520762743,4500.0,0.93501790620549363,0.050612983432012142,0.010004574170993472,0.00062687504692378489,0.00083917758756119933,0.00084702664690673518,0.0020514569101086327,0.0
Luke Stocker,TE,TB,2.9650996657070192,4500.0,0.93810391044086561,0.045956232240502763,0.011148207357856953,0.00073059788664227385,0.00099235642305832254,0.00089363659930183934,0.0021750590517719986,0.0
Brandon Myers,TE,TB,2.9650996657070192,4500.0,0.93810391044086561,0.045956232240502763,0.011148207357856953,0.00073059788664227385,0.00099235642305832254,0.00089363659930183934,0.0021750590517719986,0.0
Nick Vannett,TE,SEA,2.9537398348959512,4500.0,0.93928880674926329,0.045718872857187391,0.010363013884644686,0.00059395911625575136,0.00093075434364911589,0.00092112212609894088,0.0021834709229007713,0.0
James O'Shaughnessy,TE,KC,2.943177374591647,4500.0,0.94115577800990813,0.043319177106466683,0.011031942326375997,0.000543993652146428,0.0011758894960864786,0.00073936796018430066,0.0020338514488314387,0.0
Randall Telfer,TE,CLE,2.9330242066792347,4500.0,0.94179361224911251,0.043840788072964404,0.010036470164452865,0.00061131090754685548,0.00082808138192477299,0.00082562484823453324,0.0020641123757637755,0.0
Justin Perillo,TE,GB,2.9291845659272338,4500.0,0.9417338746796281,0.042761164350334314,0.011335510641716741,0.00086948214881039736,0.00096748240869183122,0.00082320402655709248,0.0015092817442608284,0.0
Ben Braunecker,TE,CHI,2.9288073417186502,4500.0,0.94215170935291126,0.043723599722565815,0.0099068012463826311,0.00059900424279002744,0.00077572008771539737,0.0007708011403051387,0.0020723642073294944,0.0
Jeff Heuerman,TE,DEN,2.9265185699621559,4500.0,0.9432893772423584,0.042338323013216418,0.0100254970775451,0.00063806386541570472,0.00077321234338640331,0.00078237741544988327,0.0021531490426280552,0.0
Brandon Williams,TE,SEA,2.924723585887858,4500.0,0.94054593922634233,0.045092609399770299,0.010833229334990641,0.00053457869795913359,0.0007420296311909095,0.00068112974944733746,0.001570483960298854,0.0
Ben Koyack,TE,JAC,2.9240886511660409,4500.0,0.94153325040429325,0.045813922074551913,0.0085170003758159325,0.00056191815031996222,0.00075058779546912887,0.00071325734858740939,0.0021100638509617248,0.0
Rhett Ellison,TE,MIN,2.919038573691533,4500.0,0.94406460507586154,0.041845621183219911,0.0098410528463355688,0.00066095550320646236,0.0007778326107204923,0.0007191814429006627,0.0020907513377554855,0.0
Chase Coffman,TE,IND,2.9098073757637457,4500.0,0.94554519054947728,0.041308737915630084,0.008853543621530062,0.00057177765488320949,0.00075962442745374577,0.00070366572137783032,0.0022574601096470104,0.0
Khari Lee,TE,DET,2.8721375395127269,4500.0,0.94946661963364565,0.037467932984482748,0.0095774030008354862,0.00058991759534022744,0.00078016171194203649,0.00056826913119728507,0.0015496959425563693,0.0
