name,pos,team,expectation,salary,prob_0_5,prob_5_10,prob_10_15,prob_15_20,prob_20_25,prob_25_30,prob_30+,label
Kirk Cousins,QB,WAS,18.921428571428574,7200.0,0.029999999999999999,0.11142857142857143,0.17857142857142858,0.26714285714285713,0.20428571428571429,0.10571428571428572,0.10285714285714286,3.0
Matt Ryan,QB,ATL,18.442857142857143,8500.0,0.041428571428571426,0.084285714285714283,0.20428571428571429,0.26428571428571429,0.24142857142857144,0.087142857142857147,0.077142857142857138,3.0
Drew Brees,QB,NO,18.139285714285712,8000.0,0.070000000000000007,0.10857142857142857,0.20999999999999999,0.22428571428571428,0.15285714285714286,0.13857142857142857,0.09571428571428571,3.0
Derek Carr,QB,OAK,18.096428571428572,7800.0,0.044285714285714282,0.09571428571428571,0.20428571428571429,0.26857142857142857,0.22285714285714286,0.10000000000000001,0.064285714285714279,3.0
Russell Wilson,QB,SEA,18.00714285714286,8200.0,0.07571428571428572,0.10428571428571429,0.20428571428571429,0.24142857142857144,0.16142857142857142,0.11,0.10285714285714286,3.0
Tyrod Taylor,QB,BUF,17.896428571428572,7600.0,0.054285714285714284,0.10000000000000001,0.2257142857142857,0.24857142857142858,0.19714285714285715,0.09285714285714286,0.081428571428571433,3.0
Aaron Rodgers,QB,GB,17.785714285714285,8800.0,0.058571428571428573,0.10714285714285714,0.21285714285714286,0.27714285714285714,0.14428571428571429,0.12285714285714286,0.077142857142857138,3.0
Tom Brady,QB,NE,17.271428571428569,8700.0,0.1357142857142857,0.11,0.16428571428571428,0.20428571428571429,0.18428571428571427,0.09571428571428571,0.10571428571428572,3.0
Jameis Winston,QB,TB,17.117857142857144,7400.0,0.084285714285714283,0.12428571428571429,0.20000000000000001,0.24714285714285714,0.20285714285714285,0.048571428571428571,0.09285714285714286,3.0
Marcus Mariota,QB,TEN,17.050000000000001,7500.0,0.10000000000000001,0.11857142857142858,0.20714285714285716,0.21571428571428572,0.18285714285714286,0.09571428571428571,0.080000000000000002,3.0
Matthew Stafford,QB,DET,16.753571428571426,7700.0,0.041428571428571426,0.13714285714285715,0.24428571428571427,0.29142857142857143,0.17000000000000001,0.054285714285714284,0.06142857142857143,3.0
Alex Smith,QB,KC,16.725000000000001,6800.0,0.091428571428571428,0.12571428571428572,0.21571428571428572,0.26571428571428574,0.15142857142857144,0.059999999999999998,0.089999999999999997,3.0
Andy Dalton,QB,CIN,16.635714285714286,7700.0,0.077142857142857138,0.1657142857142857,0.20571428571428571,0.22142857142857142,0.17999999999999999,0.072857142857142856,0.077142857142857138,3.0
Philip Rivers,QB,SD,16.525000000000002,7300.0,0.054285714285714284,0.17142857142857143,0.23142857142857143,0.2257142857142857,0.17142857142857143,0.09285714285714286,0.052857142857142859,2.0
Carson Palmer,QB,ARI,15.582142857142856,7300.0,0.10285714285714286,0.16,0.25571428571428573,0.20142857142857143,0.16428571428571428,0.045714285714285714,0.070000000000000007,2.0
Ryan Fitzpatrick,QB,NYJ,15.492857142857144,7300.0,0.071428571428571425,0.15714285714285714,0.2742857142857143,0.26142857142857145,0.14714285714285713,0.037142857142857144,0.051428571428571428,2.0
Cam Newton,QB,CAR,15.314285714285713,8300.0,0.19,0.10285714285714286,0.19714285714285715,0.21285714285714286,0.15714285714285714,0.074285714285714288,0.065714285714285711,3.0
Dak Prescott,QB,DAL,15.042857142857143,7100.0,0.24857142857142858,0.12285714285714286,0.13285714285714287,0.18428571428571427,0.14000000000000001,0.071428571428571425,0.10000000000000001,0.0
Blake Bortles,QB,JAC,15.017857142857144,7100.0,0.12285714285714286,0.15428571428571428,0.24428571428571427,0.23857142857142857,0.12571428571428572,0.067142857142857143,0.047142857142857146,2.0
Andrew Luck,QB,IND,14.803571428571429,7900.0,0.15714285714285714,0.17428571428571429,0.21714285714285714,0.1957142857142857,0.12714285714285714,0.052857142857142859,0.07571428571428572,2.0
Sam Bradford,QB,MIN,14.678571428571427,7000.0,0.15285714285714286,0.15857142857142856,0.23142857142857143,0.20857142857142857,0.14857142857142858,0.037142857142857144,0.062857142857142861,2.0
Carson Wentz,QB,PHI,14.221428571428572,6700.0,0.22,0.16857142857142857,0.16428571428571428,0.19,0.13714285714285715,0.034285714285714287,0.085714285714285715,0.0
Brock Osweiler,QB,HOU,14.085714285714285,6600.0,0.10142857142857142,0.20285714285714285,0.28285714285714286,0.22285714285714286,0.12142857142857143,0.034285714285714287,0.034285714285714287,2.0
Trevor Siemian,QB,DEN,13.074999999999999,6900.0,0.28714285714285714,0.14714285714285713,0.16857142857142857,0.16714285714285715,0.13,0.027142857142857142,0.072857142857142856,0.0
Jay Cutler,QB,CHI,11.714285714285715,6500.0,0.42571428571428571,0.12,0.12571428571428572,0.11571428571428571,0.077142857142857138,0.044285714285714282,0.091428571428571428,0.0
Nick Foles,QB,KC,11.242857142857142,6000.0,0.59571428571428575,0.038571428571428569,0.070000000000000007,0.065714285714285711,0.042857142857142858,0.01,0.17714285714285713,0.0
Jimmy Garoppolo,QB,NE,10.071428571428573,5800.0,0.60428571428571431,0.055714285714285716,0.07857142857142857,0.071428571428571425,0.051428571428571428,0.012857142857142857,0.12571428571428572,0.0
Josh McCown,QB,CLE,9.5142857142857142,6400.0,0.61571428571428577,0.040000000000000001,0.085714285714285715,0.10142857142857142,0.040000000000000001,0.022857142857142857,0.094285714285714292,0.0
Kevin Hogan,QB,CLE,9.25,6000.0,0.59285714285714286,0.062857142857142861,0.09571428571428571,0.10285714285714286,0.052857142857142859,0.018571428571428572,0.074285714285714288,0.0
Matt Cassel,QB,TEN,8.9071428571428566,6000.0,0.62857142857142856,0.072857142857142856,0.067142857142857143,0.084285714285714283,0.047142857142857146,0.011428571428571429,0.088571428571428565,0.0
E.J. Manuel,QB,BUF,8.2642857142857142,4900.0,0.71142857142857141,0.042857142857142858,0.035714285714285712,0.06142857142857143,0.034285714285714287,0.017142857142857144,0.097142857142857142,0.0
Joe Webb,QB,CAR,7.5178571428571423,5000.0,0.7014285714285714,0.051428571428571428,0.07857142857142857,0.055714285714285716,0.028571428571428571,0.022857142857142857,0.06142857142857143,0.0
Kellen Clemens,QB,SD,6.6892857142857141,5000.0,0.76000000000000001,0.050000000000000003,0.051428571428571428,0.048571428571428571,0.015714285714285715,0.0042857142857142859,0.070000000000000007,0.0
