name,pos,team,expectation,salary,prob_0_5,prob_5_10,prob_10_15,prob_15_20,prob_20_25,prob_25_30,prob_30+,label
Rob Gronkowski,TE,NE,16.232922139295379,8100.0,0.014767943911344556,0.2990325339313224,0.16169351587265174,0.14887565655363313,0.20740454545305625,0.16369867806508037,0.0045271262129113598,1.0
Greg Olsen,TE,CAR,15.652053603365223,7400.0,0.0061839648489156167,0.117793268662886,0.39026712302045835,0.2299362078072632,0.23752445218973658,0.017827079180870457,0.00046790428986976653,2.0
Jordan Reed,TE,WAS,13.395232792349134,6800.0,0.11949709274496138,0.16474376458225173,0.40333246104749065,0.053132934351704901,0.25190622503394117,0.0049364839706734498,0.0024510382689764826,2.0
Erik Swoope,TE,IND,12.988175171907747,4500.0,0.26501282099904083,0.2222599670605401,0.11321745067294024,0.086421155600970023,0.20825235586290483,0.083178898668550744,0.021657351135053134,0.0
Jason Witten,TE,DAL,12.33432040973709,5200.0,0.19464284092448189,0.22062774816119715,0.21925886336090311,0.17884958262312331,0.1719187501346803,0.0080463583434464553,0.0066558564521678847,1.0
Vernon Davis,TE,WAS,12.298126782055395,4500.0,0.18848686986287608,0.27329794527741968,0.2473499642037528,0.11959634861666735,0.087816938354217333,0.040577923662434678,0.042874010022632067,1.0
C.J. Fiedorowicz,TE,HOU,11.296686144090682,4900.0,0.13054231657826182,0.48288075302863098,0.11633387364398483,0.084057774978356731,0.14371693748585457,0.03953105615258317,0.002937288132327933,1.0
Gary Barnidge,TE,CLE,11.258625405897197,5000.0,0.1464799806670862,0.32813656693979054,0.26936241747537459,0.18139238899912055,0.044904458075712347,0.021425693993509257,0.0082984938494065266,1.0
Charles Clay,TE,BUF,10.627592160947572,4900.0,0.20019230194090884,0.32793194935142317,0.24883896342724923,0.13375987011539411,0.060402752603282761,0.020442747618029427,0.008431414943712601,1.0
Martellus Bennett,TE,NE,10.14777156216482,5400.0,0.3593923489092925,0.23176800505334758,0.15086502223499371,0.11354265910621457,0.088100940591440038,0.042084755636932689,0.014246268467778716,0.0
Delanie Walker,TE,TEN,9.8658718663871507,6500.0,0.30575013895801306,0.30953103940325732,0.1720698805186372,0.070340535600500173,0.10989363395539913,0.027859056635636665,0.0045557149285566003,1.0
Levine Toilolo,TE,ATL,9.1570892336952046,4500.0,0.45619060508805553,0.18471743269618551,0.15751186624303504,0.082297531550499847,0.062711418658296991,0.022516023462285314,0.03405512230164174,0.0
Hunter Henry,TE,SD,8.7938211023587982,5800.0,0.31548468165967036,0.38087322187585942,0.17589226457428511,0.051347628571525146,0.03106751958262154,0.031254625921320701,0.014080057814717677,1.0
Jack Doyle,TE,IND,8.5812519435933581,4900.0,0.39723175671019317,0.29270636534559336,0.15627920864306677,0.061327959662947323,0.051131636659739819,0.03074986260056161,0.01057321037789777,0.0
Cameron Brate,TE,TB,8.4679271577197426,5200.0,0.48205542731514228,0.17260376885785358,0.20889509354280444,0.029801007732039742,0.053653380042947063,0.030179109384869868,0.022812213124342891,0.0
Kyle Rudolph,TE,MIN,7.8551243768939383,5100.0,0.49454627544454671,0.17936853117845764,0.22851025710733053,0.021633403958085863,0.038019548682967377,0.019223646804290468,0.018698336824321496,0.0
Ed Dickson,TE,CAR,7.7417042048704641,4500.0,0.51364291132184292,0.13606486986118138,0.20010477948858432,0.10158085084230968,0.041239508850156141,0.0036801289502177994,0.003686950685707738,0.0
Zach Miller,TE,CHI,7.6768946465367458,5500.0,0.38228047315583125,0.39177472323793894,0.11823504570669308,0.055929791172548031,0.029150901038647255,0.016231859993619514,0.0063972056947220295,1.0
Seth DeValve,TE,CLE,7.3775374217029084,4500.0,0.61149696362262873,0.13330877800276847,0.079996034369882812,0.073810655984718407,0.07102540008557752,0.013787348181449532,0.016574819752974566,0.0
Geoff Swaim,TE,DAL,6.9628107335119385,4500.0,0.6020351320180295,0.14498606884124146,0.10448199059417172,0.079617641809560005,0.057294534856522132,0.0031460502700363943,0.008438581610438825,0.0
Gavin Escobar,TE,DAL,6.9628107335119385,4500.0,0.6020351320180295,0.14498606884124146,0.10448199059417172,0.079617641809560005,0.057294534856522132,0.0031460502700363943,0.008438581610438825,0.0
Ben Koyack,TE,JAC,6.8470660704277098,4500.0,0.64616953172075686,0.12681826031382856,0.083279941652184539,0.050062842538682123,0.064598416290759561,0.014339113970909151,0.014731893512879079,0.0
Ben Braunecker,TE,CHI,6.7544567838219276,4500.0,0.64818044806949382,0.13911859817204114,0.071689089112045343,0.045839346142567412,0.066177278783898508,0.014867754249827942,0.014127485470125828,0.0
Chase Coffman,TE,IND,6.678433339555351,4500.0,0.65629480533257911,0.13631487305420401,0.067983758676504302,0.042606157456965922,0.067661478815863221,0.016308755630490366,0.012830171033393099,0.0
Brandon Myers,TE,TB,6.0529011934323265,4500.0,0.69695812743790198,0.098997703307246221,0.12026172080018403,0.022599580645198621,0.029418401975480478,0.013921522653061779,0.017842943180926853,0.0
Eric Ebron,TE,DET,5.8809955684832218,5300.0,0.70659830604230445,0.11625198324376029,0.070470252878689327,0.038689534984285207,0.0502400234508463,0.0089309467743189392,0.0088189526257954134,0.0
Zach Ertz,TE,PHI,5.4129443617727482,4800.0,0.65658400313465071,0.20124517534529396,0.078693546803068823,0.040179593957207771,0.016365272790373583,0.0047359476207547652,0.0021964603486502371,0.0
Anthony Fasano,TE,TEN,5.4079863654427918,4500.0,0.73506097779241442,0.11173981997171749,0.0642339781501889,0.033228244977534509,0.043815235821764671,0.0073650085097795746,0.0045567347766004478,0.0
Tyler Kroft,TE,CIN,5.4026238948373964,4500.0,0.72223179309228314,0.10047391558758408,0.10675142552043902,0.041443841201066284,0.013673343302789466,0.0084958752655240419,0.0069298060303138896,0.0
Austin Hooper,TE,ATL,5.0221341242274811,4500.0,0.78605111537700256,0.088737683288458311,0.058749497053459367,0.024277194475457255,0.015837718684773516,0.0061643020005776516,0.020182489120271506,0.0
Ifeanyi Momah,TE,ARI,5.0080626670711812,4500.0,0.66313143154793874,0.23814303315563648,0.056744285341536353,0.026245218338381275,0.010745321071525879,0.0027837521787322404,0.0022069583662490135,0.0
Ryan Griffin,TE,HOU,4.9457343483153249,4500.0,0.69502559563635491,0.20979241668042797,0.042723830802164395,0.023040758998857689,0.024426013766488452,0.0035756916242071606,0.001415692491499314,0.0
Coby Fleener,TE,NO,4.9453317909028955,5700.0,0.74754905117304349,0.15798303628947361,0.029656409919154064,0.027051695394466214,0.010838045327718858,0.018485478510941108,0.0084362833852027405,0.0
Phillip Supernaw,TE,TEN,4.940224720656289,4500.0,0.77945872603364386,0.089789833892065254,0.054787402703345638,0.029650724673582565,0.037366952353368121,0.0052606805584553716,0.0036856797855391137,0.0
Antonio Gates,TE,SD,4.7040849991139106,5300.0,0.73585724626436178,0.16231199346776484,0.068048549123567295,0.016169630248594982,0.0056238012633742325,0.0043488368677259007,0.0076399427646109625,0.0
Nick O'Leary,TE,BUF,4.6986308214807,4500.0,0.75866544068445674,0.11833365098883691,0.072964371662302352,0.034986270317243509,0.0098695379022950332,0.0017652849798909173,0.0034154434649743604,0.0
Richard Rodgers,TE,GB,4.642210639135028,4800.0,0.79967598921934757,0.066967860721699468,0.083064853188778681,0.024423317242623841,0.015133277955028151,0.0054893757944195444,0.0052453258781026222,0.0
Jacob Tamme,TE,ATL,4.6385505714189001,5300.0,0.79048200660821011,0.10003113082584407,0.060132869900599586,0.022148726939612864,0.012137338905191936,0.0036825447442589213,0.01138538207628244,0.0
Mychal Rivera,TE,OAK,4.6316908132114527,4500.0,0.81255920352373034,0.083640990297161197,0.044061543751841181,0.021213286825085279,0.020477534375465095,0.0055228540728861327,0.012524587153830771,0.0
Jeff Heuerman,TE,DEN,4.6146702653947491,4500.0,0.7808014107845741,0.12234036263626973,0.052261947987431646,0.015345079628924972,0.012737221310149521,0.0055034562678551334,0.011010521384795075,0.0
Justin Perillo,TE,GB,4.3477346080574879,4500.0,0.83260464519237731,0.052783200639080173,0.069720654201798654,0.021024771904165452,0.013498549800192886,0.0047595073666357847,0.0056086708957497483,0.0
Jermaine Gresham,TE,ARI,4.3412891577614445,4500.0,0.75741728560989574,0.1659329388128456,0.04484108195037978,0.020073568380176515,0.0084746528507127234,0.0017797721857529779,0.0014807002102367,0.0
Jimmy Graham,TE,SEA,4.3170390186615633,6700.0,0.78244979098011769,0.1463265142139796,0.026129784655441964,0.026946727210843988,0.0094198540286108134,0.0069503436407103861,0.0017769852702956871,0.0
Clay Harbor,TE,DET,4.2633325680357927,4500.0,0.81954371204397092,0.08366384897497639,0.055759040319172136,0.025157136423691835,0.0067486218306893981,0.0028739834991609861,0.0062536569083384399,0.0
Stephen Anderson,TE,HOU,4.2392523397989308,4500.0,0.81926895992612592,0.1204157162596622,0.01848881156848527,0.010879688280070089,0.011525307250500789,0.0096820159517141506,0.0097395007634414176,0.0
Nick Vannett,TE,SEA,4.2317329505280536,4500.0,0.84538169644271655,0.078446341999697147,0.032674330840593915,0.01152627738534005,0.011040337666874732,0.0081601321465649811,0.012770883518212588,0.0
Niles Paul,TE,WAS,4.0508491157122695,4500.0,0.8521029010572837,0.069043508169818954,0.04249529526056206,0.016702611441496547,0.007456434731225761,0.0020619796702431269,0.01013726966936962,0.0
Luke Stocker,TE,TB,4.0171405591449174,4500.0,0.87788052331738498,0.055121849509210653,0.025957692243267969,0.0091520990021607997,0.0097216932243037301,0.0093547464295505468,0.012811396274121084,0.0
Randall Telfer,TE,CLE,3.9416614839231614,4500.0,0.86556663802705358,0.080690961409266529,0.016583726278885394,0.012733829138902185,0.0064214101706515769,0.0042903817471885951,0.013713053228052186,0.0
Brent Celek,TE,PHI,3.8028844475225054,4500.0,0.84157006221117436,0.09650447046316088,0.035273870389930045,0.017828503655226074,0.0061519045282676542,0.0012874518045568131,0.0013837369476841753,0.0
Trey Burton,TE,PHI,3.7687004850131718,4500.0,0.84776252389112428,0.09272673929885869,0.032107300103539897,0.017932317707113038,0.0065058395979530805,0.0015305800837509414,0.0014346993176599634,0.0
Khari Lee,TE,DET,3.7121881613654941,4500.0,0.87508558127166258,0.058295441055999014,0.038905468636185311,0.017217386164021003,0.0044080547066627888,0.0016837109663566283,0.0044043571991125956,0.0
Rhett Ellison,TE,MIN,3.6429568490400093,4500.0,0.89442624733217435,0.060353290365804411,0.018191918292554714,0.0058217069183306158,0.0064123975055835371,0.0049495501508850619,0.0098448894346672196,0.0
Josh Hill,TE,NO,3.5948577458492643,4500.0,0.89615273471988854,0.058818217918353233,0.015613697998353845,0.011705646141063775,0.0047422553261759221,0.0062989571987822207,0.0066684906973824495,0.0
John Phillips,TE,NO,3.5445868067893627,4500.0,0.9017037316266151,0.054958059344443574,0.014791926427987793,0.01152359977995346,0.0047142682261444527,0.0060380786356967588,0.0062703359591586953,0.0
Brandon Bostick,TE,NYJ,3.3144057948797929,4500.0,0.8792007427285099,0.09382048068448301,0.017522880003843413,0.0065646359299436855,0.0014861253200283489,0.00050458030126878035,0.0009005550319231174,0.0
Tyler Eifert,TE,CIN,3.2614070756009941,5600.0,0.93085367467316216,0.037759463303720944,0.013313718131669565,0.0039900225330386013,0.0037138912482265873,0.0042207418367116332,0.0061484882734705133,0.0
Logan Paulsen,TE,CHI,3.2448615828672747,4500.0,0.90473857086887122,0.064635904320120299,0.017846831825762684,0.0076836000968114309,0.0025709600632899806,0.00073250353681526619,0.0017916292883290467,0.0
Sean McGrath,TE,SD,3.198164985030953,4500.0,0.91993055798438206,0.049113194907448511,0.019434738977716047,0.0051301971606995643,0.001556898996183173,0.00092769410115416204,0.0039067178724165874,0.0
Kellen Davis,TE,NYJ,3.1901663010028352,4500.0,0.89726497540685513,0.079902479520942635,0.014926533674042614,0.0056057572586927923,0.0011743117660377039,0.00037028729065261798,0.00075565508277644687,0.0
Clive Walford,TE,OAK,3.1859171989159694,4600.0,0.94049554976825156,0.031276454654816759,0.0090160996589945027,0.0068930208025930256,0.0031699535032020548,0.003301387392748897,0.0058475342193932862,0.0
Brandon Williams,TE,SEA,3.1481012771908468,4500.0,0.93018338484142948,0.04105139399733139,0.012429755106342963,0.0088531308500462511,0.003356429174674718,0.00206276481121606,0.0020631412189590949,0.0
Demetrius Harris,TE,KC,3.1385344055936186,4500.0,0.93361871539430696,0.041553344564162827,0.0079439544066673747,0.0066068914413176154,0.0046009458500293563,0.0032358628104643778,0.0024402855330514128,0.0
Virgil Green,TE,DEN,3.1309698905266159,4500.0,0.9238691789279283,0.056316492498229509,0.0056524044432641916,0.0072833531796963414,0.0020310961276892229,0.0019402357866886027,0.0029072390365040392,0.0
Marcedes Lewis,TE,JAC,3.0166721643301528,4500.0,0.9396033617201125,0.044366647127575196,0.0051380915224656879,0.0046329617964176511,0.0014346815310893979,0.0015357831901951875,0.0032884731121442536,0.0
Julius Thomas,TE,JAC,2.94939080339448,5500.0,0.94091057719072035,0.046499145510149296,0.0042662959158762653,0.0041770362104267779,0.0011419966396877437,0.0011898915456291972,0.0018150569875102895,0.0
James O'Shaughnessy,TE,KC,2.9182189066034945,4500.0,0.95577157524590883,0.028216437894503774,0.0052735208415749376,0.0043197939563573958,0.0028171970677702391,0.0018383039049067042,0.0017631710889782391,0.0
Travis Kelce,TE,KC,2.8236612456351189,5700.0,0.95922819577141838,0.030601724548245442,0.003357120945473086,0.0031792237586904235,0.0015277714686652627,0.0012808248411311949,0.00082513866637599724,0.0
