name,pos,team,expectation,salary,prob_0_5,prob_5_10,prob_10_15,prob_15_20,prob_20_25,prob_25_30,prob_30+,label
Rob Gronkowski,TE,NE,12.112418962867205,8100.0,0.18830347804227304,0.21958340659995262,0.28574524402361839,0.16783630166635152,0.084876333390068018,0.040242250958910354,0.013412985318826579,2.0
Martellus Bennett,TE,NE,9.4756292957453745,5400.0,0.31040068124004006,0.26851665579198686,0.24074135997752336,0.11531862462883502,0.036643351796469888,0.021245613562524194,0.0071337130026208947,0.0
Delanie Walker,TE,TEN,9.0842757376295609,6500.0,0.33292562583108037,0.30760931976778699,0.1754788764694481,0.11194353458069384,0.046263199907023392,0.020107807291157336,0.0056716361528102999,0.0
Hunter Henry,TE,SD,7.8799495729901654,5800.0,0.3618400818172598,0.36059128536159907,0.16510251559349648,0.08113603482291909,0.018414310554970826,0.010549510441738425,0.0023662614080166267,0.0
Jimmy Graham,TE,SEA,7.8469329741256315,6700.0,0.41003410750178881,0.28639190588165786,0.17397742228288826,0.099597660751399378,0.017424781601035694,0.010122704772430656,0.0024514172087996247,0.0
Zach Miller,TE,CHI,7.6855676131261115,5500.0,0.39433391777792681,0.34433891623178597,0.1506051661916798,0.069190892328468243,0.027313821013660963,0.011784032664722836,0.0024332537917559384,0.0
Coby Fleener,TE,NO,7.5874018721288561,5700.0,0.43221174706330867,0.28493420422337995,0.17145971464593043,0.077077051842864786,0.020099244559320779,0.0096124251194123801,0.0046056125457832079,0.0
Gary Barnidge,TE,CLE,7.5583528807545388,5000.0,0.41824446610344418,0.32789983880831708,0.14448933476187406,0.071383016286824766,0.017933061960560173,0.01427737493149497,0.005772907147485018,0.0
Charles Clay,TE,BUF,7.5251466512890097,4900.0,0.4146538494297195,0.30947984917704618,0.17634638175249295,0.069647013908955516,0.017732666359994816,0.01061769700514663,0.0015225423666447443,0.0
Antonio Gates,TE,SD,7.4777581895276839,5300.0,0.40855570161242694,0.34486303089169251,0.14738616914833363,0.060518012048703718,0.022143744185351109,0.014452978605358987,0.0020803635081332976,0.0
C.J. Fiedorowicz,TE,HOU,7.4327791277709672,4900.0,0.42596872672323999,0.33845008634500329,0.12708580761486563,0.064009242359393828,0.023182675370924114,0.019531203263429119,0.0017722583231438859,0.0
Greg Olsen,TE,CAR,7.3841511497530492,7400.0,0.47062995902717664,0.23375848906132213,0.1968121259570097,0.064283256286575052,0.023151452045829527,0.0065858350742265311,0.0047788825478603568,0.0
Jason Witten,TE,DAL,7.1471868266941252,5200.0,0.50836578804199728,0.23047458413775751,0.14884973932904744,0.067355347052206346,0.034383505892053662,0.0046989954913059118,0.0058720400556321701,0.0
Travis Kelce,TE,KC,7.0875248695267512,5700.0,0.49142174656841991,0.23945838331587013,0.17225675074155938,0.067716380846034999,0.019526472987389226,0.0068357809306819999,0.0027844846100445421,0.0
Jacob Tamme,TE,ATL,6.8946811572387876,5300.0,0.51221252839588727,0.24501162623696066,0.14549100898631984,0.063613713909523598,0.021625544477298284,0.008464659573783043,0.0035809184202274251,0.0
Julius Thomas,TE,JAC,6.7932786647087617,5500.0,0.51895155568738704,0.23691272114958545,0.15549859753251782,0.057042000026621603,0.0227436918631507,0.0059261800800864094,0.0029252536606510101,0.0
Cameron Brate,TE,TB,6.7926847921502471,5200.0,0.50451129016173879,0.2789590009204802,0.12633862221385711,0.055337068263483509,0.018954726468964296,0.01218319693269905,0.0037160950387772423,0.0
Zach Ertz,TE,PHI,6.5801381206828786,4800.0,0.52252575895915487,0.27137163348576054,0.11985563664297694,0.055952491280462271,0.018336052500764456,0.0093244952202067178,0.0026339319106742929,0.0
Jack Doyle,TE,IND,6.5026474270129162,4900.0,0.52198728518844928,0.27746292389581106,0.12223312977114394,0.052624054960884736,0.013318631519286203,0.0086514828760494537,0.0037224917883751001,0.0
Kyle Rudolph,TE,MIN,6.3928104300200044,5100.0,0.55476529259281382,0.24330575331640913,0.11203277080033362,0.068298226770318132,0.0077259927283016387,0.0098504165227239239,0.0040215472690990888,0.0
Vernon Davis,TE,WAS,6.3558801424680738,4500.0,0.55895760219371593,0.22664488426390358,0.1466881625067899,0.041261133529226147,0.009183912289525465,0.014388142959403558,0.0028761622574358364,0.0
Jordan Reed,TE,WAS,5.9467649214273601,6800.0,0.60993676995994539,0.21107758317426267,0.099199407495572586,0.058139118731630128,0.012030521446782684,0.0034471670724670394,0.0061694321193396812,0.0
Richard Rodgers,TE,GB,5.3593639689822981,4800.0,0.66761075705576378,0.17796762332180527,0.10124753502374734,0.03199424191688463,0.014724519632879433,0.0036202024486549802,0.0028351206002636404,0.0
Tyler Eifert,TE,CIN,4.9692606776579691,5600.0,0.70867155885115862,0.16327408039998598,0.08238711048060382,0.031604037897812277,0.0063724759775561548,0.0029919799913342305,0.0046987564015488689,0.0
Ryan Griffin,TE,HOU,4.6589933524872684,4500.0,0.7173097644419465,0.17523169864079768,0.079593272573921237,0.0173294993272924,0.0087050322599903588,0.00088530881823943401,0.00094542393781196408,0.0
Erik Swoope,TE,IND,4.5521088009988517,4500.0,0.73952676333512424,0.15557843230308133,0.072605220662119066,0.025079955933932082,0.0034823459347971264,0.0025091312464565244,0.001218150584489772,0.0
Levine Toilolo,TE,ATL,4.2660160049935234,4500.0,0.76938267829500318,0.15173553461438677,0.057091120224797953,0.0099229676461898546,0.006999919578298092,0.0014158153237628949,0.0034519643175608913,0.0
Anthony Fasano,TE,TEN,4.2553237555236638,4500.0,0.77167247960801699,0.14158731077608497,0.061532642395000871,0.018908208938001915,0.0038604777752065896,0.001071403784108557,0.0013674767235801872,0.0
Tyler Kroft,TE,CIN,4.1961764446405692,4500.0,0.78478178891920336,0.12803854162727171,0.06428562346913036,0.01484399526901977,0.0041994036502354471,0.0024888706458801959,0.0013617764192584219,0.0
Clive Walford,TE,OAK,4.1911741305261385,4600.0,0.79197589285189873,0.12548501217659785,0.056651098408806798,0.01551815311577283,0.0037520278988496525,0.0034205032627898147,0.0031973122852846005,0.0
Nick O'Leary,TE,BUF,4.1522158245623881,4500.0,0.79377331446170751,0.11473890414793157,0.069757092874530593,0.015074762617502412,0.0046718899644912952,0.00041200417661826704,0.0015720317572186177,0.0
Ifeanyi Momah,TE,ARI,3.9949167863927597,4500.0,0.80314176454267461,0.13079126593431584,0.041562631872208738,0.019277052165237615,0.0019755653416313164,0.0012018474653195691,0.0020498726786126989,0.0
Josh Hill,TE,NO,3.9116602689499711,4500.0,0.82595777013714544,0.10482685592681196,0.049693154316767407,0.012137108763944811,0.0021663390713295562,0.00058653996234083123,0.004632231821660086,0.0
Eric Ebron,TE,DET,3.754978470533564,5300.0,0.8557778277473439,0.080151967722363812,0.03860785248444764,0.018295424259664416,0.0014820718987860707,0.002758734817833096,0.0029261210695616089,0.0
Mychal Rivera,TE,OAK,3.6999140155628227,4500.0,0.84951413512626295,0.094148741170245256,0.039529529653839976,0.0074033014899416612,0.0041214111430214161,0.0041728504104978801,0.0011100310061906776,0.0
Jermaine Gresham,TE,ARI,3.6908642831794407,4500.0,0.84324851824891411,0.10166335114835882,0.039181401009402067,0.0096492791182557335,0.0041613596568589708,0.00071410855456124835,0.0013819822636486265,0.0
John Phillips,TE,NO,3.5553183189053539,4500.0,0.85762672508968896,0.095006289553780363,0.035136510255984313,0.0080767618583400431,0.0018496629559513283,0.00054727369610677642,0.0017567765901480882,0.0
Austin Hooper,TE,ATL,3.5131899588104352,4500.0,0.87769376849842651,0.082601393299154752,0.024947419168489963,0.0056782023780428117,0.0014950971808809696,0.0014466748794910358,0.0061374445955145332,0.0
Phillip Supernaw,TE,TEN,3.5022584369171277,4500.0,0.85726968316409846,0.10176856976363206,0.031116240764903675,0.0067241590146520248,0.0012865740085026783,0.00052944222357064884,0.0013053310606408999,0.0
Clay Harbor,TE,DET,3.4948957785433739,4500.0,0.86449665349371752,0.089534205398822925,0.035989570605934357,0.0067881195969714588,0.0010991218410721863,0.00059678397989950879,0.0014955450835819318,0.0
Brent Celek,TE,PHI,3.4809125949670841,4500.0,0.87030245185482102,0.084889680268991227,0.031084638532683628,0.010403473415065827,0.0011501477064047919,0.00052660190331711005,0.0016430063187163138,0.0
Ed Dickson,TE,CAR,3.460687115177616,4500.0,0.87727497239957175,0.077668082675553904,0.033537404237867566,0.0059901164718934195,0.0011455486050734813,0.002435468944667282,0.0019484066653728228,0.0
Brandon Bostick,TE,NYJ,3.4230061247519221,4500.0,0.86732648350269825,0.10124471397662578,0.021177623138353089,0.0063536416440298678,0.0010962158463361277,0.00043541061207042284,0.0023659112798870632,0.0
Demetrius Harris,TE,KC,3.3586681306964405,4500.0,0.88234321830254347,0.080048991821597318,0.027428580381501977,0.0075363880010011867,0.00088449333783429058,0.00049919787369857133,0.0012591302818235435,0.0
Virgil Green,TE,DEN,3.3522680503808107,4500.0,0.88944246312209918,0.070131677078224611,0.028524026543356194,0.0088102329159570753,0.0010766141432987104,0.00037379046050569693,0.0016411957365585473,0.0
Niles Paul,TE,WAS,3.32829537918371,4500.0,0.88617328469650114,0.079480335112830758,0.025046918090451013,0.0060840608461910353,0.00087771194162074187,0.00058207086178927901,0.0017556184506163899,0.0
Trey Burton,TE,PHI,3.2077375334587699,4500.0,0.90613534579780719,0.062312678007301017,0.023448265231873083,0.0046555108349150996,0.0013572578123143,0.00043226039061971297,0.0016586819251700709,0.0
Marcedes Lewis,TE,JAC,3.1985883207546819,4500.0,0.90379597630739283,0.066861238704450945,0.021865001749299513,0.00492865540960798,0.00064852615244494964,0.00040503985996205642,0.0014955618168418861,0.0
Brandon Myers,TE,TB,3.1744730579983078,4500.0,0.90924390883426609,0.062379898351905723,0.020842449763343467,0.003796415506897877,0.0016210156111512962,0.00053301520337965379,0.0015832967290571077,0.0
Kellen Davis,TE,NYJ,3.172486152088033,4500.0,0.90288918461504142,0.075882129028651088,0.01544130418857559,0.0023022150529445895,0.00046875879649017812,0.00043722760128297913,0.0025791807170145831,0.0
Randall Telfer,TE,CLE,3.0669714146998168,4500.0,0.92153135218819204,0.057980759221897375,0.013476465455969535,0.0042737862119525275,0.00057686772915687247,0.00047549099984599968,0.001685278192986377,0.0
Stephen Anderson,TE,HOU,3.0591336571515364,4500.0,0.92279826912440321,0.055275817336477621,0.016899365733322971,0.0022110617857809206,0.00055947497931688303,0.00052198294131543266,0.0017340280993839506,0.0
Justin Perillo,TE,GB,3.0506057899893686,4500.0,0.92534240365171094,0.054222140227352562,0.014091442931466852,0.0030460682814442536,0.00057344527799334992,0.00095006776262107021,0.0017744318674116502,0.0
Geoff Swaim,TE,DAL,3.0443862107707007,4500.0,0.92493564843249365,0.056056656719875302,0.0131400625226733,0.0026075133478213309,0.00054688268803342673,0.00073709752390144646,0.0019761387652020169,0.0
Gavin Escobar,TE,DAL,3.0443862107707007,4500.0,0.92493564843249365,0.056056656719875302,0.0131400625226733,0.0026075133478213309,0.00054688268803342673,0.00073709752390144646,0.0019761387652020169,0.0
Rhett Ellison,TE,MIN,3.0139243148255788,4500.0,0.92834528660716231,0.053405561871110306,0.013260563196231687,0.0021847578293162713,0.00048706119915224217,0.00046889600913166011,0.001847873287896243,0.0
Logan Paulsen,TE,CHI,3.0068374649901961,4500.0,0.93046800205791114,0.050009063387936058,0.014473853351500431,0.0022392507805978797,0.00072959312612060198,0.00049796290849592813,0.001582274387437944,0.0
Seth DeValve,TE,CLE,3.0058374675269905,4500.0,0.93092658730228883,0.050334027030240348,0.013488578133444434,0.0022294741641290944,0.00064791841516751792,0.00056732210035790654,0.0018060928543725673,0.0
Nick Vannett,TE,SEA,2.9968550382866304,4500.0,0.93167641589505967,0.050057209608266227,0.013207360551751141,0.0022057265374440605,0.00054770878101972464,0.0005967992418951419,0.0017087793845646647,0.0
Jeff Heuerman,TE,DEN,2.9941329600546891,4500.0,0.93188075004491022,0.049696258325185066,0.013516789370305662,0.002187955807134372,0.0005729205655990899,0.0004689420021917956,0.0016763838846742664,0.0
Ben Braunecker,TE,CHI,2.9933093491791634,4500.0,0.93248274377830986,0.048831212618142585,0.013771094326448826,0.002092171367762559,0.00059955992907160507,0.00055813475100269878,0.0016650832292622714,0.0
Khari Lee,TE,DET,2.992891781547756,4500.0,0.93178522554017862,0.04966323502897322,0.013865617008925822,0.0020150616078735591,0.00046277984713953828,0.00070996215624336402,0.0014981188106662376,0.0
Ben Koyack,TE,JAC,2.9915049211747382,4500.0,0.93271953731232116,0.048754670995591005,0.013617893492559017,0.0020826575137805198,0.00058049935057639989,0.00056684157868618784,0.0016778997564861928,0.0
Brandon Williams,TE,SEA,2.9882831778272201,4500.0,0.93219861460509457,0.04978193562058017,0.013248848913013233,0.002132613766088328,0.00055711310064972806,0.00051664836450695183,0.0015642256300674644,0.0
James O'Shaughnessy,TE,KC,2.9760743737538746,4500.0,0.93376145920809084,0.048529383692500726,0.013041387301224327,0.0021904640388724006,0.00056729906592533567,0.00043527695433759599,0.0014747297390490602,0.0
Luke Stocker,TE,TB,2.9733551654516561,4500.0,0.93496191411077034,0.047522862226255416,0.012669005503859214,0.0020553843111272667,0.00070313053344990377,0.00049239117021665231,0.0015953121443219157,0.0
Sean McGrath,TE,SD,2.9708852183884851,4500.0,0.9364459989745948,0.045848766770440884,0.012548543195086971,0.0022858062164341371,0.00064387382457052481,0.00045153003545374542,0.0017754809834197656,0.0
Chase Coffman,TE,IND,2.9663173447572246,4500.0,0.93589324803674367,0.046934417161839131,0.012478536082727172,0.0020399881919382231,0.00051625921064401171,0.00047140356596129195,0.0016661477501468062,0.0
