name,pos,team,expectation,salary,prob_0_5,prob_5_10,prob_10_15,prob_15_20,prob_20_25,prob_25_30,prob_30+,label
Julio Jones,WR,ATL,14.929961425425329,9200.0,0.12320845084307511,0.21858155485064396,0.22457368156628524,0.16582834290029946,0.14166696609204221,0.0438707002179793,0.082270303529675001,2.0
A.J. Green,WR,CIN,14.02831098375739,8500.0,0.1323368640649373,0.22922653504195026,0.25528557226855214,0.16946485841973088,0.10029310910228198,0.053838261108303247,0.059554799994244116,2.0
Amari Cooper,WR,OAK,13.350076599746373,7500.0,0.13624327529231794,0.25492023179881523,0.25085097746663582,0.15811802935268274,0.11620146904355066,0.046397294542702278,0.037268722503296152,1.0
DeAndre Hopkins,WR,HOU,13.31472383509294,7600.0,0.16524793681866476,0.25791892177363562,0.22898492477874957,0.14389140030418884,0.092539990925938453,0.052658356014143724,0.058758469384679157,1.0
T.Y. Hilton,WR,IND,12.742182588415686,7800.0,0.16193663195888577,0.28443549008610342,0.22708818701223427,0.1338651489084299,0.10607762137510034,0.052640841958819268,0.033956078700427321,1.0
Marvin Jones,WR,DET,12.655408771500838,7400.0,0.1611452881561484,0.27553869435817024,0.24125365646935854,0.14645232850469778,0.095582419937042945,0.045886933329182603,0.034140679245400249,1.0
Alshon Jeffery,WR,CHI,12.617164215379772,6800.0,0.16427995235234694,0.26744330455862603,0.2477649001191134,0.15075163851628626,0.09359507337355194,0.040832548522971794,0.035332582557103968,1.0
Jordy Nelson,WR,GB,12.37901763486477,7500.0,0.22918960228940025,0.24851464608444629,0.19848302213664434,0.14382669122103336,0.080636351227750716,0.046317071815731567,0.053032615224993584,1.0
Mike Evans,WR,TB,12.130362092292666,7900.0,0.1977641029830812,0.27299195726345693,0.22380442769342068,0.1417989134876475,0.091453661072001702,0.036636581796843606,0.035550355703548767,1.0
Brandon Marshall,WR,NYJ,11.755333943520831,7400.0,0.22146571602022375,0.25888170578081593,0.22847090804954712,0.1437787610837567,0.081776271260909153,0.033180831467676461,0.032445806337071753,1.0
Michael Crabtree,WR,OAK,11.736728804409385,7100.0,0.20862834481687578,0.25939698959016633,0.24700325002866522,0.13887574777109532,0.093294050822148006,0.026047790452879999,0.026753826518169609,1.0
Larry Fitzgerald,WR,ARI,11.585459900622411,7000.0,0.20174480990606908,0.29474445522326803,0.22376898889130528,0.133056347767222,0.091616997370794304,0.032514727423309228,0.022553673418032848,1.0
Demaryius Thomas,WR,DEN,11.571094340472934,7000.0,0.19084812458824144,0.32745590142161446,0.20130488914368672,0.13384209788909701,0.088364764276955415,0.032686406541428979,0.02549781613897557,1.0
Doug Baldwin,WR,SEA,11.442318168976406,7200.0,0.21907149145635429,0.2877149564883707,0.2221229798515178,0.13451390592251658,0.071547687937068088,0.037278740766045405,0.027750237578127061,1.0
Julian Edelman,WR,NE,11.387931499224884,6500.0,0.21658857398968079,0.297496668500559,0.21068072226634738,0.13515474122145013,0.083441982259097075,0.032430994898431466,0.024206316864434835,1.0
Brandin Cooks,WR,NO,11.387924356000534,7200.0,0.248678521114896,0.27623488486944098,0.18838125201641914,0.13377616230506811,0.08994629147690425,0.030609962624837016,0.032372925592434057,1.0
Allen Robinson,WR,JAC,11.098451650165085,7100.0,0.30214750749448938,0.23771524787730972,0.19329807677612196,0.10182810382362696,0.091290365214442809,0.036300924010832666,0.037419774803176625,0.0
DeSean Jackson,WR,WAS,10.823747840540108,6000.0,0.25124186697762269,0.2702246756358791,0.23669929460447786,0.12708341034373807,0.062746951326320341,0.03275762686737483,0.019246174244587206,1.0
Emmanuel Sanders,WR,DEN,10.733826380540783,6600.0,0.23612743636699821,0.31722393535735893,0.2079155892478165,0.11849925629878071,0.072043716500677341,0.028798602085519511,0.019391464142848605,1.0
Terrelle Pryor,WR,CLE,10.589290730690696,6900.0,0.26442775405704827,0.28583314698869866,0.20894454243060051,0.12465908285800782,0.07046429512326445,0.025707450202877614,0.019963728339503061,1.0
Golden Tate,WR,DET,10.524393192758048,6300.0,0.27480211841668117,0.27630743730006108,0.21617822760163077,0.11584167267338238,0.062468545638626201,0.036531629285924704,0.017870369083693993,1.0
Pierre Garcon,WR,WAS,10.434911455377687,5800.0,0.2825700877002878,0.25243966971869575,0.23877984299579058,0.12284312280595081,0.058847254885632222,0.024210396602533622,0.020309625291109402,0.0
Jamison Crowder,WR,WAS,10.431789425626842,6200.0,0.24761059898054402,0.28292310098718382,0.24859943249905977,0.13348224213402385,0.051029550843645959,0.02309133016507996,0.013263744390463015,1.0
Travis Benjamin,WR,SD,10.339550076453637,5900.0,0.26617185663695614,0.30819946878001175,0.19462084625932816,0.12212322553133556,0.065194266680910481,0.027110049366712147,0.016580286744746129,1.0
Tyrell Williams,WR,SD,10.296697602978441,5800.0,0.26619555968276509,0.3067135449198089,0.20038889812434418,0.12050943426560382,0.064810218335382697,0.025270824719853518,0.016111519952243112,1.0
Jeremy Maclin,WR,KC,10.211416684937593,6400.0,0.2710635039299209,0.30391579454734374,0.20669933289900094,0.11877793559790652,0.057386644332334542,0.023287089325730117,0.018869699367763788,1.0
Anquan Boldin,WR,DET,10.185105852489418,5800.0,0.26667948120291329,0.30012449382093559,0.22502004067012382,0.10952507722567735,0.058272249515930581,0.024845939048522683,0.015532718515897249,1.0
Kelvin Benjamin,WR,CAR,9.9117470847333884,7300.0,0.33941033513080832,0.25190607064536447,0.19408995151378003,0.095810205273008306,0.072046678618685911,0.024761879559541348,0.021974879258811947,0.0
Quincy Enunwa,WR,NYJ,9.8678398071935689,6100.0,0.2843588381703287,0.3141333234086523,0.20587680880181877,0.10293482846431069,0.052291155977012331,0.02194725502050732,0.018457790157370108,1.0
Jordan Matthews,WR,PHI,9.6696982573236738,6000.0,0.35596065396659282,0.25642272727630783,0.18544714226657327,0.090738411738558983,0.057071747179179684,0.031476765666822823,0.022882551905964756,0.0
Brandon LaFell,WR,CIN,9.5250605507468737,6000.0,0.32120188917793441,0.28979264750058997,0.19704583124682271,0.10501623857990497,0.050263884327063683,0.022262174988523127,0.014417334179162125,0.0
Allen Hurns,WR,JAC,9.4787375443876183,5700.0,0.30378328140332345,0.31680740966275284,0.19591106999965832,0.10075394334283126,0.048801382288423123,0.020652224290874852,0.013290689012137386,1.0
Willie Snead,WR,NO,9.451153202042585,6400.0,0.33810538271172619,0.28453674403814272,0.187555264974158,0.099818970225403203,0.050696691303764564,0.018016975548963619,0.02126997119784186,0.0
Mohamed Sanu,WR,ATL,9.3972175912082232,5600.0,0.35767840736236634,0.25946999638977331,0.18324279911078806,0.097019566042415697,0.069037105080361622,0.021205342607544794,0.012346783406750399,0.0
Michael Floyd,WR,ARI,9.3351689232575623,5300.0,0.3227661621576271,0.31755310110468726,0.17462886620254731,0.095591142365928986,0.056619828817313825,0.017663758008423919,0.015177141343472108,0.0
Michael Thomas,WR,NO,9.113551505082965,5700.0,0.32396965231113095,0.30660751088997518,0.21094292463121866,0.086925745537392823,0.041121140651967009,0.019239684809946121,0.011193341168369677,0.0
Davante Adams,WR,GB,9.1028050784647547,6600.0,0.3632787289656535,0.27030584145415093,0.1871895364696339,0.1001476625616069,0.044003432737441332,0.019044535406596043,0.016030262404917801,0.0
Will Fuller,WR,HOU,9.0626780424240607,6600.0,0.34722769192228237,0.30710902182659666,0.1724256190632194,0.083718791505921042,0.05870255453224052,0.017131554392172881,0.013684766757567263,0.0
Cole Beasley,WR,DAL,8.7399510230826234,6100.0,0.38337068359293952,0.25667194074478078,0.19680606612679988,0.09041907615594981,0.0510897851679189,0.012390767264570153,0.0092516809470412336,0.0
Rishard Matthews,WR,TEN,8.6026629104668686,5300.0,0.395483255443835,0.26324793538078994,0.1804262602681351,0.091475147884556823,0.040532535883791673,0.018366722943546281,0.010468142195345351,0.0
Dontrelle Inman,WR,SD,8.5671668363448301,5300.0,0.40281130940050747,0.26408755078213447,0.16428660028376074,0.096184301719115781,0.046056065757807893,0.01649111375843269,0.010083058298241165,0.0
Stefon Diggs,WR,MIN,8.4710346490288639,6700.0,0.39147542899298088,0.3025673487182885,0.15018109555579917,0.080364600900339353,0.047637321681627258,0.013932017621943413,0.013842186529021767,0.0
John Brown,WR,ARI,8.0234387317106464,5900.0,0.43556417305093514,0.26201732506122027,0.16531204641635155,0.072772397093505886,0.043392646583616572,0.010640417220124659,0.010300994574245959,0.0
Chris Hogan,WR,NE,7.925998239372487,5200.0,0.45449693524578549,0.25948320081006276,0.13622694555718137,0.085844572953456683,0.041650395870234898,0.010539612368367233,0.0117583371949117,0.0
Seth Roberts,WR,OAK,7.7864739876137232,5000.0,0.46369179559546331,0.24419063549364808,0.16239629869446362,0.070964824438349117,0.035594649445821427,0.011675455078545872,0.011486341253708723,0.0
Adam Thielen,WR,MIN,7.5774512272254757,5400.0,0.43384760513297421,0.30264705923999402,0.14733933135056723,0.07682310240563138,0.021447842584429899,0.0096093596081812133,0.008285699678222555,0.0
Cameron Meredith,WR,CHI,7.5166049803957415,5400.0,0.46740432879159799,0.26889827903060926,0.13811025024670442,0.074820438395133984,0.033906535758736575,0.0076508881447545276,0.0092092796324629838,0.0
Tajae Sharpe,WR,TEN,7.3648950697575515,4700.0,0.50365249197075912,0.23417126975566571,0.14727098532869701,0.05759753118379779,0.032241710623551779,0.013615156600724466,0.011450854536804281,0.0
Ted Ginn Jr.,WR,CAR,7.3474041188431602,5600.0,0.55553827971499969,0.2122995044947541,0.10574088242734431,0.050341374899643264,0.034181398017834472,0.0095938701642242566,0.032304690281200039,0.0
Cordarrelle Patterson,WR,MIN,7.0644984164599389,5300.0,0.50824866080610032,0.24665211463436104,0.151770553215091,0.054654006309471252,0.015341276942155061,0.0095251247152883332,0.013808263377533632,0.0
Robert Woods,WR,BUF,7.0199776289666787,5300.0,0.53883847056281786,0.21678533577503117,0.134977301491471,0.059478813965479757,0.028840984217908736,0.0090392684333997168,0.012039825553890798,0.0
Phillip Dorsett,WR,IND,6.9688052915871364,5300.0,0.54859315563060507,0.21336036806136263,0.12723493188364549,0.053868853685299846,0.035625975085259685,0.01115885777203123,0.010157857881796746,0.0
Tyler Lockett,WR,SEA,6.9669690393777364,5200.0,0.5623619281702753,0.19884981388634279,0.12078206657659436,0.063588584566498213,0.030863823236289258,0.0095605193164248915,0.013993264247575295,0.0
Dez Bryant,WR,DAL,6.8878222110410192,7300.0,0.60523555540819807,0.18244259365368007,0.10152139886720003,0.038733589658747784,0.030443622249425744,0.010964845474457637,0.030658394688290631,0.0
Terrance Williams,WR,DAL,6.7795586188520858,5400.0,0.55741800176034018,0.20766661862426899,0.12570998597858604,0.065032352327698981,0.028181200597939212,0.009962460538973688,0.0060293801721928849,0.0
Marqise Lee,WR,JAC,6.5824476975827473,4500.0,0.54945710122694258,0.25229309653573717,0.10997047013426239,0.052369288427409594,0.011204438776760072,0.012171033013170072,0.012534571885718134,0.0
Nelson Agholor,WR,PHI,6.5645093129232031,5000.0,0.58237057467162867,0.21424497541464202,0.10211460763892784,0.05411841491268244,0.023473165599479588,0.010485957800652293,0.013192303961987062,0.0
Brice Butler,WR,DAL,6.3618475891955475,5500.0,0.58720793866831267,0.20686528968342474,0.11231406615296752,0.056621229704336425,0.022993799855360663,0.0079651241773895654,0.0060325517582077107,0.0
Andrew Hawkins,WR,CLE,6.2175812732388511,4500.0,0.5713052626673204,0.25421276925071873,0.098489252176495262,0.044819903734833896,0.01508799577064244,0.0046920132286302667,0.011392803171359666,0.0
Jaelen Strong,WR,HOU,6.1072067414854523,4900.0,0.59559666446638604,0.22682976832825891,0.10805455636710608,0.040325430583839257,0.010459362992056104,0.0040557924602824917,0.01467842480207146,0.0
Kendall Wright,WR,TEN,6.0522236875609918,4800.0,0.61759132866659761,0.2004676344381312,0.092709623397572091,0.058471361095141644,0.019101749741908289,0.0020281288455677388,0.0096301738150810067,0.0
Robby Anderson,WR,NYJ,5.9856496514348345,0,0.61448450013041311,0.21581454084755589,0.095178927948152053,0.047030984340813826,0.0092774155456577176,0.0037557895867401871,0.014457841600666731,0.0
Jermaine Kearse,WR,SEA,5.9557671062084756,4500.0,0.60857429622021653,0.22250054207750475,0.099276078907958823,0.042747302391247119,0.0090947083870976369,0.006843991651799314,0.010963080364176038,0.0
Dorial Green-Beckham,WR,PHI,5.8691389102449643,4800.0,0.62668094892729853,0.21274646702587774,0.091428040358331256,0.039159075543706699,0.0095038382436052494,0.0069319597711764089,0.013549670130004529,0.0
Adam Humphries,WR,TB,5.8495768659297154,5000.0,0.62814769932778891,0.20253350662823968,0.10185523659613858,0.041714256686189131,0.0091971547499619753,0.0038992965126127591,0.012652849499068815,0.0
Danny Amendola,WR,NE,5.7993029925825752,4600.0,0.66186360456255211,0.1662848784472184,0.10115956492576506,0.035733616532266622,0.014483959613761395,0.0046423608692741482,0.015832015049161673,0.0
Tyler Boyd,WR,CIN,5.7558528083005855,4600.0,0.64334487002768881,0.19087824373860041,0.095201215419472879,0.041524728560951053,0.014688161113111104,0.004530013642575533,0.0098327674975993862,0.0
Chris Conley,WR,KC,5.7228368434903159,4500.0,0.63777529858518323,0.20131303640634432,0.094385803707933341,0.041283932785370105,0.011007696926521022,0.0039482443417002272,0.010285987246947192,0.0
Brandon Coleman,WR,NO,5.5929682749477019,4600.0,0.6423701811722391,0.20656545639642002,0.096760229854712165,0.031323398422758372,0.0061401086784687231,0.0063246377923735679,0.010515987683027491,0.0
Arrelious Benn,WR,JAC,5.5750536507348381,4500.0,0.67731513119928632,0.17488961419349766,0.078243416660627729,0.04202271668025151,0.0058574107226541036,0.004486419222063308,0.017185291321619535,0.0
Tyreek Hill,WR,KC,5.5522102067470875,4800.0,0.660406373142577,0.18526222591224598,0.094325366890825171,0.034232077189853993,0.010412634640694106,0.0051108552876962888,0.010250466936107866,0.0
Justin Hardy,WR,ATL,5.5407597536285156,4500.0,0.67647336999207619,0.17656450345620006,0.082428804718979107,0.032953573236215242,0.012764282624935393,0.0036590274614659462,0.015156438510127384,0.0
J.J. Nelson,WR,ARI,5.4852179975105937,4500.0,0.67604686591399632,0.1655603603886146,0.10055876832007569,0.035349625186116014,0.0070417987351220892,0.0028180983266512878,0.012624483129424541,0.0
Devin Funchess,WR,CAR,5.4010647861673631,4800.0,0.71025987409219649,0.14174907774223588,0.082181822806385807,0.032497253617351098,0.012964240812927262,0.0050058275087809315,0.015341903420122783,0.0
Justin Hunter,WR,BUF,5.3426046641087428,5200.0,0.69617264010293867,0.15599763073220671,0.08811274651211827,0.033955613591371295,0.010407454347401104,0.0046661964927870638,0.010687718221177166,0.0
Ricardo Louis,WR,CLE,5.2844339141100152,4500.0,0.68517707141504858,0.1899321683149518,0.07119607577354789,0.03020473583152716,0.0060910731865493088,0.0023391519268396517,0.0150597235515352,0.0
Russell Shepard,WR,TB,5.2672199387271732,4500.0,0.71752923269678037,0.15292383704951459,0.070838023378704706,0.029976047983715504,0.0047181633719635798,0.0040348095840545897,0.019979885935267158,0.0
Corey Brown,WR,CAR,5.2631195347742254,4700.0,0.70628844922958323,0.16010305042909048,0.078082848949695458,0.02911863055660675,0.0062647392098031376,0.0046563469644083279,0.015485934660813678,0.0
Andre Roberts,WR,DET,5.1697222637250455,4500.0,0.7102489696265899,0.16182512641827917,0.074003754508018479,0.029826823914293078,0.0076539788175623603,0.0019022155677360815,0.014539131147520604,0.0
Jordan Norwood,WR,DEN,5.1583969594134897,4500.0,0.6918693074536818,0.18378512201100322,0.072056181313065071,0.031886925327638233,0.0082452371011132054,0.0025878608663664027,0.0095693659271330056,0.0
Donte Moncrief,WR,IND,5.0506700328823939,5400.0,0.78378368095241424,0.10165281538617896,0.055400120585009399,0.017628817027095376,0.0067345944567452814,0.0055624628264009509,0.029237508766155287,0.0
Geronimo Allison,WR,GB,5.0159395795861812,0.0,0.85726380555477011,0.048215560785219672,0.02854098336952765,0.0082678816458702665,0.00070415417914242444,0.00018624485784344834,0.056821369607625259,0.0
Charone Peake,WR,NYJ,4.9487128183988434,4500.0,0.72791852294876558,0.15369991717699238,0.071516548569369232,0.027575511543375709,0.0052059785020970618,0.0013891916403817395,0.012694329619017546,0.0
Taylor Gabriel,WR,ATL,4.9244202398370742,4600.0,0.75990684717929102,0.1253176189690145,0.064450096264238643,0.022647479425520763,0.0046127478753701162,0.003767373447190268,0.019297836839373757,0.0
Brittan Golden,WR,ARI,4.9217443569879613,0.0,0.85770454907828142,0.050937450619385788,0.028777469371046142,0.0082775938832182656,0.00067366359059551706,0.0001741542996603846,0.053455119157811669,0.0
Laquon Treadwell,WR,MIN,4.9132440116684668,4500.0,0.84605288081722663,0.060967303606446997,0.031677451939342599,0.011019724888325297,0.00050910840432804379,0.00019797378124682404,0.049575556563082983,0.0
Andre Holmes,WR,OAK,4.9131815778744592,4500.0,0.73721833487909283,0.14660097345685574,0.067486377129944777,0.027696555546107698,0.0057587008125137397,0.0027438401139236747,0.012495218061561567,0.0
Bennie Fowler,WR,DEN,4.8434295487629377,4700.0,0.7387810096207128,0.14885274692944658,0.067455170439440465,0.025784745025709439,0.005189098048747458,0.0025198666076577782,0.011417363328285088,0.0
Josh Huff,WR,PHI,4.8418374158948545,4500.0,0.73482315695373823,0.15677922232437291,0.061210456885703153,0.028684097286958046,0.0048611759187953719,0.003334625033781867,0.010307265596650262,0.0
Johnny Holton,WR,OAK,4.7769284234568987,0.0,0.82151736846912438,0.081626733250591527,0.043453198818837621,0.015317869406558644,0.0021845306099079137,0.00079408216571184571,0.035106217279268576,0.0
Rashard Higgins,WR,CLE,4.7320621322681085,4500.0,0.74256318930281295,0.157905402927422,0.062579673557486851,0.019404782677013392,0.0026976457388038153,0.0014518281680203507,0.013397477628441323,0.0
Tanner McEvoy,WR,SEA,4.6546471886693412,5000.0,0.76076206131473745,0.13176582846146304,0.063149923901025723,0.028063583707192728,0.0058933264285152926,0.0015163937208066305,0.0088488824662587093,0.0
Aldrick Robinson,WR,ATL,4.646368879540157,4500.0,0.77505695823706144,0.1299545639098012,0.054224883157642463,0.014939118131266423,0.0054942574399792134,0.0053809085189242762,0.014949310605324312,0.0
Braxton Miller,WR,HOU,4.6431787973804228,4500.0,0.77285668125757179,0.11841235493168549,0.071083428715010513,0.019832426637481804,0.0022891020896105953,0.0010107883684440442,0.014515218000195425,0.0
Andre Johnson,WR,TEN,4.5610911418991211,4500.0,0.77296617348926266,0.12503677628895724,0.063442608229652905,0.019402028733419899,0.0077222482097595562,0.0020632774839288819,0.0093668875650183402,0.0
Walter Powell,WR,BUF,4.5537521022340206,4500.0,0.7752385664007847,0.12674644259330456,0.057788277240512727,0.022099749186628992,0.0051679573603924832,0.0018514670322889938,0.011107540186088016,0.0
Jalin Marshall,WR,NYJ,4.5052348235033737,4500.0,0.79969333956723188,0.11526860510683895,0.048016100172193606,0.011882378335461644,0.0021859386254567759,0.0025622523413754593,0.020391385851440028,0.0
Charles Johnson,WR,MIN,4.4904091725917361,4700.0,0.80787491119909827,0.10644502405117055,0.046021008715564291,0.014041178256487187,0.0029270725130478583,0.0011515106704653728,0.021539294594164499,0.0
Devin Street,WR,IND,4.4786108131912998,4500.0,0.80042313360072603,0.11643580770225116,0.03964939902501298,0.021410888911967928,0.0023022733163135536,0.0013429576662733933,0.018435539777455066,0.0
Lucky Whitehead,WR,DAL,4.4600267733847181,4500.0,0.81207934455480668,0.095138676822966173,0.058079257896321013,0.010897749730874623,0.0023933631626427698,0.00048932712825637678,0.020922280704132112,0.0
Josh Bellamy,WR,CHI,4.4580294765849082,4500.0,0.77949344691598443,0.1364058722842918,0.044337608703021274,0.022974761097401694,0.0036498092947653197,0.0015993172827356576,0.01153918442180037,0.0
Tommylee Lewis,WR,NO,4.4049951603487241,4500.0,0.81099653652433845,0.099047384419401724,0.05027325988436173,0.014853322705918499,0.0074192703440111168,0.003998927603313206,0.01341129851865447,0.0
Brandon Tate,WR,BUF,4.3602127587251598,4500.0,0.79943886983454859,0.11634329117115638,0.047672249894015528,0.018306021475629611,0.0045273953546073409,0.0012013365431653451,0.012510835726876892,0.0
Albert Wilson,WR,KC,4.3555441362668006,4500.0,0.79794244007319859,0.11514833145410973,0.048642830899477303,0.021958366330440224,0.0041096240239624736,0.0019522720061046269,0.010246135212707962,0.0
De'Anthony Thomas,WR,KC,4.2742654557286324,4500.0,0.81604851395651101,0.10277254595948432,0.046403830559679254,0.01653139049196499,0.002397540833511856,0.0019410726903781672,0.013905105508469372,0.0
Brenton Bersin,WR,CAR,4.2374568822325394,4500.0,0.88551054323564526,0.044669846433297904,0.027970890465966101,0.00660517369612459,0.00070630016621624258,0.00016871445988558484,0.034368531542863331,0.0
Jeff Janis,WR,GB,4.1888783779105045,4500.0,0.82861196591388075,0.092856780206735365,0.04460044557716486,0.016534644927199062,0.002243182061927214,0.00090202489558180183,0.014250956417510905,0.0
Bryan Walters,WR,JAC,4.1782151701613861,4500.0,0.88266799494198045,0.045336420552551854,0.031542763549165818,0.0096756944673678843,0.00064590340478863141,0.00016170712453252107,0.029969515959611347,0.0
Paul Richardson,WR,SEA,4.1048336209327969,4500.0,0.81985415031922981,0.10671609919336421,0.042887118957413255,0.016767775454511427,0.0034641249417833543,0.0018021276142211858,0.0085086035194761843,0.0
Griff Whalen,WR,SD,4.0517774811112766,4500.0,0.85253445133418526,0.081842308960515253,0.035855389665854852,0.0093598624926415838,0.001198022042419488,0.00062269566404617106,0.018587269840337928,0.0
Cecil Shorts,WR,TB,3.9346465448177046,4500.0,0.88589767006789655,0.060721597304632342,0.022362124394523137,0.0050572787502230791,0.00071681055131895145,0.00042999242680772976,0.024814526504596826,0.0
Jordan Taylor,WR,DEN,3.9170100107499417,4500.0,0.87491342127365124,0.0580391515366925,0.039634093265165433,0.0074897553931726635,0.00078562048436198303,0.0026092075594665808,0.016528750487487281,0.0
Ryan Grant,WR,WAS,3.8269173805548657,4500.0,0.86100468307479971,0.078344212083311479,0.038924016026149769,0.0074369376493831343,0.001322657917324362,0.0017992791738606789,0.011168214075171021,0.0
James Wright,WR,CIN,3.6934679665355503,4500.0,0.89074049536914923,0.055285530396192731,0.031321066929724806,0.0064871645889222722,0.00096923621673365051,0.00089986788501552034,0.014296638614259956,0.0
Matthew Slater,WR,NE,3.6210170146845533,4500.0,0.89431941493722766,0.064702038657336397,0.020631558811427062,0.0034534032178575617,0.00060662209362897016,0.00027580413850534043,0.016011158144016182,0.0
Marc Mariani,WR,TEN,3.5634261965802905,4500.0,0.91425155312730999,0.041704774871895764,0.022259122962789653,0.0038646350191796405,0.00053229685606156314,0.00018692368077183176,0.017200693481990621,0.0
Deonte Thompson,WR,CHI,3.5549842676905383,4500.0,0.90556309463584805,0.048062725778540698,0.026521390458685942,0.0048254655371462668,0.00063943271847895927,0.00044271420440328285,0.013945176666896065,0.0
Eric Weems,WR,ATL,3.5478325419631456,4500.0,0.9138674631473116,0.043436090520543112,0.019721178591623638,0.006033098605643804,0.00049177596173236309,0.00020392973364361387,0.016246463439501549,0.0
Jordan Payton,WR,CLE,3.4471669812584773,4500.0,0.91912922871583513,0.037174603091719723,0.026208259302714271,0.0035419828009494577,0.00043250029547650611,0.00023396179112417534,0.013279464002180351,0.0
Trevor Davis,WR,GB,3.4089567367552043,4500.0,0.92594574737735469,0.034223491326913671,0.021214101785136972,0.0040684354718981686,0.00051612874397707616,0.00022585890228191694,0.013806236392437077,0.0
Alex Erickson,WR,CIN,3.3885412553046224,4500.0,0.92470582467614182,0.037279589210973164,0.020577674571952847,0.0033339538434882451,0.00069195679623550469,0.00044525457814029228,0.01296574632306736,0.0
