name,pos,team,expectation,salary,prob_0_5,prob_5_10,prob_10_15,prob_15_20,prob_20_25,prob_25_30,prob_30+,label
Dez Bryant,WR,DAL,25.931906551398985,7300.0,0.018639405230294098,0.020975731530801702,0.014835104616539986,0.053834688455387983,0.029818804524789952,0.83157976041574522,0.030316505226440936,5.0
Mike Evans,WR,TB,24.314453539145351,7900.0,0.0060778667916927724,0.038029655926309892,0.086899386919226523,0.079800140373585973,0.038895620238659286,0.74723551159300217,0.0030618181575232666,5.0
Davante Adams,WR,GB,22.073782209365767,6600.0,0.055734260695712433,0.10389032800982602,0.047642714189133253,0.10507965909147668,0.13746312537687544,0.48383015029147736,0.066359762345498771,5.0
Julio Jones,WR,ATL,19.061885004946141,9200.0,0.0089808999272013249,0.090629967444757251,0.11359058727988848,0.197398046109928,0.54881369351962972,0.037798193729651548,0.0027886119889436321,4.0
Geronimo Allison,WR,GB,19.057330498377947,0.0,0.11704065158186037,0.11398810123053384,0.141921772533079,0.15133357001352538,0.16727549315243626,0.14288726929806464,0.16555314219050049,4.0
Johnny Holton,WR,OAK,18.990015491595614,0.0,0.12461133753200826,0.10426159749270426,0.14099878187483855,0.15519530959147512,0.18671366226997974,0.11608144255404267,0.17213786868495135,4.0
Adam Thielen,WR,MIN,18.741119636176407,5400.0,0.073710445410382325,0.14614819753781477,0.19711005509250928,0.084966921396151196,0.059600179110891147,0.42364211370613652,0.014822087746114959,5.0
Terrance Williams,WR,DAL,16.697852095244023,5400.0,0.13892078600548929,0.16836636685715092,0.11855328790785852,0.17148670797954665,0.17077020700052001,0.18054044212407211,0.051362202125362535,5.0
Golden Tate,WR,DET,16.498217611319298,6300.0,0.11292107168375226,0.20511635664630043,0.17167020272528502,0.16805586113580376,0.076998043631212806,0.19001534327998065,0.075223120897665099,1.0
Jordy Nelson,WR,GB,16.313780506278629,7500.0,0.35884033043180003,0.11116193269838334,0.021614170968183778,0.10371812267880706,0.040246665885698252,0.15499817176637953,0.20942060557074815,0.0
Adam Humphries,WR,TB,16.188577401663878,5000.0,0.17775613283706854,0.1283023739468134,0.18040866446350964,0.1658542674523901,0.047042874771220496,0.26084699094773051,0.039788695581267387,5.0
Robby Anderson,WR,NYJ,16.049388104508164,0,0.081355947948073146,0.23934838806995226,0.23334646084212438,0.15301003714685477,0.061024397614118916,0.13782492347487008,0.094089844904006445,1.0
Brittan Golden,WR,ARI,16.047749025965622,0.0,0.1962595740769407,0.18180288928198365,0.12197391500772127,0.12710289103873332,0.13338809923119338,0.12508939200503619,0.11438323935839138,0.0
Russell Shepard,WR,TB,15.969277672785621,4500.0,0.16867728517645311,0.15391551854358854,0.14904271317627882,0.19757109689534258,0.086706726819128777,0.18949926288761224,0.054587396501595963,3.0
Marvin Jones,WR,DET,15.941686419662467,7400.0,0.088658214599065185,0.22629453443433409,0.18279918400185619,0.15877136555211435,0.14338320768006615,0.16934017009588445,0.030753323636679573,1.0
Doug Baldwin,WR,SEA,15.526775454409901,7200.0,0.11067359615256754,0.20290100475275399,0.27391148059745579,0.030544941147133488,0.28325076761357681,0.0077834214991492796,0.090934788237363173,4.0
Tyrell Williams,WR,SD,15.526750968566917,5800.0,0.084396845820298425,0.30713451381761248,0.11463358275097406,0.09849528181341087,0.22993781421070825,0.14760089213647726,0.017801069450518636,1.0
T.Y. Hilton,WR,IND,15.365743734131025,7800.0,0.017239754573195397,0.28303537119399741,0.34010353538463467,0.062692665315254817,0.084020469637638068,0.19877126330179809,0.014136940593481655,2.0
Cole Beasley,WR,DAL,15.064700037560343,6100.0,0.1748155250184236,0.18105688717757012,0.13713300805723239,0.16913259725730595,0.20808482676050255,0.083781004554779145,0.045996151174186165,4.0
Marqise Lee,WR,JAC,14.495543266897773,4500.0,0.091813036622264768,0.20005999536052985,0.37198364853686022,0.1089174825931328,0.097722560229557706,0.069555084018053187,0.059948192639601494,2.0
Robert Woods,WR,BUF,14.349522656080117,5300.0,0.18091515397630745,0.16148648385243763,0.20054512942765565,0.24663524033486864,0.096280969548173265,0.03972830618843172,0.07440871667212566,3.0
Cordarrelle Patterson,WR,MIN,14.312488027190048,5300.0,0.17211241673107758,0.18497752668288209,0.25001841513015094,0.13079445335647946,0.067926972749151618,0.16580960156526553,0.028360613784992779,2.0
Emmanuel Sanders,WR,DEN,13.958012800773904,6600.0,0.064563565462797817,0.35134043022691386,0.19176517217226127,0.1076424187377744,0.2161288198867817,0.050898738676444628,0.017660854837026358,1.0
Arrelious Benn,WR,JAC,13.847324634599381,4500.0,0.2180100548689009,0.20313305060383516,0.18693528731493336,0.11444557444794269,0.091283898400087646,0.15083992575063701,0.035352208613663214,0.0
Travis Benjamin,WR,SD,13.52320560610883,5900.0,0.22208629111282005,0.26591679876015761,0.10203026915827686,0.085540591263840754,0.1816607558427718,0.11771694874761181,0.025048345114521007,1.0
Michael Thomas,WR,NO,13.393713900383739,5700.0,0.069301087812033632,0.33542740417584338,0.30099805350911585,0.085587944872502417,0.13554746010972901,0.022021152039195475,0.051116897481580319,1.0
A.J. Green,WR,CIN,13.356733331887863,8500.0,0.033071012421870848,0.37937848017881315,0.21235802807357151,0.19074183607605075,0.13752243910580783,0.040064307690017474,0.0068638964538685343,1.0
Jermaine Kearse,WR,SEA,13.044615634624758,4500.0,0.31730311552899709,0.17617178006595108,0.15110667965873925,0.033951936195627259,0.21930555993596371,0.0083907311899366985,0.093770197424784943,0.0
Amari Cooper,WR,OAK,13.022042658621336,7500.0,0.2288448398579257,0.17571155862168658,0.2521704278945367,0.12552047936950997,0.10518505226727835,0.069756801862029344,0.042810840127033366,2.0
Chris Conley,WR,KC,12.935508667471423,4500.0,0.2213951067716842,0.18359238494979122,0.31520419156742574,0.071586406654575122,0.11243033618991977,0.0093498862977925944,0.086441687568811418,2.0
Pierre Garcon,WR,WAS,12.92660594874947,5800.0,0.2784151944675578,0.1587686630214819,0.23409948579784445,0.13101306709789162,0.054580552904369695,0.055538397599323455,0.087584639111531096,0.0
John Brown,WR,ARI,12.903299910393526,5900.0,0.26541295376464125,0.18874541388520147,0.12522361926022049,0.16493045259982181,0.19064366073636138,0.02578934631416473,0.039254553439588932,0.0
Anquan Boldin,WR,DET,11.8894828807497,5800.0,0.33899055851641985,0.17625278217084533,0.16185796604637112,0.11131111273729803,0.099738946080810534,0.054651589708295534,0.057197044739959749,0.0
Jordan Matthews,WR,PHI,11.830480689947073,6000.0,0.46692127152340096,0.18781890024189898,0.018199386957196934,0.084278197280221137,0.035472133793628985,0.066906919670534915,0.14040319053311814,0.0
Jamison Crowder,WR,WAS,11.794711987008986,6200.0,0.24541029980915935,0.22091253266963415,0.2711029919855904,0.12097323690152911,0.054254265523441071,0.034577511504379412,0.052769161606266664,2.0
Cameron Meredith,WR,CHI,11.510077167699869,5400.0,0.23923298703558826,0.32874043682870624,0.15703156525794656,0.106294714112287,0.07250929628155367,0.049967309608779313,0.046223690875138806,1.0
Corey Brown,WR,CAR,11.483784194316945,4700.0,0.34772999032324253,0.2121749048695083,0.14262873028112222,0.10562292300915731,0.058836524485961897,0.078290279494156373,0.05471664753685148,0.0
Michael Crabtree,WR,OAK,11.461038246524726,7100.0,0.29783565098129688,0.19016666224805345,0.19755982639161823,0.1361933483306495,0.13226602389372202,0.019721986198980346,0.026256501955679541,0.0
Josh Huff,WR,PHI,11.230599827727225,4500.0,0.46235611505490676,0.19890763994227462,0.033144390977237002,0.084848065161661004,0.067426045832296763,0.026593443247352602,0.1267242997842713,0.0
Jeff Janis,WR,GB,11.11513442118342,4500.0,0.56560650464874329,0.083103039214337607,0.042103382514360486,0.066789999690305912,0.068928814434914706,0.031941242366432671,0.14152701713090543,0.0
Jeremy Maclin,WR,KC,11.090167641925834,6400.0,0.30206710569308026,0.17483705041502784,0.33948025723381081,0.039287663374000442,0.07555137653698886,0.0019200577490235771,0.066856488998068134,2.0
Allen Hurns,WR,JAC,11.0628704967598,5700.0,0.28104893172690354,0.187499231098811,0.34577203700259529,0.059661684845167762,0.05745241697893004,0.013960644975076254,0.05460505337251597,2.0
Terrelle Pryor,WR,CLE,10.974333790405128,6900.0,0.20318057732478353,0.33388145623148002,0.23017860081721678,0.12250139144224559,0.063949793930143217,0.015785614322698715,0.030522565931432093,1.0
Dorial Green-Beckham,WR,PHI,10.927085594052286,4800.0,0.49295091418304832,0.18434181613367948,0.028747962379462616,0.074405583411806378,0.052194832660629673,0.050832997309342771,0.11652589392203086,0.0
Brandin Cooks,WR,NO,10.719391382140707,7200.0,0.24871338090304501,0.27996263551627149,0.3228335115775095,0.035081791858819295,0.048529823646767702,0.0018857464273292007,0.062993110070257832,2.0
DeSean Jackson,WR,WAS,10.681681528411723,6000.0,0.41965724717698444,0.15240374286048841,0.18789161577237778,0.092941561972272879,0.032887347865073524,0.029763262928820512,0.08445522142398236,0.0
Demaryius Thomas,WR,DEN,10.568022810075124,7000.0,0.25006587325028012,0.33762926289661149,0.1777992403010972,0.073114119647642181,0.13390580800383506,0.0088305305303459404,0.018655165370188104,1.0
Tyreek Hill,WR,KC,10.443498139037292,4800.0,0.36865231414167726,0.2015082567911046,0.23499073888325006,0.051121656587423299,0.065057073610725852,0.0051587405754281021,0.07351121941039071,0.0
Donte Moncrief,WR,IND,10.281145569835466,5400.0,0.44976818736354646,0.1522245635780142,0.14992923725089058,0.079063018294575391,0.073155428537696285,0.03250124365767619,0.063358321317600913,0.0
Albert Wilson,WR,KC,10.138572126068667,4500.0,0.4389510224652679,0.14260441925055661,0.22448709431986044,0.044737434839444389,0.064901340815409825,0.0038355496453400442,0.080483138664120504,0.0
Jalin Marshall,WR,NYJ,10.080722828784957,4500.0,0.51328111684326694,0.1919609463612133,0.077019221994808221,0.044844565072198021,0.028144485541655634,0.011892852794421324,0.13285681139243666,0.0
Trevor Davis,WR,GB,9.9518338591662499,4500.0,0.62435247551424666,0.073245371574636176,0.038316078925856471,0.054344199772199231,0.06231639724328128,0.020049697457595529,0.12737577951218468,0.0
Stefon Diggs,WR,MIN,9.8820611463854906,6700.0,0.31794557839344634,0.13968965330862051,0.42630760785992311,0.038621407776363928,0.045497366254334023,0.014230559830216075,0.017707826577095874,2.0
Brandon LaFell,WR,CIN,9.881714827381785,6000.0,0.24566124122868926,0.4021671057583146,0.15401436881950908,0.087166242873568014,0.070723118617118053,0.026657052385572842,0.013610870317228206,1.0
Nelson Agholor,WR,PHI,9.8447123955822597,5000.0,0.56682940077860522,0.1620082427939378,0.020933461651222975,0.064699867867131666,0.03802772016177848,0.026601110057363316,0.12090019668996047,0.0
Rishard Matthews,WR,TEN,9.544309858065688,5300.0,0.40554633787263433,0.27297546699631092,0.10459522427251854,0.077162880870622536,0.066443241061263147,0.031243379205571957,0.042033469721078402,0.0
Kelvin Benjamin,WR,CAR,9.434119161208697,7300.0,0.45229435313912897,0.20761928295277918,0.13576454489754411,0.075855505042531232,0.045320955863576651,0.027746471177925378,0.055398886926514582,0.0
Brandon Marshall,WR,NYJ,9.4209616008819665,7400.0,0.2695886177139098,0.33496379061977988,0.26391170755382048,0.067180073606988813,0.035168345308378757,0.0070180075912028199,0.022169457605919492,1.0
Bryan Walters,WR,JAC,9.3812959061690151,4500.0,0.44867038617848987,0.12999565750769776,0.27732431028143323,0.018339861200014896,0.071697969257874056,0.00067557246832559287,0.053296243106164584,0.0
Brandon Coleman,WR,NO,9.3678402970588994,4600.0,0.43249536554954948,0.23332490470217834,0.15890375456607533,0.042160933362379915,0.063502503206171679,0.0070257788820466969,0.062586759731598607,0.0
Larry Fitzgerald,WR,ARI,9.2468629138467406,7000.0,0.33053992495921602,0.348738443055919,0.13269936509497815,0.055077565250681776,0.11491229297892402,0.0045714096240630098,0.013460999036217985,1.0
Chris Hogan,WR,NE,9.2267926831390632,5200.0,0.48435072723705042,0.21211197503228896,0.10021423924591093,0.058316255160297002,0.060139239792319332,0.022884536336889031,0.061983027195244386,0.0
Andrew Hawkins,WR,CLE,9.1999057223980838,4500.0,0.41395445495798805,0.24139185057518905,0.13687958679343282,0.097211455895311827,0.06091469992915341,0.022116489401998361,0.027531462446926371,0.0
Will Fuller,WR,HOU,9.1860670384848842,6600.0,0.47306339041716383,0.14686723269430405,0.14742235606353613,0.10380534117660052,0.080530339060838743,0.034706420477782496,0.013604920109774141,0.0
Charles Johnson,WR,MIN,9.1303711633207474,4700.0,0.48288315179698527,0.13916137634653755,0.1708244156373917,0.095462318945460381,0.039990072126291798,0.044663029170924164,0.027015635976409109,0.0
Laquon Treadwell,WR,MIN,9.0522545336999762,4500.0,0.45838323304314593,0.12482352225226288,0.2618759374548742,0.057312431670133876,0.053313688116299843,0.0074728376059728409,0.036818349857310577,0.0
Danny Amendola,WR,NE,8.8724960560096555,4600.0,0.61301890142689508,0.12324733784579936,0.057447446726407787,0.058475305653340165,0.034531213042381659,0.0090083058065828954,0.10427148949859304,0.0
Mohamed Sanu,WR,ATL,8.782928140797754,5600.0,0.53834805847681011,0.14648709064871412,0.088818591534222058,0.061609822501070909,0.11947763892164692,0.01630723680759353,0.028951561109942268,0.0
De'Anthony Thomas,WR,KC,8.7453425120628232,4500.0,0.56289373363941253,0.1692099847079637,0.10312101430209002,0.033423230791633153,0.031071526357583538,0.0018417500089156884,0.098438760192401387,0.0
Quincy Enunwa,WR,NYJ,8.7124830185717705,6100.0,0.32758169496476325,0.34990048011113672,0.19556732040926553,0.071175852653551058,0.026277263203817899,0.0059387695098427114,0.023558619147622795,1.0
Tyler Lockett,WR,SEA,8.7105902082241968,5200.0,0.58509877228510254,0.11563175643464139,0.11062943293425843,0.013626247959975095,0.1084928728332548,0.0013391866428355535,0.065181730909932151,0.0
Ricardo Louis,WR,CLE,8.6204078625870384,4500.0,0.47147696534540673,0.21395615779379096,0.12581303754953282,0.096525474734198077,0.043772073443845046,0.014087513812929931,0.034368777320296424,0.0
Dontrelle Inman,WR,SD,8.4858589714053334,5300.0,0.4937582089896696,0.21719615027965386,0.073542545266715317,0.074713849468148741,0.11836951413805841,0.0069715390427322575,0.015448192815021711,0.0
Taylor Gabriel,WR,ATL,8.4682891568994769,4600.0,0.5631219135796568,0.15016317300102347,0.043834146932527566,0.10701986233426423,0.090089372084595512,0.015403779512611916,0.030367752555320413,0.0
Paul Richardson,WR,SEA,8.4046247939306973,4500.0,0.60420693002207437,0.11912768912305377,0.084205934162536314,0.016504288549666117,0.11866692421017327,0.0021124544752695504,0.055175779457226702,0.0
Allen Robinson,WR,JAC,8.2541049516430576,7100.0,0.47672912365044429,0.13263030159209258,0.30745028507542072,0.018447118333439899,0.028689710912537126,0.00077171526614303639,0.035281745169922156,0.0
Devin Funchess,WR,CAR,7.9590018537547582,4800.0,0.5654715217385885,0.16890293190358541,0.092676797139820355,0.072038903545115107,0.039367132701183048,0.024046020792300737,0.037496692179406821,0.0
Tajae Sharpe,WR,TEN,7.9172726959825397,4700.0,0.56012569316528271,0.20752163678318183,0.072355331854658089,0.047962442122924831,0.046272799167347591,0.016806609484724427,0.048955487421880446,0.0
Cecil Shorts,WR,TB,7.8337869252786394,4500.0,0.5929465524898101,0.11781757861177634,0.12335597257650679,0.067465560173502401,0.04449037095563612,0.01909071787007174,0.034833247322696555,0.0
Julian Edelman,WR,NE,7.8068188946652555,6500.0,0.57419967750105882,0.19163768942983284,0.078923670766909482,0.053953039290037454,0.040960126333593382,0.0039590357638521869,0.056366760914715777,0.0
Matthew Slater,WR,NE,7.6942947049177963,4500.0,0.67875629723489872,0.10435928271475378,0.051340097153324792,0.044698268907013464,0.032936646684777117,0.0036220513213342334,0.084287355983897819,0.0
Alshon Jeffery,WR,CHI,7.5155226714018584,6800.0,0.50210746398886852,0.26520552117715218,0.09911856749949835,0.066769114434248489,0.033265550320171387,0.0077848354997375512,0.025748947080323669,0.0
Tommylee Lewis,WR,NO,7.5015991357534855,4500.0,0.58335055467762054,0.1801378387726188,0.11445605090731946,0.028453699215607413,0.038966273292047875,0.003391729751788346,0.051243853382997542,0.0
Jordan Payton,WR,CLE,7.4426426906218861,4500.0,0.68080539366391291,0.1125102829048459,0.042772891574726676,0.0516403729625831,0.026693506871172529,0.018317841633528769,0.067259710389229968,0.0
Tyler Boyd,WR,CIN,7.4066502573118633,4600.0,0.52752334234426357,0.24643530292643914,0.097208512476910217,0.060972751840518334,0.025585368804842246,0.013045131736321533,0.029229589870704824,0.0
Andre Roberts,WR,DET,7.3853745143604588,4500.0,0.64569924022904257,0.11531729843440351,0.075899413125419063,0.060094380375920207,0.045972847038790662,0.016550057515219711,0.040466763281204354,0.0
Justin Hardy,WR,ATL,7.318804423796001,4500.0,0.65702220169819681,0.11009596578670092,0.062236792765891072,0.050165357249494245,0.077041448486671896,0.0078793688928310932,0.035558865120214042,0.0
Brice Butler,WR,DAL,7.2280277079611315,5500.0,0.64276738019965884,0.12172007456060963,0.063933254504694864,0.064085451868574408,0.073758243526898706,0.007034494265503663,0.026701101074060037,0.0
Devin Street,WR,IND,6.9931359329298513,4500.0,0.57934668782721355,0.18111899327703546,0.12917161016960821,0.042632744012670386,0.038477463453691789,0.0085229140477565881,0.020729587212024159,0.0
Jaelen Strong,WR,HOU,6.8161900861549416,4900.0,0.65847346777898574,0.14629098446129346,0.082889504611643725,0.027740726267617435,0.030054547036095339,0.0045682315927956752,0.049982538251568509,0.0
Jordan Norwood,WR,DEN,6.7449198907986787,4500.0,0.6046682674470002,0.20081548294947654,0.077426607859421154,0.037409329314327208,0.0518966436147653,0.0047287534721264157,0.023054915342883349,0.0
Walter Powell,WR,BUF,6.6713244113300307,4500.0,0.64201811053246294,0.14827586209111523,0.085952389610166199,0.067676604573102747,0.01966413034997341,0.0028573084302062706,0.033555594412973115,0.0
Aldrick Robinson,WR,ATL,6.6147531229391063,4500.0,0.69928029031954408,0.094259366983827073,0.053666735384598395,0.042935047575579199,0.085864473826561108,0.0045778730749809907,0.01941621283490929,0.0
Lucky Whitehead,WR,DAL,6.6141761843439602,4500.0,0.69346476803189594,0.10646968854832375,0.057781025854670161,0.054924296778505757,0.048116108953550431,0.0076803709689619087,0.031563740864092187,0.0
DeAndre Hopkins,WR,HOU,6.5337200673447704,7600.0,0.65241365112234617,0.16960142313178789,0.089273915997568287,0.019407182846898321,0.019371560226274294,0.0011151763280496179,0.048817090347075286,0.0
James Wright,WR,CIN,6.4670448106696004,4500.0,0.63827311894429783,0.16488814665384532,0.10968813753469966,0.021859377704841223,0.030663420576564328,0.0027786438783275087,0.031849154707424165,0.0
Ryan Grant,WR,WAS,6.3749643771788609,4500.0,0.74172194537805347,0.066996947002577675,0.078477893731279572,0.03834254158472173,0.016884042462659666,0.0038478317325130827,0.053728798108194788,0.0
Kendall Wright,WR,TEN,6.233645645769692,4800.0,0.61510875963740763,0.19760730730632486,0.12012423446259195,0.025437574019311956,0.014997494298574911,0.00075962874828826884,0.025965001527500454,0.0
Brenton Bersin,WR,CAR,5.9892929698435555,4500.0,0.72199054037971355,0.13919717278416049,0.031544845780597568,0.040789990945140124,0.021272413020868158,0.0038137575849445117,0.041391279504575378,0.0
Michael Floyd,WR,ARI,5.9876827026008099,5300.0,0.6270352557268889,0.22674991391534971,0.056542872758262676,0.034243563327197656,0.041362893470177624,0.001271425325212773,0.012794075476910718,0.0
Charone Peake,WR,NYJ,5.8872550726612713,4500.0,0.61392520541352391,0.20933844927381862,0.13139599159645371,0.018574619546824118,0.009693521164704115,9.783050943446025e-05,0.016974382495241084,0.0
Ted Ginn Jr.,WR,CAR,5.7640924532390372,5600.0,0.73533444523547875,0.11796707393859,0.057933500421036871,0.030569734626834488,0.017900378759697744,0.0041619591143355191,0.03613290790402645,0.0
Eric Weems,WR,ATL,5.7402497796103544,4500.0,0.76711829541345067,0.076901254595968888,0.043077055391593018,0.029520426244504246,0.056620005377605649,0.0026706460338156626,0.024092316943061902,0.0
Braxton Miller,WR,HOU,5.7110145646322872,4500.0,0.73825429393519482,0.15369239021542683,0.023000181867267221,0.019655862518728865,0.016030696381415733,0.00097530142542350733,0.04839127365654295,0.0
Brandon Tate,WR,BUF,5.6477941931551303,4500.0,0.72414438831024341,0.12281644968662343,0.064830560164833836,0.046093780555719964,0.013133850867580895,0.0014078561468254043,0.027573114268172966,0.0
Seth Roberts,WR,OAK,5.5122061066473469,5000.0,0.76283533320813457,0.081164336847787899,0.062799573110446094,0.04049284615622252,0.025321707331288443,0.0033986341885431826,0.023987569157577257,0.0
Bennie Fowler,WR,DEN,5.4128388091920758,4700.0,0.71253586717328499,0.16252143748023914,0.052684340430649429,0.023023477744321542,0.028548540421555673,0.002032093531321116,0.018654243218628356,0.0
Andre Johnson,WR,TEN,5.3990854740967373,4500.0,0.76880804328638164,0.10934760610732289,0.041136718977080988,0.021425531627021203,0.023161391919574767,0.0023404762256799762,0.033780231856938465,0.0
Phillip Dorsett,WR,IND,5.344881687892225,5300.0,0.75052958815725168,0.11075262480990604,0.06640565227707361,0.02664468791231794,0.018174966971737951,0.0039484283837650921,0.023544051487947797,0.0
J.J. Nelson,WR,ARI,5.3227015637814947,4500.0,0.68444867224455552,0.20005011301935,0.045500483792188462,0.025902519430250896,0.035736223511973308,0.0010107614646698085,0.0073512265370118558,0.0
Justin Hunter,WR,BUF,5.2468831376000908,5200.0,0.76014502946615603,0.12975357422632194,0.035929999241658558,0.030913876859583168,0.010037710260150727,0.00070545430587589622,0.032514355640253449,0.0
Rashard Higgins,WR,CLE,5.2275549591273078,4500.0,0.74149477436349875,0.12639703410071937,0.058798195798049124,0.035964965483757223,0.018432555349242083,0.0020257590669095836,0.016886715837824019,0.0
Marc Mariani,WR,TEN,5.1754083274900555,4500.0,0.79831809943187437,0.092750336813012119,0.035451706075410136,0.01767540254310828,0.016492601511707793,0.0020638304691630921,0.037248023155724203,0.0
Willie Snead,WR,NO,5.0117125238805018,6400.0,0.69727189700742942,0.13944000770746803,0.14842908992751633,0.0030206896805018992,0.007984173851279976,4.2460671692848069e-06,0.0038498957586350683,0.0
Jordan Taylor,WR,DEN,4.9077444244123942,4500.0,0.77294910944318251,0.12136578533108523,0.043205013306961124,0.018690937930260929,0.026101726800663527,0.0011166165179785613,0.016570810669867944,0.0
Alex Erickson,WR,CIN,4.8070031840350405,4500.0,0.76635055712533828,0.13175057441219554,0.047570574870868805,0.023848396655111705,0.013173104907829589,0.0014818967532286287,0.015824895275427398,0.0
Tanner McEvoy,WR,SEA,4.7451591820235777,5000.0,0.7974738707736081,0.11010110106666332,0.03701615332286376,0.010514185890005951,0.023059799523648908,0.00054007221543481815,0.021294817207774958,0.0
Andre Holmes,WR,OAK,4.5874492295619991,4500.0,0.84739567708299957,0.048323976995720733,0.040316007835296097,0.024149042811643436,0.01599294834217831,0.0018202157444057773,0.022002131187756051,0.0
Griff Whalen,WR,SD,4.57163495002857,4500.0,0.82344920373112718,0.090067707469465227,0.024629473035966052,0.018741012264463112,0.023516872443891317,0.0017749613084698012,0.017820769746617379,0.0
Josh Bellamy,WR,CHI,4.2306044723160321,4500.0,0.82860476968229724,0.099807260634469624,0.026965813997737641,0.019623659859020193,0.010959076307937372,0.0010543372306958932,0.012985082287841867,0.0
Deonte Thompson,WR,CHI,4.0004742651992906,4500.0,0.86291234132652406,0.074511876318066994,0.022887394377805948,0.016082447571555799,0.0083965742883858486,0.00059088777788733897,0.014618478339774109,0.0
