name,pos,team,expectation,salary,prob_0_5,prob_5_10,prob_10_15,prob_15_20,prob_20_25,prob_25_30,prob_30+,label
Antone Smith,RB,TB,19.684907196004037,0.0,0.068457255512107212,0.12311895608454285,0.14025578438343134,0.15286901869065192,0.19466301952324244,0.19202799836978765,0.12860796743623662,4.0
Keith Smith,RB,DAL,19.568437472982154,0.0,0.10715800939973583,0.11370211547769166,0.12339832168654956,0.13891932455559586,0.17912006663304936,0.18340903937420039,0.1542931228731774,5.0
Spencer Ware,RB,KC,18.632536507345169,7400.0,0.072172635839640537,0.17746329976173217,0.11020816149765525,0.10676868598822117,0.2467150709001498,0.22793840795678619,0.058733738055814999,4.0
Ezekiel Elliott,RB,DAL,17.205941516981561,8500.0,0.023044063579925306,0.065516085914789177,0.34887818125384679,0.2590264200346975,0.15492723569559166,0.12321629053340126,0.025391722987748271,2.0
Jacquizz Rodgers,RB,TB,17.161145716611799,6600.0,0.011445276015517328,0.18516137263961455,0.27809258869018355,0.1814932583355065,0.18816460956401715,0.078622957245836761,0.077019937509324066,2.0
Giovani Bernard,RB,CIN,17.022796528414485,6200.0,0.098581553016322529,0.16876536497602168,0.16039972972844227,0.14480807509631713,0.23832436089174797,0.13467542899894558,0.054445487292202999,4.0
Chris Thompson,RB,WAS,16.662963576572828,5200.0,0.10749816364092231,0.13770587690033878,0.18492067906099316,0.21020844925874993,0.19226703254833374,0.10849779234443135,0.058902006246230702,3.0
Matt Forte,RB,NYJ,16.344780237987102,7300.0,0.11179601885130991,0.17434424008002994,0.19162847543440059,0.19653572816577852,0.16725913579144425,0.05141698794350856,0.10701941373352834,3.0
David Johnson,RB,ARI,15.356369868749422,8700.0,0.025704857358342027,0.21181410098214601,0.32275388803540733,0.21762822313030394,0.1254324025645206,0.045996409661594718,0.050670118267685492,2.0
Devonta Freeman,RB,ATL,15.144500955773617,6900.0,0.10641463873830441,0.2720801759205016,0.17910102210695528,0.12716354029494392,0.18962739656236413,0.038578805042684072,0.087034421334246562,1.0
Matt Asiata,RB,MIN,14.749668010946326,5600.0,0.095320688894900168,0.30739769796204391,0.2176835940665548,0.14351726726041122,0.081144517343660211,0.036697786088370397,0.11823844838405928,1.0
Ryan Mathews,RB,PHI,14.647024905853041,5500.0,0.21172780951032172,0.180486427901034,0.1855261981018991,0.12029642170906545,0.12462575770482617,0.089479427902849296,0.087857957170004344,0.0
Jeremy Hill,RB,CIN,14.608473693575887,6500.0,0.16524746215538325,0.18842407151233476,0.21789949056119348,0.13954757601766082,0.17063168494038986,0.048213952012553837,0.070035762800483833,2.0
Peyton Barber,RB,TB,14.383719893762894,4500.0,0.2079991841883515,0.27801381404182185,0.12229685061802262,0.081376129827086904,0.10974164435613684,0.08845263581791217,0.1121197411506681,1.0
Frank Gore,RB,IND,14.269540350386414,6300.0,0.090617637641477899,0.24435206591264805,0.28453856327048471,0.13836989248639739,0.15457625563102073,0.04132141682428133,0.046224168233689834,2.0
Terron Ward,RB,ATL,14.250434717282403,4500.0,0.3510321270074731,0.12377859058521914,0.10026910179260701,0.076511581743817253,0.11343665737544596,0.1232192301116881,0.11175271138374945,0.0
DeMarco Murray,RB,TEN,14.074733448085226,8300.0,0.099933334347377653,0.22993686730869836,0.27373847857543726,0.1735290698852851,0.14865652982404615,0.040011762786052216,0.034193957273103252,2.0
LeGarrette Blount,RB,NE,13.798379745288369,6600.0,0.12503737281979821,0.25883340297022889,0.26668800349930927,0.12222748005726723,0.12247157827426258,0.046617513096263059,0.05812464928287063,2.0
Melvin Gordon,RB,SD,13.340377070126069,7200.0,0.083893908019313942,0.32867832479399856,0.29926353957690688,0.10690101340577372,0.083093135988964714,0.033540721662369086,0.064629356552673239,1.0
Latavius Murray,RB,OAK,13.004909882728654,6200.0,0.38695738033287297,0.18643680366526499,0.066410547250351837,0.053134879626350683,0.10164068814364886,0.079647579635802837,0.12577212134570775,0.0
Theo Riddick,RB,DET,12.968798542019798,5900.0,0.22426069135770357,0.15804059041678487,0.29464703644695794,0.15193922324780293,0.068539717346429885,0.033516207822636243,0.069056533361684547,2.0
Lamar Miller,RB,HOU,12.945555133800756,7400.0,0.19327711527943423,0.19684902937754595,0.2516716718355681,0.15256145149405442,0.14144420005565544,0.034546639145758763,0.029649892811983086,2.0
Jonathan Grimes,RB,HOU,12.74960786742998,4500.0,0.38114935663011074,0.14637255475376149,0.12104583723896221,0.072980524138918812,0.087247600060706545,0.099534303372856042,0.091669823804684178,0.0
Will Tukuafu,RB,SEA,11.965679516377723,4500.0,0.43158336307891326,0.13717275120672198,0.10097223145968028,0.076250017155855929,0.078090228196294312,0.087097621979836753,0.088833786922697403,0.0
Devontae Booker,RB,DEN,11.809636170699729,5600.0,0.19246156948923349,0.3514157865632514,0.19744846901054341,0.10925850156190281,0.049814654096367907,0.039217491218085508,0.060383528060615359,1.0
Ka'Deem Carey,RB,CHI,11.771123663591787,4500.0,0.38250592721423116,0.17751869222691286,0.15275144432391907,0.084888686823967455,0.047073046950309831,0.053972941615881578,0.10128926084477791,0.0
Alfred Blue,RB,HOU,11.514661938571194,4500.0,0.34834803653631136,0.15855767865401729,0.18531394588315225,0.10683838177568777,0.11661105640924806,0.040908938993620497,0.043421961747962888,0.0
Darren Sproles,RB,PHI,10.857460555887773,4900.0,0.45429354282895568,0.1572375369306247,0.10758029301879858,0.071057032867447398,0.074102409548302328,0.061817633216255413,0.073911551589616029,0.0
Juwan Thompson,RB,DEN,10.785816586198424,4500.0,0.45310444714543735,0.1694377586921357,0.11176078083825271,0.068382898414964075,0.051314149255571942,0.063467381429856265,0.082532584223781916,0.0
James White,RB,NE,10.764556892530347,5800.0,0.39887026748606363,0.21343522730241002,0.11923609182677906,0.060972525486616566,0.084643578346008302,0.079308622921717961,0.043533686630404383,0.0
Jordan Howard,RB,CHI,10.735682651767215,6100.0,0.3673339579673755,0.22345133032647085,0.16950799162052915,0.083014003428152544,0.046183767002830459,0.044944022843357009,0.065564926811284521,0.0
Jeremy Langford,RB,CHI,10.658492560570293,4800.0,0.49601519273816019,0.12872668118531747,0.10673810355240454,0.063515435040414431,0.053203455087533977,0.067047908148366295,0.084753224247803252,0.0
C.J. Prosise,RB,SEA,10.117103503943998,4600.0,0.52518815816698228,0.186785775166489,0.043710839152696718,0.042348519312978755,0.054802746540293587,0.035739365051220565,0.11142459660933905,0.0
Alfred Morris,RB,DAL,9.8765476652040647,4600.0,0.48292232348550507,0.1187463483005573,0.14632954771870907,0.099595189871374556,0.063360385754706164,0.044748903319715143,0.044297301549432851,0.0
DeAndre Washington,RB,OAK,9.5580195887962596,5500.0,0.50943037571207184,0.14797083643381381,0.12015798218205774,0.054667414898258535,0.072411300830856576,0.033455943790666097,0.061906146152275431,0.0
Brandon Bolden,RB,NE,9.5066693785536938,4500.0,0.56906730283318241,0.15980198932451603,0.044489897094462286,0.03531208714565251,0.050967894105517046,0.046400758260053861,0.093960071236615844,0.0
Jonathan Williams,RB,BUF,9.4282691001226109,4500.0,0.58538607524904829,0.092205216940319246,0.080428236190764404,0.044001851296516736,0.065185421739987343,0.082207267292461653,0.050585931290902497,0.0
Zach Zenner,RB,DET,9.3605771017389454,5400.0,0.39731393353778205,0.28551509994739532,0.13098655753463279,0.078105091279605326,0.035798709385286891,0.015137906732180561,0.057142701583117184,0.0
Mark Ingram,RB,NO,9.1844628546059859,6200.0,0.50681523162260211,0.21181386058433821,0.063405373130179438,0.045600136904967094,0.068256567862709533,0.058844074938708239,0.045264754956495297,0.0
Bilal Powell,RB,NYJ,9.0504137529017861,5200.0,0.57153913430676451,0.13024948663075708,0.074337616508140927,0.067588094544422994,0.056275122811065739,0.03118352515782101,0.06882702004102785,0.0
Rob Kelley,RB,WAS,8.9862885729540753,5100.0,0.53645656464066283,0.13586269323448175,0.10669822890380504,0.088666227570595599,0.055173547753180244,0.026748071005379584,0.050394666891895007,0.0
Jalen Richard,RB,OAK,8.9573468933368368,4900.0,0.55287064611601822,0.13557163080175408,0.10688624892524944,0.045726578615244935,0.067642693325555489,0.039393049025332444,0.051909153190845478,0.0
Isaiah Crowell,RB,CLE,8.9374081410889943,5900.0,0.50138550909612567,0.20705735194660196,0.11853041026336836,0.03855648058562345,0.046595113340237235,0.019916543577094329,0.067958591190949089,0.0
Duke Johnson,RB,CLE,8.7371032498019296,5100.0,0.55455134707166875,0.17577413512080078,0.081478250297009946,0.036982642179313269,0.053424351292898763,0.034390399141983087,0.063398874896325369,0.0
Jonathan Stewart,RB,CAR,8.7066357152179421,6100.0,0.53068240676848588,0.16805761664459573,0.11413699590133709,0.051658499725166646,0.046601596053000412,0.049330067126250939,0.039532817781163389,0.0
Mike Gillislee,RB,BUF,8.6731119302699362,5900.0,0.59658297959139639,0.11783182561972465,0.098253206158883499,0.043661883367171334,0.04309068937240839,0.024553641841570113,0.076025774048845737,0.0
Rod Smith,RB,DAL,8.2421182706817859,4500.0,0.59666925633374834,0.10361148081379264,0.10822976173777876,0.07012796090575997,0.046706120058701069,0.036077296054335087,0.038578124095884174,0.0
Don Jackson,RB,GB,8.1775234317010259,5000.0,0.6027835257885289,0.17099187348888489,0.043856299652763504,0.040085640637877708,0.045079762386820536,0.037063063472288216,0.060139834572836441,0.0
Taiwan Jones,RB,OAK,8.1708906485548312,4500.0,0.65976086706625547,0.076860702963475358,0.066814180836883036,0.036101437916004911,0.051501574189790851,0.065913057408527237,0.043048179619063154,0.0
Knile Davis,RB,KC,8.0121833487831555,5300.0,0.63219624122231932,0.14235830305731312,0.048392958349828014,0.032434392834855399,0.043753358291367436,0.043096674838955032,0.057768071405361672,0.0
Daniel Lasco,RB,NO,7.5548426553410906,4500.0,0.66219319101356366,0.10834564021337241,0.063332896342709999,0.036497111412455076,0.039804159259030025,0.051084256357805564,0.038742745401063476,0.0
Zach Line,RB,MIN,7.508831633537314,4500.0,0.58790608832486901,0.21472911241715328,0.06610668950304846,0.040113171917079415,0.018414400116143769,0.0079478507484598768,0.064782686973246129,0.0
Chris Ivory,RB,JAC,7.2560180634584057,5200.0,0.61087063883234594,0.18767152377950075,0.070744110714256875,0.029619712603042383,0.032595588310665773,0.028291594006231664,0.040206831753956639,0.0
Kerwynn Williams,RB,ARI,7.0972431466299639,4500.0,0.65494461065696297,0.16634531920012849,0.047342607198433945,0.031974055835562711,0.021772377654032237,0.019420182567025438,0.058200846887854173,0.0
Jamize Olawale,RB,OAK,7.0070296064781736,4500.0,0.68583756759931391,0.10513520475243522,0.070541687751268248,0.033072522871700469,0.041443387827564342,0.017070912446574334,0.046898716751143474,0.0
Tim Hightower,RB,NO,6.9610893734211476,4500.0,0.67686923812361044,0.13832537322575353,0.043396991374179641,0.029796462013391853,0.038321140867899395,0.034643729580153403,0.038647064815011782,0.0
Rex Burkhead,RB,CIN,6.9184590095781928,4500.0,0.68818060157307392,0.11008078616550714,0.059176952713944846,0.038003091312046121,0.043552592895732184,0.019667583269899022,0.041338392069796823,0.0
Fozzy Whittaker,RB,CAR,6.9075462501356384,4800.0,0.60939880008702951,0.15636189125946454,0.11294908810361312,0.054610558195001803,0.031259434206349121,0.013234474543658404,0.022185753604883521,0.0
Ronnie Hillman,RB,MIN,6.7352825552341535,4500.0,0.65228909448085626,0.19200110397982553,0.044675326684999607,0.023473231756313336,0.018926342367400859,0.017698110526976833,0.050936790203627486,0.0
Christine Michael,RB,GB,6.6595149821704238,7800.0,0.66727450761410234,0.16971014623279607,0.031714585050252042,0.026298585256062854,0.043925448859229672,0.035221731015629136,0.025854995971927929,0.0
Aaron Ripkowski,RB,GB,6.3625110346175298,4500.0,0.68587570380586727,0.14821993196284447,0.045064176446563603,0.041355775097384362,0.03549596747238086,0.011881444674252891,0.032107000540706643,0.0
Andre Ellington,RB,ARI,6.3464345240158213,4500.0,0.70143512722663637,0.13112560851036939,0.05511701419569854,0.037803652979379862,0.019876875653561256,0.013441588649526154,0.04120013278482812,0.0
Charcandrick West,RB,KC,6.3136948172160192,4500.0,0.72823971598271142,0.11307307624345896,0.036727192186189077,0.021505447114408847,0.037310218385198581,0.031989325085913081,0.03115502500212005,0.0
Patrick DiMarco,RB,ATL,6.2276588841007658,4500.0,0.71919173920072732,0.13225292188951118,0.039292798434729354,0.023688354448899919,0.031576749774372075,0.0091080933462958993,0.04488934290546398,0.0
Mike Tolbert,RB,CAR,6.2226309255864596,4500.0,0.67132261022845474,0.14083437632866411,0.087040127318785659,0.042093090426369925,0.02459587970209938,0.011194459938680276,0.022919456056945821,0.0
Derrick Henry,RB,TEN,6.1239708501345245,4900.0,0.70712222388441903,0.11898532023461407,0.057091133472735332,0.043280116520618014,0.035937411380618546,0.017505384355316778,0.020078410151678189,0.0
Robert Turbin,RB,IND,6.1073416377521257,4500.0,0.72843558241928941,0.11638559352403222,0.043918339005234334,0.021685632374181422,0.035283146717382821,0.027893011143580223,0.026398694816299608,0.0
Jerome Felton,RB,BUF,5.6589018328432683,4500.0,0.79280250348512415,0.070769466713886439,0.042742605858617888,0.019279324459057775,0.019392464430636372,0.011647180536393912,0.043366454516283515,0.0
Reggie Bush,RB,BUF,5.6374933896846215,5100.0,0.78946701497050009,0.074454014587850767,0.04414671188929252,0.019447363024601361,0.019245029783480243,0.011086730650016577,0.04215313509425854,0.0
Travaris Cadet,RB,NO,5.3665304988619624,4600.0,0.78299592603914225,0.10368739579177516,0.022682737218044972,0.018255757407934191,0.025134028893676077,0.025424775650171066,0.021819378999256202,0.0
Anthony Sherman,RB,KC,5.1350620259902575,4500.0,0.80683537943611983,0.08654893596597317,0.024770188700709631,0.013919859043797712,0.024240332901751555,0.021168195062301394,0.022517108889346577,0.0
Wendell Smallwood,RB,PHI,5.0504335247633252,4900.0,0.80544682996683814,0.086889771118586007,0.032505734832114871,0.019431172333541052,0.017775590700449075,0.011927514965087486,0.026023386083383462,0.0
Tyler Ervin,RB,HOU,4.9243323735693334,4500.0,0.80246272663054308,0.078816991453865975,0.046069478022855631,0.023973357977157342,0.024227568000536916,0.0092293501113975135,0.015220527803643408,0.0
Kenneth Farrow,RB,SD,4.8695999217837187,4500.0,0.80144029373890857,0.11011542625609302,0.027760512005510805,0.011609081583467445,0.010910846451531921,0.012168037490716462,0.025995802473771822,0.0
John Kuhn,RB,NO,4.8492456804610846,4500.0,0.81724076892716857,0.091128335103256838,0.022136509492425075,0.014302371017485598,0.017289851105545182,0.015988535848199145,0.021913628505919509,0.0
Andy Janovich,RB,DEN,4.8489105575289821,4500.0,0.76252528467604641,0.14915028381156262,0.036162622891617674,0.018716817104490913,0.0070021693457081192,0.0051539272626922473,0.021288894907881852,0.0
James Develin,RB,NE,4.7023132125375993,4500.0,0.81811874053190115,0.087491785145793588,0.0373908354946281,0.013852840911612841,0.012632883609059779,0.0081565425294249597,0.022356371777579646,0.0
Michael Burton,RB,DET,4.7022892208786562,4500.0,0.79633206029265469,0.11835834910285901,0.033612768907299778,0.016874382013723085,0.0070926730176378754,0.0029089094542088319,0.024820857211616573,0.0
Stepfan Taylor,RB,ARI,4.6889344848852366,4500.0,0.82195462583185708,0.087974915817166099,0.02998256593540511,0.018880143592980087,0.0098617804680364504,0.006659665111082444,0.024686303243472714,0.0
Ryan Hewitt,RB,CIN,4.6866463732403929,4500.0,0.83611970163609983,0.069687883461843014,0.02816989224978764,0.016696133232710155,0.018661904580515802,0.0085023751915440735,0.022162109647499414,0.0
George Atkinson,RB,CLE,4.6822857587670921,4500.0,0.83916605794910137,0.075305670645698194,0.029741177430117741,0.0086251628581219941,0.0092539770748468111,0.0050826479333392696,0.032825306108774634,0.0
Jay Prosch,RB,HOU,4.6238430674250095,4500.0,0.82441872729589483,0.071770869892849518,0.042026380066488761,0.020319213072472819,0.020123977831888813,0.0074826493656216467,0.013858182474783536,0.0
Kenjon Barner,RB,PHI,4.5266601510600033,4700.0,0.84995928911563912,0.066065323154939723,0.025558216035469261,0.01372792105155601,0.012211303594377693,0.0086569055721167475,0.023821041475901528,0.0
Dexter McCluster,RB,SD,4.5130711035862046,4500.0,0.80869699402264072,0.11240879249950998,0.033792109126606185,0.011358030166819608,0.008758314342342725,0.0059290512525579193,0.01905670858952296,0.0
Josh Ferguson,RB,IND,4.5080692397647608,4500.0,0.81285716558044963,0.09951699671020324,0.037950215432332561,0.013665198677891522,0.015882725274033001,0.0061067439098727904,0.014020954415217432,0.0
Denard Robinson,RB,JAC,4.4908549076347377,4500.0,0.82816443193580458,0.094002276573610141,0.027388641422317745,0.010700579522668369,0.010596357269121752,0.009703921221929852,0.019443792054547777,0.0
Kapri Bibbs,RB,DEN,4.4699266117008083,4500.0,0.79646609703028071,0.13108982009724618,0.03028533197784835,0.014847745808801568,0.0054891623122889721,0.0040113509442092354,0.017810491829324916,0.0
Antonio Andrews,RB,TEN,4.4095438481855709,4500.0,0.84050459423700197,0.072133231826461253,0.031468539567464274,0.01913917092208569,0.015281886573147869,0.0075189000420513271,0.013953676831787571,0.0
Jalston Fowler,RB,TEN,4.4095438481855709,4500.0,0.84050459423700197,0.072133231826461253,0.031468539567464274,0.01913917092208569,0.015281886573147869,0.0075189000420513271,0.013953676831787571,0.0
Derek Watt,RB,SD,4.3904908659832831,4500.0,0.81922863300506044,0.1070257600033904,0.032295006311719082,0.010304234158267559,0.0076830999020027092,0.0051159563600825988,0.018347310259477154,0.0
Jordan Todman,RB,IND,4.2648472435118627,4500.0,0.83347668271139697,0.090794059529267598,0.03275935554391099,0.01193457361102152,0.013432740722509254,0.0048632179134181974,0.012739369968475448,0.0
T.J. Yeldon,RB,JAC,4.1246918771251364,5800.0,0.84535195942729779,0.094693590695591384,0.021751612917900263,0.0080104471115147319,0.0087714068492916863,0.0077411995518018115,0.013679783446602374,0.0
