name,pos,team,expectation,salary,prob_0_5,prob_5_10,prob_10_15,prob_15_20,prob_20_25,prob_25_30,prob_30+,label
Matt Ryan,QB,ATL,19.132142857142856,8500.0,0.025714285714285714,0.070000000000000007,0.22428571428571428,0.21285714285714286,0.29285714285714287,0.089999999999999997,0.084285714285714283,4.0
Kirk Cousins,QB,WAS,18.860714285714288,7200.0,0.022857142857142857,0.09571428571428571,0.19,0.27000000000000002,0.23857142857142857,0.10428571428571429,0.07857142857142857,3.0
Tyrod Taylor,QB,BUF,18.435714285714287,7600.0,0.037142857142857144,0.094285714285714292,0.24428571428571427,0.23142857142857143,0.19142857142857142,0.11,0.091428571428571428,2.0
Drew Brees,QB,NO,18.382142857142856,8000.0,0.070000000000000007,0.098571428571428574,0.20857142857142857,0.23428571428571429,0.14571428571428571,0.1357142857142857,0.10714285714285714,3.0
Derek Carr,QB,OAK,18.174999999999997,7800.0,0.041428571428571426,0.091428571428571428,0.18857142857142858,0.28714285714285714,0.25714285714285712,0.064285714285714279,0.070000000000000007,3.0
Russell Wilson,QB,SEA,17.564285714285713,8200.0,0.088571428571428565,0.09285714285714286,0.22714285714285715,0.23857142857142857,0.15571428571428572,0.10285714285714286,0.094285714285714292,3.0
Aaron Rodgers,QB,GB,17.514285714285712,8800.0,0.067142857142857143,0.11285714285714285,0.21285714285714286,0.26000000000000001,0.17571428571428571,0.088571428571428565,0.082857142857142851,3.0
Tom Brady,QB,NE,17.49642857142857,8700.0,0.12428571428571429,0.11857142857142858,0.16142857142857142,0.20285714285714285,0.18428571428571427,0.09571428571428571,0.11285714285714285,3.0
Marcus Mariota,QB,TEN,17.410714285714285,7500.0,0.072857142857142856,0.12142857142857143,0.20571428571428571,0.20857142857142857,0.2257142857142857,0.10428571428571429,0.06142857142857143,4.0
Matthew Stafford,QB,DET,17.385714285714286,7700.0,0.025714285714285714,0.12428571428571429,0.23428571428571429,0.29714285714285715,0.19,0.068571428571428575,0.059999999999999998,3.0
Alex Smith,QB,KC,16.535714285714285,6800.0,0.11,0.091428571428571428,0.23285714285714285,0.25571428571428573,0.17000000000000001,0.071428571428571425,0.068571428571428575,3.0
Andy Dalton,QB,CIN,16.457142857142856,7700.0,0.087142857142857147,0.18428571428571427,0.20428571428571429,0.19,0.17999999999999999,0.062857142857142861,0.091428571428571428,2.0
Jameis Winston,QB,TB,16.289285714285715,7400.0,0.1357142857142857,0.12285714285714286,0.18142857142857144,0.20142857142857143,0.23428571428571429,0.051428571428571428,0.072857142857142856,4.0
Philip Rivers,QB,SD,16.192857142857143,7300.0,0.042857142857142858,0.1357142857142857,0.28428571428571431,0.26571428571428574,0.16714285714285715,0.072857142857142856,0.031428571428571431,2.0
Blake Bortles,QB,JAC,15.439285714285715,7100.0,0.097142857142857142,0.16428571428571428,0.25571428571428573,0.23999999999999999,0.11857142857142858,0.059999999999999998,0.064285714285714279,2.0
Ryan Fitzpatrick,QB,NYJ,15.192857142857145,7300.0,0.081428571428571433,0.17142857142857143,0.27285714285714285,0.22142857142857142,0.16285714285714287,0.052857142857142859,0.037142857142857144,2.0
Carson Palmer,QB,ARI,15.15357142857143,7300.0,0.084285714285714283,0.18857142857142858,0.29428571428571426,0.18571428571428572,0.13142857142857142,0.054285714285714284,0.06142857142857143,2.0
Brock Osweiler,QB,HOU,15.139285714285712,6600.0,0.058571428571428573,0.15571428571428572,0.34285714285714286,0.20142857142857143,0.16142857142857142,0.055714285714285716,0.024285714285714285,2.0
Dak Prescott,QB,DAL,15.035714285714286,7100.0,0.25142857142857145,0.14571428571428571,0.12428571428571429,0.19857142857142857,0.09285714285714286,0.047142857142857146,0.14000000000000001,0.0
Sam Bradford,QB,MIN,14.575000000000001,7000.0,0.18857142857142858,0.15142857142857144,0.20428571428571429,0.17000000000000001,0.17142857142857143,0.055714285714285716,0.058571428571428573,2.0
Cam Newton,QB,CAR,14.346428571428572,8300.0,0.22857142857142856,0.13285714285714287,0.21571428571428572,0.15285714285714286,0.13857142857142857,0.041428571428571426,0.089999999999999997,0.0
Andrew Luck,QB,IND,14.321428571428573,7900.0,0.15714285714285714,0.21857142857142858,0.18714285714285714,0.20142857142857143,0.11428571428571428,0.052857142857142859,0.068571428571428575,1.0
Carson Wentz,QB,PHI,13.574999999999999,6700.0,0.23714285714285716,0.18428571428571427,0.18857142857142858,0.15428571428571428,0.11,0.044285714285714282,0.081428571428571433,0.0
Trevor Siemian,QB,DEN,12.660714285714285,6900.0,0.26571428571428574,0.20857142857142857,0.18142857142857144,0.14142857142857143,0.087142857142857147,0.042857142857142858,0.072857142857142856,0.0
Jay Cutler,QB,CHI,11.364285714285714,6500.0,0.54428571428571426,0.10000000000000001,0.064285714285714279,0.06142857142857143,0.047142857142857146,0.011428571428571429,0.17142857142857143,0.0
Jimmy Garoppolo,QB,NE,9.7928571428571427,5800.0,0.66714285714285715,0.041428571428571426,0.057142857142857141,0.041428571428571426,0.017142857142857144,0.021428571428571429,0.15428571428571428,0.0
Kevin Hogan,QB,CLE,7.9714285714285706,6000.0,0.66714285714285715,0.035714285714285712,0.09285714285714286,0.088571428571428565,0.044285714285714282,0.022857142857142857,0.048571428571428571,0.0
Josh McCown,QB,CLE,7.0392857142857146,6400.0,0.75857142857142856,0.031428571428571431,0.041428571428571426,0.062857142857142861,0.02,0.021428571428571429,0.064285714285714279,0.0
Matt Cassel,QB,TEN,6.9749999999999996,6000.0,0.76428571428571423,0.035714285714285712,0.027142857142857142,0.07571428571428572,0.017142857142857144,0.0071428571428571426,0.072857142857142856,0.0
E.J. Manuel,QB,BUF,6.3785714285714281,4900.0,0.83142857142857141,0.017142857142857144,0.02,0.031428571428571431,0.0085714285714285719,0.0028571428571428571,0.088571428571428565,0.0
Nick Foles,QB,KC,6.2464285714285719,6000.0,0.80714285714285716,0.018571428571428572,0.037142857142857144,0.055714285714285716,0.014285714285714285,0.0028571428571428571,0.064285714285714279,0.0
Joe Webb,QB,CAR,5.6464285714285714,5000.0,0.86285714285714288,0.014285714285714285,0.021428571428571429,0.014285714285714285,0.011428571428571429,0.0057142857142857143,0.070000000000000007,0.0
Kellen Clemens,QB,SD,5.507142857142858,5000.0,0.87,0.01,0.028571428571428571,0.012857142857142857,0.0042857142857142859,0.0028571428571428571,0.071428571428571425,0.0
