name,pos,team,expectation,salary,prob_0_5,prob_5_10,prob_10_15,prob_15_20,prob_20_25,prob_25_30,prob_30+,label
Julio Jones,WR,ATL,13.533613516559562,9200.0,0.17133432964529563,0.22985851126413806,0.21819538069730274,0.16586669173203433,0.116826210265756,0.040602788117690407,0.057316088277783096,1.0
Amari Cooper,WR,OAK,13.097823015156228,7500.0,0.15606453596027892,0.2555799543511505,0.23983908034455478,0.1514053952980495,0.11352107402670163,0.044885822756793835,0.038704137262470982,1.0
A.J. Green,WR,CIN,12.477923542251396,8500.0,0.18278269395976304,0.26698674995299709,0.23470451563499628,0.14874250084783663,0.082195910677882608,0.043761204033441511,0.040826424893083232,1.0
Marvin Jones,WR,DET,12.247316763000594,7400.0,0.19406911205360103,0.26583828314769498,0.23500085121716033,0.14077096142462761,0.086594892941945306,0.040191622613917108,0.03753427660105433,1.0
Michael Crabtree,WR,OAK,11.862509823523704,7100.0,0.22877206963973062,0.24752699797515013,0.22399851113997385,0.14405373778209543,0.087335748148104922,0.032373560690804354,0.035939374624140777,1.0
T.Y. Hilton,WR,IND,11.770275945317806,7800.0,0.20210905561061038,0.27436656868046877,0.23947015384951345,0.13391697379974141,0.088195019672949446,0.037604781280409956,0.024337447106306677,1.0
DeAndre Hopkins,WR,HOU,11.662570632520014,7600.0,0.24232387083845944,0.25545127908244641,0.2169971291626562,0.13746247915035401,0.063987104138414616,0.046550106325553592,0.037228031302116181,1.0
Alshon Jeffery,WR,CHI,11.644017840945612,6800.0,0.21943189342942224,0.27389145405315313,0.22830789056828443,0.12779341275437134,0.085923482291617184,0.03267664620044837,0.031975220702703942,1.0
Mike Evans,WR,TB,11.596450564554646,7900.0,0.23729137470586992,0.25974947541134158,0.21882744321063372,0.13354101313866829,0.083807513874653572,0.032038674412477632,0.034744505246355792,1.0
Julian Edelman,WR,NE,11.247912262302757,6500.0,0.25612652541242453,0.26380267658584217,0.20248288000985804,0.13186030856999062,0.084390772173800768,0.034012960441819291,0.027323876806264868,1.0
Brandon Marshall,WR,NYJ,11.245030778827985,7400.0,0.24101186036858721,0.27253451592667682,0.22659891311603417,0.12574621257435312,0.074193447420134354,0.02679096177276049,0.033124088821454248,1.0
Demaryius Thomas,WR,DEN,11.233804615382516,7000.0,0.21637120979382596,0.30730948294525451,0.21451229548338996,0.13040617014812361,0.07521889497635241,0.031233262953443568,0.02494868369961073,1.0
Pierre Garcon,WR,WAS,11.096974746172842,5800.0,0.25977102554361398,0.24704456557028306,0.23026462014837779,0.13416241398390302,0.071422989045236265,0.032687707913956601,0.024646677794629625,0.0
Jordy Nelson,WR,GB,11.094038583364224,7500.0,0.28302586079920727,0.24631647261128947,0.20595406607070563,0.12220338365090219,0.07155444177442695,0.035594896158545213,0.03535087893492362,0.0
Larry Fitzgerald,WR,ARI,10.986216946431242,7000.0,0.24749423905160378,0.28450020307959778,0.21075748249237986,0.12783802802908914,0.076298423857331987,0.028470073986461834,0.024641549503536312,1.0
DeSean Jackson,WR,WAS,10.902274529208981,6000.0,0.27125948320670601,0.25457626022931107,0.21898551722449375,0.13157542249776819,0.066153201525411348,0.029904807991643363,0.027545307324666243,0.0
Doug Baldwin,WR,SEA,10.893253098131165,7200.0,0.27516040469846964,0.25997193564691135,0.21090032229127087,0.11577688856279829,0.077939383733295411,0.035894722774636977,0.024356342292618169,0.0
Brandin Cooks,WR,NO,10.86694246402511,7200.0,0.28501378063305643,0.25820375438084947,0.19191901620213486,0.12948658450017031,0.077046806504316306,0.029630432709631699,0.028699625069841254,0.0
Emmanuel Sanders,WR,DEN,10.715760582438522,6600.0,0.23920669103750683,0.30527538705344126,0.22192715595562812,0.11878175007281778,0.066806610557553506,0.027709939683672809,0.020292465639380738,1.0
Golden Tate,WR,DET,10.602171030277397,6300.0,0.27950637186954425,0.26732979293067932,0.21737780421612413,0.12198895743317457,0.055818418192792624,0.031835333468732824,0.026143321888952784,0.0
Jamison Crowder,WR,WAS,10.483966719079916,6200.0,0.27808201159238061,0.26823462738066062,0.21983357973015788,0.12135767820189182,0.064692311212558473,0.02976624647745477,0.018033545404895893,0.0
Anquan Boldin,WR,DET,10.480820050144525,5800.0,0.26824781085266985,0.27814055316801206,0.23031867404655837,0.11477604360938085,0.058398085941352075,0.030871184205965629,0.01924764817606112,1.0
Terrelle Pryor,WR,CLE,10.270346250564906,6900.0,0.29935842302401233,0.26389634098873127,0.20956103278778354,0.1196619237733362,0.059794849919726674,0.024895079494596954,0.022832350011812753,0.0
Allen Robinson,WR,JAC,10.220029046349079,7100.0,0.32469598277373113,0.24139228305874857,0.2120510451613522,0.10093074530175272,0.069828670628616127,0.023835838349369948,0.027265434726429328,0.0
Travis Benjamin,WR,SD,10.087158803361312,5900.0,0.28062667086969545,0.31271878415319004,0.18795511387023037,0.11377101454856517,0.061250501251147373,0.02761249957885958,0.016065415728312094,1.0
Tyrell Williams,WR,SD,10.080700902041192,5800.0,0.28274941697673717,0.30671172845321537,0.19256754459397971,0.11476810306476143,0.061084943725836283,0.025412954690747808,0.016705308494722362,1.0
Jeremy Maclin,WR,KC,9.9192033918853113,6400.0,0.31485150768259823,0.27047959857675757,0.20344536750881181,0.11074067488700905,0.057445878979509479,0.023517010780616937,0.019519961584697113,0.0
Mohamed Sanu,WR,ATL,9.8180846732653198,5600.0,0.34083068008328782,0.25302639675074295,0.19096853712403558,0.1057917668461917,0.063026398638860864,0.028095243372995706,0.018260977183885085,0.0
Brandon LaFell,WR,CIN,9.7553185327761689,6000.0,0.31332300287849379,0.2829672655995657,0.19795434222011699,0.11140557862921442,0.057069486259341912,0.021752688730542945,0.015527635682724351,0.0
Allen Hurns,WR,JAC,9.650094654231955,5700.0,0.31825816816978819,0.29070997367689133,0.19553645326692992,0.10119720341142267,0.053379506635190498,0.023230068398628723,0.017688626441148669,0.0
Quincy Enunwa,WR,NYJ,9.5894338011343834,6100.0,0.32048986360366893,0.28412525258223381,0.20246654112153564,0.10327708122785317,0.054141766185537225,0.018877734892502964,0.016621760386668898,0.0
Kelvin Benjamin,WR,CAR,9.4202851586003558,7300.0,0.37486161028686799,0.24135016695603365,0.19172134777473038,0.086096649883014409,0.060272866799676382,0.024766717720717504,0.020930640578960012,0.0
Jordan Matthews,WR,PHI,9.335541321624504,6000.0,0.38694618058051644,0.25144420996078781,0.16352987090081292,0.092914336891192911,0.054714344019553822,0.024618632597128914,0.025832425050007442,0.0
Davante Adams,WR,GB,9.2615265010046759,6600.0,0.36907127404624263,0.25689400368765869,0.18592956974442923,0.096542173053572794,0.051509339251215626,0.021640253700591004,0.018413386516289577,0.0
Michael Floyd,WR,ARI,9.1904847321569445,5300.0,0.36661384237751643,0.27928159588850549,0.16329319711791121,0.097887963258332586,0.054837800704864256,0.018895027020699843,0.01919057363217026,0.0
Willie Snead,WR,NO,9.1167510265977203,6400.0,0.38240373936049793,0.25317050162711707,0.17968140780740979,0.096070410423334127,0.050691399781984607,0.018030972545399454,0.019951568454256871,0.0
Michael Thomas,WR,NO,9.076768800312383,5700.0,0.3607212472457107,0.26805550493230812,0.19893160528714443,0.093758344809446795,0.045246146215783913,0.019460706365357818,0.013826445144248403,0.0
Cole Beasley,WR,DAL,8.9087312677656811,6100.0,0.38324274432404315,0.26550830530403507,0.17895996718927742,0.085371571113517689,0.055811364359882563,0.015487644679753389,0.015618403029491627,0.0
Rishard Matthews,WR,TEN,8.8951648750675147,5300.0,0.37655949331786254,0.25896512339855787,0.19774659300088013,0.093011887529206735,0.044553710900608716,0.01482439174708103,0.014338800105803714,0.0
Will Fuller,WR,HOU,8.8644947989711014,6600.0,0.37238979797468746,0.28344951277285391,0.17756985284134635,0.092304736436497503,0.039230903942855062,0.018257905299120591,0.016797290732639646,0.0
Stefon Diggs,WR,MIN,8.6406117636947357,6700.0,0.40590622438385571,0.27644020476210845,0.15341291133539037,0.080599472676612147,0.045911145521222656,0.017221295595958225,0.02050874572485225,0.0
Dontrelle Inman,WR,SD,8.4072300296710498,5300.0,0.42964969731991287,0.25843150013466065,0.14319082643204503,0.093751188635854327,0.040972856642803264,0.019691793312683642,0.014312137522040694,0.0
Seth Roberts,WR,OAK,8.2262873755669066,5000.0,0.45217817677465577,0.22838180395923321,0.15948722124041737,0.090504032044431512,0.041038673176052601,0.014954108932033382,0.013455983873175668,0.0
John Brown,WR,ARI,7.9909034820253737,5900.0,0.47024540133788884,0.22750727591538075,0.15391482416278365,0.081071852539534695,0.039168182970522193,0.01309701821123912,0.014995444862651931,0.0
Chris Hogan,WR,NE,7.8251199179111275,5200.0,0.48109223823442443,0.22936151609756883,0.14065780378880188,0.085633261201553443,0.03830699399115628,0.01196274208297044,0.012985444603525353,0.0
Adam Thielen,WR,MIN,7.553578408494765,5400.0,0.46192087921954122,0.2745377674078357,0.14511991331950935,0.069992346112254328,0.026503208772118557,0.0083800262466337504,0.013545858922106618,0.0
Phillip Dorsett,WR,IND,7.4871930220890137,5300.0,0.51743281974595134,0.21029374685618216,0.13976621545785431,0.070167436530430741,0.03744371266237894,0.0096594536344792592,0.015236615112724188,0.0
Terrance Williams,WR,DAL,7.4835329627107248,5400.0,0.51768889215718927,0.2126794183683553,0.13805592824726243,0.059778950058509736,0.048522320276798578,0.011196669600474737,0.012077821291410325,0.0
Tyler Lockett,WR,SEA,7.4231927674293061,5200.0,0.51711890114084214,0.22275064802677008,0.13249263442819537,0.064527888950543191,0.034692594591352065,0.013442714812848523,0.014974618049449183,0.0
Tajae Sharpe,WR,TEN,7.2214840386137089,4700.0,0.52672837472039236,0.21949914264511455,0.13481809706662909,0.064100892206611082,0.029309635512759193,0.013609882494472883,0.011933975354020708,0.0
Robert Woods,WR,BUF,7.1950930929809225,5300.0,0.52120430671503948,0.22157700309139844,0.14064456750187393,0.067569324972723319,0.028356667962889427,0.009463339788787049,0.011184789967288479,0.0
Ted Ginn Jr.,WR,CAR,7.1554500003126327,5600.0,0.56470254327884883,0.2050226126964376,0.10894676598927447,0.052153879346212649,0.032028171167067396,0.011899764142269452,0.025246263379890017,0.0
Cameron Meredith,WR,CHI,7.1037747165786786,5400.0,0.52248644943768441,0.23152067476488911,0.12941496141301559,0.06949838611240497,0.028927358358053917,0.0078595669902013204,0.010292602923750512,0.0
Cordarrelle Patterson,WR,MIN,6.746882356892776,5300.0,0.53703721348560185,0.24738552610911291,0.12888905596158931,0.050464982194752837,0.013375159268021616,0.0061301064573849621,0.016717956523537414,0.0
Marqise Lee,WR,JAC,6.745793823288639,4500.0,0.54621254291821542,0.24679324425647703,0.11299689840167176,0.050119794197285142,0.01640210453894243,0.012124186078580464,0.015351229608827633,0.0
Nelson Agholor,WR,PHI,6.7236670531880236,5000.0,0.57852612278901461,0.20611295338490448,0.10739120232225696,0.058836789579933303,0.022660352898040796,0.010256994261201103,0.016215584764648856,0.0
Brice Butler,WR,DAL,6.484245091135052,5500.0,0.58673426016224117,0.20229162462526609,0.11704087244014046,0.045210918308918588,0.033414371051383722,0.0055441917261010894,0.0097637616859488161,0.0
Danny Amendola,WR,NE,6.4756485349144572,4600.0,0.61225398828626365,0.17811016880025854,0.10772393914519129,0.055133562508236915,0.02155251585622538,0.0093379707881483393,0.01588785461567635,0.0
Dez Bryant,WR,DAL,6.4532293307487931,7300.0,0.62637381310625928,0.16836533877638984,0.10061973391390396,0.051810179598988322,0.025959732801852049,0.008594148117169232,0.018277053685437188,0.0
Adam Humphries,WR,TB,6.3571018828198662,5000.0,0.58849975580456093,0.21788755007020327,0.10865681934142889,0.047770883576303012,0.01596063214009447,0.0059295502776916054,0.015294808789718074,0.0
Tyler Boyd,WR,CIN,6.3410201170859954,4600.0,0.59454792032174775,0.20944299317615642,0.10745332774844764,0.049119744659253971,0.018854648846254637,0.0084682191543547121,0.012113146093783672,0.0
Andrew Hawkins,WR,CLE,6.3347862695928354,4500.0,0.58162010398740915,0.2323136387775224,0.10113224806945076,0.047059834867933012,0.018964239198942714,0.0050479470261714969,0.013861988072571597,0.0
Jermaine Kearse,WR,SEA,6.2286303822969824,4500.0,0.60528673949241696,0.20820891922070708,0.10134584076503847,0.048699651323067916,0.015183173806369729,0.0068653756911151338,0.014410299701285198,0.0
Jaelen Strong,WR,HOU,6.0438038269418399,4900.0,0.60623151321967939,0.21358185101890551,0.10528139957160448,0.048090170159044647,0.010810550612944012,0.0046172986123385971,0.011387216805484584,0.0
Devin Funchess,WR,CAR,6.0330818444919299,4800.0,0.65469399816104024,0.16936678653993564,0.090980248527374907,0.042264713345131176,0.015267991172216349,0.0072318160490114488,0.020194446205289911,0.0
Dorial Green-Beckham,WR,PHI,5.9573945309566323,4800.0,0.63300508581910442,0.19898323097864395,0.090436317089294019,0.043121536266633995,0.012393140150919094,0.0071390742597391985,0.014921615435664681,0.0
Chris Conley,WR,KC,5.818081687822767,4500.0,0.63517377360208216,0.20021535784644018,0.092376737566200684,0.043486632386815584,0.012707633311923917,0.0046013667899492084,0.011438498496588231,0.0
Corey Brown,WR,CAR,5.6884288453413134,4700.0,0.66061859195390671,0.18153328856037237,0.085957116469142697,0.041638272478164429,0.012441276087978343,0.0041440854297532083,0.013667369020681898,0.0
Arrelious Benn,WR,JAC,5.6703573284457898,4500.0,0.66584199404625988,0.17576999102778026,0.09041415801716475,0.038707906231288287,0.0079352534824561043,0.0060274038429773882,0.015303293352072646,0.0
Kendall Wright,WR,TEN,5.62932652591393,4800.0,0.66240603117116159,0.17918918915012355,0.086711032147574654,0.043164405905935697,0.014933336057876992,0.0028976975996184819,0.010698307967708622,0.0
Brandon Coleman,WR,NO,5.5733659367091528,4600.0,0.66293219491812394,0.18968709532635891,0.080460621918938699,0.038017744756145708,0.011573828402710496,0.0059460300712550034,0.011382484606467694,0.0
Justin Hardy,WR,ATL,5.5641530412554587,4500.0,0.68601037552613664,0.17083804222923493,0.07340819795347775,0.034346609163347849,0.0098174422977551912,0.0089327266409851037,0.016646606189063225,0.0
Robby Anderson,WR,NYJ,5.5411156289133761,0,0.65762416086400599,0.19646175867648133,0.085492428109236143,0.035231092694168541,0.0094524111894958036,0.0033495846571667287,0.012388563809445963,0.0
Tyreek Hill,WR,KC,5.5292386118382524,4800.0,0.66510429474206234,0.18554377717105325,0.089031879495126601,0.032679047688547472,0.011372168041304226,0.004688695084602271,0.011580137777303615,0.0
Justin Hunter,WR,BUF,5.5094116236026771,5200.0,0.67972647504189332,0.16272583398664242,0.092087089620252222,0.037671601735619599,0.011925938190329959,0.0058974304926615248,0.0099656309326003993,0.0
Ricardo Louis,WR,CLE,5.4940129168156586,4500.0,0.67056548228220192,0.18504295032156054,0.085846349626949287,0.031178855614137937,0.0095492666663732299,0.0036518802648572803,0.014165215223919916,0.0
Taylor Gabriel,WR,ATL,5.4088939852305238,4600.0,0.71388528155897557,0.14416786761037256,0.074772344083057024,0.029418981566441373,0.012980568089461648,0.0087667979223616087,0.016008159169329215,0.0
Andre Holmes,WR,OAK,5.3450777600757542,4500.0,0.71516647012458323,0.14239753679277595,0.078743233597687312,0.032224096606373091,0.0097677034697355239,0.0051118612190400184,0.016589098189805893,0.0
Jordan Norwood,WR,DEN,5.3342178911114297,4500.0,0.68130448080754669,0.18287577427988402,0.076997209799925026,0.034367570329923533,0.010891524258940809,0.0032385247250372932,0.010324915798743256,0.0
Andre Roberts,WR,DET,5.2621224417284962,4500.0,0.69815122828944565,0.16846529124999507,0.072373842700939578,0.036683662471917164,0.0099394334373789344,0.0027398209990300349,0.011646720851293488,0.0
J.J. Nelson,WR,ARI,5.0948325021231868,4500.0,0.71434372547225522,0.15999373091964383,0.072971135802458995,0.030495703022030293,0.007000496789983655,0.0034849668563542869,0.011710241137273678,0.0
Walter Powell,WR,BUF,5.0493629869530317,4500.0,0.73149924431650348,0.1455600385707268,0.068205140310708304,0.027926547589179226,0.010916276704424716,0.0018969084611621973,0.01399584404729476,0.0
Russell Shepard,WR,TB,5.0298865564444428,4500.0,0.72649467798742129,0.15039933442161293,0.073306091938352552,0.026113777947886621,0.0066093780383705888,0.0045412405585885645,0.012535499107767051,0.0
Andre Johnson,WR,TEN,4.9935871362951456,4500.0,0.73571232189508329,0.13965397935256288,0.070436740167161935,0.028046325791222362,0.011782913336125423,0.0043138930813410407,0.010053826376502898,0.0
Rashard Higgins,WR,CLE,4.9347249873221335,4500.0,0.7356675825626261,0.14863821737854016,0.073748712608790637,0.018161071496107937,0.0062913789007388544,0.0016960773791605765,0.015796959674034449,0.0
Bennie Fowler,WR,DEN,4.9330436995566611,4700.0,0.7279357578836726,0.15752737294501079,0.065248457026222784,0.028259464207753129,0.0075316797446599911,0.002701934626962629,0.010795333565717479,0.0
Josh Huff,WR,PHI,4.9132272469357341,4500.0,0.74012527998558486,0.14485326279150004,0.06264621808550172,0.029191924881490194,0.0081849309093569578,0.0035368264066208189,0.011461556939944779,0.0
Charone Peake,WR,NYJ,4.8945370153546115,4500.0,0.73663178143235397,0.1496698078460936,0.064101852570693479,0.029108686655405433,0.0065397553963120565,0.0020759640749664315,0.01187215202417607,0.0
Charles Johnson,WR,MIN,4.8876451911507415,4700.0,0.77270876928701571,0.11212841486949757,0.069198275773453249,0.017499982415953432,0.0029721728130611895,0.0020567121019894382,0.023435672739029526,0.0
Aldrick Robinson,WR,ATL,4.8788111795991309,4500.0,0.75641096728572088,0.13129853459454086,0.055478926896362642,0.027595160709660747,0.010395632420077858,0.0087981479235789382,0.010022630170057226,0.0
Tommylee Lewis,WR,NO,4.8662834835965256,4500.0,0.75355639767351912,0.13322841811449987,0.063416975036325776,0.026353422530853897,0.0049009124088085108,0.0040031808197359313,0.014540693416258103,0.0
Tanner McEvoy,WR,SEA,4.8249806680417384,5000.0,0.74910958125855309,0.13621940454655954,0.063723440188336561,0.030627696185799656,0.0075997785135920358,0.0024219996154583342,0.010298099691700938,0.0
Donte Moncrief,WR,IND,4.7955919476258515,5400.0,0.79396634370506824,0.096134781656891946,0.055011520031437278,0.020987663643785046,0.008097390734154929,0.0067379583659115281,0.01906434186274954,0.0
Albert Wilson,WR,KC,4.6895682940609129,4500.0,0.76913647306301502,0.12590260661633645,0.059123496867757155,0.024359015066989384,0.0061358564232489345,0.0023886667939157875,0.012953885168736811,0.0
Brandon Tate,WR,BUF,4.591803404896285,4500.0,0.77744745768494383,0.12806923021655481,0.052151105436240533,0.019548243323919412,0.0074257085840179543,0.0014579868804682201,0.013900267873853952,0.0
Jeff Janis,WR,GB,4.574319994051848,4500.0,0.78882994108698656,0.11164817130736847,0.058601757531135376,0.01992695588533841,0.0031620953748547793,0.0015459660051733287,0.016285112809143,0.0
Lucky Whitehead,WR,DAL,4.5402019762730745,4500.0,0.80742236930136146,0.097292065786165186,0.04957203325329132,0.014893447533757445,0.012654972985829613,0.001179462660057371,0.016985648479536881,0.0
Jalin Marshall,WR,NYJ,4.5145335267364519,4500.0,0.78779884138112422,0.12084999587051561,0.054040359121643608,0.016174585693231509,0.0036071454115633663,0.0019435459233011971,0.015585526598620539,0.0
Josh Bellamy,WR,CHI,4.5058908375347331,4500.0,0.78491121979958045,0.12479213888013532,0.048812029748404769,0.022479133231883757,0.0037083942935532423,0.0019600360278244125,0.013337048018617782,0.0
Braxton Miller,WR,HOU,4.4968135199216572,4500.0,0.78518382300388112,0.12135854721295095,0.054993638986457816,0.020950942232654649,0.0026419813507650939,0.0013772067926297565,0.013493860420660305,0.0
Paul Richardson,WR,SEA,4.4128258781767098,4500.0,0.80056897810809247,0.10789222194441801,0.051152149834019077,0.020519636137899446,0.0062203493766965767,0.0018499811935150309,0.011796683405357946,0.0
De'Anthony Thomas,WR,KC,4.3785883580373666,4500.0,0.80260231309873009,0.11065980348109404,0.048404624733943864,0.019701207310190361,0.0037101611689929741,0.0017919561959118958,0.013129934011136785,0.0
Johnny Holton,WR,OAK,4.3657414745525109,0.0,0.83866069788568787,0.076715036244175097,0.043102857469510515,0.013480395369156488,0.0042932242915109352,0.0011647775706224554,0.022583011169335553,0.0
Devin Street,WR,IND,4.3429961527868199,4500.0,0.8108234559374139,0.10940633902885784,0.042139403844749158,0.016862112365452219,0.0033593747431163805,0.0015135291683185299,0.015895784912091267,0.0
Laquon Treadwell,WR,MIN,4.288967830541222,4500.0,0.84585942745226794,0.077135247322139819,0.039071187509052085,0.010124649572957832,0.0026953129006178642,0.001254263755072402,0.02385991148789135,0.0
Geronimo Allison,WR,GB,4.1373034819295924,0.0,0.8776512150812531,0.053652962031105311,0.031847352905229706,0.0076236642793022892,0.0008143539863488808,0.00045554426525371326,0.027954907451505182,0.0
Ryan Grant,WR,WAS,4.1284138299476174,4500.0,0.83629760776532747,0.08657016332662569,0.047216332965101679,0.011952360945690219,0.0025262292167746361,0.0010830336963921533,0.014354272084086957,0.0
Brittan Golden,WR,ARI,4.1148182465952585,0.0,0.87941472134160492,0.052597828195113952,0.031492453427669195,0.0077574090878755591,0.00081819091570717783,0.00042677157735461035,0.027492625454672584,0.0
Bryan Walters,WR,JAC,4.0959422268279413,4500.0,0.86922371629462847,0.05675919993862278,0.042736479295102138,0.0068413072905276111,0.00075309629339345046,0.00036021731906982077,0.023325983568654757,0.0
Jordan Taylor,WR,DEN,4.0549525976456149,4500.0,0.84883970306623391,0.084590306013644256,0.03611337637876591,0.0091298737065679449,0.002795376167937466,0.0032343569120202192,0.015297007754829613,0.0
Griff Whalen,WR,SD,4.0064000873995909,4500.0,0.85028483996634019,0.081458831646926314,0.036616634729905014,0.014510142003632718,0.0026739060957840228,0.0010665534293483817,0.013389092128062483,0.0
Eric Weems,WR,ATL,3.9380258646902631,4500.0,0.87851361407585049,0.059329333996604366,0.029960356156985567,0.010482027852258206,0.0012177951006496469,0.00079454043108480982,0.019702332386566181,0.0
Cecil Shorts,WR,TB,3.8801785755544911,4500.0,0.87410472356189128,0.066133000478413417,0.028609519643852672,0.011916861554491811,0.0027043125052555049,0.00089296266955066531,0.015638619586543005,0.0
Brenton Bersin,WR,CAR,3.8692887121956576,4500.0,0.88505364830210742,0.054872646863722278,0.031533079010984427,0.0076030480317244072,0.00093722536024077382,0.00042759919041609844,0.019572753240803688,0.0
James Wright,WR,CIN,3.866902943028999,4500.0,0.86669557661456254,0.072654573210245627,0.035089584369419856,0.0078587544718639515,0.002397658524777442,0.0013967294115563721,0.013907123397574018,0.0
Deonte Thompson,WR,CHI,3.7419514113605081,4500.0,0.88757366864921794,0.059538241122648126,0.027375847078266076,0.0081074303724978734,0.00094249640277613332,0.00066465744702073578,0.015797658927572303,0.0
Marc Mariani,WR,TEN,3.7351561261274115,4500.0,0.88810082099803589,0.053089525888489558,0.035977801925052941,0.0065617160617625486,0.0010927093077479546,0.00048210516820861536,0.014695320650702224,0.0
Jordan Payton,WR,CLE,3.7205627055246393,4500.0,0.88417117245353138,0.058954881340182459,0.033710907509132512,0.0085202037620367051,0.00089701993249733487,0.00050709585775908842,0.013238719144859398,0.0
Trevor Davis,WR,GB,3.6126560083340733,4500.0,0.89995651870219895,0.05022396062541578,0.027620978097649504,0.0068773085336861703,0.00098596016720507804,0.00045984106917634581,0.013875432804667647,0.0
Alex Erickson,WR,CIN,3.5769730564950306,4500.0,0.89948587808747871,0.054076444002393802,0.025415299629548478,0.0060299061250359866,0.0014262082391602708,0.00099179916714526662,0.012574464749236965,0.0
Matthew Slater,WR,NE,3.5276901518763348,4500.0,0.90993431611496056,0.045344078035719992,0.023951932144451408,0.0053690698297128451,0.0012628356703842862,0.00050930496735787753,0.013628463237412243,0.0
