name,pos,team,expectation,salary,prob_0_5,prob_5_10,prob_10_15,prob_15_20,prob_20_25,prob_25+
Julio Jones,WR,ATL,15.463798418264231,9200.0,0.11990251751076769,0.18019892368058216,0.1989196111032295,0.15834721020873571,0.17347878034382869,0.16915295715285655
Amari Cooper,WR,OAK,14.736907660705551,7500.0,0.12577200827042442,0.20544620572366154,0.21914290207163012,0.1481606741130633,0.14822354917110811,0.15325466065011312
A.J. Green,WR,CIN,14.229106659453995,8500.0,0.1241314415600082,0.2353147043352477,0.22422027181288401,0.14620894461502273,0.12718393829947247,0.14294069937736506
Marvin Jones,WR,DET,13.23279773327411,7400.0,0.18051659211727986,0.23415434517297765,0.21170916054574579,0.13018547767918315,0.11874167507126439,0.12469274941354912
Jordy Nelson,WR,GB,13.199622928919634,7500.0,0.21565257947318661,0.21340687443460685,0.18172359350362136,0.13038986658164969,0.1222345054375512,0.13659258056938459
T.Y. Hilton,WR,IND,12.793416397047663,7800.0,0.17855764278041983,0.23853804519885896,0.23367074049779563,0.13147116093808772,0.13042178252337047,0.087340628061467446
Alshon Jeffery,WR,CHI,12.759870761143752,6800.0,0.19415959383528325,0.22328764997189313,0.23402207144521681,0.12931421519488584,0.12338263398183889,0.095833835570882056
Mike Evans,WR,TB,12.712178516143601,7900.0,0.21283007290573877,0.22319551464343612,0.21101199786469871,0.12237944072062251,0.122836998633503,0.10774597523200134
Michael Crabtree,WR,OAK,12.597245034727445,7100.0,0.21211586461590834,0.21594497600976931,0.21916057580784767,0.13681424912470364,0.12508154026294332,0.090882794178828052
Julian Edelman,WR,NE,12.500767164249059,6500.0,0.21038992562873535,0.24640357868141502,0.19878525749407269,0.11278563522097958,0.14035558135667359,0.091280021618123611
Brandin Cooks,WR,NO,12.328074527992406,7200.0,0.23272490035620469,0.22801769262526042,0.19569569390466365,0.12870203863539975,0.11419866313466587,0.10066101134380614
Demaryius Thomas,WR,DEN,12.238421524742918,7000.0,0.19454257372666223,0.28069685731843858,0.20308051628899512,0.1149587431936631,0.1176563618900396,0.089064947582201362
Doug Baldwin,WR,SEA,12.171077326314908,7200.0,0.23489470486934341,0.2289526481930278,0.21119124704550926,0.12556268678208907,0.090801302917484519,0.10859741019254594
Larry Fitzgerald,WR,ARI,11.762821532308548,7000.0,0.23195300592096271,0.25715002482440008,0.20056559932347709,0.12154101577191817,0.11429173512161001,0.074498619037632136
DeSean Jackson,WR,WAS,11.626181575666426,6000.0,0.2399907622833464,0.24279473387414754,0.22557387168207821,0.11936223415010595,0.088184854606943891,0.084093543403377616
Brandon Marshall,WR,NYJ,11.591498334592584,7400.0,0.24249362881450831,0.25362789615910664,0.19791416210632606,0.13047643233109779,0.10002525339134113,0.075462627197620133
Pierre Garcon,WR,WAS,11.528059373068229,5800.0,0.25419618363069812,0.22254672502584422,0.23242245542490012,0.12131512043791329,0.0933226999789597,0.076196815501684598
Emmanuel Sanders,WR,DEN,11.507584628014554,6600.0,0.23240909115514732,0.28002319607626014,0.19844317490032465,0.10970786698270935,0.10159957564991814,0.077817095235640163
Tyrell Williams,WR,SD,11.480462626557049,5800.0,0.21807336350595891,0.28157132709652366,0.22246751023464717,0.11730685826976876,0.085239101529220901,0.075341839363880392
Travis Benjamin,WR,SD,11.463070476645788,5900.0,0.22505102401516516,0.29464172062091337,0.19927632078763099,0.10720621921526911,0.091322501317931876,0.082502214043089481
Jamison Crowder,WR,WAS,11.4211179118329,6200.0,0.24023887609496011,0.24261496084102738,0.23474957093910753,0.12686552368839513,0.086142433600398041,0.069388634836112004
Golden Tate,WR,DET,11.389200548988642,6300.0,0.25736357995800341,0.24568096774166173,0.21172354803310631,0.11851978800869728,0.080407899328892876,0.086304216929638189
DeAndre Hopkins,WR,HOU,11.300664089210521,7600.0,0.25398423033983941,0.25373355737244091,0.21089627379437539,0.1188443917390743,0.084634196107659015,0.077907350646610779
Allen Robinson,WR,JAC,10.981875821568842,7100.0,0.29451145883852198,0.22476209310670275,0.21039678133937179,0.10525545636500069,0.090317912318692919,0.074756298031709606
Brandon LaFell,WR,CIN,10.919254474413604,6000.0,0.25811506111455684,0.27715306527515099,0.20325377092504149,0.10980024930960361,0.087599727049561121,0.064078126326086227
Anquan Boldin,WR,DET,10.894346020170833,5800.0,0.26404150525766401,0.26048488188932678,0.21459378425150871,0.12049276674415746,0.074216855877365762,0.066170205979977373
Kelvin Benjamin,WR,CAR,10.830318084021179,7300.0,0.29697863341700242,0.25856368886429687,0.18204185590561056,0.088522419447900735,0.091618054040932276,0.0822753483242573
Jeremy Maclin,WR,KC,10.777002788609995,6400.0,0.27879110475614644,0.26400128629970515,0.19765803422682146,0.11142439249977421,0.078815885618432752,0.069309296599119524
Mohamed Sanu,WR,ATL,10.39091644516181,5600.0,0.33810822398079593,0.22708703437520703,0.17889738507480768,0.10016658762817275,0.085902123082062201,0.069838645858954537
Terrelle Pryor,WR,CLE,10.296719344626386,6900.0,0.29198887111192556,0.28591123080342795,0.18143627824085531,0.10516665093826982,0.082424715702275927,0.05307225320324508
Jordan Matthews,WR,PHI,10.284705336206292,6000.0,0.33261033741648516,0.23056078887886777,0.1947595008230692,0.099501787470239564,0.074482012751156623,0.068085572660181407
Willie Snead,WR,NO,10.278189547865239,6400.0,0.34059799521370776,0.22441844933729199,0.18265390908812196,0.10386339579426439,0.088009798156351002,0.06045645241026288
Michael Thomas,WR,NO,10.273998161100186,5700.0,0.31097436657448813,0.24284709694467463,0.21101288814131108,0.11057599000285274,0.064749502699186723,0.059840155637487021
Stefon Diggs,WR,MIN,10.17464061195415,6700.0,0.32553315461408849,0.27979839362389708,0.16325115239573076,0.080784611251740621,0.066889850352464766,0.083742837762078082
Davante Adams,WR,GB,10.070056622757937,6600.0,0.32681074526993759,0.2471817438127196,0.19627265253537565,0.10273788908047819,0.068914238080760609,0.058082731220727962
Cole Beasley,WR,DAL,9.8570391990656709,6100.0,0.34719315895092057,0.23741110468948573,0.18675756276374897,0.10053365526779737,0.081641947847477442,0.046462570480569718
Quincy Enunwa,WR,NYJ,9.7137871810879197,6100.0,0.31809900029597626,0.296559085810011,0.17752048732440348,0.087808468534151099,0.072332820020978295,0.047680138014479921
Allen Hurns,WR,JAC,9.6377314774437188,5700.0,0.3291788185148915,0.2835504797401307,0.17467354806485291,0.10171599449217349,0.064905059797368075,0.045976099390582975
Michael Floyd,WR,ARI,9.6131481285741032,5300.0,0.34556625893261722,0.27498049144856734,0.16152417625294876,0.09791766678728564,0.069209251494407861,0.050802155084173448
Will Fuller,WR,HOU,9.2669080554416965,6600.0,0.35658859128783138,0.28770220812825548,0.1592030775262942,0.083738859475860156,0.067779648428878125,0.044987615152880488
Rishard Matthews,WR,TEN,9.1677348704807073,5300.0,0.37956109125289617,0.24433661975704346,0.18710471265858145,0.087360344310541155,0.05526626401437789,0.046370968006560022
Dontrelle Inman,WR,SD,9.1259591466883858,5300.0,0.3722185194497738,0.26740667409573682,0.17339900502732705,0.08312571799904829,0.057640425950428661,0.046209657477685372
Dez Bryant,WR,DAL,9.091906809212194,7300.0,0.45473986854425624,0.20006553598581364,0.13857529144125622,0.072951884234903758,0.04602750869944848,0.087639911094321496
Seth Roberts,WR,OAK,8.9428600226547506,5000.0,0.41479825298305883,0.22668919941118021,0.16890623490854459,0.083514226812410039,0.056932774558578265,0.04915931132622757
John Brown,WR,ARI,8.8614835357041297,5900.0,0.41705622357692396,0.22179495261119,0.17873548891418956,0.07928507582113517,0.060465746144959399,0.042662512931602642
Terrance Williams,WR,DAL,8.6946696346733479,5400.0,0.44147139923596568,0.20733116298849322,0.16970688744204421,0.075637412128573681,0.063988938348249619,0.041864199856673653
Ted Ginn Jr.,WR,CAR,8.5554943705474003,5600.0,0.45931509120310893,0.22443667498963174,0.13499083098173661,0.068563165389040032,0.052480146193158085,0.060214091243324559
Chris Hogan,WR,NE,8.4700849897410428,5200.0,0.44375588236606067,0.22099099013990586,0.16774419408186492,0.072081765574034881,0.055843516268199209,0.039583651569934278
Phillip Dorsett,WR,IND,8.4136072741157673,5300.0,0.44126150729491398,0.23352450026908245,0.16023693425846849,0.07184759060051979,0.052467023649499622,0.040662443927515252
Adam Thielen,WR,MIN,8.1621747833835698,5400.0,0.42806090006222908,0.2522410700909643,0.18265360398121294,0.070058888927738261,0.030217672849169239,0.036767864088686347
Cameron Meredith,WR,CHI,7.8717698788527031,5400.0,0.45849850012244681,0.25768374749470291,0.13933620608410249,0.069642872177661963,0.04512417103078277,0.029714503090303108
Robert Woods,WR,BUF,7.8153615090139743,5300.0,0.4791367631799342,0.23421776228303487,0.1382749699105402,0.072249325636671982,0.045049272160430101,0.031071906829388655
Tyler Lockett,WR,SEA,7.8134717370742433,5200.0,0.49428234296931772,0.21896005559079657,0.13904717244218076,0.064347866690234332,0.044216464668364285,0.039146097639106078
Tajae Sharpe,WR,TEN,7.7164164829992279,4700.0,0.49743228103667925,0.21446614445052706,0.14407374531120484,0.070857332507509183,0.03775481946601885,0.035415677228061139
Cordarrelle Patterson,WR,MIN,7.6953168427870997,5300.0,0.47380053930617988,0.23668698987965583,0.17313255312495843,0.051300126270419438,0.023188063477344926,0.04189172794144181
Marqise Lee,WR,JAC,7.6429727323206063,4500.0,0.50207266248358062,0.24017003305065815,0.12412830072412863,0.052781167259123359,0.022414772224709875,0.058433064257799275
Nelson Agholor,WR,PHI,7.3921865754654235,5000.0,0.5222054158628463,0.2187756932098745,0.12682919278782356,0.058409228666470414,0.038126797056772653,0.035653672416212243
Brice Butler,WR,DAL,7.3424909909220784,5500.0,0.51606243595515366,0.223460873620976,0.13156689998359666,0.059268425419107137,0.044108576766910969,0.025532788254256176
Russell Shepard,WR,TB,7.3363952323458328,4500.0,0.53461313757236861,0.22399218796362574,0.11624623761156208,0.048263819159351136,0.018420162661099415,0.058464455031993115
Arrelious Benn,WR,JAC,7.2932118294076291,4500.0,0.54929534102129285,0.21600761422256287,0.10507565245980828,0.04851120709493497,0.018601100552462193,0.062509084648938576
Justin Hunter,WR,BUF,7.2383359457916931,5200.0,0.53385196262851653,0.21182507777566276,0.13169562386115763,0.055699321514086166,0.029287171984783887,0.037640842235793288
Kendall Wright,WR,TEN,7.0825217698572036,4800.0,0.56207872423021932,0.19677528695493793,0.1154558032658681,0.054680973607206806,0.030271520045692515,0.040737691896075214
Adam Humphries,WR,TB,6.9673623939754918,5000.0,0.56019180264737167,0.20839342326863194,0.12117789460605584,0.040777473818213096,0.026906183438921212,0.042553222220806139
Devin Street,WR,IND,6.8614236809141973,4500.0,0.60685904211915853,0.18452595565035068,0.084878967653156376,0.043605567885295925,0.013468191889907461,0.066662274802131646
Donte Moncrief,WR,IND,6.8565114211386344,5400.0,0.61000808245216021,0.16762835271356877,0.11034767358738487,0.028494450258046599,0.020111971378952934,0.063409469609887317
Brandon Coleman,WR,NO,6.8258870131576046,4600.0,0.58501894470036619,0.18243838278498367,0.12561600869758316,0.043907421874797348,0.015311472884374405,0.047707769057896164
Geronimo Allison,WR,GB,6.7572153780030941,0.0,0.64885479532687917,0.14844008455234348,0.090627246955957738,0.015277847351731516,0.0080851739842790239,0.088714851828809782
Danny Amendola,WR,NE,6.7325277833286643,4600.0,0.5864162786580962,0.18468779719932371,0.11489659861581837,0.053855766534025795,0.030260532330983216,0.029883026661752441
Laquon Treadwell,WR,MIN,6.6622458184170075,4500.0,0.63818619358053441,0.16211624866231861,0.092944820367132544,0.022598027296024056,0.0041243580712089232,0.080030352022781942
Dorial Green-Beckham,WR,PHI,6.6119823982000465,4800.0,0.56409169059232844,0.23018880453296084,0.10879652014389442,0.046478019143296773,0.017044250548225909,0.033400715039293143
Tyler Boyd,WR,CIN,6.610342955838524,4600.0,0.57493631967834269,0.20812457695245223,0.11275268662603315,0.053878232401424142,0.024736977949828997,0.025571206391919517
Jermaine Kearse,WR,SEA,6.5999509584970486,4500.0,0.58215645069269872,0.21090543341481363,0.10558459179175091,0.044896856298194288,0.019058333206206736,0.03739833459633677
Robby Anderson,WR,NYJ,6.5292384223924937,0,0.60945288116362228,0.19756561566429354,0.08597748127024786,0.042024601415550582,0.014643800404371353,0.050335620081914445
De'Anthony Thomas,WR,KC,6.5254957628670018,4500.0,0.63327327921498722,0.1726766490788896,0.087450703779374028,0.03284362518838474,0.0097884933212169286,0.063967249417148098
Brittan Golden,WR,ARI,6.4992859481746397,0.0,0.6573413066941568,0.14934131513934812,0.091230723305035732,0.017133891851420731,0.0081110627189494942,0.07684170029108961
Devin Funchess,WR,CAR,6.4833603714838119,4800.0,0.60433010523054853,0.18714540023522999,0.10226806331345133,0.047782401727240763,0.030726805214740791,0.027747224278788837
Chris Conley,WR,KC,6.4216896628797162,4500.0,0.57649459291942595,0.22929808701222368,0.10268320819506185,0.045225463315639855,0.017496203561571368,0.028802444996078085
Johnny Holton,WR,OAK,6.3955496531852525,0.0,0.67280089860485315,0.13702276828832333,0.082354300859193014,0.025410886191151033,0.010909828225511916,0.071501317830968039
Tanner McEvoy,WR,SEA,6.3271069242837079,5000.0,0.6151976600580763,0.19067782872694117,0.10145908733457767,0.039021034935212584,0.013459668070955338,0.040184720874237169
Jaelen Strong,WR,HOU,6.3072250512394277,4900.0,0.58494410289585685,0.22388786972654565,0.10951165804952127,0.037136436348736576,0.015475149520610137,0.029044783458729431
Tyreek Hill,WR,KC,6.198483123809778,4800.0,0.60466474170662787,0.21255462865163596,0.09784870918949222,0.040106440500912867,0.013002143528063635,0.031823336423268324
Justin Hardy,WR,ATL,6.1721303485838703,4500.0,0.64328762082190349,0.16290926349045118,0.10016768669787891,0.036763262510136792,0.023469187097991354,0.033402979381637894
Corey Brown,WR,CAR,6.1671318502621189,4700.0,0.6312908672369596,0.18847219668491383,0.087285521904266153,0.040033047505154261,0.014307846300020924,0.038610520368686126
Charone Peake,WR,NYJ,6.0807948893904689,4500.0,0.64801803784002221,0.17888277365553051,0.084051133834987052,0.03239377159386244,0.011278793606991199,0.045375489468607332
Andrew Hawkins,WR,CLE,6.0414460576728857,4500.0,0.60532919173844568,0.22312973729351171,0.090101126496212658,0.041735751581553841,0.018770997947408708,0.020933194942868688
Charles Johnson,WR,MIN,6.0221388694848121,4700.0,0.65794254290735954,0.17192725637434503,0.086792210916845108,0.023581876954960234,0.010610099408409056,0.049146013438081976
Cecil Shorts,WR,TB,6.0143278262086,4500.0,0.68977713105931215,0.14554627873848136,0.074957896298634613,0.016639795639205451,0.0079103843334849527,0.065168513930882563
Bryan Walters,WR,JAC,5.9997268465363272,4500.0,0.70017843262037893,0.13219432851666027,0.081250830633721655,0.010355902732436617,0.0059208561581651437,0.070099649338638187
Taylor Gabriel,WR,ATL,5.9410891152007661,4600.0,0.67486332067562449,0.15216616161259094,0.087238280123045742,0.025962554260569166,0.015160978241089224,0.044608705087081209
Bennie Fowler,WR,DEN,5.8655645128692449,4700.0,0.64487348784310827,0.19199079546727107,0.087369559886252182,0.030542204697458022,0.011363387287857653,0.033860564818053669
J.J. Nelson,WR,ARI,5.8457123742363262,4500.0,0.65111123915085201,0.18274209666401969,0.088421042013019591,0.032557035386042238,0.013955745931253292,0.031212840854813274
Josh Huff,WR,PHI,5.7756992685861288,4500.0,0.64319578618968354,0.19839482832990549,0.080326482242794733,0.040740621256526853,0.012841212773293463,0.024501069207795309
Braxton Miller,WR,HOU,5.7675167228615516,4500.0,0.68878469766584149,0.160676256214519,0.068462789957337566,0.025021154309572618,0.0044374637492505765,0.052617638103479157
Jordan Norwood,WR,DEN,5.7085898397065584,4500.0,0.6456374897226772,0.19733783670702543,0.084478599590046971,0.037075686824283166,0.013156064198498532,0.02231432295746965
Jalin Marshall,WR,NYJ,5.6463291727865537,4500.0,0.70112402446901112,0.16053287945625755,0.061063947237180102,0.017002940212015726,0.0057848031370342475,0.054491405488501739
Andre Roberts,WR,DET,5.6300942694440517,4500.0,0.65973978035045644,0.19005303173641391,0.080883682090013162,0.032319746177416793,0.007779578788380587,0.029224180857319437
Lucky Whitehead,WR,DAL,5.5262737830450073,4500.0,0.7139009738443739,0.12963317733680441,0.084459276305043934,0.020139464625879493,0.013050906655026794,0.038816201232872605
Andre Holmes,WR,OAK,5.5113080067244891,4500.0,0.71556815961520259,0.12544548933840288,0.080097908762427394,0.032836108814086253,0.012149699310017147,0.033902634159862687
Jeff Janis,WR,GB,5.3279324884665735,4500.0,0.73938207083360064,0.11566307730002939,0.074134658541102211,0.02329847245682554,0.0058499184016099362,0.041671802466832816
Tommylee Lewis,WR,NO,5.3238557797749193,4500.0,0.72463416794804147,0.13553319804533759,0.073471158472924236,0.021252620898508452,0.007006494907669635,0.038102359727518777
Jordan Payton,WR,CLE,5.3206355457846097,4500.0,0.74979936004096459,0.11969019964412043,0.060478525880379844,0.011606455541446185,0.0034668033377483845,0.054958655555341837
Andre Johnson,WR,TEN,5.3022515434410451,4500.0,0.7195030313079801,0.13451169905553656,0.07979219744821095,0.025983039255150241,0.012645067694812533,0.027564965238309907
Brenton Bersin,WR,CAR,5.1595778892408513,4500.0,0.75834101616829352,0.11282705480455206,0.067225495027599641,0.0098932140660817364,0.0036082088771939606,0.048105011056279547
Ricardo Louis,WR,CLE,5.1174900044589551,4500.0,0.70921101049389668,0.16391325439381921,0.071338421363727117,0.025393132393713953,0.0099924001848395744,0.02015178117000347
Aldrick Robinson,WR,ATL,5.0719599989736377,4500.0,0.73934620424814324,0.13591594615763578,0.06440369741022052,0.020723900181022138,0.010554301741310211,0.029055950261668659
Albert Wilson,WR,KC,4.9681527137988839,4500.0,0.73395727222157536,0.14624326619392788,0.066515123365852705,0.021238206211139556,0.0095882488367990005,0.022457883170705711
Walter Powell,WR,BUF,4.880885858785466,4500.0,0.75455139754731815,0.13055318425256474,0.058376449102263257,0.022265600799582518,0.0091925545900977609,0.025060813708172765
Griff Whalen,WR,SD,4.6884933906481976,4500.0,0.79819578913562161,0.096293619483224652,0.051512091634758832,0.01440658798852797,0.0027984473780270401,0.036793464379840934
Rashard Higgins,WR,CLE,4.6739404936633413,4500.0,0.7637596631231548,0.12738647392991875,0.065675323227121024,0.017135086232230774,0.0055715477860598358,0.020471905701515119
Paul Richardson,WR,SEA,4.6142503376470323,4500.0,0.78172166817783073,0.11574399692909693,0.052046099714650629,0.018966056544551857,0.011495191632001434,0.020026987001869317
Brandon Tate,WR,BUF,4.5501335402763452,4500.0,0.78399519938971585,0.12186303089708427,0.046924740017577023,0.017495720370785273,0.006779510613511933,0.022941798711325467
Trevor Davis,WR,GB,4.4334517381456502,4500.0,0.83746335289562379,0.070293259407556846,0.041605505363432237,0.0087133778500962621,0.0025765784720392141,0.039347926011252518
Josh Bellamy,WR,CHI,4.4176136571630069,4500.0,0.77660679266826005,0.13863414753118586,0.044196888636274516,0.021527685449610787,0.0032606782933112381,0.015773807421357821
James Wright,WR,CIN,4.1672261452955537,4500.0,0.83281129148782673,0.087148048516993329,0.044589859138331606,0.009031564903697914,0.0020734122113946407,0.024345823741756322
Marc Mariani,WR,TEN,4.1443908150104836,4500.0,0.85709884388393642,0.066785367190286188,0.035659383732144695,0.0048814872053114522,0.0017450232100181574,0.033829894778302852
Eric Weems,WR,ATL,4.0840283724433393,4500.0,0.86321234467487185,0.062975808913754011,0.03405879093195207,0.0059735962935470992,0.001105801099004499,0.032673658086870117
Ryan Grant,WR,WAS,4.0514310663215545,4500.0,0.85728870747254027,0.064045890483154663,0.039255824343007811,0.013090608202921447,0.0031379980055028455,0.023180971492872963
Jordan Taylor,WR,DEN,3.98047274540584,4500.0,0.85708842527387785,0.070396583134487295,0.039855417461891862,0.0079764200964923017,0.0013578994328361459,0.023325254600415048
Matthew Slater,WR,NE,3.7443471097526171,4500.0,0.8844929730404123,0.057852724337978306,0.027804904823209669,0.0064217880428282005,0.00099652494021866198,0.022431084815353265
Deonte Thompson,WR,CHI,3.738881574081327,4500.0,0.87868866986417216,0.065528014853348554,0.026392417894543233,0.0083181383778749719,0.00085474601010456809,0.020218012999957357
Alex Erickson,WR,CIN,3.6332572408508819,4500.0,0.89312113585803421,0.054117501700588641,0.02665602885217495,0.00483191215797128,0.001640954864832996,0.019632466566398377
