name,pos,team,expectation,salary,prob_0_5,prob_5_10,prob_10_15,prob_15_20,prob_20_25,prob_25_30,prob_30+
Aaron Rodgers,QB,GB,25.778193873695859,8800.0,0.00012622037473125294,0.00027935662389662433,0.062662194611744576,0.057840676538172715,0.045895104961688908,0.82856288356864483,0.0046335633211212228
E.J. Manuel,QB,BUF,23.371792399325464,4900.0,0.019093334893077164,0.032763060343212115,0.33283256646589149,0.070367058847415731,0.1039634652891881,0.011598728771201106,0.42938178539001415
Joe Webb,QB,CAR,22.689714238341892,5000.0,0.040349365769674551,0.037128486751750782,0.30202294524341866,0.022275688662997589,0.19167673354953285,0.052879733269600319,0.35366704675302524
Tom Brady,QB,NE,22.689146851932808,8700.0,2.6752413389896755e-06,0.099303993143930791,0.13058441700867782,0.035434439465482775,0.11716960070495927,0.60760457454831862,0.0099002998872918455
Drew Brees,QB,NO,20.711301712237411,8000.0,0.0040233907323110061,0.086100467756618476,0.36116762352649351,0.1159739198986222,0.030282077930534241,0.16744454986023991,0.23500797029518056
Sam Bradford,QB,MIN,20.473765487920041,7000.0,0.003365528552780207,0.44353438402904832,0.014267650972616664,0.1063873878373853,0.0027700769813692305,0.00029758360140545541,0.42937738802539482
Matt Ryan,QB,ATL,19.803939567372804,8500.0,0.015774960103287664,0.013277039288440403,0.13454825416979038,0.28629184786381323,0.47964429924011309,0.038034513586640971,0.032429085747914227
Cam Newton,QB,CAR,19.281760697476297,8300.0,0.13306993025754699,0.0016868239302064954,0.48207631662416517,0.014863218151384553,0.018748597149437964,0.00078640066824276487,0.34876871321901592
Matthew Stafford,QB,DET,19.071105821083883,7700.0,0.011674087241686591,0.05953605792990501,0.19189800009774818,0.2745677851720128,0.36745426871872583,0.0261900198393718,0.06867978100054993
Kirk Cousins,QB,WAS,18.775390261733499,7200.0,0.070000697194447029,0.027982740296799025,0.19129431609520262,0.37038679690084003,0.1011895277474988,0.15057354220460009,0.088572379560612216
Jameis Winston,QB,TB,18.420306531702458,7400.0,0.089565968406766727,0.090923994391882659,0.0036138920177804178,0.61747909605512452,0.01288878205152306,0.016011082972276072,0.1695171841046465
Kevin Hogan,QB,CLE,17.953888748907772,6000.0,0.0067671692059697967,0.069530202061277427,0.17052573164154047,0.42555990980500602,0.2616622422369505,0.047892304497190778,0.018062440552064976
Jay Cutler,QB,CHI,17.788512167467935,6500.0,0.31315084159820267,0.070252476372304321,0.062922153216423027,0.1993931803104721,0.008364991800908347,0.012326784005063677,0.33358957269662592
Tyrod Taylor,QB,BUF,17.585955907519267,7600.0,0.058034144200531268,0.19388840332941215,0.16405127800834182,0.1385962441143033,0.16412676236838833,0.27037743434823736,0.010925733630785806
Carson Wentz,QB,PHI,17.327040972628243,6700.0,0.016154444323179053,0.030035183222515631,0.39309947008246382,0.24492884066920129,0.1655841252422684,0.14949035922059248,0.00070757723977932544
Philip Rivers,QB,SD,16.657778593841051,7300.0,0.0050954036855903233,0.22686264706783782,0.2419706641278562,0.30335355920160029,0.040748760325938771,0.090068167871028976,0.091900797720147559
Andrew Luck,QB,IND,16.16744795177522,7900.0,0.13100269733018005,0.019147414591884123,0.093348301544293286,0.53209880379992969,0.19126763238232464,0.032733230359024958,0.00040191999236319448
Derek Carr,QB,OAK,15.98460485499248,7800.0,0.12628790893703348,0.030996009016397052,0.22980851973744307,0.36495439608345637,0.16584966026217418,0.057084463703050987,0.025019042260444914
Alex Smith,QB,KC,15.937626078908492,6800.0,0.22237512072375398,0.21104004488852784,0.18906809090432447,0.052568097455060324,0.058889564162391508,0.016198394705897876,0.24986068716004389
Brock Osweiler,QB,HOU,15.549524542424404,6600.0,0.10292395153476586,0.096091949250845063,0.29410610669641979,0.1371667185553028,0.35176786579337516,0.0064020173990700004,0.01154139077022113
Marcus Mariota,QB,TEN,15.316702164343736,7500.0,0.19914078465751464,0.0013539141052853296,0.27280102322114347,0.21584147888318184,0.21008656958660582,0.084354489817027825,0.016421739729241089
Nick Foles,QB,KC,15.122942754600277,6000.0,0.2505573688469856,0.06052983644684104,0.088579123021168465,0.14248647143267393,0.43111049100909027,0.025859679989713391,0.00087702925352736054
Ryan Fitzpatrick,QB,NYJ,14.974370464217127,7300.0,0.019527676876679823,0.10676694832801013,0.4899807561161254,0.18720249115600893,0.17010779667786605,0.0037241189272266039,0.022690211918083115
Russell Wilson,QB,SEA,13.870449255859931,8200.0,0.090296980484617026,0.28550790150233146,0.39151074753650639,0.05178888616689626,0.028087768019913226,0.036938287911320908,0.11586942837841477
Blake Bortles,QB,JAC,13.662563893265771,7100.0,0.011526543882196911,0.11123208123886713,0.70005914744704034,0.058716050535841516,0.062825311093901451,0.04530174745127629,0.010339118350876175
Andy Dalton,QB,CIN,13.03398099816587,7700.0,0.3217227872148789,0.0041646702423220328,0.20066192339684744,0.2361138957557819,0.19477849559309171,0.041850978482375553,0.00070724931470256757
Carson Palmer,QB,ARI,12.213189768991978,7300.0,0.0053912881015079966,0.27128662276430282,0.62461977692247173,0.037339310487146032,0.027721990152735281,0.012973793400110491,0.02066721817172577
Kellen Clemens,QB,SD,10.836837700119821,5000.0,0.10758843308803617,0.46071376703477274,0.15619471554770817,0.22645837136036434,0.037126858236087405,0.0073895072642463089,0.0045283474687847951
Trevor Siemian,QB,DEN,8.0823806090665347,6900.0,0.46807824155364686,0.21255368538971134,0.13957066390463752,0.10581037696299055,0.063744046460690901,0.0094704102343419871,0.00077257549398086116
Josh McCown,QB,CLE,6.8303163540271754,6400.0,0.72282669398489607,0.014419744557542899,0.011382978269960341,0.17906307951927475,0.070417082587104121,0.0015118241508076987,0.00037859693041422822
Jimmy Garoppolo,QB,NE,6.6960566963605217,5800.0,0.7289428592254662,0.0048339898917297069,0.0051364703146391244,0.23214119352840262,0.022198304501101489,0.0033127175598751889,0.0034344649787856605
Dak Prescott,QB,DAL,6.6252276208090448,7100.0,0.70773422932249175,0.00049511589140087094,0.16558708720096105,0.038121358852929929,0.074463986554327039,0.0048214887092620628,0.0087767334686273315
Matt Cassel,QB,TEN,5.1044063249682115,6000.0,0.85335033375514047,0.0080482466013370463,0.0091841074359008054,0.086622886101504426,0.017296494953560591,0.00021759139324704154,0.025280339759309642
