name,pos,team,expectation,salary,prob_0_5,prob_5_10,prob_10_15,prob_15_20,prob_20_25,prob_25_30,prob_30+
Julian Edelman,WR,NE,21.469891863375377,6600.0,0.083241520252495177,0.12750900325320566,0.055253594031526285,0.1236434404839931,0.079296515798495101,0.38934514897266248,0.14171077720762232
Pierre Garcon,WR,WAS,20.165538307824324,5500.0,0.11282986822777437,0.15475223860025203,0.056121270901436385,0.12716576317582981,0.065902724410139724,0.34665212097066517,0.13657601371390243
Jamison Crowder,WR,WAS,18.075283385434837,6600.0,0.14342047368814873,0.21046906914957117,0.057179925940320918,0.1440474320038462,0.055356885008292923,0.26350831490119103,0.12601789930862911
Tyreek Hill,WR,KC,17.495076239756386,5800.0,0.062988086601588458,0.21674051518338136,0.19501247299292279,0.10041408307378678,0.20778879862340274,0.10067462656325797,0.11638141696165984
Robert Woods,WR,BUF,17.49381696093679,5100.0,0.057763716330941996,0.052864522763251598,0.29286102284485632,0.17638813191966227,0.32741018808068262,0.054172694494171426,0.038539723566433717
Josh Huff,WR,TB,17.469054525291487,4500.0,0.22509919605195527,0.11084905595351237,0.067080819477218903,0.096890170858553643,0.11878991070840333,0.3302803002908295,0.051010546659526951
Dontrelle Inman,WR,SD,17.438437051666114,5200.0,0.061225528258134841,0.22901256590315247,0.13618724134359084,0.13503466656295218,0.12957225541623393,0.2969219906429908,0.012045751872944944
Chris Hogan,WR,NE,17.360246399696447,5500.0,0.183205105906104,0.15908634928668422,0.056174173018732967,0.14854898289722102,0.07137930461113158,0.3406594202279139,0.040946664052212374
Jeremy Maclin,WR,KC,17.205070150781339,5800.0,0.142704684553354,0.077914325877282614,0.20477845984669227,0.064933743529715302,0.33791069087604708,0.1395525527117594,0.032205542605149205
Taylor Gabriel,WR,ATL,16.673650411140471,5700.0,0.10387202563511776,0.20685707976594664,0.13276321515850753,0.10433986523502735,0.22425231206762486,0.2194220238173277,0.0084934783204481841
Julio Jones,WR,ATL,16.518775462442722,8300.0,0.098983264415135969,0.16533684750934946,0.16571522953148216,0.1013215069726912,0.34489160831892296,0.12061879961216905,0.0031327436402491821
Mohamed Sanu,WR,ATL,16.313049031190722,5700.0,0.096946129662800334,0.18626392598142771,0.15262607240308185,0.15449287133956391,0.26150947041419115,0.13431513767865438,0.013846392520280731
A.J. Green,WR,CIN,16.269102996173118,7400.0,0.31757678862257194,0.12068697011484342,0.044196792011951119,0.077194553611540956,0.076837989492114428,0.23799364244170704,0.12551326370527111
DeSean Jackson,WR,WAS,16.192670201849221,6000.0,0.17280203193474608,0.25454553599700719,0.080974758265375174,0.13172213406398334,0.073700056845285813,0.15239218702628163,0.13386329586732082
Jordy Nelson,WR,GB,16.136282444960152,7400.0,0.0392854261807669,0.21463256609055681,0.25680488297703746,0.10931539451406605,0.28771163190680726,0.052936128914669776,0.039313969416095711
Davante Adams,WR,GB,15.982374596432521,6800.0,0.038608169544969609,0.25544621923222838,0.24186549790429773,0.10218170002067749,0.23235019533914106,0.080474395936248833,0.049073822022436896
Golden Tate,WR,DET,15.957158278643607,5900.0,0.097065086728159403,0.16866934356149724,0.27427583279712187,0.096110263631899548,0.24854102966609612,0.038656097657380158,0.076682345957845621
Amari Cooper,WR,OAK,15.676617846322181,7800.0,0.10509829476898234,0.19249147380959242,0.31689023583598908,0.097513043532882024,0.11686431802370748,0.042247933398742672,0.12889470063010403
Mike Evans,WR,TB,15.663187654807246,8500.0,0.06947829546035196,0.19721383286844274,0.24350636626621999,0.12900671427822,0.28584370192742803,0.046110709852998609,0.028840379346338641
Tyrell Williams,WR,SD,15.220425813940333,6600.0,0.12548837300441171,0.27351354668192746,0.14239777137761034,0.096457316219531491,0.12615696596639533,0.22808860869937464,0.0078974180507491304
Jaelen Strong,WR,HOU,14.996115117022942,4500.0,0.29462389316967152,0.12252435067600054,0.10472326213097666,0.075677993364588025,0.14031336910846098,0.21661777542529145,0.045519356125010672
Emmanuel Sanders,WR,DEN,14.878624321088409,6400.0,0.057642465473893997,0.30734723692551685,0.20202285107683557,0.14125698875630963,0.12624837684131573,0.16004404967702057,0.005438031249107589
Michael Crabtree,WR,OAK,14.84628071578182,6400.0,0.12674562523780519,0.22671482114785432,0.26224426193111722,0.099965666168434247,0.14503913388368378,0.044925954330631471,0.094364537300473825
Anquan Boldin,WR,DET,14.716607700770773,5000.0,0.18510888520009475,0.18512905685512349,0.2314709198385928,0.084665849935940923,0.17505165435711995,0.039788095599860546,0.098785538213267715
Michael Thomas,WR,NO,14.534643328572951,6900.0,0.14326875601040848,0.25288629064820939,0.18440349905187042,0.13874827612292398,0.12610007674048562,0.093509945091825558,0.061083156334276544
Tommylee Lewis,WR,NO,14.350509593855316,4500.0,0.29957609398310447,0.16860268309330209,0.10043067840826214,0.12312457972456056,0.054819258624046532,0.15694432326155924,0.09650238290516501
Griff Whalen,WR,SD,13.745225217926096,4500.0,0.37589632072065982,0.11306265496040423,0.060409691438916981,0.090105484276786954,0.1168906674056512,0.20422986299350684,0.039405318204074016
Russell Shepard,WR,TB,13.539689348134409,4500.0,0.36674033488951613,0.17500239065217787,0.079681855594902026,0.085472518449817403,0.065523345006477052,0.08280418515778154,0.14477537024932799
Jared Dangerfield,WR,NO,13.417973197156398,4500.0,0.29612476154806217,0.15582397658857752,0.1644970814074081,0.11751548796361054,0.10022889114998915,0.088299491458795815,0.077510309883556658
Kyle Prater,WR,NO,13.417973197156398,4500.0,0.29612476154806217,0.15582397658857752,0.1644970814074081,0.11751548796361054,0.10022889114998915,0.088299491458795815,0.077510309883556658
Vincent Brown,WR,NO,13.417973197156398,4500.0,0.29612476154806217,0.15582397658857752,0.1644970814074081,0.11751548796361054,0.10022889114998915,0.088299491458795815,0.077510309883556658
Seth Roberts,WR,OAK,13.282577716419281,4800.0,0.2661860198284961,0.19311573270783244,0.20537455237724209,0.09158786828042681,0.10338891653031589,0.031948987955311876,0.10839792232037483
Demaryius Thomas,WR,DEN,12.922533294888336,7100.0,0.14335261764998714,0.31086941997662892,0.21261156263344663,0.11075884867085484,0.10468853482929423,0.11186011810281328,0.00585889813697495
Adam Humphries,WR,TB,12.849962176777192,4900.0,0.3025514094302944,0.18989253895409908,0.15080946540541332,0.082790087638467888,0.14934558082694027,0.051495057315836784,0.073115860428948326
Daniel Braverman,WR,CHI,12.804175340200214,4500.0,0.31908280093547853,0.16774669155523236,0.15612455813077983,0.10526789156807324,0.10211027626228006,0.077497399728735733,0.07217038181942026
Kevin White,WR,CHI,12.804175340200214,4500.0,0.31908280093547853,0.16774669155523236,0.15612455813077983,0.10526789156807324,0.10211027626228006,0.077497399728735733,0.07217038181942026
Joshua Bellamy,WR,CHI,12.804175340200214,4500.0,0.31908280093547853,0.16774669155523236,0.15612455813077983,0.10526789156807324,0.10211027626228006,0.077497399728735733,0.07217038181942026
Kieran Duncan,WR,CHI,12.804175340200214,4500.0,0.31908280093547853,0.16774669155523236,0.15612455813077983,0.10526789156807324,0.10211027626228006,0.077497399728735733,0.07217038181942026
Larry Fitzgerald,WR,ARI,12.718698611278757,7000.0,0.16173107701893663,0.43965543291899939,0.064851932408711163,0.12105842804059877,0.032318294335999448,0.12704631083024617,0.05333852444650844
Matthew Slater,WR,NE,12.435058919547107,4500.0,0.51447361040461193,0.073783415112838618,0.041036145171145393,0.075086789017843228,0.083040547773427856,0.072022120715875618,0.14055737180425737
Jordan Matthews,WR,PHI,12.433456197629235,5700.0,0.16298598150115134,0.27863041301010438,0.25590219740202369,0.1247575648764573,0.11499659832063271,0.030486498655204267,0.032240746234426312
Kashif Moore,WR,KC,12.409509423234599,4500.0,0.33125753492122928,0.17301162654355209,0.15448535989931286,0.1042828775916658,0.094507743023963128,0.077944429131937082,0.064510428888339563
Aaron Dobson,WR,DET,12.399514499665417,4500.0,0.32265636649668411,0.17784910826417669,0.15789645070211181,0.10384167700349466,0.096604285408688512,0.086113340794694557,0.055038771330149582
Quinshad Davis,WR,DET,12.399514499665417,4500.0,0.32265636649668411,0.17784910826417669,0.15789645070211181,0.10384167700349466,0.096604285408688512,0.086113340794694557,0.055038771330149582
Chris Conley,WR,KC,12.354090360666332,4500.0,0.35671588241865565,0.19027923524790288,0.12482131412255056,0.072168346278900383,0.12695157843700491,0.021552551107909088,0.10751109238707636
Doug Baldwin,WR,SEA,12.276844263464522,6900.0,0.16808252444859609,0.26619993913831053,0.27001356457599729,0.13359954127609383,0.1084190606523416,0.022858657627562177,0.030826712281098539
Shaq Evans,WR,NE,12.115014680279877,4500.0,0.36362970065559558,0.15910551532765138,0.13946098420388933,0.10209868384654264,0.088658855659485225,0.087837809234304787,0.05920845107253115
DeAndre Carter,WR,NE,12.115014680279877,4500.0,0.36362970065559558,0.15910551532765138,0.13946098420388933,0.10209868384654264,0.088658855659485225,0.087837809234304787,0.05920845107253115
DeAndrew White,WR,NE,12.115014680279877,4500.0,0.36362970065559558,0.15910551532765138,0.13946098420388933,0.10209868384654264,0.088658855659485225,0.087837809234304787,0.05920845107253115
Marcus Easley,WR,BUF,11.713058287806913,4500.0,0.37407992963805459,0.16941400265930598,0.14015531062021622,0.096703927077333204,0.087678845730026336,0.070488018852251061,0.061479965422812886
Walt Powell,WR,BUF,11.713058287806913,4500.0,0.37407992963805459,0.16941400265930598,0.14015531062021622,0.096703927077333204,0.087678845730026336,0.070488018852251061,0.061479965422812886
Kolby Listenbee,WR,BUF,11.713058287806913,4500.0,0.37407992963805459,0.16941400265930598,0.14015531062021622,0.096703927077333204,0.087678845730026336,0.070488018852251061,0.061479965422812886
Greg Salas,WR,BUF,11.713058287806913,4500.0,0.37407992963805459,0.16941400265930598,0.14015531062021622,0.096703927077333204,0.087678845730026336,0.070488018852251061,0.061479965422812886
Tyler Boyd,WR,CIN,11.58904439366802,5400.0,0.34771623551761099,0.29300110302198401,0.081326466413869508,0.06717753660839447,0.061048840320780624,0.037877963991511755,0.11185185412584872
Brandon Tate,WR,BUF,11.581150948627865,4500.0,0.42446342414135751,0.17162025951666338,0.10107625604052894,0.10220264082835734,0.047956995239360277,0.032267495222614524,0.12041292901111787
Jared Abbrederis,WR,GB,11.408280934279093,4500.0,0.38819805312704769,0.16772297115144325,0.14011090711273444,0.093598839329477795,0.078748479462854321,0.078409272111880812,0.053211477704561805
Jaron Brown,WR,ARI,11.117482479784123,4500.0,0.39960899299910424,0.17973974344151922,0.13033981438955233,0.083486852738492615,0.089246385212859033,0.059084898833856848,0.058493312384615748
Hunter Sharp,WR,PHI,11.024735982512864,4500.0,0.41090715628244279,0.17148849331931093,0.12903018759725959,0.083271043921610846,0.084725978042939423,0.064713420923123627,0.055863719913312945
Chris Givens,WR,PHI,11.024735982512864,4500.0,0.41090715628244279,0.17148849331931093,0.12903018759725959,0.083271043921610846,0.084725978042939423,0.064713420923123627,0.055863719913312945
Cayleb Jones,WR,PHI,11.024735982512864,4500.0,0.41090715628244279,0.17148849331931093,0.12903018759725959,0.083271043921610846,0.084725978042939423,0.064713420923123627,0.055863719913312945
Xavier Rush,WR,PHI,11.024735982512864,4500.0,0.41090715628244279,0.17148849331931093,0.12903018759725959,0.083271043921610846,0.084725978042939423,0.064713420923123627,0.055863719913312945
James Wright,WR,CIN,11.017016756166644,4500.0,0.44141079655368065,0.22754300550208464,0.072511282469373356,0.044074780960015818,0.06321819075174577,0.024887973036454555,0.12635397072664525
Andre Roberts,WR,DET,10.905060962173433,4500.0,0.39853362413680293,0.17702379986120584,0.16717996182583073,0.066199812093516733,0.092533659746779767,0.026363354352643656,0.07216578798322032
Marvin Jones Jr.,WR,DET,10.856285554825368,5600.0,0.39393676666743477,0.17925958287455834,0.14930543776757094,0.08761019069955206,0.08023995291227852,0.068744120135554768,0.040903948943050654
Danny Amendola,WR,NE,10.747784185816847,4500.0,0.57424275987438056,0.10027792030937212,0.036505454515430816,0.061901142396698326,0.043071330842944199,0.051819860757577954,0.13218153130359606
Keshawn Martin,WR,SF,10.721786053157746,4500.0,0.38847108844053313,0.20259525812231777,0.14515267515607699,0.0805125922358364,0.076848296751583972,0.059469961283669853,0.046950128009982002
Mose Frazier,WR,SF,10.721786053157746,4500.0,0.38847108844053313,0.20259525812231777,0.14515267515607699,0.0805125922358364,0.076848296751583972,0.059469961283669853,0.046950128009982002
Albert Wilson,WR,KC,10.696797855378549,4500.0,0.45882698385949744,0.1619864529697557,0.1064938086525528,0.056048884909789293,0.11847982167867908,0.010497834790967914,0.087666213138757609
Deshon Foxx,WR,SEA,10.659909454875827,4500.0,0.40586422792690063,0.19255712224660654,0.13175743907206877,0.081162154477586124,0.078067912706756559,0.065793771253928546,0.044797372316152904
Kevin Smith,WR,SEA,10.659909454875827,4500.0,0.40586422792690063,0.19255712224660654,0.13175743907206877,0.081162154477586124,0.078067912706756559,0.065793771253928546,0.044797372316152904
Josh Doctson,WR,WAS,10.627165710895264,4500.0,0.42751537021932551,0.17342568321308102,0.12680188646420443,0.083117716290687843,0.070194525733468363,0.06991258885559215,0.049032229223640762
Levi Norwood,WR,PIT,10.457286611940978,4500.0,0.44390609508369511,0.16494964531789061,0.12689035386172304,0.077851987531178057,0.069258225083783556,0.06619726591536855,0.050946427206361174
Markus Wheaton,WR,PIT,10.457286611940978,4500.0,0.44390609508369511,0.16494964531789061,0.12689035386172304,0.077851987531178057,0.069258225083783556,0.06619726591536855,0.050946427206361174
Canaan Severin,WR,PIT,10.457286611940978,4500.0,0.44390609508369511,0.16494964531789061,0.12689035386172304,0.077851987531178057,0.069258225083783556,0.06619726591536855,0.050946427206361174
Marquess Wilson,WR,CHI,10.440059527745168,5400.0,0.25821442861754557,0.40088087381917531,0.14393063265091152,0.07560612808065019,0.033948170033495685,0.021046521424226156,0.066373245373995554
Kadron Boone,WR,NYG,10.425316662385539,4500.0,0.42149937738877774,0.18733303408712493,0.13164773125483528,0.076567744081697753,0.073559132565336569,0.067039533780404295,0.042353446841823288
Duke Williams,WR,LARM,10.407424389342435,4500.0,0.40793398261300545,0.19750573050056122,0.13977382666857041,0.075811322972278619,0.075483756286634826,0.065087650843840786,0.038403730115108579
Paul McRoberts,WR,LARM,10.407424389342435,4500.0,0.40793398261300545,0.19750573050056122,0.13977382666857041,0.075811322972278619,0.075483756286634826,0.065087650843840786,0.038403730115108579
Nelson Spruce,WR,LARM,10.407424389342435,4500.0,0.40793398261300545,0.19750573050056122,0.13977382666857041,0.075811322972278619,0.075483756286634826,0.065087650843840786,0.038403730115108579
Tevin Jones,WR,HOU,10.239780608489363,4500.0,0.42495212833974594,0.19391673746394331,0.13190784990206625,0.072276511217700901,0.075234703544792544,0.05911541023923883,0.042596659292512259
Donteea Dye,WR,TB,9.9941848912838651,4500.0,0.46342618529984841,0.17114419962028049,0.11261104112500353,0.077025275818928637,0.067348519855423117,0.068593512876897245,0.03985126540361858
Vincent Jackson,WR,TB,9.9941848912838651,4500.0,0.46342618529984841,0.17114419962028049,0.11261104112500353,0.077025275818928637,0.067348519855423117,0.068593512876897245,0.03985126540361858
Cecil Shorts III,WR,TB,9.9941848912838651,4500.0,0.46342618529984841,0.17114419962028049,0.11261104112500353,0.077025275818928637,0.067348519855423117,0.068593512876897245,0.03985126540361858
Johnny Holton,WR,OAK,9.9419334414302458,4500.0,0.39422545356873756,0.27192439966060428,0.10558278047716184,0.0839140995770499,0.055764819626267302,0.03021983710084063,0.058368609989338349
Rashawn Scott,WR,MIA,9.8682871475481253,4500.0,0.44525772493590005,0.18983427827266453,0.13050331814929034,0.06868173959832917,0.068733040095806608,0.059063471601263191,0.037926427346746144
Tyler Murphy,WR,MIA,9.8682871475481253,4500.0,0.44525772493590005,0.18983427827266453,0.13050331814929034,0.06868173959832917,0.068733040095806608,0.059063471601263191,0.037926427346746144
DeVier Posey,WR,DEN,9.8093647493056526,4500.0,0.45331970757991152,0.18908753537861017,0.11968577908694907,0.072361914119187284,0.06840849669179469,0.059129039499450489,0.038007527644096796
Bralon Addison,WR,DEN,9.8093647493056526,4500.0,0.45331970757991152,0.18908753537861017,0.11968577908694907,0.072361914119187284,0.06840849669179469,0.059129039499450489,0.038007527644096796
Marlon Brown,WR,DEN,9.8093647493056526,4500.0,0.45331970757991152,0.18908753537861017,0.11968577908694907,0.072361914119187284,0.06840849669179469,0.059129039499450489,0.038007527644096796
Durron Neal,WR,DEN,9.8093647493056526,4500.0,0.45331970757991152,0.18908753537861017,0.11968577908694907,0.072361914119187284,0.06840849669179469,0.059129039499450489,0.038007527644096796
Travis Benjamin,WR,SD,9.76227646445275,5200.0,0.43681278433181225,0.20174557477733562,0.13790459181814244,0.051110286521177634,0.076338109687616784,0.07223933830167889,0.023849314562236157
Allen Robinson,WR,JAC,9.7205660444311555,7000.0,0.3462518067899284,0.26635854413556898,0.20274973699677773,0.061217178428938222,0.071657506816970057,0.023000230802929882,0.028764996028886533
Keyarris Garrett,WR,CAR,9.7124553316344926,4500.0,0.45102911441053578,0.19283981966176292,0.12741782941606758,0.069303451674017108,0.06388507758626949,0.059697116445256458,0.035827590806090638
Damiere Byrd,WR,CAR,9.7124553316344926,4500.0,0.45102911441053578,0.19283981966176292,0.12741782941606758,0.069303451674017108,0.06388507758626949,0.059697116445256458,0.035827590806090638
Justin Hardy,WR,ATL,9.5075133349670615,4500.0,0.45298632198611899,0.19822010857709249,0.099948070242605935,0.079642858229452593,0.11165354734717907,0.037483636440031227,0.020065457177519671
Malcolm Mitchell,WR,NE,9.4338614589828467,5600.0,0.55917381752550499,0.14865283456156217,0.081740772751103197,0.061003720043338275,0.020691210507845465,0.018621853598528776,0.11011579101211696
Willie Snead,WR,NO,9.4121746205087256,6500.0,0.48171321692330732,0.19491017101918623,0.11114019195066566,0.05999488933149498,0.063912712636268035,0.029685644841556502,0.058643173297521216
Andre Holmes,WR,OAK,9.3751753153436361,4500.0,0.53569514407626673,0.13781942468236277,0.12037029879703318,0.052152167096479789,0.057861327399347753,0.010724944506563715,0.085376693441946067
Dorial Green-Beckham,WR,PHI,9.3698498090314111,4500.0,0.36482682406545236,0.29068936823044483,0.16506093805441205,0.080658732963805616,0.045906887874733883,0.010678100130548301,0.042179148680602997
Percy Harvin,WR,BUF,9.2648077878365189,4900.0,0.58342732125972185,0.11925578233527453,0.087273548263322245,0.051096473992158359,0.044028836375442089,0.011475556202923523,0.1034424815711575
DeAndre Hopkins,WR,HOU,9.158283203459149,6700.0,0.43330551364949765,0.34222762499684078,0.039984754287845654,0.058692237889245401,0.020363920814869024,0.022227702772649488,0.083198245589051992
Marqise Lee,WR,JAC,9.0493346320639159,5600.0,0.39504574223470124,0.25221290572610916,0.18254041230647575,0.069836034293410149,0.05536976065393083,0.02058826035143721,0.024406884433935763
Will Fuller,WR,HOU,8.983217356381731,5600.0,0.50232534181709121,0.25870749720273389,0.057277221331697645,0.035897229806928346,0.039396787999513329,0.02231386798790155,0.084082053854133962
Jermaine Kearse,WR,SEA,8.9416451949695208,4600.0,0.43103209904564577,0.23514070219620561,0.14831476543644798,0.079972918274883467,0.058228699942711598,0.015863364564919904,0.031447450539185628
Michael Floyd,WR,ARI,8.8591413869935742,4900.0,0.41271723929699061,0.34346552114307116,0.055436640253669123,0.074338619384883856,0.030576454946725569,0.046905409685690624,0.036560115288968992
Brandin Cooks,WR,NO,8.7771899768812709,6800.0,0.52466495458121498,0.17035293704938709,0.11311017549501207,0.049401418312130012,0.070106141248391263,0.026755026088821538,0.045609347225043076
Sammy Watkins,WR,BUF,8.6649417063603043,6300.0,0.38222056266966103,0.33826069076921511,0.11962825413873263,0.068503007090822077,0.044628555612109766,0.021656763114673832,0.025102166604785578
Rashad Greene Sr.,WR,JAC,8.4815994700082538,4500.0,0.5249238403392531,0.18974980469372632,0.10070312526444151,0.056978109517060685,0.049632899228515132,0.047587681937814381,0.030424539019188745
Tony Washington,WR,JAC,8.4815994700082538,4500.0,0.5249238403392531,0.18974980469372632,0.10070312526444151,0.056978109517060685,0.049632899228515132,0.047587681937814381,0.030424539019188745
Jeff Janis,WR,GB,8.4702431724095035,4500.0,0.56598154966479786,0.15997342799534206,0.088732048153722334,0.050405820310205837,0.063730706237622739,0.0081173902340023613,0.063059057404306715
Steve Smith Sr.,WR,BAL,8.3297841641075596,6100.0,0.54231201042263855,0.16970289031440586,0.10684719879198719,0.055859083831100775,0.053641158606553808,0.04348474547528311,0.028152912558030572
Tyler Lockett,WR,SEA,8.2108038329603357,5000.0,0.49012133358371446,0.21493968581062353,0.14132400742354939,0.058001227313195604,0.051515544902454684,0.014754067931377441,0.029344133035084912
Jordan Norwood,WR,DEN,8.1915542931981093,4500.0,0.49362166324625462,0.21254920803560232,0.12056707698118869,0.072406663082404704,0.055962207119353978,0.032164667374506732,0.012728514160688995
Kelvin Benjamin,WR,CAR,8.1177046268037323,6800.0,0.44576407804861296,0.26721714652224121,0.14851885522420441,0.05802556742082482,0.039521086774828768,0.026047473354708795,0.014905792654578878
Deonte Thompson,WR,CHI,8.0736041746798026,4500.0,0.59564895779926741,0.19351341272507641,0.040954317660678578,0.055750940048506219,0.013687868619247314,0.023729852126625168,0.076714651020598962
Brandon LaFell,WR,CIN,7.9411689738930811,4900.0,0.62713960791729784,0.17224620682764658,0.036449338888048098,0.034878835341019029,0.032252198282417446,0.014184114540710684,0.082849698202860464
Trevor Davis,WR,GB,7.7536235025222151,4500.0,0.62860476050160552,0.13585637951891402,0.080194159241412336,0.03673275474194504,0.047889023913187709,0.0046489006099733809,0.066074021472961805
Jordan Taylor,WR,DEN,7.7075155422031845,4500.0,0.52142336287397018,0.22619157283766733,0.10418354930747768,0.057500320941848156,0.038985123545313971,0.03843431881865618,0.013281751675066605
Bryan Walters,WR,JAC,7.6686789666219397,4500.0,0.54708279515609604,0.17597631375903344,0.13606102774709994,0.042719974212327955,0.055147069819619407,0.02846273555477194,0.014550083751051306
Tavarres King,WR,NYG,7.6591532408714258,4500.0,0.58074320305410698,0.17854603054752133,0.072749167713147461,0.069885048843335143,0.035033608520976957,0.034521611332915252,0.028521329987996818
Quinton Patton,WR,SF,7.6584022425124054,4500.0,0.46243408193511409,0.25108892953305351,0.18165386179567511,0.041833857972582801,0.045391462564874543,0.0027795793938136756,0.014818226804886482
Brandon Coleman,WR,NO,7.6034495390726358,4500.0,0.64473150393058332,0.12774454112061362,0.065658521768569761,0.042314878562086843,0.040965149437775517,0.026654695968667309,0.051930709211703827
Aldrick Robinson,WR,ATL,7.5704330059893596,4500.0,0.60393177663653019,0.1435490860717569,0.077972256374717289,0.054010168379644057,0.079971387576046896,0.020665110209945513,0.019900214751358943
Bennie Fowler,WR,DEN,7.5428466236495515,4500.0,0.47297016244744977,0.29458898708737774,0.097760986146804174,0.06513276970208344,0.037607594711496599,0.023318047989623995,0.0086214519151642677
Eric Weems,WR,ATL,7.5418129520414396,4500.0,0.60598216879327849,0.1428629352780291,0.077677753074104197,0.054051537285640702,0.079241369205325263,0.020115650706478867,0.020068585657143537
Braxton Miller,WR,HOU,7.472144669025119,4500.0,0.59641377113046923,0.22765314714084048,0.040460089766049805,0.03753053197684883,0.019570589573584853,0.0096236698480977982,0.068748200564109047
Darrius Heyward-Bey,WR,PIT,7.3746903264174923,4500.0,0.57561868002930017,0.11989116880644622,0.18919143903209737,0.039509182946591316,0.047583056446628129,0.010358552677678629,0.017847920061258158
Antonio Brown,WR,PIT,7.2756331616228378,9000.0,0.38464152586433703,0.35844500238749144,0.21632785674381522,0.01709977295559292,0.01576616720972784,0.00034397180665018696,0.0073757030323853062
Kenny Britt,WR,LARM,7.2747466920027559,6900.0,0.39032833878937123,0.36348786074444089,0.19645975693060277,0.027017955856246577,0.011602429308981199,0.00073026694472166334,0.010373391425635713
De'Anthony Thomas,WR,KC,7.2352751710154708,4500.0,0.68470272504819873,0.11193761410096081,0.058047033955035673,0.026538074199144942,0.050808230809634668,0.0037365906063842702,0.064229731280641064
J.J. Nelson,WR,ARI,7.2249909706940603,5100.0,0.52173154589802373,0.31538125910155579,0.038624286500548506,0.056468373605148219,0.014780005222879948,0.013834148358526486,0.039180381313317296
Cody Core,WR,CIN,7.2078525151243458,4500.0,0.5748046830724598,0.21755276955049357,0.087907632435358984,0.037476782685584922,0.03244309078148596,0.01186534144270006,0.037949700031916743
Paul Richardson,WR,SEA,7.1655794643672817,4500.0,0.56519765097690666,0.20316428761374117,0.1067121759349141,0.049067158615499075,0.043079070545339035,0.010705513784244756,0.022074142529355325
Nelson Agholor,WR,PHI,6.8885525532159564,4500.0,0.65597671223205622,0.10962078761109643,0.10068221352834017,0.046105460310168718,0.052329311224587144,0.0068427853085495337,0.028442729785201848
Tanner McEvoy,WR,SEA,6.8205639483523628,5000.0,0.63656659742970356,0.1505553609501615,0.10058201203904332,0.027755077982723562,0.04543457750270101,0.0045343806257242148,0.034571993469942844
Allen Hurns,WR,JAC,6.8031166807973431,5000.0,0.62374981975478128,0.16616630140952746,0.10415513354503787,0.035210267895948902,0.025580842467541273,0.010134688616471843,0.035002946310691424
Rashad Ross,WR,WAS,6.7239275381653334,4500.0,0.68254021117813601,0.11996378018660762,0.055857824244707768,0.048285816092001319,0.037466994537127762,0.029916184611132126,0.02596918915028739
Cody Latimer,WR,DEN,6.6859073123214454,4500.0,0.63948307802956617,0.16291380555400073,0.064279674291080044,0.063084965394541892,0.027931320336641998,0.020178923842777759,0.022128232551391642
Brenton Bersin,WR,CAR,6.5697234972728822,4500.0,0.67988112601748052,0.10960272991231779,0.081816379553370094,0.045240431585192205,0.032642970382479146,0.037260214946344454,0.013556147602815835
Cameron Meredith,WR,CHI,6.5247229609035777,5600.0,0.67951262032662652,0.17759554598392657,0.027014766670160756,0.035420669460970902,0.0071629495379643172,0.025334470540388388,0.047958977479962438
Alex Erickson,WR,CIN,6.5094351181770005,4500.0,0.72260775957767887,0.12921699974346837,0.031657980848032126,0.022008912953307907,0.024463019113913992,0.0065462557220698726,0.063499072041528964
Mike Wallace,WR,BAL,6.5004052487119877,6500.0,0.54021329000957941,0.26117249407947307,0.12504717534151902,0.037268907605331081,0.023181318826436231,0.00065139002443299584,0.012465424113228188
DeVante Parker,WR,MIA,6.2058385562597786,6500.0,0.54581886293899429,0.27849579221145332,0.11818401911783566,0.027584991191058089,0.018945920704500897,0.0023616436809151004,0.0086087701552427232
Justin Hunter,WR,BUF,6.0776279785175555,5400.0,0.69754509656067909,0.10678510439455048,0.10296281982166078,0.031845247073369949,0.033944725531977561,0.0023068897985564474,0.024610116819205649
Marquise Goodwin,WR,BUF,6.060443218462007,5200.0,0.68120856970619448,0.12038211973534788,0.12203502431965409,0.022148923578943502,0.028132820051009498,0.00062873505376741907,0.02546380755508303
Devin Funchess,WR,CAR,5.9312022106039226,4700.0,0.66810954908863573,0.17272137815414487,0.074893427966146356,0.032419490958295695,0.019044437764288914,0.01532011356191303,0.017491602506575273
Eli Rogers,WR,PIT,5.8725924276979571,5200.0,0.63313619637402674,0.19509294986261153,0.11065163795379128,0.025083522189988706,0.019934697311098142,0.0010157147000690637,0.015085281608414377
Torrey Smith,WR,SF,5.8680545948415102,4800.0,0.60397877287938895,0.22488546724244796,0.11250097910342163,0.028801596945576682,0.021162005414896923,0.0024613191133654212,0.0062098593009024435
Brian Quick,WR,LARM,5.8128017526886762,4500.0,0.62667872875563646,0.20174747994122003,0.11857788393200705,0.027079398425448535,0.009961073639414942,0.00075714439485285415,0.015198290911420224
Jake Lampman,WR,NO,5.734459274908807,4500.0,0.76802261969566721,0.074701736272765565,0.061613736928883077,0.020745340865951818,0.03771364246755405,0.0039646347443331141,0.033238289024845033
Chris Harper,WR,SF,5.6401356788920527,4500.0,0.65227642253141127,0.23241146878085231,0.052770750833669645,0.027103612732480103,0.0074827735580024687,0.0019167215083522829,0.026038250055231891
Randall Cobb,WR,GB,5.5660412137104442,6300.0,0.68252645488812591,0.16643438886744474,0.099254203497029056,0.016150361750463079,0.012488930938880803,0.00039210166912927462,0.022753558388927231
John Brown,WR,ARI,5.4875009923022855,5400.0,0.68487340740123936,0.21772239881707778,0.021298161016000537,0.035266884439374653,0.0088380122644192462,0.0079857394444646894,0.024015396617423683
Ryan Grant,WR,WAS,5.4095075362630354,4500.0,0.81553050170778474,0.073464977733677647,0.01594884350481621,0.024566989374672273,0.015520484697947881,0.011024922522446525,0.043943280458654761
Geronimo Allison,WR,GB,5.3884972909846987,4600.0,0.74157579801502849,0.12990545300522693,0.064897417785721709,0.014908221667307091,0.016996869276797551,0.0005790227422065575,0.031137217507711566
Victor Cruz,WR,NYG,5.3688192353837314,4900.0,0.66637638129646704,0.18752876680186148,0.10285337824641007,0.016744417735693625,0.015700954101805473,0.0017889384317948947,0.0090071633859673001
Keith Mumphery,WR,HOU,5.2700393225932434,4500.0,0.73287282491433381,0.18066764808102798,0.025271903417761497,0.017194534091109406,0.0053031371279865236,0.00098962104916778615,0.037700331318613015
Sterling Shepard,WR,NYG,5.2472302892518856,5800.0,0.67973028857519779,0.19206628316446347,0.08468626782877399,0.018599459435959458,0.011394257012265097,0.00084703548018950686,0.012676408503150684
Jeremy Kerley,WR,SF,5.2265772080488144,5300.0,0.66801519896387673,0.20278129808243256,0.092177843850784563,0.013606510013668921,0.013557197406238345,0.00064836651979472933,0.0092135851632042139
Tavon Austin,WR,LARM,5.00783940819323,5000.0,0.68110937636090074,0.1999315959859565,0.089509411543374426,0.015772153759816318,0.0052548285340575764,0.00031028843536894612,0.0081123453805256023
Demarcus Robinson,WR,KC,4.910888026997613,4500.0,0.79870624547487556,0.097122817764932021,0.048028171191237867,0.01280069877680743,0.012132542435211809,0.00053048609282175792,0.030679038264113313
Isaiah Burse,WR,SD,4.6718394831486103,4500.0,0.75707750345747804,0.14229126956789231,0.057208819710846015,0.019444333635256245,0.013433495909953215,0.0019651680507832142,0.008579409667790798
Rod Streater,WR,SF,4.6545072065425579,4500.0,0.74150659004148689,0.16326927053965354,0.063096666539978807,0.012401458176330576,0.0092912528422299315,0.00050433353406112414,0.0099304283262589693
Breshad Perriman,WR,BAL,4.49999607290962,5200.0,0.77550908171146093,0.13682131054713825,0.0512342726213618,0.013945441873608718,0.010596420972111512,0.00054681366685385637,0.01134665860746473
Bradley Marquez,WR,LARM,4.4510826859042796,4500.0,0.7670458582009736,0.1444344979367452,0.061082450803264417,0.01259626661668072,0.0040988782932400679,0.00026032556969666273,0.010481722579399382
Brittan Golden,WR,ARI,4.4075106559835966,4500.0,0.77097946433976972,0.17032244939369912,0.022475388601535338,0.016508699903982023,0.0040237645913876472,0.00091917938674448084,0.014771053782881622
Pharoh Cooper,WR,LARM,4.39382526087019,4500.0,0.77717999669010129,0.13502813810084449,0.061010539159670932,0.012061950122785339,0.0038924564747162445,0.00027654463373287861,0.01055037481814867
Kamar Aiken,WR,BAL,4.387548874098111,4500.0,0.79761530399463731,0.12279176158161517,0.043207116570580045,0.014204676474649283,0.0071529346247130622,0.00040355448379099791,0.014624652270014126
Eddie Royal,WR,CHI,4.3722288826798863,5100.0,0.82027756829967535,0.11771862223221854,0.020326269330597557,0.013028026330860552,0.0031158204406127143,0.00096116799446492661,0.024572525371570234
Mike Thomas,WR,LARM,4.3414095364860543,4500.0,0.78575953205239835,0.12949733624558496,0.058160966869646627,0.011533653889725735,0.0038406884792405172,0.0002346161906204858,0.010973206272783212
Roger Lewis,WR,NYG,4.3014702561530083,4500.0,0.78788933941757511,0.1352041038080061,0.04558450589337093,0.013755138027085787,0.0081043582195981598,0.00084567763144111215,0.0086168770029227959
Freddie Martino,WR,TB,4.3001801484847411,4500.0,0.82884290100216951,0.085571246988509472,0.046713075383324802,0.0095845664488676523,0.014507427159289387,0.0012132437719503649,0.013567539245888738
Arrelious Benn,WR,JAC,4.2686079031508335,4500.0,0.83507127031135053,0.082935516959638397,0.041285680052527557,0.013596006034142901,0.01036876591479401,0.0019175486167896172,0.014825212110756976
Dwayne Harris,WR,NYG,4.2552098432536143,4500.0,0.80213410593253787,0.12388844553990584,0.043112773423852072,0.011743374090104737,0.0070249609889710242,0.00068546674877989001,0.011410873275848506
Bryce Treggs,WR,PHI,4.24999664912648,4500.0,0.79618362797257813,0.12149772118785021,0.052563511606519904,0.013798852383905436,0.00852008544758312,0.00029174841853619934,0.0071444529830271067
Kenny Stills,WR,MIA,4.2274744833817257,5600.0,0.77468904635893887,0.15337795913000138,0.047567601917136819,0.011822053403833596,0.0077317707829450046,0.00045780285176606739,0.0043537655553783083
Ted Ginn Jr.,WR,CAR,4.0475568225333722,4900.0,0.84300142283881196,0.089953699651795643,0.033965216668211416,0.012120932323345929,0.0073949602194987767,0.0016532668458409915,0.011910501452495116
Aaron Burbridge,WR,SF,3.8796544643989046,4500.0,0.83952967852943294,0.10017545234219159,0.039548683394061354,0.0072097385855680509,0.0050537169888691174,0.0002158373346083435,0.0082668928252683585
Jarvis Landry,WR,MIA,3.7555736253434593,6400.0,0.8317772546520763,0.11437714030484944,0.039529605559899109,0.0065940364740070308,0.0048556848677544636,0.00010485544545613175,0.0027614226959576261
Chris Moore,WR,BAL,3.7147609590681214,4500.0,0.87740804563912644,0.07404358371396963,0.024012189199932331,0.0079265922805174371,0.0042200371948340433,0.00020518915775228147,0.012184362813867712
Devin Hester,WR,BAL,3.7027713545968126,4500.0,0.87859256303616173,0.073364071129282796,0.023763526866240895,0.0078392013890616185,0.0041657246809506865,0.00020286044823566104,0.012072052450066472
Corey Brown,WR,CAR,3.6334252877242563,4500.0,0.88523401260871293,0.066223287342764711,0.023874962814172493,0.0092615491556638976,0.0052035192749128462,0.0014694848116188453,0.0087331839921544717
Cobi Hamilton,WR,PIT,3.4779564172948199,4500.0,0.88890796050043919,0.070019717903509179,0.026010902305199944,0.0046599713842415784,0.0030650410132673539,0.000251308044977669,0.0070850988483649961
Leonte Carroo,WR,MIA,3.4712228948709574,4500.0,0.88502396210597645,0.07474315684966544,0.023029455128417926,0.0076251159375006657,0.0045009607648545582,0.00029296592835368495,0.004784383285231052
Jakeem Grant,WR,MIA,3.3228456829143727,4500.0,0.90542545474349068,0.059953878236136793,0.01974855544504843,0.0062266059660294167,0.0037633386248274022,0.00023274022653119929,0.0046494267579364262
Sammie Coates,WR,PIT,3.1941695735353988,4500.0,0.92312424227264844,0.047958701694223248,0.018253756796077675,0.0029820498519506299,0.0017678666866853987,5.7936281058149616e-05,0.0058554464173564509
Odell Beckham Jr.,WR,NYG,2.7323921101229347,9000.0,0.96298668830864831,0.030720059617305163,0.0052035007549973014,0.00036963151729084469,0.00017484230748678972,8.0439819861723122e-07,0.00054447309607296443
