name,pos,team,expectation,salary,prob_0_5,prob_5_10,prob_10_15,prob_15_20,prob_20_25,prob_25_30,prob_30+,label
Jordy Nelson,WR,GB,13.17292364310015,7400.0,0.1517399425915727,0.27477733403345034,0.22312851118344632,0.14811036764238425,0.10746177093752005,0.051140861955413813,0.043641211656213028,1.0
Mike Evans,WR,TB,12.875158872877689,8500.0,0.16212819346874599,0.24819746672079168,0.25992830227086017,0.15322890067388242,0.091978228203311474,0.046749878551683964,0.037789030110724937,2.0
Doug Baldwin,WR,SEA,12.10604332492605,6900.0,0.19070908807767334,0.26018308211156094,0.25063667967677394,0.14690181167803809,0.083451013587320336,0.038350918339609352,0.02976740652902439,1.0
Odell Beckham Jr.,WR,NYG,11.943296577662712,9000.0,0.31213879773105296,0.21522891226574778,0.15096660674513843,0.12979519907868373,0.085904970511583204,0.033522752231017958,0.07244276143677604,0.0
Brandin Cooks,WR,NO,11.77209858492871,6800.0,0.23416679527974307,0.24900263208444018,0.21672102836686599,0.13596071781686392,0.096334305663434899,0.04135915537533387,0.026455365413318273,1.0
Davante Adams,WR,GB,11.730302770252557,6800.0,0.19881287625164024,0.29345813156731648,0.23033654990323862,0.12617003363017892,0.085326759583136527,0.037473023643700552,0.028422625420789448,1.0
Antonio Brown,WR,PIT,11.725358309011234,9000.0,0.22579907092533313,0.25219188634412937,0.23224491867845543,0.13921916956501879,0.086399602675136175,0.034540512047946677,0.029604839763980356,1.0
Michael Thomas,WR,NO,11.611204434434931,6900.0,0.21450932452592075,0.27109199132676776,0.2285401027439718,0.14834869429565736,0.076403741333118655,0.03585487045455879,0.02525127532000521,1.0
Willie Snead,WR,NO,11.589858125004318,6500.0,0.22374701852876847,0.27467292266949689,0.21920457670989896,0.13376110727333093,0.082915732712640036,0.036731918298072416,0.028966723807792794,1.0
Julio Jones,WR,ATL,11.489268768794206,8300.0,0.26995479850797077,0.24986528229834487,0.1815818408841888,0.13527989129577955,0.090323088308580837,0.037850252675280825,0.035144846029854307,0.0
Amari Cooper,WR,OAK,11.35540134236861,7800.0,0.24941701837673266,0.24853864819551724,0.22525957595670984,0.13954738532016281,0.077421286816393528,0.030072926356947857,0.029743158977535971,0.0
Julian Edelman,WR,NE,11.102189350635024,6600.0,0.25337873505646624,0.26090411676505026,0.22769659839929052,0.13068953472499542,0.066697766040324388,0.032556820242058013,0.028076428771815289,1.0
Jamison Crowder,WR,WAS,10.682482659343179,6600.0,0.26669145317982035,0.27152766364003161,0.22607325275946802,0.12028781089595658,0.0615899533218634,0.029530009056166286,0.024299857146694304,1.0
Allen Robinson,WR,JAC,10.609578727488074,7000.0,0.26437837113075374,0.29880787802366843,0.1938337507782876,0.12324407477372974,0.066577157021970354,0.030754986838027187,0.022403781433563714,1.0
Kelvin Benjamin,WR,CAR,10.388815564873401,6800.0,0.29428906748463579,0.27232790926083739,0.19813142102659512,0.11939528036074339,0.063791763582536243,0.028400108401309375,0.023664449883343146,0.0
Randall Cobb,WR,GB,10.367471586588344,6300.0,0.29605938319737668,0.27681855210046324,0.19639773369968178,0.11528570972160716,0.062773076679637038,0.023596785315702581,0.029068759285532143,0.0
Demaryius Thomas,WR,DEN,10.350241039963048,7100.0,0.2897792611115762,0.28924528295826585,0.18323366725510121,0.11622330284633636,0.073801133839683314,0.026467760868231792,0.021249591120806086,0.0
Jordan Matthews,WR,PHI,10.316928144030767,5700.0,0.28817533991847027,0.27213693813039508,0.21080499169628519,0.11906848371291015,0.067506801149676332,0.021728229002639234,0.020579216389624001,0.0
Larry Fitzgerald,WR,ARI,10.31193124381284,7000.0,0.30444415795593349,0.26970508834373019,0.19830747557826955,0.11045137129961881,0.056841462521197227,0.036187761786317281,0.024062682514933414,0.0
Jarvis Landry,WR,MIA,10.086446499869057,6400.0,0.31076630912605008,0.27475055516456603,0.18991142374631573,0.10836192601164363,0.071209925404607077,0.026472450594040371,0.018527409952777296,0.0
Michael Crabtree,WR,OAK,10.010842894274315,6400.0,0.31928608118763224,0.26303412807268167,0.19968026690724777,0.11052955322744804,0.061594382643587034,0.024255730025420381,0.021619857935983339,0.0
Golden Tate,WR,DET,9.9134253776575925,5900.0,0.32783131006015342,0.25746525281464705,0.197719688431958,0.11248583517442622,0.060552085244095631,0.023688856288255799,0.02025697198646392,0.0
Pierre Garcon,WR,WAS,9.7639122183540632,5500.0,0.33083572411697143,0.26108262908484176,0.20794373321497517,0.10343110961771097,0.050812065261269829,0.02403002887979469,0.021864709824436123,0.0
DeAndre Hopkins,WR,HOU,9.6757127525706448,6700.0,0.33979250964183255,0.27525232141572398,0.17978110538859302,0.10347000392257867,0.051979980032023559,0.027472287313150361,0.022251792286097919,0.0
Emmanuel Sanders,WR,DEN,9.5853598657536363,6400.0,0.32867606296967239,0.29053054859447491,0.17691965135094462,0.10679357013036912,0.05678452615371133,0.024492238904647471,0.015803401896180434,0.0
Tyrell Williams,WR,SD,9.4589691149666972,6600.0,0.34227264294264248,0.28151209212786671,0.18725865418696638,0.088625443676872404,0.060485383597500095,0.020700690314711848,0.019145093153440446,0.0
Mike Wallace,WR,BAL,9.4235440600269538,6500.0,0.33700040610689241,0.28645028593953376,0.18137216647021764,0.10489529161738119,0.056796920387310532,0.016007603258193247,0.017477326220472218,0.0
DeVante Parker,WR,MIA,9.314146303683037,6500.0,0.36018710533113846,0.26190878795503569,0.18490357919649281,0.099457574345922034,0.055715193449089845,0.024000413760418598,0.013827345961902673,0.0
Kenny Britt,WR,LARM,9.1446519624544376,6900.0,0.35125887797716354,0.28836652898145537,0.1829817583516882,0.091482135610761975,0.051954275230754174,0.01891994397493231,0.015036479873244862,0.0
Mohamed Sanu,WR,ATL,9.091259170917759,5700.0,0.39269590720558167,0.22868235658862154,0.18580643913543354,0.10299832797803253,0.057714509420845224,0.020374940105383679,0.011727519566102488,0.0
DeSean Jackson,WR,WAS,8.8690636305173456,6000.0,0.38162036793781262,0.27376949967502073,0.17485991112768817,0.090386311639420056,0.043823940780812219,0.01809406088236036,0.017445907956886279,0.0
Tyreek Hill,WR,KC,8.8657840083831552,5800.0,0.36606823044387043,0.28956032628229134,0.1846611996579918,0.083325288700653657,0.042643071895194548,0.017064211489581496,0.016677671530416851,0.0
Kenny Stills,WR,MIA,8.8315178867591424,5600.0,0.3924816498990728,0.26330980880012445,0.16999673616432232,0.090121342229387294,0.048569661834174077,0.021685056517182597,0.01383574455573664,0.0
Sterling Shepard,WR,NYG,8.739443963420964,5800.0,0.40788281058929254,0.24894594727267885,0.1733049579523693,0.085718437912164727,0.050538858262469268,0.016957492900843214,0.016651495110182733,0.0
A.J. Green,WR,CIN,8.5463315542760352,7400.0,0.44981019771102915,0.23302159042707316,0.14510637070286306,0.078121008853046708,0.049697214857457379,0.023135613588006098,0.021108003860524256,0.0
Marqise Lee,WR,JAC,8.308017552864694,5600.0,0.40127000730613094,0.29044704653201003,0.16430514352802428,0.080984134973041633,0.036855931753396701,0.011816825563939284,0.014320910343457243,0.0
Cameron Meredith,WR,CHI,8.1785955919031501,5600.0,0.44591549581345213,0.25297079128294531,0.14907654295501263,0.078555638706108391,0.04060052225440558,0.018133548247186718,0.014747460740889021,0.0
Adam Humphries,WR,TB,7.9696143730666611,4900.0,0.4349441279778184,0.273939186182585,0.15536068103337314,0.074378562418881813,0.039546429786125221,0.0093071079633708087,0.012523904637846198,0.0
Dontrelle Inman,WR,SD,7.8334212718772918,5200.0,0.4501504608880742,0.27008141037947769,0.14907449746581766,0.070003793399940756,0.033816318150696113,0.014333787928148722,0.012539731787845326,0.0
Will Fuller,WR,HOU,7.7629815403767672,5600.0,0.46693306390536604,0.25956290775911123,0.13939951357322164,0.074458505269666519,0.03067525394112941,0.013434712992335864,0.015536042559169598,0.0
Chris Hogan,WR,NE,7.7179493337243805,5500.0,0.49561149710672608,0.21452336412593362,0.15072160438365553,0.071067605044821971,0.042472917579200568,0.014593845358296631,0.011009166401366113,0.0
Taylor Gabriel,WR,ATL,7.5516900245595941,5700.0,0.48982482950600065,0.23420762747188159,0.14206379857304921,0.082284598800244135,0.029518012313442418,0.011053621360367515,0.011047511975015219,0.0
Jeremy Kerley,WR,SF,7.1885508958607369,5300.0,0.51675089320015732,0.23604291497462096,0.12984195640833682,0.061974448915115152,0.036134495244321226,0.0090915796767973133,0.010163711580651666,0.0
Allen Hurns,WR,JAC,7.1784655138110471,5000.0,0.50310190143973932,0.25561637556392641,0.13384552610767608,0.059229194475206429,0.024475661522415818,0.011638846882725812,0.012092494008310643,0.0
Anquan Boldin,WR,DET,7.1269047899471403,5000.0,0.51246216878268114,0.24908863448277713,0.12506974441965746,0.065570572165374971,0.026767644484825475,0.0095983277256936079,0.011442907938990861,0.0
Tavon Austin,WR,LARM,7.1241318222867323,5000.0,0.50385958389959196,0.26205760181060384,0.12500887006980071,0.06308104113320831,0.0233418900563514,0.011394163877180993,0.011256849153262444,0.0
Eli Rogers,WR,PIT,7.0417353175300397,5200.0,0.52779849844353843,0.23140116502336586,0.13178408315762816,0.059313077907894987,0.028236865696848901,0.011359985235597007,0.0101063245351262,0.0
Brandon LaFell,WR,CIN,7.0112437805813546,4900.0,0.53521645575270183,0.22776132383580616,0.13063733844671324,0.057256405923808047,0.023594948591256274,0.012602790115032961,0.012930737334680678,0.0
Tyler Boyd,WR,CIN,6.9386293484039303,5400.0,0.53605736192666931,0.23134018809732368,0.12827366110867741,0.05938512731711644,0.02224605265010067,0.0098904606909123605,0.012807148209199114,0.0
John Brown,WR,ARI,6.8193863150614096,5400.0,0.56923866237480081,0.21180070186736169,0.10913457556754219,0.05680100987428402,0.02337461622959033,0.015214604062076215,0.014435830024344867,0.0
Ted Ginn Jr.,WR,CAR,6.7363737440381124,4900.0,0.60125770080192742,0.18483384122693125,0.10754099113701568,0.048539450567746514,0.024667208301482904,0.0083156742495594498,0.024845133715337125,0.0
J.J. Nelson,WR,ARI,6.7304945176559796,5100.0,0.55998009281088568,0.21974197539580165,0.11261254239600718,0.064244178907880992,0.022829379255557287,0.011176742281750893,0.0094150889521159246,0.0
Seth Roberts,WR,OAK,6.6846770846549184,4800.0,0.56180237624764617,0.21244774016401441,0.13172661123233781,0.053393545083572642,0.018958552841361411,0.010562017410539234,0.011109157020528284,0.0
Tyler Lockett,WR,SEA,6.6532509998083604,5000.0,0.57036540759061471,0.21309689567868248,0.11550640447096829,0.059227814192531023,0.020425383511029412,0.0078680639305304997,0.013510030625644532,0.0
Marquise Goodwin,WR,BUF,6.6510416375615025,5200.0,0.57977468735972015,0.19849390204702186,0.11446577357103704,0.061758774191601411,0.027367842623471,0.0065789640612998633,0.011560056145848768,0.0
Malcolm Mitchell,WR,NE,6.6396672932274452,5600.0,0.57031745159792702,0.21535343321355244,0.111796128561559,0.06161918876802526,0.017677022941521674,0.011744617816357923,0.011492157101056411,0.0
Brandon Coleman,WR,NO,6.624879409623242,4500.0,0.53916714855109249,0.25348436824096521,0.12088541690625845,0.04911200519726612,0.017336111944323992,0.011371302025691889,0.0086436471344019071,0.0
Jermaine Kearse,WR,SEA,6.5694981705868294,4600.0,0.55743341593994655,0.24137511030085662,0.10725081828503599,0.056984150552008422,0.017320187982145834,0.0065642509654799978,0.01307206597452744,0.0
Justin Hunter,WR,BUF,6.4228234937993314,5400.0,0.59624981496070351,0.19961071259580079,0.1069760838587078,0.053828293186934197,0.02263984168279632,0.010374384662147712,0.010320869052911175,0.0
Devin Funchess,WR,CAR,6.3964860442207705,4700.0,0.57791890403783353,0.21931407093365102,0.11733163130716176,0.049733196492794805,0.018626725655460186,0.0062514546861278898,0.010824016886971485,0.0
Jeremy Maclin,WR,KC,6.338300233085314,5800.0,0.63786130658761242,0.16401756565462719,0.10161558709468393,0.042730656024750298,0.025202992964131966,0.0095399526933155621,0.019031938980878637,0.0
Travis Benjamin,WR,SD,6.3238430834793569,5200.0,0.61361648466491903,0.19168692878492155,0.097770606142835656,0.052075825137364251,0.023033809124513929,0.0084189908201784559,0.013397355325267339,0.0
Victor Cruz,WR,NYG,6.3090138018217692,4900.0,0.59844438880014761,0.20549523360744498,0.10440249781435793,0.054970292414153597,0.019038963986366907,0.0055201693424482019,0.012128454035080595,0.0
Breshad Perriman,WR,BAL,6.1886641362236778,5200.0,0.60084456425754418,0.20998818361957111,0.10220432610391084,0.054111592729380993,0.017091269138366737,0.0065361868714896394,0.0092238772797361094,0.0
Michael Floyd,WR,ARI,6.1839359882257785,4900.0,0.60644812408784121,0.20519950923021507,0.10407953467146742,0.050279232414507977,0.013810193779284696,0.0092279940647312913,0.010955411751951839,0.0
Dorial Green-Beckham,WR,PHI,6.0876873827518221,4500.0,0.61529007088688059,0.20533412185228245,0.097362981279798838,0.049282736118126308,0.012330355014202456,0.0081936751928736572,0.012206059655835001,0.0
Chris Conley,WR,KC,6.0491389315675743,4500.0,0.60681299577248293,0.2159242748345632,0.10236339903796755,0.04383626400402553,0.014663616025568567,0.005055313217591801,0.011344137107800996,0.0
Russell Shepard,WR,TB,5.9900856404108307,4500.0,0.64348469235647676,0.18780083013740628,0.094018862739450676,0.034543553892280088,0.013632355633679791,0.0055730638735279042,0.020946641367178411,0.0
Torrey Smith,WR,SF,5.9763575147022641,4800.0,0.62833601584759236,0.19455631843898916,0.099008332682091096,0.044205533455447504,0.016050655426138781,0.0067340932712869877,0.011109050878453684,0.0
Kamar Aiken,WR,BAL,5.9328892173092722,4500.0,0.63639064243718069,0.19378088136181426,0.093194340795608441,0.044086503768260288,0.010967190664839274,0.0066619065168293922,0.014918534455467466,0.0
Robert Woods,WR,BUF,5.9134382299607111,5100.0,0.65493813976635162,0.16546886378969833,0.096596454896771322,0.046916461381826806,0.018084960766861873,0.0040210872628088307,0.013974032135681389,0.0
Sammy Watkins,WR,BUF,5.9047888408976252,6300.0,0.65705836087219016,0.16884160437481543,0.095409630902607637,0.039037014038322437,0.01493191069883653,0.010820931431196364,0.013900547682030716,0.0
Paul Richardson,WR,SEA,5.7615597696805532,4500.0,0.63493366166923915,0.20545787498212129,0.091358405051931837,0.041562741673261273,0.010288592499225986,0.0055313553159993673,0.010867368808221653,0.0
Quinton Patton,WR,SF,5.7186657278712065,4500.0,0.65042661634811816,0.19104728128737997,0.087683045287021907,0.04045549731886703,0.013668186639494111,0.0049302600506919633,0.011789113068427681,0.0
Andre Roberts,WR,DET,5.6372193162012145,4500.0,0.66584763377790168,0.18174004467582541,0.08539708305900176,0.037747937820683204,0.0092766739589806718,0.0035866203006717297,0.016404006406935793,0.0
Braxton Miller,WR,HOU,5.5156896441539525,4500.0,0.67729537438286358,0.17209388953226476,0.091925742289723902,0.027971517569088358,0.012935281128821583,0.0026809270903445821,0.015097268006892884,0.0
Marquess Wilson,WR,CHI,5.5021892755125421,5400.0,0.67319683775096095,0.17197533209697502,0.096889328372210815,0.032422293438949319,0.0090383991119027639,0.0038949136612352522,0.012582895567765644,0.0
Brian Quick,WR,LARM,5.4051712656247783,4500.0,0.68022552685679327,0.18316854901677287,0.080416066612706866,0.029536100921113213,0.0077170599092545684,0.0036876666396113049,0.015249030043746944,0.0
Danny Amendola,WR,NE,5.3078590312734608,4500.0,0.69941368498270551,0.16492997054349787,0.06818413560324757,0.042262797060836216,0.0095838454910421988,0.0042775931422283035,0.011347973176443064,0.0
Justin Hardy,WR,ATL,5.1877085352145276,4500.0,0.72145850787927512,0.14876788566991117,0.070105785604251833,0.032573195392492947,0.006679019539112368,0.0057165684110972344,0.014699037503857985,0.0
Jordan Taylor,WR,DEN,5.1447063124294417,4500.0,0.70769367594655752,0.16440021636582,0.071583628376929567,0.033221326558105106,0.0094873663635598893,0.003152844860689139,0.010460941528339708,0.0
Nelson Agholor,WR,PHI,5.1320398302645893,4500.0,0.73592329896237552,0.13742734081713687,0.063609379675064359,0.030571067360408946,0.014095062193207006,0.0038410776100931167,0.014532773381712711,0.0
Albert Wilson,WR,KC,5.1291230400910601,4500.0,0.71577336036378625,0.15453103165165757,0.075190279374923397,0.029599089262435933,0.0095834993680332242,0.0038773716715319127,0.011445368307631909,0.0
Roger Lewis,WR,NYG,5.0826568107829448,4500.0,0.72501903804419032,0.15097513835107898,0.067093950954339968,0.029325213610423215,0.012585796584528922,0.0029707408219363024,0.01203012163350204,0.0
Eddie Royal,WR,CHI,5.0550320562262989,5100.0,0.72837835076948454,0.14772741954462362,0.069114918879082318,0.026566154722402639,0.012589857715823115,0.0043734536558799079,0.011249844712703339,0.0
Chris Harper,WR,SF,4.9963723386164478,4500.0,0.72912692197848661,0.15053538948174924,0.068245374164554451,0.031583156011709919,0.0049109560414453699,0.0023555182545554839,0.01324268406749889,0.0
Brandon Tate,WR,BUF,4.9766562663510445,4500.0,0.73703222430539928,0.15003665522530063,0.064323887642458361,0.021669078003672543,0.007566474544399758,0.0030281541604180399,0.016343526118351499,0.0
Bennie Fowler,WR,DEN,4.949786105618708,4500.0,0.73061570244709284,0.15640759209914146,0.06333365633024543,0.026030004764109688,0.0072659762247593426,0.004351697134990137,0.011995370999660386,0.0
Rod Streater,WR,SF,4.9259730598551261,4500.0,0.7406122397758037,0.14850107780535571,0.061115866957570326,0.025426343703511285,0.0064842440991234864,0.0025637913584203162,0.015296436300215306,0.0
Geronimo Allison,WR,GB,4.8736348986920772,4600.0,0.75478567865431834,0.13118650591299133,0.063182627168870742,0.024811316879268082,0.0087391809618524319,0.0030872951633794878,0.014207395259318713,0.0
Jeff Janis,WR,GB,4.8222554560114625,4500.0,0.76892845407294785,0.11665402575642134,0.064697530036694331,0.020971232544030008,0.010021996821309385,0.0042157496938149512,0.014511011074781626,0.0
Cobi Hamilton,WR,PIT,4.8087859530889778,4500.0,0.75438066554444583,0.13630965195611455,0.064819226277084224,0.020555163493137376,0.005902036157952548,0.0044538111446224193,0.013579445426642835,0.0
Deonte Thompson,WR,CHI,4.7522169120652675,4500.0,0.75686078928731393,0.13186695813420898,0.06500106910560649,0.027664187600536273,0.0047291802351863543,0.0023605328774535042,0.011517282759693848,0.0
Bradley Marquez,WR,LARM,4.6401517700916939,4500.0,0.78157791425703849,0.12153720765921312,0.054582387675587478,0.01877974752445042,0.0032913419295347458,0.0024535636571202794,0.01777783729705527,0.0
Sammie Coates,WR,PIT,4.6338205245448423,4500.0,0.79143340400637419,0.1030770182675283,0.054860683861583902,0.025341465519748647,0.0090576275635416512,0.0025219286487229713,0.013707872132499313,0.0
James Wright,WR,CIN,4.5824176297979902,4500.0,0.78134416801239848,0.11825854224993225,0.057547298953068017,0.022967688836655311,0.0045689211856854775,0.0023902269359122362,0.012923153826347823,0.0
Steve Smith Sr.,WR,BAL,4.5640087156087663,6100.0,0.82059163044843819,0.082943548629834732,0.048743604035082738,0.015557386466348471,0.0065021632334936758,0.0047404417503120865,0.020921225436488236,0.0
Dwayne Harris,WR,NYG,4.554770894492143,4500.0,0.78939408664533639,0.11898577601751362,0.048669551203364365,0.020022391443959828,0.0047706771335731032,0.0016962976717531492,0.016461219884499768,0.0
Johnny Holton,WR,OAK,4.5204516854288102,4500.0,0.78889443775823664,0.11651735827390562,0.050741644615141183,0.024499173906521048,0.0040962786499740972,0.0019500939422104546,0.013301012854009654,0.0
Marvin Jones Jr.,WR,DET,4.4927944472936687,5600.0,0.82440168601952057,0.081587811590137546,0.049255024626495614,0.016124774204847179,0.0048591008693332901,0.00257674330605628,0.021194859383607656,0.0
Jordan Norwood,WR,DEN,4.4677385040510265,4500.0,0.78822724094245078,0.12086845765373787,0.052213646359105158,0.019162353976410598,0.0043618757015692483,0.0035095861206449492,0.011656839246080618,0.0
Trevor Davis,WR,GB,4.4248022648669698,4500.0,0.81967991764590598,0.092512812465181865,0.044912152271231007,0.01439569233401582,0.0094802209001579301,0.0014063020864829359,0.017612902297024075,0.0
Leonte Carroo,WR,MIA,4.3527397139788881,4500.0,0.80312210226067382,0.10810888230573849,0.050901451976438215,0.019207852608518129,0.0064757937735325588,0.0013906915804395416,0.010793225494658559,0.0
Griff Whalen,WR,SD,4.3525291812652176,4500.0,0.84424280463016776,0.076986423532119888,0.031147734115638665,0.020161453240874028,0.0016617425615752491,0.0024042386378871103,0.0233956032817366,0.0
Jaelen Strong,WR,HOU,4.3476668099221163,4500.0,0.83419481608991775,0.073546106936977634,0.059045310405340598,0.0086839750075174242,0.0025029903483005963,0.00089430670441563095,0.021132494507528122,0.0
Pharoh Cooper,WR,LARM,4.3458478323212502,4500.0,0.81659368038453095,0.099141497415749777,0.048377798209210413,0.015195819383684412,0.0018123949593003938,0.0015178853780544539,0.017360924269469589,0.0
Josh Huff,WR,TB,4.3129233713347901,4500.0,0.8495537049465367,0.071276708899512362,0.04065044765741755,0.0077458088850404349,0.0041369730663045343,0.0019430442742957308,0.024693312270891259,0.0
Tanner McEvoy,WR,SEA,4.2965723870039678,5000.0,0.82624943745520474,0.08806653267720238,0.041779479276247034,0.022146210522394658,0.0068295871245469967,0.0020699253552633953,0.012858827589139782,0.0
Jake Lampman,WR,NO,4.2384255059867719,4500.0,0.86454828842271836,0.063339138243777113,0.031763001023385661,0.0092979479232291364,0.0032065751941132482,0.00059533559491952315,0.027249713597856638,0.0
Aldrick Robinson,WR,ATL,4.2307719429931936,4500.0,0.86225956958400429,0.062470978255122094,0.034427035803902127,0.013606700235974763,0.00085524798299927134,0.00058986453412419263,0.025790603603872392,0.0
Eric Weems,WR,ATL,4.2126126151569494,4500.0,0.8647520200117349,0.060494550031127449,0.034220205106003432,0.01339249444449135,0.00085652213735598669,0.00057557523000108246,0.025708633039284997,0.0
Jared Dangerfield,WR,NO,4.21123546785992,4500.0,0.87292405913941962,0.054830196911356148,0.033870756573007685,0.0077016079920366135,0.0008119886652986027,0.00051762319693808827,0.029343767521941348,0.0
Kyle Prater,WR,NO,4.21123546785992,4500.0,0.87292405913941962,0.054830196911356148,0.033870756573007685,0.0077016079920366135,0.0008119886652986027,0.00051762319693808827,0.029343767521941348,0.0
Vincent Brown,WR,NO,4.21123546785992,4500.0,0.87292405913941962,0.054830196911356148,0.033870756573007685,0.0077016079920366135,0.0008119886652986027,0.00051762319693808827,0.029343767521941348,0.0
Mike Thomas,WR,LARM,4.2056939287401729,4500.0,0.8432062590343482,0.077021468086813663,0.047798759632569306,0.0098331895052956586,0.00095246421334709041,0.0016738092685088892,0.019514050259117285,0.0
Arrelious Benn,WR,JAC,4.173862238598387,4500.0,0.83402888997514479,0.090021854215642197,0.042627981620359176,0.014785624839156181,0.0015933675509090979,0.00090703076660111274,0.016035251032185723,0.0
Jaron Brown,WR,ARI,4.1696721877918277,4500.0,0.87033497786323344,0.05969539077544652,0.032524816182169437,0.0088076051036887655,0.00096085522698970062,0.00064875221033338867,0.02702760263813677,0.0
Rashad Ross,WR,WAS,4.1670898904634202,4500.0,0.86965668402725582,0.061621437268950079,0.031464818748964639,0.0077996145456539386,0.0021275494229778162,0.00045764127556252414,0.026872254710633814,0.0
Freddie Martino,WR,TB,4.1617996512616733,4500.0,0.83334462954390087,0.0866218455877521,0.046872331894832656,0.014515073978632153,0.0042540787726614709,0.0014109183973713038,0.012981121824849003,0.0
Darrius Heyward-Bey,WR,PIT,4.1529633952321605,4500.0,0.86126667638872401,0.065851727735369306,0.036940328356102815,0.010432590857335789,0.001776851129578645,0.0012011656368228775,0.022530659896064884,0.0
Bryan Walters,WR,JAC,4.1526219515007377,4500.0,0.84255072804567333,0.084920836940300462,0.040007984662280165,0.010471177365790115,0.0027863831221662683,0.0014535097769135333,0.017809380086874528,0.0
Corey Brown,WR,CAR,4.1282221428305785,4500.0,0.8330729513293762,0.091161823618206156,0.045927687537170213,0.012449409750150055,0.0024595340798704663,0.0010633297668904453,0.013865263918336177,0.0
Rashad Greene Sr.,WR,JAC,4.12040789207507,4500.0,0.87881286663244496,0.054042128449213717,0.030315344165430049,0.0078021029292762384,0.00080940232737027181,0.00043544479205206852,0.02778271070421089,0.0
Tony Washington,WR,JAC,4.12040789207507,4500.0,0.87881286663244496,0.054042128449213717,0.030315344165430049,0.0078021029292762384,0.00080940232737027181,0.00043544479205206852,0.02778271070421089,0.0
Brenton Bersin,WR,CAR,4.1142561318262452,4500.0,0.85549615233947385,0.078247068128246736,0.034989420813084038,0.0074475693420177598,0.00073706151500337372,0.00046891238623683693,0.022613815475935998,0.0
Tavarres King,WR,NYG,4.1089235153568424,4500.0,0.86947637913259301,0.064854585871093495,0.030185815405832872,0.0087516612638209382,0.0010122305057954412,0.00061403350776420302,0.025105294313099095,0.0
Hunter Sharp,WR,PHI,4.0991397503057598,4500.0,0.87886419283814776,0.054139543048510909,0.031060441823781586,0.0078080345249276874,0.00080788255984967855,0.00044499618678295203,0.02687490901799729,0.0
Chris Givens,WR,PHI,4.0991397503057598,4500.0,0.87886419283814776,0.054139543048510909,0.031060441823781586,0.0078080345249276874,0.00080788255984967855,0.00044499618678295203,0.02687490901799729,0.0
Cayleb Jones,WR,PHI,4.0991397503057598,4500.0,0.87886419283814776,0.054139543048510909,0.031060441823781586,0.0078080345249276874,0.00080788255984967855,0.00044499618678295203,0.02687490901799729,0.0
Xavier Rush,WR,PHI,4.0991397503057598,4500.0,0.87886419283814776,0.054139543048510909,0.031060441823781586,0.0078080345249276874,0.00080788255984967855,0.00044499618678295203,0.02687490901799729,0.0
Marcus Easley,WR,BUF,4.0969768322920848,4500.0,0.87928363006304766,0.053701066983450119,0.031148019231298528,0.0077192600859683014,0.00082101876411414248,0.00044608398051101304,0.026880920891608342,0.0
Walt Powell,WR,BUF,4.0969768322920848,4500.0,0.87928363006304766,0.053701066983450119,0.031148019231298528,0.0077192600859683014,0.00082101876411414248,0.00044608398051101304,0.026880920891608342,0.0
Kolby Listenbee,WR,BUF,4.0969768322920848,4500.0,0.87928363006304766,0.053701066983450119,0.031148019231298528,0.0077192600859683014,0.00082101876411414248,0.00044608398051101304,0.026880920891608342,0.0
Greg Salas,WR,BUF,4.0969768322920848,4500.0,0.87928363006304766,0.053701066983450119,0.031148019231298528,0.0077192600859683014,0.00082101876411414248,0.00044608398051101304,0.026880920891608342,0.0
Josh Doctson,WR,WAS,4.09618847117817,4500.0,0.87973884437064764,0.053116462412686451,0.031237849890834783,0.0077208065950176768,0.00081718280172265025,0.00045544632649561898,0.026913407602593396,0.0
Rashawn Scott,WR,MIA,4.0958581549354562,4500.0,0.8804283380788881,0.052758874772202882,0.030573362025804452,0.0078900383684544582,0.00081157878479120509,0.00043076659021254622,0.027107041379644543,0.0
Tyler Murphy,WR,MIA,4.0958581549354562,4500.0,0.8804283380788881,0.052758874772202882,0.030573362025804452,0.0078900383684544582,0.00081157878479120509,0.00043076659021254622,0.027107041379644543,0.0
Kashif Moore,WR,KC,4.0949892843896256,4500.0,0.87991890412533813,0.053132566035838047,0.031011585599402567,0.0077226224077261074,0.00082173413842487363,0.00044300275989243219,0.026949584933375851,0.0
Keyarris Garrett,WR,CAR,4.0936504290248319,4500.0,0.88107785287974716,0.052133856605880567,0.030562688142350018,0.0077994559324010889,0.00082090245934536218,0.00043014039465177916,0.027175103585622029,0.0
Damiere Byrd,WR,CAR,4.0936504290248319,4500.0,0.88107785287974716,0.052133856605880567,0.030562688142350018,0.0077994559324010889,0.00082090245934536218,0.00043014039465177916,0.027175103585622029,0.0
Percy Harvin,WR,BUF,4.0933445731143916,4900.0,0.85680281611571063,0.070715219067602184,0.038750076097366408,0.012232663133071003,0.001849319121489147,0.00091074303037649222,0.018739163434383345,0.0
Matthew Slater,WR,NE,4.0903656062217024,4500.0,0.87716951376098085,0.055601118857951298,0.032237599393150358,0.0074536138428120766,0.0010517905771077873,0.00048837561917027363,0.025997987948826205,0.0
Kadron Boone,WR,NYG,4.0902255587263125,4500.0,0.88036079999499883,0.052891728596415118,0.030860234495061201,0.0077515186951254917,0.00081570236284975986,0.00044303629273907436,0.02687697956280849,0.0
Aaron Dobson,WR,DET,4.0886370491893604,4500.0,0.88079153473075333,0.052540349359676469,0.030784848848479006,0.0076791191241606998,0.00083251381776607394,0.00044378109124201836,0.026927853027920324,0.0
Quinshad Davis,WR,DET,4.0886370491893604,4500.0,0.88079153473075333,0.052540349359676469,0.030784848848479006,0.0076791191241606998,0.00083251381776607394,0.00044378109124201836,0.026927853027920324,0.0
Daniel Braverman,WR,CHI,4.0880198488096209,4500.0,0.87905079576054979,0.054440430977278118,0.030959158136439503,0.007749673494467397,0.00080910652713173049,0.00045376817134440536,0.026537066932787203,0.0
Kevin White,WR,CHI,4.0880198488096209,4500.0,0.87905079576054979,0.054440430977278118,0.030959158136439503,0.007749673494467397,0.00080910652713173049,0.00045376817134440536,0.026537066932787203,0.0
Joshua Bellamy,WR,CHI,4.0880198488096209,4500.0,0.87905079576054979,0.054440430977278118,0.030959158136439503,0.007749673494467397,0.00080910652713173049,0.00045376817134440536,0.026537066932787203,0.0
Kieran Duncan,WR,CHI,4.0880198488096209,4500.0,0.87905079576054979,0.054440430977278118,0.030959158136439503,0.007749673494467397,0.00080910652713173049,0.00045376817134440536,0.026537066932787203,0.0
Keshawn Martin,WR,SF,4.087380553050088,4500.0,0.87776053736021009,0.053869554221151521,0.033540626329193794,0.0077308490233772053,0.00080894997917708999,0.00052312221409012453,0.025766360872798256,0.0
Mose Frazier,WR,SF,4.087380553050088,4500.0,0.87776053736021009,0.053869554221151521,0.033540626329193794,0.0077308490233772053,0.00080894997917708999,0.00052312221409012453,0.025766360872798256,0.0
Bryce Treggs,WR,PHI,4.085899755828267,4500.0,0.83579192614297093,0.089060852535741405,0.043728930394939032,0.0154017709390368,0.0030417920918737558,0.0013646497766039948,0.011610078118832242,0.0
Levi Norwood,WR,PIT,4.0810471908827326,4500.0,0.88006762316262033,0.053876883689732348,0.030499137687524307,0.0077337710082374138,0.00081680558609437581,0.00044787925663550228,0.026557899609153751,0.0
Markus Wheaton,WR,PIT,4.0810471908827326,4500.0,0.88006762316262033,0.053876883689732348,0.030499137687524307,0.0077337710082374138,0.00081680558609437581,0.00044787925663550228,0.026557899609153751,0.0
Canaan Severin,WR,PIT,4.0810471908827326,4500.0,0.88006762316262033,0.053876883689732348,0.030499137687524307,0.0077337710082374138,0.00081680558609437581,0.00044787925663550228,0.026557899609153751,0.0
Deshon Foxx,WR,SEA,4.0806191385139723,4500.0,0.88071280073691649,0.052950001853589515,0.03069623450847455,0.007753651478338397,0.00082230225564756487,0.00046091080736993591,0.026604098359661779,0.0
Kevin Smith,WR,SEA,4.0806191385139723,4500.0,0.88071280073691649,0.052950001853589515,0.03069623450847455,0.007753651478338397,0.00082230225564756487,0.00046091080736993591,0.026604098359661779,0.0
Jared Abbrederis,WR,GB,4.0801713974471472,4500.0,0.88074670361723506,0.052946067712058557,0.030711161918878887,0.0077158630626532774,0.00080934824868087276,0.00045310307084092303,0.026617752369650183,0.0
DeVier Posey,WR,DEN,4.0788905801386299,4500.0,0.88067834273012924,0.052983231540719287,0.030803665028930942,0.007739790143296294,0.00080396443655839577,0.00045947568622887102,0.026531530434135232,0.0
Bralon Addison,WR,DEN,4.0788905801386299,4500.0,0.88067834273012924,0.052983231540719287,0.030803665028930942,0.007739790143296294,0.00080396443655839577,0.00045947568622887102,0.026531530434135232,0.0
Marlon Brown,WR,DEN,4.0788905801386299,4500.0,0.88067834273012924,0.052983231540719287,0.030803665028930942,0.007739790143296294,0.00080396443655839577,0.00045947568622887102,0.026531530434135232,0.0
Durron Neal,WR,DEN,4.0788905801386299,4500.0,0.88067834273012924,0.052983231540719287,0.030803665028930942,0.007739790143296294,0.00080396443655839577,0.00045947568622887102,0.026531530434135232,0.0
Donteea Dye,WR,TB,4.0767859656985808,4500.0,0.88118228506796326,0.05257207797852767,0.030675348292881936,0.0077309050062764964,0.00081309697681522769,0.00045436516975584862,0.026571921507777822,0.0
Vincent Jackson,WR,TB,4.0767859656985808,4500.0,0.88118228506796326,0.05257207797852767,0.030675348292881936,0.0077309050062764964,0.00081309697681522769,0.00045436516975584862,0.026571921507777822,0.0
Cecil Shorts III,WR,TB,4.0767859656985808,4500.0,0.88118228506796326,0.05257207797852767,0.030675348292881936,0.0077309050062764964,0.00081309697681522769,0.00045436516975584862,0.026571921507777822,0.0
Shaq Evans,WR,NE,4.0743555888009269,4500.0,0.88157947573848405,0.052408077318459818,0.030450781616460657,0.0076663592630552922,0.00082758868406215564,0.00045874552213632732,0.026608971857339864,0.0
DeAndre Carter,WR,NE,4.0743555888009269,4500.0,0.88157947573848405,0.052408077318459818,0.030450781616460657,0.0076663592630552922,0.00082758868406215564,0.00045874552213632732,0.026608971857339864,0.0
DeAndrew White,WR,NE,4.0743555888009269,4500.0,0.88157947573848405,0.052408077318459818,0.030450781616460657,0.0076663592630552922,0.00082758868406215564,0.00045874552213632732,0.026608971857339864,0.0
Ryan Grant,WR,WAS,4.0718554199504711,4500.0,0.84044994212331925,0.091745924874584925,0.037988432324457477,0.0096699945420985894,0.0040694989249114473,0.0020900211522896658,0.013986186058339106,0.0
Tevin Jones,WR,HOU,4.0682397707641709,4500.0,0.88111043309561754,0.052689020250638333,0.030983994871403756,0.0077733350545877277,0.000815062485052665,0.00044820901474952661,0.026179945227948871,0.0
Duke Williams,WR,LARM,4.0451267051494089,4500.0,0.88135299059976002,0.053218873986015394,0.031074118243805592,0.0076968633011320351,0.00081551135432978046,0.00044338740778037864,0.025398255107175222,0.0
Paul McRoberts,WR,LARM,4.0451267051494089,4500.0,0.88135299059976002,0.053218873986015394,0.031074118243805592,0.0076968633011320351,0.00081551135432978046,0.00044338740778037864,0.025398255107175222,0.0
Nelson Spruce,WR,LARM,4.0451267051494089,4500.0,0.88135299059976002,0.053218873986015394,0.031074118243805592,0.0076968633011320351,0.00081551135432978046,0.00044338740778037864,0.025398255107175222,0.0
Cody Latimer,WR,DEN,4.0225231836522193,4500.0,0.88553587411228818,0.051136617967120782,0.028707417893330464,0.00749573285112553,0.00085181149265479842,0.00047520565996389839,0.025797340023515025,0.0
Keith Mumphery,WR,HOU,4.0150511702391434,4500.0,0.85709747262934499,0.07321543146629006,0.038118129032081748,0.013267586230684709,0.0015835815040366789,0.00082948972331483987,0.015888309414246217,0.0
Alex Erickson,WR,CIN,4.0129267484721289,4500.0,0.84656431099302487,0.081137514665686514,0.043263748915096704,0.013338439747562001,0.0021836816890061345,0.0011064564884828484,0.012405847501141662,0.0
Aaron Burbridge,WR,SF,4.0068000365052043,4500.0,0.87166028372256332,0.066629707471024507,0.030407086786618451,0.0063298803490401852,0.0026047563314445556,0.00059092988107950311,0.02177735545822828,0.0
Andre Holmes,WR,OAK,3.9860776845775616,4500.0,0.85678295534975102,0.074408489036383585,0.03863433111431458,0.0098366041438263455,0.0053881730653949503,0.0017970176197958676,0.013152429670532598,0.0
Tommylee Lewis,WR,NO,3.9604884723133349,4500.0,0.87715104470193295,0.05928268369363137,0.028493430632842955,0.01360764341524647,0.0008764812990259838,0.0015515744073728909,0.019037141849945066,0.0
Brittan Golden,WR,ARI,3.8013324360248637,4500.0,0.87280098932497474,0.070648420957084068,0.031957393422962672,0.0074668590338601093,0.0026742813644829362,0.00088852432378560642,0.013563531572849718,0.0
Chris Moore,WR,BAL,3.7843118632807409,4500.0,0.878255615506495,0.066207895482444323,0.029974104531163628,0.009073471417878242,0.0010231354477985171,0.00075616161725108801,0.014709615996968134,0.0
De'Anthony Thomas,WR,KC,3.7791290976621554,4500.0,0.87283401763728452,0.070940931864600154,0.031338841565496829,0.0098514259160715593,0.0015271380928730705,0.00083687839116385965,0.012670766532509424,0.0
Cody Core,WR,CIN,3.7301207893580237,4500.0,0.89852401843790131,0.049976826917272996,0.024409351624748658,0.0074991767232638618,0.00076291278141802819,0.00046712762712561442,0.018360585888268218,0.0
Jakeem Grant,WR,MIA,3.7162581636778054,4500.0,0.8962649225161341,0.051002015090821827,0.026333724827529152,0.0082694931771383311,0.00097138905620685137,0.00042788495044195025,0.016730570381727528,0.0
Isaiah Burse,WR,SD,3.6873746005361898,4500.0,0.90161497669621171,0.047456950981053625,0.025192192244081063,0.0071456383573273189,0.00079831199996861736,0.0004294144151020843,0.017362515306254725,0.0
Devin Hester,WR,BAL,3.6395186384194425,4500.0,0.89509359242688757,0.054663112171704033,0.028967968410223872,0.005794454124203042,0.00080251867246552034,0.00046537375672370956,0.014212980437791881,0.0
Demarcus Robinson,WR,KC,3.5899295208128232,4500.0,0.90078320312671478,0.049749527374984469,0.02801910189804073,0.0069991860002935535,0.00079954169035238514,0.00047927412218736604,0.013170165787426432,0.0
