name,pos,team,expectation,salary,prob_0_5,prob_5_10,prob_10_15,prob_15_20,prob_20_25,prob_25_30,prob_30+,label
Aaron Rodgers,QB,GB,19.678571428571427,8500.0,0.029999999999999999,0.088571428571428565,0.20285714285714285,0.22285714285714286,0.21142857142857144,0.10714285714285714,0.13714285714285715,3.0
Matt Ryan,QB,ATL,19.350000000000001,8600.0,0.068571428571428575,0.084285714285714283,0.14428571428571429,0.23142857142857143,0.20428571428571429,0.16714285714285715,0.10000000000000001,3.0
Drew Brees,QB,NO,18.649999999999999,9300.0,0.038571428571428569,0.09571428571428571,0.20571428571428571,0.25714285714285712,0.1957142857142857,0.11857142857142858,0.088571428571428565,3.0
Derek Carr,QB,OAK,18.439285714285717,8100.0,0.059999999999999998,0.10571428571428572,0.17571428571428571,0.24285714285714285,0.19,0.14999999999999999,0.07571428571428572,3.0
Tom Brady,QB,NE,17.464285714285715,8500.0,0.13857142857142857,0.10000000000000001,0.16142857142857142,0.22,0.17857142857142858,0.07571428571428572,0.12571428571428572,3.0
Matthew Stafford,QB,DET,17.075000000000003,8300.0,0.10142857142857142,0.12571428571428572,0.16428571428571428,0.24571428571428572,0.18714285714285714,0.11142857142857143,0.064285714285714279,3.0
Kirk Cousins,QB,WAS,17.014285714285716,7500.0,0.082857142857142851,0.16,0.19,0.20714285714285716,0.17428571428571429,0.10857142857142857,0.077142857142857138,3.0
Jameis Winston,QB,TB,16.971428571428572,7600.0,0.047142857142857146,0.12857142857142856,0.25857142857142856,0.24428571428571427,0.17714285714285713,0.087142857142857147,0.057142857142857141,2.0
Alex Smith,QB,KC,16.421428571428571,7000.0,0.12142857142857143,0.097142857142857142,0.23142857142857143,0.23428571428571429,0.16428571428571428,0.080000000000000002,0.071428571428571425,3.0
Tyrod Taylor,QB,BUF,16.167857142857144,7400.0,0.11571428571428571,0.11714285714285715,0.23571428571428571,0.23428571428571429,0.16142857142857142,0.057142857142857141,0.07857142857142857,2.0
Ben Roethlisberger,QB,PIT,16.110714285714284,8300.0,0.098571428571428574,0.15285714285714286,0.20714285714285716,0.23857142857142857,0.15857142857142856,0.088571428571428565,0.055714285714285716,3.0
Russell Wilson,QB,SEA,16.00357142857143,7700.0,0.07857142857142857,0.16142857142857142,0.25,0.20857142857142857,0.17714285714285713,0.068571428571428575,0.055714285714285716,2.0
Andy Dalton,QB,CIN,15.74642857142857,7200.0,0.11285714285714285,0.13142857142857142,0.24857142857142858,0.22714285714285715,0.14428571428571429,0.080000000000000002,0.055714285714285716,2.0
Philip Rivers,QB,SD,15.535714285714285,8200.0,0.09571428571428571,0.14428571428571429,0.25285714285714284,0.24285714285714285,0.16142857142857142,0.057142857142857141,0.045714285714285714,2.0
Eli Manning,QB,NYG,15.514285714285714,7900.0,0.087142857142857147,0.15714285714285714,0.25714285714285712,0.23714285714285716,0.15571428571428572,0.059999999999999998,0.045714285714285714,2.0
Cam Newton,QB,CAR,15.317857142857141,7600.0,0.094285714285714292,0.1357142857142857,0.26000000000000001,0.27714285714285714,0.14999999999999999,0.041428571428571426,0.041428571428571426,3.0
Carson Wentz,QB,PHI,14.996428571428572,6700.0,0.11857142857142858,0.15857142857142856,0.24142857142857144,0.21428571428571427,0.17857142857142858,0.050000000000000003,0.038571428571428569,2.0
Joe Flacco,QB,BAL,14.978571428571431,7300.0,0.09571428571428571,0.15857142857142856,0.26285714285714284,0.24857142857142858,0.16142857142857142,0.035714285714285712,0.037142857142857144,2.0
Blake Bortles,QB,JAC,14.682142857142859,7100.0,0.10714285714285714,0.16428571428571428,0.27285714285714285,0.23142857142857143,0.13857142857142857,0.052857142857142859,0.032857142857142856,2.0
Ryan Tannehill,QB,MIA,14.650000000000002,7300.0,0.13142857142857142,0.15714285714285714,0.23000000000000001,0.25571428571428573,0.13857142857142857,0.050000000000000003,0.037142857142857144,3.0
Trevor Siemian,QB,DEN,14.432142857142857,7100.0,0.14857142857142858,0.1357142857142857,0.25571428571428573,0.23571428571428571,0.15142857142857144,0.031428571428571431,0.041428571428571426,2.0
Carson Palmer,QB,ARI,14.346428571428572,7000.0,0.13428571428571429,0.19,0.23571428571428571,0.20857142857142857,0.13714285714285715,0.052857142857142859,0.041428571428571426,2.0
Brock Osweiler,QB,HOU,13.796428571428571,6300.0,0.1657142857142857,0.20000000000000001,0.23000000000000001,0.18857142857142858,0.12428571428571429,0.038571428571428569,0.052857142857142859,2.0
Colin Kaepernick,QB,SF,13.703571428571429,7800.0,0.2257142857142857,0.14714285714285713,0.22285714285714286,0.19,0.098571428571428574,0.045714285714285714,0.070000000000000007,0.0
Jay Cutler,QB,CHI,13.225,6500.0,0.35571428571428571,0.077142857142857138,0.15142857142857144,0.18714285714285714,0.10000000000000001,0.021428571428571429,0.10714285714285714,0.0
Case Keenum,QB,LARM,12.75,6000.0,0.30428571428571427,0.14142857142857143,0.17285714285714285,0.19428571428571428,0.080000000000000002,0.024285714285714285,0.082857142857142851,0.0
Brian Hoyer,QB,CHI,12.085714285714285,6000.0,0.47285714285714286,0.087142857142857147,0.094285714285714292,0.11285714285714285,0.067142857142857143,0.028571428571428571,0.13714285714285715,0.0
Jimmy Garoppolo,QB,NE,11.37857142857143,6000.0,0.57999999999999996,0.048571428571428571,0.058571428571428573,0.068571428571428575,0.06142857142857143,0.02,0.16285714285714287,0.0
Paxton Lynch,QB,DEN,11.178571428571431,6000.0,0.5842857142857143,0.058571428571428573,0.059999999999999998,0.077142857142857138,0.035714285714285712,0.01,0.17428571428571429,0.0
Brett Hundley,QB,GB,11.164285714285715,5000.0,0.67142857142857137,0.02,0.018571428571428572,0.051428571428571428,0.01,0.0028571428571428571,0.2257142857142857,0.0
Jacoby Brissett,QB,NE,11.121428571428572,6000.0,0.60285714285714287,0.040000000000000001,0.057142857142857141,0.074285714285714288,0.042857142857142858,0.0085714285714285719,0.17428571428571429,0.0
Nick Foles,QB,KC,10.946428571428571,6000.0,0.56571428571428573,0.06142857142857143,0.084285714285714283,0.074285714285714288,0.055714285714285716,0.011428571428571429,0.14714285714285713,0.0
Matt Barkley,QB,CHI,10.50357142857143,6000.0,0.52857142857142858,0.074285714285714288,0.11,0.11285714285714285,0.055714285714285716,0.017142857142857144,0.10142857142857142,0.0
Jared Goff,QB,LARM,10.467857142857142,6500.0,0.42857142857142855,0.11714285714285715,0.17857142857142858,0.14142857142857143,0.051428571428571428,0.032857142857142856,0.050000000000000003,0.0
Blaine Gabbert,QB,SF,10.303571428571429,6000.0,0.49428571428571427,0.12285714285714286,0.097142857142857142,0.11857142857142858,0.065714285714285711,0.022857142857142857,0.07857142857142857,0.0
Ryan Mallett,QB,BAL,9.4750000000000014,6000.0,0.6328571428571429,0.067142857142857143,0.06142857142857143,0.071428571428571425,0.035714285714285712,0.0042857142857142859,0.12714285714285714,0.0
Colt McCoy,QB,WAS,9.4750000000000014,5500.0,0.7142857142857143,0.014285714285714285,0.037142857142857144,0.045714285714285714,0.02,0.0042857142857142859,0.16428571428571428,0.0
Drew Stanton,QB,ARI,9.3928571428571423,6000.0,0.62142857142857144,0.062857142857142861,0.07857142857142857,0.07571428571428572,0.042857142857142858,0.0071428571428571426,0.11142857142857143,0.0
Mike Glennon,QB,TB,9.3642857142857139,6000.0,0.66428571428571426,0.041428571428571426,0.070000000000000007,0.048571428571428571,0.029999999999999999,0.014285714285714285,0.13142857142857142,0.0
Derek Anderson,QB,CAR,9.303571428571427,5000.0,0.66714285714285715,0.044285714285714282,0.064285714285714279,0.054285714285714284,0.028571428571428571,0.0057142857142857143,0.1357142857142857,0.0
Trevone Boykin,QB,SEA,9.2107142857142854,6000.0,0.67285714285714282,0.041428571428571426,0.050000000000000003,0.071428571428571425,0.025714285714285714,0.011428571428571429,0.12714285714285714,0.0
Nate Sudfeld,QB,WAS,9.1500000000000004,5000.0,0.74714285714285711,0.011428571428571429,0.022857142857142857,0.032857142857142856,0.011428571428571429,0.0028571428571428571,0.17142857142857143,0.0
Matt Schaub,QB,ATL,9.0642857142857132,6000.0,0.70571428571428574,0.02,0.042857142857142858,0.06142857142857143,0.024285714285714285,0.014285714285714285,0.13142857142857142,0.0
Austin Davis,QB,DEN,9.0357142857142847,5500.0,0.70571428571428574,0.038571428571428569,0.037142857142857144,0.048571428571428571,0.02,0.0042857142857142859,0.14571428571428571,0.0
Matt McGloin,QB,OAK,8.9821428571428577,5500.0,0.74428571428571433,0.017142857142857144,0.022857142857142857,0.035714285714285712,0.011428571428571429,0.01,0.15857142857142856,0.0
B.J. Daniels,QB,CHI,8.8071428571428569,5000.0,0.75142857142857145,0.011428571428571429,0.028571428571428571,0.038571428571428569,0.0085714285714285719,0.0042857142857142859,0.15714285714285714,0.0
Josh Woodrum,QB,CHI,8.8071428571428569,5000.0,0.75142857142857145,0.011428571428571429,0.028571428571428571,0.038571428571428569,0.0085714285714285719,0.0042857142857142859,0.15714285714285714,0.0
David Fales,QB,CHI,8.8071428571428569,5000.0,0.75142857142857145,0.011428571428571429,0.028571428571428571,0.038571428571428569,0.0085714285714285719,0.0042857142857142859,0.15714285714285714,0.0
Jake Heaps,QB,SEA,8.6642857142857146,5000.0,0.75285714285714289,0.024285714285714285,0.024285714285714285,0.031428571428571431,0.0057142857142857143,0.0042857142857142859,0.15714285714285714,0.0
Griffin Neal,QB,NO,8.2678571428571423,5000.0,0.77571428571428569,0.014285714285714285,0.024285714285714285,0.028571428571428571,0.0057142857142857143,0.0014285714285714286,0.14999999999999999,0.0
Garrett Grayson,QB,NO,8.2678571428571423,5000.0,0.77571428571428569,0.014285714285714285,0.024285714285714285,0.028571428571428571,0.0057142857142857143,0.0014285714285714286,0.14999999999999999,0.0
Luke McCown,QB,NO,8.2678571428571423,5000.0,0.77571428571428569,0.014285714285714285,0.024285714285714285,0.028571428571428571,0.0057142857142857143,0.0014285714285714286,0.14999999999999999,0.0
Connor Cook,QB,OAK,8.2642857142857142,5000.0,0.77857142857142858,0.014285714285714285,0.021428571428571429,0.024285714285714285,0.0071428571428571426,0.0057142857142857143,0.14857142857142858,0.0
Kellen Clemens,QB,SD,8.2464285714285701,5000.0,0.72285714285714286,0.041428571428571426,0.041428571428571426,0.050000000000000003,0.02,0.0085714285714285719,0.11571428571428571,0.0
Landry Jones,QB,PIT,8.2357142857142858,6000.0,0.67571428571428571,0.052857142857142859,0.080000000000000002,0.055714285714285716,0.035714285714285712,0.017142857142857144,0.082857142857142851,0.0
Chase Daniel,QB,PHI,8.2357142857142858,5000.0,0.77000000000000002,0.021428571428571429,0.024285714285714285,0.025714285714285714,0.011428571428571429,0.0014285714285714286,0.14571428571428571,0.0
Sean Mannion,QB,LARM,8.2357142857142858,5000.0,0.73428571428571432,0.032857142857142856,0.042857142857142858,0.047142857142857146,0.015714285714285715,0.0014285714285714286,0.12571428571428572,0.0
Brandon Weeden,QB,HOU,8.0285714285714285,6000.0,0.74571428571428566,0.028571428571428571,0.040000000000000001,0.048571428571428571,0.014285714285714285,0.0028571428571428571,0.12,0.0
Joe Webb,QB,CAR,7.9714285714285706,5000.0,0.69428571428571428,0.055714285714285716,0.062857142857142861,0.06142857142857143,0.032857142857142856,0.0042857142857142859,0.088571428571428565,0.0
Tyler Bray,QB,KC,7.9607142857142854,5000.0,0.77285714285714291,0.021428571428571429,0.029999999999999999,0.032857142857142856,0.0057142857142857143,0.0014285714285714286,0.1357142857142857,0.0
Tom Savage,QB,HOU,7.8857142857142861,5000.0,0.76142857142857145,0.027142857142857142,0.035714285714285712,0.038571428571428569,0.011428571428571429,0.0,0.12571428571428572,0.0
EJ Manuel,QB,BUF,7.8107142857142851,5000.0,0.78285714285714281,0.028571428571428571,0.02,0.022857142857142857,0.0071428571428571426,0.0028571428571428571,0.1357142857142857,0.0
Logan Thomas,QB,BUF,7.8107142857142851,5000.0,0.78285714285714281,0.028571428571428571,0.02,0.022857142857142857,0.0071428571428571426,0.0028571428571428571,0.1357142857142857,0.0
Cardale Jones,QB,BUF,7.8107142857142851,5000.0,0.78285714285714281,0.028571428571428571,0.02,0.022857142857142857,0.0071428571428571426,0.0028571428571428571,0.1357142857142857,0.0
Ryan Griffin,QB,TB,7.7714285714285722,5000.0,0.78142857142857147,0.027142857142857142,0.027142857142857142,0.022857142857142857,0.0042857142857142859,0.0028571428571428571,0.13428571428571429,0.0
Jake Rudock,QB,DET,7.6642857142857146,5000.0,0.78714285714285714,0.02,0.027142857142857142,0.028571428571428571,0.0057142857142857143,0.0028571428571428571,0.12857142857142856,0.0
Dan Orlovsky,QB,DET,7.6642857142857146,5000.0,0.78714285714285714,0.02,0.027142857142857142,0.028571428571428571,0.0057142857142857143,0.0028571428571428571,0.12857142857142856,0.0
Dustin Vaughan,QB,PIT,7.628571428571429,5000.0,0.80142857142857138,0.017142857142857144,0.018571428571428572,0.02,0.0042857142857142859,0.0042857142857142859,0.13428571428571429,0.0
Brandon Doughty,QB,MIA,7.5571428571428587,5000.0,0.78714285714285714,0.025714285714285714,0.025714285714285714,0.028571428571428571,0.0042857142857142859,0.0028571428571428571,0.12571428571428572,0.0
AJ McCarron,QB,CIN,7.5571428571428569,5900.0,0.78857142857142859,0.02,0.028571428571428571,0.028571428571428571,0.0071428571428571426,0.0042857142857142859,0.12285714285714286,0.0
Matt Moore,QB,MIA,7.5428571428571427,5500.0,0.78285714285714281,0.028571428571428571,0.028571428571428571,0.028571428571428571,0.0042857142857142859,0.0042857142857142859,0.12285714285714286,0.0
Keith Wenning,QB,CIN,7.4821428571428577,5000.0,0.7985714285714286,0.018571428571428572,0.025714285714285714,0.021428571428571429,0.0071428571428571426,0.0014285714285714286,0.12714285714285714,0.0
Jeff Driskel,QB,CIN,7.4821428571428577,5000.0,0.7985714285714286,0.018571428571428572,0.025714285714285714,0.021428571428571429,0.0071428571428571426,0.0014285714285714286,0.12714285714285714,0.0
Ryan Nassib,QB,NYG,7.4357142857142859,5000.0,0.79571428571428571,0.025714285714285714,0.022857142857142857,0.022857142857142857,0.0057142857142857143,0.0014285714285714286,0.12571428571428572,0.0
Josh Johnson,QB,NYG,7.4357142857142859,5000.0,0.79571428571428571,0.025714285714285714,0.022857142857142857,0.022857142857142857,0.0057142857142857143,0.0014285714285714286,0.12571428571428572,0.0
Chad Henne,QB,JAC,7.4107142857142865,5500.0,0.77285714285714291,0.028571428571428571,0.035714285714285712,0.038571428571428569,0.015714285714285715,0.0014285714285714286,0.10714285714285714,0.0
Zach Mettenberger,QB,PIT,7.375,5000.0,0.78428571428571425,0.024285714285714285,0.032857142857142856,0.031428571428571431,0.01,0.0071428571428571426,0.11,0.0
Christian Ponder,QB,SF,7.3107142857142868,5200.0,0.79571428571428571,0.025714285714285714,0.027142857142857142,0.022857142857142857,0.0071428571428571426,0.0028571428571428571,0.11857142857142858,0.0
Brandon Allen,QB,JAC,6.8321428571428573,5000.0,0.81428571428571428,0.022857142857142857,0.025714285714285714,0.024285714285714285,0.0057142857142857143,0.0,0.10714285714285714,0.0
