name,pos,team,expectation,salary,prob_0_5,prob_5_10,prob_10_15,prob_15_20,prob_20_25,prob_25_30,prob_30+,label
Odell Beckham Jr.,WR,NYG,15.721227622000601,9000.0,0.14167765861579301,0.17098098615159998,0.18819502906095587,0.18876938452271422,0.18611279284336152,0.014401208034145983,0.10986294077142925,3.0
Mike Evans,WR,TB,14.778555125558235,8500.0,0.033736053208411047,0.21608499018148913,0.11641814460895801,0.56497930668920548,0.048440214182351622,0.0094182822847212466,0.010923008844863467,3.0
Michael Thomas,WR,NO,13.660271784884833,6900.0,0.1573890121710167,0.20675734284491101,0.12891663497487127,0.30208807529490245,0.16789749565747242,0.033716545467768699,0.0032348935890573706,3.0
Jordy Nelson,WR,GB,12.912383819378851,7400.0,0.011271829375301632,0.43789023517294201,0.24213124083698934,0.096194481043424873,0.19296721826735957,0.018113825764500265,0.0014311695394823131,1.0
Amari Cooper,WR,OAK,12.840075827523492,7800.0,0.044679559362640654,0.17173331181703666,0.57855119065986338,0.09793218746042176,0.095043207135284288,0.0087889678169090525,0.0032715757478442159,2.0
Davante Adams,WR,GB,11.994918955404799,6800.0,0.10403051448470357,0.47190509962252403,0.065342331421874164,0.16395870620858216,0.17181609057406003,0.021269084853976262,0.0016781728342799152,1.0
Doug Baldwin,WR,SEA,11.670911244123079,6900.0,0.10503528291111777,0.38902710821037018,0.19485655161991935,0.23069471524942872,0.048124948748606018,0.025893973041286919,0.0063674202192710548,1.0
Antonio Brown,WR,PIT,10.995877872656255,9000.0,0.031369265090070833,0.62903594741932012,0.14747301566101442,0.08352677721890682,0.058685202376655095,0.023027463263100637,0.026882328970931978,1.0
Julio Jones,WR,ATL,10.446464952037166,8300.0,0.089369133409759993,0.47390965879080871,0.27352578989707693,0.11217030991789283,0.034758633372014403,0.008630530933448028,0.0076359436789991521,1.0
Willie Snead,WR,NO,10.270595658651722,6500.0,0.13762052890465318,0.47980241856598149,0.15156803991933898,0.17240447066305448,0.043242101690296374,0.012571364728702798,0.0027910755279726318,1.0
Jordan Matthews,WR,PHI,9.8843933587060668,5700.0,0.32991247599227425,0.10539792303436402,0.42886349423275311,0.049923778473826272,0.068342876584777099,0.015683678301518889,0.0018757733804863697,2.0
Julian Edelman,WR,NE,8.8635200554422511,6600.0,0.31710971348466288,0.28015547506935079,0.29453041443814598,0.051331408680787713,0.037620975558782285,0.01741900275229483,0.0018330100159755457,0.0
Brandin Cooks,WR,NO,8.7940506012902748,6800.0,0.28269812920753756,0.43223716588332262,0.15363483951673754,0.056120595137259935,0.031928028582149166,0.039165796849049736,0.0042154448239433645,1.0
Allen Robinson,WR,JAC,8.779531023248456,7000.0,0.17642987570185198,0.52670089973002798,0.21713460410616175,0.040372667885216137,0.025026293370759581,0.012979243513489067,0.0013564156924934742,1.0
Kelvin Benjamin,WR,CAR,8.2004172623488447,6800.0,0.13725778966555421,0.66708071155631543,0.15195211312706441,0.016550291160332416,0.017210326716290556,0.0093737708138091364,0.00057499696063376409,1.0
Emmanuel Sanders,WR,DEN,7.8305184261322758,6400.0,0.2145118203832804,0.60037591609079566,0.1219441548089647,0.041525398656217564,0.011653211705744258,0.0095208817209215812,0.00046861663407576291,1.0
Demaryius Thomas,WR,DEN,7.6348794892862921,7100.0,0.17774659597099601,0.67850094422760199,0.1065748112780866,0.019939631587080415,0.011233021436558242,0.0056387467879255356,0.00036624871175101393,1.0
Pierre Garcon,WR,WAS,7.1619544496897225,5500.0,0.48008082800256169,0.30841709092749786,0.085316229660025458,0.070292225172590539,0.040122918477263271,0.013691073451218588,0.0020796343088427451,0.0
Adam Humphries,WR,TB,7.1257256698701914,4900.0,0.3840195409093301,0.39122843298259696,0.1695473834942666,0.035034908580036384,0.012522875550655904,0.0067192493867101934,0.00092760909640375924,1.0
Jamison Crowder,WR,WAS,7.092582752419065,6600.0,0.42050539232259837,0.38532273589687394,0.10078713059912016,0.05441044371231623,0.027877594936084361,0.010167149304754604,0.00092955322825224215,0.0
Jarvis Landry,WR,MIA,7.0459336899765868,6400.0,0.54496245108658292,0.083916904863359787,0.32106040299930488,0.021351098375205043,0.025069540464281517,0.0032265628150807903,0.00041303939618499516,0.0
Michael Crabtree,WR,OAK,6.9910763061710677,6400.0,0.56068806211495104,0.099199908955866486,0.26572567666689323,0.043939469424579006,0.018774010050126955,0.010149415099317178,0.001523457688266122,0.0
Tyreek Hill,WR,KC,6.9569084465527675,5800.0,0.36101698594818238,0.46146872205439221,0.13390772016708205,0.023406744265983784,0.012023411888161667,0.0062420368825918315,0.001934378793606121,1.0
Larry Fitzgerald,WR,ARI,6.8478758484605491,7000.0,0.27813389403926186,0.65944736015246785,0.015844688808689979,0.019994115488628287,0.017769020822243027,0.0065939882061352758,0.002216932482573636,1.0
DeAndre Hopkins,WR,HOU,6.3443074048951829,6700.0,0.60139439430848007,0.17732857534891794,0.12459972945743199,0.053252974051545186,0.036869970481261422,0.0050057824365250594,0.0015485739158381964,0.0
Kenny Britt,WR,LARM,6.1096362853930044,6900.0,0.44952751301161337,0.42615599939689319,0.095357664944396264,0.01790223282502585,0.0065567562365086585,0.0027511426229036439,0.001748690962659157,0.0
Tyrell Williams,WR,SD,5.9335856560350937,6600.0,0.51253473288860385,0.35673567693742064,0.09016231523246454,0.023403567093536345,0.0093163505824296385,0.0058847346878008371,0.0019626225777442038,0.0
Randall Cobb,WR,GB,5.782858634222098,6300.0,0.6019916543092303,0.25717683770483418,0.061654273134350769,0.049180933477488913,0.022333272247115111,0.0070661572502789816,0.00059687187670181446,0.0
Golden Tate,WR,DET,5.7785518896576393,5900.0,0.60184799800888977,0.23838156978638378,0.10467139421008334,0.028867109220475459,0.014392710519781676,0.0087607124460554811,0.0030785058083303085,0.0
Marqise Lee,WR,JAC,5.2827309424641697,5600.0,0.64680750250062879,0.23863387649367451,0.053985062886179901,0.042119842862773788,0.0093888070271617007,0.0085963159749650776,0.00046859225461634113,0.0
Tyler Boyd,WR,CIN,4.5022467320327593,5400.0,0.67554827639454496,0.27506171898974191,0.03423232664381827,0.0071667216939579189,0.0053425977180896625,0.0021079416427109872,0.00054041691713630857,0.0
DeSean Jackson,WR,WAS,4.4625035487376596,6000.0,0.75845094529913004,0.15093837189585121,0.050820409273457823,0.026061823774790948,0.007563487172358282,0.0057267716718107141,0.00043819091260086584,0.0
Eli Rogers,WR,PIT,4.1006347959781726,5200.0,0.77921245839023445,0.1679944879750308,0.022911004638287349,0.018792250396381244,0.006631040499858647,0.0037149192639321909,0.00074383883627534794,0.0
Mike Wallace,WR,BAL,3.845996956597439,6500.0,0.84822918822492444,0.071174349410834822,0.055663673390689013,0.016461120118972231,0.0056426200513560332,0.0024299751040124003,0.00039907369921109165,0.0
Taylor Gabriel,WR,ATL,3.8427399484438585,5700.0,0.84794650142107852,0.058091119960006633,0.081855607244429668,0.0050010868412144411,0.0041123390742346562,0.0027758047096062936,0.00021754074942960657,0.0
Anquan Boldin,WR,DET,3.8014108700926923,5000.0,0.86366587705001407,0.047339230564674449,0.06818982294798305,0.012018129090047467,0.0051202750091459666,0.0025370096311374338,0.0011296557069975935,0.0
Malcolm Mitchell,WR,NE,3.7282292459509372,5600.0,0.82952390428888778,0.12732358198375288,0.024401038934155912,0.0099617183507961261,0.0052528466093745762,0.0029108440443172843,0.00062606578871534702,0.0
A.J. Green,WR,CIN,3.6477694884331213,7400.0,0.87496040332268266,0.067631261632253886,0.036237512510099532,0.0079378950476906678,0.0052533050961988056,0.0048312266904526266,0.0031483957006216783,0.0
DeVante Parker,WR,MIA,3.6222797642433369,6500.0,0.86034887793988146,0.074904958477908234,0.052327092681757677,0.0071130063128088689,0.0032657157586698138,0.0018448935694612644,0.00019545525951255831,0.0
John Brown,WR,ARI,3.548853253965818,5400.0,0.83655128611518348,0.14221676656621604,0.0071363556728516351,0.0064608700388621093,0.0048768773394887374,0.0023566228875896134,0.00040122137980845243,0.0
Dontrelle Inman,WR,SD,3.5355159178470235,5200.0,0.8449631534757579,0.12271324128763278,0.020237610262929459,0.0071595755527503017,0.0028210830021316372,0.0016886824220330742,0.00041665399676466322,0.0
Mohamed Sanu,WR,ATL,3.4599181401711205,5700.0,0.8994475928495832,0.03814851245443155,0.046610415955896045,0.0054430937280962989,0.0078136822100534475,0.0023055297127387432,0.00023117308920063352,0.0
Brandon Coleman,WR,NO,3.3222149796930225,4500.0,0.89384833886415438,0.071045467121490027,0.021791288821263778,0.006981168139951823,0.0039527013907214364,0.0016107270759171258,0.00077030858650153423,0.0
Sterling Shepard,WR,NYG,3.3146862896059508,5800.0,0.90967644629779509,0.037050845985113295,0.040319434522366519,0.0086638118786556469,0.0025670563028609185,0.0014718336946157194,0.00025057131859300001,0.0
Kenny Stills,WR,MIA,3.2417239616317186,5600.0,0.89258240311058246,0.08111511457435007,0.016502506666906922,0.0060787735137536169,0.0027792524115300035,0.0008342259786016245,0.00010772374427549017,0.0
Devin Funchess,WR,CAR,3.1196330784366513,4700.0,0.89616447077754946,0.093601771952120341,0.0041272013822923441,0.0035521585848889339,0.0015428060225302508,0.00088840146545493407,0.000123189815163521,0.0
Ted Ginn Jr.,WR,CAR,2.9336487729574423,4900.0,0.95384931591466871,0.020583198241942335,0.018071381083209648,0.0030626943435776298,0.0023158990803824652,0.0014744725697079487,0.0006430387665114193,0.0
Cameron Meredith,WR,CHI,2.9336385286621693,5600.0,0.95251746656435587,0.022521358014393981,0.017263466553511648,0.0038397310881775775,0.0018670764488838314,0.0014992953989689784,0.00049160593170825622,0.0
Chris Hogan,WR,NE,2.9087683507773616,5500.0,0.93914092243773251,0.046060314947703226,0.011353495487792346,0.0015379991908403446,0.0012921950082114128,0.00052959160224406293,8.5481325476495057e-05,0.0
Allen Hurns,WR,JAC,2.8855675411721347,5000.0,0.95123997886087286,0.032219564057516317,0.0087879765604178036,0.0049017312760111292,0.0018246399969816596,0.00090364858212381785,0.00012246066607629863,0.0
J.J. Nelson,WR,ARI,2.845262273733967,5100.0,0.95453020215345841,0.03411008003575218,0.004324654383212178,0.0034992410937928963,0.0022264197723168098,0.0010809687170446726,0.00022843384442273085,0.0
Dorial Green-Beckham,WR,PHI,2.831908594343552,4500.0,0.94514869108354904,0.048698258850018689,0.0032828324538534668,0.0012708986078161107,0.00096716371263655203,0.00044837664121975758,0.00018377865090638085,0.0
Jeremy Kerley,WR,SF,2.794974168831053,5300.0,0.96613392127330167,0.018092489442804886,0.010553331899155489,0.0025141852533168974,0.0015937068786436742,0.00090138459499080215,0.00021098065778693868,0.0
Justin Hardy,WR,ATL,2.7762780243061624,4500.0,0.96355752168312503,0.026973675557071034,0.0045110304896407872,0.0024127656818255204,0.0013410815096755091,0.00077884518040191814,0.00042507989826024524,0.0
Seth Roberts,WR,OAK,2.7732642865586432,4800.0,0.97198972134387807,0.0048387786383175197,0.02123264608133265,0.00094469259598789913,0.00059224717809295462,0.00031114803008662083,9.0766132304175053e-05,0.0
Russell Shepard,WR,TB,2.7494171870271598,4500.0,0.96168920736318053,0.032833406076544988,0.0026049286696811238,0.0012219179389769946,0.00076074707529620459,0.00043481454978201852,0.00045497832653825648,0.0
Tavon Austin,WR,LARM,2.7081595339402171,5000.0,0.96924216981821942,0.025796503845361307,0.0019252919852067068,0.001473617997509849,0.00077583641708919534,0.00043476685107032712,0.00035181308554320119,0.0
Tyler Lockett,WR,SEA,2.6940059157630318,5000.0,0.97500109127717927,0.017562637545701178,0.003616449610286762,0.002230070187842863,0.00088819354459365263,0.00053164285276521568,0.00016991498163111416,0.0
Brandon LaFell,WR,CIN,2.6869909703114594,4900.0,0.97264145724866935,0.022125270261277346,0.0025167323006127086,0.0014065221352648541,0.00075316792239619188,0.00040820316810539272,0.00014864696367425213,0.0
Will Fuller,WR,HOU,2.6855271489368522,5600.0,0.9759243011718125,0.015282201103252194,0.006008945337996726,0.0017647244222705313,0.0006878230540513031,0.00026543959593296949,6.6565314683581273e-05,0.0
Michael Floyd,WR,ARI,2.6763365622127009,4900.0,0.97379917730757404,0.021670337016403089,0.001962080064080897,0.0012576786261498769,0.00078083524032467099,0.00044523859154300098,8.465315392487956e-05,0.0
Braxton Miller,WR,HOU,2.6739953455391685,4500.0,0.97024721761078481,0.026678818161188892,0.0019245534766723284,0.00061930556147121827,0.00032536249615464368,0.00014603345664463893,5.8709237083761067e-05,0.0
Jermaine Kearse,WR,SEA,2.627922273306575,4600.0,0.98635222939725853,0.0065841372932393151,0.0042251140025785531,0.0015100591044416229,0.00081282341343977564,0.00038868048862765681,0.00012695630041480743,0.0
Andre Roberts,WR,DET,2.6175732349423559,4500.0,0.98780441514720096,0.0061602808060994361,0.0032141263670710835,0.0014167756474259355,0.00074032098576736513,0.00040134949263000852,0.00026273155380498824,0.0
Chris Conley,WR,KC,2.6143674319260488,4500.0,0.98652869246094654,0.0088293402187146069,0.0020543674195019151,0.0013068682352643832,0.00064558334435529333,0.0004639938957567722,0.00017115442546048921,0.0
Marquess Wilson,WR,CHI,2.6061682299231541,5400.0,0.9841175005461652,0.013025936184124454,0.0015855046263705554,0.00061395380726419427,0.00032132685299394943,0.00018201678402295822,0.00015376119905879029,0.0
Jeremy Maclin,WR,KC,2.5867005121842617,5800.0,0.990573091120314,0.0054397948655645978,0.0022083238967176692,0.0006111519741432385,0.0006308686923839318,0.0002415148965416156,0.00029525455433519743,0.0
Sammy Watkins,WR,BUF,2.5767592723360639,6300.0,0.99181096116295342,0.0042112152740216499,0.0022876282561674365,0.00077508184265089226,0.00049878088723285337,0.0003074320975728844,0.00010890047940116374,0.0
Kamar Aiken,WR,BAL,2.5753618612877984,4500.0,0.98817258311266398,0.010138998119390731,0.00076466032162657782,0.00052516885002625285,0.00022970103574412564,0.00012535522780190693,4.3533332746328414e-05,0.0
Robert Woods,WR,BUF,2.5620212863399607,5100.0,0.99325359995458029,0.0033086134096772797,0.0023055115131828245,0.00043311095245697218,0.00043212995211439872,0.00018596950053449714,8.1064717453582162e-05,0.0
Chris Harper,WR,SF,2.5606518975841235,4500.0,0.99235452906454391,0.0054893848973368818,0.0010502502973645871,0.0004684042002998286,0.00030562978568355302,0.00016263274992458959,0.00016916900484646884,0.0
Torrey Smith,WR,SF,2.5463346885485136,4800.0,0.9952539556327672,0.0023091604658276163,0.001347513607029777,0.00050210373686160792,0.00031653769031559498,0.00017963305254755174,9.109581465083283e-05,0.0
Breshad Perriman,WR,BAL,2.5453154085024092,5200.0,0.9945840162027022,0.0031821199155694074,0.0012709293482974959,0.00064924271597817504,0.00020321333487566175,9.3059023914014328e-05,1.7419458663097808e-05,0.0
Paul Richardson,WR,SEA,2.5424401243223458,4500.0,0.99544037126040197,0.002721965304716988,0.0006121272177613199,0.0007237069384050433,0.00026301909968429237,0.00015577216894732804,8.3038010083153632e-05,0.0
Rod Streater,WR,SF,2.5379227161717415,4500.0,0.99482957209462053,0.0040295024023676894,0.00043035086569632823,0.0004066488548634338,0.00015114836254792789,8.2169429050022607e-05,7.0607990854686938e-05,0.0
Bennie Fowler,WR,DEN,2.5372973711662001,4500.0,0.9952978411658765,0.0027237709386027549,0.001523841189797828,0.00024083878661200736,0.00012665688981936465,7.1303129645328617e-05,1.5747899646377489e-05,0.0
Victor Cruz,WR,NYG,2.53210941936165,4900.0,0.99606602859743254,0.0024712539345835695,0.00083065671852393993,0.0004024423460067503,0.00012198350055329571,7.0380938922018273e-05,3.725396397770646e-05,0.0
Roger Lewis,WR,NYG,2.5314364323609873,4500.0,0.99652794066892791,0.0019244937029925548,0.00084116416772881417,0.00037183156890301626,0.00018413656783256135,9.9595431860641592e-05,5.0837891754566567e-05,0.0
Albert Wilson,WR,KC,2.5289935713853189,4500.0,0.99715525226499235,0.001217169567300692,0.0009386207583214958,0.00031681577444819798,0.00018295266728513964,0.00013845539273645271,5.073357491577865e-05,0.0
Quinton Patton,WR,SF,2.5247266484899962,4500.0,0.99754542805832414,0.0011843993413783382,0.00064287876025766893,0.00026538193643475138,0.00021283380840914719,9.4210550407411076e-05,5.4867544788857738e-05,0.0
Geronimo Allison,WR,GB,2.5229951713151499,4600.0,0.99734681222683941,0.0017198981716321936,0.00027650484860527032,0.00043289612980873581,0.0001254076347671456,7.6212639043917577e-05,2.2268349303506703e-05,0.0
Jordan Taylor,WR,DEN,2.522819458492414,4500.0,0.99729819922064289,0.0016179547801792198,0.00062348100637825508,0.00024577428899755861,0.00012699452235222672,7.7134153520982545e-05,1.0462027929298039e-05,0.0
Brian Quick,WR,LARM,2.5216501669673774,4500.0,0.99750824046875852,0.0017507493939050156,0.00029462127263540287,0.00015832382856005277,0.00010768392425718106,5.8761970435783173e-05,0.0001216191414479708,0.0
Danny Amendola,WR,NE,2.5216485179420305,4500.0,0.99733823492164331,0.0019061039773038012,0.00026709716947534678,0.00024183948640013435,0.00012054998338110169,9.2298081498698581e-05,3.3876380297435916e-05,0.0
Justin Hunter,WR,BUF,2.5215818958735445,5400.0,0.99759575443292126,0.001384461606972886,0.00050609758469691529,0.00025114666055665961,0.00016090542870440342,9.1974772070594615e-05,9.6595140772060922e-06,0.0
Johnny Holton,WR,OAK,2.5208069878118122,4500.0,0.99810560479033872,0.00088272097359198712,0.00047059249770943978,0.00021434617153986497,0.0001298559959200021,6.9792077199339449e-05,0.00012708749370080006,0.0
Marquise Goodwin,WR,BUF,2.5190671342919342,5200.0,0.99781681545473533,0.0013346916091908569,0.00038838155362173708,0.00025656989547442497,0.00011810700204734368,6.3659803137673887e-05,2.1774681792547927e-05,0.0
James Wright,WR,CIN,2.5175832023407492,4500.0,0.99733133933293883,0.0022502824382788595,0.00021007690419434506,9.121302345558762e-05,5.6984005653201989e-05,3.0699194740165995e-05,2.940510073877323e-05,0.0
Nelson Agholor,WR,PHI,2.517518211189929,4500.0,0.99847135030155121,0.00064318862380657806,0.00030992236551575164,0.00028667613570554552,0.00015023118337869601,8.0965528505050252e-05,5.7665861537081033e-05,0.0
Bradley Marquez,WR,LARM,2.5172181176958,4500.0,0.99812328587960963,0.0013095094604201945,0.00019709929181313421,0.0001192313934794769,7.437489398135924e-05,4.1681523850040396e-05,0.00013481755684608727,0.0
Jordan Norwood,WR,DEN,2.5156044344123432,4500.0,0.99784788699108073,0.0016762479744460734,0.00019754727373500286,0.00014483373311823883,8.0912790542932264e-05,3.3547361314862607e-05,1.9023875761839509e-05,0.0
Travis Benjamin,WR,SD,2.5149013440989054,5200.0,0.99795247598828041,0.0015985079636132542,0.00020926366662975078,0.00010564385874042677,6.6434924033337444e-05,3.9544094011465787e-05,2.8129504691731608e-05,0.0
Dwayne Harris,WR,NYG,2.511796647024227,4500.0,0.99849084849776637,0.0010883793650455244,0.00020928085491016997,9.4047572298996011e-05,5.8270747227892351e-05,3.164108914038676e-05,2.7531873610607887e-05,0.0
Brandon Tate,WR,BUF,2.5107567930029355,4500.0,0.99836395778306319,0.0013734600275208645,0.00011712648087638432,7.1418973622979236e-05,4.5717591211226713e-05,2.5037405654983939e-05,3.2817380499818727e-06,0.0
Deonte Thompson,WR,CHI,2.5096625490172766,4500.0,0.99874758796309671,0.00089485016670067604,0.00020099681555569519,7.2563420295421502e-05,3.8659383590498683e-05,2.0924279699754475e-05,2.4417971060972308e-05,0.0
Leonte Carroo,WR,MIA,2.5077090755085214,4500.0,0.99905488862330027,0.00054743473571697927,0.0002794736461974247,7.0386158837846521e-05,2.6011036496471761e-05,1.4338163559245219e-05,7.4676358918154693e-06,0.0
Eddie Royal,WR,CHI,2.5076691602672767,5100.0,0.99905708276715377,0.00065389774111481824,0.00015289257092213551,5.1569644183795039e-05,4.102926506257845e-05,1.8405931641944706e-05,2.5122079920754924e-05,0.0
Bryan Walters,WR,JAC,2.5074761867068913,4500.0,0.99922386318754508,0.00039581049100993401,0.00022735338563474586,7.0796294019082509e-05,3.0939837789350586e-05,1.6311586749025136e-05,3.492521725221836e-05,0.0
Steve Smith Sr.,WR,BAL,2.5059622513953208,6100.0,0.99941231774918549,0.00029417150919856225,0.00014469951763404915,6.3885338198278006e-05,3.9415923650828552e-05,2.4169818977383609e-05,2.1340143155735813e-05,0.0
Aldrick Robinson,WR,ATL,2.5048489704524091,4500.0,0.99949946604967255,0.00032489310304755886,5.1214018057916668e-05,4.8173396760982075e-05,2.9072292148731048e-05,1.6675879727432366e-05,3.0505260585112614e-05,0.0
Marvin Jones Jr.,WR,DET,2.5047996238833861,5600.0,0.99957662396422819,0.00019643063733954913,0.00010280152824917866,4.3562348260368637e-05,2.8677026275827732e-05,1.6588859166578463e-05,3.5315636480281907e-05,0.0
Eric Weems,WR,ATL,2.5046021278427899,4500.0,0.99955508557943862,0.0002692212252578646,4.9885586808409286e-05,4.8176077518395167e-05,2.9073909966197395e-05,1.6676826204182087e-05,3.188079480652079e-05,0.0
Alex Erickson,WR,CIN,2.5042297509620757,4500.0,0.9995177221824797,0.00031156247820615673,7.9680277979343031e-05,3.8285937140551043e-05,2.365387879151625e-05,1.5710175636164345e-05,1.3385069766428518e-05,0.0
Pharoh Cooper,WR,LARM,2.5041993218231435,4500.0,0.99968600154482701,0.00015800132072237876,3.8176338566342091e-05,2.8430537121582041e-05,1.827418749847789e-05,1.0088305201670605e-05,6.1027766062554317e-05,0.0
Cobi Hamilton,WR,PIT,2.5039912060430258,4500.0,0.99954078603763274,0.00031116043516284228,5.8587255742650323e-05,3.9724479284495224e-05,2.2026621975503963e-05,1.1681513405943602e-05,1.6033656795708861e-05,0.0
Tanner McEvoy,WR,SEA,2.5039678122865578,5000.0,0.99968798393023151,0.00011746778949920796,7.5968057641071429e-05,4.4118450835210147e-05,2.7410566407226982e-05,1.578126707585049e-05,3.1269938310203144e-05,0.0
Tommylee Lewis,WR,NO,2.5039201832432112,4500.0,0.99964347745079196,0.0001579924878820523,8.1769070054330158e-05,5.6642268832433512e-05,2.9446482337450971e-05,1.6384183905301233e-05,1.4288056196585802e-05,0.0
Freddie Martino,WR,TB,2.5037984639377995,4500.0,0.999585180464449,0.00017602415227061172,0.00018585007141940535,2.514016515471661e-05,1.3174962086038569e-05,7.4987009267610304e-06,7.1314836935912115e-06,0.0
Jeff Janis,WR,GB,2.5036060048731401,4500.0,0.99961340756332762,0.00023610231918291328,5.0728460234648338e-05,4.6936502393376838e-05,2.9973070887610119e-05,1.7065734390844591e-05,5.7863495832052521e-06,0.0
Andre Holmes,WR,OAK,2.5035831637992465,4500.0,0.99968891559725248,9.6140084725868747e-05,0.00013414604694364266,3.0904325538315747e-05,1.9561098057901891e-05,1.0613530826423139e-05,1.9719316655020593e-05,0.0
Mike Thomas,WR,LARM,2.503562015628078,4500.0,0.99975274806559666,0.00011141733107793562,3.5805286917940429e-05,2.1479390950994118e-05,1.3656759493069119e-05,7.6637125918530592e-06,5.7229453371843516e-05,0.0
De'Anthony Thomas,WR,KC,2.50339339082102,4500.0,0.99962955866175363,0.00023357243860559903,5.9996656860314601e-05,3.0743711844692905e-05,1.8822816855458271e-05,1.3264755067760063e-05,1.4040959012763449e-05,0.0
Trevor Davis,WR,GB,2.5031149761234066,4500.0,0.99963332795985049,0.00026212975045011465,2.4533237727855149e-05,3.9179241586633638e-05,2.1229262959339405e-05,1.2039557392412453e-05,7.5609900332473301e-06,0.0
Ryan Grant,WR,WAS,2.5030067344821818,4500.0,0.99969780782365691,0.00016241116521046394,5.6245471543292383e-05,4.1423969017365656e-05,2.1313575133596303e-05,1.2178926532064104e-05,8.6190689065146765e-06,0.0
Brittan Golden,WR,ARI,2.5027847693008853,4500.0,0.99959797562572805,0.00033101601370966589,2.945245105861353e-05,1.8301281682281297e-05,1.1592141209871433e-05,6.6970856725782621e-06,4.9654009386374564e-06,0.0
Brenton Bersin,WR,CAR,2.5027022798755114,4500.0,0.99970348846861734,0.00018690361153964391,5.1369933044506677e-05,2.2741778655653652e-05,1.4484637924776313e-05,7.9510644059247282e-06,1.3060505812006104e-05,0.0
Jake Lampman,WR,NO,2.5026506087764395,4500.0,0.99978635852378783,0.00011973984560500156,1.4789529918851726e-05,2.3998589782735738e-05,1.5627020982620692e-05,6.9087919567928083e-06,3.2577697966520995e-05,0.0
Arrelious Benn,WR,JAC,2.5025169036476047,4500.0,0.99972209201908058,0.00013771129031844894,0.0001012488409271819,1.6110097675757144e-05,1.0159750081718763e-05,5.4696989753873673e-06,7.2083029410517398e-06,0.0
Jared Dangerfield,WR,NO,2.5023904616266424,4500.0,0.99978051970022519,0.0001156328123244481,3.518859726401837e-05,2.7543469848337097e-05,1.7404482884367893e-05,9.5247440345447979e-06,1.4186193418605423e-05,0.0
Kyle Prater,WR,NO,2.5023904616266424,4500.0,0.99978051970022519,0.0001156328123244481,3.518859726401837e-05,2.7543469848337097e-05,1.7404482884367893e-05,9.5247440345447979e-06,1.4186193418605423e-05,0.0
Vincent Brown,WR,NO,2.5023904616266424,4500.0,0.99978051970022519,0.0001156328123244481,3.518859726401837e-05,2.7543469848337097e-05,1.7404482884367893e-05,9.5247440345447979e-06,1.4186193418605423e-05,0.0
Tavarres King,WR,NYG,2.5022630895098223,4500.0,0.99972148394774285,0.00020551233314596113,2.5315857110876221e-05,2.0288769251135555e-05,1.2787960799399352e-05,7.0111026855705741e-06,7.6000292642818175e-06,0.0
Aaron Burbridge,WR,SF,2.5020956989710399,4500.0,0.99982688824655586,7.3893070930331248e-05,4.0930797939652933e-05,2.0597602824341436e-05,1.3057371185086599e-05,7.1673896548037556e-06,1.7465520909412582e-05,0.0
Corey Brown,WR,CAR,2.5018453630405482,4500.0,0.9997596641386941,0.00017018611618113772,4.2268583826417443e-05,1.1873131478225071e-05,7.6400080507085641e-06,4.148162574204203e-06,4.219859194950183e-06,0.0
Percy Harvin,WR,BUF,2.5018386475767933,4900.0,0.99982332129890361,0.00010359600727894493,2.6599389179537176e-05,1.6222780280203193e-05,1.0277773824413784e-05,5.8217232540674251e-06,1.4161027278820467e-05,0.0
Rashad Ross,WR,WAS,2.5017643860715562,4500.0,0.9998396908840087,7.8536038500342842e-05,3.3780635849939255e-05,1.8818866071451404e-05,1.1825425100256218e-05,6.4942483702369121e-06,1.0853902099133822e-05,0.0
Griff Whalen,WR,SD,2.5016462122523251,4500.0,0.99985247701061841,7.6219520384390699e-05,2.4690048394713671e-05,1.8609837486196058e-05,9.8117895490341997e-06,6.4536637016097613e-06,1.173812986587293e-05,0.0
Shaq Evans,WR,NE,2.5015240232098734,4500.0,0.99985937501786659,6.6751152082829211e-05,3.2934439907015539e-05,1.677550429246997e-05,1.0606233553018591e-05,5.7943846334008715e-06,7.7632676648007022e-06,0.0
DeAndre Carter,WR,NE,2.5015240232098734,4500.0,0.99985937501786659,6.6751152082829211e-05,3.2934439907015539e-05,1.677550429246997e-05,1.0606233553018591e-05,5.7943846334008715e-06,7.7632676648007022e-06,0.0
DeAndrew White,WR,NE,2.5015240232098734,4500.0,0.99985937501786659,6.6751152082829211e-05,3.2934439907015539e-05,1.677550429246997e-05,1.0606233553018591e-05,5.7943846334008715e-06,7.7632676648007022e-06,0.0
Sammie Coates,WR,PIT,2.5014467505828528,4500.0,0.99990247742498506,2.5113269493949056e-05,2.1478859716862025e-05,1.9574742627446316e-05,1.2435597407287114e-05,6.7787849153285673e-06,1.2141320854535862e-05,0.0
Keith Mumphery,WR,HOU,2.5014438761342372,4500.0,0.99981837259644135,0.00013453012213972173,1.6290299139520085e-05,1.5841377051337861e-05,6.9888845010871399e-06,3.7758983012176394e-06,4.2008224252915343e-06,0.0
Jared Abbrederis,WR,GB,2.5014306150341219,4500.0,0.999885892348928,4.866146247910679e-05,2.1775266172364552e-05,1.7090484245191665e-05,9.0724078162735647e-06,4.9681795548037338e-06,1.2539850804006018e-05,0.0
Daniel Braverman,WR,CHI,2.5013916028680288,4500.0,0.99988863917268878,5.05437820271067e-05,2.10135122896462e-05,1.3031056140742997e-05,8.2387949574022416e-06,4.5116757173233187e-06,1.402200617861775e-05,0.0
Kevin White,WR,CHI,2.5013916028680288,4500.0,0.99988863917268878,5.05437820271067e-05,2.10135122896462e-05,1.3031056140742997e-05,8.2387949574022416e-06,4.5116757173233187e-06,1.402200617861775e-05,0.0
Joshua Bellamy,WR,CHI,2.5013916028680288,4500.0,0.99988863917268878,5.05437820271067e-05,2.10135122896462e-05,1.3031056140742997e-05,8.2387949574022416e-06,4.5116757173233187e-06,1.402200617861775e-05,0.0
Kieran Duncan,WR,CHI,2.5013916028680288,4500.0,0.99988863917268878,5.05437820271067e-05,2.10135122896462e-05,1.3031056140742997e-05,8.2387949574022416e-06,4.5116757173233187e-06,1.402200617861775e-05,0.0
Deshon Foxx,WR,SEA,2.5013812686601877,4500.0,0.99987946646068449,5.6372907692446483e-05,2.5256105213715046e-05,1.4917729744186644e-05,9.4205723058001792e-06,5.1648819173795875e-06,9.4013424422739056e-06,0.0
Kevin Smith,WR,SEA,2.5013812686601877,4500.0,0.99987946646068449,5.6372907692446483e-05,2.5256105213715046e-05,1.4917729744186644e-05,9.4205723058001792e-06,5.1648819173795875e-06,9.4013424422739056e-06,0.0
Jaron Brown,WR,ARI,2.501354760313085,4500.0,0.99986958899662259,7.0894525503032449e-05,2.4302472091310626e-05,1.3848740448965483e-05,8.7215258002867366e-06,4.776025724128053e-06,7.8677138096487989e-06,0.0
Keshawn Martin,WR,SF,2.5013541639453538,4500.0,0.99988348812613803,5.4825021560905707e-05,2.4878463984093125e-05,1.3038254354843292e-05,8.243333566381565e-06,4.5076402392505335e-06,1.1019160156216357e-05,0.0
Mose Frazier,WR,SF,2.5013541639453538,4500.0,0.99988348812613803,5.4825021560905707e-05,2.4878463984093125e-05,1.3038254354843292e-05,8.243333566381565e-06,4.5076402392505335e-06,1.1019160156216357e-05,0.0
Levi Norwood,WR,PIT,2.5013317872673153,4500.0,0.99988724309485033,5.3401170028060864e-05,2.0949432010549613e-05,1.4035958332937173e-05,8.8741705692715164e-06,4.8481801458971416e-06,1.0647994062849788e-05,0.0
Markus Wheaton,WR,PIT,2.5013317872673153,4500.0,0.99988724309485033,5.3401170028060864e-05,2.0949432010549613e-05,1.4035958332937173e-05,8.8741705692715164e-06,4.8481801458971416e-06,1.0647994062849788e-05,0.0
Canaan Severin,WR,PIT,2.5013317872673153,4500.0,0.99988724309485033,5.3401170028060864e-05,2.0949432010549613e-05,1.4035958332937173e-05,8.8741705692715164e-06,4.8481801458971416e-06,1.0647994062849788e-05,0.0
Hunter Sharp,WR,PHI,2.5013160403649053,4500.0,0.99988927658217019,4.934080364734607e-05,2.1837285357155509e-05,1.6501843577207823e-05,8.7599555244781874e-06,4.7970649434470587e-06,9.4864647803828024e-06,0.0
Chris Givens,WR,PHI,2.5013160403649053,4500.0,0.99988927658217019,4.934080364734607e-05,2.1837285357155509e-05,1.6501843577207823e-05,8.7599555244781874e-06,4.7970649434470587e-06,9.4864647803828024e-06,0.0
Cayleb Jones,WR,PHI,2.5013160403649053,4500.0,0.99988927658217019,4.934080364734607e-05,2.1837285357155509e-05,1.6501843577207823e-05,8.7599555244781874e-06,4.7970649434470587e-06,9.4864647803828024e-06,0.0
Xavier Rush,WR,PHI,2.5013160403649053,4500.0,0.99988927658217019,4.934080364734607e-05,2.1837285357155509e-05,1.6501843577207823e-05,8.7599555244781874e-06,4.7970649434470587e-06,9.4864647803828024e-06,0.0
Aaron Dobson,WR,DET,2.501275904971481,4500.0,0.99990154349086535,3.9031537988435857e-05,2.2589225319391708e-05,1.222941816641458e-05,7.7228872292004304e-06,4.2341070357485248e-06,1.2649333395981729e-05,0.0
Quinshad Davis,WR,DET,2.501275904971481,4500.0,0.99990154349086535,3.9031537988435857e-05,2.2589225319391708e-05,1.222941816641458e-05,7.7228872292004304e-06,4.2341070357485248e-06,1.2649333395981729e-05,0.0
Cody Latimer,WR,DEN,2.5012720221118445,4500.0,0.99987396990107613,6.292720389073046e-05,3.1450481039659114e-05,1.4605004865120251e-05,7.7954497244251914e-06,4.3721954821125272e-06,4.8797639223019067e-06,0.0
Rashawn Scott,WR,MIA,2.5012037494453687,4500.0,0.99988528439272839,5.7544615830517986e-05,2.4114212216172329e-05,1.5245889523014399e-05,7.9903376874368238e-06,4.3705057362391949e-06,5.4500462785737901e-06,0.0
Tyler Murphy,WR,MIA,2.5012037494453687,4500.0,0.99988528439272839,5.7544615830517986e-05,2.4114212216172329e-05,1.5245889523014399e-05,7.9903376874368238e-06,4.3705057362391949e-06,5.4500462785737901e-06,0.0
Kashif Moore,WR,KC,2.5011624777358228,4500.0,0.99990471778017764,4.4079878514031876e-05,1.8329869004993226e-05,1.1056374322445873e-05,6.9903355827875521e-06,3.8279934965339261e-06,1.0997768901448892e-05,0.0
Donteea Dye,WR,TB,2.5011553606988799,4500.0,0.99989745217138692,4.7723112902892036e-05,2.3296554196606421e-05,1.2180600478737919e-05,7.6909956161666579e-06,4.211693760056072e-06,7.4448716582885443e-06,0.0
Vincent Jackson,WR,TB,2.5011553606988799,4500.0,0.99989745217138692,4.7723112902892036e-05,2.3296554196606421e-05,1.2180600478737919e-05,7.6909956161666579e-06,4.211693760056072e-06,7.4448716582885443e-06,0.0
Cecil Shorts III,WR,TB,2.5011553606988799,4500.0,0.99989745217138692,4.7723112902892036e-05,2.3296554196606421e-05,1.2180600478737919e-05,7.6909956161666579e-06,4.211693760056072e-06,7.4448716582885443e-06,0.0
Bryce Treggs,WR,PHI,2.5011523764385486,4500.0,0.99988329109286456,6.7409261399495627e-05,1.3687275064944761e-05,1.8512899965167027e-05,9.3491893776202341e-06,5.0805399044789512e-06,2.6697414234092258e-06,0.0
DeVier Posey,WR,DEN,2.5011472129282706,4500.0,0.99988516299717201,6.065914512571171e-05,2.5430414301779345e-05,1.2316173048735467e-05,7.7765398657251984e-06,4.258543228778583e-06,4.3961872572099331e-06,0.0
Bralon Addison,WR,DEN,2.5011472129282706,4500.0,0.99988516299717201,6.065914512571171e-05,2.5430414301779345e-05,1.2316173048735467e-05,7.7765398657251984e-06,4.258543228778583e-06,4.3961872572099331e-06,0.0
Marlon Brown,WR,DEN,2.5011472129282706,4500.0,0.99988516299717201,6.065914512571171e-05,2.5430414301779345e-05,1.2316173048735467e-05,7.7765398657251984e-06,4.258543228778583e-06,4.3961872572099331e-06,0.0
Durron Neal,WR,DEN,2.5011472129282706,4500.0,0.99988516299717201,6.065914512571171e-05,2.5430414301779345e-05,1.2316173048735467e-05,7.7765398657251984e-06,4.258543228778583e-06,4.3961872572099331e-06,0.0
Marcus Easley,WR,BUF,2.5010833732476336,4500.0,0.99991069317402781,4.1358335708660001e-05,1.6288299115178776e-05,1.1260183075731777e-05,7.1191821430431196e-06,3.8952871690355213e-06,9.3855387604902705e-06,0.0
Walt Powell,WR,BUF,2.5010833732476336,4500.0,0.99991069317402781,4.1358335708660001e-05,1.6288299115178776e-05,1.1260183075731777e-05,7.1191821430431196e-06,3.8952871690355213e-06,9.3855387604902705e-06,0.0
Kolby Listenbee,WR,BUF,2.5010833732476336,4500.0,0.99991069317402781,4.1358335708660001e-05,1.6288299115178776e-05,1.1260183075731777e-05,7.1191821430431196e-06,3.8952871690355213e-06,9.3855387604902705e-06,0.0
Greg Salas,WR,BUF,2.5010833732476336,4500.0,0.99991069317402781,4.1358335708660001e-05,1.6288299115178776e-05,1.1260183075731777e-05,7.1191821430431196e-06,3.8952871690355213e-06,9.3855387604902705e-06,0.0
Duke Williams,WR,LARM,2.5010792300828188,4500.0,0.99990526303726124,4.2813202079447026e-05,2.2528337673118889e-05,1.127331827771981e-05,7.1181438838369436e-06,3.8947577275585276e-06,7.1092030971998949e-06,0.0
Paul McRoberts,WR,LARM,2.5010792300828188,4500.0,0.99990526303726124,4.2813202079447026e-05,2.2528337673118889e-05,1.127331827771981e-05,7.1181438838369436e-06,3.8947577275585276e-06,7.1092030971998949e-06,0.0
Nelson Spruce,WR,LARM,2.5010792300828188,4500.0,0.99990526303726124,4.2813202079447026e-05,2.2528337673118889e-05,1.127331827771981e-05,7.1181438838369436e-06,3.8947577275585276e-06,7.1092030971998949e-06,0.0
Tevin Jones,WR,HOU,2.5010783023987315,4500.0,0.99989510044113405,5.3807860818050083e-05,2.1154236174693247e-05,1.4296083414285622e-05,7.5308324530006715e-06,4.1239883421151712e-06,3.986557663620053e-06,0.0
Josh Huff,WR,TB,2.5010664179033135,4500.0,0.99990124159264759,4.7709332540684591e-05,2.3301420184147333e-05,1.1008181988328076e-05,7.0587649945942342e-06,3.4751985875271559e-06,6.2055090573136777e-06,0.0
Kadron Boone,WR,NYG,2.5010181459478993,4500.0,0.99991125028498329,4.301323368697277e-05,1.7330716037749321e-05,1.0487874032603639e-05,6.6143396792198474e-06,3.6263615109586749e-06,7.6771900689310001e-06,0.0
Matthew Slater,WR,NE,2.501006694111132,4500.0,0.99991384079406542,4.3692252761367176e-05,1.2406117778735013e-05,1.1263330017660886e-05,6.9172513885330422e-06,3.8975417500748409e-06,7.9827122384392886e-06,0.0
Jaelen Strong,WR,HOU,2.5009908257555291,4500.0,0.99989854965401737,5.1108425653507368e-05,2.6526928881798142e-05,1.1544568187597644e-05,6.1386220614438701e-06,3.3613552714246686e-06,2.7704459266550179e-06,0.0
Darrius Heyward-Bey,WR,PIT,2.5009721478575937,4500.0,0.99994208145853658,8.257920320147184e-06,1.3468936373182233e-05,1.4469664886223421e-05,7.6374114632382811e-06,4.1832111986104433e-06,9.901397222640318e-06,0.0
Rashad Greene Sr.,WR,JAC,2.5009464389283318,4500.0,0.99990765058785047,5.5108532718490653e-05,1.368518423176966e-05,8.277148217924078e-06,5.2185814628166424e-06,2.8577745926810646e-06,7.2021909255434913e-06,0.0
Tony Washington,WR,JAC,2.5009464389283318,4500.0,0.99990765058785047,5.5108532718490653e-05,1.368518423176966e-05,8.277148217924078e-06,5.2185814628166424e-06,2.8577745926810646e-06,7.2021909255434913e-06,0.0
Isaiah Burse,WR,SD,2.5009110503918066,4500.0,0.99992891439165643,2.9923329392829552e-05,1.4216014896190605e-05,9.1630198701210381e-06,5.7856850103762774e-06,3.1741434047572099e-06,8.8234157692983098e-06,0.0
Josh Doctson,WR,WAS,2.5009045474358844,4500.0,0.99991310493268604,4.5506253193084216e-05,1.6950421559519533e-05,1.0244972048006676e-05,6.4735553191451674e-06,3.5372468778358533e-06,4.182618316161416e-06,0.0
Jakeem Grant,WR,MIA,2.5008616943534543,4500.0,0.99992505784891905,1.9925270987987604e-05,3.573785273805191e-05,7.4850365846662669e-06,5.6737504810566665e-06,2.6625195552930533e-06,3.4577207341466697e-06,0.0
Demarcus Robinson,WR,KC,2.5008552785284937,4500.0,0.99992747885052546,3.7034290734625453e-05,1.2011850516264892e-05,7.6090503948699189e-06,4.7836606806737496e-06,2.6660076234903429e-06,8.4162895241681681e-06,0.0
Keyarris Garrett,WR,CAR,2.5008438521884524,4500.0,0.99992096355536064,4.2044774116364983e-05,1.4058632127125512e-05,9.0278199958426995e-06,5.6779776989723979e-06,3.1093573451566045e-06,5.1178833554926662e-06,0.0
Damiere Byrd,WR,CAR,2.5008438521884524,4500.0,0.99992096355536064,4.2044774116364983e-05,1.4058632127125512e-05,9.0278199958426995e-06,5.6779776989723979e-06,3.1093573451566045e-06,5.1178833554926662e-06,0.0
Cody Core,WR,CIN,2.5005252709662695,4500.0,0.99995399867063162,1.8564471314440967e-05,1.2590461990214854e-05,6.6783978743322851e-06,3.5602861843967421e-06,1.9451122889629226e-06,2.6625997159388133e-06,0.0
Chris Moore,WR,BAL,2.5004367629238966,4500.0,0.99995908304353254,1.9827636872079279e-05,9.8901803395304829e-06,4.4578806028887432e-06,2.8444888090974016e-06,1.5573425316144086e-06,2.3394273115876948e-06,0.0
Devin Hester,WR,BAL,2.5003621653315991,4500.0,0.99996733971398,1.3570800150685188e-05,9.8813287306550855e-06,3.6932861797393202e-06,2.3566236886208514e-06,1.2902345669385097e-06,1.8680127044317478e-06,0.0
