name,pos,team,expectation,salary,prob_0_5,prob_5_10,prob_10_15,prob_15_20,prob_20_25,prob_25_30,prob_30+,label
Jacoby Brissett,QB,NE,34.79640719241354,6000.0,4.5912442937495062e-05,0.00048215535332411623,0.0049970048502766835,0.0029839543595521004,0.0015606555517677463,0.00062418348721211435,0.98930613395492972,6.0
Trevor Siemian,QB,DEN,33.348356921236991,7100.0,0.011004909804194571,0.0086230027863843303,0.028906988911334103,0.017830306821194766,0.0042646931764451041,0.0054806198559500946,0.92388947864449689,6.0
Cam Newton,QB,CAR,29.798239502074516,7600.0,2.9062766750050761e-05,0.0032912074753729324,0.11221864719202992,0.056423286923501528,0.11459061911879415,0.022079724062196868,0.69136745246135456,6.0
Matt McGloin,QB,OAK,29.606340318803298,5500.0,0.0064633417104294696,0.072887541941144912,0.034004011587203925,0.071763482022553837,0.018818085013333253,0.12306885512704184,0.67299468259829287,6.0
Russell Wilson,QB,SEA,29.13847556341474,7700.0,0.021709894168530242,0.0062892980919809858,0.12098153174936234,0.023850927020592716,0.14451278940488396,0.0049482165061971312,0.6777073430584527,6.0
Trevone Boykin,QB,SEA,27.921055363624451,6000.0,0.00043518279008027166,0.0078423928276512376,0.26244418556189902,0.018191325279446363,0.046079076343612344,0.0066406094812451674,0.6583672277160656,6.0
Drew Brees,QB,NO,24.458133013067489,9300.0,0.0086155694593908327,0.007605091009082977,0.1980673353478806,0.1109271745521269,0.25724555235172231,0.05858812964886187,0.35895114763093461,6.0
Jimmy Garoppolo,QB,NE,24.376118232156898,6000.0,0.079416398000011518,0.035642570754272081,0.24080798454194585,0.036437816086860697,0.042521070070920784,0.063376443666651794,0.50179771687933727,6.0
Andy Dalton,QB,CIN,24.331042636822453,7200.0,0.00080945293761687151,0.052568826572405428,0.27218333834707942,0.0028501131226296842,0.0035976312567314503,0.3970713238399195,0.27091931392361757,5.0
Jay Cutler,QB,CHI,23.945010026899865,6500.0,0.0056103489149689984,0.0074650889543730432,0.26671392703982383,0.01218859289064916,0.32801792509733019,0.047036785255915203,0.33296733184693961,6.0
Matt Schaub,QB,ATL,23.706883970061696,6000.0,0.031807128708974501,0.12635950531449694,0.034353069542956603,0.29209061171521455,0.047788544852965964,0.040348182713747995,0.42725295715164341,6.0
Alex Smith,QB,KC,23.523164559498898,7000.0,0.018684627750984176,0.012041163766641121,0.39727884115179979,0.021988148534715691,0.073469473274251712,0.039535745841375994,0.43700199968023151,6.0
Kirk Cousins,QB,WAS,22.039311125195766,7500.0,0.0019144191578622676,0.14783399885219614,0.16781534539988416,0.033553837525996569,0.052287524604371971,0.50885383973084486,0.087741034728844078,5.0
Derek Carr,QB,OAK,20.925586123538441,8100.0,0.0062208637432908387,0.18805011333679261,0.17535084242587431,0.053233346503597727,0.015811080575671519,0.48349888832690369,0.077834865087869159,5.0
Brian Hoyer,QB,CHI,19.703158906304594,6000.0,0.098040590484855514,0.011838266777322875,0.053365639774367771,0.5328399409279313,0.096673801490408939,0.0068161582358719349,0.20042560230924167,3.0
Tom Brady,QB,NE,19.236810272023394,8500.0,0.11514130948975809,0.061292268358687972,0.029646565323532548,0.18492813819405252,0.37316727726181709,0.23569049143299067,0.00013394993916105753,4.0
Brett Hundley,QB,GB,19.171075333417384,5000.0,0.01078328927636644,0.13708349804196204,0.17022256241259953,0.10921849971684766,0.41814355202863362,0.098739435901400358,0.055809162622190309,4.0
Drew Stanton,QB,ARI,18.433565337495736,6000.0,0.050391198150964725,0.03711399559913596,0.060360519405992831,0.57111629075569514,0.1808159515531737,0.039365289913000069,0.060836754622037643,3.0
Matt Ryan,QB,ATL,18.102512273841576,8600.0,0.068594576907077279,0.037186864474116725,0.021627721801744982,0.6714497728724198,0.074187126142178039,0.064158848140849115,0.062795089661613998,3.0
Carson Palmer,QB,ARI,17.72749063875327,7000.0,0.0011715902642885022,0.025490404544817633,0.69491600396322362,0.016869403807444252,0.042608973898799328,0.0093346297516089579,0.20960899376981762,2.0
Ben Roethlisberger,QB,PIT,17.63728855287037,8300.0,5.4871688678600119e-05,0.22010328071419336,0.03415829828894984,0.25709917652154207,0.47712883558054947,0.010157353629603807,0.0012981835764828259,4.0
B.J. Daniels,QB,CHI,17.420125485339682,5000.0,0.051609911687396454,0.12540093485519677,0.22552374431062253,0.24015063146391605,0.22482990540418965,0.048897674818948127,0.083587197459730339,3.0
Josh Woodrum,QB,CHI,17.420125485339682,5000.0,0.051609911687396454,0.12540093485519677,0.22552374431062253,0.24015063146391605,0.22482990540418965,0.048897674818948127,0.083587197459730339,3.0
David Fales,QB,CHI,17.420125485339682,5000.0,0.051609911687396454,0.12540093485519677,0.22552374431062253,0.24015063146391605,0.22482990540418965,0.048897674818948127,0.083587197459730339,3.0
Aaron Rodgers,QB,GB,17.26185679578823,8500.0,0.048288693415522534,0.0040658810879154426,0.19119140496810144,0.57295295625394205,0.10132696349858906,0.06158380644413116,0.020590294331798296,3.0
Griffin Neal,QB,NO,17.257374048040603,5000.0,0.061154889187822956,0.12140088066480591,0.2435137072049606,0.21955394379337223,0.21359670771718406,0.056714208015008372,0.084065663416845918,2.0
Garrett Grayson,QB,NO,17.257374048040603,5000.0,0.061154889187822956,0.12140088066480591,0.2435137072049606,0.21955394379337223,0.21359670771718406,0.056714208015008372,0.084065663416845918,2.0
Luke McCown,QB,NO,17.257374048040603,5000.0,0.061154889187822956,0.12140088066480591,0.2435137072049606,0.21955394379337223,0.21359670771718406,0.056714208015008372,0.084065663416845918,2.0
Ryan Mallett,QB,BAL,16.792063908661614,6000.0,0.1040164047074434,0.02644771591939947,0.0034153750535610076,0.64055456950256817,0.22455420355686026,0.00088164014695681471,0.00013009111321103135,3.0
Mike Glennon,QB,TB,16.623048115952837,6000.0,0.089100909835000117,0.060482878319537588,0.019306047833257792,0.62427557451533844,0.19088791532695223,0.0096780785025003396,0.0062685956674134857,3.0
Blaine Gabbert,QB,SF,16.526624063459199,6000.0,0.010803698405776212,0.29401148882588146,0.16027298957897368,0.24636069791771162,0.12624883312129107,0.07218332033844424,0.090118971811921689,1.0
Tyler Bray,QB,KC,16.335769858854487,5000.0,0.059464592721946104,0.14777239707525,0.25820309154598658,0.22380334793240025,0.20385119321591724,0.052482919241629324,0.054422458266870463,2.0
Blake Bortles,QB,JAC,15.972793907912948,7100.0,0.015552951184175439,0.039304065791270597,0.57431177479233553,0.13211524402295077,0.16785281008506722,0.014490872006517609,0.056372282117682894,2.0
Chase Daniel,QB,PHI,15.920233182989847,5000.0,0.0593889212217628,0.19746975395176297,0.21683731172283213,0.24708328558999751,0.17463854344459154,0.044457311864441386,0.060124872204611719,3.0
Austin Davis,QB,DEN,15.800422128784195,5500.0,0.15248443251409954,0.10693624564298525,0.044684139206333635,0.33689916622458016,0.34533932358156999,0.011362263131091696,0.0022944296993395964,4.0
Connor Cook,QB,OAK,15.782571304067591,5000.0,0.085319973541947355,0.18287796919764993,0.22479986161638463,0.23345085825455883,0.14860103066984162,0.055264748491639072,0.069685558227978645,3.0
Matthew Stafford,QB,DET,15.659115256440426,8300.0,0.018395679923771797,0.055727208910979431,0.55332867527369611,0.18856035801790486,0.042150017196604377,0.1245266969408009,0.017311363736242626,2.0
Nick Foles,QB,KC,15.620142116439384,6000.0,0.21293609039087569,0.05034257814806431,0.26952569846365781,0.18499449385876635,0.13557318127526161,0.010482323051187516,0.13614563481218675,2.0
Brock Osweiler,QB,HOU,15.570940579220276,6300.0,0.01100440229328635,0.18497192746849533,0.49195970755789231,0.078810280984608905,0.056995977518597425,0.10986203794647918,0.066395666230640429,2.0
Jake Rudock,QB,DET,15.444825804303354,5000.0,0.07470071935449149,0.19697470587622085,0.22707739652982772,0.22621993481190861,0.18138955983798222,0.050018216796706871,0.043619466792862438,2.0
Dan Orlovsky,QB,DET,15.444825804303354,5000.0,0.07470071935449149,0.19697470587622085,0.22707739652982772,0.22621993481190861,0.18138955983798222,0.050018216796706871,0.043619466792862438,2.0
Derek Anderson,QB,CAR,15.38002580636153,5000.0,0.013412481259073253,0.22246691134712721,0.10555525238730648,0.51943279296993816,0.12355313863363324,0.0075662936085152798,0.0080131297944065587,3.0
EJ Manuel,QB,BUF,15.311967493184349,5000.0,0.07120928667388271,0.19388412870327756,0.24854923134203391,0.23352929810012829,0.16080923350052359,0.047024174649302919,0.044994647030850841,2.0
Logan Thomas,QB,BUF,15.311967493184349,5000.0,0.07120928667388271,0.19388412870327756,0.24854923134203391,0.23352929810012829,0.16080923350052359,0.047024174649302919,0.044994647030850841,2.0
Cardale Jones,QB,BUF,15.311967493184349,5000.0,0.07120928667388271,0.19388412870327756,0.24854923134203391,0.23352929810012829,0.16080923350052359,0.047024174649302919,0.044994647030850841,2.0
Jake Heaps,QB,SEA,15.293845200498255,5000.0,0.070480881222827627,0.22965049395248027,0.2197310924117041,0.22274544490692694,0.15450066367056434,0.043584588673336519,0.059306835162160218,1.0
Jameis Winston,QB,TB,15.199990000873488,7600.0,0.024896838228401389,0.29047548701432385,0.18760088053255689,0.22386185618091137,0.19911959005020141,0.050025292404474904,0.024020055589130142,1.0
Case Keenum,QB,LARM,15.10864150998289,6000.0,0.16082426995968682,0.011379930676989161,0.041454952268622509,0.74068642867008672,0.036270921366745056,0.00046482371403439683,0.0089186733438355505,3.0
Philip Rivers,QB,SD,14.922924927345214,8200.0,0.15410283476732822,0.08380558393739132,0.043848207439428369,0.62306962199185412,0.064032387060315457,0.0097828658586441575,0.021358498945038436,3.0
Ryan Griffin,QB,TB,14.827755755530152,5000.0,0.080132281926896184,0.23709135828650818,0.21638591996141718,0.23144911124371936,0.14507478642370775,0.042060700369789733,0.047805841787961621,1.0
Joe Webb,QB,CAR,14.77856493109482,5000.0,0.061460964167463342,0.16428946656263299,0.29051892443369087,0.25438818739268781,0.20796418028323077,0.015729609375966465,0.0056486677843277516,2.0
Eli Manning,QB,NYG,14.50002352143968,7900.0,0.0042230848003951445,0.31340138104150217,0.11084408094013529,0.44213709020523151,0.11185349649380286,0.01528381839853859,0.0022570481203944759,3.0
Tyrod Taylor,QB,BUF,14.482272561914922,7400.0,0.025718546473442978,0.14632911314946306,0.5328203870296202,0.12907189454571988,0.085046182986670202,0.046337322138402359,0.034676553676681383,2.0
Ryan Nassib,QB,NYG,14.310571512798271,5000.0,0.071669302207429911,0.26843752688632971,0.22920660335013018,0.21029344462179803,0.14864719804891077,0.037702712562054257,0.034043212323347033,1.0
Josh Johnson,QB,NYG,14.310571512798271,5000.0,0.071669302207429911,0.26843752688632971,0.22920660335013018,0.21029344462179803,0.14864719804891077,0.037702712562054257,0.034043212323347033,1.0
Ryan Tannehill,QB,MIA,14.082460429290121,7300.0,0.012284994974941009,0.40654172446854459,0.051992263917121334,0.32382748115066784,0.1941284202545914,0.009995693291334878,0.0012294219427989833,1.0
Dustin Vaughan,QB,PIT,14.002485219414524,5000.0,0.098104857193388698,0.28600320721468808,0.19672653663404113,0.21808673650512672,0.11217840310879609,0.039856496190777184,0.049043763153182124,1.0
Sean Mannion,QB,LARM,13.997749861836565,5000.0,0.057558338953493438,0.2894074464882343,0.24226531258834488,0.18857495521585563,0.17350287019094643,0.033744295579518836,0.014946780983606424,1.0
Zach Mettenberger,QB,PIT,13.889594979258314,5000.0,0.19802470770313707,0.16143329161260933,0.061298757199902756,0.34958720581947245,0.21030051134120992,0.014590929391902539,0.0047645969317658696,3.0
Nate Sudfeld,QB,WAS,13.778314398682003,5000.0,0.12590453391161027,0.278479855369202,0.18236263876737799,0.22233659086651866,0.094190594920624982,0.040021343679961172,0.056704442484704763,1.0
Christian Ponder,QB,SF,13.717207849204616,5200.0,0.077796912493190651,0.28397560115838727,0.22977237020864977,0.22411625531168805,0.12999428411973452,0.030429615168692657,0.023914961539657088,1.0
Jared Goff,QB,LARM,13.669206397307688,6500.0,8.6658600807848333e-05,0.50844856238231162,0.23398301246850248,0.026941207091386053,0.022349946200271052,0.17735713340113771,0.030833479855583091,1.0
Colt McCoy,QB,WAS,13.641303063836405,5500.0,0.2188420836068948,0.14419246367665414,0.057116964785962343,0.3729363149622239,0.19196494530383543,0.0093276576014010189,0.0056195700630282388,3.0
Tom Savage,QB,HOU,13.590661086887488,5000.0,0.063975751593019964,0.31398719582530704,0.23337764346195874,0.19132888810370352,0.14908175709947735,0.03102728235880875,0.017221481557724537,1.0
Carson Wentz,QB,PHI,13.462256121301774,6700.0,0.093296439275171228,0.028110643369562469,0.60327018012469769,0.21350181005028204,0.028446404590871558,0.0089501498027553649,0.024424372786659633,2.0
Brandon Weeden,QB,HOU,13.422529989817939,6000.0,0.052914274289263867,0.32498191658765374,0.2427657633068345,0.19902087806677488,0.1442271600820236,0.023042513069717073,0.013047494597732402,1.0
Keith Wenning,QB,CIN,13.172376793576737,5000.0,0.09275849362415535,0.31997720422233711,0.21823840743818521,0.20566819605264611,0.10020181425646535,0.033535836138353599,0.029620048267857239,1.0
Jeff Driskel,QB,CIN,13.172376793576737,5000.0,0.09275849362415535,0.31997720422233711,0.21823840743818521,0.20566819605264611,0.10020181425646535,0.033535836138353599,0.029620048267857239,1.0
AJ McCarron,QB,CIN,13.013315973731187,5900.0,0.07870673947855357,0.33222178152150111,0.22761615643849822,0.21450131145368045,0.097902190953363111,0.025826952553585306,0.023224867600818332,1.0
Brandon Doughty,QB,MIA,12.59976032950761,5000.0,0.090598399531907084,0.3759343611124758,0.19772760471293865,0.18742213639715988,0.09342177415920741,0.029475478017442269,0.02542024606886897,1.0
Matt Moore,QB,MIA,12.51730732118979,5500.0,0.082635344027231203,0.38357672039931762,0.20225440533323824,0.19171077340335854,0.092156500628208335,0.025475369937963638,0.022190886270682587,1.0
Joe Flacco,QB,BAL,12.384136545167976,7300.0,0.0033780401692568604,0.45284992055069295,0.27021097263496313,0.1805736425010116,0.058158138612810599,0.011458929796347869,0.023370355734916852,1.0
Paxton Lynch,QB,DEN,12.276304470579893,6000.0,0.011612173490460368,0.60614565496716422,0.093812706084503761,0.10773115152342243,0.10684121834230678,0.046093081539075764,0.027764014053066683,1.0
Brandon Allen,QB,JAC,12.220658035578492,5000.0,0.095722938920811157,0.3864499117199981,0.19208809692445078,0.20090064950960737,0.081022022584676459,0.025394006355796091,0.018422373984660033,1.0
Chad Henne,QB,JAC,11.720095173054926,5500.0,0.008647494203585215,0.50276763948217806,0.30952234491675101,0.040925397990350602,0.099453557969206491,0.033217930599405407,0.0054656348385231403,1.0
Colin Kaepernick,QB,SF,11.015190247665027,7800.0,0.036462374870549284,0.60442936689103122,0.098252280869889866,0.15088943719832132,0.10044913083835175,0.0094825831354967503,3.4826196359958405e-05,1.0
Matt Barkley,QB,CHI,10.950819033656542,6000.0,0.029663838485787321,0.64202203392889301,0.078767776199604997,0.15963280338862137,0.039910271050631406,0.048636382744790707,0.0013668942016711037,1.0
Kellen Clemens,QB,SD,8.7131716250956242,5000.0,0.71863971717072217,0.016944614881375764,0.030142491556962726,0.077251629478527248,0.011551360595145346,0.038741209903049467,0.10672897641421739,0.0
Landry Jones,QB,PIT,5.7153982538190062,6000.0,0.57702357365155321,0.32628294015014631,0.004606603939924828,0.07396925559362616,0.0052114295912580088,0.012706842259866851,0.00019935481362469591,0.0
