name,pos,team,expectation,salary,prob_0_5,prob_5_10,prob_10_15,prob_15_20,prob_20_25,prob_25_30,prob_30+,label
Jordan Reed,TE,WAS,11.43953014428126,7500.0,0.22021692128043205,0.28733338844473455,0.20922486641588744,0.13722208303784089,0.092239049104034382,0.031975689407253226,0.021788002309817877,1.0
Travis Kelce,TE,KC,9.7529152725413724,6300.0,0.26370394254650681,0.32306465413250968,0.22722669684789526,0.11292348727742188,0.043966381157886224,0.020544951352940238,0.0085698866848403308,1.0
Tyler Eifert,TE,CIN,9.4391185857897124,6800.0,0.27033456531042538,0.33366821181261069,0.2323535950755887,0.098131192144007048,0.040706414831558249,0.019340037287911852,0.0054659835378985961,1.0
Coby Fleener,TE,NO,9.1097568666039894,5500.0,0.31303526153004974,0.33128508702097642,0.1921723030897598,0.09135812879439581,0.041933797049184714,0.021258760540828307,0.008956661974805236,1.0
Greg Olsen,TE,CAR,9.0132052153794451,6200.0,0.3214223512339871,0.30844836937145786,0.21587657743881089,0.091919154136093709,0.039911653986776957,0.012471246294838223,0.0099506475380353506,0.0
Jimmy Graham,TE,SEA,8.8069872213937526,6400.0,0.34129001509946283,0.29875165488470473,0.19871055398694198,0.11167518824117174,0.026559225340155798,0.017083093715425504,0.0059302687321377851,0.0
Cameron Brate,TE,TB,8.5316847693974527,5500.0,0.33144645826012359,0.35451747821592022,0.17943296965414873,0.077501418759620383,0.031687190728447771,0.020995754212457241,0.0044187301692822341,1.0
Martellus Bennett,TE,NE,8.3241955245718859,5100.0,0.37183232103211555,0.31105298926068559,0.19044547008969351,0.064804238649057197,0.039149079563287718,0.017178145239709543,0.0055377561654513597,0.0
C.J. Fiedorowicz,TE,HOU,7.148431250665972,5000.0,0.43226018755346673,0.34319229858723543,0.13488794556454764,0.058100370781480309,0.018170097934885825,0.011528393951075874,0.0018607056273077579,0.0
Rob Gronkowski,TE,NE,6.8582984031953718,7300.0,0.54462137081674333,0.20456254729804646,0.1456157648315376,0.068294869157880092,0.022826137327326499,0.007892714533349306,0.0061865960351168781,0.0
Vance McDonald,TE,SF,6.7122153378696474,4900.0,0.50917672972732952,0.27199205703116258,0.12895677980693712,0.062006156361173154,0.017445933037853127,0.0073399910247206775,0.0030823530108241943,0.0
Zach Ertz,TE,PHI,6.588324302990114,5300.0,0.51024062595579145,0.28710306707191446,0.12289679283016423,0.048942389599341808,0.019067903810728475,0.0098003406223636721,0.0019488801096957564,0.0
Eric Ebron,TE,DET,6.3793484579621138,5700.0,0.56439527007012769,0.20188714392980334,0.15527884516540577,0.05975128453257466,0.012196886273220733,0.0045368310309602958,0.0019537389979076367,0.0
Hunter Henry,TE,SD,6.3702550556161857,5800.0,0.54981738252022161,0.26259691673562091,0.10674824189511428,0.052782080013689295,0.012789521942730697,0.0071831913444373088,0.0080826655481862474,0.0
Dennis Pitta,TE,BAL,6.2934850357668344,4800.0,0.55339353773847111,0.25600063970628745,0.1133795531711088,0.047560596686826717,0.018036036418060258,0.0096542069619714056,0.0019754293172743612,0.0
Lance Kendricks,TE,LARM,6.2049982330286095,4900.0,0.56260557123951105,0.2340544121645742,0.13789465764066919,0.046809468409817617,0.0079406446333631572,0.0070361086876772868,0.0036591372243873154,0.0
Antonio Gates,TE,SD,5.8943127430950382,5300.0,0.60834664986570119,0.21074192502093197,0.11111798794719441,0.051929438455235628,0.007540219480884563,0.0047794070539353426,0.0055443721761175907,0.0
Jermaine Gresham,TE,ARI,5.8106843336156881,4500.0,0.57885178956840977,0.2637145769447285,0.1016539638523568,0.036065588813015269,0.013379977059036348,0.0051826580382981395,0.0011514457241558883,0.0
Julius Thomas,TE,JAC,5.6529823510741046,5200.0,0.62711676334373467,0.19887084439565161,0.11674840673437066,0.03817244295288779,0.014492157094701341,0.0027687669988631087,0.0018306184797912837,0.0
Ladarius Green,TE,PIT,5.5948929524866928,4500.0,0.63785579349808152,0.20209925997501876,0.08844704829683471,0.053945111492020692,0.012912097947447902,0.00287531298405342,0.0018653758065430037,0.0
Vernon Davis,TE,WAS,5.3735366568728278,4600.0,0.66751058346019887,0.1887639624843071,0.08255976126816679,0.041888182181032338,0.0092930627368877222,0.0046079081919181341,0.00537653967749014,0.0
Dion Sims,TE,MIA,5.284393447613315,4500.0,0.67832143032044623,0.16700486737487141,0.099307267528639762,0.043230587894587891,0.0055210284866965701,0.0023419400706450435,0.0042728783241133819,0.0
Ryan Griffin,TE,HOU,5.1635822128289401,4500.0,0.66438188236792883,0.20112260212212232,0.095545877073085955,0.024014076594618738,0.0085290364089307576,0.0048658029590821893,0.0015407224742313324,0.0
Jesse James,TE,PIT,5.0283145660964284,4500.0,0.69463549769742805,0.17207381505451688,0.087016867500166878,0.034548840879802881,0.0056053690179398786,0.0041933997151166165,0.0019262101350283588,0.0
Richard Rodgers,TE,GB,4.9423642161547123,4800.0,0.71611063963776056,0.14450094553390053,0.09948575725633392,0.022660378812415154,0.011994794222259931,0.0033790530897003773,0.0018684314476288537,0.0
Will Tye,TE,NYG,4.9412005242827508,4500.0,0.68742056671521357,0.1911702359130332,0.087616313941437332,0.021373937113303432,0.0076722978720619658,0.0025513177731323281,0.002195330671818786,0.0
Garrett Celek,TE,SF,4.9380867719916424,4500.0,0.69212503128129099,0.18087389316125224,0.086420026995246826,0.033117721798475358,0.0044557631648617577,0.0018813161339772319,0.0011262474648958624,0.0
Clive Walford,TE,OAK,4.9155643747724911,4500.0,0.70232666844199954,0.1735872317650923,0.084199672161088104,0.026641873138946087,0.0069607546023430465,0.004991358831619855,0.0012924410589107867,0.0
Ben Koyack,TE,JAC,4.6351648817442799,4500.0,0.74039438173500371,0.15376477937575447,0.070220658579855169,0.023046365258905445,0.006009558694087193,0.0020120780374869294,0.0045521783189064165,0.0
Jared Cook,TE,GB,4.6146778632871115,4700.0,0.73149311245676374,0.16069804661305925,0.081971102915387714,0.015619952329942711,0.0046632994733648101,0.0022145966962193648,0.0033398895152620509,0.0
Charles Clay,TE,BUF,4.6083168437163469,4500.0,0.7374983995604445,0.16058108997549586,0.065128917053510094,0.026756607856971509,0.0046566052475552509,0.0020208479263546042,0.0033575323796684164,0.0
Levine Toilolo,TE,ATL,4.3895989705035534,4700.0,0.75770633476337734,0.16239817141334548,0.053272471742811141,0.014796792017715756,0.0034388968072155126,0.002457966827495054,0.0059293664280397505,0.0
A.J. Derby,TE,DEN,4.3028559271030771,4500.0,0.77943298558679608,0.13698850955428576,0.051560227406919568,0.02070596801992123,0.0048448543344083023,0.0020490389865049662,0.0044184161111644176,0.0
David Johnson,TE,PIT,4.2960557635680559,4500.0,0.79301507126407433,0.11500654984258799,0.055212201720391936,0.025864265403402895,0.0039770220769043086,0.0031549787264930056,0.0037699109661458734,0.0
Josh Hill,TE,NO,4.1438149479239978,4500.0,0.77770295380296106,0.15627671181568076,0.041958448535750467,0.015054209428800746,0.005065641166958056,0.0016526942537554068,0.0022893409960933189,0.0
Dominique Jones,TE,MIA,4.1054026795622711,4500.0,0.81445260330791325,0.10299408013816667,0.056267557450636739,0.014190959043796376,0.0058576579082715947,0.00066239458290920394,0.0055747475683065179,0.0
Darren Waller,TE,BAL,3.9168492803339068,4500.0,0.8236901116815466,0.10803324066323333,0.044845490193310932,0.013752177085002516,0.0063715987531836682,0.0017301812033447537,0.0015772004203784766,0.0
Stephen Anderson,TE,HOU,3.8978782355035344,4500.0,0.82882322417672138,0.10335307377464362,0.044832930911808268,0.012047517025162871,0.0063536112727858125,0.0032219754112607565,0.0013676674276171187,0.0
Alan Cross,TE,TB,3.6924291185316163,4500.0,0.84883927469993359,0.095258708012801799,0.038972265616298601,0.0090341544859571365,0.0035169637343403703,0.0028992342424383243,0.0014793992082306805,0.0
Austin Hooper,TE,ATL,3.6164274414871755,4600.0,0.85487381151553088,0.097064392514078668,0.033700109496947912,0.007269780701350724,0.0029375419963554679,0.001161331894867865,0.0029930318808687848,0.0
Virgil Green,TE,DEN,3.5270588091591963,4500.0,0.871417257779176,0.083645736231150597,0.02709681085010204,0.0093763593707957213,0.0056120039404497562,0.0010277312385480711,0.0018241005897781431,0.0
Logan Paulsen,TE,CHI,3.4741610355420636,4600.0,0.88245029631950145,0.069727244153883997,0.031827891282029695,0.010813431182045932,0.0013426811948402861,0.00087453405005132317,0.0029639218176482117,0.0
Trey Burton,TE,PHI,3.4716314764098652,4500.0,0.86855543408586933,0.087367472324812345,0.032725717754956626,0.0079569639536115795,0.0013348622960590764,0.0007266839322085341,0.0013328656524821377,0.0
Jerell Adams,TE,NYG,3.4390682337363958,4500.0,0.88003825020722326,0.077359638459407729,0.026986441093101055,0.0099388846709020356,0.0035670967836640317,0.00087792810183477915,0.0012317606838666815,0.0
Mychal Rivera,TE,OAK,3.4218936716039492,4500.0,0.87408044701782861,0.090014784729240835,0.02356343876349044,0.006562788017903041,0.0036529281041309623,0.00058632752920153121,0.0015392858382042515,0.0
Darren Fells,TE,ARI,3.4193475431160287,4500.0,0.87979355389297864,0.080985139023412658,0.025215884055804213,0.0088706906331854716,0.0027794842578347753,0.00039101355454225891,0.0019642345822426916,0.0
Neal Sterling,TE,JAC,3.4118052764523434,4500.0,0.87679671264603898,0.083484126452475008,0.028337472085892525,0.0077940624357913544,0.0013554289615095539,0.00074080113740575488,0.0014913962808872875,0.0
Luke Stocker,TE,TB,3.3624712686274263,4500.0,0.88738513400839825,0.077353367383212579,0.022186193913624776,0.0076290524023270327,0.0015360868162863927,0.0024527210347291594,0.0014574444414230806,0.0
Luke Willson,TE,SEA,3.3326301502434026,4500.0,0.88881595208526165,0.074197802046912717,0.026793779921144241,0.0067254671722839403,0.0012709392546205978,0.00052925150293650538,0.0016668080168404111,0.0
Brent Celek,TE,PHI,3.3254584323211471,4500.0,0.89066027522280633,0.072507008942320317,0.025883193381778202,0.0075040269321486877,0.0013469295954303532,0.00048145795711251692,0.0016171079684035037,0.0
Ed Dickson,TE,CAR,3.27892092061902,4500.0,0.903003109822617,0.062408179246484126,0.024638383367888327,0.0042648202084143612,0.0018404782498646474,0.00069988310927772478,0.0031451459954542722,0.0
Ben Braunecker,TE,CHI,3.2700882291455482,4500.0,0.89460951539545652,0.072148396970579523,0.024668215204206239,0.0058502016693913958,0.00076010782882454837,0.00054758461892172251,0.0014159783126209409,0.0
Cory Harkey,TE,LARM,3.2544994830400062,4500.0,0.89605852650977502,0.072092525971561017,0.026143396847836117,0.0017501674540352226,0.00040743493313230203,0.0022808859984429115,0.0012670622852181681,0.0
Tyler Higbee,TE,LARM,3.241226904611183,4500.0,0.89552054535594272,0.069808787580763934,0.030713047550152358,0.0020652714341718894,0.00043424581713502044,0.00026664268787585977,0.001191459573958886,0.0
James O'Shaughnessy,TE,KC,3.2056460057051051,4500.0,0.90941788530058265,0.055046010625192147,0.029953942895035696,0.0021062745442367204,0.00067931638132184737,0.00069232738722745308,0.0021042428664034881,0.0
Brandon Myers,TE,TB,3.1683025124173789,4500.0,0.91153381023401614,0.064836436027116917,0.013752579599318894,0.0048712239937841306,0.00082343830922951278,0.0025165632653532419,0.0016659485711821502,0.0
Derek Carrier,TE,WAS,3.1663354498362799,4500.0,0.90651383290182985,0.069275330508958746,0.017662423995523951,0.0030118602673327552,0.00086282586663669037,0.00079946319297794215,0.0018742632667406655,0.0
Demetrius Harris,TE,KC,3.1609099839312549,4500.0,0.91022650587270137,0.064562285935218081,0.017618543283742089,0.0036671361206194724,0.0012087391023854928,0.00074191562834413454,0.0019748740569889055,0.0
Marcedes Lewis,TE,JAC,3.1512926548380724,4500.0,0.90918901883795311,0.065012452529300921,0.01833487342812698,0.0047282003304697255,0.001142016662882271,0.00035578962274353747,0.0012376485885236324,0.0
John Phillips,TE,NO,3.1137316348927095,4500.0,0.91639737358806395,0.063274462075552179,0.013596094669293431,0.0024350078717371953,0.00052937765718615211,0.0010885370517647614,0.0026791470864034445,0.0
Xavier Grimble,TE,PIT,3.0923017315728019,4500.0,0.91953719712638282,0.057589046579194572,0.016810365537621396,0.0025682305013352866,0.0008818045710698646,0.0006454353844909279,0.0019679202999050931,0.0
Sean McGrath,TE,SD,3.0912439198053012,4500.0,0.92016552042767641,0.055969966798487994,0.01678564084060185,0.0037904446711203642,0.0013179136444055918,0.0004958610831503578,0.0014746525345588454,0.0
Blake Bell,TE,SF,3.0786870427123283,4500.0,0.91919347827695486,0.059085986809590402,0.015266933103114428,0.0039121858952929191,0.00058061307769194446,0.00045778194187127519,0.001503020895483653,0.0
Ross Travis,TE,KC,3.0637939480428833,4500.0,0.9242619431071889,0.054250696415733816,0.014975937385105866,0.0030688941955476635,0.00085394844179336187,0.00059468725752275626,0.0019938931971078115,0.0
MarQueis Gray,TE,MIA,3.0343038657094268,4500.0,0.92688885738109306,0.050842642089654735,0.017644718992020261,0.0020432917624142429,0.00054460743362846225,0.00054189811419750407,0.0014939842269917057,0.0
Thomas Duarte,TE,MIA,3.0343038657094268,4500.0,0.92688885738109306,0.050842642089654735,0.017644718992020261,0.0020432917624142429,0.00054460743362846225,0.00054189811419750407,0.0014939842269917057,0.0
Jordan Cameron,TE,MIA,3.0343038657094268,4500.0,0.92688885738109306,0.050842642089654735,0.017644718992020261,0.0020432917624142429,0.00054460743362846225,0.00054189811419750407,0.0014939842269917057,0.0
Brandon Williams,TE,SEA,3.0264650808729123,4500.0,0.92926314006683375,0.050291628154573713,0.015132486524694382,0.0021730206546036516,0.00052911820312927964,0.00057870758719156482,0.002031898808974409,0.0
Clay Harbor,TE,DET,3.0253533501250169,4500.0,0.92780331268534932,0.053410466657977052,0.013356337664641477,0.0022294160292730437,0.00059803670783370509,0.00069910902562202485,0.0019033212293044128,0.0
Niles Paul,TE,WAS,3.0214266527398799,4500.0,0.9289803606316529,0.050169863816557317,0.01587839410114808,0.0021767475501607795,0.00059345856087230113,0.00056869204820652458,0.0016324832914027634,0.0
Wes Saxton,TE,WAS,3.0214266527398799,4500.0,0.9289803606316529,0.050169863816557317,0.01587839410114808,0.0021767475501607795,0.00059345856087230113,0.00056869204820652458,0.0016324832914027634,0.0
C.J. Uzomah,TE,CIN,3.0195953848990449,4500.0,0.9275692498954089,0.052971310792564494,0.014791014844331384,0.0019966822392740642,0.00046257117473407774,0.00055613784476366414,0.0016530332089237847,0.0
Jim Dray,TE,BUF,3.0177493532365833,4500.0,0.92834117476707756,0.052965071280638758,0.013486313641083193,0.002166934502200733,0.00071036348315509697,0.00058400698180315839,0.0017461353440419796,0.0
Jacob Tamme,TE,ATL,3.016681521885666,4600.0,0.93021801477467536,0.049974722909275536,0.014225671002326324,0.0025778616015895419,0.00063924740881101825,0.00049964663226937408,0.0018648356710531196,0.0
Nick Vannett,TE,SEA,3.0159758967637447,4500.0,0.92997204901627073,0.049795706538962627,0.015105661893251727,0.0022012992052666707,0.00064350632077057044,0.00054754969147064944,0.001734227334007262,0.0
Anthony Denham,TE,PHI,3.015531347286287,4500.0,0.92936878595521122,0.051790345939372255,0.013477425565731734,0.0022747046385239744,0.0006760475867852785,0.0005664792798242452,0.001846211034551867,0.0
Chris Pantale,TE,PHI,3.015531347286287,4500.0,0.92936878595521122,0.051790345939372255,0.013477425565731734,0.0022747046385239744,0.0006760475867852785,0.0005664792798242452,0.001846211034551867,0.0
M.J. McFarland,TE,PHI,3.015531347286287,4500.0,0.92936878595521122,0.051790345939372255,0.013477425565731734,0.0022747046385239744,0.0006760475867852785,0.0005664792798242452,0.001846211034551867,0.0
Jeff Heuerman,TE,DEN,3.0096220299529994,4500.0,0.93028487528356252,0.050842522146963429,0.013639818858867029,0.0021632657910311678,0.00069978424464838896,0.00059330474187757685,0.0017764289330503375,0.0
Khari Lee,TE,DET,3.0061674525772974,4500.0,0.93037661988987519,0.050830525110554484,0.013738051492794312,0.0021239556587184321,0.00062922133259414766,0.00061497482515395819,0.0016866516903099374,0.0
Andrew Quarless,TE,DET,3.0061674525772974,4500.0,0.93037661988987519,0.050830525110554484,0.013738051492794312,0.0021239556587184321,0.00062922133259414766,0.00061497482515395819,0.0016866516903099374,0.0
Orson Charles,TE,DET,3.0061674525772974,4500.0,0.93037661988987519,0.050830525110554484,0.013738051492794312,0.0021239556587184321,0.00062922133259414766,0.00061497482515395819,0.0016866516903099374,0.0
Cole Wick,TE,DET,3.0061674525772974,4500.0,0.93037661988987519,0.050830525110554484,0.013738051492794312,0.0021239556587184321,0.00062922133259414766,0.00061497482515395819,0.0016866516903099374,0.0
Kivon Cartwright,TE,TB,3.0036848720857909,4500.0,0.9297042707365073,0.052221622376148941,0.013140471753312052,0.0021766341651176494,0.00057964038246791744,0.00051126620182838833,0.0016660943846182226,0.0
Andrew DePaola,TE,TB,3.0036848720857909,4500.0,0.9297042707365073,0.052221622376148941,0.013140471753312052,0.0021766341651176494,0.00057964038246791744,0.00051126620182838833,0.0016660943846182226,0.0
Matt Spaeth,TE,PIT,3.0014588372646465,4500.0,0.93121367682092004,0.050133628378586891,0.013634935226615453,0.0021007881580227083,0.00059243343671579272,0.00059555097615330665,0.0017289870029866523,0.0
Paul Lang,TE,PIT,3.0014588372646465,4500.0,0.93121367682092004,0.050133628378586891,0.013634935226615453,0.0021007881580227083,0.00059243343671579272,0.00059555097615330665,0.0017289870029866523,0.0
Michael Hoomanawanui,TE,NO,3.000944292824145,4500.0,0.93093381171778422,0.050814551870195186,0.013182313236893783,0.0022252160114310322,0.00055462060956891317,0.00051074190236718021,0.0017787446517601943,0.0
Garrett Griffin,TE,NO,3.000944292824145,4500.0,0.93093381171778422,0.050814551870195186,0.013182313236893783,0.0022252160114310322,0.00055462060956891317,0.00051074190236718021,0.0017787446517601943,0.0
Jake Stoneburner,TE,NO,3.000944292824145,4500.0,0.93093381171778422,0.050814551870195186,0.013182313236893783,0.0022252160114310322,0.00055462060956891317,0.00051074190236718021,0.0017787446517601943,0.0
Henry Krieger-Coble,TE,DEN,3.0000317972607231,4500.0,0.9312068049889195,0.050250715264625032,0.013502220125384153,0.0021648868534602647,0.00063172765410272533,0.00056937365189838518,0.0016742714616103573,0.0
Garrett Graham,TE,DEN,3.0000317972607231,4500.0,0.9312068049889195,0.050250715264625032,0.013502220125384153,0.0021648868534602647,0.00063172765410272533,0.00056937365189838518,0.0016742714616103573,0.0
Anthony Norris,TE,DEN,3.0000317972607231,4500.0,0.9312068049889195,0.050250715264625032,0.013502220125384153,0.0021648868534602647,0.00063172765410272533,0.00056937365189838518,0.0016742714616103573,0.0
Justin Perillo,TE,CHI,2.9985546830478951,4500.0,0.93125506149876902,0.050603019713120194,0.013108663745376687,0.0021526496939650299,0.00062041335506197158,0.00049350737035822739,0.0017666846233494004,0.0
Ifeanyi Momah,TE,ARI,2.9985329781305397,4500.0,0.93174168018541881,0.050010700752162171,0.01302394806222516,0.0022983333310104635,0.00060928993846845079,0.00049231416470635564,0.0018237335660089766,0.0
Troy Niklas,TE,ARI,2.9985329781305397,4500.0,0.93174168018541881,0.050010700752162171,0.01302394806222516,0.0022983333310104635,0.00060928993846845079,0.00049231416470635564,0.0018237335660089766,0.0
Matt Lengel,TE,NE,2.9960804782548025,4500.0,0.93168730175717174,0.050161606275250563,0.013119134103262311,0.0021589214979506328,0.00061558159937906138,0.00053088380506110969,0.0017265709619248477,0.0
Kennard Backman,TE,NE,2.9960804782548025,4500.0,0.93168730175717174,0.050161606275250563,0.013119134103262311,0.0021589214979506328,0.00061558159937906138,0.00053088380506110969,0.0017265709619248477,0.0
Tony Moeaki,TE,CHI,2.9936000543909174,4500.0,0.93183352761157956,0.050221275303062876,0.012975933806001658,0.0021315092682351318,0.00061732886880046256,0.00049982582791736451,0.0017205993144035236,0.0
Busta Anderson,TE,CHI,2.9936000543909174,4500.0,0.93183352761157956,0.050221275303062876,0.012975933806001658,0.0021315092682351318,0.00061732886880046256,0.00049982582791736451,0.0017205993144035236,0.0
Rob Housler,TE,CHI,2.9936000543909174,4500.0,0.93183352761157956,0.050221275303062876,0.012975933806001658,0.0021315092682351318,0.00061732886880046256,0.00049982582791736451,0.0017205993144035236,0.0
Braxton Deaver,TE,CAR,2.9920500072268816,4500.0,0.93241523224697986,0.048948091875384209,0.01376886381767972,0.0021160924371610261,0.0005860527670909449,0.00056342733819640743,0.0016022395175082529,0.0
Scott Simonson,TE,CAR,2.9920500072268816,4500.0,0.93241523224697986,0.048948091875384209,0.01376886381767972,0.0021160924371610261,0.0005860527670909449,0.00056342733819640743,0.0016022395175082529,0.0
Chris Manhertz,TE,CAR,2.9920500072268816,4500.0,0.93241523224697986,0.048948091875384209,0.01376886381767972,0.0021160924371610261,0.0005860527670909449,0.00056342733819640743,0.0016022395175082529,0.0
Beau Sandland,TE,GB,2.9907575262916399,4500.0,0.93234506139735984,0.049588436792589119,0.013163938008039925,0.0021359706840559955,0.00055661996851286578,0.00050934996529257382,0.0017006231841502084,0.0
E.J. Bibbs,TE,JAC,2.9887118452532109,4500.0,0.93267798331124163,0.049278192911781232,0.013172027613290633,0.002072825905513523,0.00059421222155366419,0.00053742195233588089,0.001667336084283824,0.0
Crockett Gillmore,TE,BAL,2.9863297180652766,4500.0,0.93318213376826031,0.048719292735592445,0.013208716330705741,0.0021306779879625907,0.00057491266330438886,0.00050679916212633454,0.001677467352048336,0.0
Maxx Williams,TE,BAL,2.9863297180652766,4500.0,0.93318213376826031,0.048719292735592445,0.013208716330705741,0.0021306779879625907,0.00057491266330438886,0.00050679916212633454,0.001677467352048336,0.0
Nic Jacobs,TE,BAL,2.9863297180652766,4500.0,0.93318213376826031,0.048719292735592445,0.013208716330705741,0.0021306779879625907,0.00057491266330438886,0.00050679916212633454,0.001677467352048336,0.0
Mitchell Henry,TE,BAL,2.9863297180652766,4500.0,0.93318213376826031,0.048719292735592445,0.013208716330705741,0.0021306779879625907,0.00057491266330438886,0.00050679916212633454,0.001677467352048336,0.0
Je'Ron Hamm,TE,SF,2.9856784537947547,4500.0,0.9334802040203134,0.048051402775702766,0.013718654158665858,0.0019888783618216169,0.00057191105286084356,0.00055698148674978426,0.0016319681438860339,0.0
Tyler Kroft,TE,CIN,2.985241120808324,4500.0,0.93247151362487812,0.050643237879378529,0.012113819383174114,0.0019262513977193344,0.00046218143594544059,0.00062640548925385782,0.0017565907896506241,0.0
Nick O'Leary,TE,BUF,2.9813530729531665,4500.0,0.93382370380575297,0.048684306771993778,0.012549203242797518,0.0020561395817122762,0.0006821812742964069,0.00049217807445776874,0.0017122872489896885,0.0
Jeff Cumberland,TE,SD,2.9801268243567884,4500.0,0.93391671541659071,0.048282902600967834,0.012978720109578106,0.0021269501463064512,0.00054261947008004785,0.00050327062340470719,0.0016488216330723879,0.0
Lee Smith,TE,OAK,2.9765926833060208,4500.0,0.93441084618710046,0.048081955871148087,0.012695184084744042,0.0021021715247240441,0.00052907083282646174,0.00050106668758826019,0.0016797048118690043,0.0
Gabe Holmes,TE,OAK,2.9765926833060208,4500.0,0.93441084618710046,0.048081955871148087,0.012695184084744042,0.0021021715247240441,0.00052907083282646174,0.00050106668758826019,0.0016797048118690043,0.0
Cooper Helfet,TE,OAK,2.9765926833060208,4500.0,0.93441084618710046,0.048081955871148087,0.012695184084744042,0.0021021715247240441,0.00052907083282646174,0.00050106668758826019,0.0016797048118690043,0.0
Ryan O'Malley,TE,OAK,2.9765926833060208,4500.0,0.93441084618710046,0.048081955871148087,0.012695184084744042,0.0021021715247240441,0.00052907083282646174,0.00050106668758826019,0.0016797048118690043,0.0
John Peters,TE,CIN,2.9744364227664803,4500.0,0.93473693533944668,0.047486153594972672,0.013104831026466699,0.0020567156599144445,0.00049118111590248329,0.00050039583293080543,0.0016237874303665378,0.0
Bryce Williams,TE,LARM,2.972020224097049,4500.0,0.93477621603558259,0.047556567210748323,0.01302434324253319,0.0021231467787855502,0.00050837404660333612,0.00045195857102210289,0.0015593941147252972,0.0
Temarrick Hemingway,TE,LARM,2.972020224097049,4500.0,0.93477621603558259,0.047556567210748323,0.01302434324253319,0.0021231467787855502,0.00050837404660333612,0.00045195857102210289,0.0015593941147252972,0.0
Benson Browne,TE,LARM,2.972020224097049,4500.0,0.93477621603558259,0.047556567210748323,0.01302434324253319,0.0021231467787855502,0.00050837404660333612,0.00045195857102210289,0.0015593941147252972,0.0
Justice Cunningham,TE,LARM,2.972020224097049,4500.0,0.93477621603558259,0.047556567210748323,0.01302434324253319,0.0021231467787855502,0.00050837404660333612,0.00045195857102210289,0.0015593941147252972,0.0
Matt LaCosse,TE,NYG,2.9654008845174631,4500.0,0.9362463739303839,0.045919414991781156,0.013267030793289572,0.0020312016586906557,0.00049305633380005809,0.00047874992299671253,0.0015641723690579311,0.0
Ryan Malleck,TE,NYG,2.9654008845174631,4500.0,0.9362463739303839,0.045919414991781156,0.013267030793289572,0.0020312016586906557,0.00049305633380005809,0.00047874992299671253,0.0015641723690579311,0.0
Larry Donnell,TE,NYG,2.9632257514588791,4500.0,0.93621661110208054,0.046520674561218729,0.012441276126443718,0.0022944682804063314,0.0005013370921815942,0.00054229545141758174,0.0014833373862517311,0.0
Asante Cleveland,TE,SD,2.957183104912636,4500.0,0.93723796119188263,0.045978168245349532,0.012070596990176383,0.0021381983816125437,0.00046092861536125624,0.00045533572731781992,0.0016588108483004372,0.0
