name,pos,team,expectation,salary,prob_0_5,prob_5_10,prob_10_15,prob_15_20,prob_20_25,prob_25_30,prob_30+,label
Mark Ingram,RB,NO,18.315050348209088,7000.0,0.039632216438644736,0.12703137414156399,0.16264014791220377,0.15041461429303943,0.39405837112586511,0.091486814855448434,0.034736461233234629,4.0
Tim Hightower,RB,NO,18.165790098240837,6300.0,0.057100832744153666,0.13840165651126321,0.13718853258601638,0.14380120740230656,0.38381570787165592,0.10285704298573305,0.036835019898871321,4.0
Jordan Howard,RB,CHI,17.452854082869429,7400.0,0.06318126541273314,0.12908217966853852,0.20438067899722942,0.23982701293630981,0.19253789199916721,0.098897759535901922,0.072093211450120168,3.0
Ryan Mathews,RB,PHI,17.275456002531197,4800.0,0.11131221060000779,0.10365857329132244,0.23174363439189927,0.18516799233282116,0.13219524951390507,0.15322321718550197,0.08269912268454227,2.0
Le'Veon Bell,RB,PIT,15.82014022419636,9300.0,0.024088579204444682,0.21491858314842693,0.26347590039581242,0.21985813932854179,0.14703616874365669,0.11640568115019727,0.014216948028920271,2.0
Wendell Smallwood,RB,PHI,15.770770051974527,5500.0,0.20879262715949912,0.16551727777412298,0.13593617653791945,0.15012232969566386,0.10718288454048266,0.11550048373600393,0.11694822055630792,0.0
C.J. Prosise,RB,SEA,15.757527854045472,4500.0,0.068077772346159374,0.17518516905619189,0.31601459336292942,0.17837185369381447,0.084956128787114504,0.12247533273499625,0.054919150018793959,2.0
Devonta Freeman,RB,ATL,15.636934336949928,7400.0,0.14236445407978457,0.24992936526738907,0.16594163949608867,0.11365444595147724,0.15551902106504958,0.026204787263720643,0.14638628687649013,1.0
Rob Kelley,RB,WAS,15.447910531644842,6100.0,0.056174188632681546,0.19503869043306016,0.32027192134511873,0.17859995996800432,0.12996906067556527,0.054217808364539148,0.065728370581030898,2.0
Rashad Jennings,RB,NYG,15.360174697556468,6200.0,0.065444980496748476,0.21878809186109124,0.24997235167367196,0.183584687455637,0.16261287518180376,0.083522670295383766,0.036074343035663675,2.0
Sione Houma,RB,NO,15.320076158135613,4500.0,0.30362216815383236,0.10440935841811842,0.10645276348016779,0.08016412114118554,0.1564656644413733,0.15827545554331862,0.090610468822003909,0.0
Daniel Lasco,RB,NO,15.320076158135613,4500.0,0.30362216815383236,0.10440935841811842,0.10645276348016779,0.08016412114118554,0.1564656644413733,0.15827545554331862,0.090610468822003909,0.0
Jeremy Hill,RB,CIN,15.120709158736497,5800.0,0.18491943909025596,0.22292617134869375,0.16014872379741046,0.11193104807784535,0.15673570331002482,0.029013792074901762,0.13432512230086785,1.0
Jhurell Pressley,RB,ATL,14.624625249530641,4500.0,0.32699906004704782,0.12484795745158642,0.11569646706873096,0.074561128868598961,0.11594601962142115,0.12763612793426471,0.11431323900834996,0.0
Gus Johnson,RB,ATL,14.624625249530641,4500.0,0.32699906004704782,0.12484795745158642,0.11569646706873096,0.074561128868598961,0.11594601962142115,0.12763612793426471,0.11431323900834996,0.0
Cyrus Gray,RB,ATL,14.624625249530641,4500.0,0.32699906004704782,0.12484795745158642,0.11569646706873096,0.074561128868598961,0.11594601962142115,0.12763612793426471,0.11431323900834996,0.0
Stevan Ridley,RB,ATL,14.624625249530641,4500.0,0.32699906004704782,0.12484795745158642,0.11569646706873096,0.074561128868598961,0.11594601962142115,0.12763612793426471,0.11431323900834996,0.0
Devontae Booker,RB,DEN,14.175553417261074,6400.0,0.084559736199395635,0.27955914458884207,0.27866938850852163,0.17112423078305319,0.072717407595539796,0.0286234406634664,0.08474665166118131,1.0
Darrel Young,RB,CHI,14.151838343093994,4500.0,0.35824988580168954,0.11118929134104352,0.096298351963763032,0.084754117116449243,0.11919835827079746,0.13432605458198657,0.09598394092427058,0.0
David Cobb,RB,CHI,14.151838343093994,4500.0,0.35824988580168954,0.11118929134104352,0.096298351963763032,0.084754117116449243,0.11919835827079746,0.13432605458198657,0.09598394092427058,0.0
Marcel Reece,RB,OAK,14.039529684274775,4500.0,0.35256048629986225,0.12142695510116887,0.11340346815110477,0.076859902250255976,0.10683861839860419,0.12412055905808929,0.10479001074091469,0.0
Roy Helu Jr.,RB,OAK,14.039529684274775,4500.0,0.35256048629986225,0.12142695510116887,0.11340346815110477,0.076859902250255976,0.10683861839860419,0.12412055905808929,0.10479001074091469,0.0
Joique Bell,RB,CHI,13.993600512573533,4600.0,0.36595839838246419,0.11088679184546044,0.095476479520559973,0.083281461892463382,0.11713628556665701,0.13246864297764044,0.094791939814754742,0.0
David Johnson,RB,ARI,13.975125428992433,9200.0,0.1292519794776974,0.24932629118248661,0.24741545526728609,0.15567725299563318,0.10807299500358684,0.043413349597555252,0.066842676475754551,1.0
Mike Gillislee,RB,BUF,13.925442227338714,5400.0,0.39053139414684668,0.071209760528232288,0.10443269524132244,0.06446882402643761,0.1361772347747536,0.16584847337140679,0.067331617911000688,0.0
Latavius Murray,RB,OAK,13.879908046955562,6700.0,0.37166865310862157,0.13405351828281767,0.052684695016023603,0.05358640692897091,0.16455392776009115,0.15657294908241129,0.066879849821063694,0.0
Melvin Gordon,RB,SD,13.856584625237824,8000.0,0.10168341038016634,0.31863358650927553,0.25810088711155321,0.11422220207679411,0.086697816054351284,0.02485329484912651,0.095808803018732791,1.0
Kenneth Dixon,RB,BAL,13.726024081097322,5100.0,0.19838898058590404,0.23377890985223918,0.22375214869302276,0.11291281090102329,0.064855115597629506,0.076843673012390784,0.089468361357790405,1.0
LeGarrette Blount,RB,NE,13.520179370160776,6600.0,0.14632803096913788,0.24711364023181295,0.25419500246953947,0.14595240483607066,0.11326338085051393,0.031891682152011977,0.061255858490913147,2.0
James Starks,RB,GB,13.433322933866087,5800.0,0.23443889790467259,0.23712474089940591,0.13117536530509535,0.13375801300300241,0.12899116972887792,0.069584258796031001,0.064927554362914849,1.0
Byron Marshall,RB,PHI,13.375576398601188,4500.0,0.362088608254789,0.1431177192133915,0.10609642396364059,0.081986252650775346,0.098530238109928836,0.11563328237404161,0.092547475433433182,0.0
Terron Ward,RB,ATL,13.301557357479869,4500.0,0.29145678470055947,0.13024403171028265,0.21927485898418397,0.11872553673533383,0.1094685478061706,0.035286426683941774,0.095543813379527776,0.0
Chris Johnson,RB,ARI,13.22208224483215,4500.0,0.37631371837543426,0.13324916448941951,0.10551967360778533,0.081823754380202798,0.097497403290343038,0.11447253140655934,0.091123754450255751,0.0
Carlos Hyde,RB,SF,13.036576574401984,6700.0,0.16395055385735446,0.2978647267096492,0.19677851629080284,0.13000989665435364,0.12521350080389429,0.023452249690095,0.062730555993850592,1.0
Lamar Miller,RB,HOU,12.920538170500617,7300.0,0.14450015929733986,0.26599366051064049,0.28091986351345755,0.13558033939021902,0.087783473870421513,0.037031292870843238,0.048191210547078235,2.0
Glenn Gronkowski,RB,NE,12.562303634978054,4500.0,0.41742110502457885,0.12619536287017571,0.10324647442134982,0.078104574811562355,0.080287610610859844,0.094355614196645496,0.10038925806482797,0.0
D.J. Foster,RB,NE,12.562303634978054,4500.0,0.41742110502457885,0.12619536287017571,0.10324647442134982,0.078104574811562355,0.080287610610859844,0.094355614196645496,0.10038925806482797,0.0
Donald Brown,RB,NE,12.562303634978054,4500.0,0.41742110502457885,0.12619536287017571,0.10324647442134982,0.078104574811562355,0.080287610610859844,0.094355614196645496,0.10038925806482797,0.0
Joey Iosefa,RB,NE,12.562303634978054,4500.0,0.41742110502457885,0.12619536287017571,0.10324647442134982,0.078104574811562355,0.080287610610859844,0.094355614196645496,0.10038925806482797,0.0
Doug Martin,RB,TB,12.377514410973532,6500.0,0.16147577012744768,0.34539692060471416,0.19745762003809134,0.11168997771671921,0.10132024138381025,0.028297822007668016,0.054361648121549359,1.0
Alfred Blue,RB,HOU,12.106990259115252,4700.0,0.35529173864302926,0.15223310173231225,0.20118407812463798,0.089203063296746432,0.056623258778906671,0.048550911615193912,0.096913847809173337,0.0
Will Johnson,RB,NYG,11.957692476373825,4500.0,0.42104408543472932,0.15641890003925965,0.11649496519966587,0.063578752793844118,0.061551626278306862,0.073825970207231917,0.10708570004696222,0.0
Shane Vereen,RB,NYG,11.957692476373825,4500.0,0.42104408543472932,0.15641890003925965,0.11649496519966587,0.063578752793844118,0.061551626278306862,0.073825970207231917,0.10708570004696222,0.0
Nikita Whitlock,RB,NYG,11.957692476373825,4500.0,0.42104408543472932,0.15641890003925965,0.11649496519966587,0.063578752793844118,0.061551626278306862,0.073825970207231917,0.10708570004696222,0.0
Andre Williams,RB,SD,11.957310640653331,4500.0,0.42221175220288309,0.1524258228019727,0.10655994953727946,0.069498915338850414,0.071482277609091191,0.082898524342187974,0.094922758167735224,0.0
Dexter McCluster,RB,SD,11.957310640653331,4500.0,0.42221175220288309,0.1524258228019727,0.10655994953727946,0.069498915338850414,0.071482277609091191,0.082898524342187974,0.094922758167735224,0.0
Toben Opurum,RB,DEN,11.835565083301688,4500.0,0.42184366925949557,0.1527503847082472,0.11732427798983441,0.06873683195388261,0.066177503954085892,0.077862729719681376,0.095304602414772843,0.0
Terrell Watson,RB,DEN,11.835565083301688,4500.0,0.42184366925949557,0.1527503847082472,0.11732427798983441,0.06873683195388261,0.066177503954085892,0.077862729719681376,0.095304602414772843,0.0
Spencer Ware,RB,KC,11.800226439576546,7400.0,0.25058045151000879,0.25652173675953455,0.1829169278159547,0.13823400164620128,0.10006282527468871,0.028806653981313921,0.042877403012298032,1.0
Ronnie Hillman,RB,SD,11.753325797043118,4500.0,0.38121617676561154,0.1497076764754898,0.17245795018572535,0.1004574681232535,0.067476531333021755,0.034456152266668399,0.094228044850229731,0.0
Ameer Abdullah,RB,DET,11.605930770894158,4500.0,0.441460204266025,0.14717718096820298,0.103065599199458,0.071970106443899617,0.067457904716788475,0.07700846134913894,0.091860543056486998,0.0
Justin Forsett,RB,DET,11.605930770894158,4500.0,0.441460204266025,0.14717718096820298,0.103065599199458,0.071970106443899617,0.067457904716788475,0.07700846134913894,0.091860543056486998,0.0
Bruce Miller,RB,SF,11.597059984855267,4500.0,0.43101151183054576,0.15014316572859068,0.12251840638784617,0.068948983712873668,0.060817792089990066,0.072351341771872538,0.094208798478281022,0.0
Raheem Mostert,RB,SF,11.597059984855267,4500.0,0.43101151183054576,0.15014316572859068,0.12251840638784617,0.068948983712873668,0.060817792089990066,0.072351341771872538,0.094208798478281022,0.0
Kendall Gaskins,RB,SF,11.597059984855267,4500.0,0.43101151183054576,0.15014316572859068,0.12251840638784617,0.068948983712873668,0.060817792089990066,0.072351341771872538,0.094208798478281022,0.0
Mike Davis,RB,SF,11.597059984855267,4500.0,0.43101151183054576,0.15014316572859068,0.12251840638784617,0.068948983712873668,0.060817792089990066,0.072351341771872538,0.094208798478281022,0.0
Soma Vainuku,RB,HOU,11.548910080307648,4500.0,0.43465025330716955,0.16086987618706375,0.11160029288116487,0.063811846582903509,0.058686374579998951,0.071965533971744003,0.098415822489955354,0.0
Chris Ivory,RB,JAC,11.311677728900319,6000.0,0.30520292392378007,0.25782862406876245,0.13081833049147959,0.126438938975061,0.088999357292812581,0.054713899653845453,0.035997925594258733,0.0
Isaiah Pead,RB,MIA,11.273752982860906,4500.0,0.46094914659676245,0.14552312390868741,0.10127358018863063,0.070487733812097525,0.056578335332815255,0.069879167685243312,0.095308912475763438,0.0
Daniel Thomas,RB,MIA,11.273752982860906,4500.0,0.46094914659676245,0.14552312390868741,0.10127358018863063,0.070487733812097525,0.056578335332815255,0.069879167685243312,0.095308912475763438,0.0
John Crockett,RB,GB,11.176544039860005,4500.0,0.45012593831441688,0.1482113576930362,0.10373514968874434,0.077706986103411466,0.06659966853277402,0.078952219586244404,0.074668680081372826,0.0
Don Jackson,RB,GB,11.176544039860005,4500.0,0.45012593831441688,0.1482113576930362,0.10373514968874434,0.077706986103411466,0.06659966853277402,0.078952219586244404,0.074668680081372826,0.0
Patrick DiMarco,RB,ATL,11.029486963126246,4500.0,0.47303885298287934,0.16894173896464809,0.078064441202111604,0.060433466412278189,0.080683279243538894,0.017103455146098782,0.12173476604844513,0.0
Mack Brown,RB,WAS,10.956668662021427,4500.0,0.47131987850730361,0.13722403825437091,0.10740961750160154,0.071770882953538617,0.05849291455035887,0.073054127619142054,0.080728540613684563,0.0
Keith Marshall,RB,WAS,10.956668662021427,4500.0,0.47131987850730361,0.13722403825437091,0.10740961750160154,0.071770882953538617,0.05849291455035887,0.073054127619142054,0.080728540613684563,0.0
Silas Redd Jr.,RB,WAS,10.956668662021427,4500.0,0.47131987850730361,0.13722403825437091,0.10740961750160154,0.071770882953538617,0.05849291455035887,0.073054127619142054,0.080728540613684563,0.0
Darren Sproles,RB,PHI,10.951200414439882,5500.0,0.47744895281515842,0.13731758412218908,0.10037853190098324,0.070800707672914992,0.055144476840145507,0.075818632420975099,0.083091114227633628,0.0
Jamize Olawale,RB,OAK,10.879316371963007,4500.0,0.54565444990671708,0.095707517327395936,0.029803411547566588,0.039908323868618124,0.11235700933494798,0.13086963138098445,0.045699656633769868,0.0
Matt Jones,RB,WAS,10.810792776535232,4600.0,0.47926641481750598,0.13622682469789257,0.10600742711234806,0.070202310621168537,0.05721896762271101,0.071715522869549381,0.079362532258824753,0.0
Tevin Coleman,RB,ATL,10.802147914708199,5600.0,0.51969812607445676,0.17043912613620676,0.038180504775895435,0.032080618874367951,0.069558858595246256,0.044083879856881225,0.12595888568694569,0.0
Terrance West,RB,BAL,10.763815105683118,5900.0,0.3168705308739157,0.2705324615309857,0.18103399916955049,0.09330585044922439,0.043827639920861937,0.032571611416723198,0.061857906638738518,0.0
Travaris Cadet,RB,NO,10.717111240972681,4500.0,0.44558827322388256,0.16075011639837375,0.10847587282753898,0.065702272303226353,0.12367246434240055,0.032565196011967883,0.063245804892609864,0.0
Todd Gurley,RB,LARM,10.641831659587794,6800.0,0.25678104476964436,0.33525124430559972,0.21240274827469036,0.086161200555638556,0.031910770299192433,0.014347692313421173,0.063145299481813355,1.0
Jonas Gray,RB,JAC,10.633782718526987,4500.0,0.45904261864493018,0.17575128665046907,0.1153241551247452,0.059164808160258396,0.044156342002750981,0.057605317930561256,0.088955471486284993,0.0
Bronson Hill,RB,JAC,10.633782718526987,4500.0,0.45904261864493018,0.17575128665046907,0.1153241551247452,0.059164808160258396,0.044156342002750981,0.057605317930561256,0.088955471486284993,0.0
Marcus Murphy,RB,NO,10.443136042275825,4500.0,0.54894274239738072,0.088049469177661002,0.065443831199890418,0.046285031033181337,0.096882025897684396,0.1068486478165815,0.047548252477620651,0.0
Charles Sims,RB,TB,10.22646708093092,4700.0,0.49308036560617435,0.15492060714267317,0.10548092856874068,0.063334395552176265,0.046259201436751413,0.057092201003434651,0.079832300690049512,0.0
Christian Powell,RB,PIT,10.135989272187032,4500.0,0.4857795912851009,0.15714341362359441,0.10387732056131474,0.073238410390427958,0.051540230558416271,0.065542047994142136,0.062878985587003527,0.0
DeAngelo Williams,RB,PIT,10.135989272187032,4500.0,0.4857795912851009,0.15714341362359441,0.10387732056131474,0.073238410390427958,0.051540230558416271,0.065542047994142136,0.062878985587003527,0.0
Dreamius Smith,RB,PIT,10.135989272187032,4500.0,0.4857795912851009,0.15714341362359441,0.10387732056131474,0.073238410390427958,0.051540230558416271,0.065542047994142136,0.062878985587003527,0.0
Daryl Richardson,RB,PIT,10.135989272187032,4500.0,0.4857795912851009,0.15714341362359441,0.10387732056131474,0.073238410390427958,0.051540230558416271,0.065542047994142136,0.062878985587003527,0.0
Lorenzo Taliaferro,RB,BAL,9.938154567432731,4500.0,0.49488260352617858,0.14225252250145429,0.14158831360263732,0.072187783416173129,0.029189033295501755,0.033644035618710273,0.086255708039344528,0.0
Brandon Wegher,RB,CAR,9.8800751311262527,4500.0,0.48886476226531056,0.17512045927078007,0.11317906503214423,0.057241477888150538,0.039904990131390407,0.049192034986192561,0.07649721042603165,0.0
Devon Johnson,RB,CAR,9.8800751311262527,4500.0,0.48886476226531056,0.17512045927078007,0.11317906503214423,0.057241477888150538,0.039904990131390407,0.049192034986192561,0.07649721042603165,0.0
Cameron Artis-Payne,RB,CAR,9.8800751311262527,4500.0,0.48886476226531056,0.17512045927078007,0.11317906503214423,0.057241477888150538,0.039904990131390407,0.049192034986192561,0.07649721042603165,0.0
Paul Perkins,RB,NYG,9.8657965913551795,4500.0,0.40744714141558147,0.21245135980442545,0.14978699126202577,0.088544674368705945,0.069286564959925023,0.035191700155964276,0.037291568033372191,0.0
Cedric Peerman,RB,CIN,9.8553877154847633,4500.0,0.57222250152034138,0.14730142185519288,0.050599238139516202,0.033390532035891339,0.041895526889877042,0.033344083892754194,0.1212466956664268,0.0
Brandon Cottom,RB,SEA,9.7582385722552925,4500.0,0.51226667379588087,0.15636128339875477,0.095841005632332318,0.068168575496806535,0.043198186027078603,0.053841228353699963,0.070323047295446972,0.0
Zac Brooks,RB,SEA,9.7582385722552925,4500.0,0.51226667379588087,0.15636128339875477,0.095841005632332318,0.068168575496806535,0.043198186027078603,0.053841228353699963,0.070323047295446972,0.0
Tre Madden,RB,SEA,9.7582385722552925,4500.0,0.51226667379588087,0.15636128339875477,0.095841005632332318,0.068168575496806535,0.043198186027078603,0.053841228353699963,0.070323047295446972,0.0
Malcolm Johnson,RB,SEA,9.7582385722552925,4500.0,0.51226667379588087,0.15636128339875477,0.095841005632332318,0.068168575496806535,0.043198186027078603,0.053841228353699963,0.070323047295446972,0.0
LeSean McCoy,RB,BUF,9.7465185438249478,8400.0,0.59311449970105123,0.10223517957605327,0.043702644443813804,0.027606438438849759,0.085860775347185447,0.083481455072522359,0.063999007420523946,0.0
Jay Ajayi,RB,MIA,9.7007033703408023,7500.0,0.41180566690045278,0.26402353115937288,0.12977688046566932,0.075336652115602823,0.024589252286918148,0.014563796323285702,0.079904220748698351,0.0
Jacquizz Rodgers,RB,TB,9.6782652560753686,5100.0,0.5242217227276591,0.14962056475271798,0.09951734634668713,0.057650681688090621,0.042120886453826549,0.052723322874811809,0.074145475156206855,0.0
Shaun Draughn,RB,SF,9.6122467869732731,4500.0,0.45578907172986061,0.22311776682235371,0.085349897468127864,0.071485363246138647,0.086329102596306551,0.025118594919652869,0.05281020321755979,0.0
Dion Lewis,RB,NE,9.6106103204669111,5000.0,0.56121269766875703,0.14006269953249195,0.051768705963323482,0.038770527955560234,0.065864035581557387,0.084222959998454194,0.058098373299855698,0.0
Christine Michael,RB,GB,9.5833024651393917,4600.0,0.4637629091687348,0.21526570838161038,0.10982467710420787,0.077209281767447402,0.040270221197601486,0.013200076751656074,0.080467125628742073,0.0
Jalen Richard,RB,OAK,9.2830350807859219,4800.0,0.61255956966276504,0.099865223773323367,0.036057892725549476,0.033356661539412351,0.084681646105979627,0.081189401575799833,0.05228960461717036,0.0
Zach Laskey,RB,LARM,8.9637646287006838,4500.0,0.53597373172345475,0.16337099989220641,0.10938210787544889,0.056732223635100242,0.030776174887511883,0.038103075512747282,0.065661686473530476,0.0
Tre Mason,RB,LARM,8.9637646287006838,4500.0,0.53597373172345475,0.16337099989220641,0.10938210787544889,0.056732223635100242,0.030776174887511883,0.038103075512747282,0.065661686473530476,0.0
Kapri Bibbs,RB,DEN,8.8973715306633654,5300.0,0.47876079953134021,0.23270245594795236,0.1127103430232213,0.062835461685744595,0.029667758198376335,0.018284622799556567,0.065038558813808586,0.0
Jonathan Stewart,RB,CAR,8.6784509727399026,6300.0,0.34293045811691719,0.36456357766274422,0.15212482122042836,0.060824696817714352,0.046422607094419012,0.01110499897132622,0.022028840116450669,1.0
Jonathan Grimes,RB,HOU,8.4517686542516977,4500.0,0.56097969196872977,0.20194839424859717,0.066389781050929089,0.039106239218233578,0.028958152488198718,0.029693913181425103,0.07292382784388661,0.0
DeAndre Washington,RB,OAK,8.3920597824742096,4500.0,0.65065274656316796,0.074045573770636725,0.071910051925127103,0.036385899431348942,0.054243640960017117,0.065693034022152944,0.047069053327549404,0.0
Jonathan Williams,RB,BUF,8.383391730294413,4500.0,0.68968003506718767,0.065027757541601922,0.037081512160768194,0.025711505577414549,0.055677095999460545,0.057799296855019215,0.069022796798548031,0.0
Derek Watt,RB,SD,8.3712920411110705,4500.0,0.55884381861488486,0.19123532066225163,0.085311684594551337,0.044631824491058188,0.033040715093378512,0.012497835340680193,0.074438801203195418,0.0
Rex Burkhead,RB,CIN,8.2734091207849421,4500.0,0.60961210425316958,0.15034265285619472,0.058170778325516669,0.037997498192002994,0.055957913624252856,0.014200251527247236,0.073718801221615962,0.0
Kenneth Farrow,RB,SD,8.2728769539611697,4500.0,0.56464756955567352,0.19035142423234294,0.083589684620179613,0.043686555987541828,0.032375501174364947,0.012191529423255814,0.073157735006641175,0.0
Juwan Thompson,RB,DEN,7.9631084307656756,4500.0,0.59385760776102392,0.18924676447008218,0.059853857504986556,0.036560428363072585,0.027725728048495487,0.026552320433550169,0.066203293418789139,0.0
Jeremy Langford,RB,CHI,7.7293245200359957,4700.0,0.655861335075833,0.10030619355608861,0.060052429665171179,0.057248897483883412,0.046752083525729113,0.034576713293475038,0.045202347399819466,0.0
Theo Riddick,RB,DET,7.67221540529248,6500.0,0.59264961248861447,0.2149446195921689,0.029150162986097228,0.030749135911130324,0.051140370475502087,0.042993596462288133,0.038372502084198908,0.0
Dwayne Washington,RB,DET,7.633710892866719,4500.0,0.60121212266429802,0.20909426042297566,0.038725294415719924,0.031541080538970825,0.036517579541692539,0.026272690780656503,0.05663697163568663,0.0
Akeem Hunt,RB,HOU,7.280095212861367,4500.0,0.60521795866048467,0.16802913777913106,0.095354199452872018,0.042570490916458724,0.030765343074544434,0.020599996611642919,0.037462873504866136,0.0
Andy Janovich,RB,DEN,7.2160174546144118,4500.0,0.61329897324496141,0.18059675495980568,0.079391359523862365,0.042683978462220988,0.020016354124472283,0.013583401946401123,0.050429177738276036,0.0
Denard Robinson,RB,JAC,7.0240532890514222,4500.0,0.60825771926776018,0.17476308564684656,0.091786947009842912,0.05142875831035168,0.02692114839396002,0.013314939517461828,0.033527401853776589,0.0
Peyton Barber,RB,TB,6.9985768288038397,4800.0,0.59020544237498174,0.21705018570479015,0.083266124804213235,0.035677527208993885,0.024206336331920531,0.0067256598301777999,0.042868723744922843,0.0
Ty Montgomery,RB,GB,6.960194776416686,4700.0,0.64372310127277965,0.15605750694404857,0.062692600112904145,0.04952708728801318,0.034221647221196333,0.016285982788147347,0.037492074372910598,0.0
Alex Collins,RB,SEA,6.9480570586609574,4500.0,0.59745321650706551,0.23248980368233224,0.058839356914386062,0.036188926089705725,0.017646443121946336,0.0084628703236544756,0.048919383360909605,0.0
T.J. Yeldon,RB,JAC,6.9369959369449061,5000.0,0.60278726531923121,0.18354925811836831,0.091046314617029139,0.051895658080713634,0.028272787116213866,0.015291654356884985,0.027157062391558968,0.0
John Kuhn,RB,NO,6.7227027972266544,4500.0,0.68920957577929087,0.11536932135174018,0.05298571969485992,0.033732302746418898,0.064126881868218466,0.016166618429883664,0.028409580129588018,0.0
Thomas Rawls,RB,SEA,6.678619263774606,6600.0,0.63327500018307337,0.21706174773944734,0.039701772338157373,0.027587487386345158,0.017931484569752274,0.022737427126562865,0.041705080656661578,0.0
James White,RB,NE,6.4588830076055741,5100.0,0.67422987102654774,0.1508794436882204,0.049820757934026523,0.036895589719639486,0.043673816352686343,0.022253187278359159,0.022247334000520286,0.0
Tyler Ervin,RB,HOU,6.4384318191527292,4500.0,0.70733040622147647,0.092588990900088222,0.085949098296697113,0.032758499595425795,0.028239705734228904,0.022267727016447535,0.0308655722356358,0.0
Taiwan Jones,RB,OAK,6.4048525617412704,4500.0,0.77259226819044213,0.0687105211907241,0.027226632649463917,0.017856197722088386,0.035550806351844919,0.030252215356920378,0.047811358538516209,0.0
Ka'Deem Carey,RB,CHI,6.3612382949288557,4500.0,0.74790654126875344,0.075968778959746464,0.048417114195697816,0.036781933732942598,0.028342783750606327,0.020707198110848288,0.041875649981405257,0.0
Aaron Ripkowski,RB,GB,6.1215784269524072,4500.0,0.71648097599754501,0.12938437843666203,0.048382474938591331,0.032943903388219641,0.022772759267645076,0.011324794648195276,0.038710713323141709,0.0
Andre Ellington,RB,ARI,6.0485694037609576,4500.0,0.74251891315954177,0.099325724134383384,0.049729641195746528,0.031572431636836318,0.021625423969358844,0.019514163292330487,0.035713702611802782,0.0
Troymaine Pope,RB,SEA,6.0109424110885206,4500.0,0.74186144751018734,0.10176626108282563,0.052759471390170738,0.029295118229463516,0.015252133669379256,0.025277869185466036,0.033787698932507555,0.0
Chris Thompson,RB,WAS,5.9594365260640663,5200.0,0.70037193397862096,0.13736132506765913,0.071259176108282543,0.029290298968506063,0.023455850527748949,0.012257247238406162,0.026004168110776046,0.0
Jerome Felton,RB,BUF,5.9111083419685713,4500.0,0.81589253030006625,0.045965613834047361,0.020711461774602719,0.013624042401626691,0.02966968249647647,0.031070717290666103,0.043065951902514603,0.0
Reggie Bush,RB,BUF,5.8124027106184224,4500.0,0.81933211766200664,0.045447369033665495,0.01758468011988857,0.013502891223158892,0.032352878553535469,0.036417858122479385,0.035362205285265576,0.0
Kyle Juszczyk,RB,BAL,5.7926897035142542,4500.0,0.72970503995215263,0.13035324739308415,0.049126223035266932,0.028151515072782112,0.014791102381553683,0.016573584385915167,0.031299287779245497,0.0
DuJuan Harris,RB,SF,5.7872288471460802,4900.0,0.70690506402449904,0.15432917559392825,0.05369313885722523,0.02601748143272797,0.023270414680540794,0.0053363347143479123,0.030448390696730838,0.0
Benny Cunningham,RB,LARM,5.6807451584966824,4500.0,0.71315942332340299,0.15154761937033193,0.062312560493522171,0.023578215302799643,0.0088982569899912541,0.0064179279373948817,0.034085996582557232,0.0
Damien Williams,RB,MIA,5.6223749997285104,4700.0,0.77457020615924133,0.10297719063577025,0.037453168458364279,0.020300685825813382,0.0083747497690771101,0.0092770524312089046,0.04704694672052466,0.0
Ryan Hewitt,RB,CIN,5.5010827799783915,4500.0,0.78899510326955791,0.093530005166327215,0.030781151758750857,0.016267613829124818,0.021445094354655882,0.0052237847562937251,0.043757246865289666,0.0
Paul Lasike,RB,CHI,5.4876458276328037,4500.0,0.80066186285630025,0.064869476164085199,0.03810395614991479,0.028159738285940927,0.02027641164835985,0.01377912747247324,0.034149427422925774,0.0
Kenjon Barner,RB,PHI,5.4612322530463775,4900.0,0.80236096244136013,0.074272195169201055,0.033928597269139563,0.022666226047944649,0.013168117875210944,0.012652964349544318,0.040950936847599366,0.0
Zach Zenner,RB,DET,5.4405280432255214,4500.0,0.7632017930682542,0.13478942271524272,0.022062756547383981,0.01519248932660501,0.016135477305473201,0.011297400738253079,0.037320660298787743,0.0
Michael Burton,RB,DET,5.4056795174300625,4500.0,0.76612865519584039,0.13314456788511939,0.021749401488507226,0.014974136889952734,0.015885321013616605,0.011158417350472533,0.036959500176490981,0.0
Kenyan Drake,RB,MIA,5.2670565329242418,4500.0,0.80013965891791561,0.092124159418377913,0.032745888221046335,0.018396613482482928,0.0067519277096952405,0.0069157134599902607,0.042926038790491818,0.0
Charcandrick West,RB,KC,4.9783910350588307,5100.0,0.77854690988673181,0.11255252624854688,0.035632305204337349,0.028689112656792151,0.020846671856793658,0.0079026913314630375,0.015829782815335133,0.0
Mike James,RB,TB,4.8563685634805882,4500.0,0.77886888964927548,0.12841852312047625,0.038824879688480154,0.015053948147778591,0.010772372613866654,0.0036299458472793486,0.024431440932843385,0.0
Fitzgerald Toussaint,RB,PIT,4.856127511439368,4500.0,0.77229351234094223,0.11970620939995262,0.04537327961061529,0.02848905611757907,0.012721308148887282,0.00985852717649904,0.011558107205524431,0.0
Knile Davis,RB,KC,4.7303955768750301,4500.0,0.80655351990134283,0.096258952510331508,0.035246263329626201,0.022315626713102131,0.014797792784596074,0.0054609373458501453,0.019366907415150902,0.0
Fozzy Whittaker,RB,CAR,4.7058687869974349,4500.0,0.75943922489051952,0.15066653178044709,0.043893812984947704,0.016577100707097975,0.01247960373025807,0.0047095571912827401,0.012234168715446875,0.0
Anthony Sherman,RB,KC,4.5315859887393453,4500.0,0.82420012021935529,0.089095285929999726,0.030461576611353649,0.019536922584158754,0.013235337639283983,0.0052088535449778947,0.018261903470870811,0.0
Will Tukuafu,RB,SEA,4.5204366019192523,4500.0,0.79482244869405538,0.1338677233250874,0.028316833990265931,0.013478393678033019,0.005413042689025236,0.0034410315099560693,0.020660526113577035,0.0
Mike Tolbert,RB,CAR,4.4755533448446112,4500.0,0.78053047483682236,0.1435597239402007,0.033443292844766118,0.015507501034407538,0.011964395875884892,0.0047871345393627482,0.01020747692855589,0.0
Orleans Darkwa,RB,NYG,4.465704028974729,4500.0,0.81644103344019225,0.092973150206547214,0.042136010705556087,0.017391990438881282,0.011799026248315811,0.0057723802506109674,0.013486408709896102,0.0
Jay Prosch,RB,HOU,4.4475123499055451,4500.0,0.82501299093817193,0.090496556626510308,0.036822098722864419,0.014323828576875293,0.0098380157390217625,0.0065027625703061231,0.017003746826250218,0.0
Javorius Allen,RB,BAL,4.440108645926216,4500.0,0.83193665652020754,0.08839163465397322,0.032721388886684619,0.013611090600384845,0.0059462930621027588,0.0056568087265799361,0.02173612755006701,0.0
Bobby Rainey,RB,NYG,4.4326050608597001,4500.0,0.81949775411005821,0.091490760873650226,0.041393357910475888,0.017087836551093218,0.011588066029575829,0.0056644651384643915,0.01327775938668203,0.0
James Develin,RB,NE,4.4155149191971761,4500.0,0.83286550320743125,0.086954784134428115,0.030100743027667458,0.01487327107686499,0.01211881600796789,0.0048087334396379692,0.018278149106002436,0.0
Stepfan Taylor,RB,ARI,4.4028863609718147,4500.0,0.85390259350599751,0.065017738251994722,0.02682264366118102,0.014947216132618464,0.010012016777068049,0.0089407431656881517,0.020357048505451999,0.0
Kerwynn Williams,RB,ARI,4.4028863609718147,4500.0,0.85390259350599751,0.065017738251994722,0.02682264366118102,0.014947216132618464,0.010012016777068049,0.0089407431656881517,0.020357048505451999,0.0
Corey Grant,RB,JAC,4.3890253511877795,4500.0,0.82954085063101901,0.097909280331285667,0.024754772580365916,0.011942937203117968,0.0099698283170989218,0.0090380208156284822,0.016844310121484074,0.0
Brandon Bolden,RB,NE,4.3001456276332952,4500.0,0.84164638839211581,0.083358142869165111,0.028452274378575827,0.013777286999341489,0.011169202799894628,0.0044138786287718371,0.017182825932135392,0.0
Malcolm Brown,RB,LARM,4.2187977355547917,4500.0,0.83456232078610604,0.097849340219861622,0.031506139780042762,0.010765860114992682,0.0039718795657031842,0.0026841054954582209,0.018660354037835319,0.0
Chase Reynolds,RB,LARM,3.9508816455563522,4500.0,0.85871648191690442,0.085469779152414702,0.025831483912619115,0.0087476245682779081,0.0031838445590777931,0.0021765187314109124,0.015874267159295109,0.0
Roosevelt Nix,RB,PIT,3.9121054271146667,4500.0,0.85639619133864398,0.082707176454002551,0.025840410227087215,0.015725314666895727,0.0067064914144702673,0.0053516829911089657,0.0072727329077912828,0.0
