name,pos,team,expectation,salary,prob_0_5,prob_5_10,prob_10_15,prob_15_20,prob_20_25,prob_25_30,prob_30+,label
A.J. Green,WR,CIN,25.442162345230084,7400.0,0.044087976561322711,0.043392440992317871,0.0053041316620674019,0.060768335399663136,0.03084197789435298,0.71511636448908744,0.10048877300118857,5.0
Julian Edelman,WR,NE,25.203395039595303,6600.0,0.027469043087592813,0.054046450342056178,0.012681918013215096,0.06984768080722864,0.032567042075443642,0.73370907737126712,0.069678788303196598,5.0
Chris Hogan,WR,NE,25.04553563412713,5500.0,0.039646600083189022,0.035864919994646395,0.01086783887966703,0.058965253143103698,0.02260684742419088,0.81608808876229844,0.015960451712904482,5.0
Pierre Garcon,WR,WAS,24.978630462245142,5500.0,0.034742473508860894,0.065110278108589353,0.0090644704944993857,0.059508373563863806,0.029392658113554147,0.73186015344231869,0.070321592768313679,5.0
Jamison Crowder,WR,WAS,23.692464586479943,6600.0,0.050540547103799897,0.099652736234626851,0.010439002096756318,0.082387805433731157,0.029582429999649287,0.65040971585751906,0.076987763273917431,5.0
Dontrelle Inman,WR,SD,23.113019904482883,5200.0,0.026771030273500987,0.07865603914307398,0.071352468166062125,0.075039978672737775,0.079908145452050106,0.65818647420451493,0.010085864088060066,5.0
Tyrell Williams,WR,SD,21.991735623972893,6600.0,0.054170475941806309,0.089840455102207548,0.086915499473030455,0.060290279857323902,0.10117554920365278,0.60023178558875712,0.0073759548332218263,5.0
Julio Jones,WR,ATL,20.51147848359043,8300.0,0.042895446368784708,0.083398649584649848,0.13746696245785178,0.080101607658846538,0.28136543902105599,0.37188051583353487,0.0028913790752761463,5.0
Josh Huff,WR,TB,19.493503837112669,4500.0,0.18340739687243768,0.08091305228902676,0.052806724867778425,0.11226729719686419,0.084324714800746839,0.415167850814052,0.071112963159093989,5.0
Jaelen Strong,WR,HOU,19.303990687311817,4500.0,0.19506186133181033,0.07611429585545447,0.066686358945048846,0.081433549595024524,0.10976787387356972,0.39543027543776027,0.075505784961331854,5.0
Taylor Gabriel,WR,ATL,18.883795400402768,5700.0,0.087824954348779904,0.15754257197272303,0.10878564694353494,0.076240604110167101,0.18507388605329433,0.37788822002511424,0.006644116546386334,5.0
Mohamed Sanu,WR,ATL,18.755335226247553,5700.0,0.062290062508658366,0.13129237413484293,0.13933814062470418,0.13615419099235399,0.24229037821494909,0.27510149592052935,0.013533357603962116,5.0
Tommylee Lewis,WR,NO,18.700545361994806,4500.0,0.1709515016898244,0.13413515968273879,0.08480262468984516,0.14592423590759138,0.042125606711259228,0.27553475653539738,0.14652611478334371,5.0
Larry Fitzgerald,WR,ARI,18.648312679311008,7000.0,0.076099013873608776,0.27274970719023894,0.024300151886737051,0.12845414174107131,0.019821667660861717,0.44471742378453688,0.033857893862945132,5.0
Emmanuel Sanders,WR,DEN,18.376112094439435,6400.0,0.044498560002370083,0.20914921505156578,0.14387492101925767,0.12784710573375629,0.084754350065338116,0.38561891232996287,0.0042569357977492155,5.0
Matthew Slater,WR,NE,17.893333749720938,4500.0,0.3027445293747888,0.083733890759093807,0.025091593985744693,0.1286713144638594,0.072043228457013109,0.16639171016185159,0.22132373279764864,0.0
Jeremy Maclin,WR,KC,17.31528713771938,5800.0,0.1100027840388785,0.076567114741719899,0.28026858869352594,0.059335308694550282,0.32505632098877874,0.079521542066809683,0.069248340775737008,4.0
Tyreek Hill,WR,KC,16.980377237790204,5800.0,0.063092688002449715,0.23638130592463213,0.18147359139166411,0.080202978193019303,0.2775625966718876,0.068317880815190496,0.092968959001156773,4.0
DeSean Jackson,WR,WAS,16.624476907018778,6000.0,0.16918687937241927,0.27278347391253654,0.049998513310970973,0.13253788043663273,0.061404398506745929,0.15512927230807944,0.15895958215261505,1.0
Jordy Nelson,WR,GB,16.55985427656756,7400.0,0.032275260631195561,0.23235001323228405,0.22433603822766118,0.081346908698317413,0.33580475503456925,0.044384425167430103,0.049502599008542397,4.0
Robert Woods,WR,BUF,16.537736430930899,5100.0,0.041381867402475125,0.074788122608867025,0.38017587516583878,0.19698686185185477,0.23485830090405344,0.016496462907374856,0.055312509159535825,2.0
Davante Adams,WR,GB,16.224632623572344,6800.0,0.035123680383671654,0.28447759775535719,0.20309900974248785,0.073850325730330013,0.27189275950277353,0.073326121655277562,0.058230505230102092,1.0
Demaryius Thomas,WR,DEN,16.213206092288456,7100.0,0.11131200603702041,0.21434324834077406,0.18058483778610576,0.11333085003352805,0.083384042225653793,0.29146201713897363,0.0055829984379442881,5.0
Jared Dangerfield,WR,NO,15.29332768570605,4500.0,0.20385014693290993,0.15508833971842131,0.18753374970034678,0.15473129619828396,0.10865028653447549,0.070823675107876391,0.11932250580768607,0.0
Kyle Prater,WR,NO,15.29332768570605,4500.0,0.20385014693290993,0.15508833971842131,0.18753374970034678,0.15473129619828396,0.10865028653447549,0.070823675107876391,0.11932250580768607,0.0
Vincent Brown,WR,NO,15.29332768570605,4500.0,0.20385014693290993,0.15508833971842131,0.18753374970034678,0.15473129619828396,0.10865028653447549,0.070823675107876391,0.11932250580768607,0.0
Mike Evans,WR,TB,15.026323865084738,8500.0,0.06620542023079895,0.23155728215944688,0.24458021027639021,0.13795251141273243,0.26211285228061315,0.034738717810699683,0.022853005829318769,4.0
Golden Tate,WR,DET,14.988777789662624,5900.0,0.10725161172479569,0.17468434307036421,0.3465715594803821,0.06428904037669611,0.21870325704985694,0.0086688515763336145,0.079831336721571208,2.0
Anquan Boldin,WR,DET,14.448978757995373,5000.0,0.18817400945692542,0.1818751018091983,0.28389615168397392,0.061635460947974244,0.15040084416945873,0.011667480440587125,0.12235095149188234,2.0
Griff Whalen,WR,SD,14.224928781861887,4500.0,0.37051969122021083,0.10084667255557533,0.082632712223047994,0.090688915045020066,0.062657166350763654,0.23071881873492883,0.061936023870453417,0.0
Amari Cooper,WR,OAK,14.027881542969364,7800.0,0.10952563166594108,0.20395882915979818,0.43853735622569201,0.056751732772301722,0.072407241052441021,0.0051108365658978604,0.11370837255792801,2.0
Michael Thomas,WR,NO,13.987554100910231,6900.0,0.11816550626633621,0.33802500237116384,0.14837573296437948,0.13822513154657429,0.11120484905872413,0.097189996430560449,0.048813781362261839,1.0
Marcus Easley,WR,BUF,13.767993751677391,4500.0,0.27402903058365163,0.15637758211305225,0.18247498133965664,0.12618087200827011,0.10325823759322475,0.056146524805690955,0.10153277155645367,0.0
Walt Powell,WR,BUF,13.767993751677391,4500.0,0.27402903058365163,0.15637758211305225,0.18247498133965664,0.12618087200827011,0.10325823759322475,0.056146524805690955,0.10153277155645367,0.0
Kolby Listenbee,WR,BUF,13.767993751677391,4500.0,0.27402903058365163,0.15637758211305225,0.18247498133965664,0.12618087200827011,0.10325823759322475,0.056146524805690955,0.10153277155645367,0.0
Greg Salas,WR,BUF,13.767993751677391,4500.0,0.27402903058365163,0.15637758211305225,0.18247498133965664,0.12618087200827011,0.10325823759322475,0.056146524805690955,0.10153277155645367,0.0
Tyler Boyd,WR,CIN,13.455534601279245,5400.0,0.30867411151145996,0.26167347128533408,0.056186888775284258,0.07831613410413571,0.092232551875846489,0.070518942871634682,0.13239789957630463,0.0
Daniel Braverman,WR,CHI,13.303635011867758,4500.0,0.30842164301314268,0.15058968521526539,0.16143929381722627,0.11536412193482398,0.11655885976949766,0.056427100655942523,0.091199295594101393,0.0
Kevin White,WR,CHI,13.303635011867758,4500.0,0.30842164301314268,0.15058968521526539,0.16143929381722627,0.11536412193482398,0.11655885976949766,0.056427100655942523,0.091199295594101393,0.0
Joshua Bellamy,WR,CHI,13.303635011867758,4500.0,0.30842164301314268,0.15058968521526539,0.16143929381722627,0.11536412193482398,0.11655885976949766,0.056427100655942523,0.091199295594101393,0.0
Kieran Duncan,WR,CHI,13.303635011867758,4500.0,0.30842164301314268,0.15058968521526539,0.16143929381722627,0.11536412193482398,0.11655885976949766,0.056427100655942523,0.091199295594101393,0.0
Shaq Evans,WR,NE,13.213071884089318,4500.0,0.30315757277003874,0.15112294636085127,0.17086863875251751,0.11825320584218332,0.11118141411486131,0.063291043380719322,0.082125178778828495,0.0
DeAndre Carter,WR,NE,13.213071884089318,4500.0,0.30315757277003874,0.15112294636085127,0.17086863875251751,0.11825320584218332,0.11118141411486131,0.063291043380719322,0.082125178778828495,0.0
DeAndrew White,WR,NE,13.213071884089318,4500.0,0.30315757277003874,0.15112294636085127,0.17086863875251751,0.11825320584218332,0.11118141411486131,0.063291043380719322,0.082125178778828495,0.0
Kashif Moore,WR,KC,13.134777362198299,4500.0,0.30901132875640175,0.1552032644851726,0.16723947337823741,0.11403309764947805,0.11159136996168575,0.053454026063882269,0.089467439705142163,0.0
Aaron Dobson,WR,DET,13.060537399806417,4500.0,0.30546113462635976,0.15340376037388753,0.17396230180343231,0.11395030193434992,0.11238271222640657,0.064040844972873184,0.076798944062690666,0.0
Quinshad Davis,WR,DET,13.060537399806417,4500.0,0.30546113462635976,0.15340376037388753,0.17396230180343231,0.11395030193434992,0.11238271222640657,0.064040844972873184,0.076798944062690666,0.0
Michael Crabtree,WR,OAK,13.019799324136141,6400.0,0.14502886380279989,0.25186809602318921,0.35354898805080592,0.064644249402890236,0.0958113261071626,0.0075495719469211627,0.08154890466623077,2.0
Danny Amendola,WR,NE,13.015189689826471,4500.0,0.4934641666823778,0.097980909905389657,0.023848369785474118,0.079543487775974586,0.041339710883543331,0.10765388377346939,0.15616947119377114,0.0
Doug Baldwin,WR,SEA,12.865525897808784,6900.0,0.14682859753469973,0.25822835970636621,0.2594586975132569,0.15557633816947739,0.1136987458324656,0.037283180729126342,0.028926080514607773,2.0
DeAndre Hopkins,WR,HOU,12.774353879689091,6700.0,0.35762245086714312,0.26137360260840736,0.019258739312166508,0.095524177127587595,0.034558302150782171,0.11708918456750013,0.11457354336641318,0.0
Jared Abbrederis,WR,GB,12.721957870322706,4500.0,0.34351143952462998,0.13104082587266355,0.17569508654393595,0.10034117897541273,0.11300856124664721,0.051810738498293089,0.084592169338417372,0.0
Russell Shepard,WR,TB,12.700222997195208,4500.0,0.42984753418292027,0.15893682233615355,0.062201654725089102,0.080106791102749111,0.059845196367829569,0.054599799654023951,0.1544622016312345,0.0
Brandon Tate,WR,BUF,12.599471435956367,4500.0,0.37879413337546519,0.16653298082775037,0.1035316066305518,0.1348419997973255,0.049014714083695211,0.027757624652142904,0.13952694063306886,0.0
Hunter Sharp,WR,PHI,12.472480548536108,4500.0,0.36117528610201355,0.1291281813977973,0.17296201688153068,0.09417892159353719,0.1090063536375683,0.044792231535744458,0.088757008851808622,0.0
Chris Givens,WR,PHI,12.472480548536108,4500.0,0.36117528610201355,0.1291281813977973,0.17296201688153068,0.09417892159353719,0.1090063536375683,0.044792231535744458,0.088757008851808622,0.0
Cayleb Jones,WR,PHI,12.472480548536108,4500.0,0.36117528610201355,0.1291281813977973,0.17296201688153068,0.09417892159353719,0.1090063536375683,0.044792231535744458,0.088757008851808622,0.0
Xavier Rush,WR,PHI,12.472480548536108,4500.0,0.36117528610201355,0.1291281813977973,0.17296201688153068,0.09417892159353719,0.1090063536375683,0.044792231535744458,0.088757008851808622,0.0
Keshawn Martin,WR,SF,12.318165207854813,4500.0,0.31592000391960651,0.18273987863096491,0.18096036178265715,0.10468987671466297,0.088265421459810006,0.050945233538990206,0.076479223953308195,0.0
Mose Frazier,WR,SF,12.318165207854813,4500.0,0.31592000391960651,0.18273987863096491,0.18096036178265715,0.10468987671466297,0.088265421459810006,0.050945233538990206,0.076479223953308195,0.0
Jordan Matthews,WR,PHI,12.238492829099535,5700.0,0.13179668928619562,0.29048123136647364,0.29907528764606928,0.12941369704969433,0.10687971005358228,0.021326781392679656,0.021026603205305285,2.0
Levi Norwood,WR,PIT,12.222309763329143,4500.0,0.36231698319631006,0.14668468633137266,0.15958012076920519,0.099992796487143085,0.098431346074826551,0.053032123588077094,0.079961943553065323,0.0
Markus Wheaton,WR,PIT,12.222309763329143,4500.0,0.36231698319631006,0.14668468633137266,0.15958012076920519,0.099992796487143085,0.098431346074826551,0.053032123588077094,0.079961943553065323,0.0
Canaan Severin,WR,PIT,12.222309763329143,4500.0,0.36231698319631006,0.14668468633137266,0.15958012076920519,0.099992796487143085,0.098431346074826551,0.053032123588077094,0.079961943553065323,0.0
James Wright,WR,CIN,11.82620923707502,4500.0,0.4495141938166925,0.19599103152773997,0.061208679400194407,0.040088752919150906,0.078375097166573704,0.015518522626392138,0.15930372254325639,0.0
Deshon Foxx,WR,SEA,11.768569499868887,4500.0,0.36249165196304572,0.16864594186257612,0.15294069305086608,0.098556627196489235,0.10087310365620973,0.051449072643415437,0.065042909627397699,0.0
Kevin Smith,WR,SEA,11.768569499868887,4500.0,0.36249165196304572,0.16864594186257612,0.15294069305086608,0.098556627196489235,0.10087310365620973,0.051449072643415437,0.065042909627397699,0.0
Josh Doctson,WR,WAS,11.736452058314217,4500.0,0.37435506275214342,0.1669156772901304,0.14210001299526362,0.10311432877983606,0.089030841958872647,0.052292094164808615,0.072191982058945267,0.0
Marvin Jones Jr.,WR,DET,11.736411866126694,5600.0,0.36499064891620925,0.15141113354007607,0.17207177264680495,0.10116328712045403,0.098770543739977068,0.048130888777818653,0.063461725258659868,0.0
Seth Roberts,WR,OAK,11.732325836104565,4800.0,0.29514591837849785,0.21021750999509817,0.25878913753341465,0.063362035930964886,0.073260988216853284,0.0062795620966232561,0.092944847848547896,0.0
Jaron Brown,WR,ARI,11.724810707277545,4500.0,0.3702593398371371,0.18000831420462668,0.13288776878622061,0.1019793466396739,0.095116745469565875,0.043727923351258392,0.07602056171151754,0.0
Chris Conley,WR,KC,11.670668452163167,4500.0,0.37881385676415363,0.1997788849538383,0.1104245058282772,0.059412241637991171,0.15345010241846452,0.010875996898586298,0.08724441149868882,0.0
Adam Humphries,WR,TB,11.557858918971631,4900.0,0.33408453792334575,0.21633618364273402,0.15121195175705068,0.082039011776243287,0.12454976539350968,0.032043314707690403,0.059735234799426155,0.0
Kadron Boone,WR,NYG,11.530440923660862,4500.0,0.38476569015191558,0.15769905593274361,0.15149752737277855,0.094267639051969387,0.092089157196518515,0.055794345866396047,0.06388658442767832,0.0
Rashawn Scott,WR,MIA,11.490240029118263,4500.0,0.37379735005381048,0.16658467502778809,0.16190576875945306,0.086671908926476998,0.10310609312603891,0.044240421798960143,0.063693782307472441,0.0
Tyler Murphy,WR,MIA,11.490240029118263,4500.0,0.37379735005381048,0.16658467502778809,0.16190576875945306,0.086671908926476998,0.10310609312603891,0.044240421798960143,0.063693782307472441,0.0
Percy Harvin,WR,BUF,11.138105363881262,4900.0,0.48655478933832563,0.13657519004449917,0.10742038256640302,0.065656399614695521,0.056052335005042052,0.0035261957113551664,0.14421470771967948,0.0
Duke Williams,WR,LARM,11.104760830184638,4500.0,0.4019848634869066,0.15959781777000775,0.15546159643841567,0.088640344273198765,0.0799748798104776,0.052401756738583993,0.061938741482409541,0.0
Paul McRoberts,WR,LARM,11.104760830184638,4500.0,0.4019848634869066,0.15959781777000775,0.15546159643841567,0.088640344273198765,0.0799748798104776,0.052401756738583993,0.061938741482409541,0.0
Nelson Spruce,WR,LARM,11.104760830184638,4500.0,0.4019848634869066,0.15959781777000775,0.15546159643841567,0.088640344273198765,0.0799748798104776,0.052401756738583993,0.061938741482409541,0.0
Albert Wilson,WR,KC,11.052469885354311,4500.0,0.43283188555541835,0.1674448723088523,0.10083218562621993,0.051621064895938006,0.16510512774828429,0.0053137248638323456,0.076851139001454932,0.0
Michael Floyd,WR,ARI,10.888449375277965,4900.0,0.34420029612107678,0.32567635057509559,0.037373808443646378,0.10493416107279804,0.026013585231303225,0.12886840477661571,0.032933393779464457,0.0
Justin Hardy,WR,ATL,10.881845812859011,4500.0,0.39532024082366257,0.17787617137575357,0.1223065576105057,0.090280716202893393,0.12784307803554723,0.059840412307650748,0.026532823643986819,0.0
Tevin Jones,WR,HOU,10.793110227203995,4500.0,0.42436823666814633,0.16151136761504739,0.13156145384314413,0.083541512833474899,0.096785694480474346,0.045523880613995246,0.056707853945717659,0.0
Allen Robinson,WR,JAC,10.773540765668905,7000.0,0.30547704276500443,0.26110420709685583,0.18565470471289547,0.065296683804654698,0.13013368905286607,0.02286609513633062,0.029467577431392701,0.0
DeVier Posey,WR,DEN,10.744919162464647,4500.0,0.42074868394305592,0.1769617396172958,0.12114340179025627,0.092344605644058927,0.082876362395724545,0.044878546788273202,0.061046659821335378,0.0
Bralon Addison,WR,DEN,10.744919162464647,4500.0,0.42074868394305592,0.1769617396172958,0.12114340179025627,0.092344605644058927,0.082876362395724545,0.044878546788273202,0.061046659821335378,0.0
Marlon Brown,WR,DEN,10.744919162464647,4500.0,0.42074868394305592,0.1769617396172958,0.12114340179025627,0.092344605644058927,0.082876362395724545,0.044878546788273202,0.061046659821335378,0.0
Durron Neal,WR,DEN,10.744919162464647,4500.0,0.42074868394305592,0.1769617396172958,0.12114340179025627,0.092344605644058927,0.082876362395724545,0.044878546788273202,0.061046659821335378,0.0
Tavarres King,WR,NYG,10.696845112786626,4500.0,0.4666699297751023,0.14640169889978122,0.07094262452420394,0.12236048101864505,0.058725917940315939,0.085165867453832103,0.049733480388119485,0.0
Donteea Dye,WR,TB,10.632685676926121,4500.0,0.4495445848240574,0.14882661882198187,0.11926724719114741,0.09097892291949411,0.079886749422741168,0.052020629068170787,0.059475247752407173,0.0
Vincent Jackson,WR,TB,10.632685676926121,4500.0,0.4495445848240574,0.14882661882198187,0.11926724719114741,0.09097892291949411,0.079886749422741168,0.052020629068170787,0.059475247752407173,0.0
Cecil Shorts III,WR,TB,10.632685676926121,4500.0,0.4495445848240574,0.14882661882198187,0.11926724719114741,0.09097892291949411,0.079886749422741168,0.052020629068170787,0.059475247752407173,0.0
Keyarris Garrett,WR,CAR,10.431547583332163,4500.0,0.42937223663836416,0.17776079354275076,0.13126178040199529,0.082943022002077454,0.079495378082534748,0.043579697784323301,0.055587091547954361,0.0
Damiere Byrd,WR,CAR,10.431547583332163,4500.0,0.42937223663836416,0.17776079354275076,0.13126178040199529,0.082943022002077454,0.079495378082534748,0.043579697784323301,0.055587091547954361,0.0
Jeff Janis,WR,GB,10.178934988741094,4500.0,0.51132427951212134,0.16465712518091499,0.082211287287143303,0.046186410407689858,0.078158285429294608,0.0053280360904435359,0.11213457609239258,0.0
Trevor Davis,WR,GB,10.151242468360456,4500.0,0.54544626933912299,0.13859833192862023,0.083992121820346571,0.035159689178364081,0.062764792024430069,0.0027496597595261067,0.13128913594958996,0.0
Brandon LaFell,WR,CIN,10.143055806414635,4900.0,0.55193300407113299,0.16704869725605351,0.023557331995048014,0.051034529633600029,0.049714736257787114,0.037427192671087114,0.11928450811529129,0.0
Travis Benjamin,WR,SD,10.116322578141006,5200.0,0.4437704470091744,0.13577652462914153,0.20696722521416361,0.040705668340497408,0.075691758367099751,0.054936629852440112,0.042151746587483184,0.0
Johnny Holton,WR,OAK,9.9657262145875265,4500.0,0.40931821079943698,0.22133795563836475,0.14031734811454427,0.076804089069728673,0.081380645475696414,0.01682242595093834,0.054019324951290554,0.0
Andre Roberts,WR,DET,9.8593131180620883,4500.0,0.45538908528012689,0.16491374074614099,0.17928091524673914,0.044300734459131977,0.075115502340501322,0.0076515352629602639,0.073348486664399401,0.0
Willie Snead,WR,NO,9.6842228390420928,6500.0,0.41157459360506832,0.27118450055636423,0.10494198448523805,0.067036652619136702,0.059518604040671712,0.027161397497603677,0.058582267195917359,0.0
Rashad Ross,WR,WAS,9.518960014576944,4500.0,0.56075455588074974,0.12044760655569126,0.04973850211363183,0.078465441501448602,0.072134360402126174,0.073368894687803929,0.045090638858548311,0.0
Dorial Green-Beckham,WR,PHI,9.4702672891741706,4500.0,0.31840826620401685,0.30017303033292109,0.21436059878149025,0.087476735326455834,0.042384903101397045,0.005725079396796574,0.031471386856922252,0.0
Rashad Greene Sr.,WR,JAC,9.3240222287191905,4500.0,0.51058191373363437,0.15472164412163339,0.10837888267393909,0.067453044527809786,0.075704033641994392,0.03492890688900599,0.048231574411983016,0.0
Tony Washington,WR,JAC,9.3240222287191905,4500.0,0.51058191373363437,0.15472164412163339,0.10837888267393909,0.067453044527809786,0.075704033641994392,0.03492890688900599,0.048231574411983016,0.0
Marqise Lee,WR,JAC,9.2099528504771211,5600.0,0.40870627834346601,0.23477167413206051,0.16185422912251085,0.064932492791570609,0.092274691159175706,0.015919952817319637,0.021540681633896781,0.0
Aldrick Robinson,WR,ATL,9.2069632348748858,4500.0,0.52123674429483635,0.13344569604800011,0.10814150427518504,0.068944103700480944,0.10363557726496134,0.033058074328110969,0.03153830008842521,0.0
Eric Weems,WR,ATL,9.2024725021087992,4500.0,0.52163906058083331,0.13299166870195098,0.10840173200374102,0.069492785710924529,0.10326373394518049,0.032137032716047523,0.032073986341322129,0.0
Sammy Watkins,WR,BUF,9.1310971967135224,6300.0,0.3904001591797866,0.24612401707150108,0.18532824276901405,0.075627546590271419,0.065202168981497138,0.013879002743448519,0.023438862664481457,0.0
Andre Holmes,WR,OAK,8.9522156695261863,4500.0,0.53809703410384069,0.13759987626003439,0.15431049279417094,0.040294254316514372,0.046607505055595681,0.0021206364460333712,0.080970201023810515,0.0
Deonte Thompson,WR,CHI,8.9338487631397943,4500.0,0.55578909469122517,0.19332167822141155,0.034147747951665169,0.081572075817170353,0.012153355449654226,0.045187587929726568,0.077828459939147096,0.0
Jermaine Kearse,WR,SEA,8.8736648594179339,4600.0,0.44710433626176577,0.22045118276330156,0.138492468457589,0.086910782232619527,0.059399461533007625,0.020469891673958917,0.027171877077757499,0.0
Malcolm Mitchell,WR,NE,8.8342512185680775,5600.0,0.60587086497503551,0.12747249350970336,0.065730615021699218,0.058437369986683425,0.029428883065197139,0.013333099620836935,0.099726673820844672,0.0
Brandin Cooks,WR,NO,8.8169481099131328,6800.0,0.4702140409060831,0.23979907196603739,0.10668022470934092,0.052090514231440732,0.064646732201629198,0.024886383205651206,0.041683032779817268,0.0
Marquess Wilson,WR,CHI,8.7139034364444186,5400.0,0.34775886005709938,0.37004400166195223,0.14983946237390305,0.055329319827061574,0.034055038232042915,0.0056512783612310382,0.037322039486709827,1.0
Cody Latimer,WR,DEN,8.6929886380496626,4500.0,0.55443854364691803,0.15243588042870712,0.055025846928316482,0.11556810291422785,0.042536810731006611,0.040471798748314934,0.039523016602508898,0.0
Brenton Bersin,WR,CAR,8.6691520555026766,4500.0,0.5733363121403825,0.1215106820965933,0.094497252398515752,0.068685462175113926,0.03602198214678759,0.07698873312168486,0.028959575920922187,0.0
Will Fuller,WR,HOU,8.6574835935198209,5600.0,0.57971286555459645,0.19313295363725386,0.042338802295549441,0.033553493634063174,0.042093378693662344,0.016628750268609126,0.092539755916265676,0.0
Braxton Miller,WR,HOU,8.6429446430759302,4500.0,0.58939455944461216,0.18590260093148964,0.027067040416530002,0.051935637701491233,0.033227841986180222,0.020824074051058024,0.091648245468638728,0.0
Jordan Norwood,WR,DEN,8.3968341554989028,4500.0,0.50741922742803425,0.1874031686099541,0.11245494350920579,0.084241346301109299,0.048363150294654121,0.046593953120870106,0.013524210736172304,0.0
Nelson Agholor,WR,PHI,8.386947109638216,4500.0,0.54105976772009445,0.14381469261243401,0.13269826080368735,0.075079620188683582,0.059155454980887222,0.0046211978627685255,0.04357100583144493,0.0
Tyler Lockett,WR,SEA,8.2926614682977284,5000.0,0.4978697480328122,0.19876384862650165,0.13894606799744144,0.06346465895034209,0.053862215343443251,0.020049350672081488,0.027044110377377677,0.0
Steve Smith Sr.,WR,BAL,8.2755945498761339,6100.0,0.56758168425923561,0.132703680364545,0.11989561392864628,0.056083052800302541,0.061108085003615087,0.024759160230493023,0.037868723413162456,0.0
Darrius Heyward-Bey,WR,PIT,8.0677431840525635,4500.0,0.49647914267266413,0.098082063497857364,0.3137188191747467,0.030232378809644828,0.039946723132468547,0.0016471777517783866,0.019893694960840171,0.0
Quinton Patton,WR,SF,7.9738362187296294,4500.0,0.4569615053979646,0.19366256287586081,0.24596429773322803,0.028883435354228579,0.064204266573591892,0.00093123025117618501,0.0093927018139499906,0.0
J.J. Nelson,WR,ARI,7.949911664592948,5100.0,0.4784513983774748,0.32397007722425036,0.028920941125977907,0.08758143185788736,0.01475338358834944,0.029790298236043931,0.036532469590016013,0.0
Alex Erickson,WR,CIN,7.9397900395413581,4500.0,0.67337186203199606,0.12604969723243742,0.025158003080315298,0.030901232753728008,0.041704844227455164,0.010816076691495775,0.091998283982572301,0.0
Bryan Walters,WR,JAC,7.9154704190072129,4500.0,0.54841062041743016,0.13566890630710096,0.17107735419016989,0.03670104298451321,0.072775529192808622,0.017211554341749861,0.018154992566227407,0.0
Jordan Taylor,WR,DEN,7.8303753526242108,4500.0,0.54888465994815205,0.1942309303872051,0.092372746400981129,0.062847362922039157,0.030737366828969308,0.056945317719044021,0.013981615793609233,0.0
De'Anthony Thomas,WR,KC,7.7580736861793209,4500.0,0.65762136373512359,0.11240379998650278,0.061576097142522823,0.026210510691895061,0.073728141119480242,0.0016506141322542699,0.066809473192221275,0.0
Antonio Brown,WR,PIT,7.6597937123374944,9000.0,0.3832001656209103,0.25450490475920046,0.33383701543741012,0.0090456677337075863,0.017399509117267963,2.5350327658749216e-05,0.001987387003844614,0.0
Brandon Coleman,WR,NO,7.4898620935096574,4500.0,0.61741589558041865,0.17326537164899475,0.057781268299460301,0.043992382533095786,0.034597975527958125,0.023587153948383035,0.049359952461689414,0.0
Allen Hurns,WR,JAC,7.439290488450232,5000.0,0.59752178184126514,0.16755421158468728,0.10107774509800541,0.039335232404484666,0.040467212155895604,0.0086739732529936362,0.045369843662668281,0.0
Bennie Fowler,WR,DEN,7.427140540119499,4500.0,0.50862687570215259,0.26175046579802103,0.086667035654340308,0.073959982302025218,0.029118306245172143,0.031474849272295359,0.0084024850259933892,0.0
Kelvin Benjamin,WR,CAR,7.3858519085347183,6800.0,0.47670418290173677,0.28631081780077966,0.12652335256579267,0.047484306072950427,0.033295791044248998,0.020502197410308665,0.0091793522041827679,0.0
Cody Core,WR,CIN,7.2947781449500102,4500.0,0.61665494189571235,0.14663432445323224,0.108508785248725,0.031205070875761576,0.048311617730602212,0.0053414254561050031,0.043343834339861727,0.0
Kenny Britt,WR,LARM,7.2942593099952475,6900.0,0.43398850629029223,0.24189670554296119,0.28727811762147515,0.017692804504717705,0.013958672476050564,0.00014529358299282151,0.0050398999815105339,0.0
Ryan Grant,WR,WAS,7.1305702391813615,4500.0,0.74739187322720957,0.080467654188835336,0.0094723707419860585,0.035997463942007306,0.023132843784512587,0.031211851034018332,0.072325943081430907,0.0
Paul Richardson,WR,SEA,7.0243110063070819,4500.0,0.58837276802283056,0.18386494867005385,0.09897488129444254,0.052476913979497906,0.044135117070348194,0.013375754317189724,0.018799616645637288,0.0
Tanner McEvoy,WR,SEA,6.7676764713504731,5000.0,0.64058226027075849,0.12893992666973345,0.13116162071954182,0.02398531095811297,0.038942768231573222,0.0013184100774497605,0.035069703072830312,0.0
Cameron Meredith,WR,CHI,6.7345492210640643,5600.0,0.68590961983335852,0.16006527396649764,0.017017206129015975,0.042076617751822941,0.0051491214539151533,0.05173348447191984,0.038048676393469968,0.0
Torrey Smith,WR,SF,6.7281369227770016,4800.0,0.56773435971403274,0.157265714292153,0.20166929068046152,0.027451351884050734,0.03712896726906121,0.0018159272450915362,0.0069343889151491922,0.0
Justin Hunter,WR,BUF,6.7109648830883248,5400.0,0.63126104819375028,0.10398812646537925,0.17620195734354419,0.032517170302417381,0.030117825467253549,0.00044136452721925331,0.02547250770043611,0.0
John Brown,WR,ARI,6.516234588358607,5400.0,0.62478247101310713,0.23156001098294676,0.015626918970311189,0.066091184584162119,0.0090638112927363453,0.025191433796043692,0.02768416936069262,0.0
Jake Lampman,WR,NO,6.3158241642120512,4500.0,0.70584982467536916,0.10823596818286671,0.076538623244872372,0.025039432772941839,0.047805807329447558,0.0012914294207215782,0.035238914373780808,0.0
Marquise Goodwin,WR,BUF,6.089750743710197,5200.0,0.65200699401091777,0.093339299855759533,0.20547115309377087,0.012705803122931087,0.024601819753707135,2.8794495882485481e-05,0.011846135667031323,0.0
Chris Harper,WR,SF,5.9380477981092623,4500.0,0.6500375525168095,0.2065057586843517,0.064773135106150209,0.034211512495650298,0.014883595052608296,0.0019575246073191793,0.027630921537110838,0.0
DeVante Parker,WR,MIA,5.8317812435031584,6500.0,0.61965984317498879,0.18714862433966042,0.14298846060912529,0.018067378397882309,0.027766059067236285,0.00029219466137771856,0.0040774397497292236,0.0
Mike Wallace,WR,BAL,5.7287899522035781,6500.0,0.62283916803872685,0.19068061450807822,0.14069923735154519,0.018449557531206348,0.023692419931262983,6.1978829197680173e-05,0.0035770238099826911,0.0
Brian Quick,WR,LARM,5.5900960644729976,4500.0,0.66623832578992115,0.13441399402603357,0.15931712356934974,0.020021708909981922,0.0099410078998350693,0.00019943022075307601,0.0098684095841253903,0.0
Jeremy Kerley,WR,SF,5.5723710209277835,5300.0,0.65903846608645078,0.1521860932322725,0.14977589875206279,0.010004697250527364,0.022195315031062392,0.00017065409081997078,0.0066288755568041846,0.0
Geronimo Allison,WR,GB,5.5092079928518238,4600.0,0.74292878386247541,0.11619761930778072,0.074483774903125979,0.0093081999961946542,0.024857799690163357,8.9475903063957442e-05,0.032134346337196106,0.0
Randall Cobb,WR,GB,5.3992766412731896,6300.0,0.69367424308887671,0.14364306557328302,0.1215801628069937,0.0089412536096549425,0.01710687389530589,3.5284007385000512e-05,0.015019117018500618,0.0
Eli Rogers,WR,PIT,5.3827327110077938,5200.0,0.67759518627940341,0.14585981555170013,0.13674134780545572,0.016224402144410038,0.017799046301509702,0.00015778204280562729,0.0056224198747154052,0.0
Isaiah Burse,WR,SD,5.3203254803353062,4500.0,0.7394394900066672,0.093382434128019234,0.10545032924859819,0.021209456853306174,0.025984973071831511,0.0015018786004362353,0.013031438091141524,0.0
Devin Funchess,WR,CAR,5.2647831158001699,4700.0,0.70670458286644999,0.16984536753314172,0.061003790807207928,0.025462243349297958,0.016171204178404935,0.01016743064984753,0.010645380615650022,0.0
Sterling Shepard,WR,NYG,5.1939808621635644,5800.0,0.69974503704472846,0.14364807413338115,0.11790698800436474,0.014473463647034385,0.016528715164299441,0.00015754823196416815,0.0075401737742277642,0.0
Keith Mumphery,WR,HOU,5.0837535139290502,4500.0,0.76921594766787504,0.14328761750017788,0.020652996801070949,0.020681341679828286,0.011565011139109366,0.00068535452668768175,0.033911730685250704,0.0
Rod Streater,WR,SF,4.8166956207840599,4500.0,0.74473900283303984,0.12351499061315524,0.09903401999594974,0.0099298402711572604,0.01435437779143009,0.00015428909778380454,0.008273479397484013,0.0
Tavon Austin,WR,LARM,4.7019114963832953,5000.0,0.73648345223955047,0.12677986878972722,0.11715508321842448,0.010291827105466164,0.0047504525770252987,6.0388018772713166e-05,0.0044789280510337632,0.0
Demarcus Robinson,WR,KC,4.6368321645739199,4500.0,0.8117055446841599,0.083722308974740797,0.057942103798600243,0.0099625166963726378,0.016139431109474984,7.8649314939465442e-05,0.020449445421711929,0.0
Arrelious Benn,WR,JAC,4.5996352043461179,4500.0,0.8228770471531236,0.078437558046659916,0.043193757830546742,0.015970353051490242,0.019111076449826458,0.001279830891067338,0.019130376577285672,0.0
Victor Cruz,WR,NYG,4.464223256956724,4900.0,0.76536057595342366,0.11269270170937794,0.10454570812591708,0.0057582358458537391,0.0087117717688000081,7.5202707139164718e-05,0.0028558038894885324,0.0
Ted Ginn Jr.,WR,CAR,4.3374907583347166,4900.0,0.81420126226822798,0.10217654972806686,0.044159430004517178,0.015315009502539174,0.0096463123620479461,0.0011912472672483978,0.013310188867352435,0.0
Bradley Marquez,WR,LARM,4.3280515881947368,4500.0,0.79692520354890295,0.093446530361766908,0.08774593396038384,0.0099392302478143648,0.0042730047766364205,6.2281115197706133e-05,0.0076078159892977674,0.0
Mike Thomas,WR,LARM,4.2832269138133743,4500.0,0.80751157071534707,0.084026339672861064,0.086479922411691362,0.0093630701944375921,0.0041475851616886274,5.6786632978430482e-05,0.0084147252109956511,0.0
Bryce Treggs,WR,PHI,4.2653751984556356,4500.0,0.79043670450919079,0.10773761342403529,0.079382851066810936,0.010784257907586249,0.0086000662740752208,4.1072669699246697e-05,0.0030174341486022085,0.0
Brittan Golden,WR,ARI,4.2406111172711078,4500.0,0.78620416266991389,0.15610412257941733,0.02249075101576474,0.019793011511693482,0.0046795601272244395,0.00053014988307509433,0.010198242212910959,0.0
Pharoh Cooper,WR,LARM,4.238142127322412,4500.0,0.80864236251094335,0.085775504384400639,0.085039613056047986,0.0091268486910452661,0.0038841132971481778,6.5621124290720213e-05,0.0074659369361236554,0.0
Dwayne Harris,WR,NYG,4.2012566482166438,4500.0,0.81817302046397611,0.092773277661953799,0.060071372426355893,0.010430079961645704,0.0097223507944087656,0.00015911828646519957,0.0086707804051945978,0.0
Aaron Burbridge,WR,SF,4.1094948325915892,4500.0,0.83042187169943515,0.077401036842550425,0.069037563606322877,0.0064105620728830181,0.008580326915899595,6.4229352022329809e-05,0.0080844095108865439,0.0
Breshad Perriman,WR,BAL,4.0510299181981866,5200.0,0.82201482085277278,0.095231532490916801,0.059931202446042844,0.0077384853312000047,0.010420281436678676,6.562590613807455e-05,0.0045980515362507406,0.0
Roger Lewis,WR,NYG,4.0403475813738243,4500.0,0.82425117992498997,0.096718437968033602,0.05371904684915417,0.010455898947478942,0.0094979841518707114,0.00018005858104526637,0.0051773935774272247,0.0
Eddie Royal,WR,CHI,3.926109917003358,5100.0,0.85256621803317556,0.097041968437358461,0.017911557085499654,0.013766753176618487,0.0039313403210386125,0.00050185278180384367,0.01428031016450536,0.0
Kamar Aiken,WR,BAL,3.846318688911885,4500.0,0.84682390642841465,0.08486962299362219,0.048167800329620807,0.0077905032207975181,0.0062022471184804409,4.6975610480199368e-05,0.0060989442985842669,0.0
Kenny Stills,WR,MIA,3.8424544096709616,5600.0,0.83609433522901022,0.094281499601287413,0.050831919101668725,0.0071759095238632629,0.009770107275754069,4.2069193163168654e-05,0.0018041600752531552,0.0
Freddie Martino,WR,TB,3.836154811188365,4500.0,0.86574579999216406,0.06280853647810454,0.045810214458213379,0.0061268141237606688,0.01284295397055699,0.00018479184144653266,0.0064808891357537252,0.0
Corey Brown,WR,CAR,3.6000366228654159,4500.0,0.88550686408282753,0.06599457109161716,0.02502750132250391,0.0094720782034554279,0.0056650225362636633,0.00085955458708172547,0.0074744081762505689,0.0
Jarvis Landry,WR,MIA,3.5952072383639164,6400.0,0.86766175757505415,0.068838294824146246,0.051296592980327918,0.0039556212182609782,0.0071430743998327573,6.3185877275117756e-06,0.0010983404146506961,0.0
Chris Moore,WR,BAL,3.4480682789778179,4500.0,0.90139053800751789,0.051605006644582563,0.03066360074704344,0.0052616654983334886,0.0044310364772433717,2.7124540929538087e-05,0.006621028084349616,0.0
Devin Hester,WR,BAL,3.4362590971801978,4500.0,0.90259482593164619,0.051007218013437265,0.030274160473572845,0.0051902936639989239,0.0043608995245763386,2.6742778560057941e-05,0.0065458596142083407,0.0
Leonte Carroo,WR,MIA,3.3447366773860945,4500.0,0.9079615112817887,0.048366473959033179,0.027752434817669383,0.0062399885471528553,0.0066007103067182004,3.9694703419858009e-05,0.003039186384217882,0.0
Jakeem Grant,WR,MIA,3.2339185849526468,4500.0,0.92274403776994418,0.038565086820546844,0.024593402235301712,0.0052274432211984901,0.0057033318435862632,3.1579366537893147e-05,0.003135118742884488,0.0
Cobi Hamilton,WR,PIT,3.2264506230073606,4500.0,0.91529870697433824,0.045872290292017837,0.030439035829196104,0.0029030521080883769,0.002310372490959917,3.8939081428400434e-05,0.003137603223971535,0.0
Sammie Coates,WR,PIT,3.1149148907103603,4500.0,0.93118418909866563,0.034459842349425493,0.027264446406651675,0.0022734065241707059,0.001652788781795694,7.8374504943561588e-06,0.0031574893887963982,0.0
Odell Beckham Jr.,WR,NYG,2.7526471571399087,9000.0,0.96527546459522973,0.02169726654619511,0.011925189761773253,0.00033854867524948571,0.00039869662355177752,4.4565812114075237e-08,0.00036478923218831417,0.0
