name,pos,team,expectation,salary,prob_0_5,prob_5_10,prob_10_15,prob_15_20,prob_20_25,prob_25_30,prob_30+,label
Martellus Bennett,TE,NE,11.91352908778067,5100.0,0.29141401286457874,0.23035623814652634,0.14809174901953359,0.088707451369861079,0.15326758158698664,0.064057256445552213,0.024105710566961501,0.0
Vernon Davis,TE,WAS,11.688114571692839,4600.0,0.24527182556690588,0.33772009354507138,0.13238840042075906,0.068526455992120164,0.11775182846120534,0.053786490639867839,0.044554905374070398,1.0
Travis Kelce,TE,KC,11.529937394887742,6300.0,0.11133649080410093,0.40945518241005358,0.21842724912778058,0.13119209948097293,0.08993622547247189,0.034257529733935359,0.005395222970684674,1.0
Cameron Brate,TE,TB,10.924979739217068,5500.0,0.30470295075816162,0.24297857459890518,0.18846070419583541,0.1049774425198184,0.075550544019764423,0.062454756123013593,0.020875027784501121,0.0
Vance McDonald,TE,SF,10.075706188431408,4900.0,0.23774471843054845,0.33008019745923128,0.26864135943320089,0.064976131650188368,0.053562157308609824,0.035912689995195222,0.0090827457230258646,1.0
Justin Perillo,TE,CHI,9.9496767088201601,4500.0,0.39040109803838652,0.16064732652551805,0.21534092264365659,0.090733905278870527,0.11565001487213944,0.0087795783621710966,0.01844715427925785,0.0
Nick Vannett,TE,SEA,9.2702380398649318,4500.0,0.42381091655784486,0.11843372483556444,0.29830952886822093,0.049467330327317989,0.084165921057764936,0.0092350727389310314,0.016577505614355587,0.0
Xavier Grimble,TE,PIT,9.2659366421233056,4500.0,0.41547349592470989,0.19062031120208237,0.20899806286451023,0.051086772314933221,0.104755923206618,0.011092294962775886,0.017973139524370362,0.0
Asante Cleveland,TE,SD,9.1873398179997245,4500.0,0.42898980143558868,0.17698917601800326,0.21216901348752623,0.050518134407045105,0.10231314072862957,0.0088673173530733201,0.020153416570133663,0.0
Jordan Reed,TE,WAS,8.8009518481011249,7500.0,0.28333414481260494,0.43670902679103152,0.13467803926808541,0.056044635401800651,0.070478843670864946,0.011889021304880036,0.0068662887507324796,1.0
David Johnson,TE,PIT,8.6506252467273903,4500.0,0.42856327916387593,0.25404702100214938,0.14123902671196678,0.060732444423731297,0.076341594692749717,0.031974572105814413,0.0071020618997123634,0.0
C.J. Uzomah,TE,CIN,8.5599291500365577,4500.0,0.45817747802578568,0.1698590185444355,0.22629447036011271,0.03977659044462948,0.083612176326365986,0.0060415578920406492,0.016238708406629995,0.0
A.J. Derby,TE,DEN,8.5580706010628411,4500.0,0.41787412074207891,0.29065757326321467,0.14011867046557513,0.06963281946458727,0.031047561055331779,0.014479769437842578,0.036189485571369515,0.0
Josh Hill,TE,NO,8.5462283919972624,4500.0,0.42045174071066305,0.303823850949964,0.1123686552566537,0.057538607033180804,0.060398494248015674,0.019164345243549402,0.0262543065579737,0.0
Ladarius Green,TE,PIT,8.3523610019970054,4500.0,0.44947144889006013,0.25779600479066306,0.1275315727910582,0.052271435681107745,0.073500877586985439,0.03299403937030624,0.0064346208898192845,0.0
Austin Hooper,TE,ATL,8.3260701355503652,4600.0,0.47649722317431414,0.25288644139790517,0.12047528754280644,0.048348810246325029,0.048536097710612673,0.0093191469914047104,0.043936992936631676,0.0
C.J. Fiedorowicz,TE,HOU,8.2749926028203369,5000.0,0.25976434597163922,0.51491895518278152,0.12115275171021452,0.03387168437393203,0.058126638703028248,0.010282734901787507,0.0018828891566169488,1.0
Tyler Eifert,TE,CIN,8.233073490349275,6800.0,0.37126541257232282,0.3249533520338227,0.19329628893912768,0.044347379684493302,0.039115916826307731,0.02005184189096787,0.0069698080529579601,0.0
Levine Toilolo,TE,ATL,7.937586717755897,4700.0,0.49190832622676872,0.26127479019044264,0.114190553930342,0.044151323037386836,0.039237249563682505,0.0077246284671933715,0.041513128584183878,0.0
Antonio Gates,TE,SD,7.5991921603805972,5300.0,0.53978613866821534,0.21308621647114515,0.13425515693940893,0.027477310096358201,0.03125716157110997,0.01407718699787496,0.040060829255887269,0.0
Jeff Heuerman,TE,DEN,7.580930710101299,4500.0,0.53550079261975603,0.1592286884762803,0.17072164002841428,0.057052692541125855,0.060721100813275392,0.0050442421845288349,0.011730843336619598,0.0
Coby Fleener,TE,NO,7.5037573520952705,5500.0,0.45696706174377788,0.31973391183500666,0.10540047506580721,0.046028895985541302,0.046198786048076007,0.013017249525423484,0.01265361979636734,0.0
Bryce Williams,TE,LARM,7.4858556775121432,4500.0,0.56461857111144886,0.18633219723129366,0.094739177126462057,0.054942416511191174,0.067339458721637491,0.014005110559131588,0.018023068738835291,0.0
Temarrick Hemingway,TE,LARM,7.4858556775121432,4500.0,0.56461857111144886,0.18633219723129366,0.094739177126462057,0.054942416511191174,0.067339458721637491,0.014005110559131588,0.018023068738835291,0.0
Benson Browne,TE,LARM,7.4858556775121432,4500.0,0.56461857111144886,0.18633219723129366,0.094739177126462057,0.054942416511191174,0.067339458721637491,0.014005110559131588,0.018023068738835291,0.0
Justice Cunningham,TE,LARM,7.4858556775121432,4500.0,0.56461857111144886,0.18633219723129366,0.094739177126462057,0.054942416511191174,0.067339458721637491,0.014005110559131588,0.018023068738835291,0.0
Michael Hoomanawanui,TE,NO,7.3386320308446971,4500.0,0.5708260471303449,0.19250553792303216,0.078776411347796477,0.062212103383645197,0.066764803241962295,0.01598373859626287,0.012931358376956203,0.0
Garrett Griffin,TE,NO,7.3386320308446971,4500.0,0.5708260471303449,0.19250553792303216,0.078776411347796477,0.062212103383645197,0.066764803241962295,0.01598373859626287,0.012931358376956203,0.0
Jake Stoneburner,TE,NO,7.3386320308446971,4500.0,0.5708260471303449,0.19250553792303216,0.078776411347796477,0.062212103383645197,0.066764803241962295,0.01598373859626287,0.012931358376956203,0.0
Jared Cook,TE,GB,7.3072908326586328,4700.0,0.52930312247089917,0.23393927894255048,0.090189993622550563,0.07549670013057895,0.04123588414064671,0.025481580742187367,0.0043534399505868139,0.0
Khari Lee,TE,DET,7.1857300266264232,4500.0,0.58944197355110095,0.16788156366618034,0.096355445099046519,0.059897140028430364,0.058406800211124849,0.012584048570359352,0.015433028873757554,0.0
Andrew Quarless,TE,DET,7.1857300266264232,4500.0,0.58944197355110095,0.16788156366618034,0.096355445099046519,0.059897140028430364,0.058406800211124849,0.012584048570359352,0.015433028873757554,0.0
Orson Charles,TE,DET,7.1857300266264232,4500.0,0.58944197355110095,0.16788156366618034,0.096355445099046519,0.059897140028430364,0.058406800211124849,0.012584048570359352,0.015433028873757554,0.0
Cole Wick,TE,DET,7.1857300266264232,4500.0,0.58944197355110095,0.16788156366618034,0.096355445099046519,0.059897140028430364,0.058406800211124849,0.012584048570359352,0.015433028873757554,0.0
Tony Moeaki,TE,CHI,7.0784299149353807,4500.0,0.60211252144042304,0.17466361527442537,0.063568385103590849,0.071610041967053964,0.062688608410124455,0.011012228509784483,0.014344599294597997,0.0
Busta Anderson,TE,CHI,7.0784299149353807,4500.0,0.60211252144042304,0.17466361527442537,0.063568385103590849,0.071610041967053964,0.062688608410124455,0.011012228509784483,0.014344599294597997,0.0
Rob Housler,TE,CHI,7.0784299149353807,4500.0,0.60211252144042304,0.17466361527442537,0.063568385103590849,0.071610041967053964,0.062688608410124455,0.011012228509784483,0.014344599294597997,0.0
Jim Dray,TE,BUF,7.0698969966679979,4500.0,0.57513242187461822,0.20554963525329684,0.07223836688348885,0.068491412490787815,0.053859094043624052,0.011797689857154856,0.012931379597029398,0.0
Jermaine Gresham,TE,ARI,7.0287001709169257,4500.0,0.45030812795158148,0.35478598868196054,0.093746052906585414,0.067814489872278602,0.017333147110323147,0.0089289173147567378,0.0070832761625141032,0.0
Je'Ron Hamm,TE,SF,6.9791145851255587,4500.0,0.58528839832782475,0.20391489488723527,0.080003548570569585,0.046400547824409145,0.054516242290745656,0.01304138685624928,0.016834981242966274,0.0
Matt Lengel,TE,NE,6.9687510359511968,4500.0,0.59479893931021643,0.17627953140164956,0.093798661633937505,0.057896532025861029,0.051086775682216028,0.012046990623671859,0.014092569322447436,0.0
Kennard Backman,TE,NE,6.9687510359511968,4500.0,0.59479893931021643,0.17627953140164956,0.093798661633937505,0.057896532025861029,0.051086775682216028,0.012046990623671859,0.014092569322447436,0.0
Jimmy Graham,TE,SEA,6.9669895723102426,6400.0,0.53897188887324909,0.19315880713830125,0.1771563187279904,0.058027858917869685,0.010603142675253002,0.0094017142830281845,0.012680269384308385,0.0
Zach Ertz,TE,PHI,6.935539483762958,5300.0,0.4844432677206692,0.31462761433272241,0.10482480636632853,0.055044368502630968,0.019659166777424963,0.013362765921224241,0.0080380103789997447,0.0
Lee Smith,TE,OAK,6.9321122027470183,4500.0,0.59292438516655921,0.19163509947410567,0.084203476224479198,0.049103976643305493,0.053374135817180653,0.014240738637135859,0.014518188037234028,0.0
Gabe Holmes,TE,OAK,6.9321122027470183,4500.0,0.59292438516655921,0.19163509947410567,0.084203476224479198,0.049103976643305493,0.053374135817180653,0.014240738637135859,0.014518188037234028,0.0
Cooper Helfet,TE,OAK,6.9321122027470183,4500.0,0.59292438516655921,0.19163509947410567,0.084203476224479198,0.049103976643305493,0.053374135817180653,0.014240738637135859,0.014518188037234028,0.0
Ryan O'Malley,TE,OAK,6.9321122027470183,4500.0,0.59292438516655921,0.19163509947410567,0.084203476224479198,0.049103976643305493,0.053374135817180653,0.014240738637135859,0.014518188037234028,0.0
Jacob Tamme,TE,ATL,6.8626376786634147,4600.0,0.58980068357010185,0.20901039795797569,0.072369653899137146,0.046380675897724759,0.053278262139420558,0.015346245837390133,0.013814080698250075,0.0
Beau Sandland,TE,GB,6.8285980870311533,4500.0,0.60680118261017912,0.17193352594372885,0.098429085795357751,0.043357981725362281,0.051449241392535573,0.014087584891919733,0.013941397640916679,0.0
Matt Spaeth,TE,PIT,6.771724415333952,4500.0,0.61269015997081966,0.17890427414356233,0.087448261868168328,0.035555680124920171,0.054958983607300865,0.015890700980705087,0.014551939304523405,0.0
Paul Lang,TE,PIT,6.771724415333952,4500.0,0.61269015997081966,0.17890427414356233,0.087448261868168328,0.035555680124920171,0.054958983607300865,0.015890700980705087,0.014551939304523405,0.0
Anthony Denham,TE,PHI,6.7669038191375712,4500.0,0.61452347369868598,0.18310489560650492,0.069125072968555287,0.049541309653588571,0.056150054306042183,0.013538122256056837,0.014017071510566215,0.0
Chris Pantale,TE,PHI,6.7669038191375712,4500.0,0.61452347369868598,0.18310489560650492,0.069125072968555287,0.049541309653588571,0.056150054306042183,0.013538122256056837,0.014017071510566215,0.0
M.J. McFarland,TE,PHI,6.7669038191375712,4500.0,0.61452347369868598,0.18310489560650492,0.069125072968555287,0.049541309653588571,0.056150054306042183,0.013538122256056837,0.014017071510566215,0.0
Jeff Cumberland,TE,SD,6.7167239148459954,4500.0,0.62053066028149018,0.1759434198847411,0.079094399213113897,0.042688754682200507,0.05207927192323708,0.013322332120154087,0.016341161895063044,0.0
Will Tye,TE,NYG,6.7057810324874367,4500.0,0.59320822988497479,0.19332165361965056,0.1104800253324931,0.038034753816257046,0.03199311475413117,0.019637776735768032,0.013324445856725303,0.0
Kivon Cartwright,TE,TB,6.6047605314396352,4500.0,0.63197071344148215,0.15986558983791799,0.07946638967907621,0.054202306695271749,0.052323701284296212,0.0092409546892368837,0.012930344372718771,0.0
Andrew DePaola,TE,TB,6.6047605314396352,4500.0,0.63197071344148215,0.15986558983791799,0.07946638967907621,0.054202306695271749,0.052323701284296212,0.0092409546892368837,0.012930344372718771,0.0
Jesse James,TE,PIT,6.5953176884499731,4500.0,0.62101055063158495,0.16058435551812128,0.10304775160182186,0.037584047879232349,0.05529498417122157,0.018438278427647593,0.0040400317703704856,0.0
Ifeanyi Momah,TE,ARI,6.5732222267655107,4500.0,0.63526197196382395,0.17348222586277895,0.052559226620142313,0.058960265194624835,0.058134395186950891,0.0091913724650363147,0.012410542706642895,0.0
Troy Niklas,TE,ARI,6.5732222267655107,4500.0,0.63526197196382395,0.17348222586277895,0.052559226620142313,0.058960265194624835,0.058134395186950891,0.0091913724650363147,0.012410542706642895,0.0
Niles Paul,TE,WAS,6.3428184850384515,4500.0,0.64017701163733276,0.17179638593128979,0.080721611211908489,0.038687140356734304,0.044311656259116178,0.0106494815850703,0.013656713018548369,0.0
Wes Saxton,TE,WAS,6.3428184850384515,4500.0,0.64017701163733276,0.17179638593128979,0.080721611211908489,0.038687140356734304,0.044311656259116178,0.0106494815850703,0.013656713018548369,0.0
Crockett Gillmore,TE,BAL,6.3391276035958919,4500.0,0.64667477082509772,0.171822975643077,0.068162275180492476,0.04300279538696862,0.04520998335597224,0.0089980815494839078,0.016129118058908019,0.0
Maxx Williams,TE,BAL,6.3391276035958919,4500.0,0.64667477082509772,0.171822975643077,0.068162275180492476,0.04300279538696862,0.04520998335597224,0.0089980815494839078,0.016129118058908019,0.0
Nic Jacobs,TE,BAL,6.3391276035958919,4500.0,0.64667477082509772,0.171822975643077,0.068162275180492476,0.04300279538696862,0.04520998335597224,0.0089980815494839078,0.016129118058908019,0.0
Mitchell Henry,TE,BAL,6.3391276035958919,4500.0,0.64667477082509772,0.171822975643077,0.068162275180492476,0.04300279538696862,0.04520998335597224,0.0089980815494839078,0.016129118058908019,0.0
Matt LaCosse,TE,NYG,6.3050021358145862,4500.0,0.65221343054302328,0.16712580255278872,0.06964206105010784,0.03982347320595038,0.044935275263079624,0.010207160775388276,0.016052796609661805,0.0
Ryan Malleck,TE,NYG,6.3050021358145862,4500.0,0.65221343054302328,0.16712580255278872,0.06964206105010784,0.03982347320595038,0.044935275263079624,0.010207160775388276,0.016052796609661805,0.0
Henry Krieger-Coble,TE,DEN,6.2837971948554454,4500.0,0.65448037697587591,0.16317013619850579,0.061783328753874205,0.050874096966689,0.049366894453251174,0.008120537789974026,0.012204628861829702,0.0
Garrett Graham,TE,DEN,6.2837971948554454,4500.0,0.65448037697587591,0.16317013619850579,0.061783328753874205,0.050874096966689,0.049366894453251174,0.008120537789974026,0.012204628861829702,0.0
Anthony Norris,TE,DEN,6.2837971948554454,4500.0,0.65448037697587591,0.16317013619850579,0.061783328753874205,0.050874096966689,0.049366894453251174,0.008120537789974026,0.012204628861829702,0.0
MarQueis Gray,TE,MIA,6.2255398205756389,4500.0,0.63847412288755012,0.186554496632406,0.078886780891325448,0.032353553006019609,0.037682891236185116,0.010883552010045238,0.015164603336468534,0.0
Thomas Duarte,TE,MIA,6.2255398205756389,4500.0,0.63847412288755012,0.186554496632406,0.078886780891325448,0.032353553006019609,0.037682891236185116,0.010883552010045238,0.015164603336468534,0.0
Jordan Cameron,TE,MIA,6.2255398205756389,4500.0,0.63847412288755012,0.186554496632406,0.078886780891325448,0.032353553006019609,0.037682891236185116,0.010883552010045238,0.015164603336468534,0.0
John Peters,TE,CIN,6.1632705972741118,4500.0,0.65002699805551445,0.17769774129073512,0.069185569229955141,0.040754523129915662,0.038918506106680795,0.0090404388860565784,0.014376223301142152,0.0
Braxton Deaver,TE,CAR,6.1394807010868604,4500.0,0.66054155344766574,0.16749124552338188,0.072908488926353862,0.029282705676449423,0.044130841913970251,0.010984758115406553,0.014660406396772364,0.0
Scott Simonson,TE,CAR,6.1394807010868604,4500.0,0.66054155344766574,0.16749124552338188,0.072908488926353862,0.029282705676449423,0.044130841913970251,0.010984758115406553,0.014660406396772364,0.0
Chris Manhertz,TE,CAR,6.1394807010868604,4500.0,0.66054155344766574,0.16749124552338188,0.072908488926353862,0.029282705676449423,0.044130841913970251,0.010984758115406553,0.014660406396772364,0.0
Virgil Green,TE,DEN,6.1077161386213055,4500.0,0.63774678639160864,0.18851163546353727,0.089203943073627001,0.041580809643745553,0.016392143761675044,0.0055718191281389105,0.020992862537667446,0.0
Richard Rodgers,TE,GB,6.0002365062440024,4800.0,0.64470098266600395,0.12961666227250959,0.15795702848556159,0.033504176489001516,0.02316037754610234,0.0070216527743877984,0.0040391197664330514,0.0
Dion Sims,TE,MIA,5.9541280895710447,4500.0,0.58658897407241339,0.24200862957925678,0.10958057996923251,0.039078875085669693,0.011782432794006072,0.0039692221885250659,0.0069912863108966628,0.0
Ryan Griffin,TE,HOU,5.8913831441182776,4500.0,0.52179374703430892,0.35978884062052396,0.07293438154004224,0.017496665799257231,0.022483034109837718,0.0037165063588460918,0.0017868245371837255,0.0
Julius Thomas,TE,JAC,5.8052026318056607,5200.0,0.67885624807136702,0.11308263996690335,0.13227771621657178,0.023978787692633938,0.048594151338055953,0.0025189887420545148,0.00069146797241339771,0.0
Dennis Pitta,TE,BAL,5.6517017408914167,4800.0,0.6097243937135467,0.24734339741913716,0.085969812747199198,0.030703569628475268,0.016757898302864994,0.0065606733727906199,0.0029402548159859925,0.0
E.J. Bibbs,TE,JAC,5.6359192022717588,4500.0,0.70977752820356477,0.14388309497254598,0.05694853655318538,0.029987497175951755,0.038175205934016375,0.0074950229555125897,0.013733114205223267,0.0
Sean McGrath,TE,SD,5.5258054689859151,4500.0,0.72143545453730107,0.13582843855777191,0.074731349733062599,0.019616807498027335,0.01820128979746027,0.0053326100713905946,0.024854049804986129,0.0
Marcedes Lewis,TE,JAC,5.3254880281427495,4500.0,0.72764188850673805,0.09693425408354979,0.10804635569486384,0.022845411151987894,0.040827011897164034,0.0025711014775825331,0.0011339771881138253,0.0
Lance Kendricks,TE,LARM,5.2966417626203386,4900.0,0.64984629766326596,0.2118417397566954,0.095855207663760739,0.026461192672876173,0.0088651450131501264,0.0036104484186759967,0.0035199688115756453,0.0
Garrett Celek,TE,SF,5.2864380100836561,4500.0,0.67948045089924969,0.16320872841404319,0.11165993891574615,0.02544642990150434,0.012384398102510394,0.0039654905523406605,0.003854563214605818,0.0
Larry Donnell,TE,NYG,5.2653008474076541,4500.0,0.74128038217653514,0.11817614473336721,0.083518454450561941,0.018062854023342064,0.013369053281687747,0.0041152553493502596,0.021477855985155579,0.0
Ross Travis,TE,KC,5.252818648557537,4500.0,0.71981434682394407,0.12817102502420052,0.08098408105810033,0.033218684350848071,0.03256887047787807,0.0023909614104254883,0.0028520308546034203,0.0
Hunter Henry,TE,SD,5.0788253745355298,5800.0,0.72422419030092711,0.15692671359329233,0.072845286257989431,0.014588441091721813,0.012123588080011519,0.0030056407945006076,0.016286139881556985,0.0
Rob Gronkowski,TE,NE,4.9556071816794871,7300.0,0.72248543858661884,0.16162289769711635,0.078084921403086094,0.011882955925362792,0.011332655106341431,0.0016620971322866504,0.012929034149187916,0.0
Clive Walford,TE,OAK,4.9225142824002308,4500.0,0.76054267262765285,0.13729910054416564,0.032558404471339793,0.034775189522770492,0.011983709607357838,0.012426307318786751,0.010414615907926798,0.0
Ben Koyack,TE,JAC,4.5230414927504841,4500.0,0.76802883561951985,0.12579503463805514,0.071210010759769835,0.015070458315674991,0.01252720225768169,0.0045479474971277419,0.0028205109121709837,0.0
Greg Olsen,TE,CAR,4.5156809286335031,6200.0,0.74997138845208855,0.13425064851262608,0.094400215544080415,0.011756760268319798,0.0058644618878622105,0.0020402912720966278,0.0017162340629264642,0.0
John Phillips,TE,NO,4.499115186375275,4500.0,0.78642778902754717,0.12463998324961614,0.042507349164099983,0.019400734448237655,0.01576838641931012,0.0028465455449614829,0.0084092121462273923,0.0
Alan Cross,TE,TB,4.1592370214192247,4500.0,0.83905024783821869,0.073551610037310033,0.044169476855813739,0.02442414854591925,0.008452698765246314,0.0029421445916877008,0.0074096733658040237,0.0
Stephen Anderson,TE,HOU,4.0958811168538602,4500.0,0.75965065934822706,0.19013405325444943,0.03400516906585261,0.0069172613187554926,0.0074544447199989912,0.00099160716953456459,0.00084680512318185974,0.0
Luke Stocker,TE,TB,4.0872934645975008,4500.0,0.84825567614630115,0.068569896023378707,0.041438935145557375,0.022546966979866606,0.0086870091085444953,0.0030919124300377776,0.0074096041663138231,0.0
Jerell Adams,TE,NYG,3.9752382747619288,4500.0,0.83778641668070131,0.089737332934362826,0.043311734971944287,0.013390890801192077,0.0078543648958664235,0.0029189787109815766,0.0050002810049514833,0.0
Brandon Myers,TE,TB,3.8858798592131993,4500.0,0.86660663673894212,0.060314357494738034,0.036959590619190748,0.020023233948038302,0.0072649254499457987,0.0023934219358805915,0.0064378338132644935,0.0
Derek Carrier,TE,WAS,3.811576446552555,4500.0,0.8581834852663256,0.08601702145260931,0.02663054211820386,0.011893782457231838,0.0092109704312687037,0.001270222839080291,0.0067939754352803255,0.0
Charles Clay,TE,BUF,3.787160735301351,4500.0,0.86642650186481085,0.069951069434005739,0.023165209983969676,0.030896887571821786,0.0042083196999905944,0.0021075721681404662,0.003244439277260779,0.0
Eric Ebron,TE,DET,3.7388615469311817,5700.0,0.84251341371833588,0.10861614134322732,0.021122999259920398,0.020878180946501207,0.0026277002835171587,0.0025368955770944689,0.0017046688714036215,0.0
Ed Dickson,TE,CAR,3.6893474448380714,4500.0,0.86386753099888491,0.070987952287265454,0.047764235519384579,0.0077020247295330573,0.0047838673249733276,0.0018013381710960188,0.0030930509688626329,0.0
Brandon Williams,TE,SEA,3.5330567055964246,4500.0,0.90194083327829033,0.040609691094054268,0.034947675978366573,0.012732398275586946,0.0016907482571069229,0.00091009002970485046,0.0071685630868899806,0.0
Trey Burton,TE,PHI,3.5251586782260822,4500.0,0.87057328404321865,0.084411008438545751,0.027205168526009477,0.011950139974711596,0.00255441900236865,0.00089771725160400447,0.002408262763541886,0.0
Brent Celek,TE,PHI,3.5112128903984399,4500.0,0.87307948715965944,0.082239345256790081,0.026920460087012734,0.011737292557566274,0.0026927478639827843,0.00097992831145667504,0.0023507387635321748,0.0
Darren Fells,TE,ARI,3.5104946206673331,4500.0,0.86205563748915726,0.099124315801115914,0.02168387498048718,0.013108609504147058,0.0020432749555172099,0.000526624810249569,0.0014576624593259223,0.0
Demetrius Harris,TE,KC,3.4957851260037605,4500.0,0.88107876498682958,0.071802938041866507,0.027763568637943475,0.012295227511858495,0.0038558858379159431,0.00087051559836579819,0.0023330993852200641,0.0
James O'Shaughnessy,TE,KC,3.4608184798495198,4500.0,0.88525905256910031,0.069236772894269508,0.026835388915275999,0.011878382878587748,0.0037084922040048064,0.00083026047243297326,0.0022516500663284913,0.0
Blake Bell,TE,SF,3.4426723431315462,4500.0,0.88385022189516682,0.065682743093497156,0.038284807562690627,0.0072019197021620067,0.0026456745198826692,0.00072097516765982363,0.0016136580589407859,0.0
Ben Braunecker,TE,CHI,3.4086769117798532,4500.0,0.88459341407988268,0.081792555098286229,0.013557702650859696,0.013282842712170969,0.0040841762795175551,0.00055888064263755449,0.002130428536645261,0.0
Neal Sterling,TE,JAC,3.3961857637467681,4500.0,0.88967545607068355,0.064292363357648749,0.033176483262291431,0.006735049688825461,0.0039938878370427465,0.00094187742688547666,0.0011848823566226563,0.0
Dominique Jones,TE,MIA,3.3860036797709152,4500.0,0.88566995502126844,0.072687463921635054,0.029162245170360774,0.0085352625394942046,0.0017854125196173306,0.00039763425645525683,0.0017620265711689607,0.0
Luke Willson,TE,SEA,3.3525032121098919,4500.0,0.90849981317371031,0.058694637413873769,0.012104013413396448,0.011900501187198756,0.0011940339688049949,0.0015501111567378482,0.0060568896862778776,0.0
Clay Harbor,TE,DET,3.3428019663271225,4500.0,0.8986757451805808,0.06691061265475938,0.015991596475296407,0.012405015273602838,0.0016589850714705888,0.0016744621230033066,0.0026835832212868905,0.0
Darren Waller,TE,BAL,3.3169693514995156,4500.0,0.88218681122715759,0.095115307703202825,0.0096929313463372923,0.0077226506485435081,0.0023094985453965015,0.0018909664426958177,0.0010818340866661955,0.0
Tyler Higbee,TE,LARM,3.2938764241970269,4500.0,0.89693146598062246,0.06450323258371643,0.028718312104882019,0.0063746088195213487,0.0016503572804785584,0.00048865235641111092,0.0013333708743678738,0.0
Tyler Kroft,TE,CIN,3.2747009263227276,4500.0,0.91115115273993941,0.048360653843058314,0.027864520119114961,0.0068328932069524834,0.0025727839081460709,0.00057086617220946452,0.0026471300105797065,0.0
Mychal Rivera,TE,OAK,3.2537296923769197,4500.0,0.91781744280866673,0.052816715304312922,0.010702900860827242,0.0099771008813909698,0.0026447200506334845,0.0021693613395909793,0.003871758754577655,0.0
Cory Harkey,TE,LARM,3.2317906527914952,4500.0,0.90449929161061993,0.0602824179283706,0.026307814527294564,0.0057583460248553662,0.001462484707206372,0.00043172475919751353,0.0012579204424554272,0.0
Logan Paulsen,TE,CHI,3.1217893714060265,4600.0,0.91994809045797576,0.05735682954047383,0.0094177204928934926,0.0090032104163996693,0.0024619303631262458,0.00031411379074110994,0.0014981049383899841,0.0
Nick O'Leary,TE,BUF,3.1174411243865565,4500.0,0.93372409602031425,0.036521329197266125,0.011895059397661091,0.01359931989627408,0.0017015810639941602,0.00070566721284303941,0.0018529472116474979,0.0
