name,pos,team,expectation,salary,prob_0_5,prob_5_10,prob_10_15,prob_15_20,prob_20_25,prob_25_30,prob_30+,label
Mike Evans,WR,TB,13.27775654724358,8500.0,0.022147699356709658,0.32579538918966944,0.34122663389531821,0.2083822217854438,0.033950176089125962,0.039253956792458904,0.02924392289127388,2.0
Odell Beckham Jr.,WR,NYG,13.130786162847542,9000.0,0.26378682489312694,0.12283686532620086,0.14402717348721303,0.28679024498143052,0.11972423136484564,0.021617953194321818,0.041216706752861321,3.0
Jordy Nelson,WR,GB,12.705475135461844,7400.0,0.013225548787935264,0.50568139946569202,0.15969896924986868,0.094230905644169541,0.20729459841527526,0.016667454205036861,0.0032011242320224322,1.0
Julio Jones,WR,ATL,12.212104868200786,8300.0,0.18088296227200315,0.18585789109365303,0.31870922255631645,0.20486178182947667,0.074401419236221789,0.014940056386388999,0.020346666625939872,2.0
Davante Adams,WR,GB,11.703062543428318,6800.0,0.1014224490923865,0.42801183930950776,0.19681420740543057,0.11057502624650459,0.13448612281524747,0.024789749190806568,0.0039006059401166635,1.0
Doug Baldwin,WR,SEA,11.195896578768732,6900.0,0.2711291271210976,0.25124346105187767,0.16599049332503524,0.12774546405543069,0.15462739508134082,0.024004993542516256,0.0052590658227017612,0.0
Michael Thomas,WR,NO,10.802457182154088,6900.0,0.18309924345235118,0.38345157405607966,0.16159080383702865,0.18385807594858417,0.043766402360162292,0.040201289888921646,0.0040326104568724312,1.0
Kelvin Benjamin,WR,CAR,10.528990267500976,6800.0,0.17401421958968566,0.27200869543478384,0.43570755443180581,0.053338775790102107,0.023818435476354965,0.040097263584110573,0.0010150556931570664,2.0
Amari Cooper,WR,OAK,10.256369428835685,7800.0,0.22159958255883,0.23125302718341972,0.40545853584670782,0.081516111311346756,0.043612738071171143,0.011690354675888944,0.0048696503526357111,2.0
Julian Edelman,WR,NE,10.186087684254344,6600.0,0.10128897370424891,0.43593225841104,0.34131975508703899,0.085737202943236918,0.020607489136983924,0.012825921183553399,0.0022883995338981162,1.0
Antonio Brown,WR,PIT,9.6697626285305329,9000.0,0.11922230583519303,0.6010748196292538,0.10816822519679213,0.12211631745485779,0.022960179359944221,0.0090842703512097507,0.017373882172749187,1.0
Golden Tate,WR,DET,9.5480903235592667,5900.0,0.18151900921206779,0.47787812936234814,0.20165430653349634,0.060975981240757378,0.050449414139439736,0.023463209883206035,0.0040599496286847815,1.0
Tyreek Hill,WR,KC,9.1087101600912739,5800.0,0.26056100878516736,0.40208256532923392,0.17925058724706031,0.10577500522469439,0.028278373052565482,0.017080805358503575,0.0069716550027749888,1.0
Jordan Matthews,WR,PHI,9.0087325963062028,5700.0,0.36891604518084048,0.12183552556409605,0.41139176443790243,0.05242459723439586,0.029045448905618287,0.015227429270517592,0.0011591894066293404,2.0
Jamison Crowder,WR,WAS,8.8540049166270034,6600.0,0.28863279914487899,0.38612897506648053,0.16589979482459424,0.11334338146789051,0.025356927035934798,0.015155486619410354,0.0054826358408106473,1.0
Allen Robinson,WR,JAC,8.6728164967670303,7000.0,0.089066962255011983,0.71301523903786002,0.11635506218867007,0.047803538269185486,0.025020624964844695,0.0076372700516735333,0.0011013032327542793,1.0
Willie Snead,WR,NO,8.0017082544984337,6500.0,0.05180661361877692,0.85493698608647561,0.051710163985435563,0.029825204446824467,0.0070252154079956126,0.004076630056209684,0.0006191863982823912,1.0
Randall Cobb,WR,GB,7.9832608332198536,6300.0,0.17430554576195559,0.69953981350592132,0.032963792289706438,0.054762675554195284,0.027833894131261142,0.0088677643661571083,0.001726514390803189,1.0
Emmanuel Sanders,WR,DEN,7.9407365820083964,6400.0,0.20310671701370403,0.63105272803795165,0.078607363696353807,0.062523886668193612,0.012859040671515134,0.010769784766302417,0.0010804791459794424,1.0
Brandin Cooks,WR,NO,7.622056516851667,6800.0,0.31245135050047623,0.52167825203905227,0.078284709112355619,0.035386821305214075,0.024454237481965926,0.025435915255345751,0.002308714305590041,1.0
Demaryius Thomas,WR,DEN,7.4814219409482723,7100.0,0.20639528333508597,0.68675188121749886,0.043134049290011717,0.041895108780502038,0.012994043823565019,0.0078598075602139047,0.00096982599312249885,1.0
Mohamed Sanu,WR,ATL,7.3017286110247088,5700.0,0.46302638628000375,0.22522786832984049,0.22626838392765905,0.06659431384998607,0.012526189506005368,0.0057507941643202276,0.00060606394218501545,0.0
DeAndre Hopkins,WR,HOU,7.1886523109644092,6700.0,0.46905170319791545,0.21245397716861872,0.26025825555445525,0.038663020543008533,0.012300959057219351,0.0051343153697583832,0.0021377691090242734,0.0
Pierre Garcon,WR,WAS,7.1853397706874302,5500.0,0.55357007255548751,0.18096728711177043,0.13467085913812951,0.069419962245129932,0.036700728488945185,0.019110626623471901,0.005560463837065586,0.0
Tyrell Williams,WR,SD,6.9721257040344478,6600.0,0.2587190706382827,0.64413723560817326,0.061270683149872655,0.022682224687315268,0.0077538799431250182,0.0044370291743177515,0.00099987679891331768,1.0
Mike Wallace,WR,BAL,6.7042143377587751,6500.0,0.50636092609962136,0.29340415555283028,0.11300107889553029,0.04572699880913151,0.027504120687716155,0.011185736452669232,0.002816983502501362,0.0
Taylor Gabriel,WR,ATL,6.2895932650511117,5700.0,0.30610434322835278,0.65234039299510194,0.026965051574342432,0.0093110761585600572,0.0029356890292514147,0.0021734888798629615,0.00016995813452842407,1.0
Larry Fitzgerald,WR,ARI,5.7811495574983898,7000.0,0.52191622558481821,0.38218722348930451,0.047370910603133899,0.027208617948176986,0.012446187457512244,0.0065134425542168186,0.002357392362837182,0.0
Michael Crabtree,WR,OAK,5.6917726268308089,6400.0,0.5655609525633003,0.30388732527040002,0.084224895832484076,0.028318786571567871,0.0099103564074301091,0.0074768791466303889,0.00062080420818733757,0.0
Jarvis Landry,WR,MIA,4.5027954530392327,6400.0,0.84057899717846696,0.030332272418549168,0.050322035798125525,0.049520101400839692,0.026075265768156837,0.0025948326768011148,0.00057649475906066804,0.0
Malcolm Mitchell,WR,NE,4.4764193827713372,5600.0,0.75376181375705886,0.13649097876134841,0.087708961512429004,0.01240275353600041,0.0047455571418277501,0.0030667292006212386,0.0018232060907142343,0.0
DeSean Jackson,WR,WAS,4.4140977248233524,6000.0,0.72109996297101953,0.22345192600521258,0.022326173333977201,0.02391243726815034,0.0050006502802489444,0.00292144436865766,0.0012874057727336162,0.0
Dontrelle Inman,WR,SD,4.2155378139137891,5200.0,0.68028826197583003,0.30772361334377119,0.006034018227732493,0.002562186712153483,0.0016335365002700206,0.0015561894770649602,0.00020219376317789101,0.0
Tyler Boyd,WR,CIN,3.8275661602432756,5400.0,0.82495635378551968,0.11572117991677645,0.038287718884429903,0.014507862208745715,0.0040420602251637974,0.0017510503531618874,0.0007337746262026225,0.0
Kenny Stills,WR,MIA,3.8266433785638005,5600.0,0.89053394205123992,0.028535790677146722,0.03265777471605847,0.028453790678956127,0.014064785901621645,0.0050290892514735864,0.00072482672350361133,0.0
Ted Ginn Jr.,WR,CAR,3.8090888573797916,4900.0,0.8140339253166291,0.12747451730323187,0.049228637400634351,0.0041647391063065467,0.002868104114806209,0.0017174355574894498,0.00051264120090247856,0.0
Tavon Austin,WR,LARM,3.7983449396354203,5000.0,0.77017591564287524,0.21013068261782011,0.013210274492195051,0.0041335672911691152,0.0014250356001364777,0.00066166417460423728,0.00026286018119987191,0.0
A.J. Green,WR,CIN,3.7378628078360396,7400.0,0.8503457781115159,0.11153058111496032,0.016223373766852102,0.0069559521094703239,0.0044670136690860059,0.002162090712640668,0.008315210515474623,0.0
Anquan Boldin,WR,DET,3.7243750258064376,5000.0,0.83122816530255383,0.12608470218782647,0.023584229382809095,0.009776594841666382,0.005593924262700117,0.0028960890092281605,0.00083629501321578592,0.0
Marqise Lee,WR,JAC,3.678809955972326,5600.0,0.86247246947502076,0.07282651623467655,0.042810941799035926,0.012629894696959423,0.0071298849163099311,0.0019616907342550863,0.00016860214374207874,0.0
DeVante Parker,WR,MIA,3.5947564464774575,6500.0,0.90979338613380034,0.020402071077667096,0.034587933561524363,0.016844118186988229,0.013845206897028594,0.0039781186558309669,0.00054916548716028553,0.0
Cameron Meredith,WR,CHI,3.5397498545557133,5600.0,0.86417103246178284,0.091516722377428625,0.030159087858086089,0.0069514326185719528,0.0033699636719638436,0.0020836842034098091,0.0017480768087571445,0.0
Sterling Shepard,WR,NYG,3.5168694967138614,5800.0,0.85624580290646379,0.10997217101096864,0.016959602257127386,0.010535356779052738,0.0038810058435614944,0.0021913118081492581,0.00021474939467667125,0.0
Chris Hogan,WR,NE,3.5091198787332907,5500.0,0.88552401289427107,0.054617468052416102,0.043454625495424615,0.0088874521337010733,0.0044920841161588971,0.0026611724430197193,0.00036318486500853107,0.0
Brandon LaFell,WR,CIN,3.4964384501842432,4900.0,0.8695190580862393,0.09547387507115955,0.016644617848342355,0.009271401261194084,0.0049175502126434832,0.0027250394985934932,0.0014484580218277962,0.0
Kenny Britt,WR,LARM,3.3205393197469513,6900.0,0.88500138389114646,0.083849167389902751,0.019625027135145898,0.0069219119918318946,0.0031889961579654384,0.0011339437594744539,0.00027956967453322763,0.0
J.J. Nelson,WR,ARI,3.282118916420667,5100.0,0.86537443779588785,0.12339336458632855,0.0049751129235989016,0.0035292817787005199,0.001547932853441628,0.00091235953502514827,0.00026751052701742443,0.0
Adam Humphries,WR,TB,3.2096156265617619,4900.0,0.90547914627682635,0.067774000552113953,0.015900849490682115,0.0044599493663287351,0.0035157248600943985,0.0025016421407955463,0.00036868731315886839,0.0
Brandon Coleman,WR,NO,3.1796990846362827,4500.0,0.90910694569839001,0.059254129252881114,0.023970001329736323,0.0040507314909715491,0.0020913516764808791,0.0011309198326311699,0.00039592071890903795,0.0
Jeremy Kerley,WR,SF,3.1127924204051549,5300.0,0.91411765171521731,0.062687429844540052,0.015375655763199738,0.0040194968393342714,0.0024557709288216207,0.00099853228730884197,0.00034546262157812967,0.0
Devin Funchess,WR,CAR,2.9819367338899725,4700.0,0.93920194758856912,0.039414995414764731,0.012707648834677485,0.0049155456965034264,0.0022964350271537913,0.0012584012356039432,0.00020502620272762876,0.0
John Brown,WR,ARI,2.8625642869133983,5400.0,0.95111527380456184,0.03801133434852743,0.0032421639763011334,0.004367831916091627,0.0018839118807363752,0.0010590631128336921,0.00032042096094787295,0.0
Will Fuller,WR,HOU,2.8580091917178487,5600.0,0.94971457053789377,0.035794416162047871,0.010627967152581234,0.0019625189773026359,0.0010929874179709531,0.00063801807783711573,0.00016952167436646784,0.0
Seth Roberts,WR,OAK,2.8499036671015676,4800.0,0.95315837774767143,0.031505593165498134,0.010870487576435463,0.0022713018920306398,0.0011490195816271464,0.00097983275963171661,6.5387277105451204e-05,0.0
Chris Conley,WR,KC,2.7721198159549787,4500.0,0.96323576623930673,0.02870364845722928,0.0024763436580327522,0.003266614410933049,0.0012181887155498093,0.00070088070030818858,0.00039855781864025092,0.0
Breshad Perriman,WR,BAL,2.766434951596386,5200.0,0.96094369324352191,0.032001793475433263,0.0025266127985759958,0.0028314720817660521,0.00097599628480751505,0.00056615926076966194,0.00015427285512545753,0.0
Eli Rogers,WR,PIT,2.6391317114894419,5200.0,0.98032740981574207,0.015003706206813025,0.0022949758763639431,0.0016416915700243114,0.00044420327350895968,0.00022752642654882399,6.0486830999145327e-05,0.0
Tyler Lockett,WR,SEA,2.6323219235696111,5000.0,0.98627207425458285,0.007415654456246386,0.0025314841357091241,0.0022488299231676724,0.00066714974166575563,0.00070038361732684986,0.00016442387130114101,0.0
Paul Richardson,WR,SEA,2.6211055150251954,4500.0,0.98614493012394533,0.0092931835070890981,0.0014765178679953764,0.0015999780419630688,0.00072148530204498885,0.0004509167282419298,0.00031298842872008297,0.0
Torrey Smith,WR,SF,2.617329468001083,4800.0,0.98530089221589123,0.0093474477626456966,0.0035145961534108873,0.00092408363692151653,0.00048557021623683367,0.00026896222784910962,0.00015844778704486823,0.0
Justin Hunter,WR,BUF,2.609069773304316,5400.0,0.98065384450911597,0.017829316467959409,0.00097882940649211456,0.00027603136121787949,0.00015193006327385728,8.2765469627256677e-05,2.7282722313012751e-05,0.0
Travis Benjamin,WR,SD,2.607496869035975,5200.0,0.98190286971988794,0.01641476916035162,0.00076943533885293601,0.00043719417160810616,0.00024019092661210911,0.00017175112640073465,6.3789556286319196e-05,0.0
Danny Amendola,WR,NE,2.5945457958511038,4500.0,0.98707350832922802,0.0094510748564175951,0.0020674148802802056,0.00075450718072295534,0.00033765268566981934,0.00022923411435582888,8.6607953325461452e-05,0.0
Brian Quick,WR,LARM,2.5941359576769898,4500.0,0.98500322521665529,0.0129635416459623,0.00092981659209448637,0.00070950733200701081,0.00020722439775592796,0.00011123612180659156,7.5448693718308614e-05,0.0
Pharoh Cooper,WR,LARM,2.5780228565943117,4500.0,0.98837176862477716,0.0094983594554469471,0.0012841619853752042,0.00041278862093360703,0.00015481315784317531,8.4955742042924274e-05,0.00019315241358102843,0.0
Kamar Aiken,WR,BAL,2.5768183323592551,4500.0,0.98919084276692637,0.0088986254921832927,0.00053914716038775594,0.00065899272583820492,0.00036593828210462412,0.00020395524578623056,0.00014249832677351546,0.0
Braxton Miller,WR,HOU,2.5750586733457599,4500.0,0.98852757802010494,0.0093759769117892581,0.0013690675736049581,0.00034595719708813063,0.00018312575941907026,0.00010777767716170657,9.0516860831374958e-05,0.0
Albert Wilson,WR,KC,2.5743443080205761,4500.0,0.9915010289719548,0.0052884766821960126,0.0015367726075946146,0.00079666022121933845,0.00047470184189010088,0.00026485747528819239,0.00013750219985700539,0.0
Allen Hurns,WR,JAC,2.5731634444305937,5000.0,0.99093404256062201,0.006377819263340241,0.0011034520482665958,0.00066719433508912059,0.0006066653727316261,0.00026710046641858571,4.3725953532046411e-05,0.0
Jermaine Kearse,WR,SEA,2.5662987225033991,4600.0,0.991931738845237,0.005658668881766399,0.00083560748157112004,0.00081602910865582936,0.00042536569794460806,0.00025434957555825466,7.8240409266765507e-05,0.0
Dorial Green-Beckham,WR,PHI,2.5650690180620428,4500.0,0.99232050768577607,0.0046228042470532965,0.001705387918261811,0.00072718577397773594,0.00038573213643912536,0.00019583125937085017,4.2550979121184356e-05,0.0
Jordan Taylor,WR,DEN,2.5554656784002114,4500.0,0.9925988592867182,0.0051051499644069786,0.0015190111585889068,0.00039459015295833236,0.00021167157117419328,0.00012677298340561685,4.3944882747349059e-05,0.0
Quinton Patton,WR,SF,2.5491514261220267,4500.0,0.99238607612388119,0.0064239116309307608,0.00061994161483776744,0.00030798995015026846,0.00013944570013487591,7.4926438409118396e-05,4.7708541655870978e-05,0.0
Sammy Watkins,WR,BUF,2.5459060426367275,6300.0,0.99493810792775739,0.0030358646081726456,0.00087731875457491891,0.00057770895987852683,0.00031004550853043635,0.00018587004719731865,7.5084193889067455e-05,0.0
Victor Cruz,WR,NYG,2.5454316703719204,4900.0,0.99432885012951167,0.0033541424838325982,0.0016504643282635456,0.00037972368508095805,0.00017274559668074344,9.3580037358220557e-05,2.0493739271939562e-05,0.0
Andre Roberts,WR,DET,2.5445629903115643,4500.0,0.99566694697564428,0.0020337356125969533,0.0010606690053056337,0.00059682396630958347,0.00036272673329937701,0.00019865965833887447,8.043804850523419e-05,0.0
Bennie Fowler,WR,DEN,2.5444247433780811,4500.0,0.99459913517516529,0.0030856620650131076,0.0016886565368517228,0.00029482000090544916,0.00018560977657334579,0.00010312164520249236,4.2994800288815931e-05,0.0
Russell Shepard,WR,TB,2.5406038744050292,4500.0,0.9949579082107981,0.0036882630768906351,0.00055822082353811434,0.00032756250460781473,0.00019793652128530486,0.00014271403376324353,0.00012739482911663642,0.0
Bradley Marquez,WR,LARM,2.5361834236771221,4500.0,0.99476691571540765,0.0043981008439675628,0.00029191836256194006,0.00026943934867973413,0.00010024253114018552,5.4354528563380593e-05,0.00011902866967943184,0.0
Justin Hardy,WR,ATL,2.5344010659333338,4500.0,0.9951808499942415,0.0038806376889882481,0.00034117212437948549,0.00027569244672494102,0.00017887490346497935,0.00010224611961302535,4.052672258764436e-05,0.0
Rod Streater,WR,SF,2.5342997003887402,4500.0,0.99488587078152757,0.0042725227371494248,0.00043213230006958317,0.00017002233903967449,0.00010136907779773462,5.9952371036253741e-05,7.8130393379716455e-05,0.0
Marquise Goodwin,WR,BUF,2.5321393117798956,5200.0,0.99669820149520794,0.0018453571784582496,0.00048205450133319809,0.00050002353554516447,0.00031712831828024961,0.00011481001169360825,4.2424959481519998e-05,0.0
Cobi Hamilton,WR,PIT,2.5288498761055291,4500.0,0.995412521343218,0.0040687997935150389,0.00025845703198934663,8.9727090588795691e-05,5.8049344476837042e-05,3.2008240958774353e-05,8.0437155253017056e-05,0.0
James Wright,WR,CIN,2.5282256408458124,4500.0,0.99656625416205347,0.0024696434205636855,0.00039905198985657522,0.00023302375319413988,0.00014387533054503141,8.0117031663504791e-05,0.00010803431212391014,0.0
Marquess Wilson,WR,CHI,2.5256497372436741,5400.0,0.99689515790334793,0.0021028868370038273,0.0004929511605396528,0.00022927145213697339,0.00013892802986752937,7.8398797603791394e-05,6.2405819500258177e-05,0.0
Jeremy Maclin,WR,KC,2.5254198660042699,5800.0,0.99752034876196849,0.0011367950154240597,0.00075708478904944914,0.0002464833662089401,0.00013164713555896559,0.00012179739344256574,8.5843538347029036e-05,0.0
Robert Woods,WR,BUF,2.5218506950426383,5100.0,0.99787816735029822,0.00058615218420897169,0.0011156336844581121,0.00023949010686608065,0.00010027469342791225,5.9121675814912345e-05,2.1160304925847441e-05,0.0
Leonte Carroo,WR,MIA,2.5210808264350892,4500.0,0.99831774704289133,0.000458340521022538,0.00029148011882519669,0.00072095077559204267,0.00010881379382885868,6.0388889804369291e-05,4.2278858035621745e-05,0.0
Chris Harper,WR,SF,2.5196226769438965,4500.0,0.99750083894640595,0.0018557115016723672,0.00028332890386895479,0.00015217444321298734,9.2860516433069989e-05,4.9237527095125152e-05,6.5848161311119258e-05,0.0
Michael Floyd,WR,ARI,2.5195029431907741,4900.0,0.997718408319201,0.0015597876955635562,0.00022975137697235222,0.00023355718552895449,0.00015150925319547078,8.0546988481994782e-05,2.6439181056589293e-05,0.0
Roger Lewis,WR,NYG,2.5182646441846326,4500.0,0.99805923743457614,0.00094936360349910567,0.00056711483989651287,0.00023287982149858822,0.00010828468718156601,6.8480097565953656e-05,1.4639515781959218e-05,0.0
Steve Smith Sr.,WR,BAL,2.5157151900490144,6100.0,0.99822613796148785,0.0010157017542124791,0.00049713895840881493,9.5267445385615996e-05,7.1629127676954527e-05,3.4047600985559476e-05,6.0077151843087895e-05,0.0
Johnny Holton,WR,OAK,2.5113165836103839,4500.0,0.99872421545692502,0.00090296193774183869,0.00010579700119795712,0.00010454203856624074,6.6327965531681399e-05,3.6792397417716157e-05,5.9363202619261864e-05,0.0
Marvin Jones Jr.,WR,DET,2.5087041333826332,5600.0,0.99916116770878294,0.00029438235355123569,0.00038616117241505504,5.9996020515253348e-05,4.5152374189605127e-05,2.125865913715881e-05,3.1881711408518217e-05,0.0
Mike Thomas,WR,LARM,2.5082840956328685,4500.0,0.9989659525026513,0.00079551546297825426,9.097544809157154e-05,5.588655943876336e-05,2.5302436569976739e-05,1.3937329291986713e-05,5.2430260977892947e-05,0.0
Alex Erickson,WR,CIN,2.5081084981871182,4500.0,0.99897514709374546,0.00075330276411817527,0.00011927539043027916,6.437306237241286e-05,4.0498206076409745e-05,2.2259040099581314e-05,2.5144443157557676e-05,0.0
Jakeem Grant,WR,MIA,2.5070880485777778,4500.0,0.99947858920227295,0.00013719562364386626,7.2981455684819588e-05,0.00022657829759912247,2.8555868857428526e-05,1.6102850206450855e-05,3.9996701735765499e-05,0.0
Geronimo Allison,WR,GB,2.5062356923211602,4600.0,0.99919920902004544,0.00060801925635054909,4.787838210669415e-05,7.6896344035674288e-05,3.6607374853047674e-05,2.5192423204431625e-05,6.197199404096331e-06,0.0
Brandon Tate,WR,BUF,2.5056338519558716,4500.0,0.99924650855320696,0.00055264371924343848,0.00011322832642750156,3.9902897808999534e-05,2.4561552638832463e-05,1.3861376191458032e-05,9.2935744825177572e-06,0.0
Jordan Norwood,WR,DEN,2.5054760863364671,4500.0,0.99940242246216704,0.00036222214899708332,0.00011975764735088862,4.5568587545542351e-05,2.8776993081589452e-05,1.7648637961407352e-05,2.3603522896109723e-05,0.0
Jeff Janis,WR,GB,2.5052337781356204,4500.0,0.99943386229184961,0.00034454078722706002,5.9824752000517766e-05,9.962022093502914e-05,3.5423260536347063e-05,2.1149891659611028e-05,5.5787957919042876e-06,0.0
De'Anthony Thomas,WR,KC,2.5051988011105104,4500.0,0.99939061472371049,0.00043044622981185023,6.5236369859423141e-05,4.6358365190959523e-05,2.9522172417957749e-05,1.6110957492554122e-05,2.1711181517446574e-05,0.0
Ryan Grant,WR,WAS,2.5050295876824031,4500.0,0.99954127368177559,0.00022820332646932733,8.3794466588089201e-05,6.1318519832054692e-05,3.7828413103097117e-05,2.294952305302615e-05,2.4632069178698147e-05,0.0
Aldrick Robinson,WR,ATL,2.5049761971188316,4500.0,0.9995523029789426,0.00022385982352900486,6.9377579345196799e-05,7.1044516403682897e-05,3.7288323575317202e-05,1.9657640196750367e-05,2.6469138007777989e-05,0.0
Eddie Royal,WR,CHI,2.5047705347993814,5100.0,0.99956931734765675,0.0002195962166385729,8.1737460740724077e-05,4.7709518627335854e-05,3.1102890224826027e-05,1.6661316500220094e-05,3.3875249611380803e-05,0.0
Dwayne Harris,WR,NYG,2.503829886900812,4500.0,0.99950773201562992,0.00035622330968341478,5.6347104143714541e-05,4.3943084917286625e-05,2.0421375279771478e-05,1.0746740620157581e-05,4.586369726110749e-06,0.0
Nelson Agholor,WR,PHI,2.5037288215736115,4500.0,0.99956964019750183,0.00027767227979146839,6.1798433734683552e-05,4.6174502996397648e-05,2.5145200858242626e-05,1.4540098815300507e-05,5.0292863019682777e-06,0.0
Deonte Thompson,WR,CHI,2.5036371069869157,4500.0,0.99961098285563732,0.000257455804338306,5.0557610021849234e-05,2.7899816639460924e-05,1.8093918265875594e-05,9.8598120757910101e-06,2.5150183021564377e-05,0.0
Freddie Martino,WR,TB,2.5036134143810056,4500.0,0.99962642522129241,0.0001802814656616028,0.00012400818109019619,2.9260051636797761e-05,1.4902048369191604e-05,1.0868671801630774e-05,1.425436014826425e-05,0.0
Griff Whalen,WR,SD,2.5036067355211187,4500.0,0.99953908606140818,0.00032920307314625102,6.2933302381771778e-05,3.4317017740031317e-05,1.8197158450619066e-05,1.0116183589099548e-05,6.1472032839895161e-06,0.0
Eric Weems,WR,ATL,2.5035679183024562,4500.0,0.99969118774725774,0.00014141488401701185,5.2474369070788917e-05,5.3526149893060592e-05,2.8088401254616731e-05,1.4811287776579267e-05,1.8497160731022902e-05,0.0
Bryce Treggs,WR,PHI,2.503463852952986,4500.0,0.99964114722006048,0.00020179112818633703,5.9926444817932171e-05,4.6492497838137266e-05,2.9389273470219329e-05,1.6036897463515793e-05,5.216538163413001e-06,0.0
Jake Lampman,WR,NO,2.503203547147117,4500.0,0.99970624031477928,0.00016660944645169098,2.2288962442096693e-05,4.6778382485716837e-05,2.8567294514611561e-05,1.1289108700403885e-05,1.8226490626138188e-05,0.0
Sammie Coates,WR,PIT,2.5028533456881146,4500.0,0.99972390486180107,0.00014808682393723698,5.7094290517692659e-05,3.0013049594215313e-05,1.4126528756576223e-05,8.1236174777234578e-06,1.8650827915768656e-05,0.0
Demarcus Robinson,WR,KC,2.5026786930885403,4500.0,0.99970514454530413,0.00020607194270125679,3.0304745642053584e-05,1.9894525837117182e-05,1.2431583209822524e-05,6.8966660766101785e-06,1.9255991229083285e-05,0.0
Trevor Davis,WR,GB,2.5026079238251118,4500.0,0.99973088418136413,0.00017525451395307954,2.27896691429907e-05,3.0433762201600607e-05,1.5792525199507169e-05,1.0143491682268135e-05,1.470185645675104e-05,0.0
Jaelen Strong,WR,HOU,2.5024821157168859,4500.0,0.99973174227975026,0.00015889269360840131,5.6460027266634607e-05,2.1273818987500899e-05,1.3384177911514235e-05,7.5688596426327374e-06,1.0678142832910343e-05,0.0
Josh Huff,WR,TB,2.5019482301250817,4500.0,0.9998311101042624,7.4485648635899308e-05,3.894781460364248e-05,2.1816885581073167e-05,1.377271955950205e-05,8.2741104196520636e-06,1.1592716937512302e-05,0.0
Tavarres King,WR,NYG,2.5018349186889366,4500.0,0.99977160784880514,0.00016909190705249871,2.2384749365141429e-05,1.5497200636667559e-05,9.7502789243624901e-06,5.474989674650189e-06,6.1930255420779672e-06,0.0
Arrelious Benn,WR,JAC,2.5017781453633123,4500.0,0.99982881770937782,7.602887504041503e-05,4.78822522508791e-05,2.353945940149598e-05,1.2337957920891064e-05,6.795910545939053e-06,4.597835461986746e-06,0.0
Jared Dangerfield,WR,NO,2.501738920345939,4500.0,0.99986136275933857,5.9944925168336283e-05,2.8118690270247571e-05,1.730470927475712e-05,1.0949667726923366e-05,6.1240991284143708e-06,1.6195149093023741e-05,0.0
Kyle Prater,WR,NO,2.501738920345939,4500.0,0.99986136275933857,5.9944925168336283e-05,2.8118690270247571e-05,1.730470927475712e-05,1.0949667726923366e-05,6.1240991284143708e-06,1.6195149093023741e-05,0.0
Vincent Brown,WR,NO,2.501738920345939,4500.0,0.99986136275933857,5.9944925168336283e-05,2.8118690270247571e-05,1.730470927475712e-05,1.0949667726923366e-05,6.1240991284143708e-06,1.6195149093023741e-05,0.0
Tanner McEvoy,WR,SEA,2.5016802744183679,5000.0,0.99986222462198837,6.0722172803560055e-05,2.736135955182639e-05,1.8110018222530101e-05,1.1387044033472206e-05,7.0228874257285506e-06,1.3171895974792749e-05,0.0
Corey Brown,WR,CAR,2.5016223172956615,4500.0,0.99983737029493092,6.6312639888707611e-05,6.4669915122669822e-05,1.370809317642857e-05,8.6063200281093531e-06,4.9342401282377511e-06,4.3984967253941373e-06,0.0
Duke Williams,WR,LARM,2.5016039411477027,4500.0,0.99983089845705009,0.00010293163850280349,2.9356405287198724e-05,1.4295835162871946e-05,8.9943525650172562e-06,5.0817730630166489e-06,8.4415383691425448e-06,0.0
Paul McRoberts,WR,LARM,2.5016039411477027,4500.0,0.99983089845705009,0.00010293163850280349,2.9356405287198724e-05,1.4295835162871946e-05,8.9943525650172562e-06,5.0817730630166489e-06,8.4415383691425448e-06,0.0
Nelson Spruce,WR,LARM,2.5016039411477027,4500.0,0.99983089845705009,0.00010293163850280349,2.9356405287198724e-05,1.4295835162871946e-05,8.9943525650172562e-06,5.0817730630166489e-06,8.4415383691425448e-06,0.0
Percy Harvin,WR,BUF,2.5015055491440381,4900.0,0.99986936105780877,6.5799590879304969e-05,2.0918265881362739e-05,1.6492666545385229e-05,1.026258296472054e-05,5.7550392085775307e-06,1.141079671195786e-05,0.0
Matthew Slater,WR,NE,2.5014122178428888,4500.0,0.99987365470456557,6.3060842937939931e-05,2.2361380382989133e-05,1.6297241377037241e-05,1.0302366670056345e-05,5.6958282460900785e-06,8.6276358203132329e-06,0.0
Brittan Golden,WR,ARI,2.5014121288679521,4500.0,0.99985018051956809,9.3725103730531653e-05,2.0405068312512641e-05,1.4838520501875837e-05,9.4532309301027152e-06,5.6813814738256898e-06,5.716175483060754e-06,0.0
Brenton Bersin,WR,CAR,2.5014055494891663,4500.0,0.99986690937513578,5.6533852221539861e-05,4.6778721922946612e-05,1.116949623179953e-05,6.9845196822003307e-06,3.9894612631390187e-06,7.6345735424470459e-06,0.0
Bryan Walters,WR,JAC,2.5013614452436586,4500.0,0.99987591438943824,4.9374331903405867e-05,3.9978321142765012e-05,1.4755542474669021e-05,9.2655822845564028e-06,5.3318632878776261e-06,5.3799694679202814e-06,0.0
Keith Mumphery,WR,HOU,2.5013564012018978,4500.0,0.99987872119071131,6.1306249354555693e-05,2.3311229697549922e-05,1.3395723843331944e-05,8.3911325915374231e-06,4.7228333179625703e-06,1.0151640483717427e-05,0.0
Daniel Braverman,WR,CHI,2.5013211205113639,4500.0,0.99988307484564365,5.9021216696553289e-05,2.2387844793704579e-05,1.2534495772854506e-05,7.9333045747121851e-06,4.4822740009205918e-06,1.0566018517951314e-05,0.0
Kevin White,WR,CHI,2.5013211205113639,4500.0,0.99988307484564365,5.9021216696553289e-05,2.2387844793704579e-05,1.2534495772854506e-05,7.9333045747121851e-06,4.4822740009205918e-06,1.0566018517951314e-05,0.0
Joshua Bellamy,WR,CHI,2.5013211205113639,4500.0,0.99988307484564365,5.9021216696553289e-05,2.2387844793704579e-05,1.2534495772854506e-05,7.9333045747121851e-06,4.4822740009205918e-06,1.0566018517951314e-05,0.0
Kieran Duncan,WR,CHI,2.5013211205113639,4500.0,0.99988307484564365,5.9021216696553289e-05,2.2387844793704579e-05,1.2534495772854506e-05,7.9333045747121851e-06,4.4822740009205918e-06,1.0566018517951314e-05,0.0
Tommylee Lewis,WR,NO,2.5012941422470019,4500.0,0.99987671061157668,6.6038449192740221e-05,2.4700685295601137e-05,1.2157370648576857e-05,7.6617727993499629e-06,4.3218611279890255e-06,8.409249358968946e-06,0.0
Rashawn Scott,WR,MIA,2.5012797850217896,4500.0,0.99987453041761254,6.2466421093508934e-05,3.0834075425145245e-05,1.3784430675503155e-05,8.672854526028955e-06,4.8993213706370332e-06,4.8124792969286593e-06,0.0
Tyler Murphy,WR,MIA,2.5012797850217896,4500.0,0.99987453041761254,6.2466421093508934e-05,3.0834075425145245e-05,1.3784430675503155e-05,8.672854526028955e-06,4.8993213706370332e-06,4.8124792969286593e-06,0.0
Keshawn Martin,WR,SF,2.5012298398075496,4500.0,0.9998866616212464,5.9514048969687707e-05,2.1948976910887079e-05,1.1540444002709431e-05,7.260686833037038e-06,4.0603759112538385e-06,9.0138461264283672e-06,0.0
Mose Frazier,WR,SF,2.5012298398075496,4500.0,0.9998866616212464,5.9514048969687707e-05,2.1948976910887079e-05,1.1540444002709431e-05,7.260686833037038e-06,4.0603759112538385e-06,9.0138461264283672e-06,0.0
Chris Moore,WR,BAL,2.5012266809187915,4500.0,0.99989906177307297,4.915853856221256e-05,1.6367649373383937e-05,1.1909483015629954e-05,7.5235910237548618e-06,4.162492585222735e-06,1.1816472366389254e-05,0.0
Jared Abbrederis,WR,GB,2.5011634327519014,4500.0,0.99990244716730881,4.8263212484024064e-05,1.590760171226147e-05,1.1461672985025791e-05,7.2444665233913162e-06,4.0986426576789749e-06,1.0577236328455524e-05,0.0
Kashif Moore,WR,KC,2.5011475271813661,4500.0,0.99990428710221868,4.5239207651665595e-05,1.7785608658740989e-05,1.1350961652444336e-05,7.1842308203786298e-06,4.0590502812547733e-06,1.0093838716770419e-05,0.0
Hunter Sharp,WR,PHI,2.5011084238188053,4500.0,0.99990615092555823,4.4567577940047906e-05,1.8648247571124576e-05,1.0553247544259742e-05,6.6793473857599783e-06,3.7737949990902784e-06,9.6268590011508743e-06,0.0
Chris Givens,WR,PHI,2.5011084238188053,4500.0,0.99990615092555823,4.4567577940047906e-05,1.8648247571124576e-05,1.0553247544259742e-05,6.6793473857599783e-06,3.7737949990902784e-06,9.6268590011508743e-06,0.0
Cayleb Jones,WR,PHI,2.5011084238188053,4500.0,0.99990615092555823,4.4567577940047906e-05,1.8648247571124576e-05,1.0553247544259742e-05,6.6793473857599783e-06,3.7737949990902784e-06,9.6268590011508743e-06,0.0
Xavier Rush,WR,PHI,2.5011084238188053,4500.0,0.99990615092555823,4.4567577940047906e-05,1.8648247571124576e-05,1.0553247544259742e-05,6.6793473857599783e-06,3.7737949990902784e-06,9.6268590011508743e-06,0.0
Keyarris Garrett,WR,CAR,2.5010952125750783,4500.0,0.99989253643448628,6.0038321666877505e-05,1.9390404598532004e-05,1.1059908311522432e-05,6.9584700563318169e-06,3.9314778235828257e-06,6.0849830574687396e-06,0.0
Damiere Byrd,WR,CAR,2.5010952125750783,4500.0,0.99989253643448628,6.0038321666877505e-05,1.9390404598532004e-05,1.1059908311522432e-05,6.9584700563318169e-06,3.9314778235828257e-06,6.0849830574687396e-06,0.0
Tevin Jones,WR,HOU,2.5010902886129438,4500.0,0.99989482854794998,5.9582860404680425e-05,1.7366407431576991e-05,1.0649525072673654e-05,6.7001658609824693e-06,3.7855984403854818e-06,7.0868948395544393e-06,0.0
Cody Latimer,WR,DEN,2.5010091199074669,4500.0,0.99990833411441826,4.2040338204362008e-05,2.3397490053757919e-05,1.0259601022049225e-05,6.4523352238280471e-06,3.6361785218945802e-06,5.8799425554930271e-06,0.0
Devin Hester,WR,BAL,2.5009963626477312,4500.0,0.99991977703340451,3.7991503396804068e-05,1.3200363145967653e-05,9.6048881001047362e-06,6.067706700557859e-06,3.3569835914507453e-06,1.0001521661136517e-05,0.0
Levi Norwood,WR,PIT,2.5009944023309503,4500.0,0.99991096362598786,4.3838059233731055e-05,1.9684043915352088e-05,8.9489047654274851e-06,5.6302573199992388e-06,3.1810876718180773e-06,7.754021106156906e-06,0.0
Markus Wheaton,WR,PIT,2.5009944023309503,4500.0,0.99991096362598786,4.3838059233731055e-05,1.9684043915352088e-05,8.9489047654274851e-06,5.6302573199992388e-06,3.1810876718180773e-06,7.754021106156906e-06,0.0
Canaan Severin,WR,PIT,2.5009944023309503,4500.0,0.99991096362598786,4.3838059233731055e-05,1.9684043915352088e-05,8.9489047654274851e-06,5.6302573199992388e-06,3.1810876718180773e-06,7.754021106156906e-06,0.0
Jaron Brown,WR,ARI,2.5009691425425395,4500.0,0.99991635874192375,4.0538707523586895e-05,1.6450224358931217e-05,9.40624365700731e-06,5.9533872124914886e-06,3.3636314437016077e-06,7.9290638810320862e-06,0.0
Kadron Boone,WR,NYG,2.5009630967982295,4500.0,0.99990494923296069,5.3559409721760317e-05,1.728181541745749e-05,9.4326853165108193e-06,5.9346223341785679e-06,3.343165878093546e-06,5.4990683711517512e-06,0.0
Shaq Evans,WR,NE,2.5009452825166498,4500.0,0.9999122586678082,4.6754713911365239e-05,1.6242900215327515e-05,9.0826195563875492e-06,5.7486025964872726e-06,3.2383356634168773e-06,6.6741602485921093e-06,0.0
DeAndre Carter,WR,NE,2.5009452825166498,4500.0,0.9999122586678082,4.6754713911365239e-05,1.6242900215327515e-05,9.0826195563875492e-06,5.7486025964872726e-06,3.2383356634168773e-06,6.6741602485921093e-06,0.0
DeAndrew White,WR,NE,2.5009452825166498,4500.0,0.9999122586678082,4.6754713911365239e-05,1.6242900215327515e-05,9.0826195563875492e-06,5.7486025964872726e-06,3.2383356634168773e-06,6.6741602485921093e-06,0.0
Aaron Dobson,WR,DET,2.5009385974875031,4500.0,0.99991384333210709,4.2686579675052057e-05,1.8826069917873726e-05,9.407320443688699e-06,5.9540858412536848e-06,3.3296698702995751e-06,5.9529421449291119e-06,0.0
Quinshad Davis,WR,DET,2.5009385974875031,4500.0,0.99991384333210709,4.2686579675052057e-05,1.8826069917873726e-05,9.407320443688699e-06,5.9540858412536848e-06,3.3296698702995751e-06,5.9529421449291119e-06,0.0
Rashad Greene Sr.,WR,JAC,2.5008679573118555,4500.0,0.99991716932541785,4.5495045887895145e-05,1.4437867555129448e-05,8.850125723034988e-06,5.5681449216497377e-06,3.1459757951107292e-06,5.3335146987637514e-06,0.0
Tony Washington,WR,JAC,2.5008679573118555,4500.0,0.99991716932541785,4.5495045887895145e-05,1.4437867555129448e-05,8.850125723034988e-06,5.5681449216497377e-06,3.1459757951107292e-06,5.3335146987637514e-06,0.0
Donteea Dye,WR,TB,2.5008266023663577,4500.0,0.99992272523496384,3.82054521429304e-05,1.7834189232105719e-05,8.3101069002498623e-06,5.2260888137775989e-06,2.9540433004388143e-06,4.7448846470996958e-06,0.0
Vincent Jackson,WR,TB,2.5008266023663577,4500.0,0.99992272523496384,3.82054521429304e-05,1.7834189232105719e-05,8.3101069002498623e-06,5.2260888137775989e-06,2.9540433004388143e-06,4.7448846470996958e-06,0.0
Cecil Shorts III,WR,TB,2.5008266023663577,4500.0,0.99992272523496384,3.82054521429304e-05,1.7834189232105719e-05,8.3101069002498623e-06,5.2260888137775989e-06,2.9540433004388143e-06,4.7448846470996958e-06,0.0
Darrius Heyward-Bey,WR,PIT,2.5007800496702464,4500.0,0.99992936271273192,3.180223416791045e-05,2.0310499138719191e-05,6.5070266671170049e-06,4.1412524215062485e-06,2.4634498383686721e-06,5.4128250345595161e-06,0.0
DeVier Posey,WR,DEN,2.5007700072568051,4500.0,0.99992834940654052,3.5869451610328532e-05,1.6187142942636422e-05,7.4231589898521326e-06,4.6703251933709464e-06,2.6309397174072213e-06,4.8695750054779186e-06,0.0
Bralon Addison,WR,DEN,2.5007700072568051,4500.0,0.99992834940654052,3.5869451610328532e-05,1.6187142942636422e-05,7.4231589898521326e-06,4.6703251933709464e-06,2.6309397174072213e-06,4.8695750054779186e-06,0.0
Marlon Brown,WR,DEN,2.5007700072568051,4500.0,0.99992834940654052,3.5869451610328532e-05,1.6187142942636422e-05,7.4231589898521326e-06,4.6703251933709464e-06,2.6309397174072213e-06,4.8695750054779186e-06,0.0
Durron Neal,WR,DEN,2.5007700072568051,4500.0,0.99992834940654052,3.5869451610328532e-05,1.6187142942636422e-05,7.4231589898521326e-06,4.6703251933709464e-06,2.6309397174072213e-06,4.8695750054779186e-06,0.0
Aaron Burbridge,WR,SF,2.5007653493454804,4500.0,0.99993678322229762,2.4714972469797435e-05,1.8874606819793784e-05,6.6008553096760265e-06,4.1533529458799357e-06,2.3231538313035435e-06,6.5498363258035928e-06,0.0
Deshon Foxx,WR,SEA,2.5007602715654946,4500.0,0.99992958062849335,3.6746947661711721e-05,1.3422609365519041e-05,7.6990168591459427e-06,4.8439553574602695e-06,2.7368000084172948e-06,4.970042254851994e-06,0.0
Kevin Smith,WR,SEA,2.5007602715654946,4500.0,0.99992958062849335,3.6746947661711721e-05,1.3422609365519041e-05,7.6990168591459427e-06,4.8439553574602695e-06,2.7368000084172948e-06,4.970042254851994e-06,0.0
Marcus Easley,WR,BUF,2.5007563002908322,4500.0,0.99993097945329235,3.5580231498962959e-05,1.2947080802703829e-05,7.7278681223177766e-06,4.8910708904715768e-06,2.7634286125496559e-06,5.1108667801218752e-06,0.0
Walt Powell,WR,BUF,2.5007563002908322,4500.0,0.99993097945329235,3.5580231498962959e-05,1.2947080802703829e-05,7.7278681223177766e-06,4.8910708904715768e-06,2.7634286125496559e-06,5.1108667801218752e-06,0.0
Kolby Listenbee,WR,BUF,2.5007563002908322,4500.0,0.99993097945329235,3.5580231498962959e-05,1.2947080802703829e-05,7.7278681223177766e-06,4.8910708904715768e-06,2.7634286125496559e-06,5.1108667801218752e-06,0.0
Greg Salas,WR,BUF,2.5007563002908322,4500.0,0.99993097945329235,3.5580231498962959e-05,1.2947080802703829e-05,7.7278681223177766e-06,4.8910708904715768e-06,2.7634286125496559e-06,5.1108667801218752e-06,0.0
Josh Doctson,WR,WAS,2.5006945305283939,4500.0,0.99993490096353144,3.5668641341881401e-05,1.1297661390043131e-05,6.6308733255592467e-06,4.1968480446816705e-06,2.3469673196130709e-06,4.958045046688647e-06,0.0
Rashad Ross,WR,WAS,2.5006529490919056,4500.0,0.99994288517929553,2.5625626027570857e-05,1.3027221619668193e-05,7.3381764155170264e-06,4.632123345129931e-06,2.5527666285547536e-06,3.9389066683493602e-06,0.0
Andre Holmes,WR,OAK,2.5006451932334022,4500.0,0.99992162932035333,5.5447510743403821e-05,8.5649719987733339e-06,6.4956931673720785e-06,4.0945228837882527e-06,2.5972364295954978e-06,1.1707444237270395e-06,0.0
Isaiah Burse,WR,SD,2.5005932683048404,4500.0,0.9999454576292921,2.9216996300029906e-05,9.408689618428633e-06,5.8578570025141803e-06,3.6850342865337277e-06,2.0827203180897124e-06,4.2910731826200042e-06,0.0
Cody Core,WR,CIN,2.5005716742845721,4500.0,0.99994683852588218,2.6322362006097394e-05,1.3122859278858022e-05,4.9025158545180684e-06,3.0497549774395928e-06,1.7371160853380537e-06,4.026865915491992e-06,0.0
