name,pos,team,expectation,salary,prob_0_5,prob_5_10,prob_10_15,prob_15_20,prob_20+,label
Le'Veon Bell,RB,PIT,19.60342259793471,9300.0,0.017339735258435084,0.10446137179647889,0.18117737231043718,0.2439095558966643,0.45311196473798487,4.0
David Johnson,RB,ARI,18.62118347617762,9200.0,0.021618282696721433,0.11319506273742613,0.18940828671203161,0.27558960152941159,0.40018876632440931,4.0
Jordan Howard,RB,CHI,15.790336288909533,7400.0,0.042714113640732479,0.16646530812088467,0.223809122524535,0.28887595079976003,0.27813550491408751,3.0
Spencer Ware,RB,KC,15.740127825888464,7400.0,0.041053654886069123,0.16668362847300258,0.22589701032902146,0.29228568426733487,0.27408002204457149,3.0
Tim Hightower,RB,NO,15.408289732604189,6300.0,0.051904115890763866,0.18435366388412672,0.23068115357402802,0.25760174919866191,0.27545931745241942,4.0
Mark Ingram,RB,NO,15.232432406751489,7000.0,0.056132900349632864,0.18372929107652247,0.22939242014456324,0.26390885355365529,0.26683653487562603,4.0
Jay Ajayi,RB,MIA,15.155801173262375,7500.0,0.0440650029788573,0.17072768571115651,0.24586523979067698,0.29205445345055364,0.24728761806875535,3.0
LeSean McCoy,RB,BUF,15.056470395550821,8400.0,0.069994272333992316,0.18392016662463284,0.21746209738361524,0.26442997289835185,0.26419349075940785,3.0
Latavius Murray,RB,OAK,14.95589552394183,6700.0,0.074888178915215126,0.19571771974008156,0.22318050636609313,0.2343862777795348,0.2718273171990751,4.0
Lamar Miller,RB,HOU,14.896288024713549,7300.0,0.045179561626862007,0.17874384524647818,0.2377638366569812,0.3046421215870585,0.23367063488262019,3.0
Rob Kelley,RB,WAS,14.845692664025846,6100.0,0.063709810540205095,0.19292093703079588,0.2364966421654876,0.25025110408190387,0.25662150618160756,4.0
LeGarrette Blount,RB,NE,14.807001483162498,6600.0,0.057715488050259195,0.19305966956598686,0.24298300081824764,0.25553984052435796,0.25070200104114859,3.0
Doug Martin,RB,TB,14.569640710773822,6500.0,0.05772147560560896,0.19716851803658383,0.25211572586796477,0.25232726855930881,0.24066701193053375,3.0
Carlos Hyde,RB,SF,14.506287199527748,6700.0,0.058543968787959665,0.19936243657043254,0.24858477201718185,0.25601209006779801,0.23749673255662793,3.0
Jeremy Hill,RB,CIN,14.407850642695614,5800.0,0.068685062021317342,0.20572157526374968,0.24603344553673787,0.23577161775717961,0.24378829942101582,2.0
Rashad Jennings,RB,NYG,14.18028932400431,6200.0,0.0627293861302025,0.21195351838569215,0.25438195973111449,0.24093875493034894,0.22999638082264223,2.0
Todd Gurley,RB,LARM,14.16020824410481,6800.0,0.053876971383013957,0.20234749566230659,0.25758411512998969,0.27113265944202181,0.21505875838266797,3.0
Jonathan Stewart,RB,CAR,14.018099355996346,6300.0,0.062830927975479275,0.2061634179539828,0.25853515777096958,0.25566767522972023,0.21680282106984847,2.0
James Starks,RB,GB,13.94131919587103,5800.0,0.081447711704788511,0.21867881690370303,0.24031296102877339,0.22823116810146971,0.23132934226126486,2.0
Terrance West,RB,BAL,13.583799652704071,5900.0,0.074612384325172171,0.22282156184866284,0.26092193295025623,0.23089756644294979,0.21074655443295917,2.0
Wendell Smallwood,RB,PHI,13.479493876585021,5500.0,0.099768174658791176,0.22025662847243449,0.23692239579428245,0.2254910287075681,0.21756177236692376,2.0
Chris Ivory,RB,JAC,13.277184337269674,6000.0,0.078278827596557687,0.23651961625626824,0.25914097392744456,0.22379465183163752,0.20226593038809215,2.0
Theo Riddick,RB,DET,13.207033237013274,6500.0,0.10724247343047326,0.23027849330193159,0.23723713266756705,0.21208200317355747,0.2131598974264704,2.0
Thomas Rawls,RB,SEA,13.175021105799161,6600.0,0.11141035486039849,0.22759064632502099,0.23537235907337209,0.21312435091042151,0.21250228883078709,2.0
Devonta Freeman,RB,ATL,12.648475375848101,7400.0,0.12175628201891288,0.22305747499920814,0.24700804450126954,0.22026631203985514,0.18791188644075413,2.0
Melvin Gordon,RB,SD,12.591031414846773,8000.0,0.11995983515048586,0.22352512764991561,0.25539763927108849,0.21560349260796474,0.18551390532054512,2.0
Devontae Booker,RB,DEN,11.891404773809292,6400.0,0.13088046268325598,0.23916133732747721,0.25969374814552926,0.2093435608185846,0.16092089102515295,2.0
Kenneth Dixon,RB,BAL,11.088669726782921,5100.0,0.15828442690326872,0.26473981582796446,0.24147459925352968,0.19153963415017169,0.14396152386506528,1.0
Darren Sproles,RB,PHI,10.202833109499249,5500.0,0.19429379099652627,0.27559562349054917,0.23176960572087094,0.17582428332802263,0.12251669646403091,1.0
Dion Lewis,RB,NE,9.8941386317586577,5000.0,0.2172722428423646,0.27500468232094394,0.21417910659120476,0.17641780906433838,0.11712615918114837,1.0
James White,RB,NE,9.6791301443756321,5100.0,0.23384983684430816,0.28615362384216331,0.20205676666109351,0.15628324385756526,0.12165652879486981,1.0
T.J. Yeldon,RB,JAC,9.6047037914167266,5000.0,0.2068061882952702,0.29280481374302608,0.23476754514728221,0.15882970009994243,0.10679175271447891,1.0
Chris Thompson,RB,WAS,9.5626211352224981,5200.0,0.22447385246270321,0.28613674145108725,0.22242139801684108,0.15505270978300695,0.11191529828636147,1.0
Paul Perkins,RB,NYG,9.384720827786257,4500.0,0.2235631581950375,0.28164248108833945,0.23079281676575719,0.16500194813560173,0.098999595815264158,1.0
Peyton Barber,RB,TB,9.2023049308051199,4800.0,0.2400896655863568,0.28086369512644627,0.22559854442376703,0.15343543337026846,0.10001266149316113,1.0
Tevin Coleman,RB,ATL,8.9566706958834743,5600.0,0.30502785152506329,0.24364638916444281,0.20697620994010435,0.13112251213176893,0.11322703723862063,0.0
Ty Montgomery,RB,GB,8.9060345159192984,4700.0,0.2662489468016434,0.2893796131083578,0.19610108440975832,0.14774893406192871,0.10052142161831178,1.0
C.J. Prosise,RB,SEA,8.0481688110068781,4500.0,0.37941498515784056,0.2145921801129668,0.18402026880726877,0.12690578269641267,0.09506678322551089,0.0
Denard Robinson,RB,JAC,8.0225435278910968,4500.0,0.32483782158894664,0.26358860016851798,0.19561043394043826,0.13701573086718308,0.07894741343491439,0.0
Jalen Richard,RB,OAK,7.9355074769501295,4800.0,0.33407006930323763,0.26295979365293404,0.19095586180867691,0.13222322905060585,0.079791046184545508,0.0
Charcandrick West,RB,KC,7.9278111084214702,5100.0,0.32304886913407488,0.28502214783361718,0.18455372140021897,0.12580957085637037,0.081565690775718819,0.0
Ryan Mathews,RB,PHI,7.7507096894316811,4800.0,0.36993567289103174,0.22554461611781881,0.19533460544559858,0.1317232189913963,0.077461886554154175,0.0
Jeremy Langford,RB,CHI,7.7201641077246954,4700.0,0.3466711912693799,0.27621861588774804,0.174157719566881,0.12251677046213133,0.080435702813859866,0.0
Kapri Bibbs,RB,DEN,7.718444341738488,5300.0,0.32598851045713573,0.28117518787536383,0.20385106485196314,0.11476585740541388,0.074219379410123132,0.0
DuJuan Harris,RB,SF,7.4649643865055602,4900.0,0.34564288083253436,0.28261613136875119,0.18632425797219174,0.11463357504588814,0.070783154780634336,0.0
Dwayne Washington,RB,DET,7.3612690562401184,4500.0,0.37309814748139075,0.26281865268045673,0.17205362734757593,0.12048972018910875,0.071539852301468448,0.0
Mike Gillislee,RB,BUF,7.3453253582766651,5400.0,0.40048512165572475,0.24731606073013421,0.16388408090262613,0.10533486516009584,0.082979871551419004,0.0
Kenjon Barner,RB,PHI,6.6526691044095791,4900.0,0.40493768695266164,0.27486955143024228,0.15714882355312798,0.10596151447630955,0.057082423587659442,0.0
Akeem Hunt,RB,HOU,6.6271460980020951,4500.0,0.42156458672791186,0.24911219163993567,0.16571385620978674,0.10702659811295487,0.056582767309410489,0.0
Jonathan Williams,RB,BUF,6.5121812153281198,4500.0,0.42580243619557817,0.25895881094880535,0.15591442128646929,0.10315262903670706,0.05617170253244054,0.0
Rex Burkhead,RB,CIN,6.1812664395647552,4500.0,0.43976293883156181,0.25279565241172963,0.17041792324101768,0.089157237280423379,0.047866248235267285,0.0
Andre Ellington,RB,ARI,6.110263820303544,4500.0,0.44287905714190012,0.26858581077669841,0.13866760532456332,0.10388307644484068,0.045984450311996945,0.0
Aaron Ripkowski,RB,GB,5.8261835956032426,4500.0,0.45374522569322251,0.27531973195750398,0.14057209671284684,0.088051308406584358,0.042311637229842193,0.0
Fitzgerald Toussaint,RB,PIT,5.6143681657703528,4500.0,0.50246845371320037,0.2259488343529257,0.15171529202363918,0.07540133181672827,0.044466088093506925,0.0
Damien Williams,RB,MIA,5.4055779206775121,4700.0,0.48072946630315139,0.26522127356359432,0.142394665159608,0.078322827616605459,0.033331767357040902,0.0
Benny Cunningham,RB,LARM,5.3256228093149947,4500.0,0.49406405853403784,0.2565729183466241,0.12510717318553413,0.095336871388107466,0.028918978545696129,0.0
Christine Michael,RB,GB,5.1953729346981898,4600.0,0.52171353501020357,0.24353334262404119,0.1267892260236016,0.070054430928856048,0.037909465413297434,0.0
Fozzy Whittaker,RB,CAR,5.1311101354264474,4500.0,0.51288084162129577,0.25141557042757606,0.13106743311924768,0.072573835632108147,0.03206231919977242,0.0
Shaun Draughn,RB,SF,5.1067186442847259,4500.0,0.50724115442746953,0.26213945702164504,0.12301870107278905,0.077961828688116686,0.029638858789979669,0.0
John Kuhn,RB,NO,5.0928920840778709,4500.0,0.53422463695214351,0.24319480915268507,0.11371825759503111,0.070690537572814127,0.038171758727325963,0.0
Kyle Juszczyk,RB,BAL,5.0602439859741768,4500.0,0.51617049487365452,0.25991444342330328,0.11481517030735444,0.078443144730677608,0.030656746665009938,0.0
Kenyan Drake,RB,MIA,4.9773266169591937,4500.0,0.53086426523594132,0.25048533673666623,0.11618192689314802,0.06945584899459345,0.033012622139651303,0.0
Jamize Olawale,RB,OAK,4.5234142856383635,4500.0,0.57230229194940652,0.2249063686093167,0.10655948258909501,0.075064692054268314,0.021167164797913297,0.0
Ka'Deem Carey,RB,CHI,4.4775555106904283,4500.0,0.56957264281231212,0.23236991883915792,0.11862219383571204,0.054876400003955376,0.024558844508862518,0.0
Mike James,RB,TB,4.2666762329286678,4500.0,0.60207281360498643,0.21238493853386001,0.10503837604304483,0.057521412554621489,0.022982459263487017,0.0
Mike Tolbert,RB,CAR,4.2581436616577406,4500.0,0.58352091363248537,0.23516066803174968,0.096001199383289895,0.068047276969374695,0.017269941983099581,0.0
Knile Davis,RB,KC,4.2465651010971337,4500.0,0.60013842914049909,0.21386712651569062,0.11184101723953173,0.051061463076366526,0.023091964027912207,0.0
Reggie Bush,RB,BUF,4.0541717530080961,4500.0,0.63400125167725119,0.19558165941980854,0.091306879815092459,0.056274191103636365,0.022836017984211084,0.0
Malcolm Brown,RB,LARM,3.9777756441034997,4500.0,0.62878543990719993,0.19902660107239206,0.10505883870685688,0.047373653176051793,0.019755467137499788,0.0
Jonathan Grimes,RB,HOU,3.8319875726282375,4500.0,0.64773723824809404,0.18744261516475469,0.10215631066765699,0.043629395047001723,0.019034440872492481,0.0
Alfred Blue,RB,HOU,3.6010718577041327,4700.0,0.66803579159577187,0.188288133982842,0.085077489160747713,0.041142470215498654,0.017456115045139806,0.0
Jacquizz Rodgers,RB,TB,3.6000450210799726,5100.0,0.69395818969209289,0.16328145620597087,0.082329500897696001,0.036436070316409191,0.023994782887830916,0.0
Paul Lasike,RB,CHI,3.3473369038087948,4500.0,0.69368704758267252,0.17654048687743348,0.079169734984241055,0.035922122978201382,0.014680607577450775,0.0
Terron Ward,RB,ATL,3.3014986454274498,4500.0,0.70694208883079068,0.15812340611684916,0.090574660462296605,0.0288401610874961,0.015519683502566863,0.0
Will Tukuafu,RB,SEA,3.2651173756859846,4500.0,0.70034570963997111,0.17422467686719653,0.077880826683099258,0.034108239294196006,0.013440547515536612,0.0
Jerome Felton,RB,BUF,3.1838812184973411,4500.0,0.71307948885565764,0.16858631533270885,0.071988619041317647,0.032158889369632238,0.014186687400682635,0.0
Javorius Allen,RB,BAL,3.1666813935552187,4500.0,0.72263045058345587,0.16195565833850403,0.069820947320307095,0.028781675643719241,0.016811268114012786,0.0
Taiwan Jones,RB,OAK,3.1392997644822853,4500.0,0.69561207914703249,0.18907475107557267,0.075876342314231612,0.029570287805320863,0.009866539657842021,0.0
Jay Prosch,RB,HOU,3.0833300193790039,4500.0,0.72634015066691393,0.15907522226727619,0.0705981933681855,0.03093074581565762,0.013055687881966311,0.0
Troymaine Pope,RB,SEA,3.0627574266356454,4500.0,0.72186668471667248,0.16336679892483719,0.074030603608927339,0.029221778085423838,0.011514134664138538,0.0
Alex Collins,RB,SEA,2.9809351172163172,4500.0,0.73658287072102213,0.1571647549549674,0.066644786267579456,0.02640980217654891,0.013197785879881001,0.0
DeAndre Washington,RB,OAK,2.9527812304242778,4500.0,0.73598366604560728,0.15571046044914597,0.069927090440120562,0.027492608948134295,0.010886174116990679,0.0
Ronnie Hillman,RB,SD,2.9156905829126867,4500.0,0.74341632600862728,0.15186105990223589,0.066727542386018912,0.026277241170721447,0.011717830532395628,0.0
Charles Sims,RB,TB,2.7441793183565113,4700.0,0.76192632182329789,0.13977710655786507,0.065180287586209099,0.024128262206467438,0.0089880218261595164,0.0
Kenneth Farrow,RB,SD,2.731835481218031,4500.0,0.75031874213510041,0.15716139663241158,0.063185549313087452,0.021078339652799701,0.0082559722666001017,0.0
Travaris Cadet,RB,NO,2.7099288545378171,4500.0,0.76032567164731057,0.14673913717352113,0.063505114614296365,0.020136396404412255,0.009293680160458442,0.0
Zach Zenner,RB,DET,2.6895476207480211,4500.0,0.76737596599874425,0.13981069409932259,0.062052701842074801,0.021348531730920287,0.0094121063289370529,0.0
James Develin,RB,NE,2.669117997165829,4500.0,0.75849488208811111,0.15153075995335041,0.06293468822603239,0.019171177261632973,0.0078684924708715808,0.0
Ryan Hewitt,RB,CIN,2.6536662813091372,4500.0,0.76079772060038919,0.14970215324070441,0.062034541847718526,0.019997010220503104,0.0074685740906831402,0.0
Marcus Murphy,RB,NO,2.6125698608368824,4500.0,0.77348676972599351,0.13936474397425752,0.057292557337694137,0.021756271399929326,0.0080996575621239998,0.0
Roosevelt Nix,RB,PIT,2.6000606081857973,4500.0,0.78348012533324518,0.13045831106469613,0.057067394051730919,0.018414006633201814,0.010580162917124486,0.0
Andy Janovich,RB,DEN,2.5861994674029734,4500.0,0.76860586358180571,0.14798690672561612,0.057229875229800262,0.018664021065880967,0.0075133333968956549,0.0
Joique Bell,RB,CHI,2.5486524945287559,4600.0,0.7823688787096672,0.13317002575463771,0.057516367431230453,0.018871468693353627,0.0080732594111097029,0.0
Matt Jones,RB,WAS,2.5395873900347059,4600.0,0.78346130608666842,0.13245272425432214,0.057079291241966194,0.01914205348363306,0.0078646249334089688,0.0
Brandon Bolden,RB,NE,2.5341062431072037,4500.0,0.7857172587407103,0.13132985644666972,0.056632536006466692,0.0176130748077384,0.008707273998413383,0.0
Patrick DiMarco,RB,ATL,2.5166591707998442,4500.0,0.788344756767281,0.12853688737796343,0.056563760794855283,0.018443032173518628,0.00811156288638047,0.0
Michael Burton,RB,DET,2.5117931048717179,4500.0,0.78716449818739009,0.1297041445664221,0.057124359648837525,0.018356376037108466,0.0076506215602404979,0.0
Sione Houma,RB,NO,2.5092094860668848,4500.0,0.78853102582844259,0.129287765723683,0.056485832418916256,0.017431998229189217,0.0082633777997675375,0.0
Daniel Lasco,RB,NO,2.5092094860668848,4500.0,0.78853102582844259,0.129287765723683,0.056485832418916256,0.017431998229189217,0.0082633777997675375,0.0
Anthony Sherman,RB,KC,2.5014444521207593,4500.0,0.78919339989575221,0.12852221690886995,0.056652886404953272,0.01772225333877165,0.0079092434516516655,0.0
Marcel Reece,RB,OAK,2.5008557032183893,4500.0,0.78861696683705285,0.12933227440496523,0.056659759984326534,0.017516679913091311,0.0078743188605625257,0.0
Roy Helu Jr.,RB,OAK,2.5008557032183893,4500.0,0.78861696683705285,0.12933227440496523,0.056659759984326534,0.017516679913091311,0.0078743188605625257,0.0
John Crockett,RB,GB,2.5002677741894286,4500.0,0.7888500764076255,0.1288662298041357,0.056803571107099063,0.017690189516267597,0.0077899331648706611,0.0
Don Jackson,RB,GB,2.5002677741894286,4500.0,0.7888500764076255,0.1288662298041357,0.056803571107099063,0.017690189516267597,0.0077899331648706611,0.0
Ameer Abdullah,RB,DET,2.500054912847741,4500.0,0.78865850992760256,0.12936701206766243,0.056500586549509346,0.017644084437999624,0.0078298070172246118,0.0
Justin Forsett,RB,DET,2.500054912847741,4500.0,0.78865850992760256,0.12936701206766243,0.056500586549509346,0.017644084437999624,0.0078298070172246118,0.0
Darrel Young,RB,CHI,2.5000122633443191,4500.0,0.78883244958325294,0.12912921903368374,0.056631207012343927,0.017532805510155493,0.0078743188605625257,0.0
David Cobb,RB,CHI,2.5000122633443191,4500.0,0.78883244958325294,0.12912921903368374,0.056631207012343927,0.017532805510155493,0.0078743188605625257,0.0
Jhurell Pressley,RB,ATL,2.4992114729736694,4500.0,0.78887399267380243,0.12916395669638095,0.056472033577526719,0.017660210035063805,0.0078298070172246118,0.0
Gus Johnson,RB,ATL,2.4992114729736694,4500.0,0.78887399267380243,0.12916395669638095,0.056472033577526719,0.017660210035063805,0.0078298070172246118,0.0
Cyrus Gray,RB,ATL,2.4992114729736694,4500.0,0.78887399267380243,0.12916395669638095,0.056472033577526719,0.017660210035063805,0.0078298070172246118,0.0
Stevan Ridley,RB,ATL,2.4992114729736694,4500.0,0.78887399267380243,0.12916395669638095,0.056472033577526719,0.017660210035063805,0.0078298070172246118,0.0
Bobby Rainey,RB,NYG,2.4949322848851394,4500.0,0.78891703692762161,0.12902972461948289,0.056528370316288573,0.018010874826729872,0.0075139933098756616,0.0
Stepfan Taylor,RB,ARI,2.4931694722851567,4500.0,0.79046962545787791,0.12739995287939895,0.056539799483239866,0.017827771852438189,0.007762850327043761,0.0
Kerwynn Williams,RB,ARI,2.4931694722851567,4500.0,0.79046962545787791,0.12739995287939895,0.056539799483239866,0.017827771852438189,0.007762850327043761,0.0
Chris Johnson,RB,ARI,2.4912872278598246,4500.0,0.78988775606583772,0.12836244809203964,0.056183705624153951,0.017948835429784694,0.0076172547881826315,0.0
Glenn Gronkowski,RB,NE,2.4910868110476185,4500.0,0.78947020566597115,0.12909265756068269,0.056252374949077172,0.017460885776037518,0.0077238760482299862,0.0
D.J. Foster,RB,NE,2.4910868110476185,4500.0,0.78947020566597115,0.12909265756068269,0.056252374949077172,0.017460885776037518,0.0077238760482299862,0.0
Donald Brown,RB,NE,2.4910868110476185,4500.0,0.78947020566597115,0.12909265756068269,0.056252374949077172,0.017460885776037518,0.0077238760482299862,0.0
Joey Iosefa,RB,NE,2.4910868110476185,4500.0,0.78947020566597115,0.12909265756068269,0.056252374949077172,0.017460885776037518,0.0077238760482299862,0.0
Mack Brown,RB,WAS,2.4909471588502692,4500.0,0.78992487696025404,0.1284119175333682,0.056194130823079662,0.017803390300434926,0.0076656843828617907,0.0
Keith Marshall,RB,WAS,2.4909471588502692,4500.0,0.78992487696025404,0.1284119175333682,0.056194130823079662,0.017803390300434926,0.0076656843828617907,0.0
Silas Redd Jr.,RB,WAS,2.4909471588502692,4500.0,0.78992487696025404,0.1284119175333682,0.056194130823079662,0.017803390300434926,0.0076656843828617907,0.0
Byron Marshall,RB,PHI,2.4904685402043292,4500.0,0.78998165465475478,0.12828568485775935,0.056294307931910537,0.017802346315036643,0.0076360062405374084,0.0
Lorenzo Taliaferro,RB,BAL,2.4894500389552996,4500.0,0.78881612671879897,0.12980210430000319,0.056150448635623088,0.017788047065796651,0.0074432732797768139,0.0
Corey Grant,RB,JAC,2.4893765097913785,4500.0,0.79071121383684639,0.12762608086354643,0.055360896498586741,0.018808555825309062,0.0074932529757098928,0.0
Christian Powell,RB,PIT,2.488457828859076,4500.0,0.78991295478964207,0.12857856628916456,0.056068614633743595,0.017882002155818474,0.0075578621316299242,0.0
DeAngelo Williams,RB,PIT,2.488457828859076,4500.0,0.78991295478964207,0.12857856628916456,0.056068614633743595,0.017882002155818474,0.0075578621316299242,0.0
Dreamius Smith,RB,PIT,2.488457828859076,4500.0,0.78991295478964207,0.12857856628916456,0.056068614633743595,0.017882002155818474,0.0075578621316299242,0.0
Daryl Richardson,RB,PIT,2.488457828859076,4500.0,0.78991295478964207,0.12857856628916456,0.056068614633743595,0.017882002155818474,0.0075578621316299242,0.0
Bruce Miller,RB,SF,2.4875113186813982,4500.0,0.79029007026849329,0.12818065380747745,0.056054598718976612,0.017897888264385958,0.0075767889406654076,0.0
Raheem Mostert,RB,SF,2.4875113186813982,4500.0,0.79029007026849329,0.12818065380747745,0.056054598718976612,0.017897888264385958,0.0075767889406654076,0.0
Kendall Gaskins,RB,SF,2.4875113186813982,4500.0,0.79029007026849329,0.12818065380747745,0.056054598718976612,0.017897888264385958,0.0075767889406654076,0.0
Mike Davis,RB,SF,2.4875113186813982,4500.0,0.79029007026849329,0.12818065380747745,0.056054598718976612,0.017897888264385958,0.0075767889406654076,0.0
Jonas Gray,RB,JAC,2.4868237228803838,4500.0,0.79097737610394059,0.1274334006045284,0.055541090763449236,0.018545035981540139,0.007503096546540227,0.0
Bronson Hill,RB,JAC,2.4868237228803838,4500.0,0.79097737610394059,0.1274334006045284,0.055541090763449236,0.018545035981540139,0.007503096546540227,0.0
Will Johnson,RB,NYG,2.4861248604091331,4500.0,0.79031794480808015,0.12814660273132228,0.056053922898250688,0.017994080927228973,0.007487448635116664,0.0
Shane Vereen,RB,NYG,2.4861248604091331,4500.0,0.79031794480808015,0.12814660273132228,0.056053922898250688,0.017994080927228973,0.007487448635116664,0.0
Nikita Whitlock,RB,NYG,2.4861248604091331,4500.0,0.79031794480808015,0.12814660273132228,0.056053922898250688,0.017994080927228973,0.007487448635116664,0.0
Cedric Peerman,RB,CIN,2.4850067108098854,4500.0,0.79047512828743893,0.12806307226888136,0.055813537310886764,0.018224467727638763,0.007423794405153031,0.0
Zach Laskey,RB,LARM,2.4849681336139855,4500.0,0.79057488135049725,0.12804069630693918,0.055967245921976064,0.017866532073903735,0.0075506443466825286,0.0
Tre Mason,RB,LARM,2.4849681336139855,4500.0,0.79057488135049725,0.12804069630693918,0.055967245921976064,0.017866532073903735,0.0075506443466825286,0.0
Soma Vainuku,RB,HOU,2.4849681336139855,4500.0,0.79057488135049725,0.12804069630693918,0.055967245921976064,0.017866532073903735,0.0075506443466825286,0.0
Orleans Darkwa,RB,NYG,2.4842842356400343,4500.0,0.79132287186757211,0.12720564374711932,0.055737497531373012,0.01816409572632648,0.0075698911276079351,0.0
Brandon Wegher,RB,CAR,2.482169472306555,4500.0,0.79063627999111719,0.12812812993274908,0.055871509701535621,0.017916331040104518,0.0074477493344922881,0.0
Andre Williams,RB,SD,2.482169472306555,4500.0,0.79063627999111719,0.12812812993274908,0.055871509701535621,0.017916331040104518,0.0074477493344922881,0.0
Devon Johnson,RB,CAR,2.482169472306555,4500.0,0.79063627999111719,0.12812812993274908,0.055871509701535621,0.017916331040104518,0.0074477493344922881,0.0
Dexter McCluster,RB,SD,2.482169472306555,4500.0,0.79063627999111719,0.12812812993274908,0.055871509701535621,0.017916331040104518,0.0074477493344922881,0.0
Cameron Artis-Payne,RB,CAR,2.482169472306555,4500.0,0.79063627999111719,0.12812812993274908,0.055871509701535621,0.017916331040104518,0.0074477493344922881,0.0
Isaiah Pead,RB,MIA,2.482169472306555,4500.0,0.79063627999111719,0.12812812993274908,0.055871509701535621,0.017916331040104518,0.0074477493344922881,0.0
Daniel Thomas,RB,MIA,2.482169472306555,4500.0,0.79063627999111719,0.12812812993274908,0.055871509701535621,0.017916331040104518,0.0074477493344922881,0.0
Derek Watt,RB,SD,2.4819288913796038,4500.0,0.79090716609904022,0.12781135071180491,0.055744591400589016,0.018105846396086495,0.0074310453924783856,0.0
Toben Opurum,RB,DEN,2.4810124349370448,4500.0,0.79087806189412035,0.1280159399089974,0.055816349530675817,0.017786552119664841,0.007503096546540227,0.0
Terrell Watson,RB,DEN,2.4810124349370448,4500.0,0.79087806189412035,0.1280159399089974,0.055816349530675817,0.017786552119664841,0.007503096546540227,0.0
Brandon Cottom,RB,SEA,2.4807569586970266,4500.0,0.79065464945273645,0.12824333103534555,0.055807966107235901,0.017867707276347847,0.0074263461283328655,0.0
Zac Brooks,RB,SEA,2.4807569586970266,4500.0,0.79065464945273645,0.12824333103534555,0.055807966107235901,0.017867707276347847,0.0074263461283328655,0.0
Tre Madden,RB,SEA,2.4807569586970266,4500.0,0.79065464945273645,0.12824333103534555,0.055807966107235901,0.017867707276347847,0.0074263461283328655,0.0
Malcolm Johnson,RB,SEA,2.4807569586970266,4500.0,0.79065464945273645,0.12824333103534555,0.055807966107235901,0.017867707276347847,0.0074263461283328655,0.0
Juwan Thompson,RB,DEN,2.4770187486806559,4500.0,0.79163977771656302,0.12729732775903205,0.055835003576017048,0.017752962136188946,0.0074749288121975935,0.0
Chase Reynolds,RB,LARM,2.471197543202805,4500.0,0.79246613779142294,0.12675467098728105,0.055483363297849968,0.017916694680458537,0.0073791332429866416,0.0
Tyler Ervin,RB,HOU,2.4710207657972574,4500.0,0.79282342982307297,0.12638284447643996,0.055602596948917199,0.017698447896283557,0.0074926808552853016,0.0
