name,pos,team,expectation,salary,prob_0_5,prob_5_10,prob_10_15,prob_15_20,prob_20+,label
Jordy Nelson,WR,GB,19.227558819532959,7400.0,0.048017654650728138,0.14620022854342982,0.191411454041094,0.22502000717005644,0.38935065559469173,4.0
Antonio Brown,WR,PIT,19.008226774692599,9000.0,0.041039868594054438,0.1461281730240046,0.19700893513385509,0.25021092648706672,0.36561209676101902,4.0
Mike Evans,WR,TB,18.666708436648847,8500.0,0.045970998457993462,0.15490756160282088,0.20871921967105103,0.23448661003595661,0.35591561023217755,4.0
Davante Adams,WR,GB,18.603184392413617,6800.0,0.052617472930284057,0.15577599945190868,0.20252096364167338,0.23206066004850817,0.35702490392762609,4.0
Julian Edelman,WR,NE,17.962792342571799,6600.0,0.063492742037054531,0.16136132138416259,0.21167008052401773,0.23650408888761798,0.32697176716714688,4.0
Michael Thomas,WR,NO,17.616142329519629,6900.0,0.068583203376169077,0.16861158792257608,0.2055170687016345,0.24860081176793258,0.30868732823168782,4.0
Odell Beckham Jr.,WR,NYG,17.601996705645838,9000.0,0.10605938498588341,0.15885382202914783,0.16238809849149979,0.24522939903882393,0.3274692954546452,4.0
Willie Snead,WR,NO,17.569750993050285,6500.0,0.069920225814782022,0.16898685948754269,0.20977639460454056,0.24273212423952345,0.30858439585361147,4.0
Randall Cobb,WR,GB,17.075575862981822,6300.0,0.071465268282566011,0.17566724326816036,0.21906497416698695,0.25383833902333813,0.27996417525894834,4.0
Larry Fitzgerald,WR,ARI,17.002209159845791,7000.0,0.065186366319875802,0.18371499211612957,0.22873040749571685,0.24550370500557206,0.2768645290627052,4.0
Jamison Crowder,WR,WAS,16.941904930237868,6600.0,0.070262659913156889,0.17622518078803889,0.22782755980803912,0.25390584462230065,0.27177875486846453,4.0
Brandin Cooks,WR,NO,16.695869285941725,6800.0,0.11432195194788015,0.1698706624311716,0.20606639209222094,0.21856202153410734,0.29117897199462001,4.0
Allen Robinson,WR,JAC,16.690020489327065,7000.0,0.073490689132932177,0.19161430079328376,0.22734574720824011,0.23992905724193614,0.26762020562360744,4.0
Doug Baldwin,WR,SEA,16.601221604669369,6900.0,0.071264194427785241,0.19233203786224071,0.22942848441837066,0.24772349754756978,0.25925178574403324,4.0
Kelvin Benjamin,WR,CAR,16.379797740557837,6800.0,0.072551518455073141,0.19481539296039579,0.2327720723069909,0.25345423159571079,0.24640678468182875,3.0
Mike Wallace,WR,BAL,16.315074514556112,6500.0,0.078188116539570376,0.20035119884924857,0.2291722511879313,0.24130687285670371,0.25098156056654553,4.0
Kenny Britt,WR,LARM,16.148695246789273,6900.0,0.075598106381678298,0.20653956538782375,0.24115207995617149,0.23240441658044181,0.24430583169388412,4.0
Jarvis Landry,WR,MIA,16.115716373798712,6400.0,0.081815077118127424,0.20485444861965602,0.22799018741436897,0.24282525054072443,0.24251503630712279,3.0
Pierre Garcon,WR,WAS,15.972444814511832,5500.0,0.0963209945562047,0.19382867907916232,0.23091752135119478,0.2381220745812378,0.24081073043220025,4.0
DeVante Parker,WR,MIA,15.951239892777314,6500.0,0.086866822575474983,0.20698524791034531,0.23332455160910451,0.23356598042040153,0.23925739748467342,4.0
DeAndre Hopkins,WR,HOU,15.8535708547341,6700.0,0.079164669539301818,0.20815877780242467,0.23311432960337253,0.25650619714572093,0.22305602590917961,3.0
Jordan Matthews,WR,PHI,15.840376356994145,5700.0,0.088283244378352888,0.20554089590469124,0.23401518116435738,0.2409518875495463,0.23120879100305175,3.0
Julio Jones,WR,ATL,15.832504231360698,8300.0,0.14313751797868129,0.18956569963274303,0.18725824651213382,0.21511731748212051,0.26492121839432137,4.0
Amari Cooper,WR,OAK,15.740918867827144,7800.0,0.12931809482019471,0.1885645952337284,0.20628820843924353,0.22800691873374834,0.24782218277308507,4.0
Tyreek Hill,WR,KC,15.718846681987849,5800.0,0.10449084023967774,0.20412596382310078,0.22069469025201169,0.23621311567928355,0.23447539000592638,3.0
Cameron Meredith,WR,CHI,15.243411212595687,5600.0,0.11549312978075443,0.20705831096979188,0.23074196480857723,0.23069850699705111,0.2160080874438251,2.0
Kenny Stills,WR,MIA,14.913251800682069,5600.0,0.11160777903168202,0.23012185722811787,0.23259615515580612,0.22154878184699336,0.20412542673740067,2.0
DeSean Jackson,WR,WAS,14.601156513117752,6000.0,0.13487960286042591,0.21380567811487727,0.22332655881543953,0.23766494970924842,0.19032321050000889,3.0
Demaryius Thomas,WR,DEN,14.600853514715425,7100.0,0.14807046593920292,0.22064857549687059,0.21249640434246231,0.21151429178270567,0.20727026243875868,1.0
Sterling Shepard,WR,NYG,14.582527746013021,5800.0,0.12845310640530125,0.2231799864837386,0.23497833363992238,0.22010730346067406,0.19328127001036341,2.0
Tyrell Williams,WR,SD,14.344412968709879,6600.0,0.15281195496852593,0.21784109806991989,0.22005127029689053,0.21607490663095016,0.19322077003371349,2.0
Golden Tate,WR,DET,14.211533891800046,5900.0,0.1567076310151351,0.21921298667782091,0.21793915286932883,0.2186223103855611,0.18751791905215409,1.0
Michael Crabtree,WR,OAK,14.131406632829284,6400.0,0.17100359434572757,0.20825167265123395,0.21331121698851624,0.21979084725691322,0.18764266875760918,3.0
Emmanuel Sanders,WR,DEN,14.096909804444106,6400.0,0.15489572554589667,0.23005750502478869,0.21091582201953507,0.22209095957152955,0.18203998783824982,1.0
Marqise Lee,WR,JAC,14.061179134908945,5600.0,0.137723182810252,0.23627195367561887,0.23682229680205785,0.21527393488573457,0.17390863182633651,2.0
Eli Rogers,WR,PIT,13.703883673225796,5200.0,0.1619615783797399,0.23616055699748975,0.22379348749873273,0.20897394861280094,0.16911042851123659,1.0
Chris Hogan,WR,NE,13.644103061090103,5500.0,0.20909175843144459,0.21115473428538734,0.195082268416613,0.19527618906665797,0.18939504979989696,1.0
Mohamed Sanu,WR,ATL,13.520815099143679,5700.0,0.19695819470030293,0.21971687549718807,0.20017054172614984,0.2092976294162909,0.17385675866006822,1.0
John Brown,WR,ARI,13.506506750706587,5400.0,0.17351961705400895,0.24413817601715229,0.20901451911766469,0.20566725882904877,0.16766042898212533,1.0
Malcolm Mitchell,WR,NE,13.457761359114004,5600.0,0.18930046594602479,0.22764698215179621,0.21375334679596356,0.19789881280204316,0.17140039230417237,1.0
Tyler Boyd,WR,CIN,13.182417163960729,5400.0,0.17393748976772042,0.24482490505333543,0.2312955861579177,0.19824549967706784,0.15169651934395847,1.0
Will Fuller,WR,HOU,13.09363858004453,5600.0,0.18014687559420969,0.24709669858633979,0.22172492762144524,0.20099683116374154,0.1500346670342638,1.0
Adam Humphries,WR,TB,12.831585545143508,4900.0,0.1935232892135024,0.24713064507787061,0.22253869493675665,0.1913325860671877,0.14547478470468259,1.0
J.J. Nelson,WR,ARI,12.717476491386503,5100.0,0.1990845958133558,0.25785806929106703,0.20569729396407313,0.19249503362607462,0.14486500730542967,1.0
Taylor Gabriel,WR,ATL,12.544265596374304,5700.0,0.23442165207681839,0.22982281790070588,0.19898313205264578,0.18847366062607993,0.14829873734374974,0.0
A.J. Green,WR,CIN,12.418394994327157,7400.0,0.26321095871224204,0.21790623459101349,0.18773851970684372,0.17239914143348917,0.15874514555641148,0.0
Brandon LaFell,WR,CIN,12.346655011862502,4900.0,0.20889915411069968,0.25502621759493388,0.22219334885364436,0.18257157994147749,0.13130969949924459,1.0
Marquise Goodwin,WR,BUF,12.21550353133086,5200.0,0.23523815486296315,0.23906944087868187,0.21004346671421395,0.18084992981348486,0.1347990077306559,1.0
Jeremy Kerley,WR,SF,12.152970296790588,5300.0,0.21488631967794983,0.2666438403933355,0.21221271883504123,0.1779557538882012,0.12830136720547206,1.0
Tavon Austin,WR,LARM,12.016393758506943,5000.0,0.20423232797488938,0.27133369169586652,0.22921649998383822,0.18007363274475457,0.11514384760065127,1.0
Sammy Watkins,WR,BUF,11.973766209650593,6300.0,0.27048719410447924,0.22367674334820195,0.18993912247472772,0.17849396670671561,0.13740297336587537,0.0
Anquan Boldin,WR,DET,11.964735226731666,5000.0,0.23343714821136502,0.24617462699169926,0.22317265940173703,0.17370340404897291,0.12351216134622564,1.0
Allen Hurns,WR,JAC,11.78800556741666,5000.0,0.22739984663726015,0.26827222870417611,0.21515809950190334,0.17256854103451344,0.11660128412214701,1.0
Marquess Wilson,WR,CHI,11.687309782830507,5400.0,0.25281529717639889,0.24158700643029518,0.21704582926696189,0.17010079103720394,0.11845107608914006,0.0
Dontrelle Inman,WR,SD,11.612658580391304,5200.0,0.25018185275992399,0.25102777457093095,0.21021863251836448,0.17443115774347609,0.11414058240730417,1.0
Devin Funchess,WR,CAR,11.587751853967532,4700.0,0.23388242326833814,0.26937376896195919,0.21177981592831935,0.1770739940610791,0.10788999778030392,1.0
Michael Floyd,WR,ARI,11.537342784171546,4900.0,0.23383292238935699,0.26820045843861057,0.21113367000569402,0.18423218481222012,0.10260076435411825,1.0
Eddie Royal,WR,CHI,11.526581656973089,5100.0,0.2703514356426503,0.23316198964947285,0.21518629440921941,0.1621479154863627,0.11915236481229423,0.0
Ted Ginn Jr.,WR,CAR,11.356440869698938,4900.0,0.29569868698666313,0.23393818336441399,0.18710082190422453,0.15791773833156661,0.12534456941313174,0.0
Breshad Perriman,WR,BAL,11.341609075210746,5200.0,0.25864648389984507,0.26073876391319462,0.19538316221636029,0.18078280725682683,0.10444878271377331,1.0
Justin Hunter,WR,BUF,11.200355775442766,5400.0,0.29999223072000231,0.23841533035064322,0.18747258501937025,0.15237941672229682,0.12174043718768708,0.0
Victor Cruz,WR,NYG,10.78880032262647,4900.0,0.2846551735525113,0.25592412838167305,0.20769998928966862,0.1592111762818095,0.092509532494337313,0.0
Kamar Aiken,WR,BAL,10.753576909655376,4500.0,0.27593840963298533,0.27039877234001719,0.20262725816075763,0.16225339439791134,0.088782165468328872,0.0
Dorial Green-Beckham,WR,PHI,10.732274317808201,4500.0,0.28446197663129091,0.25579392901290759,0.2138479171171864,0.15578554979920947,0.090110627439405663,0.0
Brandon Coleman,WR,NO,10.717101292146562,4500.0,0.31964226027089915,0.23708857646687501,0.18829375490719269,0.1490482295218522,0.10592717883318102,0.0
Tyler Lockett,WR,SEA,10.700418745665141,5000.0,0.28517735222802276,0.2619980812299903,0.20890665974329956,0.15251045559053672,0.091407451208150664,0.0
Chris Conley,WR,KC,10.697676024242632,4500.0,0.28529912319721734,0.25951311292312451,0.20548905424738936,0.16171956781874167,0.087979141813526951,0.0
Jermaine Kearse,WR,SEA,10.615731174324319,4600.0,0.28631722059758152,0.26807543535886197,0.19832241470676168,0.16065645650395707,0.0866284728328377,0.0
Seth Roberts,WR,OAK,10.547916225791225,4800.0,0.30336810895438232,0.24585523608201471,0.21145615230525688,0.15017882406207472,0.089141678596271326,0.0
Albert Wilson,WR,KC,10.446674635756645,4500.0,0.30544139763985406,0.2555877819019397,0.20096402903871891,0.150887306254091,0.087119485165396124,0.0
Paul Richardson,WR,SEA,9.9761217173482137,4500.0,0.3282696208331089,0.26375509739173042,0.18374942540162265,0.1477087259119173,0.076517130461620855,0.0
Deonte Thompson,WR,CHI,9.9481672873774709,4500.0,0.34684672080473183,0.24180718465736864,0.19501412512040614,0.13281112368756104,0.083520845729932749,0.0
Quinton Patton,WR,SF,9.9130077136497938,4500.0,0.32729107437711924,0.26744396783177893,0.19026069853313274,0.13915489923476732,0.075849360023202195,0.0
Torrey Smith,WR,SF,9.8972352391421943,4800.0,0.33010045377015884,0.26617037439384467,0.18879383584714482,0.13858213847935275,0.076353197509499329,0.0
Travis Benjamin,WR,SD,9.8932079990825308,5200.0,0.38465620662218947,0.22164651800149385,0.16880295950336557,0.12701182979717957,0.097882486075771435,0.0
Andre Roberts,WR,DET,9.8420237060485931,4500.0,0.35479349263660465,0.23940075421977505,0.18842043157777164,0.13738245791110731,0.080002863654741491,0.0
Braxton Miller,WR,HOU,9.7317476465002102,4500.0,0.34336036536063153,0.25713171535172935,0.18887604268154073,0.13880383709932298,0.071828039506774952,0.0
Chris Harper,WR,SF,9.6915441362530537,4500.0,0.34972373472115592,0.25435387013627098,0.18923910641008951,0.13251253749380015,0.074170751238683622,0.0
Russell Shepard,WR,TB,9.6876312738074049,4500.0,0.3552940317880145,0.24874002959115005,0.18981427318364349,0.12987059244060473,0.076281072996587207,0.0
Danny Amendola,WR,NE,9.5826589469310051,4500.0,0.38898095091858459,0.22952725687020636,0.16933707467030312,0.12740822531983845,0.084746492221067796,0.0
Robert Woods,WR,BUF,9.4660530166082655,5100.0,0.40696013752126675,0.21071210862951781,0.18056825481129116,0.11532610385561144,0.086433395182312522,0.0
James Wright,WR,CIN,9.3925196182359834,4500.0,0.37074308876570661,0.25110833633618462,0.18479133723724764,0.12226075771928831,0.071096479941573046,0.0
Cobi Hamilton,WR,PIT,9.3491497165107464,4500.0,0.37471587696167769,0.25031431180599628,0.17995849302537079,0.12518544187713784,0.069825876329817779,0.0
Jordan Taylor,WR,DEN,8.8880520509532257,4500.0,0.39648882926383955,0.25727049255305706,0.1695344406761338,0.11624530800120458,0.060460929505764878,0.0
Roger Lewis,WR,NYG,8.8225950162172424,4500.0,0.40696257414897685,0.24524007498190084,0.17303476296450324,0.11519393245714626,0.059568655447473147,0.0
Brandon Tate,WR,BUF,8.7710953492811292,4500.0,0.42631705030031952,0.22501182023563251,0.17392299329191854,0.11190139436398271,0.062846741808146908,0.0
Rod Streater,WR,SF,8.7688648033036962,4500.0,0.40331164707838263,0.25968618185619341,0.16125798053778373,0.11800889206921707,0.05773529845842313,0.0
Bennie Fowler,WR,DEN,8.6240624885838777,4500.0,0.43062639808132264,0.23259186743165963,0.17107849567535513,0.10452166981189503,0.061181568999767413,0.0
Brian Quick,WR,LARM,8.5791407145414311,4500.0,0.42569146906781252,0.23884326944485626,0.16511466161565158,0.11606909962484614,0.054281500246834161,0.0
Justin Hardy,WR,ATL,8.4759032660128959,4500.0,0.4502522643901426,0.22257690012163986,0.15672640667593332,0.11131736749539529,0.059127061316888503,0.0
Nelson Agholor,WR,PHI,8.448370323944399,4500.0,0.48532467899434817,0.19809513031205908,0.14495053992185589,0.096914089844576501,0.074715560927159974,0.0
Geronimo Allison,WR,GB,8.3126418558387343,4600.0,0.48470062549831455,0.19805670777561629,0.15731305099198314,0.091906930051723665,0.06802268568236243,0.0
Leonte Carroo,WR,MIA,8.0484668678337492,4500.0,0.46765523200790038,0.22762606611675107,0.15500636332982709,0.10054531248400882,0.049167026061512444,0.0
Alex Erickson,WR,CIN,8.0451816448355498,4500.0,0.46955961618572367,0.22035788772878717,0.16555991071668347,0.094926239889390154,0.049596345479415473,0.0
Dwayne Harris,WR,NYG,8.0351180616332343,4500.0,0.47054191264237905,0.22706443537529514,0.1536164951067234,0.098219270431163685,0.050557886444438843,0.0
Johnny Holton,WR,OAK,7.878323727740324,4500.0,0.48497827614029326,0.22323477315920803,0.14241012159931171,0.10158513234651823,0.047791696754668836,0.0
Percy Harvin,WR,BUF,7.671157288101635,4900.0,0.51893187010755637,0.19093046052627555,0.15475764344874166,0.084321772939711048,0.051058252977715456,0.0
Jeremy Maclin,WR,KC,7.3727964640707793,5800.0,0.57093507954821809,0.16275646092448023,0.13277528666245111,0.075272076876760324,0.058261095988089609,0.0
Marvin Jones Jr.,WR,DET,7.3380459391997039,5600.0,0.57365693695546416,0.16278106954622318,0.13251024003241349,0.072390802333420309,0.05866095113247817,0.0
Tanner McEvoy,WR,SEA,7.2790124097505986,5000.0,0.55848208794679988,0.1782023922376729,0.14011430329710647,0.072094083093231121,0.051107133425189216,0.0
Jeff Janis,WR,GB,7.2650607530689735,4500.0,0.54730044479391859,0.18753976750934681,0.13569666320528453,0.087187251203638502,0.04227587328781153,0.0
Steve Smith Sr.,WR,BAL,7.1698991439835957,6100.0,0.57851263293508937,0.1683428779122646,0.12635037538227642,0.073772570246850896,0.05302154352351806,0.0
Pharoh Cooper,WR,LARM,7.113879533986891,4500.0,0.5350388005074499,0.20536111671694762,0.14645421087218027,0.079118370853101277,0.034027501050321096,0.0
Bradley Marquez,WR,LARM,6.9622718442232312,4500.0,0.55239300440090122,0.20520870111608477,0.12673454361697234,0.080949619707445075,0.034714131158596666,0.0
Sammie Coates,WR,PIT,6.9489915239098377,4500.0,0.60411879668360591,0.15460814615218663,0.12095659991473662,0.06738542242871301,0.052931034820757908,0.0
Bryce Treggs,WR,PHI,6.8664151661750594,4500.0,0.56322507419174395,0.19821996971130665,0.12547506979292836,0.079130580293707162,0.033949306010313984,0.0
Freddie Martino,WR,TB,6.7246711717695433,4500.0,0.57268709749617031,0.1916262322484808,0.14100870936315638,0.05977528061117808,0.03490268028101471,0.0
Keith Mumphery,WR,HOU,6.5725335642801159,4500.0,0.58353645281363287,0.181852487067868,0.1427636119857886,0.063213585165333014,0.02863386296737792,0.0
Ryan Grant,WR,WAS,6.3528480004383132,4500.0,0.61653278196063321,0.16350701387496902,0.13155406605882697,0.056911722194240053,0.031494415911330793,0.0
Jordan Norwood,WR,DEN,6.2289201160342502,4500.0,0.6059052985654324,0.18689905338652824,0.12420778431546854,0.058385539735901555,0.024602323996669142,0.0
De'Anthony Thomas,WR,KC,6.1496594065285484,4500.0,0.63332499171423151,0.16220968720237611,0.11769068130308505,0.057967874917810462,0.028806764862496781,0.0
Corey Brown,WR,CAR,6.1073616402108737,4500.0,0.62822373120746489,0.16890881050198098,0.12304393792994879,0.053021488121213343,0.026802032239392006,0.0
Trevor Davis,WR,GB,5.9516128057820916,4500.0,0.66702945859524243,0.13980241201036503,0.11291862762137365,0.046675746339319445,0.033573755433699545,0.0
Griff Whalen,WR,SD,5.5894719108250426,4500.0,0.66232886404442259,0.16673914837599432,0.10938852065184451,0.042444350246894774,0.019099116680843783,0.0
Tavarres King,WR,NYG,5.3244693366330162,4500.0,0.68604617523456546,0.155234281994034,0.1034189464426889,0.040532634944288513,0.014767961384422931,0.0
Aldrick Robinson,WR,ATL,5.3192727120652465,4500.0,0.69923508798096468,0.13584100081187517,0.10081102182920584,0.05049175745439493,0.01362113192355956,0.0
Eric Weems,WR,ATL,5.1900353654841282,4500.0,0.71181034209160932,0.12921506012854503,0.098495129034373255,0.04833412928022561,0.012145339465246797,0.0
Arrelious Benn,WR,JAC,5.1603804758269574,4500.0,0.71238567490665927,0.13292509505318353,0.10088010595631949,0.039423757704614176,0.014385366379223026,0.0
Mike Thomas,WR,LARM,5.1425052582978861,4500.0,0.71346606529594259,0.13388170470310395,0.099526206567129127,0.038650478025526971,0.014475545408297132,0.0
Chris Moore,WR,BAL,5.138348984373728,4500.0,0.71309379350129876,0.13676483433864889,0.098886176919334018,0.035508386050608555,0.01574680919010963,0.0
Matthew Slater,WR,NE,5.1018371328541354,4500.0,0.72641587850665801,0.12654936263485239,0.095671531271838639,0.032009100133712366,0.019354127452938255,0.0
Tommylee Lewis,WR,NO,5.0970311860648119,4500.0,0.72051755867000178,0.12905867823370296,0.09554526684893952,0.041029881631629968,0.013848614615725563,0.0
Jakeem Grant,WR,MIA,5.0560323563739349,4500.0,0.71666502451433944,0.13461593155383886,0.097096043970619703,0.04061121920276043,0.011011780758441376,0.0
Demarcus Robinson,WR,KC,5.0489408961357372,4500.0,0.7234654317219521,0.12907627976026584,0.098464929117870803,0.034272574187348331,0.014720785212562749,0.0
Jake Lampman,WR,NO,5.0439148885982306,4500.0,0.72487996518252273,0.12652880013178225,0.099461536188664698,0.034752894609251593,0.014376803887778192,0.0
Jared Dangerfield,WR,NO,5.0251464192642405,4500.0,0.7221113025264303,0.13154197173521565,0.098859004699029404,0.034165265198684062,0.013322455840640282,0.0
Kyle Prater,WR,NO,5.0251464192642405,4500.0,0.7221113025264303,0.13154197173521565,0.098859004699029404,0.034165265198684062,0.013322455840640282,0.0
Vincent Brown,WR,NO,5.0251464192642405,4500.0,0.7221113025264303,0.13154197173521565,0.098859004699029404,0.034165265198684062,0.013322455840640282,0.0
Bryan Walters,WR,JAC,5.0238271815980413,4500.0,0.71912888896941118,0.13378747415449851,0.099418657800162194,0.036006695341126493,0.011658283734801121,0.0
Daniel Braverman,WR,CHI,5.0031768490075041,4500.0,0.72466408965566442,0.13024543025503144,0.097025115244283464,0.035207919035883793,0.012857445809136579,0.0
Kevin White,WR,CHI,5.0031768490075041,4500.0,0.72466408965566442,0.13024543025503144,0.097025115244283464,0.035207919035883793,0.012857445809136579,0.0
Joshua Bellamy,WR,CHI,5.0031768490075041,4500.0,0.72466408965566442,0.13024543025503144,0.097025115244283464,0.035207919035883793,0.012857445809136579,0.0
Kieran Duncan,WR,CHI,5.0031768490075041,4500.0,0.72466408965566442,0.13024543025503144,0.097025115244283464,0.035207919035883793,0.012857445809136579,0.0
Brittan Golden,WR,ARI,5.0010897103887419,4500.0,0.7206293761894268,0.135737418700347,0.098131805771220895,0.032816313811827223,0.012685085527177837,0.0
Devin Hester,WR,BAL,5.0009793484054574,4500.0,0.72833419610302363,0.12874850886969599,0.093625026117367074,0.03476406817114442,0.014528200738768777,0.0
Brenton Bersin,WR,CAR,4.9917701046847291,4500.0,0.72298560953147839,0.13095476998876524,0.10019920857456412,0.034092572671801359,0.011767839233390641,0.0
Duke Williams,WR,LARM,4.983535698705416,4500.0,0.72592906929315371,0.12956621293346923,0.098098175481656391,0.033716562704064416,0.012689979587656004,0.0
Paul McRoberts,WR,LARM,4.983535698705416,4500.0,0.72592906929315371,0.12956621293346923,0.098098175481656391,0.033716562704064416,0.012689979587656004,0.0
Nelson Spruce,WR,LARM,4.983535698705416,4500.0,0.72592906929315371,0.12956621293346923,0.098098175481656391,0.033716562704064416,0.012689979587656004,0.0
Kashif Moore,WR,KC,4.9778981863542304,4500.0,0.7258922858633956,0.1301181441024569,0.09822038799829276,0.033083913610158201,0.012685268425696223,0.0
Rashad Ross,WR,WAS,4.974688928227704,4500.0,0.72684230767053437,0.12988589086361479,0.096748296900091693,0.03372958965197221,0.012793914913786565,0.0
Jaron Brown,WR,ARI,4.9743370748315385,4500.0,0.72492356116890211,0.13131968723042731,0.098317601995183079,0.033201119633865912,0.012238029971621217,0.0
Marcus Easley,WR,BUF,4.97361555752755,4500.0,0.72676456159741454,0.12924238118851228,0.098419334926771171,0.032805364846681284,0.012768357440620342,0.0
Walt Powell,WR,BUF,4.97361555752755,4500.0,0.72676456159741454,0.12924238118851228,0.098419334926771171,0.032805364846681284,0.012768357440620342,0.0
Kolby Listenbee,WR,BUF,4.97361555752755,4500.0,0.72676456159741454,0.12924238118851228,0.098419334926771171,0.032805364846681284,0.012768357440620342,0.0
Greg Salas,WR,BUF,4.97361555752755,4500.0,0.72676456159741454,0.12924238118851228,0.098419334926771171,0.032805364846681284,0.012768357440620342,0.0
Josh Doctson,WR,WAS,4.9708826536551207,4500.0,0.72603989000698355,0.13032881144286443,0.098284684291344349,0.032851211087187665,0.012495403171619663,0.0
Shaq Evans,WR,NE,4.9624107183516148,4500.0,0.72815979238726558,0.12867373002248572,0.097846674861568422,0.032457540433215491,0.012862262295464402,0.0
DeAndre Carter,WR,NE,4.9624107183516148,4500.0,0.72815979238726558,0.12867373002248572,0.097846674861568422,0.032457540433215491,0.012862262295464402,0.0
DeAndrew White,WR,NE,4.9624107183516148,4500.0,0.72815979238726558,0.12867373002248572,0.097846674861568422,0.032457540433215491,0.012862262295464402,0.0
Aaron Dobson,WR,DET,4.9609314419643313,4500.0,0.72821546891976607,0.12852801842005449,0.098141553997072487,0.032302844267367646,0.012812114395738925,0.0
Quinshad Davis,WR,DET,4.9609314419643313,4500.0,0.72821546891976607,0.12852801842005449,0.098141553997072487,0.032302844267367646,0.012812114395738925,0.0
DeVier Posey,WR,DEN,4.9449138103583206,4500.0,0.72737207204931786,0.13023992780507651,0.09765878519355832,0.033034167342715248,0.01169504760933187,0.0
Bralon Addison,WR,DEN,4.9449138103583206,4500.0,0.72737207204931786,0.13023992780507651,0.09765878519355832,0.033034167342715248,0.01169504760933187,0.0
Marlon Brown,WR,DEN,4.9449138103583206,4500.0,0.72737207204931786,0.13023992780507651,0.09765878519355832,0.033034167342715248,0.01169504760933187,0.0
Durron Neal,WR,DEN,4.9449138103583206,4500.0,0.72737207204931786,0.13023992780507651,0.09765878519355832,0.033034167342715248,0.01169504760933187,0.0
Jared Abbrederis,WR,GB,4.9436398981484313,4500.0,0.73016225027219561,0.12792291104221734,0.097142772657597909,0.031890735952665915,0.012881330075322838,0.0
Deshon Foxx,WR,SEA,4.9431043505323089,4500.0,0.72838882130265081,0.12924518633267351,0.097617605177556493,0.032790262444191365,0.011958124742927545,0.0
Kevin Smith,WR,SEA,4.9431043505323089,4500.0,0.72838882130265081,0.12924518633267351,0.097617605177556493,0.032790262444191365,0.011958124742927545,0.0
Hunter Sharp,WR,PHI,4.9428954496952606,4500.0,0.72923529047589086,0.12876584000247915,0.097338186538350802,0.032198751819264855,0.012461931164013966,0.0
Chris Givens,WR,PHI,4.9428954496952606,4500.0,0.72923529047589086,0.12876584000247915,0.097338186538350802,0.032198751819264855,0.012461931164013966,0.0
Cayleb Jones,WR,PHI,4.9428954496952606,4500.0,0.72923529047589086,0.12876584000247915,0.097338186538350802,0.032198751819264855,0.012461931164013966,0.0
Xavier Rush,WR,PHI,4.9428954496952606,4500.0,0.72923529047589086,0.12876584000247915,0.097338186538350802,0.032198751819264855,0.012461931164013966,0.0
Levi Norwood,WR,PIT,4.9422153911897713,4500.0,0.72850085000226805,0.12894109546122312,0.098175927164935492,0.032380628838716792,0.012001498532856369,0.0
Darrius Heyward-Bey,WR,PIT,4.9422153911897713,4500.0,0.72850085000226805,0.12894109546122312,0.098175927164935492,0.032380628838716792,0.012001498532856369,0.0
Markus Wheaton,WR,PIT,4.9422153911897713,4500.0,0.72850085000226805,0.12894109546122312,0.098175927164935492,0.032380628838716792,0.012001498532856369,0.0
Canaan Severin,WR,PIT,4.9422153911897713,4500.0,0.72850085000226805,0.12894109546122312,0.098175927164935492,0.032380628838716792,0.012001498532856369,0.0
Isaiah Burse,WR,SD,4.9419480470932902,4500.0,0.72971953149459912,0.12853660434488445,0.096421972170353823,0.032904538085130927,0.012417353905031465,0.0
Aaron Burbridge,WR,SF,4.9397238043520053,4500.0,0.7262610945438539,0.13089324640471267,0.096822140779643046,0.035888847035377557,0.010134671236412646,0.0
Donteea Dye,WR,TB,4.9340390487529389,4500.0,0.72961840940307299,0.12845967771340938,0.097757012293396339,0.032029138318111813,0.012135762272009182,0.0
Josh Huff,WR,TB,4.9340390487529389,4500.0,0.72961840940307299,0.12845967771340938,0.097757012293396339,0.032029138318111813,0.012135762272009182,0.0
Vincent Jackson,WR,TB,4.9340390487529389,4500.0,0.72961840940307299,0.12845967771340938,0.097757012293396339,0.032029138318111813,0.012135762272009182,0.0
Cecil Shorts III,WR,TB,4.9340390487529389,4500.0,0.72961840940307299,0.12845967771340938,0.097757012293396339,0.032029138318111813,0.012135762272009182,0.0
Keshawn Martin,WR,SF,4.9230688593644132,4500.0,0.72784721005133646,0.1308629414357188,0.097620434586280919,0.032668726132818994,0.011000687793844574,0.0
Mose Frazier,WR,SF,4.9230688593644132,4500.0,0.72784721005133646,0.1308629414357188,0.097620434586280919,0.032668726132818994,0.011000687793844574,0.0
Kadron Boone,WR,NYG,4.9227693957164442,4500.0,0.73027822616011562,0.12869686446750864,0.096780084205160821,0.032419876861689192,0.011824948305525634,0.0
Keyarris Garrett,WR,CAR,4.9223311345007508,4500.0,0.72827143276384165,0.12983556663209575,0.098161388088282023,0.032886393898120606,0.010845218617659757,0.0
Damiere Byrd,WR,CAR,4.9223311345007508,4500.0,0.72827143276384165,0.12983556663209575,0.098161388088282023,0.032886393898120606,0.010845218617659757,0.0
Rashad Greene Sr.,WR,JAC,4.9218134268220446,4500.0,0.72889934454485783,0.12965735766486125,0.097520139834945535,0.032764928289874387,0.011158229665460649,0.0
Tony Washington,WR,JAC,4.9218134268220446,4500.0,0.72889934454485783,0.12965735766486125,0.097520139834945535,0.032764928289874387,0.011158229665460649,0.0
Cody Core,WR,CIN,4.9208648487110702,4500.0,0.72960860224297919,0.12832664002056135,0.097761144770782807,0.033338332452453011,0.010965280513223324,0.0
Rashawn Scott,WR,MIA,4.9202246248165551,4500.0,0.72875785169594665,0.12972223987200743,0.097199078204575268,0.033536015027573488,0.010784815199896861,0.0
Tyler Murphy,WR,MIA,4.9202246248165551,4500.0,0.72875785169594665,0.12972223987200743,0.097199078204575268,0.033536015027573488,0.010784815199896861,0.0
Andre Holmes,WR,OAK,4.9162624422291232,4500.0,0.73244260714478482,0.12777523610426744,0.094799656249661371,0.032610325165936135,0.012372175335350189,0.0
Jaelen Strong,WR,HOU,4.9143687242175389,4500.0,0.72993697001786839,0.1292797810440513,0.09674204884605965,0.032846693759510263,0.011194506332510271,0.0
Tevin Jones,WR,HOU,4.9143687242175389,4500.0,0.72993697001786839,0.1292797810440513,0.09674204884605965,0.032846693759510263,0.011194506332510271,0.0
Cody Latimer,WR,DEN,4.9017509491153124,4500.0,0.73144504520494324,0.12855256349309274,0.09645610999585047,0.032247656338142042,0.011298624967971386,0.0
