name,pos,team,expectation,salary,prob_0_5,prob_5_10,prob_10_15,prob_15_20,prob_20_25,prob_25_30,prob_30+
Dominique Jones,TE,MIA,17.643287959913046,0.0,0.19206966726978983,0.12768907456781328,0.11222398895662142,0.18597317208999825,0.098324921873377907,0.079248868891699256,0.20447030635070013
Erik Swoope,TE,IND,17.348634300619885,0.0,0.16325669537896378,0.14240790706107206,0.14972339118963063,0.10628421747902121,0.15474757499615063,0.16882811470438186,0.11475209919077969
Jimmy Graham,TE,SEA,17.119951238499823,6900.0,0.019492689068960178,0.09743949753952573,0.28254535571482781,0.1931370492961644,0.35705525830653351,0.048878745243179013,0.0014514048308093745
Coby Fleener,TE,NO,15.086879162207785,5600.0,0.061863053090989689,0.22326192473513973,0.29994346431778157,0.11483380390826202,0.18409984335611382,0.093773483283015796,0.022224427308697448
Hunter Henry,TE,SD,13.87196622308563,5400.0,0.11277953301922222,0.23617127259652776,0.28912782733754722,0.12348180641940212,0.1175968789043035,0.11089603248626509,0.0099466492367320386
Martellus Bennett,TE,NE,12.78597220525023,6600.0,0.18064695964836128,0.22949395085709076,0.22840863485583937,0.14838521953859646,0.16029942861083213,0.038965263172107453,0.013800543317172476
Greg Olsen,TE,CAR,11.792550547293562,8100.0,0.026909159973483296,0.44973911605844685,0.31722374485621624,0.10108533829505544,0.057180981666849706,0.045838148226265668,0.0020235109236829319
Zach Miller,TE,CHI,11.319705449561557,5800.0,0.12826781232062309,0.37799734323163892,0.25612721276726957,0.1200839773113769,0.080587236338419299,0.032665515560695725,0.0042709024699763825
Gary Barnidge,TE,CLE,10.668949044410938,5300.0,0.15936624056309362,0.38929902389114684,0.2067006034964575,0.17060115165041129,0.057633274532599608,0.01189670880959901,0.004502997056692091
Travis Kelce,TE,KC,10.347282026551433,6400.0,0.25042609226917528,0.22411501059909222,0.33953769937424155,0.10920391818099721,0.055298001523626995,0.014508714678947881,0.0069105633739188202
John Phillips,TE,NO,9.2844369801469711,4600.0,0.43202561389094862,0.2752002145875731,0.074723956134754299,0.0539916967483796,0.10012910295887537,0.030528956549918121,0.033400459129551079
Clive Walford,TE,OAK,8.633110047368044,4700.0,0.48940870616239096,0.17293996900410466,0.16631451431986616,0.080501637197769593,0.040208773535622314,0.0069057283184178128,0.043720671461828425
Julius Thomas,TE,JAC,8.6176530437955776,5700.0,0.42745006528463014,0.10040941533755748,0.36754270087912999,0.038436590815852753,0.061396196104015213,0.0025543136417425774,0.0022107179370716877
Vance McDonald,TE,SF,8.6001026265403357,4600.0,0.41189267741332392,0.16333220438072538,0.29153774309747055,0.073140443645496364,0.052704730899364234,0.0031178156433808515,0.0042743849202385468
Ryan Griffin,TE,HOU,8.4837412513296719,4500.0,0.37816976800898677,0.28700597603528299,0.1850917564510261,0.080770321193345943,0.051592670700505779,0.014683123016001429,0.0026863845948509372
Brent Celek,TE,PHI,8.3085672023601518,4500.0,0.38826334378352734,0.31137373075800961,0.15115872276089368,0.07541032728329998,0.056322568743294263,0.011374990661453581,0.0060963160095213291
C.J. Uzomah,TE,CIN,8.1701596092609066,4900.0,0.44829219041431267,0.28103076002229016,0.12203550874213287,0.046224676251457326,0.064924389186796966,0.022095020763666314,0.015397454619343691
Jason Witten,TE,DAL,7.9245447956364812,5600.0,0.51075668655774131,0.20425504071032557,0.10526692967579507,0.069563333506808683,0.096912616980031882,0.0082103073837384369,0.0050350851855591981
Austin Hooper,TE,ATL,7.8189869410714721,4500.0,0.54965614958117881,0.11894638470612488,0.18200265948586344,0.090164613044161387,0.021965523615121954,0.013153734163733867,0.024110935403815571
Luke Willson,TE,SEA,7.7143051893103518,4500.0,0.53515411096600207,0.12144666957396785,0.18599661317358854,0.093779881078238148,0.05555218607712336,0.004390499969535732,0.0036800391615444462
Justin Perillo,TE,GB,7.5223093948351512,4500.0,0.5461678831288671,0.16849719394525559,0.13832719830004403,0.057496121389926963,0.069482941821601765,0.014197428151654702,0.0058312332626500032
Garrett Celek,TE,SF,7.3107029515425319,4700.0,0.44677325909190968,0.2527957445324398,0.22362518876879184,0.0523395570640771,0.019962449794181315,0.0026991379975839494,0.0018046627510163982
Charles Clay,TE,BUF,7.0768698927659059,5300.0,0.48963237802232706,0.24257598802651856,0.16750302593961253,0.078436127245616799,0.01434685304862311,0.0024602902975802915,0.0050453374197220084
C.J. Fiedorowicz,TE,HOU,6.9738340975728423,5100.0,0.46632200305422294,0.30569519005646933,0.13687034286970143,0.058653053186485955,0.0256222311255534,0.0050392056281059732,0.0017979740794607773
Brandon Williams,TE,SEA,6.8423814153281484,4500.0,0.60495306763079237,0.11121503009730853,0.15493701154132838,0.079623004891812316,0.042789866199016272,0.0031829181627744275,0.0032991014769677054
Richard Rodgers,TE,GB,6.6863017853713496,5100.0,0.58873263342314419,0.18005088552094581,0.12033069939258201,0.0467084487817504,0.050617136591634325,0.0094580638855055812,0.0041021324044374918
Demetrius Harris,TE,KC,6.5314495895757139,4500.0,0.60314107881938028,0.14316373400612431,0.15756845451663798,0.061976089311590592,0.02126631744707112,0.0045015874613908305,0.0083827384378049423
Josh Hill,TE,NO,6.2600878389843118,4500.0,0.64713019786453185,0.17636790848424536,0.074219834957262365,0.03560214721744813,0.038624355033879912,0.010969992844588687,0.0170855635980438
Dennis Pitta,TE,BAL,6.1038355195445924,5400.0,0.55336757974487571,0.29190658527260016,0.092105796678078319,0.022157665960509058,0.02872350406343023,0.0086804884522518541,0.0030583798282545292
Marcedes Lewis,TE,JAC,6.0812736209140708,4500.0,0.67467158464612409,0.080003587480636212,0.16365145967910794,0.032566359994524507,0.040931384740678416,0.0037453027235748219,0.0044303207353539606
Jack Doyle,TE,IND,5.9026890638423755,4800.0,0.60978797450342459,0.20616655994983496,0.13337598787286148,0.019846297766439851,0.012221237449519926,0.014478128000637597,0.0041238144572815294
David Johnson,TE,PIT,5.8773566739660739,4500.0,0.63124091130443316,0.23354054091587273,0.049975497278306559,0.02967952399169221,0.039938704085494499,0.0055832898357541499,0.010041532588446695
Trey Burton,TE,PHI,5.8306569585768449,4500.0,0.6070799955234778,0.23679932742354284,0.082641722614488614,0.043297993042127135,0.022879325013740175,0.0032155310703638916,0.0040861053122596067
Darren Fells,TE,ARI,5.7773756605977118,4500.0,0.66903191680435536,0.12987194356425191,0.11036272582627185,0.066480750119042004,0.019881700262488245,0.001668384505114138,0.0027025789184764739
Virgil Green,TE,DEN,5.6036892305163866,4600.0,0.70667893027059681,0.153280542423789,0.055209845618729075,0.028465444572522935,0.03325832240949992,0.0077246376634294775,0.015382277041432966
Dwayne Allen,TE,IND,5.5130795949100992,5800.0,0.61526514204520977,0.22470129029315006,0.12811352281463417,0.016649527803982812,0.0075794928762819751,0.0057137526275294155,0.0019772715392119729
Jacob Tamme,TE,ATL,5.3382165095098468,5300.0,0.73396303925876605,0.095224572937604279,0.10297930600537886,0.042361519509539536,0.0079616920195308277,0.0041902442685379671,0.013319626000642404
Jesse James,TE,PIT,5.2464556035505892,5400.0,0.65289636714317034,0.25279333072876531,0.038943147326430311,0.022050944308558779,0.024216322422212586,0.002370599831095306,0.0067292882397674766
Lance Kendricks,TE,LARM,5.243850528747684,4500.0,0.656031472371434,0.19974508099553956,0.09957670127791575,0.036070917160950393,0.0040783577713637857,0.0025920787455455418,0.0019053916772510358
James O'Shaughnessy,TE,KC,5.2360797101877123,4500.0,0.71870248173296103,0.1141558240413377,0.10584169319045286,0.041564902958197411,0.011433810939710172,0.0020077249405661603,0.006293562196774646
Will Tye,TE,NYG,5.1124860983539424,4900.0,0.66733092680844264,0.22888390710292664,0.065525123686306086,0.017419578460959827,0.0071285096978328747,0.0048916077079462364,0.0088203465355857734
Levine Toilolo,TE,ATL,5.0377805983045381,4500.0,0.77943732738549443,0.074577464697589094,0.079427069848664544,0.038619005817909106,0.0072122177756580091,0.0035375449172146754,0.017189369557470219
Ed Dickson,TE,CAR,4.8539877407021068,4500.0,0.71660862648880708,0.16660900059000494,0.074533245742492704,0.025234401852249434,0.010467392821468077,0.0033389213730306549,0.0032084111319472248
Dion Sims,TE,MIA,4.6349707923470218,4500.0,0.76643421406603696,0.13348766067469967,0.038909682116635001,0.04386535086359393,0.010114003018300262,0.002062674198213215,0.0051264150625209117
Connor Hamlett,TE,CLE,4.5752374968888354,4500.0,0.70388123953153614,0.25037119205309616,0.01448441126371088,0.014215723074868734,0.0056234904778513679,0.0024595198212343837,0.0089644237777023895
Nick O'Leary,TE,BUF,4.3625503111932806,4500.0,0.78832842325617192,0.10644189760611081,0.068188603535685732,0.027308530432367611,0.0056691020323046057,0.00088228150532105231,0.0031811616320381064
Vernon Davis,TE,WAS,4.2900818256232229,4500.0,0.81297704970048301,0.10782050708818398,0.029481999853234058,0.013926748134681784,0.032312404812431555,0.0016175953301230022,0.0018636950808624559
Jerell Adams,TE,NYG,4.2517880625370807,4500.0,0.78492497488928425,0.16394592304882191,0.021807523398413159,0.006522384625791142,0.0071399749735432541,0.0047435566844868564,0.010915662379659553
Tyler Kroft,TE,CIN,4.2171291168100034,4500.0,0.80485020494000648,0.11939273819229997,0.042279742462405352,0.013159817457883737,0.011473267796697819,0.0022576085300967073,0.0065866206206098427
Zach Ertz,TE,PHI,4.1184665152533997,5400.0,0.76834064362928689,0.193026329436882,0.015014545621886999,0.010347188033085543,0.0049714601590212289,0.0028256250961740548,0.005474208023663398
Larry Donnell,TE,NYG,4.0236194256134956,5000.0,0.83192369982061865,0.082317753750871067,0.060830016604883144,0.013021220172527147,0.0055726589725045832,0.0011889517709381162,0.0051456989076571489
Xavier Grimble,TE,PIT,4.0162872163328824,4500.0,0.81098324847122005,0.13531973060021943,0.022964098966595913,0.013073404651385992,0.012173844251389218,0.0010419674075200017,0.0044437056516693062
Crockett Gillmore,TE,BAL,4.0067385036822554,4900.0,0.79952405252197456,0.13864289466732752,0.039865753538591016,0.0095629665651655784,0.0097149971677198636,0.001370846919582533,0.0013184886196388711
Anthony Fasano,TE,TEN,3.8519330651004244,4500.0,0.8408224049717804,0.10592266307290069,0.021546639752364639,0.014001631483854349,0.013280259821647881,0.0016845794194244111,0.0027418214780274403
Rob Gronkowski,TE,NE,3.8156093400399227,8400.0,0.83670375040631728,0.10047798542969692,0.0413469561865401,0.012332986775003675,0.0060133390289509392,0.00094315357553174765,0.0021818285979590827
Cole Wick,TE,DET,3.802872942118531,4500.0,0.86214605113677145,0.069249095985842488,0.038946816555371522,0.020276369322113286,0.0027900235034279521,0.00093535025333852881,0.005656293243134802
Geoff Swaim,TE,DAL,3.7791854444877995,4500.0,0.87470741315638278,0.062631872243786177,0.025040902252301666,0.016035128522266441,0.017441667476671988,0.0011188330601061669,0.0030241832884849553
Gavin Escobar,TE,DAL,3.7791854444877995,4500.0,0.87470741315638278,0.062631872243786177,0.025040902252301666,0.016035128522266441,0.017441667476671988,0.0011188330601061669,0.0030241832884849553
Niles Paul,TE,WAS,3.654946357003646,4500.0,0.87368967525922969,0.076896281371399394,0.019331020528364714,0.0089396420321522525,0.01904024804086666,0.00081288818615966429,0.0012902445818274938
Phillip Supernaw,TE,TEN,3.6315061277488567,4500.0,0.86714493133691184,0.087695817814039997,0.018540640367624508,0.011930163496622761,0.011140606182405642,0.0012598356230509018,0.0022880051793441616
Logan Paulsen,TE,CHI,3.577482291090885,4500.0,0.86551795471011306,0.081616114765773809,0.032762220621151132,0.014710288152866647,0.0040748230943650461,0.00043009725880417264,0.00088850139692614862
Clay Harbor,TE,DET,3.5526665817448504,4500.0,0.88714389423203077,0.05739269638003109,0.031802028202405866,0.016708067125324067,0.0019743874659819008,0.00056547369216231372,0.0044134529020639669
Khari Lee,TE,DET,3.5526665817448504,4500.0,0.88714389423203077,0.05739269638003109,0.031802028202405866,0.016708067125324067,0.0019743874659819008,0.00056547369216231372,0.0044134529020639669
Jermaine Gresham,TE,ARI,3.4531977556329587,4500.0,0.87285546608886355,0.088009592166208309,0.020209838388308494,0.016183698537656187,0.0015335270647116378,0.00021741806045747495,0.00099045969379444351
Sean McGrath,TE,SD,3.35027640497364,4500.0,0.90602098424816524,0.045094401634232104,0.03282405979931604,0.00994915823912953,0.0035898325566494972,0.00085613871894702409,0.0016654248035603478
Brandon Bostick,TE,NYJ,3.2690987421900903,4500.0,0.87667090973353445,0.10039875034961428,0.018221985759037274,0.0033108626129808279,0.00075842253580585164,9.5466647009292751e-05,0.00054360236201799253
Antonio Gates,TE,SD,3.1982557644064138,5600.0,0.90951030642773023,0.070107767980666508,0.0090158972731052625,0.0038555508483285373,0.0027158833536334408,0.0013889715750637381,0.0034056225414719789
Kellen Davis,TE,NYJ,3.1510832691319508,4500.0,0.8960307994213359,0.084138546850202112,0.015808674749314168,0.0028471358417248138,0.00064305245664550436,7.2999532832455685e-05,0.00045879114794478376
Tyler Higbee,TE,LARM,3.1399986258047305,4500.0,0.9109597081834816,0.060198906399261239,0.021662747072630585,0.0059000358850908111,0.00047521101361957765,0.00023178099452136316,0.00057161045139480344
Cory Harkey,TE,LARM,3.1399986258047305,4500.0,0.9109597081834816,0.060198906399261239,0.021662747072630585,0.0059000358850908111,0.00047521101361957765,0.00023178099452136316,0.00057161045139480344
Marqueis Gray,TE,MIA,3.1125393096034117,4500.0,0.92469584310227393,0.049771241400398854,0.010686218054507911,0.011673223866902917,0.0016130702434024786,0.00016692654959540146,0.0013934767829187592
Ifeanyi Momah,TE,ARI,3.0559212078971485,4500.0,0.91872243146271015,0.068396830902836117,0.004692323817032531,0.0050491636521614756,0.00067406944679182024,0.00030978691410931742,0.0021553938043584945
Delanie Walker,TE,TEN,2.9262330428939998,6700.0,0.93692349580802647,0.054185342448866837,0.0033036021630056304,0.0024951659011849818,0.00083483501846614379,0.00069660484428170182,0.0015609538161682804
Mychal Rivera,TE,OAK,2.8991478505952761,4500.0,0.96042215883464321,0.028897672572175511,0.0026997675086406171,0.0014102700078708745,0.00035203259425307959,0.00034947867115579854,0.0058686198112607134
