name,pos,team,expectation,salary,prob_0_5,prob_5_10,prob_10_15,prob_15_20,prob_20_25,prob_25_30,prob_30+,label
Jimmy Graham,TE,SEA,18.374298800039409,6900.0,0.017176536977916036,0.095881355438856966,0.19364979882647029,0.13418578343884721,0.50743015969147709,0.050997039158784514,0.00067932646764798529,4.0
Erik Swoope,TE,IND,17.968753103990458,0.0,0.14530543244186242,0.14945569395068289,0.14023314017962385,0.11102429618780132,0.1457841484352215,0.17044214203158736,0.13775514677322068,5.0
Dominique Jones,TE,MIA,17.434106943201005,0.0,0.1828839395015851,0.12611459209574685,0.12968848535083877,0.17595505878347328,0.10485475796533571,0.11281664222574533,0.16768652407727505,0.0
Coby Fleener,TE,NO,14.999279287098977,5600.0,0.092008094131179038,0.19564653426789583,0.27370505133612782,0.088510031833128403,0.27312406238182213,0.067845062580689841,0.0091611634691570066,2.0
Hunter Henry,TE,SD,12.304354145318856,5400.0,0.14845050130189802,0.32498802016024542,0.24473283899905846,0.099895418230081759,0.082890738642519043,0.085738810456796266,0.013303672209400947,1.0
Martellus Bennett,TE,NE,11.60424995946415,6600.0,0.22673931632735553,0.23140317660358603,0.25915471784489202,0.13527369400392156,0.092585655507810491,0.041005788382914021,0.013837651329520452,2.0
Greg Olsen,TE,CAR,11.21212296140639,8100.0,0.05896573448318173,0.51167295718906192,0.23213017884040327,0.071331252623482028,0.080587684683150515,0.042921645577547872,0.002390546603172576,1.0
Travis Kelce,TE,KC,10.652175878120955,6400.0,0.27000698532344658,0.23146472581019936,0.24938037348321654,0.11036669708666141,0.12759283400039004,0.0093241482256967573,0.0018642360703893003,0.0
Zach Miller,TE,CHI,10.150309740893778,5800.0,0.19498429542655804,0.41965208562523965,0.17051174021752019,0.11803376092348285,0.073594738471347565,0.020030546813598848,0.0031928325222527146,1.0
Gary Barnidge,TE,CLE,9.7597131589806487,5300.0,0.1846893778999435,0.4645182359042378,0.16855899648184244,0.10585886434272582,0.055377270554904288,0.016840952417224383,0.0041563023991216088,1.0
John Phillips,TE,NO,9.4651980242142386,4600.0,0.43517204284034255,0.23806510712777915,0.090978183846733146,0.057713492480182899,0.12567091002837547,0.028938467620175268,0.023461796056411594,0.0
Clive Walford,TE,OAK,9.17306365737773,4700.0,0.44245073508259569,0.15935649093161613,0.1949618506540596,0.093669319746653643,0.076110591773773772,0.011699575915135055,0.021751435896166012,0.0
Ryan Griffin,TE,HOU,8.7136220264145017,4500.0,0.36614156411975324,0.31174070501403295,0.16310985892178481,0.061829286360712152,0.072205934472119995,0.021246564513799492,0.0037260865977975389,0.0
Luke Willson,TE,SEA,8.684887545033229,4500.0,0.4804600177433504,0.12714648931173256,0.19599112195732143,0.087403603536191615,0.095553404572888481,0.0093136745534727495,0.00413168832504283,0.0
Vance McDonald,TE,SF,8.5783262304666028,4600.0,0.41507526188351074,0.18895155026674271,0.27951923811741719,0.038597103510870055,0.058635120810161465,0.0050651929032993464,0.014156532507998566,0.0
Brent Celek,TE,PHI,8.5018078090347942,4500.0,0.44753879927178508,0.24341836466078284,0.15513077817462503,0.066849685045099708,0.03951343390560793,0.013992835389634112,0.033556103552465327,0.0
Julius Thomas,TE,JAC,8.2397420080454644,5700.0,0.4496395829893845,0.13382787562598003,0.32126007520610894,0.029934835501548521,0.055534930040042847,0.0027076034893332131,0.0070950971476018698,0.0
C.J. Uzomah,TE,CIN,8.1249062627837141,4900.0,0.42168166031799009,0.30520878212689434,0.12769948082536686,0.070340727951980736,0.044426843509706833,0.015688222238701578,0.014954283029359583,0.0
Garrett Celek,TE,SF,7.9328305774278682,4700.0,0.41939450006938389,0.23909559722862495,0.2464424234802384,0.045022929412608284,0.037009361942402119,0.0088328572298588363,0.0042023306368837565,0.0
Charles Clay,TE,BUF,7.9191210920539925,5300.0,0.44841629097546892,0.22950847098113458,0.17525998528935632,0.10620096431248872,0.028037650474348939,0.0058039098471505627,0.006772728120051804,0.0
Brandon Williams,TE,SEA,7.8319874171100974,4500.0,0.54375434788633925,0.11831169126341651,0.17063535842335364,0.078705610909070148,0.077760328635019083,0.0071702537957335699,0.0036624090870678618,0.0
Jason Witten,TE,DAL,7.5212977765859312,5600.0,0.55406327367086372,0.17708687918076621,0.10828473647412003,0.064946512392319078,0.074695430818715755,0.01267909718302582,0.0082440702801893171,0.0
Marcedes Lewis,TE,JAC,7.4130054822536176,4500.0,0.56455299365913048,0.1308012830197301,0.16796008085726852,0.039552478526312732,0.091091916505852855,0.0042757054613183293,0.0017655419703869516,0.0
Austin Hooper,TE,ATL,7.393516947385355,4500.0,0.56453335498932256,0.13006136615253533,0.17995529967785159,0.074861633192561269,0.019281914667141176,0.010981958574159704,0.020324472746428509,0.0
C.J. Fiedorowicz,TE,HOU,7.1972190043504858,5100.0,0.44603973890739151,0.3298965870010514,0.12724133968053883,0.046603631481020535,0.039507314908495086,0.0082664278058937977,0.0024449602156088115,0.0
Demetrius Harris,TE,KC,6.8041610843500537,4500.0,0.59270131633686662,0.14563852402926819,0.13689916211924141,0.071301048442647896,0.045654417165228195,0.0039076018536376121,0.0038979300531100272,0.0
Justin Perillo,TE,GB,6.6471853887642283,4500.0,0.6312816707882285,0.14087183843485948,0.13067114284617837,0.033984361233080497,0.026689657822952042,0.012498266033984179,0.024003062840716759,0.0
Josh Hill,TE,NO,6.5822758321673547,4500.0,0.62428112880008313,0.1752581471076336,0.08492530498887825,0.038981111985608038,0.049400897435122021,0.013131786191078595,0.014021623491596254,0.0
David Johnson,TE,PIT,6.5382324536258185,4500.0,0.59788288577920967,0.22776955841839078,0.064754365818056089,0.03613726562951447,0.047265976601642952,0.011561442013441763,0.01462850573974415,0.0
Dennis Pitta,TE,BAL,6.3479842696729261,5400.0,0.50252496456173812,0.32845650899465861,0.11458366521816113,0.022411136950405881,0.019551716877303126,0.009690207961394413,0.0027817994363387661,0.0
Virgil Green,TE,DEN,6.142488432641759,4600.0,0.66682694016694832,0.15918007120906977,0.059320890812452731,0.045520686917218764,0.049329532871700589,0.0080310437940306883,0.011790834228579137,0.0
Trey Burton,TE,PHI,6.0785540489578924,4500.0,0.63985154265931676,0.18283637014760717,0.091557110813457257,0.043544376100023215,0.019344712912995773,0.0045866865452633071,0.018279200821336529,0.0
Darren Fells,TE,ARI,5.9593828123220742,4500.0,0.62864934863566913,0.17518953956458846,0.11349806207668386,0.047871102137157472,0.030783124198648135,0.0020748376511666115,0.0019339857360862725,0.0
Richard Rodgers,TE,GB,5.9087286648803206,5100.0,0.67271112683573675,0.14265934170439423,0.11246232087198889,0.027331621308053056,0.01871291758525007,0.0083214338348115788,0.017801237859765347,0.0
Jack Doyle,TE,IND,5.660317918168289,4800.0,0.61528881312155903,0.2354337289622655,0.10287363380258677,0.018903882944134223,0.010632787099213331,0.011997807746402264,0.0048693463238387242,0.0
Jesse James,TE,PIT,5.6363654786680613,5400.0,0.64070729388267833,0.23546381293367105,0.052053983995903136,0.027322378540561205,0.030202175276922049,0.0051345545519695269,0.0091158008182947083,0.0
Will Tye,TE,NYG,5.6291384773686026,4900.0,0.62920649930300332,0.24202829817957774,0.078363535316295196,0.017602388753803606,0.0095128154980013181,0.010098740508290379,0.013187722441028371,0.0
James O'Shaughnessy,TE,KC,5.4516737913953746,4500.0,0.7073722297448356,0.11516483927459382,0.097250028908495822,0.049516953590449324,0.025819903263830653,0.0019032710365652649,0.002972774181229629,0.0
Lance Kendricks,TE,LARM,5.4298024226553272,4500.0,0.64810619611338127,0.20470886808282024,0.091969058948166857,0.038745764937410963,0.0077009938230203504,0.0044846927808025834,0.0042844253143975884,0.0
Dwayne Allen,TE,IND,5.2548919087311745,5800.0,0.62550493522978468,0.25138126009233247,0.094315910950186377,0.014886631693365449,0.0066374416427165813,0.0050161296286181231,0.0022576907629963498,0.0
Nick O'Leary,TE,BUF,5.1677222391987376,4500.0,0.72971878743819762,0.11287489982538061,0.088719817339134754,0.047199982121395895,0.013637889293332362,0.0026250973920350635,0.0052235265905238313,0.0
Connor Hamlett,TE,CLE,5.0583810823723088,4500.0,0.72380771596833249,0.19106561329549712,0.025251367033097376,0.025752926540225513,0.0083303619917043902,0.0054136380581032957,0.020378377113039893,0.0
Jacob Tamme,TE,ATL,5.0555748269904095,5300.0,0.749311472015465,0.093888980533176028,0.10241236560726821,0.033898101308572785,0.0068881482297924257,0.0035011354544891376,0.010099796851236279,0.0
Levine Toilolo,TE,ATL,4.8898876943772729,4500.0,0.78171843880181069,0.076168412908753827,0.085428469914817617,0.033233452315758749,0.0065527972839682673,0.0031994313219158477,0.013698997452974917,0.0
Jerell Adams,TE,NYG,4.8422426763808835,4500.0,0.76396990613510229,0.15329278212210015,0.035144045027279497,0.0096477923416756761,0.0074171557337658648,0.0081189386807130979,0.022409379959363339,0.0
Dion Sims,TE,MIA,4.7644543254699476,4500.0,0.75092871945999562,0.13740845696785486,0.054504552779449739,0.036932099873902641,0.012264021338300428,0.0034220364539347724,0.0045401131265617942,0.0
Larry Donnell,TE,NYG,4.6935829969575478,5000.0,0.7511794681552596,0.12874964861684596,0.083807666864168892,0.015880061008833525,0.013386057101800528,0.0028759553549810618,0.004121142898110444,0.0
Tyler Kroft,TE,CIN,4.5576465493632732,4500.0,0.76752737221627276,0.13683451564060797,0.053364635244002742,0.022729507117749435,0.0096022170649954115,0.0021688390170700868,0.0077729136993016645,0.0
Ed Dickson,TE,CAR,4.505843219928054,4500.0,0.77255040081472104,0.12956937107271188,0.056816135158249105,0.018989129854492401,0.014688266102222186,0.0038446545735909823,0.0035420424240123075,0.0
Vernon Davis,TE,WAS,4.4362704438752703,4500.0,0.8167081702359742,0.08938710194443153,0.037447539473012527,0.015447075086707906,0.034037393167799405,0.003227713763472426,0.0037450063286021567,0.0
Xavier Grimble,TE,PIT,4.3993139476698593,4500.0,0.78797026193948549,0.13473300396128668,0.03352464249305058,0.017600190195940155,0.016331662560061709,0.0026721818450827573,0.0071680570050927216,0.0
Zach Ertz,TE,PHI,4.3962019596372661,5400.0,0.78170563163327556,0.15167374136286807,0.02315315607133097,0.022949174680946535,0.0056823423810482077,0.0045001702023717222,0.010335783668158812,0.0
Crockett Gillmore,TE,BAL,4.3856773419974946,4900.0,0.74587444991291785,0.17148927633247346,0.05992655102179948,0.011129368723287288,0.0078976081214985321,0.0020821979363876936,0.001600547951635712,0.0
Cole Wick,TE,DET,4.1677726627541443,4500.0,0.82485330808412505,0.084449518329765161,0.050663244175128366,0.027519195415211247,0.0054414892735528192,0.0016807387756340914,0.0053925059465832949,0.0
Anthony Fasano,TE,TEN,4.1453008962671722,4500.0,0.83245641777036272,0.090819508380281022,0.029112541263332101,0.023857934900838082,0.016815929398973129,0.0026111852082019095,0.0043264830780112085,0.0
Geoff Swaim,TE,DAL,3.926203498272046,4500.0,0.87082478332306235,0.055139359726395887,0.031661430344235887,0.018625854112762928,0.016054778973299828,0.0022185712490185132,0.0054752222712247276,0.0
Gavin Escobar,TE,DAL,3.926203498272046,4500.0,0.87082478332306235,0.055139359726395887,0.031661430344235887,0.018625854112762928,0.016054778973299828,0.0022185712490185132,0.0054752222712247276,0.0
Phillip Supernaw,TE,TEN,3.8935053567107722,4500.0,0.85852740561534358,0.075671969824444976,0.025391056055681111,0.02055461778824947,0.01418851053648547,0.0020018448486737008,0.0036645953311213266,0.0
Clay Harbor,TE,DET,3.863774818435235,4500.0,0.85514934330207326,0.070337048317112696,0.04227132172612897,0.022920953364919922,0.0039473760557666377,0.0010718762807605609,0.0043020809532380274,0.0
Khari Lee,TE,DET,3.863774818435235,4500.0,0.85514934330207326,0.070337048317112696,0.04227132172612897,0.022920953364919922,0.0039473760557666377,0.0010718762807605609,0.0043020809532380274,0.0
Rob Gronkowski,TE,NE,3.8559786890114363,8400.0,0.83619780662745402,0.090583895609839274,0.052747718106016118,0.012863610851240288,0.0044114904123619221,0.0012606651852182715,0.0019348132078701339,0.0
Niles Paul,TE,WAS,3.7825900731038598,4500.0,0.87447611590629593,0.063986809590520055,0.025790899186021142,0.010310085300847444,0.021088948026182518,0.0017287095232849242,0.0026184324668480701,0.0
Antonio Gates,TE,SD,3.5289318863587464,5600.0,0.88028156778373923,0.086003043822139608,0.014907247353747587,0.0065280049064668231,0.0025678545642767087,0.0020109496246584163,0.0077013319449715468,0.0
Logan Paulsen,TE,CHI,3.4785807057996316,4500.0,0.87834069026341299,0.076131134758786828,0.024386921469441509,0.015796284688099325,0.004292500061370141,0.00039249185353444085,0.0006599769053547385,0.0
Jermaine Gresham,TE,ARI,3.4671573305317334,4500.0,0.87180087758484348,0.086492507542383523,0.02555144171676197,0.012534160107838649,0.0018927323058257348,0.00038077282775543866,0.0013475079145912447,0.0
Sean McGrath,TE,SD,3.4315506092018841,4500.0,0.89359901248676599,0.056105448554733366,0.034070981775575368,0.0095201034585504218,0.0033814727225318464,0.001081912028843556,0.0022410689729994312,0.0
Tyler Higbee,TE,LARM,3.2661615627119085,4500.0,0.90002411999677812,0.064679018582954731,0.024448100403805618,0.0078028611809723911,0.001106655415432229,0.00052213385546618155,0.001417110564590589,0.0
Cory Harkey,TE,LARM,3.2661615627119085,4500.0,0.90002411999677812,0.064679018582954731,0.024448100403805618,0.0078028611809723911,0.001106655415432229,0.00052213385546618155,0.001417110564590589,0.0
Marqueis Gray,TE,MIA,3.2127586059066569,4500.0,0.91371303889908551,0.053327230439786481,0.0176407252068192,0.011224049760169023,0.0023153894170952821,0.00037189828118059699,0.0014076679958638916,0.0
Brandon Bostick,TE,NYJ,3.2105006171354735,4500.0,0.89652993401057535,0.078311555909136701,0.018337299803339591,0.0039584173313871309,0.0012317176325007157,0.00019342943185281667,0.0014376458812077617,0.0
Delanie Walker,TE,TEN,3.202354001867401,6700.0,0.90568491731713474,0.071405579491295779,0.0070403851713614291,0.011408682593853086,0.0024950890893134783,0.0013311365267483777,0.00063420981029329692,0.0
Ifeanyi Momah,TE,ARI,3.18814227125316,4500.0,0.9043791034088341,0.074379333291133637,0.0075991182209434018,0.010230239981619286,0.0015165482447822302,0.00068519863256207665,0.0012104582201252769,0.0
Mychal Rivera,TE,OAK,3.1460542180989193,4500.0,0.92823844643782816,0.048892102554584656,0.0089711558355128809,0.0067624388178342196,0.0010112590872975342,0.0011772037624303373,0.0049473935045121634,0.0
Kellen Davis,TE,NYJ,3.1048533135136269,4500.0,0.91238786459176902,0.065731116498354364,0.016036448139154027,0.0034238422743457443,0.0010454730775921958,0.00015061961962869799,0.0012246357991559107,0.0
