name,pos,team,expectation,salary,prob_0_5,prob_5_10,prob_10_15,prob_15_20,prob_20_25,prob_25_30,prob_30+,label
DeMarco Murray,RB,TEN,15.065833348508946,8800.0,0.083435806281612457,0.20939441282475904,0.24452215618060935,0.21423804750844022,0.13301013277191923,0.07341541193964965,0.041984032493010033,2.0
LeSean McCoy,RB,BUF,14.900354856488001,8200.0,0.08921792996587756,0.2201361246085404,0.24396025132876495,0.20131051890442767,0.1279100368361166,0.071387172894663189,0.046077965461609888,2.0
Ezekiel Elliott,RB,DAL,14.86724399862149,8100.0,0.088193538090359055,0.20452655158656466,0.26943923165017386,0.19824072428329276,0.13020320200165864,0.064380057693875073,0.045016694694076494,2.0
David Johnson,RB,ARI,14.077316861437199,9100.0,0.10423044791465742,0.2290967312884073,0.28115217468616543,0.18479761700919506,0.10094766433874275,0.055107391809510305,0.044667972953322109,2.0
Devonta Freeman,RB,ATL,13.805807258312958,7100.0,0.13047386664361443,0.23129812758749088,0.22944527752660471,0.21668370745594692,0.10025216333980783,0.051394386738442245,0.040452470708093519,1.0
Matt Jones,RB,WAS,13.157805309753467,6500.0,0.14230824472790563,0.23525973480477294,0.25774711412902968,0.2023924993795532,0.089353927786897075,0.038590816676905899,0.034347662494935906,2.0
Carlos Hyde,RB,SF,12.741074689397072,7300.0,0.14882985838353927,0.28318513917222715,0.21886788369210705,0.19472394112644917,0.078222059851446257,0.043252197996444176,0.032918919777787589,1.0
Jordan Howard,RB,CHI,12.725737763943815,7700.0,0.16347612341889076,0.25428721669668097,0.23887181954799383,0.18293369630107814,0.08677191006809265,0.041038035311148122,0.032621198656115291,1.0
Todd Gurley,RB,LARM,12.443701257707358,7900.0,0.14970845473624891,0.28302002780453184,0.24967811375711796,0.17684750121812115,0.067667880828291394,0.046571447671203914,0.026506573984485429,1.0
Melvin Gordon,RB,SD,12.207499030229831,7100.0,0.16597049064366018,0.27613021177965008,0.25329378615560788,0.16268072527064617,0.07627336330957088,0.040725237040496937,0.024926185800368268,1.0
LeGarrette Blount,RB,NE,11.976985338008413,7000.0,0.18872370306224626,0.26065781418278333,0.25503144230154262,0.15625588089742867,0.076025965895622646,0.039785930834272912,0.023519262826103518,1.0
Lamar Miller,RB,HOU,11.968674849294274,7900.0,0.21698097952310319,0.27571749131618312,0.18081103487488684,0.18154448950744895,0.063287574308773964,0.048112103344649035,0.033546327124955366,1.0
Le'Veon Bell,RB,PIT,11.872802579191974,9300.0,0.22111540999981832,0.26839634527611744,0.19922252023438947,0.160995527634609,0.073664511039432154,0.045241636513119923,0.031364049302514282,1.0
Isaiah Crowell,RB,CLE,11.800108376204513,6500.0,0.21327938964654439,0.27213204397773572,0.21522422062301491,0.1712811364867656,0.056891593578466584,0.031142730483734143,0.040048885203738893,1.0
C.J. Anderson,RB,DEN,11.621495830515444,7500.0,0.20453317874041002,0.28053290768633715,0.21734404528455828,0.1813292990781519,0.056568541395898238,0.032788050510405106,0.026903977304240042,1.0
Matt Forte,RB,NYJ,11.297383312933274,6800.0,0.2192548089251482,0.2916276467261778,0.21313597064067236,0.15763422765050764,0.061144001811796786,0.031815568811075334,0.025387775434622315,1.0
Frank Gore,RB,IND,11.156664121836537,6300.0,0.21083623217718037,0.31756216498586132,0.2150172095802235,0.13735143115462844,0.065414650557297491,0.02653045367555603,0.027287857869252814,1.0
Tevin Coleman,RB,ATL,10.881547186051501,5900.0,0.26230447744439439,0.26497980690908779,0.20197431233492491,0.1579529226188183,0.066103754669120079,0.022895666703554252,0.023789059320100874,1.0
Jay Ajayi,RB,MIA,10.263440097367104,5800.0,0.34052100780747074,0.23226862570786994,0.19178911937112086,0.11544493933346953,0.05948025512194817,0.02709268382845317,0.033403368829667955,0.0
Eddie Lacy,RB,GB,9.9522072677738525,7000.0,0.3009266134381528,0.28403691145671861,0.21161155168604989,0.11410456544398903,0.043199710593675091,0.021143538639942467,0.0249771087414726,0.0
Terrance West,RB,BAL,9.7990511825769886,6500.0,0.28630574344717746,0.31406074500091807,0.21701409073011296,0.099933542434114148,0.0404649667390969,0.016250073280169065,0.025970838368412009,1.0
Giovani Bernard,RB,CIN,9.6350398463779641,5700.0,0.3318001800334594,0.2684201453317806,0.2036302420790396,0.10812967366378089,0.045208619839073171,0.021445709603690185,0.021365429449176378,0.0
Jeremy Hill,RB,CIN,9.1218275799376638,6900.0,0.37995085680844631,0.28634421942334476,0.13508866128600405,0.11035075443272604,0.042535820411184151,0.020396360399767777,0.025333327238527079,0.0
James White,RB,NE,9.0112070824163695,5700.0,0.38335785947703493,0.26692295697585894,0.17503380520430029,0.088625805502263483,0.04223548137920298,0.022950058282330085,0.020874033179009432,0.0
Ryan Mathews,RB,PHI,8.8567774889807644,6500.0,0.4316145707374584,0.2214447565489768,0.18696769091523469,0.068077078953425185,0.040996919828435563,0.015391297576242149,0.035507685440227366,0.0
Fozzy Whittaker,RB,CAR,8.7425406430080983,5600.0,0.37229887236966003,0.29502221360930125,0.18078750736552862,0.081781577815034132,0.033561242889035094,0.016829742282902089,0.019718843668539605,0.0
Mark Ingram,RB,NO,8.4603105511023742,6700.0,0.45041186405704214,0.24075472792923366,0.14237816670439038,0.08194370938215069,0.04072604292967151,0.017859952977668091,0.025925536019843352,0.0
DeAndre Washington,RB,OAK,8.2160201154447563,5500.0,0.46158405818356851,0.23734107262474399,0.14331249475337207,0.084577587299280749,0.03537956716873121,0.014497999614850383,0.023307220355452955,0.0
Jalen Richard,RB,OAK,8.1390698580397878,5100.0,0.46357038882891349,0.23748701325404961,0.14358083182825626,0.088288089318132201,0.030569440490906891,0.014169514025964475,0.022334722253776796,0.0
Alfred Morris,RB,DAL,7.8868309003796746,5000.0,0.48492778695909511,0.24265733838301831,0.13340313850351188,0.075215650574387088,0.026299114977630468,0.0044474372420755656,0.033049533360281803,0.0
Chris Thompson,RB,WAS,7.8827209097613204,5200.0,0.50089157791192063,0.21360695294376733,0.12780482673534321,0.092552145836293481,0.031979218202106197,0.009213362792130423,0.023951915578438884,0.0
Spencer Ware,RB,KC,7.6027007393376476,5700.0,0.52921167382677137,0.22122369744776174,0.11549711930648179,0.058028783335150637,0.03082527128705528,0.015301786350621059,0.029911668446157828,0.0
DeAngelo Williams,RB,PIT,7.5834360041643096,5900.0,0.54097970820999697,0.18245684960455422,0.12734225258814702,0.076272432177821828,0.039737151479979881,0.016063663338748115,0.017147942600751996,0.0
Bilal Powell,RB,NYJ,7.5591662228556054,5400.0,0.50332116356006074,0.24383338930957402,0.12704887334035589,0.065590355184654087,0.021935275623161197,0.012914125900024005,0.02535681708217042,0.0
Derrick Henry,RB,TEN,7.4910133077284398,5300.0,0.5450657084700945,0.19265456962174674,0.1405790293429944,0.056597309494078332,0.021694489563391393,0.0095584408652428562,0.033850452642451914,0.0
T.J. Yeldon,RB,JAC,7.3366587598835178,6700.0,0.56484061908786076,0.17493940558925872,0.1304480110463877,0.064543604297702575,0.026127971561029355,0.013865933038666511,0.025234455379094124,0.0
Duke Johnson,RB,CLE,7.329901123050524,5100.0,0.50186187360634682,0.24951693110401016,0.14082028451539111,0.055355868785605597,0.02507466730569027,0.0063006576956525992,0.021069716987303339,0.0
Darren Sproles,RB,PHI,6.8250989353831715,5300.0,0.57638392685375717,0.19625557912781741,0.12694809304766608,0.049286734720835793,0.019936861919447497,0.010311238756605626,0.020877565573870664,0.0
Bobby Rainey,RB,NYG,6.8197968530515043,5000.0,0.52611834965204496,0.26027981673853146,0.11465667578752063,0.058612950617036523,0.023070089932791669,0.0039711810360244367,0.013290936236050698,0.0
Devontae Booker,RB,DEN,6.6965581755069827,5000.0,0.56788872874067753,0.22530632049514551,0.10973979228678878,0.052451193210845237,0.0179221552590028,0.0053421571232557972,0.02134965288428424,0.0
Zach Zenner,RB,DET,6.6340474024056579,5300.0,0.58563556663974159,0.2155501759946602,0.10567914891021181,0.041768732284224647,0.021310132098249692,0.0040075367023719053,0.026048707370540821,0.0
Mike Gillislee,RB,BUF,6.376001220219413,4900.0,0.63284894758617893,0.1842861713452672,0.089639024405694476,0.038608193087856096,0.021041265082156362,0.0044001372723148644,0.029176261220532056,0.0
Kenyan Drake,RB,MIA,6.3034860377455608,5000.0,0.63464254393294528,0.18081619626476325,0.090963089472209019,0.046606884247208366,0.01557156163631393,0.005500183899725764,0.025899540546834028,0.0
Alfred Blue,RB,HOU,6.0441432564647153,4500.0,0.65656360362974142,0.17817588823370306,0.083350094194633961,0.036987566611686819,0.013821579525916956,0.0029697893312186073,0.028131478473100061,0.0
Damien Williams,RB,MIA,5.9457671319125183,4600.0,0.64804821426256354,0.18812646583158138,0.085662700333679162,0.041470948762317175,0.010309550843482821,0.0049555130391767442,0.021426606927199533,0.0
Christine Michael,RB,GB,5.943295746137732,7400.0,0.6589620126686907,0.16379557773476719,0.11011269467697769,0.023554913490935862,0.015247596802993556,0.0074291837417215347,0.020898020883913009,0.0
Chris Ivory,RB,JAC,5.8000519509916897,5400.0,0.69530684912282081,0.14261941326467875,0.083102245951283307,0.035948597618197041,0.013049386651671078,0.0024564349826340635,0.027517072408714878,0.0
Wendell Smallwood,RB,PHI,5.2372034086200907,5300.0,0.73766855317014934,0.13261945843586284,0.065335566308503165,0.024618565225199979,0.013748162012379937,0.0091741797102368669,0.016835515137668421,0.0
Javorius Allen,RB,BAL,5.2348706414508994,5300.0,0.71877654228801846,0.16042815657683582,0.05894221674942695,0.028431548485275807,0.012324144817848548,0.0020418190330675559,0.019055572049527729,0.0
Paul Perkins,RB,NYG,5.1505408502085244,4500.0,0.71327860516002883,0.17468768926191075,0.053629126621866342,0.033655073648533901,0.004927783115975721,0.0009035467462627123,0.018918175445422028,0.0
Kenneth Dixon,RB,BAL,5.1323786077004803,5600.0,0.7270757033787224,0.15544128182910588,0.068780150382883862,0.015360724233600865,0.008463706760510642,0.0054484519975138554,0.019429981417662778,0.0
Rob Kelley,RB,WAS,5.1089214623533747,4800.0,0.74520805871710805,0.13561344467836473,0.060147841740450854,0.026826014854941412,0.0088062578979382373,0.001278263711965923,0.022120118399230993,0.0
Jamize Olawale,RB,OAK,5.0891982090213359,4500.0,0.7589781373433403,0.11550502380461253,0.070340261129769543,0.020161172464544921,0.0079708168829094126,0.0043350090810045667,0.022709579293818522,0.0
Jamaal Charles,RB,KC,5.0759339111167936,7100.0,0.74432974491177639,0.13984863920346888,0.058452284651365857,0.022142552487690651,0.009397642295541327,0.008982693236069492,0.016846443214088184,0.0
John Kuhn,RB,NO,5.0585799469317285,4500.0,0.74957927633478538,0.13954929675472547,0.053094901124851525,0.019786242186064014,0.010890605110905512,0.0087281111974933656,0.018371567291174801,0.0
Joique Bell,RB,CHI,4.9588020135671869,5600.0,0.75121070500758369,0.1337522736068972,0.062924741990936423,0.02221621014915864,0.0093020691749573677,0.0037061749871175253,0.016887825083349829,0.0
Josh Ferguson,RB,IND,4.8862773864744238,4500.0,0.73318932453642838,0.16434437437435173,0.055823221404855204,0.024590572896090138,0.0055434715952713907,0.0013264491420371433,0.015182586050966279,0.0
Tim Hightower,RB,NO,4.8132977832934589,4500.0,0.77860280593625275,0.12557062306164932,0.043469903278471778,0.020366060162244431,0.0054759930537361771,0.003465346640849036,0.023049267866796289,0.0
Kyle Juszczyk,RB,BAL,4.7966523811558686,4500.0,0.75412456255988314,0.14911855996802095,0.046652114400464802,0.02663944256127429,0.0060070781186193373,0.00034501882824701182,0.017113223563490456,0.0
Shaun Draughn,RB,SF,4.5423434339141142,4600.0,0.79152663935665901,0.12056374916492719,0.044748755749073346,0.019333892806791982,0.005216817279315146,0.00095164539927359443,0.017658500243960634,0.0
Arian Foster,RB,MIA,4.5269488921960956,6500.0,0.8091053245111095,0.10314435141869395,0.048135983028038058,0.010479673553421248,0.0043353902498214315,0.0026682818320346866,0.02213099540688095,0.0
Mike Tolbert,RB,CAR,4.5238086906767521,4700.0,0.79930005726792053,0.1178060372226702,0.038702540611976151,0.018216827702399511,0.0050890736217864743,0.0008077807544811488,0.020077682818765805,0.0
Jonathan Stewart,RB,CAR,4.4926177338987561,6300.0,0.81346099207520262,0.1034801530457727,0.043926768328937091,0.0099947331217900108,0.0033750171448588343,0.0024997311407038269,0.023262605142735319,0.0
Malcolm Brown,RB,LARM,4.4708480163697732,4500.0,0.82872576416699617,0.097369398223973669,0.025898507306709253,0.017022463954602256,0.0015852851824831552,0.0023307464874735896,0.027067834677762286,0.0
Rashad Jennings,RB,NYG,4.3623301401114505,5700.0,0.83520633952809764,0.09051521340453017,0.035593599673949629,0.0085663854862183426,0.0028332551131309593,0.0024149372018647639,0.02487026959220889,0.0
D.J. Foster,RB,NE,4.3364381606563835,4700.0,0.83774963963865856,0.088960184559432665,0.031073430639371166,0.01167482956453476,0.0049622750154927984,0.0033071108325302915,0.02227252974998065,0.0
Robert Turbin,RB,IND,4.3269854752425578,4500.0,0.81677673896851055,0.10588016590222582,0.038117794842870166,0.015699835543390207,0.0059864953858595887,0.0011782996896665357,0.016360669667477463,0.0
Andre Ellington,RB,ARI,4.2838673580560274,4500.0,0.8276064408554511,0.092948523319168447,0.041730739019210823,0.015113386523889959,0.0040385817584040898,0.0011907678379093267,0.017371560685966521,0.0
Kenjon Barner,RB,PHI,4.2761775286905213,5000.0,0.83051357888500421,0.093941026272236203,0.035802299129983388,0.015811957554414117,0.0034465336113310746,0.0031213703055799793,0.017363234241451486,0.0
Justin Forsett,RB,DET,4.180399582832143,4900.0,0.83437313518794176,0.092629154846077658,0.037669419480458231,0.012962236762365955,0.0052451932574036049,0.0020274357231125596,0.015093424742639939,0.0
Daniel Lasco,RB,NO,4.1470074903156071,4500.0,0.82884002863999273,0.10480907158750392,0.033935160093191044,0.012041869781523253,0.0025404308353184596,0.0036550535351117671,0.014178385527358929,0.0
Ka'Deem Carey,RB,CHI,4.1267603696553214,4500.0,0.85454890040463694,0.08564790140024757,0.025523086515001084,0.0086159591717022543,0.0013135187447459275,0.00048204830474337588,0.023868585458924063,0.0
Aaron Ripkowski,RB,GB,4.1003553140455242,4500.0,0.8502885313748153,0.092512886425658011,0.02344230861851461,0.0086130967396706587,0.0025552872043502449,0.0014721083536316524,0.021115781283360877,0.0
Mike Davis,RB,SF,4.0799378591411593,4500.0,0.86569057799006077,0.078763463138604217,0.019393562487912897,0.0093221037754856167,0.001160576977249252,0.00068319141408292755,0.024986524216605063,0.0
Benny Cunningham,RB,LARM,4.0542887745626546,4500.0,0.85575147040505284,0.087232497377620732,0.023545224540793028,0.0098916646887003586,0.0021555987552006844,0.00067707876379248511,0.020746465468839684,0.0
Jerome Felton,RB,BUF,4.0131975109851465,4500.0,0.85084255580318713,0.089138489880253441,0.026218034241987511,0.014140102844578383,0.0023544533008610109,0.0021763622958317352,0.015130001633301934,0.0
Reggie Bush,RB,BUF,3.9154575579766906,4900.0,0.87226782297221495,0.07359318852511941,0.021698261499303276,0.0080710341448007022,0.0061527374788080021,0.00075497483095078664,0.017461980548803668,0.0
C.J. Spiller,RB,NYJ,3.8748248492226955,5000.0,0.85772823699615386,0.087914366282868084,0.025956239035461497,0.011486259421942367,0.00289502850351776,0.0013532801530140336,0.012666589607042991,0.0
Patrick DiMarco,RB,ATL,3.862583208311281,4500.0,0.86382214214589592,0.086920398752915726,0.018976745601726012,0.013106068514257807,0.0010499082537793248,0.0004572504041785915,0.015667486327246859,0.0
Travaris Cadet,RB,NO,3.8600842256494485,5000.0,0.86452930356235613,0.072189357263087714,0.036526638316376717,0.010229377153087062,0.0040562193795126676,0.00079198390635655503,0.011677120419223629,0.0
Alex Collins,RB,SEA,3.8517332091494052,4500.0,0.86740249048217988,0.079029344077358094,0.025637395175192052,0.0096076765352816965,0.0027807375929617163,0.00061919164414523449,0.014923164492880205,0.0
Andy Janovich,RB,DEN,3.8139466531543684,4500.0,0.87409155342191636,0.076246107107555264,0.021809189006319882,0.0092906752560753206,0.0019053638367441642,0.00055990634570122805,0.016097205025687695,0.0
Dexter McCluster,RB,SD,3.8123241840014681,4500.0,0.86238834647742812,0.083799630842231798,0.028841161105872547,0.010165156171021133,0.0018933531990873716,0.00067752459429219194,0.012234827610068043,0.0
Charcandrick West,RB,KC,3.7871597239345434,4600.0,0.87261405945224579,0.071596138418532448,0.032299887319550635,0.006859761042696407,0.0024164026625417183,0.00093216281852761586,0.013281588285904764,0.0
Derek Watt,RB,SD,3.7600802687375658,4500.0,0.87497886454968565,0.080009257192672975,0.020574402881658453,0.0066774987428878385,0.0012866190029296278,0.00093187069662719712,0.015541486933539206,0.0
Kapri Bibbs,RB,DEN,3.7531293025324333,4500.0,0.87632640525318983,0.07117168655527252,0.026562481056749652,0.010269389686029759,0.0020314654181872961,0.00083702472788968387,0.012801547302681229,0.0
Ty Montgomery,RB,GB,3.6655561500300506,4500.0,0.89773694807162119,0.062795217179333604,0.014829320399321187,0.0042432397691806898,0.0015237208960720194,0.00055488654190649948,0.018316667142564851,0.0
Jonathan Williams,RB,BUF,3.6628845489534512,4500.0,0.89848519739892863,0.055892667341814854,0.019095289532413538,0.0068617673172109784,0.0036322114796785419,0.000556079687329539,0.015476787242623647,0.0
Malcolm Johnson,RB,CLE,3.6334005306347326,4500.0,0.88353455691963878,0.074088187860663013,0.020127018553803513,0.007916411106746438,0.0014259667645063973,0.00067753425650917353,0.012230324538133157,0.0
Denard Robinson,RB,JAC,3.5872356007042834,4500.0,0.91651870293731419,0.044275606562322857,0.014834424675556006,0.0036464982001321623,0.00046842365522233476,0.00065117386353628849,0.01960517010591609,0.0
Rod Smith,RB,DAL,3.5513783838584354,4500.0,0.90066834861108314,0.061435855943346718,0.016178823749709029,0.0059638790897077378,0.0010605084096633063,0.00076886323735949431,0.013923720959130522,0.0
Anthony Sherman,RB,KC,3.4709654786933108,4500.0,0.91821280239064973,0.047764508962466298,0.013589943501841941,0.0032368261137962267,0.00060219094533794915,0.00048651660575203359,0.016107211480155623,0.0
Jalston Fowler,RB,TEN,3.4634057202778701,4500.0,0.91433367355692952,0.050573365565258335,0.014176264096303234,0.0056381309646480905,0.00072961387655912427,0.00043052380962121793,0.014118428130680366,0.0
Rex Burkhead,RB,CIN,3.4396461390193771,4500.0,0.92014636756336554,0.046774076989537595,0.013596748059916845,0.0030072887075523668,0.00045571396912860967,0.0006745319486085368,0.015345272761890742,0.0
Ryan Hewitt,RB,CIN,3.4396461390193771,4500.0,0.92014636756336554,0.046774076989537595,0.013596748059916845,0.0030072887075523668,0.00045571396912860967,0.0006745319486085368,0.015345272761890742,0.0
Michael Burton,RB,DET,3.4253379104777855,4500.0,0.92100586863678591,0.043181665865335901,0.017247820681607472,0.0032108462809935399,0.00048092980653680544,0.00055975329262335021,0.014313115436117175,0.0
Taiwan Jones,RB,OAK,3.4180201711999869,4500.0,0.92009008090868927,0.047707399382633346,0.012460427799886195,0.0028506039322781906,0.0025293615732365259,0.00069820030232784977,0.013663926100949434,0.0
Antonio Andrews,RB,TEN,3.4114775519047664,4500.0,0.92140145068890678,0.045194242220810685,0.013150464506826736,0.0053266577158789293,0.00054248062525720335,0.00056675605150379642,0.013817948190816071,0.0
Stepfan Taylor,RB,ARI,3.4064737360115833,4500.0,0.91625740778125953,0.049934357094585206,0.01473594474029918,0.0056810337900588884,0.00047885835931208093,0.00066708180296270938,0.012245316431522237,0.0
Kenneth Farrow,RB,SD,3.3899979760797883,4500.0,0.92061523833661585,0.047967553215534177,0.013539351520161697,0.0031886621835499804,0.00044684622306696826,0.00065019857985576112,0.013592149941215893,0.0
Jay Prosch,RB,HOU,3.3755998878611067,4500.0,0.91631422267040963,0.051424521055305386,0.014607853229766342,0.0047820903331786905,0.00099435762433419759,0.00069610633668721797,0.011180848750319102,0.0
Jordan Todman,RB,IND,3.3705991228795606,4500.0,0.92295565974812277,0.044857075094556859,0.01472166459209912,0.0032336057125366374,0.00048101077647658656,0.00079122429447271508,0.012959759781734977,0.0
Fitzgerald Toussaint,RB,PIT,3.3677594218289846,4500.0,0.9221167889969446,0.044828357220712274,0.016095119100699572,0.0033303076469670839,0.00042896876261812528,0.00065099187737955721,0.012549466394679059,0.0
Paul Lasike,RB,CHI,3.3545798398699525,4500.0,0.92470760092904702,0.044956054110110756,0.012845866045019531,0.0031536273739866129,0.00049919418535708765,0.00075616660444262655,0.013081490752036785,0.0
James Develin,RB,NE,3.3531540571249039,4500.0,0.92148515779431828,0.049078731099247756,0.012729067830498934,0.0029184359416224897,0.00056048278339114216,0.00059073591645894389,0.012637388634462815,0.0
Roosevelt Nix,RB,PIT,3.3529420174814879,4500.0,0.92518138566853736,0.044393772808327389,0.012930298197422928,0.0031655499429875276,0.00052456302449887995,0.00065977664153558523,0.013144653716690493,0.0
Chase Reynolds,RB,LARM,3.3423738586855456,4500.0,0.92755311677995256,0.04076887124892991,0.012935503290276807,0.0050993208570404231,0.00050595557226773254,0.00058593372501958394,0.012551298526513124,0.0
George Atkinson,RB,CLE,3.338531656449836,4500.0,0.92824111336686899,0.041326003364134167,0.012625508681051931,0.0034696942129843534,0.0005556825122669932,0.00072365882120112876,0.013058339041492662,0.0
Tyler Ervin,RB,HOU,3.3038054775778551,4500.0,0.92925517682777159,0.042101749085744808,0.01200124553731596,0.0032441074760700957,0.00048273709717553781,0.00063587420347580243,0.012279109772446561,0.0
