name,pos,team,expectation,salary,prob_0_5,prob_5_10,prob_10_15,prob_15_20,prob_20_25,prob_25_30,prob_30+,label
Odell Beckham Jr.,WR,NYG,16.257492757740511,8300.0,0.13847123896555402,0.22513692618485129,0.12127681374053384,0.18418565425991118,0.14045177001301135,0.045773616256331813,0.14470398057980691,1.0
Antonio Brown,WR,PIT,14.954872144314058,9700.0,0.10906794208543991,0.22652332909244619,0.21373714523127915,0.20315429211102734,0.11552773801561082,0.061686077736664888,0.070303475727531872,1.0
Julio Jones,WR,ATL,14.426943065928018,8500.0,0.13795352019547735,0.22214574355412869,0.22510781396318222,0.1785250228848691,0.1113787148853962,0.053228257234158492,0.071660927282788611,2.0
A.J. Green,WR,CIN,14.263875958447649,8400.0,0.12916796326656263,0.23087212155089251,0.23621817920292593,0.17540891587196722,0.11707825144476623,0.045485158647293251,0.065769410015592666,2.0
Amari Cooper,WR,OAK,13.706378870180759,7100.0,0.13237504689941584,0.24170521359726588,0.25135335545165499,0.16372040038943445,0.11705161290551425,0.048111475448955034,0.045682895307759992,2.0
Larry Fitzgerald,WR,ARI,12.623273709380175,7400.0,0.16620710244395728,0.2723170928285869,0.23811904540349479,0.15057181755962876,0.094533008907212293,0.041590329092371724,0.036661603764748314,1.0
Marvin Jones,WR,DET,12.290812850760011,7700.0,0.17708991969361135,0.26880217408792378,0.25035011020636383,0.13875098820192105,0.096751469737738655,0.038838910250824095,0.029416427821617328,1.0
DeAndre Hopkins,WR,HOU,12.254363214675356,8100.0,0.15618475120876968,0.32427196412045112,0.21484292022584062,0.14472176368289683,0.086594873350723162,0.040416116174810821,0.032967611236508029,1.0
Michael Crabtree,WR,OAK,12.185542528500893,7000.0,0.17604012760127211,0.26205237934112552,0.26878564625766332,0.13974006694613059,0.088868404400668857,0.037697283361833839,0.026816092091306105,2.0
Jarvis Landry,WR,MIA,12.078344776919849,6900.0,0.19139399102220386,0.27113927384886405,0.2484500027289914,0.1329340610478307,0.083231329352598485,0.038421031649059648,0.03443031035045211,1.0
Demaryius Thomas,WR,DEN,12.007022371345069,7300.0,0.19656362967261029,0.26459884862733291,0.24577569355054255,0.14163650373610456,0.080805069451514444,0.041271471817398216,0.029348783144497431,1.0
Brandon Marshall,WR,NYJ,11.885216787515823,7500.0,0.20427279414270477,0.2834917287341201,0.22181369530243203,0.13661382472929659,0.081984865151269251,0.036471196159960181,0.035351895780217336,1.0
T.Y. Hilton,WR,IND,11.842041830067728,7900.0,0.18832691691672199,0.29637922336724121,0.22979976207939065,0.14348146236482184,0.076074211134989994,0.033940913357548758,0.031997510779285199,1.0
Alshon Jeffery,WR,CHI,11.715804810549614,7600.0,0.20901536016466873,0.28951918514132641,0.21125597580262612,0.1436044370426702,0.082537555080367711,0.030848246720237078,0.033219240048104122,1.0
Kelvin Benjamin,WR,CAR,11.616821700439644,7800.0,0.21654035284402753,0.28855236964131403,0.21713578718214785,0.12177733555576797,0.091230329348495912,0.033785195508380689,0.03097862991986583,1.0
Allen Robinson,WR,JAC,11.456268082758989,8600.0,0.24005720712600473,0.24982324863860056,0.24146014970385513,0.12138874852446173,0.090964888731701887,0.023668769523101318,0.03263698775227495,1.0
Jordy Nelson,WR,GB,11.360070239962132,8300.0,0.25291234502017751,0.26756267394891697,0.202438079471324,0.12070639633468976,0.090974671663313605,0.034387052471147275,0.031018781090431005,1.0
Julian Edelman,WR,NE,11.139371690086588,7200.0,0.26436593875378672,0.24062567847075148,0.22097920089225048,0.14110910767389676,0.079484926618472673,0.028870154049325608,0.024564993541516287,0.0
DeSean Jackson,WR,WAS,11.064425254240135,6400.0,0.24824841464780883,0.27861904005714377,0.20547692586285243,0.12941832062246866,0.088293422561881926,0.028501125773832261,0.021442750474012784,1.0
Emmanuel Sanders,WR,DEN,11.041686693010783,6800.0,0.23077904655233442,0.29845249661638068,0.21799230868269134,0.12508874998340819,0.072529831345464882,0.033339690026585121,0.02181787679313589,1.0
Brandin Cooks,WR,NO,10.817031720135498,7500.0,0.32147545573213182,0.21475411300693689,0.18464230366395099,0.14499721294623963,0.070739773219445509,0.033750351551770981,0.029640789879523861,0.0
Randall Cobb,WR,GB,10.527081080859492,7000.0,0.28184898720627433,0.27439821599786002,0.20300866814069332,0.11825606779685037,0.073307083289676306,0.028448151235201183,0.020732826333444535,0.0
Travis Benjamin,WR,SD,10.507888090559458,6000.0,0.24691734625790535,0.3120573845666294,0.20980925613168627,0.12172297703496335,0.068545524283642342,0.023738755447463088,0.017208756277709954,1.0
Pierre Garcon,WR,WAS,10.499666383145701,6000.0,0.25732225079383464,0.28649681469374144,0.23112301517351294,0.12035562146387319,0.058934850738688663,0.028736161429516096,0.017031285706833529,1.0
Anquan Boldin,WR,DET,10.371963036106038,6000.0,0.25229873879029774,0.31671354659823608,0.20756438486607703,0.11666869217447665,0.066916905911246424,0.022712443376952871,0.017125288282713435,1.0
Tyrell Williams,WR,SD,10.275320478544787,6100.0,0.2479037721248494,0.32230990322397468,0.21083423153820743,0.12082030817651077,0.062195285314769429,0.022495722614012392,0.013440777007676284,1.0
Doug Baldwin,WR,SEA,10.222669187921658,7600.0,0.31572411283407259,0.25888229830897608,0.19749646155872469,0.10666187992966664,0.068430375953085626,0.030853461096015569,0.021951410319459359,0.0
Terrelle Pryor,WR,CLE,10.18719699311238,7000.0,0.2832757665281444,0.28943188668335873,0.20383077266643934,0.11894666376663568,0.063839319507135839,0.024161762157382905,0.016513828690903544,1.0
Jordan Matthews,WR,PHI,10.184134564982855,6700.0,0.27520889308434304,0.30624848340408284,0.20108945891858052,0.10356567986034212,0.073394569934199905,0.026053169168288783,0.014439745630162646,1.0
Golden Tate,WR,DET,10.122776292170382,6400.0,0.28752584121579128,0.31320206043656962,0.17694009051896445,0.10510666501604163,0.070923977399563853,0.028334508581167473,0.017966856831901551,1.0
Michael Floyd,WR,ARI,10.122639627875808,6500.0,0.30955602925324738,0.27431455775203001,0.19568195923755308,0.10372867650617928,0.065086633327321744,0.032194699322430138,0.019437444601238401,0.0
DeVante Parker,WR,MIA,10.001819300331812,6300.0,0.30339130578539164,0.27576456575719643,0.19962871303450852,0.12234867661233059,0.063105684157392011,0.017715835648062225,0.018045219005119587,0.0
Sterling Shepard,WR,NYG,9.899268952664471,6700.0,0.3104164652189455,0.27527332163567625,0.19702554414470846,0.1165779819524396,0.06394963470072583,0.022615962874137609,0.014141089473367723,0.0
Jeremy Maclin,WR,KC,9.5744384456958347,6900.0,0.34341308788870539,0.25481860329475464,0.20499547320812606,0.10351177784755121,0.053692468583516562,0.021615265400877257,0.017953323776469767,0.0
Mohamed Sanu,WR,ATL,9.5202152098088977,5500.0,0.33194103406175957,0.27286252371959085,0.19425495604223633,0.1124775491654708,0.055181254120831531,0.021216331071831265,0.012066351818280132,0.0
Jamison Crowder,WR,WAS,9.4477366764301731,6000.0,0.32751929798242058,0.27547617491338955,0.20482402291576676,0.10403970812812242,0.061746205549202134,0.01749711357480694,0.0088974769362924044,0.0
John Brown,WR,ARI,9.4353630031553415,6600.0,0.32835948226061656,0.30299486019577776,0.1804383010161511,0.095616214164793392,0.052785340754870021,0.022351051707677535,0.017454749900113888,0.0
Phillip Dorsett,WR,IND,9.3785259571457136,6600.0,0.33592781818053186,0.29005428671336342,0.18118738975942744,0.10638278924663759,0.050231049577310574,0.021469848833315167,0.014746817689414327,0.0
Mike Wallace,WR,BAL,9.3260672443588781,6400.0,0.32855627449474395,0.29757782596187693,0.18661285576512301,0.10167028958345153,0.055453057076553042,0.018837477963701357,0.011292219154550679,0.0
Cole Beasley,WR,DAL,9.3102057474688955,5900.0,0.33234652155891914,0.27472699244623722,0.21279398409661698,0.10396557173672234,0.045781153358639991,0.020535126006027565,0.0098506507968373763,0.0
Sammie Coates,WR,PIT,9.2835726395160396,6400.0,0.33099836008727701,0.2884522809784722,0.1984892559914205,0.10522216267120901,0.047759413727747647,0.01628722034527047,0.012791306198603809,0.0
Kenny Britt,WR,LARM,9.2808990153345405,5800.0,0.32398779099648073,0.29951521820638011,0.19591218842037658,0.10546818880815574,0.046675987433566136,0.015421585344485898,0.013019040790555851,0.0
Allen Hurns,WR,JAC,9.2223116909061034,6200.0,0.35802131510452179,0.26835027204794948,0.19411859055653027,0.088710431214130372,0.056526123061712563,0.018091428645028686,0.016181839370127064,0.0
Tavon Austin,WR,LARM,9.2159866095083256,5700.0,0.34934824973752987,0.28564984342145799,0.17997249785741121,0.098800680014804576,0.050950206053806742,0.021273853627795703,0.014004669287194665,0.0
Brandon LaFell,WR,CIN,8.9967047681661896,5300.0,0.38444124012683373,0.25548989076185258,0.18588687186254918,0.090714197226771182,0.045483953748074062,0.019264058871199238,0.018719787402720164,0.0
Terrance Williams,WR,DAL,8.9787915331621022,5600.0,0.35921679689896541,0.28521300967531837,0.18178565984352407,0.1046860638411265,0.032706795917260778,0.022971518518068224,0.013420155305736923,0.0
Willie Snead,WR,NO,8.7960146906175467,7000.0,0.42899956388926053,0.21398218398403207,0.18136303227107661,0.091326351442727507,0.043862929950137006,0.01997645635959289,0.020489482103173657,0.0
Quincy Enunwa,WR,NYJ,8.6635557047128113,5900.0,0.37430005830402413,0.29589563277282072,0.1631315053429736,0.097424104104833445,0.042549794972171297,0.016974582660027202,0.0097243218431496328,0.0
Eddie Royal,WR,CHI,8.4777858375856852,6300.0,0.40214317660427124,0.27048822169132847,0.1672527557158569,0.094437332017395542,0.03918324702713856,0.01446718993514164,0.012028077008868465,0.0
Seth Roberts,WR,OAK,8.3904869842782741,5400.0,0.40475402338790556,0.27128345620676547,0.1730067865434281,0.079538687038288716,0.049113960729823408,0.012827730721173077,0.0094753553726165569,0.0
Davante Adams,WR,GB,8.376873000269164,5400.0,0.41210169818284215,0.25674995988581978,0.18333695245999274,0.08153351632563513,0.038561999691047247,0.018033993298917764,0.0096818801557453076,0.0
Robert Woods,WR,BUF,8.1696920037912477,5500.0,0.42962989271175911,0.25421423354559947,0.17383577659325264,0.078194228912528196,0.039747472957744612,0.013319689237780267,0.011058706041335497,0.0
Victor Cruz,WR,NYG,8.0721748846264134,5500.0,0.4453090619963182,0.24168052866704484,0.16682827695373675,0.08309822863398475,0.041844431938694616,0.010420724048267646,0.010818747761952845,0.0
Ted Ginn Jr.,WR,CAR,8.0471739505637707,5900.0,0.47965929010104691,0.23526724716905828,0.14079551036926774,0.055191134725413364,0.050659821377702523,0.016941095437144085,0.02148590082036762,0.0
Dontrelle Inman,WR,SD,7.82641229887306,5800.0,0.4475519956881982,0.26495886482793901,0.1617566132970204,0.067633253350072975,0.034871729809303843,0.011036893742218824,0.012190649285246741,0.0
Rishard Matthews,WR,TEN,7.7807281547103058,5400.0,0.45399249500778566,0.26351922608254297,0.15207221012519562,0.073059103056483485,0.033725335375623361,0.012801508902143084,0.010830121450225775,0.0
Nelson Agholor,WR,PHI,7.7774816864030205,5500.0,0.46131978762988046,0.2534487883168291,0.14999931676802974,0.071262552926672329,0.042425362002030682,0.014318294452032213,0.0072258979045253706,0.0
Tajae Sharpe,WR,TEN,7.7671339555546144,5100.0,0.47043303547006515,0.24265329072433819,0.14698467505527618,0.082820009473089568,0.034888311840522587,0.010429019229288874,0.011791658207419791,0.0
Jeremy Kerley,WR,SF,7.7373808435931499,5800.0,0.43549906094719065,0.28862533700540577,0.15530665816299244,0.068723102467120281,0.029730163512753611,0.013736234963087275,0.0083794429414503751,0.0
Tyler Boyd,WR,CIN,7.4345312334654672,5000.0,0.51172595700546253,0.21406398595828055,0.14549967830097599,0.069418177857100735,0.03725363086209197,0.012451238660923236,0.0095873313551652802,0.0
Tyler Lockett,WR,SEA,7.4074966631765653,5300.0,0.54294987428583075,0.19451953210616246,0.11800684165492788,0.078959206632066292,0.038302615420616748,0.010883005807962811,0.016378924092433064,0.0
Chris Hogan,WR,NE,7.3432137034376668,5600.0,0.51777287745253742,0.20804383889949069,0.1547085117854721,0.068619619370301269,0.027171908373408073,0.011537133439720768,0.012146110679070475,0.0
Marquise Goodwin,WR,BUF,7.3342873955518542,5500.0,0.51760857036702657,0.2098085827383159,0.1496164289306206,0.068516531428198316,0.0329374798290114,0.01287607912279924,0.0086363275840272338,0.0
Kenny Stills,WR,MIA,7.187908773045824,5500.0,0.48238981369536926,0.25690470451909869,0.16861362630353849,0.050674919616675508,0.025380240524336777,0.0095562954538427492,0.0064803998871387014,0.0
Brian Quick,WR,LARM,7.1305198276895609,4500.0,0.4878345956832425,0.27929427279842467,0.12916747910116202,0.068840389535214874,0.014878097323887078,0.0049749329943154803,0.015010232563752815,0.0
Andre Johnson,WR,TEN,7.0094431463327922,5300.0,0.53066742335873074,0.22521342266721345,0.13840852040820431,0.058626227015003723,0.028164597597979346,0.0077717758984236019,0.011148033054444619,0.0
Torrey Smith,WR,SF,6.9755227399523134,5300.0,0.5439707044839529,0.21786781753941795,0.12121282033964544,0.066859727562026572,0.028177591802189355,0.013934772597386057,0.0079765656753825066,0.0
Danny Amendola,WR,NE,6.9252685224342336,5100.0,0.56890600791717871,0.1921764468055818,0.11446953551421113,0.06365197591276596,0.043203458389124663,0.0094555434262344733,0.0081370320349036327,0.0
Brice Butler,WR,DAL,6.8502764128778626,5600.0,0.53767534124484984,0.23856000956875656,0.13274204166272008,0.047703672107488791,0.019526230616763198,0.0065715535362559797,0.017221151263165611,0.0
Kamar Aiken,WR,BAL,6.643991542907898,5200.0,0.56876660923513145,0.2218495863205171,0.10836686840279812,0.042483945700131046,0.042105856328991192,0.0082910986944582099,0.0081360353179719767,0.0
Michael Thomas,WR,NO,6.5823282766721709,5400.0,0.55161526764037039,0.23091891946599694,0.1272832263068536,0.051469177286331109,0.025519432951887706,0.0075105511183031839,0.0056834252302569192,0.0
Corey Brown,WR,CAR,6.5159875993915843,4500.0,0.56228980390402383,0.22825626457909329,0.12201213176114303,0.052553993856703334,0.017439010342374984,0.006612134853978319,0.010836660702682525,0.0
Devin Funchess,WR,CAR,6.4607297805652211,4800.0,0.59217486232302319,0.20183083882590425,0.10855670446272309,0.046794267742447486,0.033643442254155533,0.0081694082857492762,0.0088304761059973223,0.0
Andrew Hawkins,WR,CLE,6.4142237897520342,4600.0,0.55918494618159076,0.24256454271894526,0.11946196120319841,0.05014743879268669,0.010656253653652274,0.0057417410614152911,0.012243116388510699,0.0
Cameron Meredith,WR,CHI,6.2504649694668384,5400.0,0.5834506216255374,0.23065511953812792,0.10322658243118554,0.047892402696808722,0.017941938006856079,0.0079179551230879885,0.0089153805783966766,0.0
Dorial Green-Beckham,WR,PHI,6.0672754683940253,4800.0,0.59316355376399454,0.2337828624971863,0.097241437279443163,0.047370233097621596,0.012040371306749549,0.0077952341697754956,0.0086063078852295343,0.0
Quinton Patton,WR,SF,5.9991969379430676,4700.0,0.6044837117431221,0.22624458461483318,0.094865787360945933,0.046227778159127195,0.011689075359121967,0.0058368770803376409,0.010652185682512406,0.0
Jaelen Strong,WR,HOU,5.848835052515966,4600.0,0.62717619283783066,0.21139204601472941,0.094540379605447103,0.040059798829144816,0.0081004556662451072,0.0033595597851766201,0.015371567261426406,0.0
Jermaine Kearse,WR,SEA,5.778502849204564,4600.0,0.66739910077641251,0.16756756132925496,0.084415430536584887,0.04171227761795495,0.01949170521118801,0.006661343797368019,0.012752580731235625,0.0
Breshad Perriman,WR,BAL,5.7178657387787464,4900.0,0.63690298184119576,0.20493774741823148,0.093676071219097809,0.038990870420716313,0.010571182104335521,0.0033076915046131674,0.011613455491810015,0.0
Brandon Coleman,WR,NO,5.4691864701264219,4500.0,0.67868161963035256,0.16841421834219161,0.098753046981295639,0.028545000653379952,0.0073991632172517828,0.0037732371663873037,0.014433714009141231,0.0
Jordan Norwood,WR,DEN,5.426932652993198,4500.0,0.67262173631491573,0.18539339458971668,0.083857518379607893,0.03373692197240849,0.0079008786216472667,0.0051455046301233619,0.011344045491580858,0.0
Marqise Lee,WR,JAC,5.3475787755553608,4500.0,0.66905787154423513,0.20676356977212162,0.070861922738861577,0.029529562725835297,0.0061699313854106244,0.0045009971839346102,0.013116144649600927,0.0
Chris Conley,WR,KC,5.2984592995860869,4600.0,0.68900273137809476,0.17587676134695854,0.077828648630182518,0.034128238192070066,0.0077335927863975513,0.003637642828560174,0.011792384837737238,0.0
Eli Rogers,WR,PIT,5.1181456673214623,4900.0,0.73176094779501244,0.13810758667284811,0.078520953237841182,0.023749199486979143,0.0071432758471072317,0.0040055345166539148,0.016712502443557868,0.0
Ricardo Louis,WR,CLE,5.1166524028022531,4500.0,0.71196744150326297,0.16860329779409339,0.066360499477516932,0.029233677637130407,0.0071871628428708673,0.0017699902099103547,0.014877930535214929,0.0
Jaron Brown,WR,ARI,4.9453099496258348,4900.0,0.72796241192095223,0.15500318947312325,0.071176509018117742,0.023895998919595127,0.006664480890537167,0.0040488676400136118,0.011248542137662375,0.0
Quan Bray,WR,IND,4.9151365682112322,4500.0,0.72145894538674138,0.16901915741627715,0.063580834333986161,0.02782918937743754,0.0044840661420201787,0.0021053952502591996,0.011522412093278128,0.0
Jordan Payton,WR,CLE,4.8865828822643262,4500.0,0.85881716854396362,0.049573632613562263,0.030437847439639659,0.0082034697384269026,0.00068905813858662795,0.00020783048495113466,0.05207099304086793,0.0
Taylor Gabriel,WR,ATL,4.8501690423241701,4800.0,0.73439592433401513,0.15621987717750768,0.05993519716486298,0.030465514444232549,0.0072404607535420471,0.001829679471481742,0.0099133466543578127,0.0
Justin Hardy,WR,ATL,4.8492416115978383,4600.0,0.74620013964727883,0.14248066854388855,0.064690034223161164,0.023514242616661917,0.006778394427708963,0.0039040691666145651,0.012432451374686499,0.0
De'Anthony Thomas,WR,KC,4.842796313228348,4500.0,0.86379145702010485,0.046229891770355795,0.029566081643216093,0.0078312853616449817,0.00071383826960889007,0.00019360010162002491,0.051673845833447966,0.0
Cobi Hamilton,WR,PIT,4.8227400275389156,0.0,0.86243323362435786,0.047422802140428877,0.03063716352204721,0.008252782727676846,0.00071284001459428722,0.00018432581930387084,0.050356852151589741,0.0
Arrelious Benn,WR,JAC,4.7356177543131253,0.0,0.83047507667151321,0.074268763317864361,0.047959046850771576,0.007940483864394339,0.00091049034256827986,0.00028441487600344538,0.03816172407688382,0.0
Tyreek Hill,WR,KC,4.7283259405216214,4500.0,0.75384426394709347,0.13851460482360692,0.067515044281846195,0.022408968573981752,0.0031379022003914674,0.0016152832876735481,0.012963932885407059,0.0
Roger Lewis,WR,NYG,4.7265045560944827,4500.0,0.86489454495518547,0.047888436558506296,0.030929418882766117,0.0080773807498649083,0.00070789928935308284,0.00018345312016678598,0.047318866444156511,0.0
Andre Holmes,WR,OAK,4.70323678754096,4500.0,0.76005139825526102,0.13596727782953041,0.054939335587323605,0.028077981668886847,0.0091417013881473531,0.0018962175438425465,0.0099260877270079869,0.0
Josh Huff,WR,PHI,4.695257607516484,4500.0,0.78387522422102196,0.11512838624333084,0.055113262842175541,0.021820101040823096,0.0021828101134583173,0.0018108900036166518,0.020069325535573699,0.0
Robby Anderson,WR,NYJ,4.6866841317659009,0,0.75231536262287868,0.14613167263028284,0.063399927203913131,0.021140063809110373,0.0031051717263470974,0.0012241947107959725,0.0126836072966725,0.0
Jalin Marshall,WR,NYJ,4.6621421317965632,4700.0,0.81530267252333377,0.094620459833370821,0.044574200308525033,0.010905803321747004,0.0031067414441708651,0.00078040435371345409,0.030709718215138501,0.0
Albert Wilson,WR,KC,4.6502431850574997,4500.0,0.7857550786939379,0.11484856596033441,0.057278828580319671,0.017147922455886765,0.0040281841445353028,0.0020222140851203765,0.018919206079865077,0.0
Chester Rogers,WR,IND,4.6242441535927963,4500.0,0.76623520661039102,0.13747657541682928,0.051887735048471759,0.02624760652239351,0.003807802027743537,0.0024134839369822757,0.01193159043718783,0.0
Aldrick Robinson,WR,ATL,4.599262619623218,4500.0,0.77867336656933905,0.11487470840165485,0.062092942552637635,0.024251596805044583,0.0074130870085228244,0.0027520995598123293,0.0099421991029887188,0.0
Tommylee Lewis,WR,NO,4.5872302065787895,4500.0,0.77890656201073771,0.13091647461062345,0.053618214791094819,0.01523386487676763,0.0014273265089679815,0.0009679235699921638,0.018929633631816753,0.0
Keshawn Martin,WR,SF,4.5563901655806633,4500.0,0.86354308812919489,0.054694213758864921,0.031532541956223729,0.0080557058330692991,0.0011094218903197933,0.0013391696171949838,0.039725858815132055,0.0
Darrius Heyward-Bey,WR,PIT,4.5342297558605704,4500.0,0.78521398948436205,0.11575251687930369,0.063548207338663551,0.014178574553984989,0.0061077326827493408,0.0011753324490368119,0.014023646611899537,0.0
Paul Richardson,WR,SEA,4.5174985789475235,4500.0,0.81571896183946269,0.094309377919320578,0.046918782757179034,0.014439833542526851,0.0040770344095244363,0.0025059519118475712,0.022030057620139896,0.0
Braxton Miller,WR,HOU,4.5167097364914959,4500.0,0.80928218662771478,0.10149977794988838,0.05013930670226803,0.012488208841849039,0.0030857078734013855,0.00068345340465877545,0.022821358600219731,0.0
Malcolm Mitchell,WR,NE,4.4997759426950932,4500.0,0.78615036584156028,0.12209478642626514,0.054037070786962502,0.017072479448224154,0.0046653975159927658,0.0026414118308549102,0.013338488150140073,0.0
J.J. Nelson,WR,ARI,4.4832851073880526,4500.0,0.79687719799459367,0.10920901011916312,0.057101482210614549,0.016290944423397569,0.0024936161099740014,0.001855080131692862,0.016172669010563908,0.0
Justin Hunter,WR,BUF,4.450359588660465,4900.0,0.8220315423962089,0.090285490129914547,0.044825797130333224,0.016816603221190531,0.002388443236978875,0.0024050363499382981,0.021247087535435891,0.0
Bryan Walters,WR,JAC,4.433183196188879,4500.0,0.86551152139560661,0.053228750707664661,0.036696899965324388,0.0079257537479185732,0.00067175058868529077,0.000149852243487187,0.035815471351312314,0.0
Kendall Wright,WR,TEN,4.3067802024609758,4500.0,0.82204696503437025,0.091930654564186962,0.048087324902582537,0.017355659234009835,0.0041885957885737009,0.0014072185528508404,0.014983581923425372,0.0
Tanner McEvoy,WR,SEA,4.2579106512894587,5000.0,0.84799597879187427,0.075810138201507934,0.037899689748222422,0.012284291353210713,0.0018492356717354145,0.00088102313603080184,0.023279643097417198,0.0
Keith Mumphery,WR,HOU,4.2432989726521537,4500.0,0.88201901585385367,0.049292428994040988,0.025736030475753197,0.008360176562736887,0.00071350297678045803,0.00016782026657704961,0.033711024870256359,0.0
Bradley Marquez,WR,LARM,4.2157734442116395,4500.0,0.83049922075082039,0.0962806292798951,0.043150198454396396,0.0094883274236014711,0.00033113558740370313,0.00056269149467815958,0.01968779700920463,0.0
Bennie Fowler,WR,DEN,4.213261600891931,4600.0,0.80464695874077696,0.12280921004969197,0.041962025659280221,0.015575081442945759,0.0024012881581173015,0.0015644478806001575,0.011040988068588626,0.0
Charone Peake,WR,NYJ,4.1977255042040644,4500.0,0.82751313942060856,0.092239945767288861,0.044360625487871855,0.019590384872596719,0.0017969337258942303,0.0010788634272611893,0.013420107298478092,0.0
Walter Powell,WR,BUF,4.1671165674115649,4500.0,0.82284056702775255,0.10065178720226779,0.045010381119570807,0.015034106525833583,0.0031699026272737807,0.00095821785209905964,0.012335037645201967,0.0
Rashad Ross,WR,WAS,4.1476614655068555,4500.0,0.85104614270394674,0.072309944322532446,0.042897385900873733,0.011265440228140126,0.0022779619221032638,0.0018672689275744114,0.018335855994828603,0.0
James Wright,WR,CIN,4.0974403708194966,4500.0,0.84830426934983294,0.083449314139717387,0.039006455699597979,0.007942543111904567,0.0010794260400534355,0.0010242871024974197,0.019193704556395637,0.0
Marc Mariani,WR,TEN,4.0936502807073412,4500.0,0.87278163785634466,0.051111635070272152,0.042993855968157593,0.0067869283440456785,0.0036268482062934764,0.00052105555279394905,0.02217803900209234,0.0
Jeff Janis,WR,GB,4.0719921568055311,4500.0,0.88246449752865896,0.0507426364202824,0.029959671977751637,0.008921615286477563,0.00086534411407027307,0.0015268644688816906,0.025519370203876728,0.0
Jared Abbrederis,WR,GB,4.0428877051696981,4500.0,0.88213101356246382,0.052695562023691238,0.029018384255099689,0.0086725612190313457,0.001761783488767937,0.0016027516955019565,0.024117943755442201,0.0
Trevor Davis,WR,GB,3.9913408457041109,4500.0,0.89571473973907978,0.044345691232306819,0.023776055276763797,0.0077568779659149207,0.00049116553459470293,0.00021032354322302393,0.027705146708115361,0.0
Jakeem Grant,WR,MIA,3.9382936449352313,4500.0,0.86172330523810658,0.076588900746143135,0.033165571986012075,0.010061224626383293,0.0013648243654755014,0.0013529412122576278,0.015743231825621415,0.0
Josh Bellamy,WR,CHI,3.8930065828076699,4500.0,0.84773246152253523,0.093028860656002008,0.034263931590310118,0.010383802284975112,0.0030412680785275948,0.0008965197225684618,0.010653156145082056,0.0
Jordan Taylor,WR,DEN,3.8851700915637606,4500.0,0.86200607502540016,0.072585756483095454,0.039833557398753536,0.010483764131896094,0.0013572362045312846,0.00091170673183939592,0.012821904024483043,0.0
Andre Roberts,WR,DET,3.8791565112392226,4500.0,0.86603197504745399,0.069759929764211651,0.037506961947733772,0.010817602054992945,0.0012011489548352438,0.0010902919307754482,0.013592090299995247,0.0
Rod Streater,WR,SF,3.875771890215713,4500.0,0.85761412275784843,0.081704282256738758,0.037114690411944797,0.0089190892160906782,0.00058303558513539411,0.00085984236391254743,0.013204937408328947,0.0
Brenton Bersin,WR,CAR,3.8496644880242195,4500.0,0.9030018208659133,0.045513388812861544,0.019469826555632296,0.0057325331365825185,0.0006339687283771321,0.00064574733109900629,0.025002714569533402,0.0
Rashard Higgins,WR,CLE,3.8039209951336339,4500.0,0.89407787421140072,0.047704947022502456,0.032977242200984698,0.0045315100713811413,0.00033737654260986174,0.00015406230973398044,0.020216987641385107,0.0
Lucky Whitehead,WR,DAL,3.7686528350853639,4500.0,0.89295018615087296,0.054073031519144901,0.027208966627740735,0.0049992926526683844,0.0017139649334525114,0.00031250880276487006,0.018742049313354943,0.0
Aaron Burbridge,WR,SF,3.7261562787008038,4500.0,0.88661615522349524,0.053502301844185224,0.038691580317539234,0.0060065266450997877,0.00068427037702597138,0.00043696302316921401,0.014062202569484337,0.0
Ryan Grant,WR,WAS,3.6879791611577137,4600.0,0.88625882005043932,0.058755820554487179,0.033581790104442358,0.0065238151226301652,0.0013053468020289066,0.00090003265776100521,0.012674374708209311,0.0
Cody Latimer,WR,DEN,3.6627955491891653,4500.0,0.88123934391721503,0.066865853819521356,0.031002360308811407,0.0081445114378503464,0.0010291646993766375,0.00068909034822209011,0.011029675469003188,0.0
Griff Whalen,WR,SD,3.6036185620538146,4500.0,0.90465306326073769,0.05167691369750551,0.022011022240959646,0.0040800785597156757,0.00043217539061401902,0.00026535835886469327,0.01688138849160184,0.0
Leonte Carroo,WR,MIA,3.5489781985298827,4500.0,0.90855986977928926,0.04519906196115972,0.026400422796653136,0.0041446180044950485,0.00064416019427953198,0.00070126657058894976,0.014350600693532818,0.0
Mike Thomas,WR,LARM,3.5473045501176883,4500.0,0.9078270718167295,0.04565488787272623,0.027334775486160322,0.0040676212772235128,0.00040973159566524921,0.00019583114703191137,0.014510080804461624,0.0
Eric Weems,WR,ATL,3.5463768085486094,4500.0,0.9172292818751373,0.036726677895714641,0.024332908550502217,0.0042071495862771573,0.0004773493230701736,0.00088072822569513261,0.016145904543602384,0.0
Dwayne Harris,WR,NYG,3.544297684640541,4500.0,0.90802454008472477,0.045273758221982013,0.025333675019421169,0.0068355811988689589,0.00062016467447791209,0.00033253255376155134,0.013579748246762766,0.0
Brandon Tate,WR,BUF,3.5242452862916882,4500.0,0.9127596351289069,0.040921816634715814,0.025455964213324904,0.0058843889914284939,0.00056780331317008901,0.00038440946662477701,0.014025982251828113,0.0
Deonte Thompson,WR,CHI,3.4952978534950598,4500.0,0.90871444777392385,0.049335117117323433,0.023423207503059575,0.0043389791812941071,0.00070559596611462802,0.00039901587440748214,0.013083636583875652,0.0
Alex Erickson,WR,CIN,3.4492088122300131,4500.0,0.91674757011344687,0.039342520399419136,0.02578864430524001,0.0048095596258226321,0.00059309228645127712,0.00036672055979702542,0.012351892709822402,0.0
Matthew Slater,WR,NE,3.4481259826037629,4500.0,0.92435845082472379,0.035224896317658697,0.019921263784985554,0.0048110956411638916,0.00057708741844424431,0.00025380203253406607,0.014853403980489809,0.0
