name,pos,team,expectation,salary,prob_0_5,prob_5_10,prob_10_15,prob_15_20,prob_20_25,prob_25_30,prob_30+,label
Kelvin Benjamin,WR,CAR,14.21490061316821,7800.0,0.048790071415197096,0.28543495099823518,0.12237190301087335,0.39625348689616158,0.11559936109746356,0.028955341498752202,0.0025948850833169713,3.0
Antonio Brown,WR,PIT,13.890935315834037,9700.0,0.024178280062279577,0.37465107441147466,0.21464210444833715,0.20422926020457241,0.059930542899497945,0.1157033127886662,0.0066654251851720539,1.0
DeAndre Hopkins,WR,HOU,13.584198904340493,8100.0,0.077430550297936176,0.2548692253353943,0.35410503998831677,0.15191692620314964,0.077617071404924159,0.03923753511992481,0.044823651650354034,2.0
Amari Cooper,WR,OAK,13.477042263903561,7100.0,0.065894755772689259,0.29096829668044405,0.30626994049068534,0.080172891868457261,0.24013441350311779,0.011196076965924194,0.005363624718682054,2.0
Julio Jones,WR,ATL,13.212775295389129,8500.0,0.047980108172577911,0.29346436856837904,0.30864947780063506,0.22065653628352072,0.089706020129476871,0.030689755503640708,0.0088537335417696941,2.0
Odell Beckham Jr.,WR,NYG,12.890767356406718,8300.0,0.14730504549159162,0.32328618840610762,0.11147305477791164,0.27171715697425769,0.075766908888462089,0.029489085772038952,0.040962559689630251,1.0
A.J. Green,WR,CIN,12.294942979958156,8400.0,0.0061407426910674049,0.18692291394934918,0.71781970206396528,0.043946478958059518,0.0317464901345791,0.0064353258783412795,0.0069883463246384579,2.0
Michael Crabtree,WR,OAK,10.921009345772164,7000.0,0.057552132385659052,0.42786303677809434,0.36940298306492481,0.084452764007424977,0.042510532646389855,0.016192092416760735,0.0020264587007463065,1.0
Larry Fitzgerald,WR,ARI,10.676760950184596,7400.0,0.050270783020841821,0.3673702015451642,0.51854120445034768,0.03839616374842731,0.012797122210164217,0.011691208771824595,0.00093331625323037992,2.0
Julian Edelman,WR,NE,10.528332184428438,7200.0,0.14520011692683132,0.51804906576073129,0.079901372203667012,0.17213488966141691,0.040856303600727326,0.024729262448404198,0.019128989398221729,1.0
Jordy Nelson,WR,GB,10.422045980869502,8300.0,0.13979994860861772,0.49358388510762397,0.14944333173341173,0.13475809962387855,0.049877522300217574,0.01555841502912096,0.016978797597129489,1.0
Emmanuel Sanders,WR,DEN,9.9910024840222746,6800.0,0.1087983735085478,0.58661709104411619,0.090543452464865809,0.15384399060189438,0.035384427852000487,0.022570334545879499,0.0022423299826960898,1.0
Marvin Jones,WR,DET,9.5646633386118296,7700.0,0.2310580293761306,0.32605851797325841,0.31406284024717002,0.075133688300099227,0.038574256424778013,0.012787974170204506,0.0023246935083592228,1.0
Demaryius Thomas,WR,DEN,9.5170809103574445,7300.0,0.17654547986112448,0.50610399551316554,0.12590597961056438,0.14216699956883286,0.030384748553687498,0.016895296924078016,0.0019974999685470965,1.0
Allen Robinson,WR,JAC,9.3888947353214025,8600.0,0.31240419317327112,0.30642253893821242,0.24895358888254537,0.032647414046179338,0.063287788565029118,0.0089955084024232086,0.027288967992339517,0.0
Alshon Jeffery,WR,CHI,9.3491235392990415,7600.0,0.083565041780163843,0.58922378310580414,0.25721942358324146,0.035559181882211841,0.014959827943176879,0.017951733944621958,0.0015210077607797172,1.0
Jarvis Landry,WR,MIA,9.2760848358507513,6900.0,0.077296171272621075,0.61410589033237994,0.22906893327572567,0.044332105653064918,0.027601308234473161,0.0065331217446988358,0.0010624694870365135,1.0
T.Y. Hilton,WR,IND,9.1311471046096209,7900.0,0.058100834154540731,0.76016337736597728,0.065502941006870444,0.041898402079089368,0.063929157709986542,0.0093240303186596339,0.0010812573648759372,1.0
Pierre Garcon,WR,WAS,8.7818604154537354,6000.0,0.177488543866265,0.50116495664351446,0.25531226698878517,0.034975246620362541,0.017890745053110828,0.011666461990414217,0.0015017788375477714,1.0
Travis Benjamin,WR,SD,8.5651088326049969,6000.0,0.13456887758639222,0.6872918938284962,0.06095502808296762,0.080962093235027718,0.023054708616037378,0.011248925916451784,0.0019184727346270676,1.0
Mike Wallace,WR,BAL,8.5276413748756497,6400.0,0.25312852140369485,0.49438040964729046,0.099272766566003964,0.11171778364492756,0.031866785856252577,0.0084249505972394945,0.0012087822845909557,1.0
Cole Beasley,WR,DAL,8.2885033290474492,5900.0,0.42422548120358128,0.21143763249435904,0.24268553723346534,0.042058232206275865,0.065086842504834846,0.013280594075740908,0.0012256802817428968,0.0
DeSean Jackson,WR,WAS,8.2475136108247469,6400.0,0.32814526333036143,0.34428249307315784,0.23907333286415974,0.046827282776073474,0.025664321816439233,0.013408708092839864,0.0025985980469685173,1.0
Michael Floyd,WR,ARI,8.2397780533630343,6500.0,0.36850462856037597,0.20392737685498996,0.37485594822258794,0.030231602210342962,0.011669696378047448,0.0088847435330270657,0.0019260042406288001,2.0
Golden Tate,WR,DET,8.2364294607372059,6400.0,0.32852750670274183,0.37038765430085802,0.19900441525777721,0.048513519822885376,0.037633536166628623,0.013834791448899753,0.0020985763002091375,1.0
Brandon Marshall,WR,NYJ,8.1943247756974529,7500.0,0.13802469948729507,0.70095633543486746,0.084155684674026648,0.051557757277840961,0.013137894731134605,0.011144789978615016,0.0010228384162204783,1.0
Randall Cobb,WR,GB,7.8612026256550758,7000.0,0.2675364594170444,0.56980023201548213,0.068123398156823431,0.044196080486502358,0.030838536713263871,0.011022198254280616,0.0084830949566031578,1.0
Phillip Dorsett,WR,IND,7.7775243406564849,6600.0,0.32345120806647742,0.42011510384854683,0.17617414933749967,0.050549040928186927,0.018161753116396243,0.010879673474132108,0.00066907122876071158,1.0
DeVante Parker,WR,MIA,7.7465372242505497,6300.0,0.25225596480100154,0.54602129793894449,0.13251865294796963,0.04632948339314278,0.016567790541705464,0.005336692522038688,0.00097011785519732566,1.0
Terrelle Pryor,WR,CLE,7.6597435715222115,7000.0,0.21879389760135301,0.65867779090228651,0.041072437462205673,0.047372829425946533,0.02513331910635205,0.0064659546583785352,0.0024837708434775267,1.0
Sammie Coates,WR,PIT,7.6281232918353883,6400.0,0.37293871778853471,0.42210881272599177,0.089411398677990084,0.051433078411384663,0.051078887364121119,0.012407279408924443,0.00062182562305309469,1.0
Brandon LaFell,WR,CIN,7.3854991164826442,5300.0,0.30879244657919774,0.50222152627089789,0.1316249590395174,0.033340343357173507,0.010053276416596407,0.012929447319546832,0.0010380010170701181,1.0
Anquan Boldin,WR,DET,7.1512643348528355,6000.0,0.32113589279081145,0.54197208858479784,0.054134029035105218,0.059469053822380782,0.015929183562565917,0.0066330431533658599,0.00072670905097288973,1.0
Jamison Crowder,WR,WAS,7.110243851649023,6000.0,0.52560207355063204,0.089428068682065667,0.34343484229907789,0.02685084819269401,0.0091494525354004104,0.0049166556539634683,0.00061805908616650515,0.0
Sterling Shepard,WR,NYG,6.8229603828423029,6700.0,0.41037178170179306,0.45564027260144463,0.042113660301598944,0.05461111778989329,0.027538165461563031,0.0083160305241402315,0.0014089716195668984,1.0
Robert Woods,WR,BUF,6.679682565367802,5500.0,0.26472935563574046,0.65813101076966352,0.062376983985707769,0.0082990329421860926,0.0044433318564175914,0.0018338287910652895,0.00018645601921940216,1.0
Tajae Sharpe,WR,TEN,6.5449074297435414,5100.0,0.58310620235509325,0.19658761402415043,0.088341039748111527,0.1076435137569924,0.014624842155870097,0.0058314928031386899,0.0038652951566436615,0.0
Jordan Matthews,WR,PHI,6.4980786009759015,6700.0,0.41873551217184807,0.47191321115887203,0.048756573379270779,0.024822400311299252,0.025141791616948204,0.009295552650250262,0.0013349587115114594,1.0
Seth Roberts,WR,OAK,6.1093502606226053,5400.0,0.56838205507924122,0.24831964495357076,0.11512616541092931,0.040316587327833296,0.018412367577430876,0.0084545491170645512,0.00098863053393009057,0.0
Tavon Austin,WR,LARM,6.0376673014588471,5700.0,0.6286786735639085,0.18870252372521834,0.067755121496261672,0.082670594843093623,0.026879495765325636,0.0044982753045371042,0.00081531530165517712,0.0
Jeremy Maclin,WR,KC,5.9030631526656148,6900.0,0.66125442691616954,0.085625659077344554,0.20465296551802606,0.02416178758028038,0.012237055506018673,0.0094634863061567615,0.0026046190960040631,0.0
Mohamed Sanu,WR,ATL,5.8991479008719052,5500.0,0.66157419269358597,0.097901907854671108,0.17507193487353093,0.03821026588271894,0.019957590694715983,0.0066827065729498421,0.00060140142782737357,0.0
Tyrell Williams,WR,SD,5.8318142261674533,6100.0,0.49164514061126735,0.41116953310008525,0.062014299194825845,0.017675259820850737,0.010816734460369602,0.0056944778947898549,0.00098455491781133725,0.0
Doug Baldwin,WR,SEA,5.4768490854606986,7600.0,0.71224935435600834,0.10696614635705785,0.11570419574878194,0.031955559353856772,0.017011684584587437,0.0077686830403357306,0.0083443765593721828,0.0
Nelson Agholor,WR,PHI,5.4249779711974355,5500.0,0.61517359829003049,0.25569831132812249,0.081469344704887592,0.032014800467138525,0.0097526870411432584,0.0046598227738693125,0.001231435394808378,0.0
Brandin Cooks,WR,NO,5.3608985579044166,7500.0,0.66066468196679951,0.20834014696835457,0.074421192135614864,0.01806428299418859,0.032547228638908327,0.0054270804145145415,0.00053538688161959449,0.0
Quincy Enunwa,WR,NYJ,5.2152736303564771,5900.0,0.61213980436257265,0.29582153831735541,0.039742256329293756,0.044246813508348672,0.0054703001109883548,0.002425555858675829,0.0001537315127652215,0.0
Kenny Britt,WR,LARM,5.1291568152830616,5800.0,0.62664203038427324,0.30042244815118291,0.012140012886833081,0.048011171699880374,0.0083258903120229603,0.0034587265958116965,0.00099971996999567562,0.0
Rishard Matthews,WR,TEN,4.8369296269631787,5400.0,0.73645452487191843,0.14623560650289269,0.065738282378677029,0.027033851815699911,0.017754904422729499,0.0043572093721095263,0.002425620635972878,0.0
John Brown,WR,ARI,4.7403407825938944,6600.0,0.74403671999073107,0.15680260130797885,0.039375389563746421,0.035769038156085196,0.016162812518371424,0.0069939589789992148,0.0008594794840876465,0.0
Allen Hurns,WR,JAC,4.641197912350485,6200.0,0.72607958859327726,0.17424252039837521,0.067757939198882566,0.019360656411085926,0.0067105978191638188,0.0029731407339040321,0.0028755568453112893,0.0
Brian Quick,WR,LARM,4.4587111226076352,4500.0,0.71395621114575059,0.23091584133945253,0.020252605472654617,0.025823239293608916,0.0046680824564141171,0.002878004912329125,0.0015060153797902139,0.0
Kenny Stills,WR,MIA,4.3714420269941119,5500.0,0.67745853583283777,0.28161740245979411,0.034148256726604112,0.004021606493913088,0.0016855452907306424,0.00091917128908126249,0.00014948190703873836,0.0
Ted Ginn Jr.,WR,CAR,4.3349050361754529,5900.0,0.78411105961856264,0.14491282770553529,0.027477253939582103,0.018110067947582905,0.017227972604984106,0.0061158272044590772,0.0020449909792939142,0.0
Eddie Royal,WR,CHI,4.2959745931961866,6300.0,0.78486571670179928,0.11374734277523819,0.072945156377627843,0.018862169596660441,0.0054641011663721468,0.0037576582211261041,0.00035785516117587269,0.0
Jeremy Kerley,WR,SF,4.2936470924512298,5800.0,0.74670188532485904,0.16660873474053511,0.074668578784868961,0.0077269959209198156,0.0023996733390863078,0.0015386748149202644,0.00035545707481030232,0.0
Terrance Williams,WR,DAL,4.2481361552626149,5600.0,0.80434994926389569,0.09507085759192864,0.071477928040024577,0.011807475864501092,0.012261159911296331,0.003719093661629252,0.0013135356667246553,0.0
Victor Cruz,WR,NYG,3.8965814401450962,5500.0,0.8387853537257709,0.093962609837312777,0.034739103614469871,0.019471108201767454,0.00875440794368826,0.0036157958784865554,0.00067162079850438972,0.0
Davante Adams,WR,GB,3.8513143960611442,5400.0,0.86052954191652598,0.051748878745504337,0.059954462190757722,0.017436785173592463,0.0064867648225068689,0.0030903501385522538,0.0007532170125604474,0.0
Chris Hogan,WR,NE,3.8408737684596637,5600.0,0.88691578926878545,0.043149963653524373,0.023431267518635179,0.018814012066571777,0.02007895764468377,0.0053737838586724171,0.00223622598912701,0.0
Michael Thomas,WR,NO,3.8110467588293848,5400.0,0.83640305672304116,0.093959821531246587,0.053123761401711336,0.0065755148978782849,0.0076257740598895873,0.0021707316749986255,0.00014133971123408328,0.0
Jaelen Strong,WR,HOU,3.7960304095012454,4600.0,0.80551531016481392,0.14489291551331082,0.040935808194841203,0.0051739708745091005,0.0017110722380289771,0.0009571007817402164,0.0008138222327556281,0.0
Willie Snead,WR,NO,3.5646636613509561,7000.0,0.88114803989970547,0.051979331813011474,0.050748033331069996,0.0080185714396268197,0.0059272899174067986,0.0016462057254236499,0.00053252787375595017,0.0
Tyler Boyd,WR,CIN,3.4568275079200594,5000.0,0.88407402351623832,0.075914481841716688,0.016743651130978861,0.015058140459721474,0.005168243230688401,0.0024354437705646453,0.00060601605009174707,0.0
Dontrelle Inman,WR,SD,3.2088060781159644,5800.0,0.91966556765225527,0.050122538332267867,0.01019788159229716,0.012912244538270883,0.0040827914637099876,0.0022988880674086444,0.00072008835378998008,0.0
Quinton Patton,WR,SF,3.2065796988049238,4700.0,0.90522347964428007,0.063469079149838459,0.023259915260841511,0.0039017261230893875,0.0021775292216778749,0.0012546827121928731,0.00071358788807987636,0.0
Andrew Hawkins,WR,CLE,3.1718062394577609,4600.0,0.88601278694875274,0.10233720556125879,0.0059997586128419629,0.0037592502779764743,0.0010735141108575957,0.00057395423118971386,0.00024353025712320209,0.0
Cameron Meredith,WR,CHI,3.0680208451635798,5400.0,0.90430686251817949,0.084160493820042398,0.0079672919273934481,0.0017294480372883126,0.0010946157643693338,0.00058405824945309234,0.0001572296832736905,0.0
Corey Brown,WR,CAR,2.9649848527246756,4500.0,0.9291453604997324,0.059272681871035029,0.0037413437532374354,0.0059721689668650966,0.0011654689805553242,0.00060408346075254272,9.889246782243704e-05,0.0
Brice Butler,WR,DAL,2.8963330021943738,5600.0,0.94608149174870315,0.039440561816012208,0.0088599397165891203,0.0023459255867889924,0.0020116033634000568,0.00078075767971563944,0.00047972008879061824,0.0
Andre Johnson,WR,TEN,2.8919604847448457,5300.0,0.94579420213097953,0.040123306512763551,0.008424403251389349,0.0032775804368208026,0.0011530268327001134,0.00066899342505918338,0.00055848741028740939,0.0
Marquise Goodwin,WR,BUF,2.8826753697649878,5500.0,0.94052123872691584,0.048592405998416591,0.0072567138573101618,0.0017762045597053764,0.0013154127105815224,0.00043878749162748406,9.9236655443231127e-05,0.0
Tyler Lockett,WR,SEA,2.862158950184305,5300.0,0.97258507630534463,0.0075642973132301122,0.0064958081401487637,0.00588388988116145,0.005045893331169087,0.0011480628086500513,0.0012769722202957692,0.0
Danny Amendola,WR,NE,2.8174357571627335,5100.0,0.96974287043692586,0.015301102054824762,0.0023709907935712264,0.0092260909158594553,0.0018908032532938979,0.00089356301072343939,0.00057457953480129621,0.0
Devin Funchess,WR,CAR,2.7469890292523371,4800.0,0.97741236267142484,0.0069397380469056833,0.0084734474834321453,0.0042711218249173758,0.0020318237993777722,0.00072951864412753599,0.00014198752981483924,0.0
Torrey Smith,WR,SF,2.7461384911397033,5300.0,0.97111469277697138,0.014253373439738145,0.011336521758259882,0.0018588665984514698,0.00083221767780297521,0.00035487973461839319,0.0002494480141576039,0.0
Dorial Green-Beckham,WR,PHI,2.6973518923489594,4800.0,0.97228966546741569,0.02121058512723337,0.0036059019248345374,0.0014646352048319185,0.00079264259517770278,0.00043612628373906935,0.00020044339676733849,0.0
Kamar Aiken,WR,BAL,2.6607236993708252,5200.0,0.98360820419822181,0.0074214265990693784,0.0049166694337417086,0.0024849257775012325,0.00084355078009697366,0.00043530461278504316,0.00028991859858391357,0.0
Breshad Perriman,WR,BAL,2.6355119853120019,4900.0,0.98099300406052992,0.014716117342413054,0.0020154575016049737,0.0013075495644803018,0.00055131959151430822,0.00032009996613100204,9.6451973326785233e-05,0.0
Quan Bray,WR,IND,2.6303768484210104,4500.0,0.98322091652217269,0.010138888047701843,0.0050442471552437423,0.00092626911675182725,0.00038492607736469154,0.00021427957245102088,7.0473508314363611e-05,0.0
Marqise Lee,WR,JAC,2.6227814868239796,4500.0,0.98859641995392999,0.0058107109776018018,0.001922846419544374,0.0016735879194925713,0.0010404855475278599,0.00033098805523804731,0.00062496112666551753,0.0
Jordan Norwood,WR,DEN,2.6085739440852289,4500.0,0.98371678315635758,0.013158998855674833,0.0018758371631352345,0.0005872626556802272,0.00037760829442501224,0.00020727979691267172,7.6230077814812083e-05,0.0
Jaron Brown,WR,ARI,2.5903719595205197,4900.0,0.9882292328921829,0.0079429029262065992,0.0024429315218837482,0.00066023298200479081,0.00044701139588312124,0.00021872828491239718,5.895999692631721e-05,0.0
Brandon Coleman,WR,NO,2.5713499486531717,4500.0,0.98912611902496872,0.0085945580541265561,0.0016504646277778112,0.00028951837559181736,0.00021763464780323488,0.00010378370019828427,1.7921569534155948e-05,0.0
Jermaine Kearse,WR,SEA,2.5647348635521148,4600.0,0.99368308436372477,0.0033602276094563937,0.0011533698211488553,0.00083601966906483611,0.00044367825063680138,0.00027086560657918203,0.00025275467938939527,0.0
Aldrick Robinson,WR,ATL,2.5478699537841689,4500.0,0.99529796621134159,0.0021746055996906119,0.001139742101418442,0.00078216795224910634,0.00034666437309974332,0.00019720656609570494,6.1647196104829127e-05,0.0
Taylor Gabriel,WR,ATL,2.5475411149108131,4800.0,0.99303200718528928,0.0057324972846466834,0.00043005975161383117,0.00049153795534069252,0.00017822237036469084,0.0001025250640214054,3.3150388723179289e-05,0.0
Malcolm Mitchell,WR,NE,2.5430906576811325,4500.0,0.99486610760017302,0.0038407919548164218,0.00027339563048654726,0.00049407950897070957,0.00020032779549349915,0.00011162346922427323,0.00021367404083532369,0.0
Ricardo Louis,WR,CLE,2.5334470868501606,4500.0,0.99567425567323731,0.0033369917425566087,0.0003403247339198564,0.00029086996095055927,0.00015799668725706973,8.6645523835835123e-05,0.00011291567824259488,0.0
Andre Holmes,WR,OAK,2.5298187325920627,4500.0,0.99696555484670524,0.0017972747675159757,0.00034055841672672613,0.00042551493976477218,0.00025286837855345725,0.00014743309722356872,7.0795553510316671e-05,0.0
Andre Roberts,WR,DET,2.5260928540905887,4500.0,0.99755007048947364,0.00098583399294972676,0.00089889666772914644,0.00021745475465388496,0.00013649550935388116,9.1012413082575038e-05,0.00012023617275688412,0.0
Rod Streater,WR,SF,2.5236601040709998,4500.0,0.99744493011076762,0.0013476089518760332,0.00077769477413343509,0.00018335391578321641,9.7059553794203414e-05,5.3380104778676099e-05,9.5972588867234036e-05,0.0
Robby Anderson,WR,NYJ,2.5177240086788713,0,0.99679287235123215,0.0030432100995762758,5.3402343089887021e-05,6.8641225147761148e-05,2.5237954171511374e-05,1.348181079665845e-05,3.1542159854968594e-06,0.0
Bradley Marquez,WR,LARM,2.5173903477062778,4500.0,0.99831168375165336,0.0010862122332611955,0.00014828826020962335,0.00016033149637069069,8.4651420449716018e-05,5.4488553796933574e-05,0.00015434428425840845,0.0
Josh Huff,WR,PHI,2.5162704791844379,4500.0,0.99826030583682357,0.00087523531512114969,0.00055055677032906573,0.00013561897532155063,8.6451707821167051e-05,4.7880560622056667e-05,4.3950833961345129e-05,0.0
Eli Rogers,WR,PIT,2.5151186726903871,4900.0,0.99833032733287608,0.00070955897429544467,0.00073009730812346194,0.0001283796228413023,5.6485457349045109e-05,3.3722153154761802e-05,1.1429151360168082e-05,0.0
Justin Hunter,WR,BUF,2.5129966624967737,4900.0,0.99863545973631374,0.00064786780339504569,0.00043155110023028638,0.00014496736709099223,7.7183841788196707e-05,4.305397040340889e-05,1.9916180777928855e-05,0.0
Justin Hardy,WR,ATL,2.5107020388254675,4600.0,0.99890983612827422,0.00051461743380458317,0.00027311819572355025,0.00019456503814047657,6.0605815494067246e-05,3.5824974808237184e-05,1.1432413754330829e-05,0.0
Chris Conley,WR,KC,2.5100574401028442,4600.0,0.99875519358859344,0.00085079928869688265,0.00019578179556640557,9.7292001521073242e-05,5.3235594718183379e-05,3.0485662381434604e-05,1.7212068522482228e-05,0.0
Tyreek Hill,WR,KC,2.5090153332942915,4500.0,0.99893757505603342,0.00071488844023207096,0.00014972184308431491,9.423073521184202e-05,5.0901720180153631e-05,2.6665925384309788e-05,2.6016279873850247e-05,0.0
Bennie Fowler,WR,DEN,2.5089106524350373,4600.0,0.99848151206540048,0.0013898047901221577,5.4404352314394418e-05,3.5819607375035287e-05,2.2122107576404157e-05,1.2414174699143847e-05,3.9229025123196126e-06,0.0
Chester Rogers,WR,IND,2.5088803417499603,4500.0,0.99884604748393768,0.00085724595492064903,0.0001171004735382058,8.5816176806000389e-05,5.5311785921855149e-05,2.9454691866371136e-05,9.0234330089156597e-06,0.0
James Wright,WR,CIN,2.5088408465275025,4500.0,0.99908830430365525,0.00052381309666205047,0.00017654233600840693,8.5802918925877722e-05,5.4956120194695458e-05,2.9826440222528609e-05,4.0754784331176575e-05,0.0
Darrius Heyward-Bey,WR,PIT,2.5085158683449658,4500.0,0.99898982985609319,0.000537058967164878,0.00035843831185856598,5.3602481541583531e-05,3.2292396721889662e-05,1.853057761825841e-05,1.0247409001177317e-05,0.0
Paul Richardson,WR,SEA,2.5071709151315482,4500.0,0.99939038338817288,0.00027264549626673448,0.00011974491872722982,9.1869870718077186e-05,5.2025704236480747e-05,2.5542519144957139e-05,4.7788102732894854e-05,0.0
Albert Wilson,WR,KC,2.5068763983713231,4500.0,0.9992898913106969,0.00033911072324901103,0.00023032190920987478,6.372598775367897e-05,3.4396556780835034e-05,1.989125853470438e-05,2.2662253775080513e-05,0.0
Aaron Burbridge,WR,SF,2.5064701573950616,4500.0,0.99933647535355818,0.00041948376475806255,9.3841592617212015e-05,5.1763799546240412e-05,3.2725824508859634e-05,1.7628660152994428e-05,4.8081004858567131e-05,0.0
J.J. Nelson,WR,ARI,2.5054101863992155,4500.0,0.99940784287444606,0.00035207665310478076,0.00011432077275083972,5.5207380613990393e-05,3.6099516192734615e-05,2.1762896114224047e-05,1.2689906777321062e-05,0.0
Jalin Marshall,WR,NYJ,2.5047866519458752,4700.0,0.99938066731197384,0.00046261695996917328,6.0676088803381979e-05,4.4486661251033097e-05,2.8408756966187658e-05,1.611413116974418e-05,7.0300898665221646e-06,0.0
Jeff Janis,WR,GB,2.5045584076549199,4500.0,0.99964044852666056,0.00011704252349104687,0.00013085875602195394,3.6628146089680537e-05,1.9363726312705702e-05,1.0797958219320578e-05,4.4860363204996319e-05,0.0
Braxton Miller,WR,HOU,2.5045242923061353,4500.0,0.99954249666116679,0.00022172325182362134,0.00014240297846611631,3.7331165015965714e-05,2.3668685447497929e-05,1.2527441261331972e-05,1.984981681942287e-05,0.0
Cody Latimer,WR,DEN,2.5042055791042515,4500.0,0.99943210928567494,0.00044522888607674685,4.8173376036766342e-05,3.2964398710203259e-05,2.0705482640729692e-05,1.1663769724933707e-05,9.1548011356617068e-06,0.0
Lucky Whitehead,WR,DAL,2.5038811137236783,4500.0,0.99970727215104449,9.5812475664055775e-05,9.7082754213994416e-05,2.7662328945669976e-05,2.0631850370655344e-05,9.512990748573859e-06,4.2025449012474993e-05,0.0
Arrelious Benn,WR,JAC,2.5037051539607535,0.0,0.99957216587843611,0.0003100551873841929,4.4706421649541104e-05,2.1124508619510475e-05,1.9405854808444123e-05,7.3054351915339635e-06,2.5236713910400106e-05,0.0
Rashad Ross,WR,WAS,2.5036912392432051,4500.0,0.99961669722618529,0.00022641913150886356,6.5446898003163647e-05,4.1039286203612037e-05,2.1033134274881334e-05,1.1455719626452308e-05,1.790860419742972e-05,0.0
Walter Powell,WR,BUF,2.5036467412386725,4500.0,0.99961203474793336,0.00023217601792587274,6.948628610826679e-05,3.8654486193810702e-05,2.0264089695813166e-05,1.1212385803023216e-05,1.6171986340328404e-05,0.0
Kendall Wright,WR,TEN,2.5034685023908851,4500.0,0.99968610370215649,0.00015816349528800487,5.0402283622877913e-05,4.5137393924841096e-05,2.7690435453707605e-05,1.5139326698796334e-05,1.7363362855372945e-05,0.0
Jordan Payton,WR,CLE,2.5034344999479128,4500.0,0.99971387570160453,0.00011828380454808799,7.3582230904798823e-05,3.8234518724643738e-05,1.7181895018451998e-05,9.634288547199751e-06,2.9207560652467597e-05,0.0
Jared Abbrederis,WR,GB,2.5033695012491601,4500.0,0.99972000018718232,9.5778276730108735e-05,0.00010789806888313994,2.5331595892683476e-05,1.3560328075184812e-05,7.4768637892919276e-06,2.9954679447711579e-05,0.0
Tommylee Lewis,WR,NO,2.5031058388870031,4500.0,0.999622079223486,0.0002531149293166837,6.4752305909273315e-05,2.5615422249129279e-05,1.9466689701921388e-05,8.9860533213862773e-06,5.9853760158816125e-06,0.0
Eric Weems,WR,ATL,2.5028112746039759,4500.0,0.9997786524217942,7.0024048385821343e-05,6.4310056933485283e-05,3.8366608628633614e-05,2.0167905983974784e-05,1.1515946705450011e-05,1.6963011568216976e-05,0.0
Jordan Taylor,WR,DEN,2.5025198277494756,4500.0,0.99964442605823689,0.00028370956096112195,3.1629172017949206e-05,1.8589031715175463e-05,1.1837353492099319e-05,6.5841449761033091e-06,3.2246786005731809e-06,0.0
Charone Peake,WR,NYJ,2.5024125159412862,4500.0,0.99962200861131445,0.00033050876247198548,1.4941067622424716e-05,1.602061268330938e-05,1.0089258092225364e-05,5.4083671219852554e-06,1.0233206940769105e-06,0.0
Rashard Higgins,WR,CLE,2.5023226147713316,4500.0,0.99981636887900949,8.1241672273132186e-05,3.7691553596189976e-05,1.9957858463899046e-05,1.2798898953756767e-05,7.1922609864811675e-06,2.4748876717151775e-05,0.0
Josh Bellamy,WR,CHI,2.5022453160193598,4500.0,0.99973186392827607,0.00018964747335803426,2.5310239876909175e-05,2.6128359076399119e-05,1.3695019089140055e-05,7.4515166194046903e-06,5.9034637042224901e-06,0.0
Keith Mumphery,WR,HOU,2.5020401196079525,4500.0,0.99981263734069992,0.00010530507425090798,3.2320671195062964e-05,1.5208935829287026e-05,9.6293119329220707e-06,5.2719199103501625e-06,1.9626746181284826e-05,0.0
Cobi Hamilton,WR,PIT,2.5019127968929569,0.0,0.99983255116628555,7.9018194874492636e-05,3.4206321533507682e-05,2.095651003751125e-05,1.3249545108940611e-05,7.2385826247238067e-06,1.2779679535082236e-05,0.0
Tanner McEvoy,WR,SEA,2.5018815971298007,5000.0,0.99981845470281494,0.00010313751287372506,2.5226827757382591e-05,2.3403313168402085e-05,1.2222269892592534e-05,6.987126138200531e-06,1.0568247354649888e-05,0.0
Deonte Thompson,WR,CHI,2.5017560912880059,4500.0,0.9998187337561274,0.00010817179959904674,3.0344883245586671e-05,1.7040435921124548e-05,1.0813860954948215e-05,5.8928513725498618e-06,9.0024127792449817e-06,0.0
Keshawn Martin,WR,SF,2.5015671033631302,4500.0,0.99985888906995957,7.339224353444793e-05,2.6462547499301902e-05,1.4477041212040728e-05,9.153055343280223e-06,5.0061912352273988e-06,1.2619851216520656e-05,0.0
Dwayne Harris,WR,NYG,2.5015617153588159,4500.0,0.99985694341680931,7.0471711944184687e-05,2.3461906831935987e-05,2.3531266930282547e-05,1.2698152334596053e-05,6.8312716342056269e-06,6.0622735160901315e-06,0.0
Mike Thomas,WR,LARM,2.501481528162969,4500.0,0.99987204027491849,6.1147531765195153e-05,2.1844267229340083e-05,1.9147269962943051e-05,1.0224748023918703e-05,5.4964255097749518e-06,1.0099482590240343e-05,0.0
Bryan Walters,WR,JAC,2.5013650951700086,4500.0,0.99988432014540318,5.8449971892512198e-05,1.8406437708014957e-05,1.1820268301179656e-05,1.0845241190047501e-05,4.0747758370485518e-06,1.2083159668318205e-05,0.0
Roger Lewis,WR,NYG,2.5013328597480293,4500.0,0.99988476240510837,5.5091033593195322e-05,2.0464335929995415e-05,1.5629030670724836e-05,9.8421656350389808e-06,5.3834662042160705e-06,8.8275628583558357e-06,0.0
De'Anthony Thomas,WR,KC,2.5011777878486083,4500.0,0.99990470640375129,4.2862132541048555e-05,1.8506908203189495e-05,1.1576657311648168e-05,7.3192558633028728e-06,4.0076998391594994e-06,1.1020942490782739e-05,0.0
Alex Erickson,WR,CIN,2.5011660829965972,4500.0,0.99990771466103057,3.5045501704218887e-05,2.0601690937732902e-05,1.4490223424727741e-05,9.1501697185597191e-06,5.0593527377900304e-06,7.9384004465190425e-06,0.0
Jakeem Grant,WR,MIA,2.5011179569009556,4500.0,0.99988963329977232,5.9006645807731088e-05,2.391510678011045e-05,1.1629674230374927e-05,6.2832347746776683e-06,3.4837947298449046e-06,6.0482439052211174e-06,0.0
Trevor Davis,WR,GB,2.5010292626284145,4500.0,0.99992656509550537,1.6917172742181034e-05,2.824822555051088e-05,9.7841518564104333e-06,5.1143098495985465e-06,2.8550549002052059e-06,1.0515989595574885e-05,0.0
Matthew Slater,WR,NE,2.5009975645458526,4500.0,0.99993121422312947,3.3153166899313298e-05,5.3888067524153722e-06,7.3522910184340689e-06,4.5727307762374988e-06,2.5584977673902698e-06,1.5760283656796892e-05,0.0
Ryan Grant,WR,WAS,2.5009363023835016,4600.0,0.99989155281068554,7.3815257059016675e-05,1.4046825767851968e-05,8.6752145381720082e-06,5.4071535220421588e-06,3.0469929175954098e-06,3.4557455099699053e-06,0.0
Brenton Bersin,WR,CAR,2.500845067919951,4500.0,0.99991945703183305,4.3698000722705709e-05,1.4061016578770251e-05,9.0744773871471994e-06,5.7716248369231014e-06,3.1415983793510154e-06,4.7962502621486106e-06,0.0
Brandon Tate,WR,BUF,2.5005860808049603,4500.0,0.99994005705160882,2.59775319107325e-05,2.3074574520695229e-05,4.5685031849782672e-06,2.901456178416784e-06,1.6383940714305208e-06,1.7824885252551169e-06,0.0
Marc Mariani,WR,TEN,2.500500742926195,4500.0,0.99995526388915434,2.4119353948468923e-05,5.9909401272069971e-06,5.5425403307615379e-06,3.4788729239483025e-06,1.9495896676537331e-06,3.6548138476388069e-06,0.0
Griff Whalen,WR,SD,2.5004995224370279,4500.0,0.99995663352710284,2.1706444180491218e-05,6.6984642548977072e-06,5.7922649084929357e-06,3.6661499190495394e-06,2.007168207302093e-06,3.4959814272356108e-06,0.0
Leonte Carroo,WR,MIA,2.5004520785405195,4500.0,0.99994747580293697,3.659643760209156e-05,6.2642146781964932e-06,3.7933958637047847e-06,2.4749817332565461e-06,1.3719067253255312e-06,2.0232604606794715e-06,0.0
