name,pos,team,expectation,salary,prob_0_5,prob_5_10,prob_10_15,prob_15_20,prob_20_25,prob_25_30,prob_30+,label
Martellus Bennett,TE,NE,10.778686919132999,6600.0,0.21457521321586626,0.036822218803379755,0.66913665560384272,0.052628645032346634,0.013445701307961208,0.01204804383418151,0.0013435222024219136,2.0
Charles Clay,TE,BUF,9.6414318174843547,5300.0,0.25935146387231034,0.071988676413389754,0.65511237309429371,0.0098391470580976737,0.0020489479433999989,0.0016175583822037661,4.183323630486997e-05,2.0
Jason Witten,TE,DAL,8.4255272496895817,5600.0,0.12303628405578979,0.69608432718590407,0.096519949130152521,0.05683494775034402,0.014661290422175377,0.011186393273098576,0.0016768081825355339,1.0
Delanie Walker,TE,TEN,8.2988269406826571,6700.0,0.24229979201987831,0.46268870648960164,0.2261003108704783,0.041393716420527783,0.016963188545244555,0.010507133526226913,4.7152128042618722e-05,1.0
Greg Olsen,TE,CAR,8.2460024034877986,8100.0,0.057482578015971217,0.84161076788673506,0.039634001342565874,0.034862941477761915,0.0083525067915075097,0.018032647086069591,2.4557399389050154e-05,1.0
Rob Gronkowski,TE,NE,6.9474311849658879,8400.0,0.54936699454180549,0.052675098953423434,0.37266001761540957,0.015910719117680522,0.0045981915826676751,0.0038414527355765679,0.00094752545343689378,0.0
Zach Miller,TE,CHI,6.6436197486714077,5800.0,0.21544396545290537,0.76096858021036939,0.010325592041996949,0.0077002851234937407,0.0038290498037870141,0.0017161980227468209,1.6329344700748602e-05,1.0
Dwayne Allen,TE,IND,6.244263911384957,5800.0,0.40673022856921359,0.49129959756928521,0.070777670622664698,0.015238474764788186,0.0096934380637133215,0.006123447169344395,0.00013714324099035245,1.0
Dennis Pitta,TE,BAL,6.0667118094246195,5400.0,0.40911485021377619,0.52198555968543536,0.037699658659190664,0.016388643933868602,0.0076523154925740482,0.0069006846595353931,0.00025828735561970323,1.0
Gary Barnidge,TE,CLE,5.4788543902882934,5300.0,0.46102736448541576,0.51008182628296128,0.0093347401909753859,0.012858483060243127,0.0050984788029339225,0.0015626597688511345,3.6447408619372576e-05,1.0
Hunter Henry,TE,SD,5.4366970003229769,5400.0,0.49476920779200545,0.46253137414376383,0.020140161467102787,0.010565840930290874,0.0072180662017309431,0.0047212374229055037,5.4112042200356239e-05,0.0
Jimmy Graham,TE,SEA,4.9179527284192339,6900.0,0.74012980809607909,0.10864892587796025,0.11167854597064238,0.014573540755548097,0.017981796728158715,0.0063208453534342934,0.00066653721817710098,0.0
C.J. Fiedorowicz,TE,HOU,4.5294376394537261,5100.0,0.61782628618566582,0.36589293995869526,0.011491771227470379,0.0029228672759237652,0.0011098175588756954,0.00074192816204199916,1.4389631326936593e-05,0.0
C.J. Uzomah,TE,CIN,4.3939022551187241,4900.0,0.7538490060590296,0.1451721034563892,0.082646631161864784,0.0091630360587585356,0.0051774036022086255,0.0038869767619037357,0.00010484289984571263,0.0
Coby Fleener,TE,NO,3.169353948800119,5600.0,0.91595722389980372,0.058661000448210175,0.013302673237602369,0.0053388293631074068,0.0031116735193492491,0.0022964241917585999,0.001332175340168701,0.0
Will Tye,TE,NYG,3.1475270670221511,4900.0,0.89332514872510571,0.088600275026273739,0.015467836512772578,0.0012146306514186204,0.00069346204541116099,0.00065965369127195792,3.8993347746299168e-05,0.0
Antonio Gates,TE,SD,2.9935824613899538,5600.0,0.9121256664209092,0.082189047223068162,0.0027329094690750674,0.001447733276884353,0.00082653096546235927,0.00066361984375802564,1.4492800843024807e-05,0.0
Jacob Tamme,TE,ATL,2.9449318132416753,5300.0,0.95653108198385473,0.0089310482014720791,0.028049791729516313,0.0034491274737608918,0.0016693282253942327,0.001314339896027633,5.5282489974225639e-05,0.0
Travis Kelce,TE,KC,2.8500403615945675,6400.0,0.95955558540883512,0.023989456995050361,0.0086119074560997034,0.0044599656174147935,0.0018122815258130086,0.0013629613486308178,0.00020784164815590534,0.0
Austin Hooper,TE,ATL,2.728534983152294,4500.0,0.97732282363222445,0.002629065613367653,0.018414562849606759,0.00067012918418432154,0.00059681460838875581,0.0003545115984749352,1.2092513753072865e-05,0.0
Jesse James,TE,PIT,2.7238889043621324,5400.0,0.9754117106531851,0.011159199766289764,0.0094991970573521153,0.001942458430101114,0.0011609216938772828,0.00081547044609734472,1.1041953097413775e-05,0.0
Crockett Gillmore,TE,BAL,2.620270549629359,4900.0,0.9823470130589409,0.013594404119034497,0.0027993747098038289,0.00054099949083983927,0.00037157675290066356,0.00033430416134269149,1.2327707137543353e-05,0.0
Ryan Griffin,TE,HOU,2.616686884009364,4500.0,0.98095275243177082,0.01633354723318841,0.0016861095546504147,0.00065838754934278586,0.00019387572467374032,0.0001724559191782414,2.8715871952666705e-06,0.0
Zach Ertz,TE,PHI,2.6019410226345685,5400.0,0.98450533467713286,0.012654943398694128,0.0016366691219895516,0.00058795511864607585,0.00038789632877598836,0.00022155772850101095,5.6436262604926306e-06,0.0
Richard Rodgers,TE,GB,2.550126490223072,5100.0,0.99152261844389011,0.0077078898796600834,0.00032113204368865644,0.00022286734044928573,0.0001259748232614619,9.6147190431496946e-05,3.37027861933255e-06,0.0
Lance Kendricks,TE,LARM,2.5460588575633496,4500.0,0.99248115798831904,0.0066284018837694829,0.00037791662317461679,0.00030557975480755234,0.00012654618363411901,7.8647864886788674e-05,1.7497014088979322e-06,0.0
Garrett Celek,TE,SF,2.5306154404028329,4700.0,0.99637768847908592,0.0014988006830987007,0.0019079252512171747,0.00010486352675368413,6.2587391720819304e-05,4.6252396608973091e-05,1.8822715145308787e-06,0.0
Jack Doyle,TE,IND,2.5242870386806686,4800.0,0.99659297080263887,0.00244245447583792,0.00066607662776151848,0.0001706869374650651,7.1033186438881893e-05,5.4966904969457677e-05,1.8110648884069453e-06,0.0
Clive Walford,TE,OAK,2.5168319330432838,4700.0,0.99863960609071722,0.00049224476526999903,0.0003920696239865761,0.00019107624008489943,9.4719508980061154e-05,6.5965781339387758e-05,0.00012431798962181029,0.0
Julius Thomas,TE,JAC,2.5123763809485542,5700.0,0.99874539990537736,0.00066598417292875324,0.00022361207293629032,0.0001910849698249171,9.3077025176101916e-05,7.2644792457944051e-05,8.1970612985812957e-06,0.0
Xavier Grimble,TE,PIT,2.5068064849965697,4500.0,0.99921136658297893,0.00041994987654657493,0.0002514769947464851,5.2567029819062997e-05,4.3042711990263275e-05,2.1238686410956068e-05,3.5811750789204983e-07,0.0
Vernon Davis,TE,WAS,2.5062847777375366,4500.0,0.99915685848333535,0.00063619958805146836,8.3333969664752975e-05,6.2377805078539698e-05,3.919739166551971e-05,2.2031944066109609e-05,8.1813816340288032e-10,0.0
Dion Sims,TE,MIA,2.5047871363245942,4500.0,0.99946111517710456,0.00030048145295240048,0.00013075443501979006,5.7889425965113721e-05,2.8293786645710859e-05,2.0622451719285461e-05,8.4327059267773709e-07,0.0
David Johnson,TE,PIT,2.5043771484244837,4500.0,0.99939299435399664,0.0004278843522929367,0.00012686409860595125,2.627299659719856e-05,1.5193003338883899e-05,1.06110909016693e-05,1.8010426711072949e-07,0.0
Larry Donnell,TE,NYG,2.5032398916744492,5000.0,0.99951192810062695,0.00040418164555602296,4.4510181678095073e-05,1.793554908419483e-05,1.0499319874735233e-05,8.1142809633296204e-06,2.8309222168299978e-06,0.0
Logan Paulsen,TE,CHI,2.5022481625593436,4500.0,0.999808806713259,4.8418848341324682e-05,7.5806602178686634e-05,3.3267638872847967e-05,1.8986937891923001e-05,1.452426365584583e-05,1.8899580068232156e-07,0.0
Dominique Jones,TE,MIA,2.5021587260256268,0.0,0.99974901592548737,0.00017437542345225698,2.7214293360020101e-05,2.0926037256666833e-05,1.2248115982939966e-05,9.5071398287606653e-06,6.7130646319214027e-06,0.0
Nick O'Leary,TE,BUF,2.5019581009880127,4500.0,0.99969959539213149,0.00024400243263017618,3.5178023736560129e-05,1.2187983573944119e-05,4.9966877762266708e-06,3.6970702103264337e-06,3.4240994163028315e-07,0.0
Jermaine Gresham,TE,ARI,2.5018236566405974,4500.0,0.99976155327904226,0.00017175237149051246,3.2630448605049244e-05,1.6904607871083045e-05,9.5267229642210397e-06,7.1429074842654748e-06,4.8966254267058668e-07,0.0
Anthony Fasano,TE,TEN,2.5014562374871101,4500.0,0.99982521009369774,0.00011218141250231047,3.1255760744435184e-05,1.5762050094930231e-05,8.8130967890975719e-06,6.6921894159724771e-06,8.539675536854715e-08,0.0
Darren Fells,TE,ARI,2.5012051060460503,4500.0,0.99986542008784718,7.9453446480931531e-05,2.6508971472045302e-05,1.3868212332534471e-05,7.9751991573066409e-06,5.9914343061531491e-06,7.8264840419772011e-07,0.0
Connor Hamlett,TE,CLE,2.5012034036034594,4500.0,0.99987148157493433,7.7792795441893834e-05,1.4279219449316242e-05,1.9410023363788703e-05,9.280752575438446e-06,7.6234777142493464e-06,1.3215652106167289e-07,0.0
Jerell Adams,TE,NYG,2.5011669160201646,4500.0,0.99986070909525415,7.5082799987877697e-05,4.7029429205581042e-05,8.4252578483068809e-06,4.917239422921971e-06,3.7588962883142261e-06,7.7281993149486298e-08,0.0
Marcedes Lewis,TE,JAC,2.5008483132040245,4500.0,0.99991175286874368,4.2153321760874619e-05,2.7363567865503429e-05,8.612955187596565e-06,5.2786720370450029e-06,3.7482426878239105e-06,1.0903717173982941e-06,0.0
Brandon Bostick,TE,NYJ,2.5008093758827923,4500.0,0.99991099423718466,4.2049388998733768e-05,3.2433575630238448e-05,7.0873371613769935e-06,3.9752193735661758e-06,3.1305489438564529e-06,3.2969270790910808e-07,0.0
Tyler Kroft,TE,CIN,2.500715130528437,4500.0,0.99993796925236833,2.2661371667659416e-05,1.5623264976304749e-05,1.1715401130179048e-05,6.584090418665341e-06,5.1782582363969516e-06,2.6836120302191854e-07,0.0
Demetrius Harris,TE,KC,2.5003869551638931,4500.0,0.99995218981053124,3.2289443444216814e-05,7.5987025770538147e-06,3.8423494862757098e-06,2.2662090231718666e-06,1.6502349791646376e-06,1.6324995891329812e-07,0.0
Mychal Rivera,TE,OAK,2.5003182820071594,4500.0,0.99997081854024528,1.1470736893509684e-05,9.23200406297239e-06,3.6994419295318402e-06,2.1543141259150422e-06,2.0374558034556214e-06,5.8750693894108119e-07,0.0
Levine Toilolo,TE,ATL,2.5002803960430824,4500.0,0.99997092167618451,1.2502815141960716e-05,1.0785198084797393e-05,2.7628263253517403e-06,1.6330685338677308e-06,1.2523053652419953e-06,1.4211036418032176e-07,0.0
Ed Dickson,TE,CAR,2.500251503465432,4500.0,0.9999660291153345,2.4508705476512081e-05,5.4849013433283126e-06,1.9703356190993694e-06,1.1517113793696185e-06,8.3644530561510386e-07,1.8785541592078336e-08,0.0
John Phillips,TE,NO,2.5002087349606312,4600.0,0.99997293850067648,2.0299746796361679e-05,2.3665488998848773e-06,2.0988447584292416e-06,1.2377763886903002e-06,9.4285228111343382e-07,1.1573019914707241e-07,0.0
Josh Hill,TE,NO,2.5001637849168463,4500.0,0.99997851181943109,1.6372008612386383e-05,1.7026305134528647e-06,1.6309525557616356e-06,9.6084462583057421e-07,7.3190675817254134e-07,8.9837502890507211e-08,0.0
Ifeanyi Momah,TE,ARI,2.5001586296017315,4500.0,0.99998484394201126,6.9234493502215204e-06,3.4922630737133142e-06,2.3182577997606938e-06,1.3512219115640871e-06,1.0015628297883416e-06,6.930302370125904e-08,0.0
Phillip Supernaw,TE,TEN,2.5001525830772802,4500.0,0.99998590133422116,5.8988980982245925e-06,3.4780409601493356e-06,2.2966491984075949e-06,1.3727063966833253e-06,1.0397000404032674e-06,1.2671085139397033e-08,0.0
Virgil Green,TE,DEN,2.500139822284301,4600.0,0.99998305234455032,1.0930769682066116e-05,3.2435066941738411e-06,1.3239302595340986e-06,7.8133368926583151e-07,5.9546670159468444e-07,7.2648422531396494e-08,0.0
Luke Willson,TE,SEA,2.5001281893674321,4500.0,0.99998670213640051,7.5050275446723012e-06,2.2534964813109944e-06,1.6711075876955444e-06,9.6115959467255175e-07,7.5205247166077117e-07,1.5501991982137382e-07,0.0
Brandon Williams,TE,SEA,2.5001281893674321,4500.0,0.99998670213640051,7.5050275446723012e-06,2.2534964813109944e-06,1.6711075876955444e-06,9.6115959467255175e-07,7.5205247166077117e-07,1.5501991982137382e-07,0.0
Justin Perillo,TE,GB,2.5001114331487928,4500.0,0.99998380994590874,1.325600309301584e-05,1.127633961798983e-06,8.8059508135871033e-07,5.1648838654356832e-07,3.9536549427819695e-07,1.3968073928093137e-08,0.0
Brent Celek,TE,PHI,2.5001087768458334,4500.0,0.99998988352094509,4.0257574889238339e-06,2.3277704934515477e-06,2.5391758567266618e-06,6.8717085999389493e-07,5.2004575280144664e-07,1.6558602614169275e-08,0.0
Geoff Swaim,TE,DAL,2.5001067512812871,4500.0,0.99998355776519032,1.4509966603679416e-05,4.8015953856764257e-07,6.3483166925266807e-07,3.642717028119472e-07,2.8409710588941206e-07,1.6890818895495377e-07,0.0
Gavin Escobar,TE,DAL,2.5001067512812871,4500.0,0.99998355776519032,1.4509966603679416e-05,4.8015953856764257e-07,6.3483166925266807e-07,3.642717028119472e-07,2.8409710588941206e-07,1.6890818895495377e-07,0.0
Trey Burton,TE,PHI,2.5000968728549786,4500.0,0.99999036164448651,4.7770847434445989e-06,2.0829438658772913e-06,1.3039851447482802e-06,8.7917149269452458e-07,5.7709974635780554e-07,1.8070520562423434e-08,0.0
Vance McDonald,TE,SF,2.5000853946172503,4600.0,0.99998953882000097,6.7500973510178362e-06,2.107809817477804e-06,7.626881797793508e-07,4.4978999906210737e-07,3.4278887549521237e-07,4.8005777017145255e-08,0.0
Marqueis Gray,TE,MIA,2.5000815924647366,4500.0,0.99999153271481667,4.9828924337988285e-06,1.0053494076259524e-06,1.2045266377466755e-06,7.0575995421548357e-07,5.3909126658653107e-07,2.9665482414986292e-08,0.0
James O'Shaughnessy,TE,KC,2.5000773141341059,4500.0,0.99998897369824535,8.9989862210272978e-06,7.0364132537106577e-07,6.3347487608760213e-07,3.6277987864945182e-07,2.821417647012373e-07,4.5277689638655438e-08,0.0
Erik Swoope,TE,IND,2.5000718923668623,0.0,0.99999263063428911,4.0247012292334667e-06,1.6503515585624285e-06,7.0150507010091471e-07,4.1280476588251078e-07,3.1512354518524391e-07,2.6487954247848929e-07,0.0
Kellen Davis,TE,NYJ,2.5000584189705082,4500.0,0.99999409512190662,2.9224451027057772e-06,1.4217374951071929e-06,7.5023421874312558e-07,4.3693967113745896e-07,3.389851822310702e-07,3.4536424080285054e-08,0.0
Tyler Higbee,TE,LARM,2.5000510346121794,4500.0,0.99999419479722262,3.7711560852862843e-06,6.2853762319037129e-07,7.512123239498975e-07,3.6030280420952876e-07,2.8474513268897642e-07,9.2488080127203047e-09,0.0
Cory Harkey,TE,LARM,2.5000510346121794,4500.0,0.99999419479722262,3.7711560852862843e-06,6.2853762319037129e-07,7.512123239498975e-07,3.6030280420952876e-07,2.8474513268897642e-07,9.2488080127203047e-09,0.0
Clay Harbor,TE,DET,2.5000232337220156,4500.0,0.99999742689726223,1.5427428466190507e-06,4.5107690326518164e-07,2.7564612428364066e-07,1.6370390044429464e-07,1.2631365972831946e-07,1.3619304053738312e-08,0.0
Khari Lee,TE,DET,2.5000232337220156,4500.0,0.99999742689726223,1.5427428466190507e-06,4.5107690326518164e-07,2.7564612428364066e-07,1.6370390044429464e-07,1.2631365972831946e-07,1.3619304053738312e-08,0.0
Cole Wick,TE,DET,2.5000232337220156,4500.0,0.99999742689726223,1.5427428466190507e-06,4.5107690326518164e-07,2.7564612428364066e-07,1.6370390044429464e-07,1.2631365972831946e-07,1.3619304053738312e-08,0.0
Sean McGrath,TE,SD,2.5000101703329767,4500.0,0.99999909442829493,4.0277280498302531e-07,1.4417896196718677e-07,1.7594491303686524e-07,1.015204331499953e-07,7.8990304954407091e-08,2.1642876501509297e-09,0.0
Niles Paul,TE,WAS,2.5000057368913553,4500.0,0.99999959475810885,9.1163077464230987e-08,7.2757258113848683e-08,1.1586021777145364e-07,6.4190296959134167e-08,6.1268620662242574e-08,2.4204464465630304e-12,0.0
