name,pos,team,expectation,salary,prob_0_5,prob_5_10,prob_10_15,prob_15_20,prob_20_25,prob_25_30,prob_30+,label
GB,Def,GB,31.107859856491359,4500.0,0.034698551363415889,0.020482023558864578,0.038447298616836448,0.022543043758141441,0.001705464424466788,0.12270610485022938,0.75941751342804553,6.0
PHI,Def,PHI,25.720234161693298,4500.0,0.028518683777431414,0.034436132291541466,0.10303903711742018,0.053540700343089595,0.0021397413837630709,0.54984368254396432,0.22848202254279007,5.0
KC,Def,KC,18.16293345313548,4600.0,0.04536322341789116,0.074113132123713635,0.087723910735707872,0.6483310045502455,0.00040391367150542499,2.8213739188555616e-06,0.14406199412701753,3.0
SEA,Def,SEA,17.292130564636842,4800.0,0.017810395712120432,0.041065440797333347,0.056749593881191947,0.84121243050576866,0.00013143191544048196,7.5435623988405867e-07,0.043029952831905187,3.0
JAC,Def,JAC,16.860133422421068,4200.0,0.025287231772446336,0.040252705177059846,0.055363930889344028,0.85449255830328585,0.00093019169007667833,1.9538821544674082e-05,0.023653843346242719,3.0
NO,Def,NO,16.642070674808771,4000.0,0.038870448164922321,0.066151972163253914,0.063460252828925701,0.79088659138486372,0.00053540283022469361,5.292694373643961e-05,0.040042405684073301,3.0
NYG,Def,NYG,15.474416243005949,4300.0,0.076053156164323926,0.19860181037122862,0.14001518880728886,0.35852604995969783,0.11044745939114575,0.10495540421289333,0.011400931093421622,3.0
ARI,Def,ARI,14.345094316481481,5400.0,0.056776237762757135,0.21642244495564875,0.13953477954579094,0.50623189689542458,0.060292871896201382,0.01410787810611054,0.0066338908380666828,3.0
SD,Def,SD,13.961130552552488,4200.0,0.1719268271776076,0.20337715610716431,0.17554109468894005,0.17821259536847181,0.17369144319848134,0.08251169090637607,0.014739192552958729,1.0
TEN,Def,TEN,13.616479031609121,4700.0,0.19143911934461277,0.24501569533252987,0.18247511326683546,0.21587318776785624,0.033025061020771844,0.017004516112728064,0.11516730715466569,1.0
DAL,Def,DAL,13.328426945328729,4300.0,0.35166957402777443,0.2640630417326858,0.076468574217415014,0.040310974278316335,0.042564028523824113,0.0030057233079431441,0.22191808391204132,0.0
OAK,Def,OAK,13.269533747294137,4500.0,0.27105430554622512,0.3115773093988618,0.099952251818043555,0.093407245382581564,0.035795787851208294,0.0029100674324772416,0.18530303257060221,1.0
DEN,Def,DEN,13.231015222691182,5000.0,0.22234344013424653,0.23024969925574371,0.12843302174098972,0.15076317193520511,0.20121675025870844,0.022353115618752657,0.044640801056353964,1.0
SF,Def,SF,13.195426820268874,4200.0,0.31941041537876502,0.29434456075834042,0.080636426256714133,0.06936880260942041,0.022601968334201014,0.002461469126462119,0.21117635753609695,0.0
PIT,Def,PIT,13.150174762312968,4800.0,0.187080454499188,0.35159560998366435,0.12034940669129901,0.11678652217685853,0.10292976504738459,0.0083444453561455374,0.11291379624545998,1.0
CHI,Def,CHI,12.951898649337124,4300.0,0.17482510687161948,0.26857901146439556,0.19358805621602515,0.19124920702316964,0.05953901543566581,0.071137664180333085,0.041081938808791033,1.0
HOU,Def,HOU,12.931362411015158,4400.0,0.1184038513028469,0.28262053070081572,0.17389853222965471,0.32672624261158961,0.039654058475843988,0.042979450073571644,0.015717334605677431,3.0
BAL,Def,BAL,12.825973373876089,4500.0,0.1673879624293384,0.29756673398289479,0.20069625626820559,0.13260593000505685,0.090912732629125914,0.077087195153815097,0.033743189531563411,1.0
IND,Def,IND,12.760829586701195,4400.0,0.24773195422658553,0.24381884777527085,0.18112084829623615,0.12652336563459693,0.08263485715473036,0.021406651654657934,0.096763475257922144,0.0
BUF,Def,BUF,12.563905777095329,4800.0,0.14731687916007963,0.30157562733676108,0.24897502940982855,0.18268821555601397,0.037776522700799356,0.011170324097303884,0.070497401739213608,1.0
ATL,Def,ATL,12.341896369153325,4200.0,0.29143711314374127,0.28898582513651749,0.12480925876623915,0.11039338896648077,0.037932098971863996,0.0033391194825009769,0.14310319553265632,0.0
MIA,Def,MIA,12.138791025023991,4000.0,0.19847976423386554,0.29635848206762283,0.17157960603194899,0.17789520297080816,0.094541440986394346,0.014037757397043016,0.047107746312316998,1.0
NYJ,Def,NYJ,11.585836874416161,4000.0,0.20433283474199113,0.35698934301743379,0.14392713059829662,0.15882409324068786,0.04676915509193267,0.047165673955577102,0.041991769354080825,1.0
WAS,Def,WAS,11.460387935278868,4400.0,0.22697061942661673,0.33957059965539071,0.15236387189444242,0.1594387347763643,0.047155661902427232,0.0022752923788238199,0.072225219965934923,1.0
CLE,Def,CLE,11.373630867346773,4100.0,0.42807776156827992,0.23582170310112074,0.084496439558569988,0.043964010158712,0.042877608648517987,0.0029646493935392205,0.16179782757125999,0.0
CIN,Def,CIN,11.249586026895825,4300.0,0.41527694869414189,0.28182874642899314,0.07311082714906493,0.024773058460920972,0.03341390144252919,0.00099022823940811606,0.17060628958494184,0.0
DET,Def,DET,10.700886044095835,4500.0,0.28234493071230776,0.31533948853757421,0.15205000470795393,0.12473638150969266,0.05782992140574985,0.016557596406720995,0.051141676720000424,1.0
LARM,Def,LARM,10.583826948020413,4600.0,0.34575438415474419,0.23993628233364853,0.16225540651592535,0.13216904305391619,0.043039861535432371,0.010560617804041057,0.066284404602292318,0.0
CAR,Def,CAR,9.7782144523915129,4700.0,0.35532717824697507,0.32412417737835125,0.14001656682196173,0.065023242122991765,0.035629580192413024,0.0035450844833972233,0.076334170753909858,0.0
NE,Def,NE,9.6604916199298696,4700.0,0.35632480306473147,0.31105951570882895,0.1591975964389131,0.065340259749633631,0.036722393822957812,0.0027180280256607669,0.068637403189274276,0.0
