name,pos,team,expectation,salary,prob_0_5,prob_5_10,prob_10_15,prob_15_20,prob_20_25,prob_25_30,prob_30+,label
Martellus Bennett,TE,NE,9.7420473129365455,6600.0,0.30236720953376856,0.27481236688660715,0.23245261158846023,0.10740512724343214,0.048172518711231981,0.021566442192461024,0.013223723844038787,0.0
Jason Witten,TE,DAL,9.6152527580679426,5600.0,0.28513763099887357,0.30538656276416382,0.22211066272790039,0.111538440742979,0.050300982000757756,0.018862514541974826,0.006663206223350991,1.0
Greg Olsen,TE,CAR,9.1330803305223363,8100.0,0.30394138360710848,0.33212189266851999,0.188800054581931,0.11471645031425938,0.036554224384980585,0.019067432060945549,0.0047985623822548997,1.0
Rob Gronkowski,TE,NE,8.6443109807085996,8400.0,0.40854773136284445,0.22600765020519842,0.1975142890102338,0.106843395096217,0.035178033545484252,0.014549471083118534,0.011359429696903595,0.0
Dwayne Allen,TE,IND,8.380533120337601,5800.0,0.33980879846587425,0.3413161219593509,0.19255437807317249,0.080262946217737843,0.026370559412026283,0.016370735670962318,0.0033164602008760439,1.0
Delanie Walker,TE,TEN,8.2554645234980448,6700.0,0.40051269557087149,0.25974385853894399,0.19077126682396869,0.10943944957440403,0.023175563681923521,0.011690445801637537,0.0046667200082512739,0.0
Jacob Tamme,TE,ATL,7.8494786648144173,5300.0,0.44725008330581201,0.26089889257477211,0.15795870787186955,0.084379623927584607,0.027358274763353393,0.0089975068731649177,0.013156910683443122,0.0
Hunter Henry,TE,SD,7.8491673253616092,5400.0,0.38250670265209741,0.35145047186611517,0.14560171793003665,0.081875839191131783,0.019330154849381172,0.013864544965227191,0.0053705685460118009,0.0
Gary Barnidge,TE,CLE,7.523389353658998,5300.0,0.4299543660628371,0.31385087047402588,0.14580396729359607,0.070684327827007135,0.018884309014066545,0.01581012633449777,0.0050120329939699866,0.0
Zach Miller,TE,CHI,7.4733735319934036,5800.0,0.40384696809873377,0.36555040985637155,0.12236140913449672,0.067889867790973502,0.024220489872584884,0.014000429129603496,0.0021304261172365928,0.0
Jimmy Graham,TE,SEA,7.1937644934274356,6900.0,0.4739393090153417,0.2597808932124589,0.16335269797423202,0.071826336648850048,0.021072511976715634,0.0084573872996395946,0.001570863872762105,0.0
Charles Clay,TE,BUF,7.1855755243885593,5300.0,0.4602007544329581,0.28195168037057466,0.15529895876437988,0.078624952778368437,0.016756349763925309,0.003281483797395224,0.0038858200923991238,0.0
Dennis Pitta,TE,BAL,7.1284052316940008,5400.0,0.46846436289686272,0.30072753140075098,0.12767156411056904,0.062532334298365494,0.025096185060424284,0.01278233395637462,0.0027256882766529601,0.0
C.J. Uzomah,TE,CIN,6.9480273051841248,4900.0,0.49291209397473418,0.26969571725269659,0.14830636649888113,0.052654254085609621,0.021960580828417224,0.011046328414619368,0.0034246589450418006,0.0
Coby Fleener,TE,NO,6.7165547384297373,5600.0,0.5127550741489556,0.25396651478232962,0.15219132899695098,0.054518256956381725,0.016254296930291744,0.0071030779224581638,0.0032114502626327027,0.0
Travis Kelce,TE,KC,6.680814619101259,6400.0,0.51301985505878211,0.25977515144320462,0.1481894816189126,0.051407639586580248,0.016334287921670139,0.0085530398118179758,0.0027205445590323921,0.0
Jesse James,TE,PIT,6.5816392452289039,5400.0,0.54807632818394347,0.22915191422540121,0.13262727141270389,0.058059849857693559,0.020417877622734795,0.0065090664019685357,0.0051576922955552116,0.0
C.J. Fiedorowicz,TE,HOU,5.8116693518243903,5100.0,0.5748475643433123,0.2736070242605752,0.09388892135991278,0.038365886586783311,0.013460196263881992,0.0039247254249173899,0.0019056817606172571,0.0
Will Tye,TE,NYG,5.6300948122285428,4900.0,0.62571658198018376,0.20890346887822395,0.10415337622608764,0.045571092512202836,0.009228688652357769,0.0043956249412437426,0.0020311668097001555,0.0
Antonio Gates,TE,SD,5.5406062108762608,5600.0,0.66580462483993286,0.1853281774152119,0.087873209357236359,0.0321495194671425,0.0090245713784222054,0.0095530212619304687,0.010266876280122971,0.0
Jack Doyle,TE,IND,5.5401435239080437,4800.0,0.64643867660228649,0.19618543355857543,0.097521867469765822,0.037232427241014714,0.012442383838329208,0.0072214361186966241,0.0029577751713319059,0.0
Zach Ertz,TE,PHI,5.4219090109261074,5400.0,0.65953939115894089,0.19039041019746963,0.095102551020419451,0.036211237308559893,0.0076934379352212373,0.0050203294571211339,0.0060426429222680943,0.0
Clive Walford,TE,OAK,5.2920924202438524,4700.0,0.67542098143371065,0.17243458282095356,0.10391617354854245,0.030157333328441796,0.010131787702270413,0.0029680094954670048,0.0049711316706138398,0.0
Garrett Celek,TE,SF,5.2340048570831161,4700.0,0.65511563138287909,0.20405149661566374,0.093332242851906291,0.037511041654916519,0.007624349888200794,0.0015463865748145949,0.00081885103161867935,0.0
Ryan Griffin,TE,HOU,5.1778090215315649,4500.0,0.65516861760858269,0.20885762430651064,0.099762142296004219,0.021958184157489062,0.011073092507116316,0.002439487600708458,0.00074085152358765007,0.0
David Johnson,TE,PIT,5.0981343255950922,4500.0,0.68423805627627854,0.18413190522526196,0.085648390102843364,0.032891794086330597,0.0055417183878278837,0.0038046397411376017,0.0037434961803197685,0.0
Julius Thomas,TE,JAC,4.9594708448981599,5700.0,0.7212357207481418,0.14102539568208808,0.08314009588335998,0.045035681083431152,0.0044096490485978027,0.0011030213448916402,0.0040504362094893939,0.0
Richard Rodgers,TE,GB,4.8310480057472773,5100.0,0.74397736638455103,0.15094553098226732,0.058221717519341978,0.024717701860020865,0.0060620118566602843,0.002714921306484222,0.013360750090673751,0.0
Nick O'Leary,TE,BUF,4.7644423852544708,4500.0,0.74433657773884376,0.1399855326578453,0.081805868186995701,0.016740330912086241,0.0041671746250753344,0.0012452242879992716,0.011719291591154056,0.0
Lance Kendricks,TE,LARM,4.715142683368029,4500.0,0.70606520301271902,0.18677446735764147,0.075709673612611925,0.025681476607941782,0.0025453538489789559,0.0022306595131323329,0.00099316604697496555,0.0
Austin Hooper,TE,ATL,4.7040268685520843,4500.0,0.7424455573267873,0.13345564874482788,0.093228528372792566,0.019498261000968353,0.0037667860903574006,0.0014021194413769836,0.0062030990228898455,0.0
Dion Sims,TE,MIA,4.5768520985791898,4500.0,0.73794085496626227,0.1563104894212311,0.076669295179175534,0.017922184901058739,0.0066086728731254204,0.0026967823625822169,0.001851720296564155,0.0
Brent Celek,TE,PHI,4.5736629121886523,4500.0,0.75437814194561825,0.13601195966620491,0.071387997056637786,0.026008323967871113,0.006752961307037752,0.0030574618944073655,0.002403154162222905,0.0
Crockett Gillmore,TE,BAL,4.5234869367125947,4900.0,0.74896643112871164,0.15045211664451086,0.066042813261692798,0.022769012795495324,0.0075846290186796497,0.0024589278449957093,0.0017260693059137815,0.0
Larry Donnell,TE,NYG,4.4782609450094135,5000.0,0.77365015737255682,0.12528603444965108,0.060077984705055473,0.027555717408627899,0.0067033948580752538,0.0019961129035249965,0.0047305983025093083,0.0
Vernon Davis,TE,WAS,4.1243252369474277,4500.0,0.78027065116072514,0.14268784412094157,0.059183973913375529,0.010746609438602965,0.0052793113489732818,0.0009688555885935242,0.00086275442878815784,0.0
Xavier Grimble,TE,PIT,3.9563076444621323,4500.0,0.81568266807848089,0.10886974468436507,0.053758171871293829,0.016243834921803819,0.0026691872558061449,0.0017195793645294907,0.0010568138237215224,0.0
Connor Hamlett,TE,CLE,3.7197752926950813,4500.0,0.84201179971576878,0.098364071097887848,0.041802847276039785,0.014278846765027175,0.0011680549594292535,0.00063795896783558164,0.0017364212180111828,0.0
Marcedes Lewis,TE,JAC,3.6822136112622004,4500.0,0.84369729473726973,0.10319427891438555,0.036293637791433575,0.011207877643541446,0.003116638834388244,0.0010771926842453219,0.0014130793947359412,0.0
Tyler Kroft,TE,CIN,3.6712681395499827,4500.0,0.84847415481501165,0.096844078966754232,0.03571296987161756,0.014653828108663535,0.0016413943495569698,0.0012811218658566866,0.001392452022539282,0.0
John Phillips,TE,NO,3.5348137549111018,4600.0,0.87191584217417828,0.081466951228658047,0.029383185754152791,0.0077365853964508659,0.0064789195549084834,0.001344239639644242,0.0016742762520075203,0.0
Ed Dickson,TE,CAR,3.4428779166047905,4500.0,0.88150856673588751,0.076501759163115274,0.028278023572053404,0.0081025817926565508,0.001631899574231917,0.000779444143017307,0.0031977250190387443,0.0
Anthony Fasano,TE,TEN,3.4331556867495894,4500.0,0.86914189443848322,0.094652663867653794,0.024995774490033922,0.0069392671680121292,0.0022724608281247346,0.00060488344289356109,0.0013930557647989031,0.0
Jerell Adams,TE,NYG,3.4088265169051311,4500.0,0.8775203333178625,0.082290537933581084,0.028988876249907963,0.0077847457144527756,0.0011223084318135947,0.00083483147564331831,0.0014583668767384728,0.0
Trey Burton,TE,PHI,3.3806308395441467,4500.0,0.8811914584974937,0.081868867148977092,0.025892874420396544,0.0065442175770216316,0.0021693795383503612,0.00066962485390152833,0.0016635779638592544,0.0
Darren Fells,TE,ARI,3.3407177106891872,4500.0,0.88902721024412668,0.074441720504628744,0.025491811471177461,0.0066300089311831433,0.001644135945027263,0.0011477371719172745,0.0016173757319398201,0.0
Brandon Bostick,TE,NYJ,3.3260088031087118,4500.0,0.88227308547807992,0.084408649566763069,0.024571228002435875,0.0063668083371483629,0.00096063145226667494,0.00034645155459829416,0.0010731456087083257,0.0
Demetrius Harris,TE,KC,3.2869176334685295,4500.0,0.89625225601688574,0.069031349422148128,0.024592687143047104,0.0062708566299001399,0.0015768400972771006,0.00049813118878124266,0.0017778795019612651,0.0
Dominique Jones,TE,MIA,3.2405092673492986,0.0,0.91157468605845582,0.057224751179552329,0.017467376335375474,0.0036553909925962549,0.0079199151996121649,0.00048647045355611391,0.0016714097808520638,0.0
Vance McDonald,TE,SF,3.23921501093725,4600.0,0.90043510139293548,0.068457996221820458,0.022452437163010298,0.0050645583909632134,0.0011153203272053689,0.00083975807901707318,0.0016348284250480561,0.0
Cole Wick,TE,DET,3.2112929088923496,4500.0,0.9013668354983837,0.069902672560695933,0.021454677070761277,0.0038836304513526977,0.0013915358276811076,0.00051646362056843355,0.0014841849705578818,0.0
Luke Willson,TE,SEA,3.173285620878902,4500.0,0.9084708648946298,0.06406061385342246,0.019023210471171201,0.0051862214499373768,0.0012946720572172298,0.00063731698480751307,0.0013271002888148706,0.0
Justin Perillo,TE,GB,3.1726410733217674,4500.0,0.9100097613086684,0.062009322920270997,0.019566078178411817,0.0049116219606497253,0.0013360674956445849,0.00051924224238792988,0.001647905893967851,0.0
Niles Paul,TE,WAS,3.168815364246429,4500.0,0.90256891084273805,0.075095345712513681,0.016784569374482833,0.0020938900917394404,0.00093547938775732985,0.00087781951895734049,0.0016439850718111052,0.0
Jermaine Gresham,TE,ARI,3.1612624234015927,4500.0,0.90811997727114968,0.068522769023513147,0.015895228826455512,0.0039227563237723322,0.00087082833049267352,0.00043812383293439139,0.0022303163916822725,0.0
Levine Toilolo,TE,ATL,3.1333276536277541,4500.0,0.91609851668892672,0.056227360383195937,0.021949442358314322,0.0021873051621418222,0.00066503973356600089,0.00090198045001535574,0.0019703552238399913,0.0
Logan Paulsen,TE,CHI,3.1078841753841076,4500.0,0.91688719342729297,0.057680900985444115,0.019149718706817538,0.0035973606249829044,0.00080977382579783264,0.00041501419547707822,0.0014600382341872441,0.0
Mychal Rivera,TE,OAK,3.1045516520151586,4500.0,0.91992223907533444,0.05305210316705368,0.021601259881909172,0.0023785872875043989,0.00051872801435134421,0.00065400211851071122,0.0018730804553365214,0.0
Sean McGrath,TE,SD,3.0981008453239856,4500.0,0.91827788891776652,0.056637403772478209,0.01839908346480899,0.0038072473468821456,0.0013107333886765685,0.00044650496245169751,0.0011211381469368033,0.0
Phillip Supernaw,TE,TEN,3.0921860658627618,4500.0,0.92192334060490377,0.054374933719583497,0.01660488589075455,0.0027071386117897807,0.0019152542096574584,0.00067588684270920092,0.0017985601206022205,0.0
Geoff Swaim,TE,DAL,3.0742222902513547,4500.0,0.91890651111320165,0.061652789612382589,0.013743557955061599,0.0024548557724266232,0.00060082322827159163,0.00082187518257813372,0.0018195871360781766,0.0
Gavin Escobar,TE,DAL,3.0742222902513547,4500.0,0.91890651111320165,0.061652789612382589,0.013743557955061599,0.0024548557724266232,0.00060082322827159163,0.00082187518257813372,0.0018195871360781766,0.0
Tyler Higbee,TE,LARM,3.0605028397625968,4500.0,0.91974888242946218,0.05875927654235457,0.016979430632438727,0.0023800998757856069,0.00046737813623974291,0.00029962834747171001,0.0013653040362481216,0.0
Cory Harkey,TE,LARM,3.0605028397625968,4500.0,0.91974888242946218,0.05875927654235457,0.016979430632438727,0.0023800998757856069,0.00046737813623974291,0.00029962834747171001,0.0013653040362481216,0.0
Virgil Green,TE,DEN,3.0425593545085872,4600.0,0.9266405512943019,0.051977638718847356,0.015767705378289684,0.0025028156276065581,0.00072929886068686029,0.00060650445401305611,0.0017754856662550789,0.0
Kellen Davis,TE,NYJ,3.0327472397055852,4500.0,0.9223943440645701,0.05920027291719368,0.013837594711610056,0.0021065919914087304,0.00086339716536722449,0.00032338233934741637,0.0012744168105032101,0.0
Josh Hill,TE,NO,3.0259014844992107,4500.0,0.9285000271156223,0.050724251390008218,0.015645318228477017,0.0022073717607066926,0.00062639651750732344,0.00059361314612359564,0.0017030218415557072,0.0
Marqueis Gray,TE,MIA,3.0255532601345538,4500.0,0.92704578590814024,0.053344197149732507,0.014318662304088792,0.0024581513087615025,0.00081893099995664174,0.00040921186512791661,0.001605060464192326,0.0
Ifeanyi Momah,TE,ARI,3.0122187882611073,4500.0,0.92752104523971013,0.054541410276424902,0.01293413113992517,0.0022182905414404636,0.0008363877534838637,0.0004220769072760392,0.001526658141739854,0.0
Clay Harbor,TE,DET,3.0110105705208525,4500.0,0.92849100980130628,0.0537449738123379,0.012634752867226002,0.0021945167543308678,0.00063640286790887074,0.00058717500469175404,0.0017111688921989765,0.0
Khari Lee,TE,DET,3.0110105705208525,4500.0,0.92849100980130628,0.0537449738123379,0.012634752867226002,0.0021945167543308678,0.00063640286790887074,0.00058717500469175404,0.0017111688921989765,0.0
Brandon Williams,TE,SEA,3.0040418701382521,4500.0,0.93018311478807159,0.050976082235807657,0.013823437162632924,0.0023223754680561201,0.00063061291965434737,0.00048174258917687266,0.0015826348366010077,0.0
Erik Swoope,TE,IND,2.9868983838247165,0.0,0.93358845717550643,0.048527859263408538,0.012862313395292806,0.0021211283104078686,0.00054044926065477698,0.00049109541909308477,0.0018686971756370296,0.0
James O'Shaughnessy,TE,KC,2.9844124116335107,4500.0,0.9339745846219909,0.048335606263481955,0.012528924055374729,0.0022071935070301597,0.00062212509279855395,0.0005174899502812339,0.0018140765090430037,0.0
