name,pos,team,expectation,salary,prob_0_5,prob_5_10,prob_10_15,prob_15_20,prob_20_25,prob_25_30,prob_30+,label
Ben Roethlisberger,QB,PIT,18.471428571428572,8700.0,0.051428571428571428,0.11428571428571428,0.18428571428571427,0.23428571428571429,0.19428571428571428,0.13857142857142857,0.082857142857142851,3.0
Aaron Rodgers,QB,GB,18.207142857142859,8800.0,0.091428571428571428,0.085714285714285715,0.17428571428571429,0.25,0.17714285714285713,0.12714285714285714,0.094285714285714292,3.0
Tyrod Taylor,QB,BUF,18.096428571428572,7800.0,0.058571428571428573,0.080000000000000002,0.22428571428571428,0.26571428571428574,0.19,0.097142857142857142,0.084285714285714283,3.0
Derek Carr,QB,OAK,17.960714285714285,7900.0,0.044285714285714282,0.10714285714285714,0.18142857142857144,0.30428571428571427,0.19285714285714287,0.11142857142857143,0.058571428571428573,3.0
Matt Ryan,QB,ATL,17.907142857142858,7600.0,0.052857142857142859,0.13714285714285715,0.20000000000000001,0.22142857142857142,0.21714285714285714,0.068571428571428575,0.10285714285714286,3.0
Kirk Cousins,QB,WAS,17.817857142857143,7400.0,0.051428571428571428,0.12,0.20714285714285716,0.24428571428571427,0.20285714285714285,0.098571428571428574,0.07571428571428572,3.0
Marcus Mariota,QB,TEN,17.492857142857144,7600.0,0.10285714285714286,0.11857142857142858,0.17857142857142858,0.22857142857142856,0.18285714285714286,0.080000000000000002,0.10857142857142857,3.0
Cam Newton,QB,CAR,17.082142857142856,8900.0,0.11857142857142858,0.11571428571428571,0.18857142857142858,0.23714285714285716,0.1657142857142857,0.055714285714285716,0.11857142857142858,3.0
Philip Rivers,QB,SD,16.896428571428572,7600.0,0.058571428571428573,0.14142857142857143,0.23999999999999999,0.24857142857142858,0.14142857142857143,0.10571428571428572,0.064285714285714279,3.0
Andy Dalton,QB,CIN,16.835714285714289,7600.0,0.10142857142857142,0.13285714285714287,0.20000000000000001,0.21857142857142858,0.18571428571428572,0.07571428571428572,0.085714285714285715,3.0
Russell Wilson,QB,SEA,16.660714285714288,8400.0,0.12714285714285714,0.10285714285714286,0.19857142857142857,0.23428571428571429,0.17000000000000001,0.091428571428571428,0.07571428571428572,3.0
Matthew Stafford,QB,DET,16.464285714285715,8000.0,0.051428571428571428,0.14428571428571429,0.23999999999999999,0.27142857142857141,0.18714285714285714,0.054285714285714284,0.051428571428571428,3.0
Alex Smith,QB,KC,16.457142857142856,6800.0,0.16428571428571428,0.09571428571428571,0.18142857142857144,0.23285714285714285,0.16142857142857142,0.052857142857142859,0.11142857142857143,3.0
Drew Brees,QB,NO,16.12142857142857,8500.0,0.14428571428571429,0.10857142857142857,0.17857142857142858,0.26285714285714284,0.17428571428571429,0.054285714285714284,0.077142857142857138,3.0
Carson Palmer,QB,ARI,15.982142857142858,7700.0,0.12857142857142856,0.13428571428571429,0.22285714285714286,0.20142857142857143,0.16142857142857142,0.07857142857142857,0.072857142857142856,2.0
Eli Manning,QB,NYG,15.85,7700.0,0.084285714285714283,0.17428571428571429,0.2257142857142857,0.23571428571428571,0.15285714285714286,0.067142857142857143,0.059999999999999998,3.0
Tom Brady,QB,NE,15.635714285714284,9000.0,0.22142857142857142,0.09571428571428571,0.18142857142857144,0.16857142857142857,0.14714285714285713,0.088571428571428565,0.097142857142857142,0.0
Ryan Tannehill,QB,MIA,15.132142857142856,7100.0,0.10285714285714286,0.1357142857142857,0.26142857142857145,0.2742857142857143,0.13285714285714287,0.059999999999999998,0.032857142857142856,3.0
Blake Bortles,QB,JAC,14.835714285714285,7800.0,0.16,0.12857142857142856,0.24428571428571427,0.21857142857142858,0.14285714285714285,0.042857142857142858,0.062857142857142861,2.0
Dak Prescott,QB,DAL,14.714285714285715,7200.0,0.26571428571428574,0.10571428571428572,0.15571428571428572,0.16857142857142857,0.13857142857142857,0.074285714285714288,0.091428571428571428,0.0
Ryan Fitzpatrick,QB,NYJ,14.625,6900.0,0.09285714285714286,0.21714285714285714,0.21857142857142858,0.25857142857142856,0.12714285714285714,0.047142857142857146,0.038571428571428569,3.0
Brock Osweiler,QB,HOU,14.5,6900.0,0.10000000000000001,0.18857142857142858,0.27714285714285714,0.20000000000000001,0.1657142857142857,0.034285714285714287,0.034285714285714287,2.0
Andrew Luck,QB,IND,13.739285714285714,8600.0,0.24285714285714285,0.12857142857142856,0.22285714285714286,0.16857142857142857,0.11857142857142858,0.051428571428571428,0.067142857142857143,0.0
Brian Hoyer,QB,CHI,13.667857142857141,7000.0,0.20000000000000001,0.16857142857142857,0.22428571428571428,0.18428571428571427,0.13428571428571429,0.032857142857142856,0.055714285714285716,2.0
Joe Flacco,QB,BAL,13.657142857142857,7500.0,0.19142857142857142,0.17999999999999999,0.23428571428571429,0.1657142857142857,0.13428571428571429,0.042857142857142858,0.051428571428571428,2.0
Case Keenum,QB,LARM,13.157142857142857,6500.0,0.20285714285714285,0.16857142857142857,0.25714285714285712,0.18142857142857144,0.11857142857142858,0.022857142857142857,0.048571428571428571,2.0
Carson Wentz,QB,PHI,12.125,7500.0,0.32285714285714284,0.16,0.17285714285714285,0.14571428571428571,0.10714285714285714,0.027142857142857142,0.064285714285714279,0.0
Drew Stanton,QB,ARI,11.614285714285716,6400.0,0.40285714285714286,0.11714285714285715,0.14571428571428571,0.14428571428571429,0.080000000000000002,0.035714285714285712,0.074285714285714288,0.0
Trevor Siemian,QB,DEN,11.49642857142857,7300.0,0.43142857142857144,0.10857142857142857,0.14714285714285713,0.11857142857142858,0.082857142857142851,0.01,0.10142857142857142,0.0
Cody Kessler,QB,CLE,10.907142857142855,6300.0,0.42571428571428571,0.11571428571428571,0.16,0.13428571428571429,0.077142857142857138,0.021428571428571429,0.065714285714285711,0.0
E.J. Manuel,QB,BUF,10.72857142857143,5000.0,0.63571428571428568,0.040000000000000001,0.055714285714285716,0.047142857142857146,0.028571428571428571,0.01,0.18285714285714286,0.0
A.J. McCarron,QB,CIN,10.078571428571429,5900.0,0.55714285714285716,0.098571428571428574,0.07571428571428572,0.088571428571428565,0.050000000000000003,0.029999999999999999,0.10000000000000001,0.0
Landry Jones,QB,PIT,9.0321428571428584,5500.0,0.69999999999999996,0.024285714285714285,0.051428571428571428,0.051428571428571428,0.034285714285714287,0.0085714285714285719,0.13,0.0
Colin Kaepernick,QB,SF,8.0392857142857146,6400.0,0.7371428571428571,0.034285714285714287,0.031428571428571431,0.052857142857142859,0.029999999999999999,0.0071428571428571426,0.10714285714285714,0.0
Kellen Clemens,QB,SD,7.996428571428571,5000.0,0.75857142857142856,0.029999999999999999,0.031428571428571431,0.038571428571428569,0.011428571428571429,0.0,0.13,0.0
Joe Webb,QB,CAR,7.8321428571428573,5000.0,0.68999999999999995,0.047142857142857146,0.062857142857142861,0.085714285714285715,0.027142857142857142,0.025714285714285714,0.06142857142857143,0.0
Geno Smith,QB,NYJ,7.3357142857142863,5000.0,0.79571428571428571,0.022857142857142857,0.024285714285714285,0.028571428571428571,0.0085714285714285719,0.0028571428571428571,0.11714285714285715,0.0
