name,pos,team,expectation,salary,prob_0_5,prob_5_10,prob_10_15,prob_15_20,prob_20_25,prob_25_30,prob_30+,label
Ezekiel Elliott,RB,DAL,14.409752224877014,8100.0,0.01207571550983837,0.12972327693459432,0.42858063816411085,0.37004216154320174,0.030446293869659805,0.017468806171016336,0.011663107807578541,2.0
Le'Veon Bell,RB,PIT,13.677404299363657,9300.0,0.10496824753747853,0.28695446875774649,0.18288935177691029,0.19470516263527735,0.17794678446072465,0.036425893063114743,0.016110091768747749,1.0
David Johnson,RB,ARI,13.577899165300753,9100.0,0.02111468793458782,0.12478916339819275,0.65784044732631719,0.087179490660105649,0.037786336044626577,0.067305484189735656,0.0039843904464341474,2.0
Matt Jones,RB,WAS,13.301450114576642,6500.0,0.065797845980231584,0.15374259786795999,0.4892295841021625,0.19604243568609125,0.052084579249722499,0.032364392302686382,0.010738564811145818,2.0
DeMarco Murray,RB,TEN,13.070032907796111,8800.0,0.028554458859050311,0.37676592827508765,0.19555118854874995,0.31314420853143399,0.043068514982200608,0.029680309706050272,0.013235391097427511,1.0
LeSean McCoy,RB,BUF,12.770294660902456,8200.0,0.0078585775817144408,0.12741948091771871,0.70982190813038526,0.12461614560367838,0.019468043707280534,0.01001864201540135,0.00079720204382125392,2.0
Jordan Howard,RB,CHI,12.760838703001189,7700.0,0.088832285975696493,0.24359812973440034,0.36304231680406296,0.19395024986288864,0.073756214606136725,0.022483900243198587,0.014336902773616256,2.0
Todd Gurley,RB,LARM,12.344026852919139,7900.0,0.065048410677128465,0.33534006499608016,0.27557344121605903,0.26243782401535759,0.03674251833108691,0.0090269581217746458,0.015830782642513228,1.0
Melvin Gordon,RB,SD,11.971452448064889,7100.0,0.053025331643752546,0.32310607580731554,0.39641108213763737,0.16710114738920268,0.033712221971122516,0.020651331568673922,0.0059928094822953668,2.0
LeGarrette Blount,RB,NE,11.714690325852819,7000.0,0.18293005295876644,0.16433989292103829,0.39440116296422384,0.17499896951586355,0.061007373341589337,0.016218079688827377,0.0061044686096912429,2.0
Carlos Hyde,RB,SF,11.606261236244075,7300.0,0.034573115715451457,0.48069997083340399,0.22614519925233259,0.16491851693145584,0.078968085075048489,0.011922828289209979,0.0027722839030976209,1.0
Devonta Freeman,RB,ATL,10.583492254128082,7100.0,0.041410367908095838,0.57399708509864356,0.17823643320023513,0.16759786450804492,0.021123580058987998,0.010456509601691049,0.0071781596243015097,1.0
C.J. Anderson,RB,DEN,10.169816954074038,7500.0,0.12348897169118822,0.52811015637702752,0.13964455366382184,0.14087402918025041,0.045347513850162488,0.015949369916891037,0.0065854053206584806,1.0
Isaiah Crowell,RB,CLE,9.9617690235033027,6500.0,0.24705966500443713,0.24319197016836544,0.36344060708949194,0.10047617845453949,0.024953890547828449,0.0097789693208762182,0.011098719414461201,2.0
James White,RB,NE,9.0434289468658982,5700.0,0.37226425200593727,0.099646562102480574,0.42657751892845552,0.065698895652212125,0.024948867946312597,0.0077488941320084676,0.0031150092325936359,2.0
Frank Gore,RB,IND,8.7140856180200377,6300.0,0.011866329576662109,0.78368905175407433,0.17390984264915249,0.016225237816907698,0.010382579813746348,0.0029485837903670755,0.00097837459908995902,1.0
Matt Forte,RB,NYJ,8.6949563175831273,6800.0,0.35360757137126847,0.31806095401288836,0.16174177671476739,0.11709528549095161,0.021833128506810889,0.013979973198288226,0.013681310705024981,0.0
Tevin Coleman,RB,ATL,8.6198881758002255,5900.0,0.42193608428443014,0.17568031842336432,0.23014670986113139,0.1297287900101417,0.025165605818888166,0.0097140611365650626,0.0076284304654791971,0.0
Lamar Miller,RB,HOU,8.2268446910707738,7900.0,0.14933451943754528,0.65389867650661737,0.13189688914532233,0.044477967138012379,0.010813485672648802,0.0075142428911928174,0.0020642192086609652,1.0
Fozzy Whittaker,RB,CAR,7.8423096528788365,5600.0,0.16425772439778893,0.69427059132794466,0.085393161413234303,0.034456858508934547,0.011744037827942963,0.0074308552161519341,0.0024467713080028584,1.0
Giovani Bernard,RB,CIN,7.7238378856319834,5700.0,0.16741173868794379,0.7040409731439452,0.086576374706971063,0.011876059158490103,0.021795528832856015,0.0061213691946964618,0.0021779562750973633,1.0
Terrance West,RB,BAL,7.5469512065325324,6500.0,0.40843416283739065,0.29765144049649961,0.22943993178663652,0.032141692326240222,0.016140574140513592,0.0089184839911448256,0.0072737144215745588,0.0
Jeremy Hill,RB,CIN,6.8166107429662128,6900.0,0.4348357096687937,0.38781218415337815,0.093627979832160049,0.05983008084879457,0.01450990689658609,0.0068485108393670485,0.0025356277609201892,0.0
Eddie Lacy,RB,GB,6.7717844770001347,7000.0,0.53622912782302479,0.19652237504066969,0.20339617298461951,0.025590526999537736,0.024815346584200332,0.0082618144246379907,0.005184636143309827,0.0
Jay Ajayi,RB,MIA,6.4309268316542818,5800.0,0.64487193598054948,0.090478069429948418,0.16057745389964576,0.0642645456380007,0.0219923643993374,0.014674869767402825,0.0031407608851154812,0.0
Ryan Mathews,RB,PHI,4.5991552628774821,6500.0,0.72905129665515167,0.19064068921395147,0.050308350252889357,0.014137858815811958,0.005079002313914829,0.0028294271407679691,0.0079533756075124938,0.0
Mark Ingram,RB,NO,4.365908680441561,6700.0,0.76976548454945393,0.15182233255918048,0.04623770065868435,0.010674085228194933,0.014075139238529375,0.0051353239371068199,0.0022899338288502134,0.0
Derrick Henry,RB,TEN,3.7810420128095359,5300.0,0.87278527212254053,0.050274356457216639,0.05371931425395407,0.0084856925974699203,0.0069356978282006151,0.0036015235482982065,0.0041981431923198828,0.0
Chris Thompson,RB,WAS,3.6735037922204454,5200.0,0.88148731812376147,0.021905594170741321,0.086961479911759426,0.0044555635857415473,0.002556492285401482,0.0012256952972450855,0.0014078566253496695,0.0
Spencer Ware,RB,KC,3.6302070982135644,5700.0,0.85884748863734395,0.087781019135369912,0.037519443386263063,0.0061816568582148089,0.0057156803123401502,0.0025945359648210887,0.0013601757056471147,0.0
Bilal Powell,RB,NYJ,3.6048892853807923,5400.0,0.88009753842454352,0.072842270459214181,0.019334134747995967,0.010350411709086937,0.011788951103092646,0.0033688203554088389,0.002217873200657949,0.0
Darren Sproles,RB,PHI,3.0799171807505243,5300.0,0.92109965100934765,0.065142945955730031,0.0041650480469262703,0.0039883349534703084,0.0016743057874443457,0.0011299843437973384,0.0027997299032841779,0.0
Jalen Richard,RB,OAK,3.0485658415731605,5100.0,0.93056091177209277,0.045516897392886446,0.013127884239939746,0.007311392475918852,0.0021204216605494723,0.00088770840604743631,0.00047478405256531989,0.0
DeAndre Washington,RB,OAK,3.0157351329504638,5500.0,0.93987440499745634,0.035163283258091128,0.011564589076198811,0.010804458583797185,0.0012812728992596264,0.00080789658173839477,0.00050409460345874843,0.0
T.J. Yeldon,RB,JAC,3.0111865786068988,6700.0,0.95015164701992627,0.015409972300431325,0.023297822611412715,0.0066932216246744737,0.0028127789066746708,0.0011491375282151337,0.00048542000866541319,0.0
DeAngelo Williams,RB,PIT,3.0030836641404339,5900.0,0.94778672898828586,0.028607231818445229,0.012026603228283902,0.0043141640263083042,0.0041442294960930765,0.0012332609246773591,0.0018877815179061273,0.0
Duke Johnson,RB,CLE,2.9104824568817831,5100.0,0.95746316765680828,0.018842825393153795,0.015360619502194753,0.0043911560070534084,0.0018603862160072638,0.0010763865783072815,0.0010054586464750264,0.0
Alfred Morris,RB,DAL,2.8772644261368816,5000.0,0.9525431304566172,0.032881207556195044,0.0074019337798511753,0.0032905416759170299,0.0023070656641906817,0.0010512421400135721,0.00052487872721497129,0.0
Devontae Booker,RB,DEN,2.8442139907350281,5000.0,0.96237542091784212,0.022614086480669728,0.0074901137901987828,0.0032192248022253223,0.0018915681977937963,0.0010918472567796843,0.0013177385544905771,0.0
Bobby Rainey,RB,NYG,2.7045584705133425,5000.0,0.97466891704048642,0.015842388344208466,0.0060593249693937489,0.0017165405912358204,0.0010249467210888927,0.00051332533780194995,0.00017455699578457974,0.0
Zach Zenner,RB,DET,2.6373236918776266,5300.0,0.98047249704676231,0.015263572809307289,0.0024864714032567753,0.00064320305150333758,0.00067999828950718734,0.00024936843376335995,0.00020488896589984347,0.0
Damien Williams,RB,MIA,2.6348578786024692,4600.0,0.98176411474608249,0.014262935632326085,0.0015183716134647141,0.0010930651424242988,0.00072895195083338537,0.00042316821067936509,0.0002093927041899827,0.0
Jamaal Charles,RB,KC,2.6342139196234311,7100.0,0.98685059117854723,0.0062904987056858278,0.0037625911871793302,0.0012541392387214938,0.00076357051694435091,0.00053370437552819846,0.00054490479739366165,0.0
Christine Michael,RB,GB,2.6087069511786165,7400.0,0.988834848992872,0.0065240203798335311,0.0013617903061484858,0.0017030415597758814,0.00095254963048549564,0.00031993553895052514,0.00030381359193394956,0.0
Alfred Blue,RB,HOU,2.5986221004518342,4500.0,0.98368619513007283,0.014588295840430737,0.00090860070193920356,0.00036568048614325831,0.00020714983452181735,0.00012881666350715283,0.00011526134338535298,0.0
Mike Gillislee,RB,BUF,2.5690369414452681,4900.0,0.99315979967736256,0.0033615178145536763,0.0016367194382224976,0.00055636374940370829,0.0010660976614359113,0.00012520738635906159,9.4294272662305225e-05,0.0
Kenyan Drake,RB,MIA,2.5617425271816505,5000.0,0.99329409730879614,0.003815027051213918,0.0012086443662603502,0.0010185695168273706,0.00039153295558880767,0.00018299195251818574,8.9136848794954456e-05,0.0
Kenneth Dixon,RB,BAL,2.5570549712353641,5600.0,0.99401828141942405,0.0038329458249716634,0.0008132472341859095,0.00041403028826970289,0.00041026129748914354,0.0001697351218809653,0.00034149881377830042,0.0
Chris Ivory,RB,JAC,2.5548360286471175,5400.0,0.99510266071616016,0.0021574081211407753,0.00099412242691595014,0.00096693240801640397,0.00033692395877582158,0.00019975380209514518,0.00024219856689577292,0.0
Kyle Juszczyk,RB,BAL,2.5396126588035171,4500.0,0.9956071754716983,0.0029652278256057322,0.00042411453482117347,0.00044757487962894678,0.00025127392952313505,0.00014590821548072662,0.00015872514324188395,0.0
Rob Kelley,RB,WAS,2.5293842200242866,4800.0,0.99664043510876188,0.0020220198135272242,0.00083700021998991882,0.00018804359614332355,0.00012101977519840627,7.4677199558153819e-05,0.00011680428682091807,0.0
Paul Perkins,RB,NYG,2.5247784899097527,4500.0,0.99764271876538224,0.00081609414965260819,0.00099604588543428002,0.00024172717106460043,0.00016060746755909417,9.889464526685009e-05,4.3911915640718154e-05,0.0
John Kuhn,RB,NO,2.5245400376529643,4500.0,0.99795981140791867,0.00074752213346152431,0.00050083478363275951,0.00035674094939643097,0.00022648140193610224,0.00011552881988181077,9.3080503772771745e-05,0.0
Josh Ferguson,RB,IND,2.5234484011356857,4500.0,0.99770054825640875,0.0012427598294091229,0.00039089258326537984,0.00029047998039619544,0.00018808015691969149,0.00011712006404922189,7.0119129551378357e-05,0.0
D.J. Foster,RB,NE,2.5169408044875685,4700.0,0.99845534094333033,0.00073399277795008016,0.00032167961562273997,0.00020475436785905414,0.00013121532790823424,8.1950543024773706e-05,7.106642430523823e-05,0.0
Shaun Draughn,RB,SF,2.516427000367794,4600.0,0.99782544555954122,0.0015680235706909051,0.00034486838260495116,0.00011779165299072682,7.7100189843733375e-05,4.543011255209393e-05,2.1340531776951286e-05,0.0
Javorius Allen,RB,BAL,2.5136355802081969,5300.0,0.99871312351974573,0.00048584974806750101,0.00049091118663342249,0.00014045396625948642,7.7986687244730032e-05,4.650101718040103e-05,4.5173874868571647e-05,0.0
Joique Bell,RB,DET,2.5132238467328611,5600.0,0.99873327492599262,0.00066452711600484553,0.00025016522818314859,0.00014810572149755608,8.5316855780606069e-05,5.10925366223598e-05,6.7517615919085466e-05,0.0
Jamize Olawale,RB,OAK,2.5132228177811533,4500.0,0.99871691945167207,0.00064929684121630262,0.00029535982740223177,0.00014174903180152223,9.1234712407769076e-05,4.7333177051395913e-05,5.8106958448801914e-05,0.0
Patrick DiMarco,RB,ATL,2.513062898939777,4500.0,0.99871577306674841,0.00074512377923674218,0.00017248153785251797,0.00015255650702568734,9.7283524340434173e-05,5.5593991069552774e-05,6.1187593727198125e-05,0.0
Aaron Ripkowski,RB,GB,2.5113100563165105,4500.0,0.99892629670315447,0.00059179249038839477,0.00018530329724563988,0.00011030555240865583,7.0434026173062277e-05,4.4121421725459899e-05,7.1746508904149277e-05,0.0
Mike Tolbert,RB,CAR,2.5112962041161806,4700.0,0.99898623751334348,0.00039779621757111852,0.00030161970309409796,0.00013658071248345553,8.9614260564336911e-05,5.5319556240669082e-05,3.2832036702449118e-05,0.0
Tim Hightower,RB,NO,2.5110402824923641,4500.0,0.99907772107971926,0.00032509076705046009,0.00027020655896521504,0.00014705777814144678,7.8533394672865558e-05,4.7861359367196775e-05,5.3529062083122594e-05,0.0
Alex Collins,RB,SEA,2.5106166959514122,4500.0,0.99906552268472826,0.00048705634346045201,0.0001385581599151761,0.00011248949775121828,7.4829400615128973e-05,4.510333777677006e-05,7.6440575752870083e-05,0.0
Wendell Smallwood,RB,PHI,2.5103027513662188,5300.0,0.99916454151681611,0.00036088598370670612,0.00014855018652849982,0.00012313413039360461,8.4727448817732413e-05,4.9195359511207641e-05,6.8965374226475276e-05,0.0
C.J. Spiller,RB,NYJ,2.5095323859161582,5000.0,0.99923255996874449,0.00037750205096032162,0.00010264460403149846,0.00010744549614242971,4.9567992304556526e-05,2.9161202831509513e-05,0.00010111868498540812,0.0
Malcolm Brown,RB,LARM,2.5092765693925179,4500.0,0.99911916346616703,0.00046810372897467949,0.00020452238504716823,6.9578122696168374e-05,3.8480560486245575e-05,2.3651679125501851e-05,7.6500057503604e-05,0.0
Benny Cunningham,RB,LARM,2.5090785979007064,4500.0,0.99919910491211972,0.00041512878859071097,0.00015503458110216361,6.9840995620783472e-05,4.6171352442909766e-05,3.290844872718407e-05,8.1810921396372615e-05,0.0
Robert Turbin,RB,IND,2.509006639559654,4500.0,0.9991873307006458,0.00038830278587504861,0.00015987642474509447,0.00010931627506012425,7.108759186972995e-05,4.372490521292872e-05,4.0361316591032506e-05,0.0
Arian Foster,RB,MIA,2.5089827479520204,6500.0,0.99933438702843136,0.00022646921155525989,0.00016269263871684732,9.3815150798797788e-05,6.574905867944166e-05,3.9674341679747348e-05,7.7212570138776921e-05,0.0
Jerome Felton,RB,BUF,2.5084345276503965,4500.0,0.99924174222750939,0.00038797364685315937,9.4360407243667267e-05,8.3199367137398459e-05,0.00014055432205400441,2.7139673803858533e-05,2.5030355398645801e-05,0.0
Jonathan Stewart,RB,CAR,2.5073841339645977,6300.0,0.99949277107749224,0.00016137660511627636,0.00010288674778223425,7.9729979284219683e-05,5.5959368764047168e-05,3.3764107213010514e-05,7.3512114348414076e-05,0.0
Reggie Bush,RB,BUF,2.5069866921782986,4900.0,0.99947078619863317,0.00018085656167941188,0.00011037482645982627,9.1606098704378929e-05,7.014914342889289e-05,3.6772840585572949e-05,3.9454330508345869e-05,0.0
Dexter McCluster,RB,SD,2.5061931230837624,4500.0,0.99951770825520891,0.00014658862497210891,0.00012755940439138145,8.9444810620987509e-05,5.954922126223251e-05,3.605805130331793e-05,2.3091632241398876e-05,0.0
Jonathan Williams,RB,BUF,2.5060446649858545,4500.0,0.99956588016641312,0.00014007601011661641,8.4914286493388753e-05,7.1187100223739946e-05,6.8086509414087585e-05,2.7294967976146178e-05,4.2560959362938692e-05,0.0
Rashad Jennings,RB,NYG,2.505606152269408,5700.0,0.99963187089556116,0.00012085926556005178,6.6063678270580944e-05,5.353123121436936e-05,3.5877069756523741e-05,2.1696152356371995e-05,7.0101707281398473e-05,0.0
Stepfan Taylor,RB,ARI,2.5053430628106987,4500.0,0.99948343886320834,0.00025934112323707631,0.00010486365106407187,7.2575898898026071e-05,4.0094708454558899e-05,2.4346534754136765e-05,1.5339220383355642e-05,0.0
Andre Ellington,RB,ARI,2.5052953285684021,4500.0,0.99947446330203349,0.00028222603620821455,8.943657112074571e-05,7.4621377372204424e-05,4.1287932543436975e-05,2.5213601166792793e-05,1.2751179554855695e-05,0.0
Tyler Ervin,RB,HOU,2.504473035243342,4500.0,0.99968057458278592,8.0479003031406194e-05,0.00010033856640501986,4.9497175598856715e-05,3.1712579126300088e-05,2.3319023545066333e-05,3.4079069507652472e-05,0.0
Ty Montgomery,RB,GB,2.5043760646062188,4500.0,0.99960957385376703,0.00019077664600316131,7.4240026505090854e-05,4.9424852203801505e-05,3.165303095476519e-05,1.8057197920160512e-05,2.6274392646011722e-05,0.0
Andy Janovich,RB,DEN,2.5041028328143597,4500.0,0.99959486463762026,0.00025319119703630702,4.8465368452179856e-05,3.5176869545231165e-05,2.3191515774404599e-05,1.404647867810364e-05,3.1063932893464319e-05,0.0
Fitzgerald Toussaint,RB,PIT,2.5035408405995163,4500.0,0.99975980100092554,6.9728011685539764e-05,5.0509352959577351e-05,4.2647919471663528e-05,2.715984497634525e-05,1.677459393159857e-05,3.3379276049294073e-05,0.0
Kenjon Barner,RB,PHI,2.5034010034922138,5000.0,0.99972374887206827,0.00011870753101880112,5.0092447165709687e-05,4.1177641860568435e-05,2.7363678895376282e-05,1.6395504343550573e-05,2.251432464793039e-05,0.0
Daniel Lasco,RB,NO,2.5033864242543307,4500.0,0.99974598720238927,6.5276093400614896e-05,6.5971318223474504e-05,6.5527472106218971e-05,2.5863968809217962e-05,1.5935209001785611e-05,1.5438736069825802e-05,0.0
Justin Forsett,RB,DEN,2.5032783988028915,4900.0,0.99975592761811594,6.3438669729101114e-05,7.5212748061131686e-05,4.2310723515564714e-05,2.7996326932102509e-05,1.6894881498226644e-05,1.821903214781533e-05,0.0
Kapri Bibbs,RB,DEN,2.5032502204106404,4500.0,0.99976007998551131,7.8187772208797234e-05,5.0178942751794802e-05,4.461011138825899e-05,2.8544588264097411e-05,1.7400774664767639e-05,2.0997825210867049e-05,0.0
Derek Watt,RB,SD,2.5032405674646645,4500.0,0.99973129507650638,0.0001103010637962499,5.2978096488139689e-05,4.422688227617049e-05,2.8875595301529301e-05,1.7618765653277395e-05,1.4704519978344628e-05,0.0
Travaris Cadet,RB,NO,2.5031856867919369,5000.0,0.99970808835716263,0.00014475524634089686,4.902785746758644e-05,4.6829394496825962e-05,2.346772747820236e-05,1.3957938095093593e-05,1.387347895884359e-05,0.0
Rod Smith,RB,DAL,2.5030655956284882,4500.0,0.99972260767839305,0.00013406439578924763,5.7182756009840277e-05,3.4275670426217627e-05,2.1910213169395705e-05,1.3676004298878208e-05,1.6283281913541254e-05,0.0
Ka'Deem Carey,RB,CHI,2.5029706155567424,4500.0,0.99976245833802002,9.7235037223308257e-05,4.4595011455169416e-05,3.7731623883160901e-05,2.3931148071376132e-05,1.5025920985210058e-05,1.9022920362076795e-05,0.0
Anthony Sherman,RB,KC,2.5028708144247171,4500.0,0.99977479227302013,7.5258859171478351e-05,5.6520755460408864e-05,3.8910698028016341e-05,2.5097752888196517e-05,1.4992260063574862e-05,1.4427401368630371e-05,0.0
Chase Reynolds,RB,LARM,2.5028502371492167,4500.0,0.9997985182399729,5.5129544124538829e-05,5.4051796294401092e-05,3.5813544939468961e-05,1.9873657518542513e-05,1.2071255493282162e-05,2.4541961657050186e-05,0.0
Charcandrick West,RB,KC,2.5026059178013291,4600.0,0.99977832648720166,7.144512498071495e-05,8.167502820403601e-05,2.7731443998770295e-05,1.8332884608155455e-05,1.0877462062868693e-05,1.1611568943670929e-05,0.0
Jay Prosch,RB,HOU,2.5022827526256992,4500.0,0.99983002970865087,5.285887216605795e-05,3.8293139974590472e-05,3.2369657777540384e-05,2.0967499093196039e-05,1.3000594585314834e-05,1.2480527752675868e-05,0.0
Denard Robinson,RB,JAC,2.5021158386972981,4500.0,0.99986306620896603,4.0739236595886401e-05,2.6233305754795351e-05,2.2052769747713427e-05,1.4019232614389813e-05,8.3689662897486677e-06,2.5520280031499006e-05,0.0
Malcolm Johnson,RB,CLE,2.502088099294856,4500.0,0.99980554394674193,9.6192098528485274e-05,3.8649828267668388e-05,2.6736537050093141e-05,1.4675999994666969e-05,8.7305589552151508e-06,9.4710304618943201e-06,0.0
Kenneth Farrow,RB,SD,2.5020774884550021,4500.0,0.9998424126624208,5.5338072696753061e-05,3.2582825757420538e-05,2.7524361698210312e-05,1.8026062664532468e-05,1.095830994793544e-05,1.3157704814802815e-05,0.0
Jordan Todman,RB,IND,2.5019839263119823,4500.0,0.99984290666513498,5.2330731474946832e-05,3.9285910883385992e-05,2.8135295584811236e-05,1.7846792900719239e-05,1.108351689318408e-05,8.4110871279267551e-06,0.0
Antonio Andrews,RB,TEN,2.5017523202580909,4500.0,0.99986294857558322,5.7252254942131926e-05,2.4113144904551165e-05,2.0532694531783809e-05,1.3172654573641103e-05,8.1183903622310897e-06,1.3862285102448733e-05,0.0
Taiwan Jones,RB,OAK,2.5016756333309957,4500.0,0.99988348011105832,3.4626868406682342e-05,2.4847438704080101e-05,2.1093471234057593e-05,1.3457361585827147e-05,8.3472054862698318e-06,1.4147543524279846e-05,0.0
George Atkinson,RB,CLE,2.5016099593766343,4500.0,0.99987860205800427,4.5922004115855516e-05,2.301015146397436e-05,1.9452134217233569e-05,1.2630799877856021e-05,7.5457159779451146e-06,1.2837136343080619e-05,0.0
Mike Davis,RB,SF,2.5015678325160646,4500.0,0.99987665381813595,3.6446858771848605e-05,3.6058374778971311e-05,2.2149753193712878e-05,1.4103996462954883e-05,8.4527612099896487e-06,6.1344374462105357e-06,0.0
Jalston Fowler,RB,TEN,2.5015291162790709,4500.0,0.99988566959373637,4.1683963936041326e-05,2.2256577833649491e-05,1.8928483280843549e-05,1.2167301349305439e-05,7.493358762643963e-06,1.1800721101215681e-05,0.0
James Develin,RB,NE,2.5015286895449744,4500.0,0.99987064192422903,5.0860921884467003e-05,3.0191344750618196e-05,2.0907965638445159e-05,1.3523915642776118e-05,8.3371952870875332e-06,5.5367325672997556e-06,0.0
Roosevelt Nix,RB,PIT,2.5013201139705554,4500.0,0.99991072210870269,2.5603691815700056e-05,1.8923624133305945e-05,1.5832019245307456e-05,1.0175505270164158e-05,6.3040368013393816e-06,1.2439014031605539e-05,0.0
Rex Burkhead,RB,CIN,2.5010902774898618,4500.0,0.9999129274986146,2.9611083101579656e-05,2.1586942332921275e-05,1.5428710267908953e-05,9.8874857945127037e-06,6.1295753683869502e-06,4.4287045201713987e-06,0.0
Ryan Hewitt,RB,CIN,2.5010902774898618,4500.0,0.9999129274986146,2.9611083101579656e-05,2.1586942332921275e-05,1.5428710267908953e-05,9.8874857945127037e-06,6.1295753683869502e-06,4.4287045201713987e-06,0.0
Paul Lasike,RB,CHI,2.5008117255174609,4500.0,0.99994088523573788,1.785073238027289e-05,1.3334472176239983e-05,1.1194408331947226e-05,7.1591240281121837e-06,4.4256480613785392e-06,5.1503792837675323e-06,0.0
Michael Burton,RB,DET,2.5007874926341263,4500.0,0.99994105709817172,1.9742672388661864e-05,1.2585625257171538e-05,1.0593072777549558e-05,6.8995148633147176e-06,4.0571875885467176e-06,5.0648289528918446e-06,0.0
