name,pos,team,expectation,salary,prob_0_5,prob_5_10,prob_10_15,prob_15_20,prob_20_25,prob_25_30,prob_30+,label
BAL,Def,BAL,12.270792988125439,4500.0,0.065431296489441682,0.69144436546377008,0.04404941735081945,0.010252199722716945,0.031831593180753424,0.0026066033884842295,0.15438452440401429,1.0
NYG,Def,NYG,9.9819019806551843,4300.0,0.16315446494175212,0.41525836899727275,0.29574945597134245,0.069922662504066244,0.024097214387247198,0.015566430439455027,0.016251402758864105,1.0
DEN,Def,DEN,9.7234660918488629,5000.0,0.23887539991848539,0.44085043243255861,0.10752224476659572,0.13391510990951075,0.044548600726146505,0.0093432105551102072,0.024945001691592791,1.0
GB,Def,GB,9.6764330997033277,4500.0,0.49187677343419206,0.21489707591755991,0.11130077255143095,0.03427676414778498,0.020246262688361709,0.0094284183139436047,0.11797393294672678,0.0
KC,Def,KC,9.4341699518505742,4600.0,0.27114964199671276,0.4616739948019799,0.12429826795547318,0.059262246893154014,0.01456173972849303,0.0055479639956404654,0.063506144628546465,1.0
SEA,Def,SEA,9.2717071195744936,4800.0,0.24375970009894599,0.45730749902248147,0.18072886632414278,0.043440664987599555,0.029416976200152593,0.0047764096017884174,0.04056988376488932,1.0
MIA,Def,MIA,8.9710465178559389,4000.0,0.19241211910385095,0.53519443393938915,0.1630307518363332,0.063088813575147507,0.017605888406371995,0.0087190558631296666,0.019948937275777536,1.0
DET,Def,DET,8.9473327457204999,4500.0,0.32840648487024021,0.38692477985397017,0.12670405310440305,0.022369635533025747,0.10900136217365912,0.017893094155299744,0.0087005903094017813,1.0
NYJ,Def,NYJ,8.9059027161480664,4000.0,0.13651235050745403,0.66086804761490014,0.069912422132187083,0.10349689618568368,0.0050696465358797387,0.0047971760037008046,0.019343461020194588,1.0
HOU,Def,HOU,8.8396014139251538,4400.0,0.24007265600845912,0.42182323128285915,0.25099063966564356,0.050710540005790346,0.013564404631606446,0.0071492673397200203,0.015689261065921188,1.0
ARI,Def,ARI,8.746615764127796,5400.0,0.043586861498974672,0.80718480009873828,0.06755867012284851,0.044845036677234468,0.024679863160174877,0.0034496967096453971,0.0086950717323836871,1.0
SF,Def,SF,8.6046153542651247,4200.0,0.25075068669391598,0.58619585283855946,0.068385044025511918,0.02210160430058887,0.013753103430506954,0.0037661355208745053,0.055047573190042262,1.0
JAC,Def,JAC,8.437825427778213,4200.0,0.23888030026139537,0.49458686516733813,0.18552916211890536,0.046265035304903897,0.012836597913569161,0.0070565709591777735,0.014845468274710252,1.0
SD,Def,SD,7.9765040742805571,4200.0,0.033035189003169721,0.89397053323360542,0.039389558690034077,0.022990123929481448,0.0051875085525483443,0.0016302030658284503,0.0037968835253320405,1.0
IND,Def,IND,7.9254983192671178,4400.0,0.31020493034865898,0.50120009977687097,0.11671314234129833,0.026350073750725893,0.0083171390669166349,0.0024936625178845874,0.034720952197644456,1.0
CHI,Def,CHI,7.8237489158174398,4300.0,0.025412201976059708,0.93037938253468166,0.013240729832426469,0.02491139578064943,0.0017164579508670568,0.0012799904640090742,0.0030598414613064208,1.0
ATL,Def,ATL,7.5300960483999253,4200.0,0.055435986600122597,0.91321363216014206,0.020437759767829633,0.0032721026279723215,0.0023091248681018123,0.0011845401433631,0.004146853832468351,1.0
PHI,Def,PHI,7.5239680840001704,4500.0,0.28004717845159605,0.5882610858620847,0.059987638642439417,0.034008581825561747,0.017179608151866366,0.0050268802420104395,0.015489026824441201,1.0
TEN,Def,TEN,7.4183321108391018,4700.0,0.35485727054129995,0.43861211930922378,0.16561411447249927,0.0081469290340231548,0.0080402535668221489,0.0023441749670779673,0.022385138109053841,1.0
PIT,Def,PIT,7.1107365298685066,4800.0,0.6438700756794421,0.1284129995090042,0.090616550863823572,0.056238208707152418,0.023235806195923851,0.015818653305568232,0.041807705739085543,0.0
LARM,Def,LARM,7.0340877071416008,4600.0,0.20752893593717139,0.74481144030473578,0.019622494628331936,0.011367706845848665,0.0059585698639217392,0.0031978859041660516,0.007512966515824223,1.0
CLE,Def,CLE,6.9450712046313088,4100.0,0.1726670347812013,0.79493186357642531,0.021248399867040288,0.0038649649658258275,0.0023478757253394384,0.0010066114867809176,0.0039332495973870294,1.0
NO,Def,NO,6.8770573546173352,4000.0,0.47847994558907919,0.28219981273877914,0.1924381576963175,0.020340523206511276,0.0079902234597283035,0.003487208785796881,0.015064128523787879,0.0
WAS,Def,WAS,6.7346322665579628,4400.0,0.33396237055560535,0.56184317844715792,0.076483707623705585,0.0093925957768827579,0.0046353801715199629,0.002360957775359811,0.011321809649768607,1.0
OAK,Def,OAK,6.7092471434403738,4500.0,0.21594967521909281,0.7555951755120881,0.013727830281850156,0.0083540574219790175,0.0022071726092984206,0.0014478988685600253,0.002718190087131592,1.0
NE,Def,NE,6.2705687839224789,4700.0,0.31259588535306021,0.65757566569023473,0.011843073576561673,0.008481849302879145,0.0050092829775839369,0.0012288773505051644,0.0032653657491752116,1.0
CAR,Def,CAR,5.7407999717542335,4700.0,0.48553363402563254,0.45140895481323057,0.033786505341423433,0.01285062562425276,0.0049387157107739256,0.0025059200076981889,0.0089756444769883616,0.0
BUF,Def,BUF,5.3819619947767867,4800.0,0.70690867293470616,0.13147306723007821,0.087341319369606901,0.05423073872948983,0.0075260111064562301,0.0026272044806896926,0.0098929861489726791,0.0
DAL,Def,DAL,5.1391065728879974,4300.0,0.62467228332464153,0.28655335377176661,0.064171960236963962,0.0086917271138930371,0.0052195942843423588,0.0023476975944629361,0.0083433836739295088,0.0
CIN,Def,CIN,4.5351125719493579,4300.0,0.77042347284551582,0.12308594262419355,0.079969064363454953,0.0072559798263908473,0.0077914353852697972,0.0023446134600805186,0.0091294914950944307,0.0
