name,pos,team,expectation,salary,prob_0_5,prob_5_10,prob_10_15,prob_15_20,prob_20_25,prob_25_30,prob_30+,label
Ezekiel Elliott,RB,DAL,14.24584832625777,8100.0,0.0073549365799982355,0.082277058528954838,0.56751013440104625,0.27285008238069047,0.053478049704960243,0.005355605113120286,0.011174133291229637,2.0
DeMarco Murray,RB,TEN,13.523904998378594,8800.0,0.043487596385647878,0.34357312577897586,0.27001135860143805,0.16474468411504795,0.09722332575158002,0.058787739696741968,0.022172169670568183,1.0
Todd Gurley,RB,LARM,13.413438819740632,7900.0,0.018280799780017211,0.20799220024545159,0.43910429201806833,0.2754511615777453,0.037837700422944584,0.013258203647334351,0.0080756423084387807,2.0
Isaiah Crowell,RB,CLE,12.498952306818088,6500.0,0.083843420160019583,0.19482153849564227,0.47520168914722299,0.16183587011360545,0.06683772667653079,0.0078542550791820265,0.0096055003277968933,2.0
Devonta Freeman,RB,ATL,12.456466667174951,7100.0,0.078159541477170247,0.30832808688536251,0.35971100095324832,0.11837980584812524,0.088312888191565367,0.034036082571293647,0.013072594073234736,2.0
David Johnson,RB,ARI,11.511700278996869,9100.0,0.0395901836201841,0.56062184800098669,0.12639116351988799,0.15753299060429807,0.07673488785319052,0.029960442717658336,0.0091684836837943855,1.0
Le'Veon Bell,RB,PIT,11.367028161075146,9300.0,0.15532393335566461,0.22969991026128181,0.37326142661947526,0.19349515640977749,0.029979759567908243,0.014520285596314329,0.0037195281895783809,2.0
Matt Jones,RB,WAS,11.187914137841791,6500.0,0.11730258805273036,0.35386941042821318,0.30856808482735038,0.1473414515481114,0.046285177532559035,0.022469457840571971,0.0041638297704637405,1.0
Melvin Gordon,RB,SD,10.873142248312076,7100.0,0.038835308972406439,0.38098533554541819,0.48984192789097053,0.061103333874911243,0.018472593650944533,0.0087939122121500277,0.0019675878531990611,2.0
Jordan Howard,RB,CHI,10.754650111256515,7700.0,0.11782059736153966,0.28285744007184555,0.51448551934685005,0.028215318275457851,0.037477603867244393,0.013258475873666067,0.0058850452033963148,2.0
LeSean McCoy,RB,BUF,10.470352577842982,8200.0,0.060411560040793233,0.59151244697508243,0.16820045028862021,0.11611505631168902,0.025593537568140031,0.021764878995493744,0.016402069820181216,1.0
C.J. Anderson,RB,DEN,10.390884670737835,7500.0,0.088255383088206296,0.55326386560939311,0.11853197250999359,0.19419543806048817,0.028448057133040765,0.014009175058766553,0.0032961085401117052,1.0
Lamar Miller,RB,HOU,10.095393204946918,7900.0,0.14555018724693985,0.43452914219951744,0.26379518582373412,0.10308991271161475,0.024832381147297439,0.02330725082830961,0.0048959400425870056,1.0
Matt Forte,RB,NYJ,9.7996328468460909,6800.0,0.19642384119485931,0.37648444442088985,0.2829291569803401,0.10170311813541728,0.019993619361162857,0.009018566840602614,0.013447253066727923,1.0
Terrance West,RB,BAL,8.917381943864207,6500.0,0.15746756174898735,0.56589069033721617,0.19488988928667042,0.028068022646446842,0.034136825285545867,0.013334012491737804,0.0062129982033956163,1.0
LeGarrette Blount,RB,NE,8.6277362251919136,7000.0,0.18063281397275971,0.57517217680534349,0.13822286803896686,0.070398983793315634,0.020986164409953004,0.010685154154967723,0.0039018388246935191,1.0
Frank Gore,RB,IND,8.3309614429790493,6300.0,0.069710169465938304,0.7990793967678369,0.041915682506128656,0.080030684907003852,0.0049230331975920593,0.0031462508042769469,0.0011947823512232078,1.0
Eddie Lacy,RB,GB,8.1392495805601079,7000.0,0.25291556951312655,0.47617072376511449,0.20131527123591056,0.044033024867798858,0.016090000981612399,0.0060003941944000612,0.0034750154420368643,1.0
Carlos Hyde,RB,SF,8.0995722227635216,7300.0,0.022665329314551803,0.89093171466881749,0.044056535368423612,0.032347225097436497,0.006794888793416518,0.002786376827824899,0.00041792992952912483,1.0
Jeremy Hill,RB,CIN,7.719564535211151,6900.0,0.39814947986351157,0.30263334972195649,0.19010152090210877,0.088623839144762392,0.011982124595564705,0.0053576385460763756,0.0031520472260197397,0.0
Jay Ajayi,RB,MIA,7.6566728799496522,5800.0,0.34246014222390125,0.43218534836828648,0.12557812650001515,0.073072345785296339,0.013514607579410021,0.0073425233880036831,0.0058469061550871122,1.0
Fozzy Whittaker,RB,CAR,6.9452681144457351,5600.0,0.40029367069743871,0.4530505459531835,0.058568942145366537,0.054415125154987656,0.01952122375293731,0.0096288518373619601,0.0045216404587243558,1.0
Jalen Richard,RB,OAK,6.6364724691841008,5100.0,0.52281809905012611,0.26712649769311841,0.10362677340044237,0.088041193261370637,0.0090500354072660643,0.0054015865268378892,0.0039358146608386938,0.0
Bilal Powell,RB,NYJ,6.3013452378184436,5400.0,0.40334540681066722,0.50944652865386586,0.049359945428087679,0.01457041130895975,0.015056487533988378,0.0035149918186594921,0.0047062284457718992,1.0
DeAndre Washington,RB,OAK,6.2268021758680163,5500.0,0.63481063809764204,0.17100042609927824,0.055244901040811964,0.10656148716629084,0.021521641467005033,0.0083311401416724853,0.0025297659872994057,0.0
Mark Ingram,RB,NO,5.8827158244801314,6700.0,0.60950577584620425,0.17402293493760299,0.17158439022256591,0.031010281413419855,0.0068284788357965984,0.0045374746058811574,0.0025106641385291839,0.0
Giovani Bernard,RB,CIN,5.6463494181804821,5700.0,0.63326290742144786,0.20070310136852584,0.11707060083507446,0.022169078500837689,0.014119530206342268,0.0072972377139852492,0.0053775439537866445,0.0
Ryan Mathews,RB,PHI,5.6045509143819636,6500.0,0.5404506262479265,0.38871725599300166,0.034262643779078804,0.012086777297580942,0.0098817720511309142,0.0046838605835742833,0.0099170640477070204,0.0
Tevin Coleman,RB,ATL,4.901368800664816,5900.0,0.77478611908449913,0.089080650952631957,0.051431078114438096,0.060478725319390414,0.017092215862855673,0.0052179705255603736,0.0019132401406244948,0.0
James White,RB,NE,4.7925525910998683,5700.0,0.75156524089495413,0.10428854760438327,0.10839757278717599,0.017086454281434887,0.011679247114618062,0.0039590792165713337,0.003023858100862305,0.0
Alfred Morris,RB,DAL,4.2136660091227336,5000.0,0.77046361004979436,0.16335096694936638,0.041035840017474484,0.011989998013072892,0.0073541670023811985,0.0038742159999541857,0.0019312019679564364,0.0
Duke Johnson,RB,CLE,4.0931790626752269,5100.0,0.8085198753860825,0.1127802544925977,0.053771527045446459,0.011735301055399057,0.0073383446266601171,0.0028682071873838135,0.0029864902064304804,0.0
Spencer Ware,RB,KC,3.9430881791988557,5700.0,0.79313613476569511,0.15876944299624884,0.031836173803784742,0.0071005460292043994,0.0042903316329309018,0.0026166862681770483,0.0022506845039586029,0.0
Bobby Rainey,RB,NYG,3.5290566533792953,5000.0,0.86766762010174669,0.08329635536429604,0.035184866506049045,0.0073845343158086621,0.0036200064189005473,0.0019942658195709622,0.00085235147362799424,0.0
T.J. Yeldon,RB,JAC,3.0967734082944656,6700.0,0.94566795563130635,0.014271995360998564,0.0227079851260708,0.012800678331248283,0.0027976730628008011,0.00088342824562352305,0.00087028424195188532,0.0
Devontae Booker,RB,DEN,3.0108917784746372,5000.0,0.94853797906475934,0.027767917479379584,0.0095641042738110783,0.005902174286465508,0.005148328946565528,0.0020228884309046974,0.0010566075181143843,0.0
Chris Thompson,RB,WAS,2.9657479621128755,5200.0,0.94440393539562362,0.033476133053620176,0.013242494490386756,0.0045021150148769878,0.0027658108768895736,0.0012286271732846804,0.00038088399531825814,0.0
Derrick Henry,RB,TEN,2.8909294739330846,5300.0,0.95417054068079754,0.026672470397133718,0.012602299557648347,0.0027908297197947341,0.0021396212974327347,0.00078646555445570691,0.00083777279273733929,0.0
Darren Sproles,RB,PHI,2.7982601830693632,5300.0,0.95878108341045898,0.033515460656286779,0.0034103184487786153,0.0018187290434661721,0.0005962189159423656,0.00048890376471604673,0.0013892857603508587,0.0
Christine Michael,RB,GB,2.7679136994679365,7400.0,0.97025957419679454,0.013397073715598479,0.012383896932167822,0.0019412176724872461,0.0010455138250136144,0.00060702652030866322,0.0003656971376297803,0.0
Alfred Blue,RB,HOU,2.7348853351172435,4500.0,0.96982115346454234,0.022086437189494146,0.0031619180046617845,0.0026999157669146071,0.001314371192106758,0.00049717781957292896,0.00041902656270702916,0.0
Kenyan Drake,RB,MIA,2.7157522879690363,5000.0,0.97092102777306111,0.020798136900971292,0.0053830804182842078,0.0013130380140075463,0.00079632974108968726,0.00044185976128305581,0.00034652739130320339,0.0
Zach Zenner,RB,DET,2.7089881387171788,5300.0,0.97305066888325342,0.01996518678129389,0.0030859327832292388,0.0016467177521444732,0.0012369451969620443,0.00054794971257256892,0.00046659889054444334,0.0
Damien Williams,RB,MIA,2.7083787815611315,4600.0,0.97081604199829219,0.022309835503777523,0.0040115305905521733,0.0012313400678405496,0.00093805177173389713,0.00040611206922451022,0.00028708799857916337,0.0
DeAngelo Williams,RB,PIT,2.6698586847390153,5900.0,0.98477314900251023,0.0060375894472756587,0.0043215535960057861,0.0025312616787473846,0.0011237587475687704,0.00045349909953408291,0.00075918842835817277,0.0
Paul Perkins,RB,NYG,2.6015941498734483,4500.0,0.98501859566391903,0.012010401629426471,0.0017582634157242156,0.00052892618006333293,0.00038991643144356135,0.00017658077893653251,0.00011731590048732786,0.0
Mike Gillislee,RB,BUF,2.5967563808952674,4900.0,0.99002103273310715,0.0063646804764723825,0.0011817072713067151,0.00084957581927479491,0.00073394729999779005,0.00025346806454199628,0.00059558833529880758,0.0
John Kuhn,RB,NO,2.5680720022119883,4500.0,0.99230444354569058,0.0050926229187492197,0.00092311623534428679,0.00078840834704206142,0.00047546215520365804,0.00019678853052545724,0.00021915826744487875,0.0
Kenneth Dixon,RB,BAL,2.5620850678192246,5600.0,0.99308770489826337,0.0044752548817483051,0.0011685390870549244,0.00043888985686903252,0.00032007185486623716,0.00020285514658229662,0.00030668427461586205,0.0
Javorius Allen,RB,BAL,2.5553169685552271,5300.0,0.99520703229960172,0.0021465457965447196,0.00095235470288273778,0.0006381213287467134,0.00055553648647136225,0.00025135495385724017,0.00024905443189589699,0.0
Chris Ivory,RB,JAC,2.5359713306210567,5400.0,0.99651010677953111,0.0011506679685228719,0.0016195129727828428,0.00041273659895101999,0.00012557898125495535,7.6688036649007649e-05,0.0001047086623084279,0.0
Wendell Smallwood,RB,PHI,2.5310813651616804,5300.0,0.99768605459517867,0.00086345804035023997,0.00046492016609468164,0.00037093997417401964,0.00022122606576713364,8.7904703747166178e-05,0.0003054964546877165,0.0
Jamize Olawale,RB,OAK,2.5255758389410921,4500.0,0.99772911159044175,0.00088451788986355277,0.00058390095961831617,0.00042874612949642457,0.00019266972031554353,0.00011394560490277717,6.7108105361947393e-05,0.0
Rob Kelley,RB,WAS,2.5231738347538166,4800.0,0.99744235493573929,0.0016107032683781099,0.00037958402838726756,0.00025836228432736812,0.00015799025501858925,8.2457486943204847e-05,6.8547741205900387e-05,0.0
Mike Tolbert,RB,CAR,2.5197863103959861,4700.0,0.99779315360352805,0.001420064864216266,0.00031752390621231298,0.00019379036930421649,0.00014069409254963394,7.8682428526456687e-05,5.6090735663473769e-05,0.0
Andre Ellington,RB,ARI,2.5179544969810275,4500.0,0.99856773506715657,0.00039191040364108359,0.00053577696348610108,0.00019529899582038221,0.00014050085826781191,7.8346987012746963e-05,9.0430724614812597e-05,0.0
Jonathan Stewart,RB,CAR,2.5166786242909804,6300.0,0.9985613848828282,0.00044713428259310958,0.0006015687397265422,0.00014043875712850185,0.00010804380510203743,5.8220238458288138e-05,8.3209294163772858e-05,0.0
Arian Foster,RB,MIA,2.5166706825845075,6500.0,0.99851532711341795,0.00046935105898548453,0.000659806305515022,0.00012677958036911183,9.731356480107518e-05,5.2443735563797005e-05,7.89786413470096e-05,0.0
Tim Hightower,RB,NO,2.5165299854998793,4500.0,0.99796248956633715,0.0015180535640105725,0.00017200976821662769,0.00014890356048767505,8.8145019524317876e-05,4.8638099523424316e-05,6.176042190068086e-05,0.0
Shaun Draughn,RB,SF,2.5163712061268675,4600.0,0.99808450599699783,0.0013212204192519471,0.00020588465282854015,0.0001653792290133824,0.00012282222496325427,6.4929124379189824e-05,3.5258352565463322e-05,0.0
Josh Ferguson,RB,IND,2.5162782812082329,4500.0,0.9982641018807451,0.0010139574395190184,0.00030500283034510958,0.00019465094755458172,0.00011889919824466846,6.6584378367324693e-05,3.680332522434216e-05,0.0
Jamaal Charles,RB,KC,2.514753122908667,7100.0,0.99841045797732564,0.00078461091481929718,0.00053168292620347135,0.00011818758381687356,7.8721799158748922e-05,4.2002883315768195e-05,3.4335915360412192e-05,0.0
Kyle Juszczyk,RB,BAL,2.5117872872622078,4500.0,0.99860874755697526,0.00093227280546554999,0.00015096062101991898,0.00019214911367130869,6.1989725135462343e-05,3.424266125366773e-05,1.9637516478771265e-05,0.0
Aaron Ripkowski,RB,GB,2.511622694849998,4500.0,0.99881354075520323,0.00073022395794379948,0.00016446347115088399,0.00010768067438808442,7.673968770070862e-05,4.1598101798259354e-05,6.5753351814736569e-05,0.0
Dexter McCluster,RB,SD,2.5107695099863827,4500.0,0.99892955995705801,0.00059735717693739569,0.00015798107010264983,0.00014740779211968203,8.6823535833964417e-05,4.9728587481969107e-05,3.1141880466038672e-05,0.0
Kenjon Barner,RB,PHI,2.5097957963038371,5000.0,0.99938917206053546,0.00013075692802658911,0.00015222269189762736,0.00011609336026533532,5.983166145950556e-05,3.4100808992027294e-05,0.00011782248882330975,0.0
Malcolm Johnson,RB,CLE,2.5086374416524597,4500.0,0.99923714451643764,0.00036308549225947187,0.0001474752779999425,9.6815800091359214e-05,7.0079929274295308e-05,3.7605487152729631e-05,4.7793496784277121e-05,0.0
Robert Turbin,RB,IND,2.5081964234004213,4500.0,0.99928186641637995,0.00029003866653013312,0.00014297568910885935,0.00016158859571353251,6.7269237917628194e-05,3.7498111166040063e-05,1.8763283183862271e-05,0.0
Rashad Jennings,RB,NYG,2.5076371668194111,5700.0,0.99942294618265615,0.00014264063774565921,0.00022541124948923167,7.2152602694217609e-05,5.1717572890204059e-05,2.8476184597932433e-05,5.6655569926890531e-05,0.0
Charcandrick West,RB,KC,2.5076250006548739,4600.0,0.99946555587242603,0.00015607164880426634,0.00012090220664067762,9.2121006507681649e-05,6.7096403478987657e-05,3.7512112318758999e-05,6.0740749824037656e-05,0.0
Joique Bell,RB,CHI,2.5073763553730828,5600.0,0.99935284046510431,0.00021177304555608259,0.00026563880568843779,6.6833132133666315e-05,4.1588640263385023e-05,2.2167975285125768e-05,3.9157935969689019e-05,0.0
D.J. Foster,RB,NE,2.5071028262730892,4700.0,0.99943697341228699,0.00022149683630256806,0.00012077404839816776,8.1104165369841506e-05,5.7978791226065528e-05,3.2386794136030425e-05,4.9285952280730426e-05,0.0
Rod Smith,RB,DAL,2.5068888859496812,4500.0,0.99943598754645679,0.00022183217287835623,0.00011757094280374332,9.1899847126181386e-05,6.5172545428071623e-05,3.6384490754561435e-05,3.1152454551851301e-05,0.0
Justin Forsett,RB,DET,2.5068275934321704,4900.0,0.99941098629293679,0.00024894694513778048,0.0001248589214003829,9.6400261022969486e-05,5.7987689480779869e-05,3.3084618421522674e-05,2.7735271599408221e-05,0.0
Malcolm Brown,RB,LARM,2.5060541853040532,4500.0,0.9995531121969119,0.00016206587840488323,9.7710389054773083e-05,5.9821088289745729e-05,4.3861270880309468e-05,2.9231727384434665e-05,5.4197449074367898e-05,0.0
Alex Collins,RB,SEA,2.5055639645197036,4500.0,0.99937832045112884,0.00041588294497923637,7.6147026157954927e-05,5.043928912695628e-05,3.6468226755612263e-05,2.0265513196461215e-05,2.2476548655329871e-05,0.0
Kapri Bibbs,RB,DEN,2.5055065114195432,4500.0,0.99957825681877488,0.00013264663761626127,0.00010047758837764375,7.7936359635783156e-05,5.5373474381925628e-05,3.1407863188479244e-05,2.3901258024601146e-05,0.0
Derek Watt,RB,SD,2.5041502815491823,4500.0,0.999619707897204,0.00018000385196678283,7.9851579225746189e-05,4.9819234922812904e-05,3.5182745596249356e-05,2.0109919854976589e-05,1.5324771229212523e-05,0.0
Reggie Bush,RB,BUF,2.5040964572644882,4900.0,0.99966359742474742,0.00013929083048422219,8.4259325606886865e-05,3.551147445954648e-05,3.0869483874994968e-05,1.3729922035948618e-05,3.2741538790958081e-05,0.0
Kenneth Farrow,RB,SD,2.5039221701141932,4500.0,0.99970019660948961,8.9461365680793835e-05,6.9726135139523124e-05,6.5467018935759199e-05,3.853889597176083e-05,2.2000726599639996e-05,1.4609248182543083e-05,0.0
Denard Robinson,RB,JAC,2.5037761592061747,4500.0,0.99973924185791663,8.6687676277309128e-05,4.8070978907311899e-05,4.4538335131617335e-05,2.7485524506165163e-05,1.4664315646920514e-05,3.9311311613716259e-05,0.0
Jerome Felton,RB,BUF,2.5036290145923505,4500.0,0.99970444128054992,8.9327274989498112e-05,0.00011386220311471622,3.1199957551375401e-05,2.6479874124762931e-05,1.083286317109985e-05,2.385654649882949e-05,0.0
Stepfan Taylor,RB,ARI,2.5034711312181823,4500.0,0.9996535528388949,0.00020078791397956403,5.4166841229576974e-05,3.5407566173420906e-05,2.5718192556415328e-05,1.4249352086902534e-05,1.6117295079566428e-05,0.0
C.J. Spiller,RB,NYJ,2.5032971996870925,5000.0,0.9997588848234098,8.754361439185663e-05,4.3540176506441881e-05,4.196011039257566e-05,2.5173478703423599e-05,1.3729302569041779e-05,2.9168494027217172e-05,0.0
Ty Montgomery,RB,GB,2.5032677101315168,4500.0,0.99970246463305035,0.00014824164221549139,5.722699366431821e-05,3.5214311216096193e-05,2.5273487801222796e-05,1.4102364293182637e-05,1.7476567759980564e-05,0.0
Ka'Deem Carey,RB,CHI,2.5029322563976257,4500.0,0.99975282998433379,0.00012603673522059409,3.5617867781722397e-05,2.8219667206804459e-05,2.0322135984874836e-05,1.1398132258871598e-05,2.5575477213363259e-05,0.0
Anthony Sherman,RB,KC,2.5029290541817981,4500.0,0.99975731485809904,0.00010869097449227555,4.3399611934872961e-05,3.3589751544262668e-05,2.4257575189374305e-05,1.3557269469082143e-05,1.9189959271066334e-05,0.0
Jay Prosch,RB,HOU,2.5028280942824908,4500.0,0.99975379051044755,8.7935061326012049e-05,7.6412873985242101e-05,3.8873609605083628e-05,2.2185023971984793e-05,1.0481241211852331e-05,1.0321679452193274e-05,0.0
Benny Cunningham,RB,LARM,2.5028251915175956,4500.0,0.99979109260341315,7.4214086518566784e-05,4.140883971984194e-05,3.1828861897997337e-05,2.7209771934095112e-05,1.2611382146906514e-05,2.1634454368671644e-05,0.0
Patrick DiMarco,RB,ATL,2.502674910284004,4500.0,0.99974660684239403,0.00013351284490689905,4.1145821298020708e-05,3.2559794731449037e-05,2.3365439201507849e-05,1.3482496831034359e-05,9.3267606372657604e-06,0.0
Andy Janovich,RB,DEN,2.5024281775293056,4500.0,0.99978067720345809,0.00010667575482728613,3.9749502840174489e-05,2.9503917653975152e-05,2.1206464323696591e-05,1.2062256486398605e-05,1.0124900409988021e-05,0.0
Chase Reynolds,RB,LARM,2.5023796882572058,4500.0,0.9998024275270162,9.2184712226558353e-05,3.3144070076309928e-05,2.5712288925091568e-05,1.8668847577590064e-05,1.0302706789215497e-05,1.7559847389266099e-05,0.0
Jordan Todman,RB,IND,2.5021573264434012,4500.0,0.9998280295518569,6.0077755647522752e-05,3.9117774638024602e-05,3.0469132675454149e-05,2.1960498954826762e-05,1.2227847044779239e-05,8.1174391826159205e-06,0.0
George Atkinson,RB,CLE,2.5021435689665275,4500.0,0.99983295192385824,6.497235529010471e-05,3.2866880185129263e-05,2.5690537128620156e-05,1.8759111939053751e-05,1.0023417926129517e-05,1.4735773672687713e-05,0.0
Taiwan Jones,RB,OAK,2.5021175256227526,4500.0,0.99984319501543495,5.2556578934517503e-05,3.3438828422061168e-05,2.6581008334693021e-05,1.8911473596947414e-05,1.0586099947192715e-05,1.4730995329848009e-05,0.0
Tyler Ervin,RB,HOU,2.5021085563864038,4500.0,0.99982607867403683,4.0694315492827827e-05,8.1340904261621992e-05,2.1560580756095412e-05,1.3274816424709151e-05,6.8503089206878065e-06,1.0200400106805996e-05,0.0
Daniel Lasco,RB,NO,2.5020380958051955,4500.0,0.99981679386123878,9.2431228500708585e-05,2.9776390806822583e-05,2.3811033583651464e-05,1.7256537071374389e-05,9.5835101994611934e-06,1.0347438598656327e-05,0.0
Jalston Fowler,RB,TEN,2.5019413054294706,4500.0,0.99986338473792447,4.0311754133051932e-05,3.1014035513729847e-05,2.360371655082583e-05,1.7095556347761061e-05,8.7389408382233723e-06,1.5851258692131492e-05,0.0
Antonio Andrews,RB,TEN,2.5019315906101314,4500.0,0.99986835382412831,3.7761329607292475e-05,2.8906946056278863e-05,2.2541664335793581e-05,1.6138137353190504e-05,8.2481883273343042e-06,1.8049910192214793e-05,0.0
Michael Burton,RB,DET,2.5018459649930831,4500.0,0.99987033745771459,3.611057743244005e-05,3.2929137513696023e-05,2.1547887925073832e-05,1.5588665498793447e-05,8.2899733736941445e-06,1.5196300541272985e-05,0.0
Jonathan Williams,RB,BUF,2.5014589437911683,4500.0,0.99988928349860884,3.8282905187167501e-05,2.3406707313401763e-05,1.9122590610398757e-05,1.3815074024154217e-05,7.0103914453798325e-06,9.0788328100496332e-06,0.0
Mike Davis,RB,SF,2.5013947892640611,4500.0,0.99987281150995166,5.98320421227795e-05,2.6020727448752391e-05,1.7290659978419299e-05,1.2485883885121609e-05,6.5772051131048387e-06,4.9819715001062555e-06,0.0
Travaris Cadet,RB,NO,2.5012472018777259,5000.0,0.99989277773884633,4.928806789949149e-05,1.8995465937470139e-05,1.4895996483430653e-05,1.1183950504896751e-05,7.2296585560271004e-06,5.6291217724154559e-06,0.0
Fitzgerald Toussaint,RB,PIT,2.5012193663781184,4500.0,0.99991376692192224,2.5143543959438229e-05,1.953322275252042e-05,1.5360521439577195e-05,1.1025267481748965e-05,6.0851626486319973e-06,9.0853597954434135e-06,0.0
Roosevelt Nix,RB,PIT,2.5010927656393389,4500.0,0.99992021866933656,2.6602990283447662e-05,1.6873370953762004e-05,1.3171456816931162e-05,9.5074905844833413e-06,5.2733868491110065e-06,8.3526351757633746e-06,0.0
James Develin,RB,NE,2.5010261188917267,4500.0,0.9999226382448122,2.9106650888332112e-05,1.510839542424815e-05,1.1824308174470935e-05,8.4631074740483954e-06,4.6736158566746028e-06,8.1856773700838267e-06,0.0
Rex Burkhead,RB,CIN,2.5010045325395045,4500.0,0.99992261891830081,2.9536636280730215e-05,1.5368280127257412e-05,1.1972846485536493e-05,8.5942587655897571e-06,4.7141022738953557e-06,7.1949577657548941e-06,0.0
Ryan Hewitt,RB,CIN,2.5010045325395045,4500.0,0.99992261891830081,2.9536636280730215e-05,1.5368280127257412e-05,1.1972846485536493e-05,8.5942587655897571e-06,4.7141022738953557e-06,7.1949577657548941e-06,0.0
Paul Lasike,RB,CHI,2.500937725129742,4500.0,0.99992780238906598,3.0460681624189695e-05,1.2557744498187112e-05,9.7849254932425963e-06,7.0377058385088463e-06,3.9028947487741097e-06,8.4536587308150787e-06,0.0
