name,pos,team,expectation,salary,prob_0_5,prob_5_10,prob_10_15,prob_15_20,prob_20_25,prob_25_30,prob_30+,label
LeSean McCoy,RB,BUF,20.162120566566067,8200.0,0.017719614962189663,0.083695845479605541,0.14707560932191951,0.14564611233877359,0.42137868697700637,0.11134859114524141,0.073135539775263866,4.0
Ezekiel Elliott,RB,DAL,18.414362134633379,8100.0,0.0040353291255378343,0.096848002440199102,0.21659703398330246,0.23714370745684349,0.3171652598899905,0.10708742772496241,0.021123239379164195,4.0
Jordan Howard,RB,CHI,18.338753229890621,7700.0,0.028619325637625311,0.12875141281661387,0.23665903439594585,0.18653145713108837,0.17982381995383845,0.18047044150718222,0.059144508557705838,2.0
DeMarco Murray,RB,TEN,17.795615811084481,8800.0,0.018776268431467513,0.15350010154088525,0.20514182016398153,0.20070645679896118,0.26885387858203724,0.11789003234288095,0.035131442139786181,4.0
Tevin Coleman,RB,ATL,17.444708118106,5900.0,0.052948727786961108,0.22014247133786591,0.15820706463814635,0.15351527891114022,0.22886368581841826,0.089809047865730407,0.09651372364173777,4.0
Darren Sproles,RB,PHI,17.22563978270156,5300.0,0.1070199468953915,0.13415668507021777,0.2160381658016865,0.16198804997123742,0.12912831348261944,0.1729532773599842,0.0787155614188631,2.0
Devonta Freeman,RB,ATL,17.142446684493322,7100.0,0.018120893750047679,0.20970265413158465,0.2233796891974027,0.17796771589913823,0.22390003424000424,0.075009708911335543,0.071919303870486895,4.0
Matt Jones,RB,WAS,16.567671249512983,6500.0,0.083350678731552275,0.1852900667714229,0.18468424542416767,0.1643610936363456,0.25303973210433522,0.057765805801790401,0.071508377530385941,4.0
Carlos Hyde,RB,SF,16.098439738054285,7300.0,0.052748951299487874,0.24655497229068798,0.19998564240632308,0.17364426790457119,0.20323141807523465,0.043748431774099143,0.080086316249596196,1.0
Le'Veon Bell,RB,PIT,15.326355969832349,9300.0,0.21831552456749287,0.20339156535874636,0.098400047294818119,0.093536370934473326,0.13479417621439568,0.19324089015892987,0.058321425471143884,0.0
Jonathan Williams,RB,BUF,15.299453168032603,4500.0,0.24844745969903376,0.1115048210860823,0.16450521338440782,0.11818965243351481,0.18223301894560698,0.068269714176768442,0.10685012027458586,0.0
Jalen Richard,RB,OAK,15.222055823986144,5100.0,0.22016099613625154,0.17187010153047982,0.15763705912140119,0.099234783403670146,0.16279255419223182,0.077057938973178683,0.111246566642787,0.0
Spencer Ware,RB,KC,15.180963104831889,5700.0,0.15306435162500381,0.11516470756528516,0.27759672130993013,0.17991600398674548,0.1230786989176067,0.099263463146479144,0.051916053448949714,2.0
Mark Ingram,RB,NO,15.083313428647115,6700.0,0.10930082960147712,0.16448388450762833,0.27550321241715753,0.18013820957956198,0.13622182820526857,0.10494519810011545,0.029406837588791056,2.0
David Johnson,RB,ARI,14.694895009781298,9100.0,0.050599170039542979,0.26329769072413739,0.28924139528703408,0.15719185204822786,0.13382841749310143,0.065106859407167067,0.040734615000789176,2.0
Eddie Lacy,RB,GB,14.678814113523398,7000.0,0.10405652146268435,0.31125388062734122,0.19651589639852898,0.12376526035464896,0.12180805380935704,0.035968909852968307,0.1066314774944713,1.0
DeAndre Washington,RB,OAK,14.562592464183226,5500.0,0.24378833071984704,0.17360255713696227,0.15713943874712222,0.10079581155535179,0.15069118482859481,0.074268344235858541,0.099714332776263293,0.0
Isaiah Crowell,RB,CLE,14.553885297899523,6500.0,0.18895917556569389,0.19672958654386294,0.24107352829135809,0.11219442803123481,0.096091695348261882,0.040823306307167462,0.12412827991242099,2.0
Christine Michael,RB,GB,14.250897010848627,7400.0,0.16695027023364384,0.16851240258675099,0.28427780196509456,0.14323429272099766,0.10288847148000299,0.066689543345356067,0.067447217668153869,2.0
Frank Gore,RB,IND,13.396208399259946,6300.0,0.11406666717817296,0.33627088938720012,0.17987701771537043,0.1421225979937604,0.14479873623152983,0.040641719056089466,0.042222372437876937,1.0
Taiwan Jones,RB,OAK,13.020262627558456,4500.0,0.30920435452062373,0.13961360135258669,0.20720741060963574,0.096268553763917422,0.10593017954478368,0.056030418590664446,0.085745481617788277,0.0
Terrance West,RB,BAL,12.802346633823225,6500.0,0.14284574349583851,0.28776669614690753,0.29224792936871774,0.12237129534737813,0.057983402481105437,0.026628526417730964,0.070156406742321681,2.0
Todd Gurley,RB,LARM,12.671030263762452,7900.0,0.15722942138436555,0.32401886123237966,0.1766325708179784,0.16506423452352426,0.10153183166851333,0.023532001857683116,0.051991078515555691,1.0
Duke Johnson,RB,CLE,12.631954676367702,5100.0,0.35972254794630526,0.16670781552891561,0.15106911751919208,0.074192965712855719,0.080918020613985564,0.051158704866744745,0.11623082781200113,0.0
Charcandrick West,RB,KC,12.558576799872423,4600.0,0.34849241917140478,0.12661624637009489,0.18505744423264545,0.11323783427327573,0.084249225441885789,0.05798705184518621,0.084359778665507215,0.0
Bilal Powell,RB,NYJ,12.025972493627549,5400.0,0.32818958820942074,0.20921906555375472,0.14428332219968368,0.11607090591084197,0.063838924023836702,0.063831924480993799,0.074566269621468576,0.0
Roosevelt Nix,RB,PIT,11.992066594355942,4500.0,0.41926381034638266,0.14497951451517224,0.10685386993219291,0.081633348819076398,0.070360569870809478,0.091016015870145031,0.085892870646221239,0.0
Justin Forsett,RB,DET,11.499546743960027,4900.0,0.37894766343972031,0.13767246509782657,0.19578697528881392,0.12513801536189928,0.046666866039106747,0.02936044876512588,0.086427566007507201,0.0
Fozzy Whittaker,RB,CAR,11.238639960336473,5600.0,0.3353188093839844,0.24305801843288322,0.10633683008585866,0.08377850551550188,0.15583587560930781,0.049700301228039229,0.025971659744424776,0.0
Reggie Bush,RB,BUF,11.231819883831678,4900.0,0.55023705603920736,0.10575152040643711,0.039659887324963852,0.034657967337336913,0.07277030252313138,0.075842441195044394,0.12108082517387887,0.0
Giovani Bernard,RB,CIN,11.07589500322992,5700.0,0.36309723494734997,0.19900449349528107,0.17377276413369644,0.086696772300370151,0.07788873349696887,0.033350855051228388,0.06618914657510501,0.0
Wendell Smallwood,RB,PHI,11.066964767640332,5300.0,0.42682041907174839,0.16044922698062838,0.11441381345069364,0.11420182098787346,0.060770727884180489,0.04220548027732262,0.081138511347553122,0.0
Melvin Gordon,RB,SD,10.769342524824348,7100.0,0.26486598787778137,0.34331707685194857,0.15822495006748966,0.06770681099472689,0.086897137914590972,0.046686461714740002,0.032301574578722583,1.0
Arian Foster,RB,MIA,10.484251192185253,6500.0,0.5393782146676217,0.1088324517973774,0.078725031580934718,0.050603669921099284,0.061056755056810359,0.076397004571835042,0.085006872404321435,0.0
James White,RB,NE,10.475071981590172,5700.0,0.40675871494466576,0.21885849199803198,0.089927298375302445,0.080987287120961232,0.12319989832838142,0.040802771412855515,0.03946553781980159,0.0
Derrick Henry,RB,TEN,10.236741939169915,5300.0,0.44649175686810255,0.17892855481216005,0.10582504874407038,0.086300531412023734,0.090106973962878992,0.041877417905914767,0.050469716294849469,0.0
Chris Thompson,RB,WAS,10.213495118992476,5200.0,0.47424227990150503,0.16771235970402223,0.087873802900495859,0.069036040435037888,0.10955484063682526,0.027575214868448671,0.064005461553665127,0.0
Damien Williams,RB,MIA,10.194702273560873,4600.0,0.55844378292530372,0.1031257190278255,0.080972422210886227,0.053289031961005595,0.04512596139521783,0.066854057546505793,0.092189024933255315,0.0
Mike Gillislee,RB,BUF,10.17794569854461,4900.0,0.55019961815726315,0.10840687829451255,0.067387328549697686,0.051529193790711331,0.10248413096593979,0.034713351662046643,0.085279498579828847,0.0
Bobby Rainey,RB,NYG,10.100917242690297,5000.0,0.38260057246828627,0.23507835258159313,0.16428092805718025,0.079301189833162353,0.044589213955227434,0.04779367710524729,0.046356065999303434,0.0
Aaron Ripkowski,RB,GB,9.9972877749407019,4500.0,0.45077403029768159,0.23394186907517517,0.089828397185862274,0.054732326225592431,0.059233017170106803,0.026638330741497292,0.084852029304084559,0.0
LeGarrette Blount,RB,NE,9.9623925028094042,7000.0,0.35030678923173947,0.28833537815502697,0.13890480705394914,0.078138636039410028,0.087099708850754728,0.018917773047714866,0.038296907621404933,0.0
D.J. Foster,RB,NE,9.8528467256834702,4700.0,0.5155949031930287,0.19186117862860089,0.050135660932116188,0.041526118338315585,0.067071750407082589,0.056130691503320125,0.077679696997535908,0.0
Ryan Mathews,RB,PHI,9.8114704236503787,6500.0,0.47909314755902532,0.15851590603385854,0.12190261549760764,0.098852728942165957,0.048285583536375409,0.024335128714855096,0.069014889716111874,0.0
Lamar Miller,RB,HOU,9.6099937606166783,7900.0,0.41722926578247904,0.2233943592130597,0.12734409532313742,0.086597316263840693,0.080174724867341784,0.040510797715204515,0.024749440834936826,0.0
Jonathan Stewart,RB,CAR,9.5697658101061496,6300.0,0.55412952999843945,0.12804360379801707,0.088115790543592531,0.046731868224150437,0.051512321473260535,0.060734448123983549,0.0707324378385564,0.0
Jay Ajayi,RB,MIA,9.4485568045162864,5800.0,0.55555342229599503,0.12166008382005929,0.10331250958058906,0.055788894312845387,0.040745287563643241,0.045353527363821186,0.077586275063046856,0.0
Kenjon Barner,RB,PHI,9.2370571246327771,5000.0,0.54098562803521022,0.13560051017296815,0.095179133749686035,0.087367228752883663,0.044417115875480757,0.030163329797247309,0.066287053616523789,0.0
John Kuhn,RB,NO,9.1808135076980388,4500.0,0.4737218544159929,0.18110958934559923,0.14267366119419347,0.074785816512885767,0.052383730711358586,0.035867562272183864,0.039457785547786256,0.0
Alfred Morris,RB,DAL,9.1066280164153532,5000.0,0.48722618467897116,0.18792200078316901,0.1060233664404186,0.071020907143727927,0.080491134479903567,0.034151354540998553,0.033165051932811336,0.0
T.J. Yeldon,RB,JAC,9.0325752852035883,6700.0,0.50812576706131718,0.11275085784424597,0.14743457362477197,0.11257460916283066,0.066321962557721631,0.031510746094455103,0.021281483654657495,0.0
Tim Hightower,RB,NO,9.0002626474537841,4500.0,0.48715968334291315,0.16883412070372403,0.15012267310418037,0.075325537629323355,0.047183052999935519,0.031781881159028379,0.039593051060895064,0.0
Ty Montgomery,RB,GB,8.9589384743287646,4500.0,0.51665083239595799,0.21787582239252049,0.075400976044142323,0.045376334610169204,0.048370605014514158,0.021744530354092777,0.074580899188603056,0.0
Alex Collins,RB,SEA,8.5184693503286226,4500.0,0.57254520974194312,0.12048891533160955,0.10969710794817054,0.065085686524824535,0.053701008348342391,0.03758921520885683,0.040892856896253278,0.0
Alfred Blue,RB,HOU,8.422487104213733,4500.0,0.55046319938937738,0.15828732350075023,0.096245181962443055,0.066869528944202825,0.06012188701899851,0.032973410792649642,0.03503946839157835,0.0
Rashad Jennings,RB,NYG,8.3885288933739304,5700.0,0.58115686224800422,0.15665612213284957,0.093092988062395604,0.041303782644244731,0.026667278781311119,0.035344041662399232,0.065778924468795477,0.0
Daniel Lasco,RB,NO,8.3525288529345829,4500.0,0.53556468567751125,0.16271632885839413,0.12646456442295201,0.06601412837873416,0.042894508946039911,0.030671801462760096,0.035673982253608572,0.0
Ka'Deem Carey,RB,CHI,8.071415048434174,4500.0,0.6221755884214607,0.14953009605841633,0.05937087148638634,0.033761463789346184,0.030741525046541904,0.037981519789717637,0.066438935408131006,0.0
Benny Cunningham,RB,LARM,8.0560581762502146,4500.0,0.59623068849319705,0.13374705521495983,0.095692639327091905,0.06170740982261412,0.04004383677802182,0.02065178837718569,0.05192658198692942,0.0
Travaris Cadet,RB,NO,7.9939994252475461,5000.0,0.55711645272389754,0.15172401481129663,0.13441909619063533,0.056594070440459721,0.038675393854547345,0.030538284498126848,0.030932687481036718,0.0
Jeremy Hill,RB,CIN,7.9175523651477935,6900.0,0.54129673712997262,0.18875721380455712,0.12972803200819405,0.052276686685638965,0.031663334268330762,0.0093287843954119858,0.0469492117078944,0.0
Jamize Olawale,RB,OAK,7.9036063023598242,4500.0,0.63220763606031927,0.12894283947679863,0.072875176973239558,0.035208342528278883,0.047138764070330443,0.021152721739457554,0.062474519151575536,0.0
Matt Forte,RB,NYJ,7.7707811427712024,6800.0,0.53582683888177962,0.21012645034100105,0.11766852792542366,0.060519031338876879,0.020934472124599052,0.0090751174511419282,0.04584956193717777,0.0
Anthony Sherman,RB,KC,7.5558264451895871,4500.0,0.65033398880530613,0.0907870940723913,0.09890579681035043,0.04930979347343762,0.037785837454836012,0.033473206592494448,0.039404282791184006,0.0
Jerome Felton,RB,BUF,7.5178032060807292,4500.0,0.70783695888603904,0.078429600768503804,0.041622067722155598,0.028554915402281542,0.058636930311366395,0.020201658241152748,0.06471786866850103,0.0
Kenyan Drake,RB,MIA,7.393827888613119,5000.0,0.69018271910732532,0.088060295960416271,0.071110194976849894,0.036045278911653066,0.024679521904126152,0.0285746413003636,0.061347347839265549,0.0
Paul Lasike,RB,CHI,7.2153198948343391,4500.0,0.67321331613049773,0.13516227470029271,0.051778251461990062,0.02767990407180821,0.024809694116028347,0.030500616141955837,0.056855943377427352,0.0
Rob Kelley,RB,WAS,6.8373844127588495,4800.0,0.68987944222600606,0.11597717990341525,0.055976594730859315,0.033276543332808925,0.049150182649983547,0.012796145954499828,0.042943911202427069,0.0
Devontae Booker,RB,DEN,6.726964691836625,5000.0,0.62553261175809882,0.16793782238518767,0.094695472432342526,0.04675221836617037,0.022071408457840325,0.013364100476507979,0.029646366123852297,0.0
Chris Ivory,RB,JAC,6.6466239490088457,5400.0,0.67215461212231964,0.094396862762053696,0.10377888474766665,0.060679237212231368,0.032922902661850752,0.013865278633280648,0.022202221860597206,0.0
Robert Turbin,RB,IND,6.5914207140567687,4500.0,0.65803181396584631,0.1435560319164863,0.079117134706248912,0.041637896230897503,0.035635503666931662,0.016068259144254235,0.025953360369335262,0.0
Kenneth Farrow,RB,SD,6.5850125115747815,4500.0,0.68356163861885733,0.11467469354027091,0.084202974021965027,0.03527120867475407,0.029712649169696275,0.021661197204172217,0.030915638770284144,0.0
C.J. Spiller,RB,NYJ,6.4950587994553111,5000.0,0.72080604170840257,0.10252503787728665,0.057866040848396298,0.031087299273947558,0.018175743276612442,0.024812780807408796,0.044727056207945634,0.0
Paul Perkins,RB,NYG,6.466807561154619,4500.0,0.63911028225759647,0.18021849368124351,0.072914642776365779,0.042554084168406274,0.020328518160092617,0.022228970243040085,0.02264500871325523,0.0
Josh Ferguson,RB,IND,6.4290591975791767,4500.0,0.63608105899387579,0.20036107745075993,0.052371157881388138,0.034800347946503198,0.038019621233878725,0.016769913120725351,0.021596823372868879,0.0
Patrick DiMarco,RB,ATL,6.0801833764546585,4500.0,0.70792297339461951,0.15512831750794176,0.034545396080298704,0.026249069278548538,0.026352523683443627,0.010700611536991814,0.039101108518155903,0.0
Shaun Draughn,RB,SF,5.7830909572108524,4600.0,0.73060630370425961,0.13533806612054097,0.040506220163471329,0.02674362333013847,0.025484104567301422,0.0069936913385390343,0.034327990775749301,0.0
Zach Zenner,RB,DET,5.7111983182109025,5300.0,0.72719649868918312,0.14197809223633565,0.045206080039785441,0.026951336086488586,0.016818008607871977,0.0068676863845728861,0.034982297955762465,0.0
Malcolm Brown,RB,LARM,5.6469325024122483,4500.0,0.73964731278879603,0.13168058830317045,0.042023307361377694,0.029003367666875047,0.015579204147646117,0.0060653669290397618,0.036000852803094736,0.0
Joique Bell,RB,CHI,5.6325632788193714,5600.0,0.76457675799072167,0.11507742730745781,0.03036063192155258,0.016715665891698379,0.018680028162770271,0.019323214953706588,0.035266273772092641,0.0
Mike Davis,RB,SF,5.5231143333348021,4500.0,0.75601363126237597,0.12209208972051364,0.0360966944824377,0.023224071152882556,0.022553411978503777,0.0064527550083005106,0.03356734639498557,0.0
Jalston Fowler,RB,TEN,5.4383590638218671,4500.0,0.77802402055721853,0.093204103290878915,0.034970866074448936,0.025783263925422545,0.027967161365517013,0.016680840684054035,0.023369744102460097,0.0
Denard Robinson,RB,JAC,5.4124040557418081,4500.0,0.77190753441893134,0.074943033683959631,0.062703949971568876,0.038801301778563134,0.021985271610859582,0.0099986798284176209,0.019660228707699758,0.0
Kyle Juszczyk,RB,BAL,5.3557159949490742,4500.0,0.73775260594176661,0.14020111655238726,0.047257433778193386,0.026903540494514246,0.016005525775112554,0.010349375453413343,0.021530402004612505,0.0
Andre Ellington,RB,ARI,5.3198257767689281,4500.0,0.76070937798834981,0.1172102383991081,0.047469335670194408,0.022275489703756202,0.015493402391167369,0.010971897379938205,0.02587025846748606,0.0
Rod Smith,RB,DAL,5.2908139359444544,4500.0,0.77016959677630448,0.10578066373939447,0.038334233618479048,0.024972456487190015,0.029044209401176736,0.014282007138132869,0.017416832839322598,0.0
Antonio Andrews,RB,TEN,5.1805986174138283,4500.0,0.79516896198180997,0.088481062982318004,0.031625060912100579,0.024013581363954557,0.024717332660444288,0.013655024468877543,0.022338975630495087,0.0
C.J. Anderson,RB,DEN,5.0457274798449925,7500.0,0.72289577919829684,0.16067501596298137,0.064453863031143546,0.025296315223361721,0.0097742907891381747,0.0035360917006109702,0.013368644094467294,0.0
Kenneth Dixon,RB,BAL,5.0259396678768224,5600.0,0.76480800540026828,0.1498624992463852,0.028506814461669309,0.012965463237070086,0.0062750516882228487,0.0066459132266386218,0.030936252739745537,0.0
Malcolm Johnson,RB,CLE,4.966034177402447,4500.0,0.83117131396972432,0.06764468342669519,0.034095309418796453,0.01165089213418787,0.011133788213651217,0.0067282529874060628,0.037575759849538863,0.0
Jay Prosch,RB,HOU,4.9029372091263284,4500.0,0.80167110263229602,0.09061146504987766,0.035424302628902074,0.023176814877110485,0.020572741622293052,0.012151510223203939,0.016392062966316977,0.0
Mike Tolbert,RB,CAR,4.8757804295370928,4700.0,0.77911505537565817,0.11841072868468078,0.041437456749675895,0.017086704903490291,0.021753650897770191,0.0057872644032500153,0.016409138985474483,0.0
George Atkinson,RB,CLE,4.8559452289374327,4500.0,0.84146272583137072,0.062336046072166876,0.033022854439500628,0.010283951543181014,0.009520416157614205,0.0053715114258437143,0.038002494530323061,0.0
Michael Burton,RB,DET,4.8475756479475276,4500.0,0.80981953891742819,0.096017966970730659,0.03364846603616798,0.016290508567885727,0.0096357008180597437,0.0040232799417913431,0.030564538747936298,0.0
Dexter McCluster,RB,SD,4.8276898715000192,4500.0,0.78141944706047139,0.12440054700249532,0.038493618133120494,0.014106764536037019,0.013920628588320752,0.0090907215648235225,0.018568273114731641,0.0
Tyler Ervin,RB,HOU,4.7672909017558869,4500.0,0.8126962744529157,0.085570459970065585,0.034587333191637828,0.02142583980788048,0.018650372869133781,0.010746090004481838,0.016323629703884672,0.0
Chase Reynolds,RB,LARM,4.7547587068925035,4500.0,0.80539969068200612,0.10516316868396078,0.030734345413726154,0.019054571486451809,0.0099340819540101113,0.0038147213182004023,0.025899420461644593,0.0
Derek Watt,RB,SD,4.5515688959428457,4500.0,0.80570240636540524,0.11199851422707649,0.034790178502967693,0.011850016370999064,0.011252462007879094,0.0069778237372178954,0.017428598788454489,0.0
James Develin,RB,NE,4.5098762169820015,4500.0,0.82132442187550547,0.095419354579098808,0.029197636597110312,0.015243067919846408,0.016797733155207002,0.0052500859555289422,0.016767699917702918,0.0
Stepfan Taylor,RB,ARI,4.4464499592739752,4500.0,0.83112744685604611,0.088081579962940915,0.031346207397669079,0.013977510441402835,0.0094447396732871228,0.0068945631780601988,0.019127952490593559,0.0
Jamaal Charles,RB,KC,4.3497279286289512,7100.0,0.87422556425301967,0.041438548960243196,0.024848919885335576,0.01115596019184009,0.01483642930120402,0.021146102626522899,0.012348474781834613,0.0
DeAngelo Williams,RB,PIT,4.3191413475806657,5900.0,0.83192799482532898,0.074497254015411671,0.047024617998111591,0.023882266107905593,0.0077662757870420908,0.0028603101317909983,0.012041281134408941,0.0
Jordan Todman,RB,IND,4.310925811940634,4500.0,0.81310013278691828,0.11849314117610239,0.026469594926063756,0.013561283064346062,0.011457604452927367,0.0038200126690160633,0.013098230924626,0.0
Javorius Allen,RB,BAL,4.2769706322276528,5300.0,0.82279857153678682,0.11600001051372866,0.020950467075961914,0.010471385856823752,0.007019221649051526,0.0066267295176713316,0.016133613849976011,0.0
Fitzgerald Toussaint,RB,PIT,4.2182730578089256,4500.0,0.85874018418798637,0.061011469192787833,0.031245125591993168,0.020101176948252867,0.0083627980017284415,0.0047379541125305031,0.015801291964720909,0.0
Rex Burkhead,RB,CIN,4.1971034239059328,4500.0,0.86148163233132946,0.065211033679009725,0.030454841422694476,0.011768283664683219,0.0077886433354106416,0.0030537548423831633,0.020241810724489197,0.0
Ryan Hewitt,RB,CIN,4.1971034239059328,4500.0,0.86148163233132946,0.065211033679009725,0.030454841422694476,0.011768283664683219,0.0077886433354106416,0.0030537548423831633,0.020241810724489197,0.0
Kapri Bibbs,RB,DEN,3.974576040602031,4500.0,0.8581055511681831,0.078187508902101549,0.029327379265913545,0.013221188450952033,0.0055433811169390088,0.003507727505036376,0.012107263590874393,0.0
Andy Janovich,RB,DEN,3.8792101039517237,4500.0,0.8662019462927899,0.074674695430718516,0.027360584768526416,0.011837372787451996,0.0052846494744067741,0.0035796290247345794,0.011061122221371901,0.0
