name,pos,team,expectation,salary,prob_0_5,prob_5_10,prob_10_15,prob_15_20,prob_20_25,prob_25_30,prob_30+,label
Le'Veon Bell,RB,PIT,17.096637963268538,9300.0,0.047802978135385685,0.14893583895704293,0.2325915338362701,0.25042516839632772,0.14980576900222811,0.10209434736441318,0.068344364308332795,3.0
Ezekiel Elliott,RB,DAL,15.729209697099686,8100.0,0.065884187003066905,0.16281150802419292,0.2917590396601944,0.20582882314377787,0.15156948146915858,0.078804858520049537,0.043342102179559916,2.0
DeMarco Murray,RB,TEN,15.645363295621808,8800.0,0.074257600309998478,0.19008991213647003,0.23158488498779708,0.24152563946927669,0.12929264796601009,0.088036721071658261,0.045212594058790023,3.0
LeSean McCoy,RB,BUF,15.570730642889302,8200.0,0.070143342499419392,0.19018879180558226,0.23805865811629001,0.24111702835286261,0.13625745422051525,0.085377729290401827,0.038856995714929274,3.0
David Johnson,RB,ARI,15.055744808337991,9100.0,0.094555886766063538,0.19951658640269326,0.24323676147065459,0.21322691767362595,0.13274820945163662,0.069444258022300046,0.047271380213026307,2.0
Melvin Gordon,RB,SD,13.553953802161917,7100.0,0.10980713823616119,0.25083638466495184,0.25822366781172423,0.20325352662452986,0.096920201839069284,0.053445581626032169,0.027513499197531599,2.0
Todd Gurley,RB,LARM,13.537115081650665,7900.0,0.10703625123645505,0.2501882272390944,0.25549886514259773,0.22734113347609788,0.074047616777352832,0.06016546571098564,0.025722440417416871,2.0
Jordan Howard,RB,CHI,13.523152711407166,7700.0,0.12427564450413402,0.22235964016178733,0.28503029222495235,0.19328766349627494,0.094679274767400387,0.045838948922747536,0.034528535922704107,2.0
Carlos Hyde,RB,SF,13.008775809123687,7300.0,0.12371962295185517,0.2783148532243051,0.24687356003681288,0.1981875390667259,0.072992782454520344,0.050844155479351248,0.02906748678642947,1.0
Devonta Freeman,RB,ATL,12.996868462120988,7100.0,0.13102568824054098,0.2560535124432356,0.25319898113948802,0.21341081332588521,0.079649226279668014,0.036805792071352358,0.02985598649983022,1.0
Lamar Miller,RB,HOU,12.693142714751421,7900.0,0.18070841408908103,0.21848830961459675,0.2135834463667044,0.25684572155266538,0.069785800120673966,0.033687352136151628,0.026900956120127363,3.0
LeGarrette Blount,RB,NE,12.57784840528155,7000.0,0.1531030457748575,0.25107263490214859,0.2548237091192781,0.19518656032288684,0.088081824149100124,0.03886454460379659,0.018867681127932516,2.0
Matt Jones,RB,WAS,12.512585659268572,6500.0,0.15288135191987776,0.27005491479077443,0.26839707530259921,0.16265383351930504,0.076678259739269561,0.03312076252692385,0.03621380220125054,1.0
Frank Gore,RB,IND,11.057002434216837,6300.0,0.20489641303056325,0.3066176198873426,0.25277549234835683,0.12600291009563555,0.063313159153380635,0.022395413527869182,0.023998991956851779,1.0
Matt Forte,RB,NYJ,11.044328416353075,6800.0,0.2565079887015328,0.2547104965012098,0.2169970506502413,0.16065697244654478,0.053301317269602334,0.03392348983318124,0.023902684597688125,0.0
C.J. Anderson,RB,DEN,10.929202166985739,7500.0,0.22395487348092583,0.30876918278188664,0.20725740740819915,0.15629793693211988,0.052528126098133003,0.032800637221209884,0.018391836077526397,1.0
Eddie Lacy,RB,GB,10.835571158779487,7000.0,0.25269982751756676,0.24795918638803238,0.26098060519414995,0.14197355750162663,0.044506354026113658,0.029316869700726913,0.022563599671784038,2.0
Isaiah Crowell,RB,CLE,10.774376622440871,6500.0,0.21091852522497015,0.3257791648992609,0.23746097227465798,0.12595695860340483,0.056096627119441453,0.021802370971403112,0.02198538090686172,1.0
Ryan Mathews,RB,PHI,10.342321155856981,6500.0,0.3040606412197901,0.25138299359594851,0.23764026221495957,0.10262935135501121,0.040943185855411048,0.027728841182579615,0.035614724576300376,0.0
Terrance West,RB,BAL,10.255723281352521,6500.0,0.24862566551901877,0.34017929763984617,0.20890574152833158,0.10170451660449034,0.053421281309729639,0.021471688379458242,0.025691809019125298,1.0
Tevin Coleman,RB,ATL,9.6407272587648123,5900.0,0.33010960367754849,0.22852052493699393,0.24112768730076764,0.13081461625593105,0.042400540694758605,0.013568090468932752,0.013458936665067939,0.0
Giovani Bernard,RB,CIN,9.635949226166268,5700.0,0.31000039942851498,0.29541379507291821,0.21227916700527563,0.09667421697952594,0.044037714043631236,0.019547593012792405,0.02204711445734148,0.0
Jeremy Hill,RB,CIN,9.5792624259143029,6900.0,0.35924814945611494,0.25479233538121682,0.18149336097830066,0.1187758825948388,0.032980918815586929,0.021859125488297413,0.030850227285644745,0.0
James White,RB,NE,9.4281662581000418,5700.0,0.34882974803974964,0.2720555316138113,0.16938528067816669,0.12741672319720618,0.045752217056685661,0.018730083574648629,0.017830415839732258,0.0
Jay Ajayi,RB,MIA,9.29092096143318,5800.0,0.36796463994172485,0.25590450130924419,0.19638101293843407,0.09132720343971211,0.047512944359599234,0.013619173153578855,0.027290524857707058,0.0
Fozzy Whittaker,RB,CAR,8.9997836155078641,5600.0,0.34375417572352479,0.32813725211482608,0.16999056798032378,0.071914940761265228,0.047734180780193688,0.016593965025070639,0.021874917614796166,0.0
Mark Ingram,RB,NO,8.1651766128918108,6700.0,0.50704201679917205,0.20838886789218866,0.13037086203099238,0.065119005258283083,0.037495959677643458,0.011151665388277934,0.040431622953442478,0.0
Chris Thompson,RB,WAS,8.0219290991386512,5200.0,0.42390302019393494,0.28757854048639597,0.1505379244531011,0.08030050960552923,0.033921186125487501,0.010191444842993835,0.013567374292557739,0.0
Jalen Richard,RB,OAK,7.972456709022441,5100.0,0.4572557218188143,0.26424037156704056,0.13299340014661792,0.080493509595170626,0.03521255288237584,0.0078636375371204069,0.021940806452860683,0.0
Bilal Powell,RB,NYJ,7.9014214281329807,5400.0,0.41557006037384947,0.3369914423365421,0.1132348691167519,0.079103944886857555,0.026713220222042141,0.0079024136052738055,0.020484049458683071,0.0
T.J. Yeldon,RB,JAC,7.5792473307344004,6700.0,0.52846910846789497,0.20941776455328473,0.13230921022619502,0.064397852964768604,0.026701977072609285,0.0065098331284303085,0.032194253586817045,0.0
DeAndre Washington,RB,OAK,7.4218351244862673,5500.0,0.51376893547837388,0.23490639206795214,0.12694266977483312,0.068135232874896243,0.024049960529927202,0.0095396718305852893,0.022657137443432444,0.0
Derrick Henry,RB,TEN,7.070598052678605,5300.0,0.58172183631140961,0.20068598659226275,0.11115783199877521,0.042049247442894094,0.016790870494869443,0.0077038272672533296,0.039890399892535566,0.0
Zach Zenner,RB,DET,7.0573201342553693,5300.0,0.48486432606054536,0.30832355536815953,0.11870693357284837,0.043819907019065317,0.018408712791517047,0.0050437610714433355,0.020832804116421071,0.0
Mike Gillislee,RB,BUF,7.0240411308603647,4900.0,0.57446867494587306,0.21357412082802299,0.085679852571229231,0.050692217095938852,0.046231810919146223,0.0052840656142969979,0.024069258025493038,0.0
Jamaal Charles,RB,KC,6.9804054284789103,7100.0,0.57353039877969991,0.21463596980876379,0.11983632609131983,0.030241683765286159,0.012325959367966634,0.01303281951907333,0.036396842667890325,0.0
Spencer Ware,RB,KC,6.9690899946603428,5700.0,0.5885085294814526,0.21135803745405504,0.091591142467929335,0.036714994580140624,0.023680422713569384,0.012362449680726188,0.035784423622126832,0.0
Alfred Morris,RB,DAL,6.9606488987151618,5000.0,0.57502373154253372,0.21895880976127449,0.10883999251361379,0.037598018504325585,0.016424704138782494,0.0023384800800889849,0.040816263459381281,0.0
Bobby Rainey,RB,NYG,6.88394125155527,5000.0,0.51076698314762592,0.28129075255259733,0.11046761029256758,0.053986583870808298,0.025760794727009855,0.0037786290054596054,0.013948646403932121,0.0
Duke Johnson,RB,CLE,6.8207185928920557,5100.0,0.53925816738114785,0.23378152915942238,0.13842015448996045,0.039466267915579244,0.029543313426863803,0.0066659110605309805,0.012864656566495387,0.0
Devontae Booker,RB,DEN,6.5672055848924291,5000.0,0.5769744285002808,0.22330201885660608,0.10427736631966431,0.055250742752161179,0.015302177286742382,0.004788535180297683,0.020104731104247611,0.0
DeAngelo Williams,RB,PIT,6.1035502289826429,5900.0,0.64114849399584728,0.16677011371646203,0.10665692459216508,0.04402866921221698,0.018452436872561012,0.0096010151340164707,0.013342346476732039,0.0
Darren Sproles,RB,PHI,6.0568358081060456,5300.0,0.64585813345369691,0.18054058713012508,0.093921016308089605,0.035799297510996614,0.017652194950040879,0.0036727597760536947,0.022556010870997397,0.0
Javorius Allen,RB,BAL,5.9080047898058057,5300.0,0.67743022057216928,0.15640385397090459,0.084346096809741353,0.037984323195277538,0.015190792830628059,0.0029345750505883543,0.025710137570690413,0.0
Kenneth Dixon,RB,BAL,5.8394280555411431,5600.0,0.6704228467445098,0.14868356056921903,0.11879690009206428,0.026787875043560189,0.0095032255286895354,0.0030030833555189517,0.022802508666438098,0.0
Alfred Blue,RB,HOU,5.831799670735907,4500.0,0.69258568165113565,0.16376949532747914,0.068650363552264088,0.027965615226725384,0.0087158396385618713,0.0016700149627792236,0.036642989641054537,0.0
Damien Williams,RB,MIA,5.7437786911754296,4600.0,0.65233783121356381,0.21060867262120492,0.06305818643792574,0.040214258771793063,0.010703562231404774,0.00095333947311279849,0.022124149250994957,0.0
Christine Michael,RB,GB,5.5780881919779288,7400.0,0.72440558661015764,0.11018046727474244,0.10662466450663588,0.018539933591277365,0.0043217891635643811,0.0094988319127062935,0.026428726940915529,0.0
John Kuhn,RB,NO,5.3936337626235122,4500.0,0.71158025566881888,0.14154306048300586,0.085113472522558395,0.027443093645242087,0.010780617631075098,0.0076678365225969613,0.015871663526702776,0.0
Paul Perkins,RB,NYG,5.2735116022845778,4500.0,0.71238538448479083,0.17652439764881409,0.05353904853368982,0.02387115180399544,0.0072930497242809584,0.00080074619811908035,0.02558622160631013,0.0
Arian Foster,RB,MIA,5.2200386800924115,6500.0,0.76945485634856881,0.094554845409007826,0.077824528228573525,0.017158623407276277,0.0026939372221358089,0.011655763971259767,0.026657445413177931,0.0
Rashad Jennings,RB,NYG,5.2195912228242669,5700.0,0.79239080693455677,0.08912318840210437,0.054121832058069766,0.017699450949225991,0.002779867275199402,0.0019453222515648601,0.041939532129278409,0.0
Kyle Juszczyk,RB,BAL,5.2133638471717392,4500.0,0.68119888533495165,0.2080166958249465,0.05478084663616458,0.037911390732701666,0.0024465591893483925,8.1715633795653234e-05,0.015563906648091598,0.0
Kenyan Drake,RB,MIA,5.1393113381686613,5000.0,0.71682231895565962,0.17217786534213542,0.053790882607897841,0.029329019731754974,0.0075229800161758084,0.0015309392904088322,0.018825994055967531,0.0
Wendell Smallwood,RB,PHI,5.1231593757068108,5300.0,0.71683248338814354,0.16693667519257038,0.064939532193312624,0.01288880790194899,0.018099546425388403,0.010145120457580601,0.010157834441055821,0.0
Jonathan Stewart,RB,CAR,4.9257357879639549,6300.0,0.78305292737911125,0.093376045732287236,0.07472954945594168,0.017133557039598277,0.0030660164015887219,0.00501673314740051,0.023625170844072063,0.0
Chris Ivory,RB,JAC,4.849759672218247,5400.0,0.75673418457541353,0.12563366954902441,0.07286039883505821,0.022308981627108319,0.0052243996727830344,0.00085096910795012749,0.016387396632661713,0.0
Josh Ferguson,RB,IND,4.8410622545448589,4500.0,0.76199076399862797,0.13774026917964557,0.05454390164941459,0.015658805600642901,0.0077112910011765548,0.0011629987228887126,0.021191969847602885,0.0
Joique Bell,RB,CHI,4.809065805680687,5600.0,0.75736769913987412,0.13632404264402392,0.061071565010707624,0.01737587371823518,0.010165705330299675,0.0029751306831977699,0.014719983473662291,0.0
Daniel Lasco,RB,NO,4.7006883011677107,4500.0,0.80291075990885086,0.10541800828363157,0.041365970796368702,0.014605752777926882,0.0085862994818751599,0.0016070685252438644,0.025506140226103442,0.0
Jerome Felton,RB,BUF,4.6662476103926824,4500.0,0.78959196397992693,0.11534895367320143,0.049563734541619497,0.014743466515794008,0.0090866991811680894,0.0017518537692261151,0.019913328339063303,0.0
Jamize Olawale,RB,OAK,4.6383940247765434,4500.0,0.79121654453758139,0.10938197539798653,0.058909359096911605,0.013729867423815413,0.0048207832212847244,0.0017427872592121764,0.020198683063208146,0.0
Rob Kelley,RB,WAS,4.6129698203445306,4800.0,0.79677001128814895,0.11758773421133387,0.041423052596049378,0.015788178369028506,0.0031365385124751928,0.001443144760519444,0.023851340262444627,0.0
Ka'Deem Carey,RB,CHI,4.5235936904462601,4500.0,0.83280059209935375,0.10266191807820163,0.020577314583328888,0.0061187237389689619,0.0013141565151923201,9.2015890325565598e-05,0.036435279094629014,0.0
Mike Tolbert,RB,CAR,4.4676594755127539,4700.0,0.80178427710886735,0.12348072893013072,0.034318262206717479,0.015221428616466477,0.0027634237101930017,0.00074037014049870822,0.021691509287126185,0.0
Malcolm Brown,RB,LARM,4.4358676529574694,4500.0,0.83684987440228897,0.095987997908898962,0.025432262817503014,0.0080122015712861972,0.0011164424902373586,5.9535260550626828e-05,0.032541685549235026,0.0
Andre Ellington,RB,ARI,4.4223474151609015,4500.0,0.81959506276429961,0.10609043299703956,0.033794741826224259,0.012902589079842606,0.0026121283191903608,0.0005996711471459305,0.024405373866257438,0.0
Shaun Draughn,RB,SF,4.3745640602110942,4600.0,0.79868271029944093,0.12872574923110611,0.039114071585562439,0.012686871630465455,0.0016751535393399071,0.0007017957002155681,0.018413648013869847,0.0
D.J. Foster,RB,NE,4.3210945846391233,4700.0,0.79758361295100022,0.14041596542356719,0.030020070524998943,0.010042584091387821,0.0032327616321948223,0.00058568219880948506,0.018119323178041446,0.0
C.J. Spiller,RB,NYJ,4.2958482405112948,5000.0,0.82537913510444294,0.096355742999531424,0.038617959975514121,0.014761030924749712,0.0076303407126540445,0.00092607154224422488,0.016329718740863516,0.0
Aaron Ripkowski,RB,GB,4.2339276527872753,4500.0,0.83680569382842396,0.10663249807994403,0.020001908886758606,0.0086264115253504563,0.002628074055945089,0.00048500309939685486,0.024820410524181179,0.0
Tim Hightower,RB,NO,4.2294215379220788,4500.0,0.83676232072199797,0.094358724184932824,0.029220967379828031,0.013309032734042429,0.0067205506979977833,0.00087352012139757171,0.018754884159803184,0.0
Reggie Bush,RB,BUF,4.2194208039296939,4900.0,0.81071571979363788,0.12812925971694133,0.029252873509692599,0.0081883745151625029,0.0083147028876720524,0.00044582219758172687,0.014953247379311977,0.0
Dexter McCluster,RB,SD,4.0225714398476127,4500.0,0.84878387604104766,0.090855194091679178,0.030757177098685619,0.0094254968485793771,0.0023393617151449596,0.00096134003830673147,0.016877554166556955,0.0
Mike Davis,RB,SF,3.9422351515097653,4500.0,0.88485942560524677,0.063484547830135643,0.019331487906344182,0.005628086926311191,0.0014844894683890728,0.00026697780439238582,0.024944984459181082,0.0
Kapri Bibbs,RB,DEN,3.9373999511942133,4500.0,0.87383195302179395,0.067381352897785726,0.025490317239268222,0.011066440541284275,0.0032604759954996481,0.00028314314781374694,0.018686317156553934,0.0
Patrick DiMarco,RB,ATL,3.8442139582542221,4500.0,0.86128388075771367,0.097596107671764201,0.016163826695271912,0.0057184256224365061,0.0012464371549835975,0.00011039235640065267,0.017880929741429123,0.0
Robert Turbin,RB,IND,3.8345230958705971,4500.0,0.87297782492304199,0.072813834322389137,0.025875893951817726,0.0099417055621132192,0.0025909118967650203,0.00036577204031883957,0.01543405730355399,0.0
Kenjon Barner,RB,PHI,3.8222172023720176,5000.0,0.85514522193721887,0.091535966848693653,0.031190592925133338,0.005418974567605866,0.0041750225364057683,0.0026021091834161798,0.0099321120015263917,0.0
Malcolm Johnson,RB,CLE,3.7772428892938525,4500.0,0.87904512447866001,0.065564485792196314,0.031156968032344246,0.0066889363480503814,0.0023510867078804535,0.0004387273596242107,0.014754671281244825,0.0
Derek Watt,RB,SD,3.7121607042037765,4500.0,0.89659583113485242,0.062982862361436853,0.013419204296842622,0.0055393029197913337,0.0011499127660703436,0.00042696821637578221,0.019885918304630618,0.0
Andy Janovich,RB,DEN,3.6981506218920202,4500.0,0.89754995434594231,0.062771728018910192,0.012145607263161608,0.0062617956215711883,0.0016343811968365075,0.00026213194476407142,0.019374401608813964,0.0
Alex Collins,RB,SEA,3.5167162015107367,4500.0,0.90224525410771417,0.058951184867165649,0.0190810617050905,0.0049023462105449297,0.0016512966102014126,0.00045324019532546212,0.012715616303958835,0.0
Travaris Cadet,RB,NO,3.5144787041476295,5000.0,0.8960450367603725,0.063123360889433558,0.021130859381355106,0.0076285564952024553,0.0012840453919584628,0.00042273793797792863,0.010365403143700169,0.0
Justin Forsett,RB,DET,3.4738188317574528,4900.0,0.90874532989762713,0.053812695999822267,0.015881519815379688,0.0078486594562533502,0.0011412989812479119,0.00042091106379600949,0.012149584785873436,0.0
Jay Prosch,RB,HOU,3.4673929066223348,4500.0,0.91027401034017308,0.053096125891139156,0.016573951476603444,0.0053116819528120258,0.0013539035076696045,0.00076882120960821418,0.012621505621994643,0.0
Rod Smith,RB,DAL,3.4501453193371168,4500.0,0.91437864575785999,0.053544343228959353,0.01343644353889884,0.0025454975447172195,0.00071095490574229006,0.00057681756753407668,0.014807297456288464,0.0
Stepfan Taylor,RB,ARI,3.4442685968798714,4500.0,0.90810512957695866,0.060282232200053597,0.013072928494237092,0.0047232350794722449,0.00045069981148435914,0.00028294049504611296,0.013082834342747955,0.0
Jonathan Williams,RB,BUF,3.4288176832056627,4500.0,0.92535016718505425,0.041068516237111323,0.012675612626458893,0.0025135251489043194,0.0026968397396072226,0.00066922877510645472,0.015026110287758292,0.0
James Develin,RB,NE,3.4216177399129148,4500.0,0.92459043863068135,0.042661268732987701,0.01343596629934061,0.0022320071917356402,0.00070398433701027868,0.00077852568395090434,0.015597809124294038,0.0
Charcandrick West,RB,KC,3.4046119296948651,4600.0,0.92461754480415992,0.043328114552971572,0.013069157827531404,0.002640923215226135,0.00068826051790234113,0.00065590001380681426,0.015000099068402524,0.0
Ty Montgomery,RB,GB,3.4045430739112934,4500.0,0.91824683025453602,0.052261291636708965,0.010640723545872151,0.0035019137617085206,0.00095640964163712632,0.00034593755657509265,0.01404689360296245,0.0
Taiwan Jones,RB,OAK,3.3852003298728182,4500.0,0.92772038233343668,0.040834831510588768,0.012691745491221595,0.0024004399046459834,0.00066571938662056938,0.00067145513770338857,0.015015426235783721,0.0
Kenneth Farrow,RB,SD,3.3846039509706611,4500.0,0.92493372985175804,0.042287756272582147,0.015061023850630236,0.0023218800735777005,0.00055487513590167818,0.00075928723008545783,0.014081447585464977,0.0
Roosevelt Nix,RB,PIT,3.3824548584131016,4500.0,0.92805481379653854,0.040686134388421849,0.012623580866246572,0.0023185916713441253,0.00059716773094499096,0.0006432636189239436,0.015076447927580458,0.0
Antonio Andrews,RB,TEN,3.3598671309055628,4500.0,0.92755012973036499,0.041127946379093623,0.013775838727287344,0.0022183992372497878,0.00074149689858617608,0.00075840775791391826,0.013827781269504671,0.0
Jalston Fowler,RB,TEN,3.3598671309055628,4500.0,0.92755012973036499,0.041127946379093623,0.013775838727287344,0.0022183992372497878,0.00074149689858617608,0.00075840775791391826,0.013827781269504671,0.0
Fitzgerald Toussaint,RB,PIT,3.3442385321080734,4500.0,0.92993330980373068,0.039219136996273316,0.01347751052229787,0.0021888823576534763,0.00059161581208158425,0.0007277341615347739,0.013861810346428445,0.0
Anthony Sherman,RB,KC,3.3272993362047973,4500.0,0.92920533471970923,0.041047184379200456,0.01290175882122286,0.0023436929113626053,0.00066619949970496276,0.00067973624053176205,0.013156093428268701,0.0
Tyler Ervin,RB,HOU,3.3262589852070961,4500.0,0.92774886078876806,0.043509917340755225,0.012215117675011409,0.0020814267092394202,0.00058825677459847922,0.00090159833403462579,0.01295482237759318,0.0
Jordan Todman,RB,IND,3.3161309386088531,4500.0,0.93183035740633502,0.038766385229178135,0.012568415412969129,0.00217590515127468,0.0005988305103932786,0.00066050447517932256,0.013399601814670819,0.0
Michael Burton,RB,DET,3.3156596094727719,4500.0,0.93247222847059685,0.038755073932649563,0.011560741107505818,0.0023867349103208033,0.0005484018386625473,0.0005985164336254242,0.013678303306639002,0.0
Denard Robinson,RB,JAC,3.2892830881711794,4500.0,0.934439256489208,0.037749077931768474,0.011056508251756109,0.0025279984722268475,0.0004681954290698018,0.00059701080187765307,0.013161952624093386,0.0
Benny Cunningham,RB,LARM,3.2889950462399424,4500.0,0.93062571859004728,0.04159360921192063,0.01194462557665138,0.0024547326118197605,0.00050696605017068604,0.00050611659294633421,0.012368231366444776,0.0
Rex Burkhead,RB,CIN,3.2587739801489963,4500.0,0.93663513903450046,0.036411360150724471,0.010829164438643991,0.0025785174673918498,0.00054798831007749234,0.00048553168800144654,0.012512298910660611,0.0
Ryan Hewitt,RB,CIN,3.2587739801489963,4500.0,0.93663513903450046,0.036411360150724471,0.010829164438643991,0.0025785174673918498,0.00054798831007749234,0.00048553168800144654,0.012512298910660611,0.0
George Atkinson,RB,CLE,3.2312572430974713,4500.0,0.940077419735873,0.03365891921502151,0.010592439724726508,0.002461916054764546,0.0004468372637426692,0.00048099286827564503,0.012281475137596453,0.0
Paul Lasike,RB,CHI,3.1987732279494172,4500.0,0.94304105417745165,0.031504314178227452,0.010771990235460939,0.0019494943121675119,0.00046973018201204938,0.00048884177949431518,0.011774575135186399,0.0
Chase Reynolds,RB,LARM,3.189445689765015,4500.0,0.94367862658586432,0.031507328906175705,0.010182983285597453,0.0020797429541495305,0.00045190651371958702,0.00045145923060284897,0.011647952523890923,0.0
