name,pos,team,expectation,salary,prob_0_5,prob_5_10,prob_10_15,prob_15_20,prob_20_25,prob_25_30,prob_30+,label
LeSean McCoy,RB,BUF,20.043124353851042,8200.0,0.010881308363745191,0.086026397997981521,0.16091244483340172,0.1615849619538349,0.39408827671623092,0.11508491699816188,0.071421693136643857,4.0
Darren Sproles,RB,PHI,19.746917392304134,5300.0,0.087463642178381387,0.10340198914109708,0.14599723402825499,0.13282028075490665,0.096300941620413819,0.36718734485553745,0.066828567421408733,5.0
DeMarco Murray,RB,TEN,19.208894211917695,8800.0,0.0079671750194015532,0.10057982834332382,0.18257378476441755,0.21440625932949989,0.28548485430352255,0.17835292616675646,0.030635172073078122,4.0
Ezekiel Elliott,RB,DAL,18.852038784006066,8100.0,0.0016482736359635086,0.078165225893742404,0.22874290303648775,0.20475250561987218,0.35623213732091957,0.1016083636755966,0.028850590817418045,4.0
Carlos Hyde,RB,SF,18.832400259046953,7300.0,0.029097660579924679,0.17080511468691106,0.1734722386354052,0.17436657172082953,0.24082191660417471,0.074662771500283262,0.13677372627247156,4.0
Jordan Howard,RB,CHI,18.07764069321728,7700.0,0.014661186433724212,0.14903084719219392,0.22923665104623833,0.2155993714565318,0.16796336826571989,0.17562222634002367,0.047886349265568104,2.0
Eddie Lacy,RB,GB,17.958359882136179,7000.0,0.078487961755639921,0.21051942004594271,0.14030116120116895,0.13985446144119598,0.13886322743879315,0.18153036857466062,0.1104433995425987,1.0
Devonta Freeman,RB,ATL,17.384133492138453,7100.0,0.0089532041408967554,0.1987205471307823,0.23449881389770583,0.15589851292246168,0.25759862893836499,0.08475229021531526,0.059578002754473149,4.0
Tevin Coleman,RB,ATL,16.876303678989963,5900.0,0.03633876778160814,0.25777931782739688,0.17599076699958729,0.12959202085365465,0.24211106444039271,0.079961893322637395,0.078226168774723034,1.0
Matt Jones,RB,WAS,16.352341745206996,6500.0,0.075033264018683751,0.1981066236365385,0.19839457045570899,0.17841615939249283,0.22042543156881336,0.05595553399316347,0.073668416934599065,4.0
Isaiah Crowell,RB,CLE,16.315299141340049,6500.0,0.14050527658226816,0.16707636151698615,0.25043232476954203,0.12274362464095608,0.10716146360246245,0.053522719260920747,0.15855822962686436,2.0
David Johnson,RB,ARI,15.627340147574483,9100.0,0.02519429978041925,0.2465612513692606,0.27560338688260794,0.17823082217119976,0.14158974107357508,0.09112311208438155,0.041697386638555808,2.0
Le'Veon Bell,RB,PIT,15.285272160138668,9300.0,0.17520632376482992,0.2572079874160324,0.11272812861003201,0.093380554036564034,0.14653975516759896,0.12600175128038613,0.088935499724556694,1.0
Jalen Richard,RB,OAK,14.855181440232812,5100.0,0.22618456602795498,0.18625776175035752,0.16554367301195019,0.092001261170407939,0.14591250723099286,0.068409421611385954,0.11569080919695067,0.0
Frank Gore,RB,IND,14.707354603809435,6300.0,0.070891371416785559,0.31642644720547952,0.1761137198778587,0.15311637624721586,0.18548472153224765,0.043505896835087571,0.054461466885325251,1.0
DeAndre Washington,RB,OAK,14.23578128534955,5500.0,0.25118833888901831,0.18104504261229767,0.16537653593346063,0.095762556327456422,0.13920466276246002,0.064664526687342336,0.10275833678796459,0.0
Terrance West,RB,BAL,14.179358740347752,6500.0,0.099618822387416123,0.26547514979950532,0.28160418344585597,0.15952942452363281,0.069620861273642379,0.037912411994528404,0.086239146575418979,2.0
Duke Johnson,RB,CLE,13.970218144674339,5100.0,0.31813094728903918,0.15730470658190079,0.15638578672870695,0.077560728679438973,0.085221192487698286,0.056451837072973188,0.14894480116024258,0.0
Christine Michael,RB,GB,13.703484733491248,7400.0,0.19200477113662165,0.13787379187693363,0.30628011893596613,0.14525901828581145,0.11332804258500906,0.055319319943909838,0.04993493723574826,2.0
Spencer Ware,RB,KC,13.283521909579088,5700.0,0.1541072769926061,0.14203056960914193,0.35686155158425348,0.18243268060570869,0.11131087871931314,0.025174415823038417,0.028082626665938144,2.0
Mark Ingram,RB,NO,13.212487354765514,6700.0,0.11716609304433122,0.17517578059266459,0.38564559123119246,0.15704801435449656,0.12549002933156087,0.022438564592722015,0.017035926853032304,2.0
Jonathan Williams,RB,BUF,13.081404429943088,4500.0,0.34287967838100208,0.10379918765971902,0.15939220397565118,0.11823035301164815,0.1484550831503777,0.054597874066180739,0.072645619755421165,0.0
Todd Gurley,RB,LARM,12.84159422469294,7900.0,0.13891699696835808,0.34195995689264846,0.16072825416758862,0.17961041580309661,0.099761303433751544,0.03108270280543482,0.047940369929121908,1.0
Bilal Powell,RB,NYJ,11.953551592193296,5400.0,0.33850155104330459,0.20732737894900824,0.1223010392683334,0.1340643632630607,0.064257054376677336,0.059004287660273401,0.074544325439342404,0.0
Wendell Smallwood,RB,PHI,11.697524060571515,5300.0,0.45848088980566809,0.12823616016720024,0.074841891144866654,0.099989341577795404,0.048323067099797917,0.11167443320371648,0.078454217000955229,0.0
Derrick Henry,RB,TEN,11.343755461041825,5300.0,0.40376032775211962,0.16105262590996278,0.11160259926928136,0.10258936537179569,0.1050614190212923,0.064726207887854076,0.05120745478769427,0.0
Fozzy Whittaker,RB,CAR,11.319323198573363,5600.0,0.31876843730136761,0.26276229109820815,0.10338604484130556,0.093689558266289344,0.1382843276723851,0.053390961258294969,0.029718379562149209,0.0
Giovani Bernard,RB,CIN,11.00948584830676,5700.0,0.33761301475647648,0.225852284546848,0.17210532468125159,0.087083362610551024,0.095031095215338243,0.029724800781987346,0.052590117407547342,0.0
Reggie Bush,RB,BUF,10.821237941124231,4900.0,0.5755801513151968,0.10668300020198294,0.02897326315581723,0.02932814057630604,0.04830355113931277,0.10262524869929171,0.10850664491209251,0.0
Taiwan Jones,RB,OAK,10.780138361808657,4500.0,0.42516781679990728,0.12321638025956372,0.1850748658270307,0.084932808697724405,0.086370771734807131,0.037775180673719981,0.05746217600724688,0.0
Melvin Gordon,RB,SD,10.757250948614782,7100.0,0.2218476389832949,0.40833369298511857,0.15010149025815206,0.062990625117491775,0.087462913153398339,0.030749112340716082,0.038514527161828439,1.0
Charcandrick West,RB,KC,10.564319400360404,4600.0,0.43873323647072621,0.12264685051677672,0.16185505670853648,0.10882941592837558,0.071541742829984448,0.048471558008824148,0.04792213953677632,0.0
Bobby Rainey,RB,NYG,10.486050122887836,5000.0,0.35319053747383472,0.25504777064587381,0.16519126395128181,0.078956475498272782,0.047601902263723891,0.043717090404112341,0.056294959762900609,0.0
Aaron Ripkowski,RB,GB,10.478776106978771,4500.0,0.47363021033569719,0.19501602783309005,0.070813448174524646,0.055801131791688406,0.057634279395114993,0.063340054530774001,0.083764847939110709,0.0
Roosevelt Nix,RB,PIT,10.428967833703801,4500.0,0.4973764992089223,0.12962771154300787,0.099878764272817055,0.070298511168459046,0.076606670415149347,0.054193913706362895,0.072017929685281409,0.0
Justin Forsett,RB,DEN,10.310114506256827,4900.0,0.42025022648709087,0.12845232274833407,0.20556845272988855,0.11658081898387213,0.050285906768671181,0.027371453877985643,0.051490818404157722,0.0
Lamar Miller,RB,HOU,10.273599448862086,7900.0,0.35415768130684333,0.25771634237486973,0.13877207416514456,0.091777506603062817,0.090584520848129971,0.035772259798081352,0.031219614903868188,0.0
Damien Williams,RB,MIA,9.725616728618764,4600.0,0.55760673634404623,0.14248161223586289,0.083825372775104962,0.041586624478084658,0.027502749264746065,0.036839842946378175,0.11015706195577706,0.0
Ryan Mathews,RB,PHI,9.6751883839533726,6500.0,0.54506773359362815,0.12132721962110438,0.07922077813639862,0.085288267408770546,0.037780573363410029,0.070178983987768576,0.06113644388891977,0.0
LeGarrette Blount,RB,NE,9.3049685344248765,7000.0,0.38957305632658196,0.27224718173557322,0.1421990531476244,0.076736188633930835,0.069944218344466277,0.017392654801570828,0.031907647010252491,0.0
Alfred Morris,RB,DAL,9.2347727206707297,5000.0,0.48606491865041046,0.19507628262796467,0.10695261243671014,0.056909612301947604,0.078319194910079937,0.029623695924778981,0.04705368314810824,0.0
James White,RB,NE,9.1720212189749937,5700.0,0.46985302942561019,0.21280660307392307,0.089942419743472446,0.074328218195014159,0.090869209379476637,0.032701381370059318,0.029499138812443919,0.0
Jay Ajayi,RB,MIA,9.1698622400884666,5800.0,0.55229842744263113,0.15251522683767815,0.10567818578663764,0.044624827211232294,0.025780891571286574,0.027375377193717035,0.091727063956817137,0.0
Mike Gillislee,RB,BUF,9.1155638976017954,4900.0,0.59108205275289238,0.11559158502073542,0.064113374367563425,0.048490500622766254,0.078232210700731802,0.030195130924165491,0.072295145611145098,0.0
T.J. Yeldon,RB,JAC,9.0761552386820377,6700.0,0.45503097506030887,0.11236542801658835,0.2439309975168083,0.090832113817072901,0.074091881977689122,0.0054841121004892855,0.018264491511043222,0.0
Ty Montgomery,RB,GB,9.0725086100807637,4500.0,0.55477702425400788,0.17833943112345069,0.057081407395675951,0.044438229041601572,0.044929195069371645,0.049238417702827615,0.071196295413064756,0.0
Kenjon Barner,RB,PHI,9.011236618481508,5000.0,0.60056909672634018,0.10522907112786158,0.061468921633293108,0.072224370190734674,0.033370053284795351,0.068315386766580291,0.058823100270394925,0.0
Chris Thompson,RB,WAS,8.9517785959485394,5200.0,0.53264609967703103,0.17385556594803103,0.079106093014571582,0.060932541019601959,0.07635803369952282,0.020735082541623057,0.05636658409961863,0.0
Alex Collins,RB,SEA,8.792197667262192,4500.0,0.55647547697963395,0.10626262176737952,0.1378559821588545,0.061777038066351847,0.069448743962386567,0.019888022404206743,0.048292114661186838,0.0
Alfred Blue,RB,HOU,8.7522555431032281,4500.0,0.52909256542509897,0.16813157485217087,0.097884792015543662,0.066870658655176982,0.064791337238756505,0.03281089464620926,0.040418177167043726,0.0
D.J. Foster,RB,NE,8.5772630611017853,4700.0,0.60216165779849329,0.16517735248894838,0.035603678054770937,0.031614453153352803,0.041889277682134213,0.057620561274453599,0.065933019547846708,0.0
Jonathan Stewart,RB,CAR,8.1350792815020458,6300.0,0.62039496229271907,0.11754090495756232,0.084197386818107622,0.046627094529020349,0.042604803237867382,0.030231221268400603,0.05840362689632278,0.0
Ka'Deem Carey,RB,CHI,7.9873545137905939,4500.0,0.62227475301627799,0.16749803198531663,0.040579806309043669,0.03357878602132798,0.022439075202557991,0.053514306163394448,0.060115241302081054,0.0
Jeremy Hill,RB,CIN,7.9675548110195509,6900.0,0.52355343981862001,0.20715048477329923,0.12360105238882255,0.054918000949518771,0.04041770599609594,0.0097346724391049449,0.040624643634538625,0.0
Benny Cunningham,RB,LARM,7.8307893005276572,4500.0,0.59545562513507189,0.13145099565315721,0.10192654950643407,0.071317379620571109,0.046821964126957064,0.010043259103861129,0.042984226853947496,0.0
Rashad Jennings,RB,NYG,7.6062105082083189,5700.0,0.62437944526720224,0.14347099295826402,0.089101305344140388,0.039780631774697602,0.025270576462294997,0.018557677623505488,0.059439370569895227,0.0
Matt Forte,RB,NYJ,7.5605982541619383,6800.0,0.57438227291422683,0.1865883775997004,0.093395311195326944,0.068281920891225215,0.021308413882860342,0.010415226814249804,0.045628476702410381,0.0
John Kuhn,RB,NO,7.2532282467680957,4500.0,0.5667242835302212,0.16918172486278804,0.14345839047569153,0.052133679378207426,0.036748322700210681,0.010163719493162873,0.021589879559718268,0.0
Tim Hightower,RB,NO,7.2466184820598967,4500.0,0.5705094105845141,0.15681266377143693,0.15410342007898239,0.053490945518694072,0.034181669141335663,0.009171741014391388,0.021730149890645527,0.0
Kenyan Drake,RB,MIA,6.9815786767770334,5000.0,0.70047967680812895,0.10702968170955761,0.068564635957314726,0.026617214758908155,0.01457173709266528,0.015848439862286467,0.066888613811138711,0.0
Paul Lasike,RB,CHI,6.9685318653411157,4500.0,0.68410599247488846,0.14665758452010338,0.034309125929636419,0.026683068103988562,0.017522407380015721,0.040933424991380432,0.049788396599987086,0.0
Arian Foster,RB,MIA,6.9347782027964033,6500.0,0.68138037405969154,0.11676361938296863,0.068991535534223297,0.037244598363499783,0.028550230305902657,0.01978562767025812,0.04728401468345611,0.0
Jamize Olawale,RB,OAK,6.9182480650630733,4500.0,0.69223397515357754,0.11687228406107895,0.060997220306324693,0.02625695205890027,0.033620420433701823,0.015729407656221141,0.054289740330195763,0.0
Josh Ferguson,RB,IND,6.755413192465836,4500.0,0.60722202041915896,0.2216136191887367,0.050983502224855683,0.03488276648160063,0.043871483119346147,0.014603448498952858,0.026823160067349004,0.0
Daniel Lasco,RB,NO,6.608455752807556,4500.0,0.62289544890889725,0.14909995934540066,0.12529990115705231,0.045305608521061518,0.029677839273600414,0.0085499146110003098,0.019171328182987411,0.0
Paul Perkins,RB,NYG,6.5678760943697885,4500.0,0.63212734805897386,0.18813364392830934,0.070159741831599759,0.04092979504829411,0.021334474180896769,0.020368447182361367,0.026946549769564992,0.0
Chris Ivory,RB,JAC,6.5559864904235026,5400.0,0.65414837530053338,0.091120621606302313,0.15226590333644308,0.045860483752942216,0.034173732179088444,0.0030215033534385155,0.01940938047125217,0.0
Shaun Draughn,RB,SF,6.4720001087458972,4600.0,0.73465152188552674,0.10889567887990882,0.034858885933945413,0.025338261667673889,0.027839861456441378,0.010860197316453846,0.057555592860049756,0.0
Jerome Felton,RB,BUF,6.327739402482873,4500.0,0.76186207109214321,0.077447861363074313,0.034634263677662425,0.023311185880849902,0.03836234712454345,0.015357476642516028,0.049024794219211014,0.0
Devontae Booker,RB,DEN,6.3044441409443204,5000.0,0.63598463128303906,0.18120674927903874,0.092722195487201647,0.038259197129900058,0.017223273106022487,0.0095724633497033182,0.025031490365094691,0.0
Robert Turbin,RB,IND,6.2792301424352015,4500.0,0.66563844045589271,0.13649982373937891,0.095676098285748787,0.037772451101504123,0.038751142854710201,0.0047541331367759116,0.020907910425989398,0.0
Travaris Cadet,RB,NO,6.2769756196509112,5000.0,0.64330724613895396,0.13840280713790987,0.13259821157939078,0.037189718821158402,0.025674902486754497,0.0072327418066086445,0.015594372029223771,0.0
Mike Davis,RB,SF,6.1209333857652064,4500.0,0.76254738778514397,0.097014640834600804,0.030296575945326275,0.021474889916148605,0.023859118088768453,0.0096868506472059367,0.05512053678280595,0.0
C.J. Spiller,RB,NYJ,5.789811571926287,5000.0,0.729603316283431,0.12081110395050834,0.062123213228438515,0.029335893062764271,0.017828588399804716,0.0055690011983241441,0.03472888387672917,0.0
Joique Bell,RB,DET,5.7851051599366885,5600.0,0.76571126419996705,0.12101475905564189,0.020675402306519545,0.015574059950573711,0.010437823457398115,0.01775433137133673,0.048832359658563015,0.0
Patrick DiMarco,RB,ATL,5.7152855993215965,4500.0,0.7088237585848125,0.17321992141528636,0.033632457261733958,0.020153436040384554,0.02462164680450887,0.0089611204799359568,0.030587659413337874,0.0
Anthony Sherman,RB,KC,5.696123008109816,4500.0,0.72670022386281952,0.098144409278139791,0.088316044659118575,0.036603391073326677,0.023768499363698108,0.0083162494053454772,0.018151182357551754,0.0
Rob Kelley,RB,WAS,5.6419530052951092,4800.0,0.75836443378528262,0.10463052271691718,0.043509787182699572,0.024893911115255584,0.028906253407992619,0.007722893098714545,0.03197219869313777,0.0
Jalston Fowler,RB,TEN,5.3740309160296844,4500.0,0.78882962706010717,0.083518729315394183,0.032969578214502714,0.026455241707307668,0.027120651473652422,0.019793435362485831,0.021312736866550084,0.0
Kenneth Farrow,RB,SD,5.3667915545309439,4500.0,0.74456395235000428,0.10665629431720844,0.077344709064378472,0.025405645254843297,0.022961828307003662,0.0039939067499819882,0.019073663956579858,0.0
Kyle Juszczyk,RB,BAL,5.3218574355304238,4500.0,0.73793901332872991,0.14640921627936632,0.0412448222810066,0.02780254970881323,0.015142959110412441,0.0086708097994993398,0.022790629492172181,0.0
Andre Ellington,RB,ARI,5.1995448941249665,4500.0,0.76651190895587906,0.12124471477897959,0.040355345308265532,0.021934523871899821,0.013557904870113643,0.012435354708851253,0.023960247506011129,0.0
Denard Robinson,RB,JAC,5.1689660725230402,4500.0,0.77707542934184926,0.070412972246046604,0.082608550506400702,0.028052719700241622,0.021593857287357382,0.0026916719813817715,0.017564798936722588,0.0
Kenneth Dixon,RB,BAL,5.0410306938264462,5600.0,0.78078217579808507,0.13923120651196066,0.016803458546121947,0.011659412295665561,0.0060419890667418432,0.012939735714760797,0.032542022066664081,0.0
Antonio Andrews,RB,TEN,5.0363125984308894,4500.0,0.81151602345013651,0.07685961971012388,0.028794270765922541,0.02390383373609855,0.023261362264267185,0.01584291819905953,0.01982197187439182,0.0
Malcolm Brown,RB,LARM,5.0244749351492946,4500.0,0.77669030976263431,0.12553143622587859,0.029938067912692747,0.024273832564751675,0.011129104100546969,0.0057950802903799989,0.02664216914311569,0.0
Rod Smith,RB,DAL,4.9476264785041533,4500.0,0.7976652707056936,0.10055541813272872,0.032003393131075662,0.016406270619183063,0.022640010065433227,0.0097056023743925177,0.021024034971493234,0.0
Malcolm Johnson,RB,CLE,4.83515820190354,4500.0,0.85027743482540219,0.056639959908662642,0.028653039901798349,0.0097208993798381139,0.0091121699299715631,0.0059353343627188615,0.039661161691608278,0.0
C.J. Anderson,RB,DEN,4.8279998920839091,7500.0,0.73087374909367542,0.16756433629626918,0.05979180433224128,0.020091277201627965,0.0074606034768580354,0.0027218029679442232,0.011496426631383545,0.0
Zach Zenner,RB,DET,4.8028983928468758,5300.0,0.78081846767717578,0.12505960349798764,0.036093880015066436,0.021610237774251244,0.0123301086174293,0.0049259323125329449,0.019161770105556752,0.0
Jay Prosch,RB,HOU,4.698487966684822,4500.0,0.81546958866331953,0.089621792777440215,0.030573335326334869,0.019605337132756438,0.018336316631111307,0.0098604930430697176,0.016533136425967911,0.0
George Atkinson,RB,CLE,4.6584699924837256,4500.0,0.86416597310299925,0.050400074247240481,0.026593255654540893,0.0082395593427360275,0.0074570996265394991,0.0045839405083868178,0.038560097517557311,0.0
Tyler Ervin,RB,HOU,4.5487395445695631,4500.0,0.82804718272283562,0.083530108725864735,0.029384197355405182,0.017856079073435168,0.016350566702590767,0.0086188158550507959,0.016213049564817693,0.0
Dexter McCluster,RB,SD,4.4784966535418445,4500.0,0.80154554497076091,0.12576852733602967,0.029093169735944616,0.010590485464029275,0.011031419856734875,0.0046421427038875942,0.017328709932613047,0.0
Mike Tolbert,RB,CAR,4.4032993449760447,4700.0,0.81737919153825189,0.10446654551403521,0.030953127545522617,0.014537502805930747,0.014119940568082393,0.0042261336554300019,0.014317558372747181,0.0
Jordan Todman,RB,IND,4.3044512224346514,4500.0,0.81639015077123422,0.1184747559914731,0.022984478669593199,0.01231539052608727,0.011898087407220396,0.0031222521162793991,0.014814884518112354,0.0
Stepfan Taylor,RB,ARI,4.2481257251726223,4500.0,0.84387382946489564,0.087258275879930833,0.024597509821881868,0.012792560590201752,0.0075927750887125759,0.0072198347453854266,0.016665214408991859,0.0
Javorius Allen,RB,BAL,4.2296646079183233,5300.0,0.8209227376154995,0.12565993926285457,0.016702911055667808,0.0088538631096143957,0.0056163518558576689,0.0044980784640600647,0.017746118636446168,0.0
Derek Watt,RB,SD,4.215749866093196,4500.0,0.82705205066358056,0.11064602824460197,0.025593961560656908,0.0086700351142765756,0.0086781084864501392,0.0034968806558181107,0.015862935274615759,0.0
Chase Reynolds,RB,LARM,4.184860004337235,4500.0,0.84455397482295702,0.092662615916409452,0.020114343971366723,0.014786718051652423,0.0065572459674806561,0.003414399514962304,0.017910701755171184,0.0
DeAngelo Williams,RB,PIT,4.0371744716157352,5900.0,0.87285735770332273,0.048089938914414591,0.035932154168820583,0.01832897366219003,0.0086293350125660074,0.0047187849781334529,0.011443455560552323,0.0
Fitzgerald Toussaint,RB,PIT,3.9827062258911416,4500.0,0.89061695133333474,0.04186418238530034,0.022921743700713492,0.014606369561299522,0.0083093902741923457,0.0061013014884699164,0.015580061256689745,0.0
Michael Burton,RB,DET,3.9386110197123276,4500.0,0.86657914975958894,0.075260686759001896,0.023738843234946627,0.011388418612570892,0.006133042271828584,0.0023751200432457773,0.014524739318817575,0.0
Rex Burkhead,RB,CIN,3.7702605743117319,4500.0,0.886482853424716,0.060044879398760992,0.022450671431143362,0.0090181379669661034,0.0071058276775664841,0.0021376184435817711,0.012760011657265449,0.0
Ryan Hewitt,RB,CIN,3.7702605743117319,4500.0,0.886482853424716,0.060044879398760992,0.022450671431143362,0.0090181379669661034,0.0071058276775664841,0.0021376184435817711,0.012760011657265449,0.0
James Develin,RB,NE,3.6924519852733049,4500.0,0.88554549674535488,0.065029303234159702,0.019762647684265069,0.0095731674148324866,0.0083693521204322874,0.0029608836536441597,0.0087591491473113653,0.0
Kapri Bibbs,RB,DEN,3.609890824378521,4500.0,0.88351104003013403,0.070927731603372096,0.022837324093047773,0.0087562419957696574,0.0034520816478217659,0.0020350277242755701,0.0084805529055789006,0.0
Andy Janovich,RB,DEN,3.5462391922635241,4500.0,0.88872547473367058,0.068906356933530977,0.021413411872375374,0.0078223648963767888,0.0032877862358300669,0.0020623443276201864,0.0077822610005956663,0.0
Jamaal Charles,RB,KC,3.359561814743294,7100.0,0.91246558684856371,0.048204101538469712,0.020759077425833303,0.0061942080082976652,0.0060696315066043078,0.0011127392415287071,0.0051946554307028677,0.0
