name,pos,team,expectation,salary,prob_0_5,prob_5_10,prob_10_15,prob_15_20,prob_20_25,prob_25_30,prob_30+,label
Doug Baldwin,WR,SEA,20.496941740994586,7600.0,0.052131410553279613,0.12245967380820169,0.10943358423041097,0.13083507826781773,0.18870216771606677,0.31073330333018451,0.085704782094038659,5.0
Arrelious Benn,WR,JAC,19.099548790111371,0.0,0.1600834568359488,0.10947965056676372,0.13511391320944277,0.09274595188700735,0.16966829234238326,0.12041034834925492,0.21249838680919919,6.0
Marqise Lee,WR,JAC,18.514935489315583,4500.0,0.18628856777583808,0.086660068990112804,0.15161527470990582,0.10418352994241195,0.15774263998279622,0.11215942746553717,0.20135049113339784,6.0
Cobi Hamilton,WR,PIT,18.155288039123846,0.0,0.13742935106725665,0.13432478248897992,0.14517683654703037,0.14183328566890985,0.14802614362788022,0.14472512211743416,0.14848447848250892,6.0
Marvin Jones,WR,DET,18.008777820635718,7700.0,0.020345245565632348,0.20899592684102281,0.1660732860073649,0.090630831480349366,0.31089315786388455,0.18316810013102991,0.019893452110716137,4.0
Allen Hurns,WR,JAC,17.865359994212412,6200.0,0.21839012598730775,0.091783866867917382,0.15966799728949768,0.099974809544878987,0.11342699207282342,0.10039707538306381,0.21635913285451081,0.0
Eli Rogers,WR,PIT,17.201051366662494,4900.0,0.16698555142718019,0.12340018436028249,0.15453760907786951,0.094694014363810988,0.14341147677743446,0.27353709689462541,0.043434067098796894,5.0
Allen Robinson,WR,JAC,16.55440925189405,8600.0,0.28624219399822348,0.098384765223154175,0.15423702307097467,0.082624283822874831,0.096137624964759555,0.042554680196028163,0.23981942872398501,0.0
Jordy Nelson,WR,GB,16.354774076044318,8300.0,0.1203318238274451,0.11828731955147084,0.24102820515605561,0.11284771634396594,0.22359744081620811,0.17181369328866825,0.012093801016186151,2.0
Michael Thomas,WR,NO,16.089644897233047,5400.0,0.13518395450636214,0.17812379687920712,0.16287971325824138,0.17333832048291944,0.15536340527631592,0.13042872592220234,0.0646820836747517,1.0
Chris Conley,WR,KC,15.917823376865737,4600.0,0.1641549188842438,0.20051378290745592,0.17059084006473146,0.17786783168213546,0.044818113468959135,0.096240714024731139,0.14581379896774299,1.0
Jordan Matthews,WR,PHI,15.674299772519257,6700.0,0.092367532906709321,0.19035836666920444,0.22355003172917906,0.14388007361562508,0.19542920354292401,0.14643443708573964,0.0079803544506183745,2.0
Jeremy Maclin,WR,KC,15.131853273689682,6900.0,0.16282375838045193,0.19664152362624129,0.19074478951933477,0.21718877188923483,0.052111366640016497,0.056637243196952243,0.12385254674776829,3.0
Willie Snead,WR,NO,15.038887467932678,7000.0,0.10796279416224881,0.1627446495590647,0.39806616944217632,0.091144651777902722,0.10222770479122893,0.019663644062309995,0.11819038620506846,2.0
Davante Adams,WR,GB,15.033536116751765,5400.0,0.15944124607588953,0.16078699743523481,0.21867785208191778,0.13585168459062499,0.17441893170548517,0.11801175437536132,0.032811533735486204,2.0
Cole Beasley,WR,DAL,14.997979325040307,5900.0,0.1124378422447793,0.23125200714116312,0.21996766809088425,0.14610130093160939,0.14666887573323159,0.086527248081189959,0.05704505777714243,1.0
Justin Hunter,WR,BUF,14.979166509764903,4900.0,0.2846867508559941,0.12554189387717338,0.10693839920995191,0.17277665409614743,0.044622942962674841,0.17714930531374534,0.088284053684313094,0.0
Randall Cobb,WR,GB,14.617014138419174,7000.0,0.17608326089662682,0.15319056961813188,0.23038304623033445,0.12200429097978947,0.17423539218888229,0.12678709110026068,0.017316348985974322,2.0
A.J. Green,WR,CIN,14.09683550858475,8400.0,0.079432270931964463,0.23566967834956498,0.34684192692125565,0.15212199966692277,0.066822147942559293,0.071912577644263259,0.047199398543469551,2.0
T.Y. Hilton,WR,IND,13.972443171015003,7900.0,0.021725168636423441,0.26975282744728191,0.41555499160023379,0.04891196353329965,0.18515770838992696,0.051049075438518832,0.0078482649543153826,2.0
Jermaine Kearse,WR,SEA,13.848817740669702,4600.0,0.35006393889129711,0.13691310326790354,0.083528096396096041,0.13816620609650881,0.10707570620095046,0.049767573651046275,0.13448537549619766,0.0
Travis Benjamin,WR,SD,13.749692987083366,6000.0,0.14009291709736896,0.28750936783378062,0.13286999405696073,0.16240345650931029,0.2066446161774145,0.05014487125479334,0.020334777070371596,1.0
Sammie Coates,WR,PIT,13.666754802130034,6400.0,0.10752865148341352,0.32448309007522114,0.20776171737733937,0.097751442620683388,0.14327328091493835,0.098543219906881988,0.020658597621522123,1.0
Robby Anderson,WR,NYJ,13.58487886714226,0,0.14827420432126989,0.36701242551329333,0.12727517733150009,0.098850729651468836,0.067788989636404257,0.14165682153151812,0.049141652014545303,1.0
Michael Crabtree,WR,OAK,13.55551403737552,7000.0,0.14189915493547209,0.28012330071555025,0.20322282397383171,0.14909334431464116,0.11408831076011984,0.069549561083343717,0.042023504217041319,1.0
Amari Cooper,WR,OAK,13.520340617614126,7100.0,0.10592735442945232,0.30270546888873218,0.20180413072430642,0.1700426870958133,0.14272432898937823,0.054963452153024672,0.02183257771929295,1.0
De'Anthony Thomas,WR,KC,13.255421764048123,4500.0,0.30091639611590987,0.15894422551699852,0.16684036452467868,0.11929517573753072,0.10571675426919576,0.057439460652045596,0.090847623183640813,0.0
Kenny Britt,WR,LARM,13.091206869937395,5800.0,0.09314619115450351,0.30840158237617721,0.29916335107869729,0.12121854282670033,0.084381825622713832,0.065763424423267464,0.027925082517940455,1.0
Julio Jones,WR,ATL,13.036245310723416,8500.0,0.11330478648227148,0.33576588819356357,0.1706007258996696,0.201407927524275,0.11945813357839925,0.025520729217652853,0.033941809104168344,1.0
Terrance Williams,WR,DAL,12.662069343766067,5600.0,0.24754760686071112,0.25152162715823823,0.17725793930616224,0.094604774324491672,0.098164302276990592,0.067313029717283868,0.063590720356122149,1.0
Albert Wilson,WR,KC,12.623547198911861,4500.0,0.35692686648450678,0.17269708600322564,0.1333483050296661,0.14061827566905966,0.031247349783877946,0.023388162077127853,0.14177395495253611,0.0
Brandon Coleman,WR,NO,12.406754346556859,4500.0,0.34166597852349612,0.171445195041526,0.1262155948271575,0.1150216847029798,0.11288541147565087,0.068074730457163307,0.064691404972026412,0.0
Tanner McEvoy,WR,SEA,12.404070197899387,5000.0,0.3460433034280867,0.13288104482865468,0.17692079436802968,0.11721564771671478,0.093380814993242509,0.066138908288145379,0.067419486377126456,0.0
Nelson Agholor,WR,PHI,12.372599600147847,5500.0,0.25610534950548841,0.20110647961658965,0.19397698203951902,0.11442523282011691,0.15097151572824685,0.069264097949767373,0.014150342340271824,0.0
Brandin Cooks,WR,NO,12.359369344941928,7500.0,0.30632727456687714,0.18547583829156386,0.15620640687572446,0.15262032414989532,0.095780979945776459,0.026886213595650993,0.076702962574511674,0.0
Chris Hogan,WR,NE,12.26813478293036,5600.0,0.24856103113526098,0.24736502069833863,0.16655640411822834,0.13269062864076989,0.10453812405868537,0.063301598848288981,0.036987192500427778,0.0
Jarvis Landry,WR,MIA,12.155618666783722,6900.0,0.14815289476162613,0.30776999089622581,0.23602659451597729,0.16326105392699355,0.093451154385192081,0.030657500489392118,0.020680811024592984,1.0
Antonio Brown,WR,PIT,12.135224470718844,9700.0,0.13603941693378566,0.35479423315774328,0.2714701763800304,0.055240610213581884,0.10572677036836413,0.038703838693634529,0.038024954252860003,1.0
Emmanuel Sanders,WR,DEN,12.043165863290302,6800.0,0.10086892360312162,0.42086737604840641,0.22378974017342579,0.083174769549650404,0.088648115952865078,0.067441627712706231,0.015209446959824525,1.0
Keshawn Martin,WR,SF,12.029626176566484,4500.0,0.31951441852640561,0.20103255774987183,0.16944019268978799,0.10560051918218823,0.082287417428633394,0.049167165884988047,0.072957728538124739,0.0
Jeremy Kerley,WR,SF,11.999765383216468,5800.0,0.1747626749587429,0.25672036123102826,0.31905669753803884,0.11212288429715581,0.076946654608317011,0.021050452581472472,0.039340274785244607,2.0
Tyler Lockett,WR,SEA,11.468445105693251,5300.0,0.43427132104934957,0.12206392717014626,0.080480999787070684,0.13753232363034204,0.13789563259578985,0.015952719578188758,0.071803076189112802,0.0
Dorial Green-Beckham,WR,PHI,11.345987899125491,4800.0,0.31716566284294551,0.20723803993859377,0.16941067348373359,0.097216776774271652,0.13626864306902392,0.057425356649451614,0.015274847241979783,0.0
Brandon LaFell,WR,CIN,11.258119860991963,5300.0,0.30919406895262713,0.20694471224005631,0.2024574910594652,0.12136397205272827,0.080856441768096518,0.041629963944558347,0.037553349982468211,0.0
Larry Fitzgerald,WR,ARI,11.245164994094074,7400.0,0.13265960352072292,0.34278635720299988,0.30084043033468505,0.1317336548202161,0.068417432571469344,0.011640869249649492,0.011921652300257189,1.0
Roger Lewis,WR,NYG,10.895494969924771,4500.0,0.41218461334434464,0.15647274209139414,0.15515791810695015,0.081000725815313313,0.090375227171273484,0.048966465340721382,0.055842308130002932,0.0
Tavon Austin,WR,LARM,10.696583001527177,5700.0,0.24071028379661602,0.29742645156042757,0.26500034286037882,0.065189328171398761,0.081071432658070541,0.024585532211620974,0.026016628741487278,1.0
Demaryius Thomas,WR,DEN,10.549821584267976,7300.0,0.1775191378311636,0.41588530698280096,0.20633202674861978,0.080835030670935865,0.078087672717756712,0.028104126217986358,0.013236698830736698,1.0
Tyreek Hill,WR,KC,10.4394252515226,4500.0,0.43141162921439818,0.2264794336641745,0.075782811877248252,0.12605732078577647,0.022106052005039262,0.01654271229233268,0.1016200401610306,0.0
Jamison Crowder,WR,WAS,10.425177324452369,6000.0,0.47021361939195705,0.19704923905803035,0.084084234832264848,0.036391792623826434,0.098943977893339002,0.014463279053804207,0.098853857146778079,0.0
Tyrell Williams,WR,SD,10.417479289341003,6100.0,0.27731483499374637,0.35352000847912507,0.10881649972955762,0.10864044758246698,0.10247400627685074,0.028997891348992551,0.020236311589260553,1.0
Brian Quick,WR,LARM,10.371373299816824,4500.0,0.27505599158237792,0.32358827030428428,0.21040501751540699,0.067977762487684126,0.042494062005712235,0.044764003691405034,0.035714892413129251,1.0
Jeff Janis,WR,GB,10.348030168293896,4500.0,0.49544521039532002,0.099304582799837601,0.13727159346926102,0.081351984594062898,0.087468977704955611,0.028465554946167711,0.070692096090395326,0.0
Braxton Miller,WR,HOU,10.232649289434427,4500.0,0.39487590206402656,0.13250614474770014,0.26476928440175296,0.051270349292621628,0.10446684124299042,0.017278584763366758,0.034832893487541428,0.0
Jordan Payton,WR,CLE,10.178973527311722,4500.0,0.4507933711970008,0.1760156964987388,0.086567764526562799,0.14086639625590491,0.039991929635478714,0.055596599773460813,0.050168242112853298,0.0
Anquan Boldin,WR,DET,10.178082186379866,6000.0,0.39295398560315326,0.258837009388938,0.093818523389465142,0.083360106636171619,0.10271964989300296,0.010557500968446524,0.057753224120822434,0.0
Bryan Walters,WR,JAC,10.174560344641227,4500.0,0.5527981162072364,0.12021759951447572,0.099105078102435989,0.035994381648819108,0.053103404364981635,0.0039944535005458455,0.13478696666150533,0.0
Paul Richardson,WR,SEA,10.054116735466879,4500.0,0.52421797167239881,0.12177914946804866,0.069693427122268892,0.10434163389345451,0.080724795096352983,0.020897591029054471,0.07834543171842176,0.0
DeSean Jackson,WR,WAS,10.0357070410147,6400.0,0.48499549301310868,0.20025103400650365,0.07668635119393391,0.035815596964485004,0.095801344330598837,0.019373779734124134,0.08707640075724575,0.0
Jared Abbrederis,WR,GB,9.8778193469694688,4500.0,0.51082532468402775,0.10232308571684344,0.14225522116909106,0.074197684291811242,0.082479646736981507,0.023503361061722978,0.06441567633952211,0.0
Pierre Garcon,WR,WAS,9.8437833363193512,6000.0,0.51090106357794851,0.18718840596793065,0.074242654676266936,0.037809186711758994,0.077568875420350403,0.013669265713740542,0.098620547932003727,0.0
Josh Huff,WR,PHI,9.7762450995538099,4500.0,0.43089447347920096,0.17050944550602645,0.16024387697864215,0.07875687205723475,0.10670674069992725,0.02841440122483883,0.024474190054129777,0.0
Terrelle Pryor,WR,CLE,9.6015485335296482,7000.0,0.27980806356784649,0.36383495582392111,0.18978316675010273,0.070377520915962721,0.051440944675641746,0.020598458534043494,0.024156889732481607,1.0
Eddie Royal,WR,CHI,9.5926794933149289,6300.0,0.32942866129961224,0.33363252203432736,0.14250887762336253,0.10593800826350913,0.02904920341282332,0.013668629960841882,0.04577409740552358,1.0
Jalin Marshall,WR,NYJ,9.4521889808119894,4700.0,0.45787409954212732,0.21433032450711334,0.069466781434345884,0.11646096047845755,0.050688992233099986,0.071751608875162715,0.019427232929693308,0.0
Corey Brown,WR,CAR,9.4420774411606274,4500.0,0.4356336559293475,0.25345951105064546,0.11281501505057161,0.046433818187886715,0.059977441844541041,0.043872600968025324,0.047807956968982462,0.0
Rishard Matthews,WR,TEN,9.4281721222306452,5400.0,0.48676744551600387,0.19538113425213655,0.099288234176541493,0.077447004046198309,0.046538235364459564,0.027715856630543195,0.066862090014116984,0.0
Julian Edelman,WR,NE,9.2562754766241948,7200.0,0.45330859454571265,0.18433935539002605,0.15992832576930216,0.076487304761127181,0.068166617808099919,0.020382005557887099,0.037387796167844878,0.0
Danny Amendola,WR,NE,9.1946921900573404,5100.0,0.51907961100239808,0.14924329729265487,0.10836514816335341,0.079657726262482548,0.059528649351524,0.033959415553834645,0.050166152373752278,0.0
Kelvin Benjamin,WR,CAR,9.0570104085148024,7800.0,0.34242108187253933,0.34180304457223692,0.14817269786483445,0.063415768469970865,0.071606446735929918,0.010130462734502042,0.022450497749986517,0.0
Quincy Enunwa,WR,NYJ,9.0186321806816014,5900.0,0.26700300812669692,0.42769692059224523,0.16028383934346205,0.069966356834951782,0.050057352047569594,0.011412027797310521,0.013580495257763774,1.0
Tajae Sharpe,WR,TEN,8.8314575182403328,5100.0,0.52232910358157958,0.18661140885862137,0.10119061599829887,0.056218306781669933,0.055114878795197289,0.014865021088710252,0.06367066489592263,0.0
DeAndre Hopkins,WR,HOU,8.8177284125764608,8100.0,0.41240359538657118,0.22629024928809605,0.21085321940374926,0.048634448474312551,0.07588072384993709,0.0016484731904403221,0.024289290406893822,0.0
Chester Rogers,WR,IND,8.7569457673218434,4500.0,0.43010579443946473,0.23168803798941762,0.18125883794965031,0.053163579485299893,0.062160718904105329,0.014333251670050036,0.027289779562012187,0.0
Taylor Gabriel,WR,ATL,8.7290098401325178,4800.0,0.49910245895242639,0.18716635571506915,0.11070911671500938,0.051560227588029459,0.10057467205040689,0.033685726965454632,0.017201442013604126,0.0
Keith Mumphery,WR,HOU,8.4713372297233747,4500.0,0.63214235208997505,0.1283877997353047,0.055471392478721612,0.052003656645892536,0.021642933514324201,0.0032886458170867479,0.10706321971869523,0.0
Mike Wallace,WR,BAL,8.4532225594790589,6400.0,0.4651007659666912,0.24736038578773867,0.13799924836177735,0.049412712084791532,0.043878182615547996,0.014721214016329618,0.041527491167123648,0.0
Brandon Marshall,WR,NYJ,8.3611775630691039,7500.0,0.2767380449550409,0.460058344982959,0.15355600666478017,0.059103992383092406,0.037471335313519642,0.0047346374373367951,0.0083376382632710192,1.0
Golden Tate,WR,DET,8.3514509506981227,6400.0,0.53197505361278119,0.20772986597460627,0.07684621607779793,0.052353177334575153,0.074778623629059501,0.0089113642821403664,0.047405699089039591,0.0
Kendall Wright,WR,TEN,8.3348772114049545,4500.0,0.611300804711289,0.15477162360171426,0.071179407407427925,0.031629579012869384,0.030078774373113515,0.0014117343166342828,0.099628076576951816,0.0
Mohamed Sanu,WR,ATL,8.3211042629933374,5500.0,0.48322982799740366,0.25044024610294252,0.075862095770985877,0.057009219211697666,0.10555034109030997,0.008384240610581772,0.019524029216078667,0.0
John Brown,WR,ARI,8.2709869987402485,6600.0,0.40089014367914472,0.26333504422673698,0.21366870741241448,0.074394518974074245,0.024217912966145914,0.0061594272733111553,0.017334245468172554,0.0
Alshon Jeffery,WR,CHI,8.1601312745701478,7600.0,0.37178064578011361,0.36844572707712148,0.127732238853694,0.072440910642762341,0.033586921157741124,0.0084283224036135022,0.017585234084953966,0.0
Victor Cruz,WR,NYG,8.1115687361773468,5500.0,0.51972258664437743,0.1856878116867472,0.12450732881383939,0.065796302765400119,0.064367361304080828,0.017812021798391996,0.022106586987163012,0.0
Jaelen Strong,WR,HOU,7.9957351835259081,4600.0,0.56025898993570877,0.1641812130834317,0.13788192573546845,0.040063829997841534,0.036496140998034096,0.0028269556377989256,0.058290944611716529,0.0
Brenton Bersin,WR,CAR,7.8606173749947965,4500.0,0.48452374465543863,0.14400408490161024,0.28445255081696336,0.02290437943829543,0.049737648682878534,0.001269192909511501,0.01310839859530225,0.0
Andre Roberts,WR,DET,7.8371851964085586,4500.0,0.63020265394185315,0.14325043141485946,0.057248028779536393,0.044201518174694664,0.051155037545092055,0.0054395335549592451,0.06850279658900478,0.0
Sterling Shepard,WR,NYG,7.8348034595335809,6700.0,0.51022729335827555,0.20411677811345372,0.13338695336618467,0.059583998201169178,0.069474582708096283,0.0076319206788892308,0.015578473573931427,0.0
Robert Woods,WR,BUF,7.8054023996407107,5500.0,0.56604809558364222,0.14480510799395616,0.12370361363613736,0.083955984422219604,0.038982100546584991,0.010140897736383384,0.032364200081076225,0.0
Andrew Hawkins,WR,CLE,7.6742377671306823,4600.0,0.55074894719065992,0.20109190140797167,0.08892404811817109,0.080641126671554181,0.031318235383324698,0.012387389166806463,0.034888352061512119,0.0
Cameron Meredith,WR,CHI,7.6128023535009985,5400.0,0.40702117968764445,0.40231751753730699,0.063143305554317158,0.077906319697698609,0.020847222310770838,0.0067469767744155005,0.022017478437846443,0.0
James Wright,WR,CIN,7.3535967651503231,4500.0,0.67879571278471551,0.082318559558754514,0.072230423012462255,0.057988894111767525,0.049156154215559807,0.008978678539980401,0.050531577776760261,0.0
Aldrick Robinson,WR,ATL,7.2211486964302045,4500.0,0.61200285495775608,0.16719145478028638,0.056878147288146746,0.052251472452689712,0.084190215379312733,0.005927564911742603,0.021558290230065797,0.0
Tyler Boyd,WR,CIN,6.8813006542265622,5000.0,0.63719488806883617,0.11989711276099424,0.10240854043681658,0.065622130679907742,0.049113795541795124,0.0061590655479636302,0.019604466963686645,0.0
Malcolm Mitchell,WR,NE,6.6515415431653793,4500.0,0.68470755987586862,0.11632607580940599,0.073140492549249314,0.040982461054963448,0.031370371802734262,0.018868250367476285,0.034604788540301919,0.0
Quinton Patton,WR,SF,6.6016240862197169,4700.0,0.64045938418768544,0.12587654362737252,0.13587944279265726,0.037997106451943354,0.030077395552104719,0.003151561037687961,0.026558566350548842,0.0
Jaron Brown,WR,ARI,6.5873700328915845,4900.0,0.58524292294602609,0.18595947119396092,0.12484913801298848,0.057367946687055714,0.03421736788520853,0.0050116990197095279,0.0073514542550507881,0.0
Trevor Davis,WR,GB,6.5771605598061331,4500.0,0.66282707524340623,0.078767606973829674,0.16171835608048601,0.024969070668620193,0.050641643042643271,0.0008277355277360233,0.020248512463278606,0.0
Matthew Slater,WR,NE,6.5501508693156012,4500.0,0.71546039877420409,0.093047809600961665,0.071114008677510082,0.037404868926315782,0.026553123836827067,0.0069342609441981427,0.049485529239983381,0.0
Andre Johnson,WR,TEN,6.5093907914303868,5300.0,0.71811464521474244,0.11768221275841979,0.044345470198603631,0.035616623799614049,0.020373375858338216,0.0053188258723840644,0.058548846297897715,0.0
Brice Butler,WR,DAL,6.4480146626470125,5600.0,0.69266427624973437,0.12425009534043714,0.073918526166692727,0.036690413807014897,0.02366202113990365,0.0029992523669945086,0.045815414929222739,0.0
Dontrelle Inman,WR,SD,6.4122803287049317,5800.0,0.67694927301028518,0.14992387190876069,0.060832931637829858,0.04350959000521526,0.024175897853987945,0.0042139081136790893,0.040394527470242005,0.0
J.J. Nelson,WR,ARI,6.2822750663042859,4500.0,0.70261174116592762,0.13524083575362664,0.028305417134844094,0.071820030506492702,0.011224605175337549,0.017292050465199264,0.033505319798571957,0.0
Michael Floyd,WR,ARI,6.1477731693487261,6500.0,0.60666421810020099,0.19087352745940997,0.1313033193525667,0.039261303233937644,0.018031763046480256,0.0026430942871078114,0.01122277452029676,0.0
Lucky Whitehead,WR,DAL,6.0051584669808573,4500.0,0.75623466423843189,0.087225394545632565,0.054809663793263151,0.027813768529324767,0.022821561719968252,0.0017718252205336086,0.04932312195284571,0.0
Quan Bray,WR,IND,5.843510392677489,4500.0,0.67959139364273002,0.12301246851986182,0.13317657886197137,0.017851536852567827,0.029697609476871188,0.00091085224832071693,0.015759560397677137,0.0
Justin Hardy,WR,ATL,5.7509693915101554,4600.0,0.7260034048316748,0.12920250792295113,0.036208508398023094,0.028866735635330869,0.060680308886741849,0.0029983746561571675,0.016040159669121187,0.0
Tommylee Lewis,WR,NO,5.7085126463644462,4500.0,0.69930796398098483,0.12615134729038646,0.10184384053908641,0.028477048695554633,0.023741882973477905,0.0010944229730391977,0.019383493547470522,0.0
Bradley Marquez,WR,LARM,5.7024761979365231,4500.0,0.70358424869633285,0.13573930924511518,0.092354653576932691,0.022268954329038027,0.016966835252655462,0.0024577157726188956,0.026628283127306737,0.0
Marc Mariani,WR,TEN,5.6983295892152039,4500.0,0.79174137850142789,0.077567430414864968,0.035101771667170413,0.023035934591612194,0.018012063325664039,0.0025202351525674843,0.052021186346693053,0.0
Jordan Norwood,WR,DEN,5.6611056630548218,4500.0,0.66187807639635987,0.1909459204153893,0.075141081123847334,0.032649879217616855,0.02283807289764191,0.0039094559766517586,0.012637513972492841,0.0
Rashad Ross,WR,WAS,5.654320124868816,4500.0,0.82036294021969347,0.070682785171812632,0.01752336563202998,0.0095282077440044192,0.013931373366945174,0.00065949285849676144,0.067311835007017387,0.0
Charone Peake,WR,NYJ,5.5912858622896948,4500.0,0.62116379063399929,0.27603315573278048,0.053057594027480413,0.017143026811470397,0.010435597302402896,0.00076471444730474099,0.021402121044561705,0.0
Torrey Smith,WR,SF,5.5467097656171012,5300.0,0.72829295943030825,0.095275643875595256,0.10379790221227013,0.02638629684640242,0.028504820441479322,0.0013554128283202866,0.01638696436562443,0.0
Devin Funchess,WR,CAR,5.5099083145085936,4800.0,0.73051102755462416,0.14272432072075392,0.051313525455776415,0.022760754429681632,0.018022837280154247,0.0060548638492078609,0.028612670709801672,0.0
Darrius Heyward-Bey,WR,PIT,5.4741736978425095,4500.0,0.76324002449373329,0.10049747491692243,0.062156713333382581,0.017055021108928019,0.019363824999589878,0.0023744285324751899,0.035312512614968469,0.0
Seth Roberts,WR,OAK,5.4450390482114761,5400.0,0.738807260982141,0.11732600831852397,0.056754096872185203,0.037569032703069397,0.029081516085339702,0.0025754050819867991,0.017886679956753825,0.0
Eric Weems,WR,ATL,5.4267325028968241,4500.0,0.75809616310152428,0.1115518606310668,0.033999414884168085,0.026719617898173117,0.049587449593835251,0.0020057014552733207,0.018039792435959191,0.0
DeVante Parker,WR,MIA,5.2783607879467302,6300.0,0.65985093454861887,0.1946604049067803,0.103877504268682,0.01881049490886829,0.020521483601419963,5.0220309121684118e-05,0.0022289574565090208,0.0
Phillip Dorsett,WR,IND,5.2757301279328885,6600.0,0.67798852978685231,0.16568868923614272,0.12044824321192775,0.014226670399407372,0.013190412358860849,0.00123617883422936,0.0072212761725795388,0.0
Ryan Grant,WR,WAS,5.1790933149742386,4600.0,0.84949956179045505,0.051590328603000189,0.018812996915807678,0.0089677902529799319,0.01658784039403384,0.00078135003936357923,0.053760132004359869,0.0
Ricardo Louis,WR,CLE,5.1265387531195241,4500.0,0.70770971226647605,0.15004318966989233,0.10382722965369955,0.015744821074019054,0.010705692811361396,0.0001652914869832924,0.011804063037568339,0.0
Kenny Stills,WR,MIA,5.0254879875807443,5500.0,0.72063594418659216,0.15974958185889027,0.063778091613047372,0.033509788524319607,0.0086424996500946757,0.0041694292186910493,0.0095146649483647764,0.0
Andre Holmes,WR,OAK,4.9160925883909732,4500.0,0.80327801637458929,0.081051623284870464,0.041054441274601949,0.030550165934553983,0.021998199992626272,0.0020162542213161424,0.020051298917441902,0.0
Mike Thomas,WR,LARM,4.8934523833644494,4500.0,0.73310923702921171,0.1741092832462994,0.040414372486210173,0.027063063687804201,0.0080845867013456616,0.0011343726226408805,0.016085084226487797,0.0
Breshad Perriman,WR,BAL,4.8864078076602437,4900.0,0.79152212882079498,0.099026686274586342,0.05001568575606171,0.017676684735897182,0.015716685051020984,0.0046314210113923117,0.021410708350246454,0.0
Cody Latimer,WR,DEN,4.6557761544394713,4500.0,0.76910131675174664,0.13334034739401796,0.050571890236554028,0.019024012069012691,0.015624032216113996,0.0020644471415546869,0.010273954191000132,0.0
Rod Streater,WR,SF,4.5482386590670183,4500.0,0.81801563041283065,0.068473424782868178,0.067013771680673156,0.015939663007751508,0.015230026956348976,0.00081398247759479822,0.014513500681933026,0.0
Rashard Higgins,WR,CLE,4.4586454352874005,4500.0,0.83052372373197836,0.08170200653580402,0.036363940650914812,0.021213147397005704,0.00846522059218403,0.00097258162576094862,0.020759379466352094,0.0
Kamar Aiken,WR,BAL,4.3775144947579747,5200.0,0.85795268643213307,0.061233759779537669,0.032508441596350607,0.011044786037812148,0.009417206033476273,0.0016874713683145163,0.026155648752375686,0.0
Aaron Burbridge,WR,SF,4.3771056236298538,4500.0,0.81246113037505563,0.077803563835023473,0.080023897645307859,0.0072730504850132931,0.012015607912417381,3.9793907375832907e-05,0.010382955839806625,0.0
Leonte Carroo,WR,MIA,4.3716307858055794,4500.0,0.82605592057159327,0.088272409704916358,0.038197452970815379,0.023059441947198951,0.006814569883107943,0.00078606390323546248,0.016814141019132721,0.0
Josh Bellamy,WR,CHI,4.2364135120768998,4500.0,0.831939977274336,0.098220729560858158,0.028784335902237217,0.016814784405028788,0.0061603326357737524,0.00074089609974225146,0.017338944122023792,0.0
Brandon Tate,WR,BUF,4.2343990907231257,4500.0,0.86276682458639431,0.047934590131952538,0.036982308488653817,0.023419054041997303,0.012734816770915472,0.00084763802990028348,0.015314767950186116,0.0
Walter Powell,WR,BUF,4.2279516084004891,4500.0,0.84022992081099779,0.062575831462411302,0.059999564820354061,0.0098006525646116577,0.017711766623759093,0.00011225185201569616,0.00957001186585053,0.0
Deonte Thompson,WR,CHI,4.2201487344283457,4500.0,0.84326069347624988,0.086693321184066474,0.028278715539667862,0.015670743271859161,0.0059453982833403852,0.00066477461198610006,0.019486353632830349,0.0
Dwayne Harris,WR,NYG,4.2025346514230444,4500.0,0.85834087271153581,0.064205925334259006,0.031072230684242141,0.016295463986098904,0.011215153529318504,0.0014985079321686988,0.017371845822377111,0.0
Griff Whalen,WR,SD,4.1737228338261092,4500.0,0.84751132098840853,0.088631219491235758,0.015406121648590079,0.021938865746595329,0.008700389372649036,0.00073039242997643842,0.017081690322544835,0.0
Ted Ginn Jr.,WR,CAR,4.1044112604892202,5900.0,0.84631862637147748,0.089365874653722963,0.028666458937936387,0.0090125990886827378,0.0099006067375129892,0.00082645801145946117,0.015909376199207854,0.0
Marquise Goodwin,WR,BUF,4.0623832472044539,5500.0,0.85141764593007441,0.077049250511351988,0.021006820620964265,0.024139559613811153,0.019880304324440604,0.00054524129827318265,0.0059611777010843796,0.0
Jordan Taylor,WR,DEN,3.757198843011897,4500.0,0.84773641460097271,0.091866976762628907,0.041172315854268456,0.0068791816800769677,0.0094171229718248498,7.3199761865755259e-05,0.002854788368362227,0.0
Bennie Fowler,WR,DEN,3.715663211202278,4600.0,0.86142224286277147,0.095184321934241867,0.015219938040154809,0.013425476046598295,0.0070648364422958619,0.00064535337578056214,0.0070378312981573517,0.0
Alex Erickson,WR,CIN,3.5528032272237775,4500.0,0.89464936135187312,0.047410233157662469,0.038100897855103774,0.0064412644902194175,0.0077432364560933494,7.0444131305306653e-05,0.0055845625577426485,0.0
Jakeem Grant,WR,MIA,3.5508946190005104,4500.0,0.88298528344400273,0.064700085877336042,0.034846363375994484,0.0072105876708318537,0.0049934078966045303,2.4699804756068135e-05,0.0052395719304743228,0.0
Odell Beckham Jr.,WR,NYG,2.8539375310418227,8300.0,0.96107552946340991,0.024053675700745011,0.008699036178923758,0.0020603139095229628,0.0014192914792261792,1.4230492547287537e-05,0.0026779227756249186,0.0
