name,pos,team,expectation,salary,prob_0_5,prob_5_10,prob_10_15,prob_15_20,prob_20+,label
Matt Ryan,QB,ATL,18.593889456253098,7600.0,0.037775991309260896,0.10350085474998857,0.19689466577741385,0.25234614076535666,0.40948234739798023,4.0
Dak Prescott,QB,DAL,18.173201415340465,7200.0,0.045483716624701055,0.11591385073708733,0.19068702174978136,0.25307893994136021,0.39483647094707042,4.0
Derek Carr,QB,OAK,17.902772908567002,7900.0,0.037799763602389298,0.11662706574611049,0.20830970548712585,0.26127754623789523,0.37598591892647903,4.0
Marcus Mariota,QB,TEN,17.691242842893892,7600.0,0.056020343315751828,0.11847516875748723,0.19757287860202519,0.2513886939981082,0.3765429153266277,4.0
Kirk Cousins,QB,WAS,17.102458977164115,7400.0,0.050691017759102994,0.14505022396058681,0.20032685072898279,0.25298059294850461,0.35095131460282275,4.0
Tyrod Taylor,QB,BUF,16.988206380460891,7800.0,0.05187218050018854,0.135629629049245,0.20953146803989986,0.26174201986696821,0.34122470254369852,4.0
Ben Roethlisberger,QB,PIT,16.83466774318266,8700.0,0.04808581271063804,0.14150005428296106,0.21238162744107619,0.26571398548755271,0.33231852007777213,4.0
Matthew Stafford,QB,DET,16.488135012298162,8000.0,0.0482389024082878,0.14576198139735266,0.22867782612593943,0.25968871736059262,0.31763257270782758,4.0
Andy Dalton,QB,CIN,15.885652744530841,7600.0,0.058594761607648746,0.15404220255092263,0.22706436607419386,0.26818378557269318,0.2921148841945414,4.0
Andrew Luck,QB,IND,15.198203314105161,8600.0,0.059035144753100233,0.18009817336794531,0.23639348059784751,0.25729690279328998,0.26717629848781693,4.0
Aaron Rodgers,QB,GB,13.487936880724764,8800.0,0.1919718792391808,0.1570064423847404,0.19350149239078085,0.20997918092699158,0.24754100505830662,4.0
Philip Rivers,QB,SD,12.575463214071274,7600.0,0.085957975331357031,0.26314224066523334,0.24575735203730442,0.22920349626283051,0.17593893570327496,1.0
Ryan Tannehill,QB,MIA,12.194599199191815,7100.0,0.10068469155812051,0.26484965289347867,0.24471287653935334,0.22466972616657727,0.1650830528424703,1.0
Eli Manning,QB,NYG,12.055438014914504,7700.0,0.09885049889123973,0.27227725526930391,0.24951325175827382,0.21871340668943209,0.16064558739175083,1.0
Brian Hoyer,QB,CHI,11.962459816656004,7000.0,0.114010503112968,0.26683409959768495,0.24259885799272146,0.21389372955142447,0.162662809745201,1.0
Carson Wentz,QB,PHI,11.466499842962582,7500.0,0.18331355105813965,0.23177860734121236,0.22139189083492733,0.19967361174149995,0.16384233902422027,1.0
Joe Flacco,QB,BAL,11.354108056979532,7500.0,0.10784397191076003,0.30378320834601569,0.23963424421782212,0.20874344430677358,0.13999513121862894,1.0
Brock Osweiler,QB,HOU,10.932955468507398,6900.0,0.13653502349443541,0.2930233677791268,0.24172730646273657,0.19649323509473868,0.1322210671689627,1.0
Case Keenum,QB,LARM,10.843009332603032,6500.0,0.13246637644564566,0.29503784080672546,0.24770309144953387,0.19903052675429522,0.12576216454379971,1.0
Tom Brady,QB,NE,10.683993801178506,9000.0,0.33012905057787006,0.16319054102440547,0.16661378322144665,0.15534830280161208,0.18471832237466537,0.0
Drew Brees,QB,NO,10.370087737153064,8500.0,0.36527294597312554,0.11730624827209325,0.16349719396066453,0.18895978290737767,0.16496382888673866,0.0
Russell Wilson,QB,SEA,9.9522000700117736,8400.0,0.3409077972947962,0.15686702384438139,0.17443271593715853,0.18340959290576134,0.1443828700179022,0.0
Cam Newton,QB,CAR,9.912960284434563,8900.0,0.34346227098597393,0.16033128608860772,0.1768894061538778,0.17203757211196299,0.14727946465957759,0.0
Ryan Fitzpatrick,QB,NYJ,9.8232126171330574,6900.0,0.16508050457138554,0.31947661909371466,0.23184139952033347,0.18438061883648274,0.099220857978084068,1.0
Cody Kessler,QB,CLE,9.5370804569119585,6300.0,0.2333321195736813,0.27368055364672178,0.21557935708172274,0.16951247284325266,0.10789549685462167,1.0
Drew Stanton,QB,ARI,9.5290223170585087,6400.0,0.3104265858673933,0.21582251418100451,0.18125269071880018,0.16319933492573055,0.12929887430707104,0.0
Alex Smith,QB,KC,9.0099021643734023,6800.0,0.39993036314089186,0.15233321518400059,0.15449427045152719,0.16626010106067873,0.12698205016290182,0.0
Carson Palmer,QB,ARI,8.8468889036972431,7700.0,0.37667891480620042,0.17351702638287989,0.17591724763661293,0.15821013030791189,0.11567668086639453,0.0
Blake Bortles,QB,JAC,8.4357288379373045,7800.0,0.36662084450225813,0.21037441115112024,0.16387585395336429,0.15969262091012701,0.099436269483129947,0.0
Trevor Siemian,QB,DEN,7.4878670309566093,7300.0,0.43511892523306012,0.18643386729728434,0.15342873240889923,0.14428418711163685,0.080734287949119424,0.0
Colin Kaepernick,QB,SF,4.1622945332527124,6400.0,0.72405115727776415,0.092357048281485971,0.081975466523911869,0.059452424545116754,0.042163903371721607,0.0
A.J. McCarron,QB,CIN,4.0993781528102913,5900.0,0.73256533656027967,0.093280948393985694,0.074525131238100603,0.055580050155329221,0.044048533652304635,0.0
Landry Jones,QB,PIT,3.6642253190224872,5500.0,0.7829967724862098,0.067388594275244004,0.058408953099107264,0.051731624000943596,0.039474056138494362,0.0
Geno Smith,QB,NYJ,3.180006693687234,5000.0,0.79389874384191528,0.081673432001389962,0.056494549474411737,0.041680196358281039,0.02625307832400119,0.0
Joe Webb,QB,CAR,3.0852004376433073,5000.0,0.81382526788581033,0.061656211625309883,0.054517654224254621,0.045473894570022162,0.024526971694602294,0.0
Kellen Clemens,QB,SD,2.8178910364659342,5000.0,0.82993890897252565,0.059670939989560134,0.050786427390650327,0.040425237051919839,0.019178486595343568,0.0
E.J. Manuel,QB,BUF,2.4829164073925218,5000.0,0.87066288213287535,0.041736498868416468,0.036503239416203447,0.032958850047972513,0.018138529534531388,0.0
