name,pos,team,expectation,salary,prob_0_5,prob_5_10,prob_10_15,prob_15_20,prob_20_25,prob_25+
Martellus Bennett,TE,NE,10.364234376445738,6600,0.25136644318545881,0.29762239530706575,0.22994227815299886,0.1180506629795384,0.053903167137222194,0.049115053237715998
Jason Witten,TE,DAL,10.218426321987659,5600,0.26491806298217074,0.29543305899242556,0.22073399765518012,0.11629176150400339,0.055206668748364641,0.04741645011785546
Delanie Walker,TE,TEN,9.9221564151881338,6700,0.27179648576774362,0.29554043534978824,0.23002427262927175,0.11580346785249718,0.052744793131691878,0.034090545269007191
Rob Gronkowski,TE,NE,9.4421636851291009,8400,0.33529892681159629,0.26586871590157418,0.20899357217528397,0.10070468086559575,0.043207687052857748,0.045926417193091922
Greg Olsen,TE,CAR,8.6880391334508733,8100,0.30464227331572791,0.36797009881944648,0.17900353305262195,0.10170955711492778,0.026870698065679911,0.019803839631596192
Charles Clay,TE,BUF,8.5169609028303199,5300,0.32044731862092335,0.35094541517489802,0.19798392161875383,0.084797995085450134,0.027041810602567246,0.018783538897407737
Dwayne Allen,TE,IND,8.1066399801678362,5800,0.36761488536458825,0.33576587952702519,0.16785536687688346,0.082713173255559908,0.028541611893620436,0.017509083082322699
C.J. Uzomah,TE,CIN,7.9937890524041322,4900,0.38326409147942075,0.32133907359320085,0.17370544403353511,0.076930089772017526,0.024588926104627998,0.020172375017198124
Hunter Henry,TE,SD,7.9936268611598145,5400,0.3717013414162107,0.34323224145438963,0.16439336446419658,0.077153979322253555,0.022350902832328698,0.02116817051062091
Gary Barnidge,TE,CLE,7.867787708921381,5300,0.37942579736156767,0.33775436352550053,0.16495051198025465,0.080505317661603473,0.022433846041912633,0.014930163429161092
Zach Miller,TE,CHI,7.7665226397677056,5800,0.37473724768309952,0.35844058730001715,0.15289245584250313,0.079082499094709491,0.022404518713964306,0.012442691365706415
Jesse James,TE,PIT,7.6721183143238347,5400,0.45247258202007246,0.25829793342258944,0.16714837093130594,0.069857912380246273,0.028860755790101136,0.023362445455684493
Dennis Pitta,TE,BAL,7.598625286476139,5400,0.41836717803459889,0.31255516018088686,0.15363996706982283,0.078074913063609891,0.021148684471540585,0.016214097179540688
Jacob Tamme,TE,ATL,7.0648121463868527,5300,0.50436929399774189,0.24214283590839744,0.15095817583951845,0.06053897148553232,0.022667286610710172,0.019323436158099679
Antonio Gates,TE,SD,7.0186453799740569,5600,0.476041232613232,0.29236735889137561,0.13889282124162428,0.055277547925156621,0.019361765798340067,0.018059273530271421
Will Tye,TE,NYG,6.9950701762555294,4900,0.47342880166003659,0.28626983377361453,0.15348769821776898,0.055065184810559782,0.018169157079825873,0.013579324458194124
Zach Ertz,TE,PHI,6.7271668355635539,5400,0.4908820549966777,0.30340012737267991,0.12297055060436252,0.050159826813516481,0.017324542973060523,0.015262897239702899
Jimmy Graham,TE,SEA,6.7061431040535409,6900,0.53298779801816998,0.22259517208391821,0.1631842580239426,0.049267475545964785,0.015363975599010709,0.016601320728993549
C.J. Fiedorowicz,TE,HOU,6.6263817465750083,5100,0.50144274107364994,0.29808339913381643,0.10842891147600284,0.067577016925435066,0.014735580502603339,0.009732350888492218
Travis Kelce,TE,KC,6.5209856618807542,6400,0.55143738073780335,0.22930802528066277,0.13448268380491465,0.05364199831535324,0.010651814766730732,0.020478097094535214
Crockett Gillmore,TE,BAL,6.356083659523601,4900,0.55360673122809789,0.24633496022375634,0.12147080481048703,0.048904900788898989,0.013187555050504413,0.01649504789825507
Coby Fleener,TE,NO,6.1516922715606048,5600,0.58597033328236836,0.22183130722440772,0.11378050969593509,0.046498866644343516,0.018145388001914071,0.013773595151031257
Richard Rodgers,TE,GB,5.9550120105448467,5100,0.6138948786464552,0.21962485448581034,0.08748637295066429,0.043401437224966054,0.01176179341358838,0.023830663278515761
Austin Hooper,TE,ATL,5.8807792656861277,4500,0.59428719289752197,0.23295146310889225,0.11095164512957416,0.037590940874543823,0.012565512801786518,0.011653245187681458
David Johnson,TE,PIT,5.7149780580540348,4500,0.6310897716412327,0.19748724678549379,0.1095849724736061,0.03419960047496011,0.014452424670315456,0.013185983954391734
Lance Kendricks,TE,LARM,5.6571048842628837,4500,0.60859085738785201,0.23119080069608763,0.10763143378868117,0.033589036502636137,0.010789159052495896,0.008208712572246965
Clive Walford,TE,OAK,5.6472807249778629,4700,0.6205666020781121,0.20946791918939117,0.11434955089354962,0.038741945542370447,0.0093066240909120464,0.0075673582056644921
Julius Thomas,TE,JAC,5.463104983906697,5700,0.65339532097057673,0.21993841843778786,0.067444645027520317,0.025506770976462683,0.0073012475791391493,0.026413597008513236
Garrett Celek,TE,SF,5.3682464986987233,4700,0.63459865026358719,0.22075393378651065,0.099675026353831464,0.031797801530517061,0.0077210316737476624,0.0054535563918058439
Vernon Davis,TE,WAS,5.2532110893515629,4500,0.6701658969092199,0.19122461422479162,0.091302075947801237,0.02443771337726483,0.010848186086487379,0.012021513454434939
Xavier Grimble,TE,PIT,5.2050105032730452,4500,0.67740780028229353,0.18301530967442539,0.092509520883691063,0.025880993651057328,0.010607109283032328,0.010579266225500065
Larry Donnell,TE,NYG,5.1983462471993924,5000,0.71288578854475393,0.15432741981713463,0.073102024092263962,0.027254334274985866,0.0047773877410518624,0.027653045529810152
Jack Doyle,TE,IND,5.079012734052383,4800,0.68040106713530424,0.19109689210579084,0.083472957269176848,0.028971415220369411,0.0094428468415697926,0.0066148214277889136
Ryan Griffin,TE,HOU,5.0234295000456664,4500,0.67980018817192689,0.19795242271344926,0.075208680749006052,0.035951650264327027,0.0069741255017616612,0.0041129325995288377
Darren Fells,TE,ARI,4.8210227519254474,4500,0.72977488521823208,0.16023714562464661,0.058063805594661372,0.034169493138118984,0.0034420379649418107,0.014312632459399182
John Phillips,TE,NO,4.7454020152924823,4600,0.71760259257101933,0.18666456582319468,0.058702659046327786,0.018170103403455377,0.0038001868477348716,0.015059892308268132
Tyler Kroft,TE,CIN,4.7303507010541219,4500,0.72943516908954076,0.16331466851383858,0.065539721442470486,0.024278225335208001,0.0083197252882896613,0.0091124903306524351
Connor Hamlett,TE,CLE,4.7273492003081552,4500,0.71506598521845977,0.1839114815450229,0.061790314303575712,0.024546525330962535,0.0090903140933258856,0.0055953795086531284
Brent Celek,TE,PHI,4.7071621480775647,4500,0.73267997363720472,0.17702490800422738,0.049895695695916072,0.01614504375092278,0.0050908955919589426,0.019163483319769872
Josh Hill,TE,NO,4.6948873983534245,4500,0.72187810695518695,0.18485720463885094,0.058259197843557209,0.01713296175745049,0.0031596499524043638,0.014712878852550118
Jerell Adams,TE,NYG,4.6863984720471752,4500,0.7090282618649989,0.19588739544424222,0.065479237425904946,0.015955338654845462,0.0056810249011951331,0.0079687417088132369
Virgil Green,TE,DEN,4.6182662055471351,4600,0.72382643449322215,0.2034356052496781,0.036216732689399157,0.016141000101664381,0.0025399671542235829,0.017840260311812677
Erik Swoope,TE,IND,4.5716791771210064,0,0.73821458203994328,0.18153704131788323,0.044904668609836523,0.015787649105373457,0.0021537850642928537,0.017402273862670646
Nick O'Leary,TE,BUF,4.5163036493693687,4500,0.76146471848347863,0.13348461574652892,0.058695146537834343,0.037367501033720746,0.0046567730416721322,0.0043312451567650715
Vance McDonald,TE,SF,4.5030025356063872,4600,0.74436150112925248,0.18385448420692424,0.0359138692828097,0.015976965889281616,0.0024785107777720223,0.017414668713960166
Marcedes Lewis,TE,JAC,4.379113446612835,4500,0.78855392762839416,0.11740605954002316,0.055298359152213095,0.021245379172285847,0.0033975985741597865,0.014098675932924179
Demetrius Harris,TE,KC,4.2725625260884135,4500,0.7874238698805236,0.13232043420992276,0.05188262266424281,0.01000138341609377,0.003435773715092173,0.014935916114124859
Luke Willson,TE,SEA,4.1894161918766821,4500,0.79097435850747089,0.1204099487831061,0.068653286741215291,0.0087654364721440666,0.0021144407869493737,0.0090825287091140378
Brandon Williams,TE,SEA,4.1894161918766821,4500,0.79097435850747089,0.1204099487831061,0.068653286741215291,0.0087654364721440666,0.0021144407869493737,0.0090825287091140378
Dion Sims,TE,MIA,4.1850394109101288,4500,0.78187979435161903,0.13442963727919019,0.060968089945046405,0.013713820771171271,0.0055426855656361693,0.0034659720873368781
Trey Burton,TE,PHI,4.1436361232008618,4500,0.76298232462346827,0.17556805441972745,0.043615645372996406,0.0096866379494600207,0.0038687225456661579,0.0042786150886815096
Justin Perillo,TE,GB,4.0830454324359051,4500,0.80471747891592982,0.14057913905743141,0.026218302348560929,0.0078412117760849557,0.0031496321055923464,0.017494235796400699
James O'Shaughnessy,TE,KC,4.0760424976209544,4500,0.81956499513736647,0.1025222947966648,0.05357091047662324,0.0066209245380040417,0.0029227650964392606,0.014798109954902099
Ed Dickson,TE,CAR,4.0333630004771308,4500,0.80285133383484919,0.12065301406332876,0.054985003929050785,0.014062702780772483,0.0033782571283170592,0.0040696882636819809
Levine Toilolo,TE,ATL,3.9996396501843745,4500,0.80379674439887139,0.13774827178102633,0.034633511367576843,0.0087881782762613565,0.0086183701894089158,0.0064149239868550338
Dominique Jones,TE,MIA,3.9942171899116437,0,0.79123908618390915,0.15763807452153478,0.031356625796859994,0.0088901223757449858,0.0025587108699148,0.0083173802520360093
Anthony Fasano,TE,TEN,3.9771078102947706,4500,0.81195448687987026,0.12191718259249028,0.042709025359178428,0.01245362899102502,0.0041029391121469236,0.0068627370652888922
Brandon Bostick,TE,NYJ,3.8794371111500867,4500,0.81382838913777367,0.12654830073273565,0.041320837719207519,0.010812800716401021,0.0031893145597476002,0.0043003571341346412
Jermaine Gresham,TE,ARI,3.8365495891305983,4500,0.81757002028779469,0.123425801713536,0.043000206621198613,0.0099666985431291072,0.0022027569309083827,0.0038345159034331379
Niles Paul,TE,WAS,3.8243424888306601,4500,0.83254985406863202,0.11116147505154633,0.035976506536826998,0.0082341425477205563,0.0033385269786006455,0.0087394948166734966
Phillip Supernaw,TE,TEN,3.7989295455389422,4500,0.84951149516809565,0.09273368305281611,0.031634589564017761,0.0070439011969865052,0.012730311754441675,0.0063460192636421407
Logan Paulsen,TE,CHI,3.7967730503521628,4500,0.82726256033098411,0.11698899546732115,0.036820618623008936,0.01072083308628051,0.0044730843637748622,0.0037339081286304975
Geoff Swaim,TE,DAL,3.7840567306762369,4500,0.84269913906373561,0.099376137885442001,0.038633643277227014,0.0069025504823115522,0.002482376208000129,0.0099061530832832995
Gavin Escobar,TE,DAL,3.7840567306762369,4500,0.84269913906373561,0.099376137885442001,0.038633643277227014,0.0069025504823115522,0.002482376208000129,0.0099061530832832995
Ifeanyi Momah,TE,ARI,3.7003561001008429,4500,0.83482461232774152,0.11298854638868434,0.038793202806725914,0.0076867377434341631,0.0020984488793394989,0.0036084518540744127
Mychal Rivera,TE,OAK,3.6906228566135062,4500,0.8531503819103391,0.091275035913068014,0.037706457192133218,0.0072026552183008727,0.0034986934603292046,0.0071667763058294873
Clay Harbor,TE,DET,3.6505142319551407,4500,0.85794092020657897,0.086362894984579025,0.033815537726472111,0.015665100697016369,0.001964158064311231,0.0042513883210421712
Khari Lee,TE,DET,3.6505142319551407,4500,0.85794092020657897,0.086362894984579025,0.033815537726472111,0.015665100697016369,0.001964158064311231,0.0042513883210421712
Cole Wick,TE,DET,3.6505142319551407,4500,0.85794092020657897,0.086362894984579025,0.033815537726472111,0.015665100697016369,0.001964158064311231,0.0042513883210421712
Kellen Davis,TE,NYJ,3.5865247367098925,4500,0.85723322765681198,0.095408413152331437,0.031939229142078036,0.0081413745678658635,0.0027948252026694935,0.0044829302782430983
Marqueis Gray,TE,MIA,3.5544624418614021,4500,0.86049532424098363,0.093354733030361695,0.032041682918878739,0.0068000788416649541,0.0034867518613874377,0.0038214291067233414
Tyler Higbee,TE,LARM,3.496560828056746,4500,0.86536871891333544,0.091958377919908629,0.028114394549295804,0.0098137759682760169,0.0020399925578988157,0.0027047400912851394
Cory Harkey,TE,LARM,3.496560828056746,4500,0.86536871891333544,0.091958377919908629,0.028114394549295804,0.0098137759682760169,0.0020399925578988157,0.0027047400912851394
Sean McGrath,TE,SD,3.396126228737959,4500,0.88059556905448655,0.080908769580829334,0.027151439597674135,0.0054055190252262119,0.0018964738131820743,0.0040422289286014754
