name,pos,team,expectation,salary,prob_0_5,prob_5_10,prob_10_15,prob_15_20,prob_20_25,prob_25+
Dak Prescott,QB,DAL,19.893616466834963,7200,0.041542468115788017,0.04677322488105571,0.1583295804644371,0.23297680710191537,0.18552911093270077,0.33484880850410281
Marcus Mariota,QB,TEN,19.507903048219926,7600,0.042575826816096958,0.057580785352481394,0.165398468031833,0.2099232176759159,0.23917527541827646,0.28534642670539678
Matt Ryan,QB,ATL,19.250958488580661,7600,0.028177085918648804,0.071645603980927897,0.17251098928161759,0.22221476095273965,0.26037796701658134,0.24507359284948496
Derek Carr,QB,OAK,18.445902441455285,7900,0.036903621665870946,0.083926678156211465,0.18506298274934191,0.23598318409231986,0.26343937432207654,0.19468415901417924
Kirk Cousins,QB,WAS,18.28342095478056,7400,0.029461686247484416,0.10985738775908187,0.18814239827754448,0.25883491020857891,0.17448081152035019,0.23922280598696061
Ben Roethlisberger,QB,PIT,17.950523147242038,8700,0.028658552425899337,0.10396488530621405,0.20758765812482835,0.25244557957975511,0.22308893366324614,0.1842543909000573
Tyrod Taylor,QB,BUF,17.731870811314423,7800,0.044798166342775954,0.085156425599257082,0.22748766376940516,0.23566875857614514,0.23520879516570395,0.17168019054671319
Andy Dalton,QB,CIN,17.349295171276424,7600,0.032789269431083234,0.11329993955480172,0.21871687167706116,0.27572397863570203,0.2053962880675034,0.15407365263384826
Matthew Stafford,QB,DET,17.108469694656186,8000,0.02973198127031217,0.12850922809661169,0.21221192360796931,0.29182164692908819,0.19533017764867244,0.14239504244734644
Aaron Rodgers,QB,GB,15.842074795518997,8800,0.16040176056576411,0.12849748181475631,0.14757276684998494,0.20603872898088402,0.16079055229663211,0.19669870949197854
Ryan Tannehill,QB,MIA,15.637218568579382,7100,0.069116345648311442,0.15580217133815416,0.23070791044303104,0.2849404875815863,0.14176116619768547,0.11767191879123186
Tom Brady,QB,NE,15.563483379152709,9000,0.19285241177291979,0.11746944676425726,0.1462992357611993,0.16683202454489332,0.18060172187444548,0.19594515928228484
Drew Brees,QB,NO,15.551255288793026,8500,0.23530072744811587,0.097007952608167358,0.12819238450056902,0.1573067000393413,0.12602294098775649,0.25616929441605002
Andrew Luck,QB,IND,15.038435062219913,8600,0.058354402654805855,0.21584257244245358,0.23182948676207599,0.24864714261215043,0.1443879390016439,0.10093845652687004
Philip Rivers,QB,SD,14.800807696578062,7600,0.044118092878617558,0.19739060070313882,0.30642118501058369,0.24805892301816901,0.11430419241065459,0.089707005978836227
Brian Hoyer,QB,CHI,14.733361068837066,7000,0.062627055978330987,0.22095635222420762,0.24333599661499816,0.23586643374750368,0.15462624010409889,0.082587921330860584
Russell Wilson,QB,SEA,14.670589303336754,8400,0.2556219425922257,0.092723724062910295,0.14625075813791708,0.18028916921699223,0.11754691727214463,0.20756748871781025
Carson Wentz,QB,PHI,14.564986439136815,7500,0.15799702725071083,0.16903460813130877,0.15912515609608233,0.24123545617412406,0.16103276275735331,0.1115749895904208
Eli Manning,QB,NYG,14.530962786375976,7700,0.069688717591052621,0.21326831336780736,0.26209787966002379,0.25606480757661854,0.093867347165005138,0.10501293463949281
Alex Smith,QB,KC,14.029355672654521,6800,0.24929540312859233,0.11990288616746017,0.1562938727980126,0.1945495605702956,0.11005956562166466,0.16989871171397464
Cam Newton,QB,CAR,13.869468409821526,8900,0.2544902052017759,0.12131262147972936,0.16939534970023534,0.17931820093068532,0.10158235514582105,0.17390126754175295
Brock Osweiler,QB,HOU,13.706679005516692,6900,0.11146366809055414,0.19145012929263064,0.2736614085616465,0.25358025545000129,0.10740060468842536,0.062443933916741898
Case Keenum,QB,LARM,13.598214788794674,6500,0.10570652638780978,0.20928028850878105,0.3091587267285878,0.17913660252840061,0.12895387102432693,0.067763984822093754
Drew Stanton,QB,ARI,13.534947259810668,6400,0.13030432617945004,0.20673326290216423,0.25869071440438662,0.2175618486016424,0.10336002511551562,0.08334982279684125
Blake Bortles,QB,JAC,13.415946554515903,7800,0.21217785025320252,0.19477549875212138,0.1615418887386029,0.18197504408998255,0.1282436884265476,0.12128602973954308
E.J. Manuel,QB,BUF,13.341499242590734,5000,0.3621222585426595,0.12178403297931994,0.10201146156038818,0.088099563884876039,0.05171921440035878,0.27426346863239748
Cody Kessler,QB,CLE,13.206685939558692,6300,0.1463268233197989,0.21340954862965145,0.24771095143919786,0.21029293409896854,0.10967177845513344,0.072587964057250348
Trevor Siemian,QB,DEN,13.08622542684958,7300,0.27608472352919078,0.15602910907707973,0.16689297046569035,0.15190289688879235,0.073730155501154984,0.17536014453809171
Colin Kaepernick,QB,SF,13.024574951206725,6400,0.33329004962786146,0.12612886228788975,0.1257422615615866,0.12776808480438168,0.091356358174265254,0.19571438354401519
Joe Flacco,QB,BAL,12.699257105483497,7500,0.10487998766360133,0.28917475273166177,0.26353557324755611,0.19562150961722624,0.09719989068152321,0.049588286058430915
Ryan Fitzpatrick,QB,NYJ,12.629084227611592,6900,0.13415645528225975,0.26492580583049818,0.25653045578913042,0.20396016203862996,0.06618596329974083,0.074241157759741161
Carson Palmer,QB,ARI,12.511229306491829,7700,0.29828466759436734,0.13523396073546229,0.16736360588366084,0.18267483402870374,0.097954472079560997,0.11848845967824528
A.J. McCarron,QB,CIN,12.435598980577835,5900,0.3905673336230388,0.1147977926886749,0.1150166955908294,0.08890413631276374,0.077994005616523657,0.21272003616816948
Kellen Clemens,QB,SD,11.987147384588944,5000,0.38656825656179811,0.14218401998516206,0.12650957973661886,0.08994970853915879,0.041565004044398585,0.21322343113286366
Geno Smith,QB,NYJ,11.76410867170539,5000,0.40026602995696237,0.12309782195538368,0.12334916601318574,0.1077018707123983,0.068005588588221463,0.17757952277384845
Joe Webb,QB,CAR,11.706189446065416,5000,0.44561459442942247,0.090764009331439605,0.11707218417249572,0.075596438005904154,0.065223672784750053,0.2057291012759879
Landry Jones,QB,PIT,10.129986841354574,5500,0.55106520084844601,0.074511891132554534,0.066022452289222572,0.075626902689604023,0.071307900709760827,0.16146565233041199
