name,pos,team,expectation,salary,prob_0_5,prob_5_10,prob_10_15,prob_15_20,prob_20_25,prob_25_30,prob_30+,label
MIA,Def,MIA,11.738340796806197,4300.0,0.17114769071339916,0.26668453301198514,0.31532207873203721,0.15586796846763351,0.035238798168601829,0.013681786722239636,0.042057144184103612,2.0
SEA,Def,SEA,11.53540745849055,5000.0,0.10188163722931448,0.39622263366212629,0.18619443338160185,0.27294639709329366,0.019804635924858937,0.0058429675425116442,0.017107295166293075,1.0
WAS,Def,WAS,10.968536518458675,4600.0,0.25124691075257349,0.19091046277905485,0.24968363162278767,0.27115694617125513,0.016328141431602161,0.0064894824338622911,0.014184424808864535,3.0
BUF,Def,BUF,10.787456255043701,4300.0,0.32964745002331514,0.35136611208430224,0.13795392717298993,0.025846115687543643,0.018440716760750805,0.0066205588595424575,0.13012511941155563,1.0
KC,Def,KC,10.598115673235117,4400.0,0.28273366395238769,0.16312483956405041,0.45109993394125319,0.027305350157028157,0.0064496855313750179,0.0025191932976698275,0.066767333556235819,2.0
TEN,Def,TEN,10.171937474507301,4100.0,0.29994857440599942,0.24966108506352688,0.28584862508655356,0.081194341020839778,0.025019294952922214,0.0065090398436058634,0.051819039626552106,0.0
DEN,Def,DEN,9.4001678921118117,5200.0,0.051034216498472638,0.68850326848087195,0.17880757808097958,0.035693071707865821,0.026662856076039906,0.0035060301071550507,0.015792979048615149,1.0
LARM,Def,LARM,8.9040019065311355,4400.0,0.17277951124753979,0.59586919508396952,0.090974069617874923,0.10281003115393621,0.015797128095601354,0.0067606533764765385,0.015009411424601705,1.0
MIN,Def,MIN,8.8726719438104844,4700.0,0.11112592771023892,0.67676460048806086,0.10523711446738467,0.077486168155139978,0.010705984779238693,0.0062721418951316495,0.012408062504805242,1.0
ARI,Def,ARI,8.7248133804172951,5300.0,0.37734972141966627,0.19598785610008462,0.33374342441952204,0.043841814069416396,0.018643771474266997,0.014953158881180583,0.015480253635863089,0.0
NYG,Def,NYG,8.6711484789192887,4400.0,0.015981105272288545,0.83393308444601622,0.08094403581624017,0.053882789080695423,0.0071948155888365718,0.0029574623770469892,0.0051067074188759672,1.0
PIT,Def,PIT,8.1846820920336913,4800.0,0.29746343431546041,0.47059562549008366,0.14327844180247182,0.04000646251947728,0.016851364075710328,0.0095808674858267103,0.022223804310969909,1.0
TB,Def,TB,7.873191019918921,4200.0,0.3265726986848449,0.40365191875678919,0.20152007559623844,0.03506370636321271,0.018005241393586818,0.0053181903093993243,0.0098681688959286456,1.0
CAR,Def,CAR,7.7425583613695075,4800.0,0.3390680923290858,0.47262010771375007,0.11199544775148326,0.030746095417674809,0.011196244596095922,0.0057024498850922044,0.028671562306817795,1.0
HOU,Def,HOU,7.641935919143811,4900.0,0.22704546426730035,0.60462742243959833,0.13275838709863136,0.015422221687439416,0.0057984638204642966,0.0029865317433024341,0.011361508943263611,1.0
OAK,Def,OAK,7.5839360708777717,4500.0,0.22032701527083148,0.65295750831783606,0.064033978731626848,0.040802975985737996,0.0093408771817798161,0.0036702517460596466,0.0088673927661282233,1.0
CIN,Def,CIN,7.5353619888907328,4700.0,0.05822192210597267,0.91277412241805744,0.014033533840439174,0.005897234659742308,0.0032119931178827004,0.0016041525652891839,0.0042570412926164775,1.0
IND,Def,IND,7.4755217067995501,4500.0,0.4225340092051702,0.27485803098056649,0.25993786565815608,0.011322244787230484,0.013317008137513497,0.0027097705683839664,0.015321070662979401,0.0
ATL,Def,ATL,7.3607607079543875,4000.0,0.29982588989751535,0.57326229915668492,0.060183513966310907,0.03584580873262682,0.0094239609964045755,0.004127255206601366,0.017331272043856163,1.0
BAL,Def,BAL,7.1554826597741981,4400.0,0.4422638409033624,0.31287520993566764,0.1738562910886042,0.040735102049303182,0.017527512643859228,0.0030865992308035891,0.0096554441483998662,0.0
SF,Def,SF,6.6477707766773761,4200.0,0.35333938112736524,0.58413219535660044,0.023721564906523853,0.0070750636397026116,0.01082443957314011,0.0016279527494531922,0.019279402647214339,1.0
DET,Def,DET,6.3396574936387351,4500.0,0.42026893606612054,0.49942240624231227,0.018054639239782195,0.045321143699356539,0.0040372069506048307,0.0023561904043154364,0.010539477397508351,1.0
JAC,Def,JAC,6.3075568376422479,4000.0,0.51507297745630554,0.36626190703067579,0.049304340217000711,0.032417433653831464,0.0121073547573099,0.0069832364524389356,0.017852750432437493,0.0
DAL,Def,DAL,5.963495729873884,4700.0,0.5398603166724405,0.33094573883455142,0.088661584349366745,0.015406964782417187,0.0073922656585941162,0.0044167077381541738,0.013316421964475857,0.0
NYJ,Def,NYJ,5.946335006409571,4400.0,0.46324759181519914,0.48509008327289416,0.018730163690041667,0.0080035621116087991,0.0070428585467135259,0.0011485623705150359,0.016737178193027856,1.0
SD,Def,SD,5.5497381087232887,4300.0,0.62388877124554354,0.23920368344326765,0.098432932917166371,0.016390870388499481,0.0057177300527572394,0.0030296910682977075,0.013336320884467925,0.0
NE,Def,NE,4.2019281061734493,4500.0,0.77769367386176491,0.14239294949700368,0.066738089951084018,0.0032150718500419929,0.0033307400165584603,0.0010288467559316742,0.0056006280676153507,0.0
CLE,Def,CLE,4.0600788490154027,4200.0,0.77262937271264609,0.1951967947330451,0.017380427730564061,0.0024875112126971099,0.0016748351489239838,0.00080375641912113199,0.0098273020430022506,0.0
NO,Def,NO,3.6850870489729202,4000.0,0.89500301727347853,0.045653654224022483,0.02993837756185538,0.011904238124240766,0.0058141362339823362,0.0022966710983555647,0.0093899054840648338,0.0
CHI,Def,CHI,3.6159425618725645,4200.0,0.832339436882232,0.14545444692210541,0.0066502745792835737,0.0083792531475428006,0.0022425416493689915,0.0011638093818672642,0.0037702374375999533,0.0
