name,pos,team,expectation,salary,prob_0_5,prob_5_10,prob_10_15,prob_15_20,prob_20_25,prob_25_30,prob_30+
Taylor Gabriel,WR,ATL,21.018348520732385,0.0,0.04770927153982147,0.056488388037837796,0.14850677389040434,0.14439427534483229,0.20605085250955496,0.32449754609930381,0.072352892578245356
Kendall Wright,WR,TEN,19.772507467696869,4800.0,0.15236481054815113,0.08509342235851404,0.077368247922517661,0.10576084107308674,0.085766118328025304,0.43625203979908067,0.057394519970624502
Terrance Williams,WR,DAL,19.079802072627391,4600.0,0.033400801696046319,0.089115741521378161,0.16641376642966904,0.10329803974611544,0.50930055265842022,0.062094217594451127,0.036376880353919797
Chris Moore,WR,BAL,19.022072178717373,0.0,0.13142995306597749,0.1512260276778622,0.11884579115337383,0.1129317200821114,0.14086378861257925,0.15154744339360599,0.19315527601448984
Tanner McEvoy,WR,SEA,18.877732600608923,0.0,0.11344272839372063,0.12339450592344586,0.13733699212521969,0.15284019170553026,0.16740107112862598,0.15796409959044685,0.1476204111330108
Arrelious Benn,WR,JAC,18.002516389425576,0.0,0.13364917050406203,0.13019435998242634,0.15936580597457214,0.15305680127911278,0.13184877488767774,0.15482751023564828,0.13705757713650063
Jamison Crowder,WR,WAS,17.557813246047161,6000.0,0.10264310163707784,0.15772808219311926,0.14311682503759854,0.11581814609363082,0.31691871014987766,0.074711159143873343,0.089063975744822513
Willie Snead,WR,NO,17.499502279165558,7500.0,0.12968549684370953,0.12557348871063861,0.18179876977480158,0.076738484436417495,0.19504816348143278,0.26146003903774251,0.029695557715257458
Cole Beasley,WR,DAL,17.371625324814207,5200.0,0.08463095077473988,0.15663680193196441,0.20845079079321868,0.093750530825040063,0.29219852931729107,0.078279736416795351,0.086052659940950557
Chester Rogers,WR,IND,17.007965074254262,0.0,0.16135952985895968,0.1582748172516068,0.14437672187975914,0.14343424741034483,0.12727477171519172,0.13943766833264565,0.12584224355149198
DeVante Parker,WR,MIA,16.259379999650541,6300.0,0.047452687856190688,0.1569203978141927,0.32016998903874055,0.14865491223601388,0.1872262789084915,0.098331000169988206,0.041244733976382376
Jarvis Landry,WR,MIA,16.098582458065408,7200.0,0.026971868342418236,0.18036816325589361,0.30933364647197703,0.20632523600129565,0.12664068590651173,0.12146667757271602,0.028893722449187694
Rashad Ross,WR,WAS,15.928765877929603,4500.0,0.19326493723782306,0.13784046526468785,0.15586335037820698,0.084184875458249708,0.27461691363335311,0.078218499015506163,0.076010959012173238
Robby Anderson,WR,NYJ,15.918821600790555,0,0.13431876414521318,0.23115967008516902,0.14590740615122227,0.13559058759729128,0.14078350050195179,0.12578426126911663,0.086455810250035889
Doug Baldwin,WR,SEA,15.637662213420541,7400.0,0.052898217029990244,0.25885746429988177,0.19957499646203267,0.17318780722790186,0.15394580187624488,0.14386918593612685,0.01766652716782181
Pierre Garcon,WR,WAS,15.112511277841024,6000.0,0.24031356655353653,0.18738626547410159,0.12787830420093382,0.083417072042218959,0.18051490162059733,0.044090484415191818,0.1363994056934201
Julio Jones,WR,ATL,15.110833082432125,8500.0,0.092360877649637491,0.19850713945998835,0.2708392657481703,0.16843504970525736,0.14724714890453572,0.072854113109659918,0.049756405422751018
Antonio Brown,WR,PIT,15.068970383591209,9400.0,0.064764765161417701,0.22765372087384286,0.2353115105942559,0.13745555219971031,0.29572480132980244,0.022554167485842672,0.01653548235512816
Marvin Jones,WR,DET,14.134773699982135,7600.0,0.03658196484361962,0.36305740809623555,0.23710520898581733,0.15396179773348986,0.048626407112766341,0.14069399580362746,0.019973217424443777
DeSean Jackson,WR,WAS,13.878512995849755,6900.0,0.26006091483860616,0.22368717597897533,0.133789030153834,0.063000460156996105,0.16367019543652916,0.047929501107787986,0.10786272232727123
Allen Hurns,WR,JAC,13.814380138697047,6100.0,0.15215820689854306,0.26550335710660755,0.26276239832571041,0.092572979522171056,0.09839282038994801,0.023605927710368541,0.1050043100466512
Allen Robinson,WR,JAC,13.72986115491417,8300.0,0.090287762178810599,0.26493840856271017,0.31632434398462295,0.11650906940585541,0.13794180760352956,0.022600171933246673,0.051398436331224644
Marqise Lee,WR,JAC,13.401883703422042,4500.0,0.20346239507022021,0.23905842899396748,0.23127532552679653,0.1070182701833356,0.095249218995960699,0.019246915926786255,0.10468944530293339
Mike Evans,WR,TB,13.188156459408724,8000.0,0.15442450166510369,0.27287535128040569,0.20986503708687523,0.11146189785672625,0.17508137951250252,0.057054838054741631,0.019236994543644872
Emmanuel Sanders,WR,DEN,12.915956082733434,6900.0,0.15592489455981348,0.29606971715888381,0.20467779054032542,0.11402974742539691,0.15985816301585329,0.036742628987118761,0.032697058312608357
Demaryius Thomas,WR,DEN,12.532803770183762,7900.0,0.15815600558030435,0.30195711159981115,0.21956015247147542,0.12201647259571205,0.1370097647359077,0.031372229230605703,0.029928263786183785
DeAndre Hopkins,WR,HOU,12.100539495101346,8600.0,0.11532667470250138,0.35038634005578867,0.29848096781875472,0.082544722254646541,0.10001529213453172,0.014023154463097888,0.039222848570679217
Brice Butler,WR,DAL,12.054155736219041,4500.0,0.39816895931075919,0.12774093209517862,0.14370246593918973,0.050584333529656744,0.17797452073609149,0.019901949861595658,0.081926838527528523
Michael Crabtree,WR,OAK,11.624446893650166,6500.0,0.25935788037516855,0.27549943926126458,0.20697254193999948,0.05782458643194905,0.11023281417596109,0.043128637475128948,0.046984100340528245
T.Y. Hilton,WR,IND,11.597182512919122,7600.0,0.081400525855572142,0.47998148624008397,0.20176944837660549,0.079220957017173702,0.11303118545009792,0.029165382769612298,0.015431014290854731
Markus Wheaton,WR,PIT,11.468945750437936,5800.0,0.3240173301764257,0.18979318300269765,0.18257741438624486,0.083252766507829368,0.14826389941343213,0.048395267467816125,0.023700139045554212
Bryan Walters,WR,JAC,11.435428790618641,4500.0,0.37923769051613648,0.17823702139199193,0.13902450450204121,0.089696868417232789,0.088433303683425807,0.071288711291575962,0.054081900197595824
Travis Benjamin,WR,SD,11.227797114805172,6600.0,0.22397381538966663,0.31268962701690883,0.1920331151366329,0.1494205600992943,0.055799255804623527,0.034799140292797862,0.031284486260075961
Brandon Coleman,WR,NO,11.194603209036025,4600.0,0.32256489547540729,0.23058743332709289,0.1400984462891873,0.10514850909710485,0.13418246173777698,0.041505139878656408,0.025913114194774337
Stefon Diggs,WR,MIN,11.073221982208137,7100.0,0.2310139046963921,0.31657437329668081,0.22249061219914146,0.090282625720082582,0.06596698856645232,0.040327835711682088,0.033343659809568688
Tyrell Williams,WR,SD,10.867408255577351,6400.0,0.29110043268391356,0.26740807429763563,0.18622437148793344,0.10420319357678437,0.076720924759650325,0.046065311125682309,0.028277692068400303
A.J. Green,WR,CIN,10.807098953819393,8100.0,0.17931658311229381,0.3836269146385502,0.24673103439218777,0.071354996443696431,0.063137466322780403,0.030132386912968035,0.025700618177523362
Corey Brown,WR,CAR,10.475844552439877,4800.0,0.40735512858992923,0.19975188195528579,0.1301023935993299,0.061607251505111163,0.13374465859330015,0.015293069983524692,0.052145615773518887
Brandon Marshall,WR,NYJ,10.417908799768353,7500.0,0.2049433063026101,0.38361012327886634,0.21554692837806855,0.094870397799471123,0.062364337929939721,0.011008437480861276,0.027656468830182825
Marquise Goodwin,WR,BUF,10.271864917138284,5300.0,0.35446951084757461,0.2514478606071493,0.16312887188733216,0.098730351779918291,0.052991925545505102,0.030997329424877571,0.04823414990764309
Keith Mumphery,WR,HOU,10.257526637026213,4500.0,0.38334924026789075,0.19785110657245428,0.19070062604972643,0.048974003391170404,0.11803695694984498,0.029259535491660289,0.031828531277252783
Adam Humphries,WR,TB,10.210298031924623,5000.0,0.39995734060796412,0.22222361953540731,0.12870108932738178,0.082180567211119063,0.08051305059831354,0.045278839007099767,0.041145493712714393
Eddie Royal,WR,CHI,10.158581797789685,5500.0,0.40061320619510216,0.26453388511871229,0.090339106947022726,0.11400357213647067,0.021260316365063391,0.033781438246048512,0.075468474991580201
Andre Johnson,WR,TEN,9.8276713965634315,5100.0,0.51134443336582946,0.13366605798088668,0.11459838836238125,0.045724139921232906,0.10720139833257285,0.021221901152054853,0.066243680885041956
Brandin Cooks,WR,NO,9.7984184328228476,8200.0,0.34106365232334368,0.30411150116789726,0.16081049612476206,0.053406712023752918,0.070290461084159012,0.042994959703533071,0.027322217572551984
Griff Whalen,WR,NE,9.484904959432928,4500.0,0.49552256027968217,0.18463325345206469,0.10830281525616713,0.064799005305219148,0.046132563638923305,0.02476591732719725,0.075843884740746131
Kenny Britt,WR,LARM,9.4634255134772065,5500.0,0.2600177684250396,0.39759152546303317,0.17200297367219425,0.098946114792526171,0.025459492996426112,0.030981664470225045,0.015000460180555621
Cameron Meredith,WR,CHI,9.3289741276851892,4500.0,0.40075362503392364,0.27029440453332726,0.12892053990611768,0.087614855082836618,0.043334470620460218,0.03170452526036769,0.037377579562967042
Charone Peake,WR,NYJ,9.2744598658988497,4500.0,0.47469659761943878,0.19497600439509477,0.11957428280382079,0.062664016723525937,0.060959593600258204,0.051603201980451117,0.035526302877410348
Chris Hogan,WR,NE,9.2196049038916108,5200.0,0.58438207842260192,0.092496087617044379,0.10098431665206048,0.053117942969642971,0.063587512808319771,0.033037346821466286,0.072394714708864175
Larry Fitzgerald,WR,ARI,9.0508226444958737,7500.0,0.30782104352372675,0.37303901431399894,0.16395722043492508,0.072003384366052817,0.053559913212614052,0.0090433261331497265,0.020576098015532691
Devin Funchess,WR,CAR,8.8025673932133905,5300.0,0.53719269183265728,0.14739022262389262,0.10596807520822329,0.049109744185942439,0.11197350890487365,0.0056090564424358799,0.042756700801974974
Bennie Fowler,WR,DEN,8.7470997262255832,4500.0,0.49924564088435747,0.18559055238991468,0.11769379556112515,0.053246928954692734,0.083821151249288836,0.039464094248212997,0.020937836712408123
Dontrelle Inman,WR,SD,8.7119015735544885,5700.0,0.50109092096371766,0.18387540165109145,0.13701142273935157,0.065884590205654972,0.046096857058911117,0.01788291949985581,0.048157887881417644
Kamar Aiken,WR,BAL,8.6790008118185202,5400.0,0.5184774195602101,0.19579346119120458,0.09584531613354251,0.059659872975102647,0.066440243927164799,0.007345657407729485,0.056438028805046087
Quincy Enunwa,WR,NYJ,8.6636378628688924,5600.0,0.33227720731002519,0.41140795124751989,0.12462227739161905,0.056438615743144016,0.025446146193186126,0.015184052802295747,0.034623749312210031
Tyreek Hill,WR,KC,8.4182831481694862,4500.0,0.48661335319581023,0.23546327899933672,0.1117013581614536,0.059790033803041785,0.031492470735956617,0.045104088813271159,0.029835416291130082
Will Fuller,WR,HOU,8.2831892232002478,6700.0,0.35455422062928615,0.44516778956600922,0.088678735781010348,0.043588059943040623,0.012113692862181431,0.0056267504572656869,0.050270750761206684
Ryan Grant,WR,WAS,8.1744123573843428,4600.0,0.68267431267094936,0.088516299075079838,0.045094582821425221,0.027889167368443785,0.05154211557141803,0.0076679025563406384,0.096615619936343336
Torrey Smith,WR,SF,8.1265094429667872,5600.0,0.44904331827315358,0.26545716526074753,0.14251104438961235,0.065435371687861996,0.047263008027814961,0.0049474086444808059,0.025342683716328532
Walter Powell,WR,BUF,8.1051954895145499,4500.0,0.5853478771152465,0.1750258153016129,0.081750945958333029,0.039069996786042623,0.040097145327079732,0.0044604052051793247,0.074247814306505802
Michael Thomas,WR,NO,8.0561252107971288,5300.0,0.45513316573399321,0.33148355369458982,0.070530227801727116,0.058597686939148554,0.022215178520905751,0.019489306368212146,0.042550880941423452
Jeremy Maclin,WR,KC,8.0548495428673021,6900.0,0.46677335322110269,0.23933006837784812,0.15591328418605974,0.05622778469188542,0.047911709123634912,0.013667747562168271,0.02017605283730086
Golden Tate,WR,DET,7.9953282113843986,6200.0,0.53245575956566471,0.19697192512933143,0.10775812048883796,0.049019105203734308,0.073073345053531302,0.011643039525539429,0.02907870503336106
Jermaine Kearse,WR,SEA,7.9720878434704225,4900.0,0.55120527455257085,0.1689950591327041,0.10075349588204864,0.076287156482865534,0.055796585683375199,0.022258718744431093,0.024703709522004656
Amari Cooper,WR,OAK,7.945011711323251,7600.0,0.50499311003160985,0.23678014141203785,0.13067950050786042,0.028295651136929844,0.04526073398872419,0.017338199018160427,0.036652663904677397
Brandon LaFell,WR,CIN,7.8842946321412306,5500.0,0.49918255268734768,0.22654831243529602,0.13531358416537284,0.054147964001502319,0.04704296605029118,0.010934896556466909,0.026829724103722839
Anquan Boldin,WR,DET,7.8694362010854366,6500.0,0.53908635340652789,0.1797091145246196,0.12195794779688238,0.065518382673793452,0.054527409420839237,0.012805136505818897,0.026395655671518636
Marc Mariani,WR,TEN,7.8689547144887104,4500.0,0.59147640732202977,0.12882767634090761,0.11640018375222769,0.04735663606388419,0.067696875831150249,0.0095126312983851713,0.038729589391415332
Tajae Sharpe,WR,TEN,7.7405347514130325,5600.0,0.59281869271465959,0.21088945866723924,0.057220962221987505,0.031257848589590194,0.024098156132895572,0.007691556005028315,0.076023325668599637
Phillip Dorsett,WR,IND,7.5609183932051005,6400.0,0.44069488967535242,0.33635653011348915,0.11652161213784168,0.03511958196706369,0.043665219695792581,0.011273188067004404,0.016368978343456044
Kenny Stills,WR,MIA,7.5272333946878636,5100.0,0.54374919088089557,0.19663398632797688,0.11950260038636847,0.066096019250046351,0.036485869020144994,0.012256142579034157,0.025276191555533692
Jaelen Strong,WR,HOU,7.487156896505704,4700.0,0.54795267116930424,0.2191499515592723,0.10672288045024786,0.036564816494001298,0.048674613463390623,0.0037567807391930661,0.037178286124590905
Terrelle Pryor,WR,CLE,7.4686789344261832,7000.0,0.34932489420346319,0.48653193394993977,0.068555264539923194,0.060058654990395866,0.012584203972446154,0.0063748474936185977,0.01657020085021314
Michael Floyd,WR,ARI,7.3042693797082219,6500.0,0.45803529291653133,0.33948736182694456,0.097753106188974384,0.047902108236042878,0.030005701217860167,0.0081170802210141398,0.01869934939263249
Jeremy Kerley,WR,SF,7.2660227250000124,5200.0,0.51698821002684081,0.26386922291549758,0.10967080387256796,0.044594345587619308,0.030348366210199484,0.0064144141877162508,0.028114637199558746
Alex Erickson,WR,CIN,7.1522830927280996,4500.0,0.64912620506962793,0.16460829721537887,0.061636281394395288,0.027591374400651833,0.025790647625979789,0.0043118120501367263,0.066935382243829555
Sterling Shepard,WR,NYG,7.0982729587910018,6900.0,0.45356532332592753,0.39068750429848798,0.067915414081016132,0.04337156583358024,0.0075047454459741909,0.0048052170563643026,0.032150229958649412
Aaron Burbridge,WR,SF,7.0899697011053604,4500.0,0.59245050244729136,0.22531721513043715,0.073682639511942455,0.02630582714081859,0.0254173262125666,0.0030983482174045916,0.053728141339539209
Tommylee Lewis,WR,NO,7.0554867991027619,4500.0,0.58816501663610898,0.22890281746203878,0.069883570733607028,0.037210489225533237,0.019338257066051086,0.0092040751652011192,0.04729577371145996
Justin Hardy,WR,ATL,6.96968108036884,4900.0,0.65337310141984883,0.13543044332031984,0.07190881753803717,0.049661746098206089,0.039158439867607385,0.012646197667699959,0.037821254088280923
Mohamed Sanu,WR,ATL,6.9650269613641607,6200.0,0.58550732009329909,0.2087716414060658,0.10083084167732677,0.038985098735017779,0.016749923517304734,0.013927704982378466,0.035227469588607389
Adam Thielen,WR,MIN,6.9289209485003118,4900.0,0.58053824224160022,0.19893341186816943,0.10325077742449665,0.041459012204706804,0.047586100554644885,0.01192211862752175,0.016310337078860145
Quinton Patton,WR,SF,6.92422853620773,4800.0,0.55753257460906325,0.23171765121208088,0.10250239869600095,0.043987123496896617,0.036415075521870774,0.0069947073048520301,0.020850469159235406
Victor Cruz,WR,NYG,6.8168264398512051,5700.0,0.50337392828665117,0.34753664261101619,0.061252300925060371,0.04276518710742247,0.0081421084913973728,0.0050559090257957552,0.031873923552656655
Jordan Norwood,WR,DEN,6.7964579383972614,4600.0,0.656807273166788,0.15188480861652504,0.067894147315951878,0.039715949727213165,0.032846076646660838,0.0063000071745717284,0.044551737352289525
Lucky Whitehead,WR,DAL,6.7894570993732257,4500.0,0.72734720012278953,0.080550314818667049,0.059357557503265219,0.018192063742913295,0.053994205367830582,0.0037055350267246336,0.056853123417809605
Mike Wallace,WR,BAL,6.7892969035748312,6700.0,0.5628208652620601,0.26137345710567178,0.075539292419841711,0.026392069948156315,0.042312573665733821,0.0054469907521858965,0.026114750846350353
Steve Smith,WR,BAL,6.7009083250007206,6100.0,0.58871953608139371,0.28156434144020276,0.036085869573723173,0.028878625252010785,0.0074139846511995077,0.0016939396385937256,0.055643703362876308
Chris Conley,WR,KC,6.6610847830514484,4800.0,0.61221997159342012,0.18025859036924172,0.097656983938455039,0.041044111199080295,0.037965791018063175,0.012603791024441766,0.018250760857297765
Sammie Coates,WR,PIT,6.6323895151245083,5400.0,0.64210524802191371,0.2078554375626602,0.044618637096147183,0.034815859272093887,0.010696872184499254,0.0048343489278593523,0.055073596934826406
Kelvin Benjamin,WR,CAR,6.6186292474565533,7700.0,0.62758894311268165,0.24010343877324816,0.040230902279315556,0.020776866150256288,0.0078971886364246485,0.0019173624330096992,0.061485298615063924
Laquon Treadwell,WR,MIN,6.5889966849434076,4600.0,0.69248208498581465,0.12900769209223284,0.065668558561530158,0.028666497918359658,0.024401200395732164,0.0097870312438452668,0.049986934802485304
Kevin White,WR,CHI,6.5522256347824754,5500.0,0.62035467094747943,0.22705939418612731,0.048505709092799623,0.047619154473648735,0.007710091627671019,0.0028032554777609369,0.045947724194512846
Malcolm Mitchell,WR,NE,6.5225435967566643,4500.0,0.74666079806055619,0.086306946107430838,0.044701461668466246,0.03221672558412858,0.01710897842045955,0.0072135510403232737,0.065791539118635278
Jaron Brown,WR,ARI,6.4820650987208444,4700.0,0.57608599741501276,0.25255652230205983,0.078229176913076862,0.045795067171527495,0.019490010685063421,0.0059520443167123162,0.02189118119654733
Ricardo Louis,WR,CLE,6.4406712250882361,4500.0,0.61046566999252272,0.23161376002900069,0.063112354930564996,0.037704076241812053,0.018929276339440464,0.0044467766593100323,0.033728085807349005
Julian Edelman,WR,NE,6.4362591506661122,7200.0,0.73616613963948185,0.11066195616392571,0.042566525902530135,0.028756657253385255,0.0088511041026985635,0.0031347174023830804,0.069862899535595518
Alshon Jeffery,WR,CHI,6.4132792371453933,8200.0,0.55808757936605091,0.30929974682267747,0.051649903341792876,0.040057481934983957,0.0048471376196339141,0.0025884555381792845,0.033469695376681763
Josh Bellamy,WR,CHI,6.4129480355723603,4500.0,0.64795047010938511,0.14393692103963882,0.10267870598756478,0.054947261742538403,0.021495883059694267,0.0039799805095664135,0.025010777551612181
Ted Ginn Jr.,WR,CAR,6.3379187812764606,5900.0,0.75603624152230942,0.10848110331523651,0.018450909710284669,0.02251869853422785,0.019446935198617753,0.0073818193688498668,0.067684292350474198
Rashad Greene,WR,JAC,6.2756696761516961,4600.0,0.7065669156467328,0.12522497006172503,0.071775204823990496,0.023431297540550948,0.022423545349372239,0.0015913008353953784,0.048986765742232992
Jakeem Grant,WR,MIA,6.2102244729131106,4500.0,0.68099620250104531,0.15924636798099401,0.066824234090524945,0.028617585974462751,0.018770841895271437,0.0052180374726375142,0.040326730085064134
Rishard Matthews,WR,TEN,6.1874188725137014,5000.0,0.7250860827701322,0.14090540671774679,0.035037448639113768,0.022658118590878098,0.013049064255657022,0.0032549039737105778,0.060008975052761655
Mike Thomas,WR,LARM,6.1482762049301396,4500.0,0.59464821873923768,0.25188606244941175,0.072939876007498419,0.034123219341477717,0.022091475454831245,0.011245730247445814,0.013065417760097271
Dwayne Harris,WR,NYG,6.1404521493072863,4500.0,0.72228093654641878,0.14408614681940907,0.027318789652380528,0.033234200365697797,0.011199111114837615,0.011571761718215371,0.050309053783040972
Aldrick Robinson,WR,ATL,6.1321123004111806,4500.0,0.73207579174307469,0.12154406195509206,0.04363264734173123,0.03200616930363849,0.012564538083200245,0.0045418013508310272,0.053634990222432295
Matthew Slater,WR,NE,6.122338203593328,4500.0,0.77810533009661498,0.05130395246010945,0.0606194883480205,0.029189369856907288,0.021047584230470453,0.0054043483208611881,0.054329926687016243
Seth Roberts,WR,OAK,5.9866904316374008,5400.0,0.70973857440326649,0.13246328996788789,0.069437008413103504,0.021159592507365738,0.025273649779095516,0.0074025660969466653,0.034525318832334256
Tyler Lockett,WR,SEA,5.8615569429473497,6200.0,0.7002220710691367,0.13396199332649045,0.0652929125011672,0.053494387331782682,0.018844090927081371,0.007530331287499201,0.020654213556842389
Tyler Boyd,WR,CIN,5.8450600163053323,5400.0,0.68425857231053377,0.19294921770501816,0.042087961304971784,0.0304088145616184,0.0095202405079761292,0.001639534156590056,0.039135659453291519
Jordan Taylor,WR,DEN,5.7813034208801728,4500.0,0.71817073787890195,0.15861714983507372,0.046480998131757538,0.016992000722831368,0.011968175244577037,0.0031188421892912963,0.044652095997567198
Tavon Austin,WR,LARM,5.7007887378461435,5800.0,0.58314770278445205,0.29174886990382842,0.071697837226200573,0.033837868927916563,0.0078698901834307108,0.0026772437577263007,0.0090205872164453998
Danny Amendola,WR,NE,5.6494155515729245,5400.0,0.741480442894213,0.085605753586767031,0.10132511295734156,0.01918451048072416,0.02192739833098814,0.0011567168851798102,0.02932006486478626
J.J. Nelson,WR,ARI,5.5590179700985169,4600.0,0.70165221939152811,0.15075813658414411,0.059915432444207765,0.041704390232215012,0.027095081713829981,0.0099764750842054398,0.0088982645498694897
Tavarres King,WR,NYG,5.532848581849561,4500.0,0.723378682886891,0.1578688448616305,0.049308062365784569,0.018734846004212467,0.012085832832997695,0.0036782495887062215,0.034945481459777425
Eric Weems,WR,ATL,5.4896165238127832,4500.0,0.78342638296482148,0.082238895233067835,0.044411462359835063,0.02612545301133664,0.022536289537349603,0.0065732614546135442,0.034688255438975787
Breshad Perriman,WR,BAL,5.3698138974238141,5000.0,0.73757529023753809,0.16993364060184701,0.026309359502433138,0.016713397992987475,0.0069782541602574077,0.001885443016021085,0.040604614488915718
Robert Woods,WR,BUF,5.3215774130876143,5400.0,0.7410072947195725,0.14425941767567249,0.046546563807679221,0.024166797255613836,0.01203412804171522,0.0010544379037086297,0.030931360596037932
Rod Streater,WR,SF,5.2791587757884697,4500.0,0.68682676967181033,0.2175293371579064,0.0400807673846824,0.023724068907862415,0.0074114061729553433,0.00097111851071763255,0.023456532194065505
John Brown,WR,ARI,5.2551210571707045,6200.0,0.68010097453410168,0.20471436464319959,0.057109365671743122,0.028254474403231068,0.017633688042132827,0.0016156150114116192,0.010571517694180365
Paul Richardson,WR,SEA,5.2177815777353871,4500.0,0.7669367589790026,0.12376210584823659,0.033863930763619536,0.031842819553648698,0.0088578747992379327,0.0031206167013002242,0.03161589335495428
Darrius Heyward-Bey,WR,PIT,5.1747835609028927,4500.0,0.78609192405855532,0.087871465892173539,0.04279094742767818,0.029694892705909543,0.028719309058762816,0.002575372326477492,0.022256088530443262
Devin Hester,WR,BAL,5.1729715712656885,4700.0,0.79293258439523617,0.10540813222935465,0.029633264831079083,0.017084917588392354,0.013863803204931132,0.002528499069879155,0.038548798681127337
Andre Holmes,WR,OAK,5.1549825151791007,4600.0,0.79462250974986837,0.091542509271984221,0.045830971020293133,0.013948354853931894,0.015865847883525595,0.0038334342034856395,0.034356373016911267
Albert Wilson,WR,KC,4.9494573316912316,4700.0,0.77535067444319516,0.10843142930014177,0.053237191860430293,0.024465601718858414,0.016950932596819311,0.0042546585001437742,0.017309511580411194
Brian Quick,WR,LARM,4.9304147343062503,4500.0,0.6806863051055515,0.22976122813558811,0.048274849531954454,0.025172632630012539,0.006254298643349066,0.0031950209998125893,0.0066556649537317146
Brandon Tate,WR,BUF,4.9140988467872413,4500.0,0.79124395326237351,0.090409318230896235,0.061426665393082586,0.020549625744454576,0.01047275226942263,0.0015451460794509888,0.024352539020319617
James Wright,WR,CIN,4.7990579563384026,4500.0,0.78401569322793629,0.13068176502897647,0.029289243891358268,0.019713449488631359,0.0091218088723367431,0.0011556681261335883,0.026022371364627449
Deonte Thompson,WR,CHI,4.6946333052199076,4500.0,0.79835803789886084,0.11260476026626091,0.029216668236483237,0.029835734543965188,0.0056225297622012199,0.0016423391836205292,0.022719930108607879
Andre Roberts,WR,DET,4.6009990596372665,4500.0,0.81329585290298323,0.10779496690710662,0.025440351735851952,0.018948456963419343,0.0067336098372165875,0.0019130796251499876,0.025873682028272088
Leonte Carroo,WR,MIA,4.5159426315174933,4500.0,0.8082508694527204,0.10853929674530716,0.03463021880249112,0.02019327559252284,0.006761228369893112,0.0018661133632378571,0.01975899767382755
Andrew Hawkins,WR,CLE,4.4752585569435768,4500.0,0.77880306576778768,0.15528954579665802,0.021172657425759304,0.023919339555649167,0.0033309041339376574,0.00087596802900744735,0.016608519291200542
Vincent Jackson,WR,TB,4.4274161322202099,5100.0,0.80105223631622147,0.12852532542888678,0.024263031171625708,0.022102855671506005,0.0043575034046887604,0.0022337026715550322,0.01746534533551624
Quan Bray,WR,IND,4.373392286998647,4500.0,0.78158503137167712,0.16105573713584184,0.022249744277042974,0.013030173200453519,0.0049595508798094962,0.00072263452629040036,0.016397128608884787
Rashard Higgins,WR,CLE,4.1772744596595315,4500.0,0.81524376328927173,0.12844902492618643,0.019216284081414504,0.017978692028884039,0.0033909077702145864,0.00074335980053740727,0.014977968103491284
Cody Latimer,WR,DEN,4.039312774251119,4500.0,0.83164784936814184,0.10692417255203977,0.03382793511928725,0.008077051549402442,0.0069504495993684308,0.00031464184167516798,0.012257899970085027
Charles Johnson,WR,MIN,3.9947733410472761,4700.0,0.84398562188969095,0.10191992024444109,0.021632752767228862,0.013220999739648576,0.0036916360294946262,0.0011528343653928507,0.014396234964102788
Cordarrelle Patterson,WR,MIN,3.9698404526737749,4700.0,0.84920483184913087,0.084662636598792848,0.032537316242712923,0.01176535069421249,0.012393773389790745,0.0013166114374044487,0.0081194797879559147
Bradley Marquez,WR,LARM,3.6934767475504344,4500.0,0.84341569545399597,0.11509669655254651,0.023016613554105621,0.010091821052508965,0.0023927337556284125,0.00079521995573700809,0.0051912196754774738
Odell Beckham Jr.,WR,NYG,2.6866105944615604,8700.0,0.97039376776683262,0.024650536612374822,0.0040795086390168342,0.00025848317968683355,0.00011095917836341963,3.7420321853090927e-07,0.00050637042050716361
