name,pos,team,expectation,salary,prob_0_5,prob_5_10,prob_10_15,prob_15_20,prob_20_25,prob_25_30,prob_30+,label
Taylor Gabriel,WR,ATL,20.786871232080046,0.0,0.058155826437504353,0.083742974237662998,0.17439768076970419,0.10721756526113577,0.19873736967663957,0.2314213715758823,0.14632721204147084,5.0
Chris Moore,WR,BAL,18.865478316891558,0.0,0.13309475899366402,0.14404729463719579,0.12446979923082468,0.11782712164269316,0.14807530869086263,0.15122065909533447,0.18126505770942528,6.0
Willie Snead,WR,NO,18.742547200733387,7500.0,0.082584632733537305,0.14981626256667091,0.16180260983959119,0.06625472395128483,0.17162189044506368,0.33442866583221537,0.033491214631636672,5.0
Tanner McEvoy,WR,SEA,18.667413533366592,0.0,0.11414169036361617,0.13118164368024918,0.14414114074479478,0.15066354698461726,0.15679188021689661,0.15677334492121833,0.14630675308860769,4.0
Terrance Williams,WR,DAL,18.051879258635875,4600.0,0.048228219666133589,0.13179228623896419,0.18592716501743428,0.11922590563105939,0.39107001885059373,0.079763457810004421,0.043992946785810276,4.0
Arrelious Benn,WR,JAC,17.959736695655607,0.0,0.1353342845846949,0.13302149877517916,0.15696220412298315,0.15204025739549767,0.13032277540510462,0.15498920656963178,0.13732977314690858,2.0
Chester Rogers,WR,IND,17.514159815106588,0.0,0.151179866682181,0.14803249352137521,0.1428884670694035,0.14090301058485688,0.14234633994748716,0.13886380029927312,0.13578602189542313,0.0
Kendall Wright,WR,TEN,17.315033081189775,4800.0,0.19472082262025175,0.12739190493439789,0.11421818364088257,0.10885521786226934,0.14596029112221912,0.20718449525583907,0.10166908456414032,5.0
Jamison Crowder,WR,WAS,16.832709302367061,6000.0,0.1103820427777857,0.17798801616733442,0.15746588689861321,0.11531603144566463,0.28246234947774956,0.079121531835120648,0.077264141397731675,4.0
Cole Beasley,WR,DAL,16.359429754626145,5200.0,0.10675245275140004,0.18655732663603861,0.20628145017447544,0.098256235056430025,0.24715070929771901,0.078745125310344388,0.076256700773592589,4.0
Robby Anderson,WR,NYJ,16.339710592832983,0,0.14405068019995343,0.20219720782237258,0.14181506419411408,0.14412844464674987,0.13805647083955402,0.1305901965830901,0.099161935714166094,1.0
DeVante Parker,WR,MIA,15.645538929331963,6300.0,0.098739033033623441,0.15874891088795182,0.32554850748102393,0.072870618682257887,0.2152130973952362,0.065280864660479582,0.063598967859427161,2.0
Jarvis Landry,WR,MIA,15.344127269686631,7200.0,0.050119993209245567,0.21897021637728414,0.29152728055826965,0.17200648808668736,0.13549424372533123,0.09895154666571232,0.032930231377469886,2.0
Rashad Ross,WR,WAS,15.271584638227388,4500.0,0.22119876785342271,0.13565046958319787,0.18653367549456623,0.06177731714533629,0.2586534649500436,0.03970512432690175,0.09648118064653155,4.0
Doug Baldwin,WR,SEA,14.70728275527815,7400.0,0.073431093774117911,0.28765209765490357,0.21621254677950666,0.13944659396702469,0.15208937671047285,0.10527454742805682,0.025893743685917483,1.0
Pierre Garcon,WR,WAS,14.209566219367455,6000.0,0.2448557268868749,0.20807382724292831,0.13864056545618866,0.087139006388803869,0.16556951474355935,0.052883751835436282,0.10283760744620841,0.0
Julio Jones,WR,ATL,14.18855767784431,8500.0,0.12292271652229422,0.23242363898631638,0.25725898116453266,0.13687689765737174,0.14088521075841237,0.064008805782837214,0.04562374912823533,2.0
Antonio Brown,WR,PIT,14.068450618342874,9400.0,0.093883312750149064,0.26425834488692912,0.22943949138313099,0.13430664167152104,0.23219299463755583,0.026409335272695022,0.019509879398018796,1.0
Marvin Jones,WR,DET,13.826764378302608,7600.0,0.052944195011659825,0.3529763213961859,0.24427498972719219,0.14447018660510944,0.074878572517805109,0.10470703393327076,0.025748700808776698,1.0
DeSean Jackson,WR,WAS,13.098428474214199,6900.0,0.27064431720778676,0.23625613672938683,0.14379807210771897,0.064487963032093323,0.15010822244505195,0.049098493390150509,0.085606795087811549,0.0
Mike Evans,WR,TB,13.088844050305299,8000.0,0.16212827132729341,0.27104507225879748,0.21648660193071806,0.10311664201742859,0.17022229487999752,0.051330557292613904,0.025670560293150943,1.0
Allen Robinson,WR,JAC,12.850265615802863,8300.0,0.13100645789974627,0.28992480209278376,0.27991972820561001,0.11266205457423889,0.11533865752660527,0.027677251486114506,0.043471048214901331,1.0
Marqise Lee,WR,JAC,12.717663297260756,4500.0,0.23760597497216746,0.24126075239392195,0.20940000392886043,0.10855778567734246,0.088645832835395746,0.027485010282086973,0.087044639910225111,1.0
Allen Hurns,WR,JAC,12.680743779685699,6100.0,0.20282435947909253,0.27750173919320276,0.23026689836064895,0.092888052574201102,0.084879203053943433,0.030484071745773871,0.081155675593137341,1.0
Bryan Walters,WR,JAC,12.251872194760177,4500.0,0.3403015180267609,0.16633985663693387,0.15785502574554522,0.091262733183084158,0.11377442955379896,0.072395484327091433,0.058070952526785437,0.0
Emmanuel Sanders,WR,DEN,12.239938413864097,6900.0,0.19607799677532251,0.29906285837351609,0.19815027310302086,0.10296877433558274,0.12908550652107756,0.038585941128278768,0.036068649763201434,1.0
T.Y. Hilton,WR,IND,12.004533106143723,7600.0,0.11806806068562396,0.40453646012147981,0.20799156382934897,0.082475875685521352,0.13382070715117322,0.031680722424821672,0.021426610102031025,1.0
Brandon Coleman,WR,NO,11.893530666635874,4600.0,0.28060231383978784,0.23963687919246393,0.15606825721283749,0.10579253408389389,0.13362365938362183,0.048490543963466998,0.03578581232392803,0.0
Demaryius Thomas,WR,DEN,11.887722733559471,7900.0,0.20041942004996527,0.30024620508758992,0.21111528054166517,0.10752246503533466,0.11798322551368808,0.031379760757468136,0.031333643014288801,1.0
Brice Butler,WR,DAL,11.628817070410184,4500.0,0.39711703516321212,0.15164355745927538,0.1448828974395745,0.054784910361913665,0.14826303983029449,0.02970564467370098,0.073602915072029013,0.0
Michael Crabtree,WR,OAK,11.521596674506965,6500.0,0.26622494917473588,0.2786503989058649,0.19787050638085465,0.061774026649790599,0.1061185623855377,0.040479015685739403,0.048882540817476762,1.0
Stefon Diggs,WR,MIN,11.287194627276852,7100.0,0.24701297621585425,0.28808894728691975,0.2141713733692896,0.093364164160026131,0.080865368201733082,0.03985222922486064,0.036644941541316589,1.0
Adam Humphries,WR,TB,11.266769405572665,5000.0,0.3492017239837546,0.21658374497034788,0.14671029910522337,0.085962790801460992,0.10077550204078468,0.048412964515712344,0.052352974582716164,0.0
Tyrell Williams,WR,SD,11.165799203330812,6400.0,0.28935631015982399,0.25223512708913648,0.19039705695414763,0.097499046841509479,0.093795726114525371,0.044138805852981175,0.0325779269878761,0.0
DeAndre Hopkins,WR,HOU,11.079725149917659,8600.0,0.18352582224615588,0.35313224404705057,0.25921078089060451,0.072292829262034314,0.08125077735752953,0.017539615559341918,0.033047930637283313,1.0
Markus Wheaton,WR,PIT,11.04427509545706,5800.0,0.36896953058862259,0.15925060747923603,0.20051379801910457,0.057318247454754528,0.15378521661509165,0.01971712815426822,0.040445471688922353,0.0
Travis Benjamin,WR,SD,10.952255119928491,6600.0,0.27199121868690113,0.28078942207817403,0.1866376053050218,0.12407057075393164,0.068781888092403154,0.034128860918080102,0.033600434165488004,1.0
Chris Hogan,WR,NE,10.767740381790322,5200.0,0.48389307684173505,0.11838513964446061,0.11692001556983643,0.066623748085327075,0.090289817986143717,0.043320615198571895,0.080567586673925426,0.0
A.J. Green,WR,CIN,10.718156537012145,8100.0,0.22108044220502282,0.36052678123161519,0.21321068444183119,0.071229691419926022,0.070110819573954042,0.034946315065446973,0.028895266062203533,1.0
Marquise Goodwin,WR,BUF,10.565733567814394,5300.0,0.36486482422119554,0.19719531813280169,0.1841004808272135,0.10103071207958103,0.087300292495456636,0.020231528019536614,0.045276844224214984,0.0
Corey Brown,WR,CAR,10.38595458675092,4800.0,0.40522464852924966,0.2094243116154503,0.13100080345224555,0.066460264595588181,0.11197882547986233,0.023302365336931145,0.052608780990672822,0.0
Charone Peake,WR,NYJ,10.194711867758807,4500.0,0.44142723338343121,0.17318467625172279,0.13329097959957648,0.069932290151505844,0.084907988026070635,0.054948330851946434,0.042308501735746712,0.0
Eddie Royal,WR,CHI,10.08711614577296,5500.0,0.40484673564963031,0.24142474308171424,0.09225661926614305,0.1363437648057266,0.034206020861415311,0.030242591001438293,0.060679525333932179,0.0
Brandon Marshall,WR,NYJ,9.9871788572848477,7500.0,0.2693193937932134,0.34588856687384856,0.19638942883818925,0.083377755837404699,0.061184674644890635,0.014043192843987517,0.029796987168465929,1.0
Brandin Cooks,WR,NO,9.9336262437468719,8200.0,0.33850006564832941,0.29308870497198125,0.16726682606938162,0.055542697778995495,0.076403618725191802,0.04195149389260517,0.027246592913515454,0.0
Griff Whalen,WR,NE,9.8396991266719063,4500.0,0.49033686723401149,0.14630227776078775,0.12485004210874065,0.071991600923853524,0.078954255786626584,0.019351051847216551,0.068213904338763495,0.0
Kenny Britt,WR,LARM,9.7186527356017383,5500.0,0.29496684309844651,0.3370753452745629,0.17610282499139621,0.099757286626712224,0.036577139977286323,0.034676338754442308,0.020844221277153643,1.0
Andre Johnson,WR,TEN,9.5292995726734073,5100.0,0.52507812945607768,0.13665526649536089,0.10509108038221973,0.048742845159964236,0.099875834547627801,0.024219248084930371,0.060337595873819323,0.0
Cameron Meredith,WR,CHI,9.4641257137030159,4500.0,0.43393945672520151,0.20409381701383114,0.14322308692439306,0.091093086244170896,0.066296306994876181,0.023321289645305061,0.038032956452222037,0.0
Keith Mumphery,WR,HOU,9.1692454695962375,4500.0,0.48038498391276119,0.15790520338313602,0.17666253095427506,0.03513443050880765,0.093913387991158295,0.014956350658397843,0.041043112591463982,0.0
Michael Thomas,WR,NO,8.9630590282775486,5300.0,0.41542920187369031,0.29416991074064325,0.087643175861551681,0.099151081615347275,0.040165423625425703,0.031551491331801775,0.031889714951539916,0.0
Dontrelle Inman,WR,SD,8.908885764597672,5700.0,0.49300480584704737,0.18795362417810932,0.13601995950295423,0.058326644303574614,0.05147024729495861,0.023358656687903011,0.049866062185452788,0.0
Tyreek Hill,WR,KC,8.7691616599669153,4500.0,0.48428350086457822,0.19360585264650576,0.13593221061027003,0.069575726206184046,0.053771717989900485,0.029235625592311479,0.033595366090250135,0.0
Quincy Enunwa,WR,NYJ,8.7448429115015731,5600.0,0.38036155505899955,0.33831705871445816,0.1292843773545527,0.063414757109779743,0.034694959041473662,0.018312494202179373,0.035614798518556923,0.0
Larry Fitzgerald,WR,ARI,8.7273196824113661,7500.0,0.35547724734854536,0.3391015723423817,0.15535712049660208,0.068443088097058666,0.048937526387533833,0.011915760883888807,0.020767684443989576,0.0
Jermaine Kearse,WR,SEA,8.5364458259784222,4900.0,0.51539065384138327,0.18452012270617341,0.10948819361563233,0.070352678694485415,0.058459714043645541,0.028486918760808798,0.033301718337871329,0.0
Ryan Grant,WR,WAS,8.5112426198342881,4600.0,0.63590025868437217,0.10946220203695511,0.059302305519712585,0.035090004761488776,0.060716803253635696,0.013926855828975869,0.085601569914859815,0.0
Bennie Fowler,WR,DEN,8.4273375644961899,4500.0,0.5408644989494571,0.15123386060722496,0.13021162963424546,0.041242004009096445,0.082823133522734599,0.019846552931183252,0.033778320346058197,0.0
Devin Funchess,WR,CAR,8.4242472346229995,5300.0,0.55036499451238485,0.15478352081696276,0.1029263021159202,0.053447703603894198,0.088725755706445225,0.0096126752334796256,0.040139048010913128,0.0
Kamar Aiken,WR,BAL,8.4179180463369487,5400.0,0.54134485534120058,0.18450766978559083,0.094011100739317913,0.054566296357388459,0.060773257783548647,0.011278341438264028,0.05351847855468967,0.0
Brandon LaFell,WR,CIN,8.3885643770417353,5500.0,0.48442148949599512,0.22380073743226045,0.12840740884063126,0.057822775877615258,0.054375888949393165,0.017660406174849645,0.033511293229254994,0.0
Marc Mariani,WR,TEN,8.3540179279836693,4500.0,0.57009503886657886,0.13668817928599555,0.10792253684194122,0.051107583375746016,0.073739389434585925,0.015278163004810845,0.045169109190341519,0.0
Jeremy Maclin,WR,KC,8.2620450128002503,6900.0,0.46129767148111583,0.24006037272810327,0.15173747808176216,0.055114263618391356,0.05115368989634568,0.016814189356643722,0.023822334837638025,0.0
Amari Cooper,WR,OAK,8.1453023000535723,7600.0,0.49137765483076817,0.23943919720281848,0.13037276953814189,0.033729109400682127,0.050851479517836938,0.01880743623678216,0.035422353272970296,0.0
Laquon Treadwell,WR,MIN,8.0276168296035539,4600.0,0.62281940042684902,0.12784522529137471,0.083443924670302969,0.031914387827586772,0.046442437783037666,0.026465119554465566,0.061069504446383288,0.0
Phillip Dorsett,WR,IND,8.0099895466084359,6400.0,0.46455691281890243,0.27252905655959819,0.12344066172620527,0.04294614036515404,0.060262575164593893,0.015347626213473353,0.020917027152072935,0.0
Torrey Smith,WR,SF,7.9182203211127407,5600.0,0.48481078511851217,0.24323926241771437,0.13055685369049108,0.060259615726433007,0.046626568433213306,0.0081926476512904512,0.026314266962345716,0.0
Walter Powell,WR,BUF,7.911251146306455,4500.0,0.61098303011190946,0.13933068347991687,0.088305247334537026,0.036783799322633752,0.05706502819680824,0.0075078898300661497,0.060024321724128478,0.0
Anquan Boldin,WR,DET,7.9100710503565406,6500.0,0.54601917771079278,0.1732977625602185,0.11793493812156604,0.062953534612876408,0.056780805861397055,0.015151222254486401,0.027862558878662749,0.0
Adam Thielen,WR,MIN,7.8190435389766417,4900.0,0.53797463157575076,0.19398877514401097,0.1157074488935893,0.050840536700159075,0.059140085627753552,0.017294874086092833,0.025053647972643575,0.0
Golden Tate,WR,DET,7.7591041215201573,6200.0,0.55592143032423269,0.18751303232461472,0.10097662686025087,0.048720911914210185,0.062211979096533684,0.01528016032725091,0.029375859152906969,0.0
Terrelle Pryor,WR,CLE,7.7166789213083282,7000.0,0.38841715677556438,0.39335122735338662,0.08814179379698904,0.08636679676022864,0.020692140263412567,0.011912489898505012,0.011118395151913808,1.0
Will Fuller,WR,HOU,7.6547284833298734,6700.0,0.43935449170010832,0.34410276265012069,0.090057153862045172,0.071382426159255274,0.019959102487312835,0.010460981701852924,0.024683081439304866,0.0
Justin Hardy,WR,ATL,7.6430032647432435,4900.0,0.60857793034648322,0.1470124234985479,0.082477998898123017,0.053647068329199063,0.048712047083234788,0.017585745770240181,0.04198678607417191,0.0
Kenny Stills,WR,MIA,7.5383253732385009,5100.0,0.56068904984843204,0.18453505453205465,0.10873274269027804,0.06194408038446126,0.040872244825369358,0.01642071059726876,0.026806117122136083,0.0
Mohamed Sanu,WR,ATL,7.5345941248862749,6200.0,0.55082958873256394,0.21308572489716945,0.10714333925725024,0.046242688437463798,0.026915736224037454,0.019622389718535832,0.036160532732979214,0.0
Michael Floyd,WR,ARI,7.5122814114356844,6500.0,0.46117392389775652,0.31733061229585136,0.10342638058894257,0.054733224654886253,0.031678718816978729,0.012275365843648342,0.019381773901936142,0.0
Malcolm Mitchell,WR,NE,7.506752132058212,4500.0,0.66085346217855301,0.10629049100951,0.059648036832473959,0.066039497089266277,0.036824296484757275,0.017926148069998753,0.052418068335440444,0.0
Chris Conley,WR,KC,7.4657942049270698,4800.0,0.56192560212535214,0.19214325790588643,0.1087126074447808,0.047523785123288857,0.04597357022787444,0.018041946476474252,0.025679230696343116,0.0
Tommylee Lewis,WR,NO,7.4402390177297901,4500.0,0.59704810795573904,0.18065267709587229,0.086601683107092278,0.038652073828240145,0.036843322136426611,0.013634421995078408,0.04656771388155112,0.0
Tajae Sharpe,WR,TEN,7.3846324932974881,5600.0,0.60483668477438168,0.1847119399377265,0.059775091860881209,0.052950100944272535,0.039424177544697694,0.015230446739241711,0.043071558198798716,0.0
Jeremy Kerley,WR,SF,7.2226568955923307,5200.0,0.54570128915510352,0.23304209517546293,0.1046435632398489,0.044777197528451045,0.033823818172066165,0.0096686310328335072,0.028343405696233854,0.0
Quinton Patton,WR,SF,7.2187941803474258,4800.0,0.55259504254011194,0.2205232384947661,0.1037489018222373,0.047708016431391623,0.040172579747594438,0.011477340413099252,0.023774880550799366,0.0
Sammie Coates,WR,PIT,7.2147050156423624,5400.0,0.58262106829758009,0.21137805941835561,0.059440704326088736,0.075172487257514672,0.02327922885680633,0.01243851941705615,0.035669932426598376,0.0
Jaron Brown,WR,ARI,7.0428997904543635,4700.0,0.54572283981634973,0.24895254049731616,0.08933942384009258,0.055774912147088365,0.024844219561266128,0.010421641112816493,0.024944423025070665,0.0
Alex Erickson,WR,CIN,7.0238910648455608,4500.0,0.67540089309123663,0.12459056829093101,0.066970145912698467,0.029090384439519498,0.042074853536330524,0.0076658135676280059,0.054207341161655917,0.0
Matthew Slater,WR,NE,7.0185819635456097,4500.0,0.71957304898922381,0.068990545845571738,0.06934849722546596,0.036845371711909179,0.033029849284090564,0.010672749995849154,0.061539936947889652,0.0
Sterling Shepard,WR,NYG,7.0055756512093854,6900.0,0.51301168135501618,0.29377658358013342,0.076409277986508192,0.071415378172398042,0.01621703536403131,0.0094663788713504875,0.019703664670562369,0.0
Jaelen Strong,WR,HOU,6.996929676865502,4700.0,0.5947253590670748,0.19443142685108228,0.095549284052092717,0.036112034403095156,0.039813166959235938,0.0064197113110800548,0.03294901735633899,0.0
Victor Cruz,WR,NYG,6.9229707376712195,5700.0,0.53833680092903602,0.2719839727973401,0.069633398618909589,0.071336297992539835,0.016595598269069877,0.010525642406662978,0.021588288986441644,0.0
Mike Wallace,WR,BAL,6.9150335491097881,6700.0,0.58649665165306486,0.21553693208815058,0.082508995092443305,0.031338598024868734,0.050340631423395156,0.0083231855911790071,0.025455006126898244,0.0
Jordan Norwood,WR,DEN,6.8733875901281491,4600.0,0.65030085718950881,0.14952191734384368,0.071101752487373035,0.044472816597076824,0.033949422571202238,0.01034004276031282,0.040313191050682554,0.0
Josh Bellamy,WR,CHI,6.8265953149621836,4500.0,0.6280124482039896,0.1483710426821867,0.10232405810202932,0.055767271277736459,0.027715133875210959,0.0077518288735785382,0.030058216985268522,0.0
Seth Roberts,WR,OAK,6.78481317112543,5400.0,0.64993291280930199,0.15382896294423534,0.082400422626486461,0.028446186633183088,0.033947101339180635,0.011455218625249996,0.039989195022362471,0.0
Lucky Whitehead,WR,DAL,6.7410848423929091,4500.0,0.71417568085294969,0.09345110076905376,0.06325242626374647,0.021264941377621551,0.050568665302112556,0.0067834503224224211,0.050503735112093578,0.0
Kevin White,WR,CHI,6.6292331007408274,5500.0,0.60988556228400737,0.20555454489282265,0.054914177076129778,0.081369328770728125,0.014599079822823555,0.0072953873320472165,0.026381919821441301,0.0
Aldrick Robinson,WR,ATL,6.6099125602352107,4500.0,0.68070554639284964,0.1330785634803916,0.055312643132434669,0.056161679416062309,0.024042929937356808,0.010612826907809928,0.040085810733094966,0.0
Tyler Lockett,WR,SEA,6.4928849537058007,6200.0,0.65235993239676437,0.15330016031227159,0.077389810059983744,0.053118206510746009,0.02634175384811846,0.011940209523029523,0.025549927349086395,0.0
Julian Edelman,WR,NE,6.4691613689390284,7200.0,0.68932029572110154,0.12524191089098635,0.052661843323972495,0.066387467522577501,0.021319481996946318,0.0094147718968973417,0.035654228647518479,0.0
Alshon Jeffery,WR,CHI,6.4259219232347977,8200.0,0.57197764500328119,0.25970660278142221,0.058720198688157456,0.076202001202956032,0.011174790466801386,0.0064598220398886441,0.01575893981749316,0.0
Aaron Burbridge,WR,SF,6.3559360316297688,4500.0,0.67795608542863461,0.15209687787276371,0.069954536416428126,0.02337149057354395,0.032545816264918662,0.0050701590293959278,0.039005034414315014,0.0
Dwayne Harris,WR,NYG,6.2953277762606472,4500.0,0.71380040459481542,0.13386475756479718,0.032555956736586115,0.045245239037933496,0.017093891723606997,0.011587184679175156,0.045852565663085529,0.0
Steve Smith,WR,BAL,6.2692706195729349,6100.0,0.6209875321126499,0.23174425728112311,0.043347209262969907,0.05594703451722631,0.014675710798469929,0.0050447752114536814,0.028253480816107228,0.0
Mike Thomas,WR,LARM,6.2156039991066994,4500.0,0.65273277474810665,0.16367840124497199,0.082582079234265027,0.04049168772138672,0.034712194989468786,0.0091761376106014123,0.016626724451199299,0.0
J.J. Nelson,WR,ARI,6.16704073448666,4600.0,0.65215910062156912,0.16469384088244121,0.074470991691049898,0.057710098564976074,0.028400241249285148,0.0090907756657918146,0.013474951324886643,0.0
Danny Amendola,WR,NE,6.1219724564299582,5400.0,0.69800268738154125,0.1002489396388746,0.10770257294996953,0.031693525841972631,0.0333957676583218,0.0054270232350718999,0.023529483294248213,0.0
Darrius Heyward-Bey,WR,PIT,6.1194021962323104,4500.0,0.71789806433800196,0.1102927690348436,0.056342219628064946,0.041101321747212413,0.038518331519756227,0.0063209797493063999,0.029526313982814523,0.0
Eric Weems,WR,ATL,6.1020814950388518,4500.0,0.74069616575819497,0.09604203614076158,0.053977538252182065,0.029891907439079161,0.029524029269295576,0.010331168963291969,0.039537154177194639,0.0
Rashad Greene,WR,JAC,6.091789990123341,4600.0,0.71225139751098743,0.12379634593608667,0.06934985153425631,0.027566913697442897,0.022850898663465895,0.0036281593343790277,0.040556433323381803,0.0
Ricardo Louis,WR,CLE,6.0772666391147769,4500.0,0.66465057072553513,0.17249347383146754,0.073534730381402513,0.032589575088664745,0.024143376180544452,0.0068504109399973746,0.025737862852388306,0.0
Rishard Matthews,WR,TEN,6.0552052332649309,5000.0,0.71376574514797342,0.13631246337478892,0.039629802160839098,0.043240671995085606,0.023211766698620073,0.0080381219138152687,0.035801428708877786,0.0
Ted Ginn Jr.,WR,CAR,6.035649868520685,5900.0,0.75850917221796155,0.10617102904547544,0.02225603449845296,0.031279135691435853,0.023683945659206541,0.0065205018786122608,0.051580181008855461,0.0
Tyler Boyd,WR,CIN,6.0221669101467601,5400.0,0.6727502747389037,0.17235017632693922,0.048334502462001723,0.058140173382224984,0.018557441893931641,0.0049162598119885945,0.024951171384009978,0.0
Andre Holmes,WR,OAK,5.8313246734127393,4600.0,0.74243343859802224,0.11189421854589325,0.056774551780847102,0.020291173560500329,0.022176633962881023,0.0070355580300864766,0.039394425521769694,0.0
Robert Woods,WR,BUF,5.7831531080702714,5400.0,0.6986642466562839,0.14998864711303633,0.05574975920979678,0.047587571982191601,0.021705946618083206,0.0036126207142906106,0.022691207706317496,0.0
Jakeem Grant,WR,MIA,5.6819463700610831,4500.0,0.74465506086458666,0.10767743484819192,0.060486034929340064,0.023794361643857037,0.025867486115502488,0.0073272003190852225,0.030192421279436513,0.0
Tavon Austin,WR,LARM,5.6785012801458121,5800.0,0.62762419897676314,0.23594976707026444,0.0731927346819852,0.034927535856608877,0.011239278989094754,0.0048712351304147587,0.012195249294868944,0.0
Kelvin Benjamin,WR,CAR,5.6558721286419518,7700.0,0.68138347147495348,0.19236793989772852,0.043811841998582943,0.040882660157547053,0.013868230492525842,0.0045974429803674133,0.023088412998294526,0.0
Albert Wilson,WR,KC,5.6256379603893425,4700.0,0.72578287740308145,0.12648218983883225,0.063392786573882393,0.03095908971063464,0.022611072171424034,0.0076530844601813653,0.023118899841963771,0.0
Paul Richardson,WR,SEA,5.6202163306052659,4500.0,0.73194648692653153,0.12628643567892847,0.042726712600910766,0.051399020145773661,0.015915568429542143,0.0078489828894824018,0.023876793328831022,0.0
Brandon Tate,WR,BUF,5.5844641999293856,4500.0,0.74260391642368417,0.10980652238690713,0.069389306413544516,0.026696343817638028,0.016328645621499237,0.0038234225705026195,0.031351842766224131,0.0
Jordan Taylor,WR,DEN,5.5294658657317131,4500.0,0.75433991392085198,0.11614976568138981,0.051320738417037097,0.018696259289904323,0.019141723615090877,0.0052260904609447174,0.035125508614781302,0.0
John Brown,WR,ARI,5.5201980030682192,6200.0,0.666073073970742,0.20236803801022576,0.06380615705682037,0.032328232899399352,0.019190752992149774,0.003471870090884488,0.012761874979778123,0.0
Breshad Perriman,WR,BAL,5.3897220269531614,5000.0,0.73434554051947776,0.15213574574500083,0.034836576575566311,0.032068938186224118,0.014099259358376793,0.0052059686649883778,0.027307970950365749,0.0
Tavarres King,WR,NYG,5.3691730467778571,4500.0,0.76345673774180212,0.10959191799747857,0.052785518325923445,0.018740049132101946,0.019780580347217074,0.0055763940263508704,0.030068802429125765,0.0
Deonte Thompson,WR,CHI,5.2751809921129391,4500.0,0.751161846860115,0.12099769933449736,0.039085710817321644,0.052572101666713347,0.011813228881559184,0.0050022159543919266,0.019367196485401677,0.0
Rod Streater,WR,SF,5.2730893840712518,4500.0,0.70475963441086331,0.18235725382802209,0.043529378831332122,0.037432379522199417,0.012090882442164955,0.0029045761912753622,0.016925894774142934,0.0
Brian Quick,WR,LARM,5.2126522318473212,4500.0,0.68942536145504596,0.19589638944347701,0.056594893379846758,0.031257041498199072,0.010342392295304493,0.0058946106948966131,0.010589311233230085,0.0
Devin Hester,WR,BAL,5.210571415492522,4700.0,0.79230991339878509,0.097629720186108382,0.034407002738509211,0.018892766387267897,0.017238622188508624,0.0045700457571974072,0.034951929343623456,0.0
James Wright,WR,CIN,5.1958983156093517,4500.0,0.75726561795767178,0.12589724271796021,0.036446749092932725,0.038032579668334038,0.01732017342468167,0.0038227679236076915,0.021214869214811916,0.0
Vincent Jackson,WR,TB,5.1718982636966011,5100.0,0.74700967481105074,0.13409103590680621,0.036251628619874653,0.048985956920410585,0.011252859291117466,0.0065609581751656315,0.01584788627557461,0.0
Andre Roberts,WR,DET,4.8582129532783389,4500.0,0.79255630002840538,0.10514595980596765,0.031258875638423368,0.034293427686084059,0.012159891954141759,0.0048980087115474422,0.01968753617543029,0.0
Andrew Hawkins,WR,CLE,4.7188382069765389,4500.0,0.75644520646673186,0.15317029879865077,0.029079879496107019,0.04227211721164835,0.0055466955199833098,0.0028155109367633694,0.01067029157011508,0.0
Quan Bray,WR,IND,4.6931216191659173,4500.0,0.77364840041665806,0.14097655346774046,0.029721005954515829,0.026126796159983253,0.011272251688043954,0.0026140578737298102,0.015640934439328694,0.0
Leonte Carroo,WR,MIA,4.6300258595454125,4500.0,0.80329566776611161,0.099219429863124223,0.035890027222813058,0.031641766794797861,0.011077707146835744,0.004613699474977989,0.014261701731339336,0.0
Cordarrelle Patterson,WR,MIN,4.488332764366227,4700.0,0.81645860451222863,0.090904641579970594,0.041779108937115304,0.016756791246389853,0.017719910828068858,0.002948301638582423,0.013432641257644175,0.0
Charles Johnson,WR,MIN,4.4555816822148273,4700.0,0.81165167313691255,0.10378174748922188,0.030341612161150076,0.028447450666198353,0.0084630637433150656,0.0033914570408171427,0.013922995762384958,0.0
Rashard Higgins,WR,CLE,4.2937680380099792,4500.0,0.80569432226771531,0.1217332944347316,0.026250532198897131,0.028473328995333648,0.0054533213433216737,0.0021885523532143331,0.010206648406786239,0.0
Cody Latimer,WR,DEN,4.1091507095695023,4500.0,0.83060161917149677,0.097857312608637628,0.038247279669031402,0.012545949944628838,0.0091602517233943265,0.0014132676656901837,0.010174319217120812,0.0
Bradley Marquez,WR,LARM,3.8257345231550195,4500.0,0.84839717727224906,0.098342835355770652,0.027276384158849865,0.0124960647700592,0.0041283662714272345,0.0017233183693596025,0.0076358538022844461,0.0
Odell Beckham Jr.,WR,NYG,2.6554161086691095,8700.0,0.97638256796411971,0.018448377116801151,0.0041840020969405962,0.00046714564024186248,0.00019669079690469267,6.1774584349364419e-06,0.00031503892655700621,0.0
