name,pos,team,expectation,salary,prob_0_5,prob_5_10,prob_10_15,prob_15_20,prob_20_25,prob_25_30,prob_30+,label
Keith Smith,RB,DAL,19.233269190809828,0.0,0.10628047774879114,0.093270364942117628,0.10144212738694637,0.1735159111839141,0.23513096583211293,0.1986089148826696,0.091751238023448214,4.0
Isaiah Crowell,RB,CLE,19.185267702632782,6600.0,0.045371424991445357,0.12139617534866912,0.26022412530188699,0.17689138329953397,0.11282655095703999,0.085438966541272754,0.19785137356015187,2.0
LeSean McCoy,RB,BUF,18.542720698441009,7600.0,0.062832926221708621,0.14219084684310573,0.1581572427531,0.18971556446488652,0.25315702898934916,0.0615916944961237,0.1323546962317263,4.0
DeAngelo Williams,RB,PIT,18.524225149508673,5900.0,0.023097706327007306,0.15159030214250305,0.17525849952278547,0.21660261558171651,0.20287744871466337,0.17153812867583376,0.059035299035490589,3.0
Carlos Hyde,RB,SF,18.440248368299105,6800.0,0.045727185168023439,0.16818948790337213,0.20378226687049772,0.17448734160786494,0.18012998987580861,0.074420378696793563,0.15326334987763948,2.0
DeMarco Murray,RB,TEN,17.61181399641902,7300.0,0.022161450989161589,0.17048243534449045,0.17359665795599727,0.19905571971387637,0.30520222126597113,0.10336589461764419,0.026135620112859078,4.0
Joique Bell,RB,DET,17.356189789441416,0.0,0.16246381833328405,0.1500949256620854,0.15156317199417696,0.1340090177885554,0.12594213833257939,0.12086929982580817,0.15505762806351073,0.0
Ezekiel Elliott,RB,DAL,17.301381064534837,8100.0,0.041204270431400757,0.15667022042088613,0.19634077139580325,0.20243343926891103,0.29006573816141296,0.061996641898811856,0.051288918422773985,4.0
Devonta Freeman,RB,ATL,16.627771285546068,7200.0,0.024596132462481282,0.16862378511547077,0.30387422371176614,0.17100823553241193,0.21449284916576988,0.056630073179170487,0.060774700832929643,2.0
LeGarrette Blount,RB,NE,16.313449981441138,7500.0,0.018504828514047885,0.16955975698980669,0.31515010721141723,0.18962347908444452,0.214355504617949,0.044469022756478807,0.048337300825855786,2.0
Spencer Ware,RB,KC,16.232099303566418,6200.0,0.026603253431698674,0.23592595494133733,0.27339930104096594,0.13132491347769804,0.14973793515168241,0.14585823337854967,0.037150408578067999,2.0
Matt Forte,RB,NYJ,16.01332776764194,6900.0,0.03864802838237056,0.20696950947525825,0.28445556836695979,0.19636960704962431,0.12929948161764604,0.078131715668775914,0.066126089439365224,2.0
Tevin Coleman,RB,ATL,15.963645702864614,6100.0,0.082716662507312938,0.25604454926095532,0.18164387326046541,0.10887364791706211,0.1933802626503047,0.11964111879114402,0.057699885612755623,1.0
Matt Jones,RB,WAS,14.945056280143826,6600.0,0.21229786060542361,0.14819197834088141,0.15586433091401311,0.13708633493290825,0.21413920288438229,0.066304733714626904,0.066115558607764482,4.0
Lamar Miller,RB,HOU,14.748665799325927,8200.0,0.057497473880836987,0.18234663981238602,0.35916767436086455,0.19638932481715801,0.11486815707880209,0.055226117840200532,0.034504612209751644,2.0
Duke Johnson,RB,CLE,14.51993247418676,5400.0,0.28772355186405529,0.14505146025367605,0.17096812286606655,0.10205325316451204,0.083995528009222928,0.060997085103281765,0.14921099873918556,0.0
Fozzy Whittaker,RB,CAR,14.198651500597895,5800.0,0.19495622880839894,0.23252459170877171,0.13440060788743749,0.12502743944908137,0.19538342665203937,0.0555410786881535,0.062166626806117474,1.0
Cameron Artis-Payne,RB,CAR,13.754146600270131,5700.0,0.36415209686831423,0.18193743441044322,0.067038323800485758,0.063066668761257841,0.075638465412834463,0.11334946649721207,0.13481754424945228,0.0
Melvin Gordon,RB,SD,13.689753356908508,7600.0,0.12768806203459346,0.32946742034597631,0.18146991441819846,0.13208396395017172,0.11095902175322953,0.042466713600002481,0.075864903897828059,1.0
Frank Gore,RB,IND,13.285528513389657,6100.0,0.12085067414515598,0.32457322580845449,0.22622035121838932,0.10486598663359889,0.12242708895839981,0.054081278223805068,0.046981395012196496,1.0
Giovani Bernard,RB,CIN,13.245752227543274,5500.0,0.25900030895403292,0.25538942163272904,0.083225885428686031,0.1021254093794975,0.16413331971931927,0.080278007169663046,0.055847647716072174,0.0
Jalen Richard,RB,OAK,12.540443454090569,4900.0,0.35074074103665759,0.21853356703008395,0.10213493340416771,0.051565538746546999,0.1023554116791436,0.076124505765748474,0.098545302337651769,0.0
Mark Ingram,RB,NO,12.122155728371041,6800.0,0.21242294172080664,0.27410735214447896,0.2242407776214829,0.1014400018373532,0.10259569495071162,0.044411035494483928,0.040782196230682723,1.0
DeAndre Washington,RB,OAK,11.999240596939934,4800.0,0.34503022666962024,0.18756323788151832,0.17148060808828003,0.070618288021961975,0.093743198908937814,0.048448571443106117,0.083115868986575497,0.0
Jeremy Hill,RB,CIN,11.877508694666258,7000.0,0.26077471066075419,0.29470358212988951,0.14630081597521771,0.091018120079867038,0.11242650033320371,0.033739731370953943,0.061036539450113968,1.0
Rob Kelley,RB,WAS,11.874279434563666,4800.0,0.49245930639180518,0.12720783546857095,0.03112560014368607,0.048318541817793423,0.092876913276789833,0.12209543084170246,0.085916372059652052,0.0
Theo Riddick,RB,DET,11.732800022933363,6600.0,0.26050191034005749,0.300832549426784,0.16731876126011413,0.067109780200304017,0.09389667901300118,0.055358801634374073,0.054981518125365086,1.0
Chris Thompson,RB,WAS,11.412622727138984,5200.0,0.4510455188565064,0.12164385314266661,0.069022929857377388,0.082853880344041911,0.16261396706277692,0.073007804333971207,0.039812046402659416,0.0
Terrance West,RB,BAL,10.983981121872096,4900.0,0.3370717637458378,0.24769916541154857,0.12957832446643122,0.10980438942052098,0.090444167647655588,0.037575772882809361,0.047826416425196326,0.0
Rod Smith,RB,DAL,10.6990727490611,4500.0,0.55723452840242083,0.11202413335484088,0.029965192079278852,0.040902449926186267,0.072950634926519986,0.10776650380380892,0.079156557506944336,0.0
Shaun Draughn,RB,SF,10.51587965277762,4800.0,0.51195501995743187,0.15735380207669669,0.07999576004840768,0.053763600723472992,0.046339820367252912,0.026444969754144069,0.12414702707259395,0.0
Jerome Felton,RB,BUF,10.464435730652701,4500.0,0.58294677700708919,0.12453097229577649,0.032448652258377848,0.030033238728131937,0.037528134404351592,0.058721899316378334,0.13379032598989449,0.0
David Johnson,RB,ARI,10.236236525991471,8700.0,0.27500025684713075,0.31054111239775134,0.21077648690158288,0.098906922164199482,0.049142411830269427,0.026500305933485249,0.029132503925580745,1.0
C.J. Anderson,RB,DEN,10.229956695593067,7900.0,0.23845106404368527,0.37401155336344893,0.20022541119429677,0.071433711144846257,0.064453874916114401,0.023230782951252894,0.028193602386355397,1.0
Jordan Howard,RB,CHI,10.201572950863117,5600.0,0.46665877879780637,0.21914980718086793,0.069266155488047543,0.050863501426192212,0.054174757946120117,0.063948372395782896,0.075938626765182871,0.0
Latavius Murray,RB,OAK,10.113746808890987,7100.0,0.40551992745317783,0.22464143871698769,0.13932365247458164,0.060072879910708338,0.086206469820939116,0.035410337638180189,0.048825293985425212,0.0
Chris Ivory,RB,JAC,10.005056346073246,5700.0,0.54078957868806743,0.17769432092560083,0.046642980177400567,0.034844299972536109,0.035141253446590019,0.057890739935635808,0.10699682685416921,0.0
Charles Sims,RB,TB,9.7290151504696034,6500.0,0.2903690054722789,0.42082861851748643,0.12746771502133175,0.044224182273687379,0.036589729622647255,0.021584901919715398,0.058935847172852718,1.0
Damien Williams,RB,MIA,9.607876474107556,4900.0,0.52392079404952918,0.16232855066594265,0.083114737779305684,0.065602455877052906,0.036126738250567086,0.057460502660590169,0.071446220717012204,0.0
C.J. Spiller,RB,NYJ,9.5514367699620752,4500.0,0.5111219716045714,0.15467992611757936,0.11424304770725406,0.06871812877261331,0.042571074185302954,0.037096924054090596,0.071568927558588166,0.0
Derrick Henry,RB,TEN,9.5497690890050997,5000.0,0.4270443539115153,0.22617271858996224,0.11482523945928039,0.080881968477103827,0.087496231717258566,0.034511255333044784,0.029068232511834942,0.0
Javorius Allen,RB,BAL,9.5020493556631092,4600.0,0.52868656025893612,0.14193764207826026,0.096128777214208594,0.069524801505911032,0.056855686506398759,0.042943291168824879,0.06392324126746031,0.0
Bilal Powell,RB,NYJ,8.7881870453921245,5000.0,0.51740867894054521,0.17563506387773697,0.11699845234941829,0.07168990444875685,0.042208068170668189,0.020190303273851011,0.055869528939023534,0.0
Raheem Mostert,RB,CHI,8.70964727877511,4500.0,0.63120804387190377,0.12304096457006343,0.035020772350202213,0.033758384395965298,0.034610406053346587,0.07747941189806655,0.06488201686045221,0.0
Dexter McCluster,RB,SD,8.5543372801610076,4500.0,0.61418956714448036,0.15624079971586932,0.039937012189092895,0.030768835452036826,0.027011463917381739,0.055093213576595371,0.0767591080045434,0.0
T.J. Yeldon,RB,JAC,8.4644641005740624,6700.0,0.50471942159452787,0.21753052614866572,0.11329863749413047,0.056812172792466441,0.039612414050076088,0.014863691387123006,0.053163136533010309,0.0
Isaiah Pead,RB,MIA,8.326613559496634,4500.0,0.61373779946113094,0.16331550233032413,0.041184391519366197,0.032326002105942053,0.026615691983389415,0.054757553080080547,0.068063059519766725,0.0
Dwayne Washington,RB,DET,8.27126076224563,4500.0,0.53085614874017084,0.19715654022190587,0.11859821264750171,0.042018286379873773,0.041643493300725851,0.01730481134943402,0.05242250736038799,0.0
Derek Watt,RB,SD,8.2528415524187082,4500.0,0.63092291280951929,0.15175995609277185,0.038093951512621932,0.029080380809137756,0.025255724238857823,0.051606381672141946,0.073280692864949482,0.0
Alfred Morris,RB,DAL,7.8381918593679991,5200.0,0.62246072590611123,0.13253120939612764,0.055752030928566697,0.054628207429247899,0.07137956465165668,0.024608987498611304,0.038639274189678732,0.0
Jordan Todman,RB,IND,7.3393333093143651,4500.0,0.62657003010183976,0.18105637885939155,0.049296305600560648,0.032764297200498678,0.029533289033556582,0.035517613840236328,0.045262085363916356,0.0
Todd Gurley,RB,LARM,7.2727136920887752,7700.0,0.45000482218406268,0.34578401995187447,0.11737060612409606,0.043789306481374989,0.012248558652815182,0.0043747405168289887,0.026427946088947392,0.0
Zach Zenner,RB,DET,7.253144864573601,5000.0,0.70190746049760699,0.12801826374685066,0.027570080679692858,0.019909640278729757,0.016512234469562619,0.031894928690052053,0.074187391637505221,0.0
Anthony Sherman,RB,KC,7.2453104245067399,4500.0,0.68107891658849773,0.14549145167777722,0.03088935345556237,0.022718900971898298,0.018244734388943796,0.039727928747738721,0.061848714169581903,0.0
Orleans Darkwa,RB,NYG,7.0974748361108038,4500.0,0.5773521307729389,0.21126916216579159,0.087972987816989562,0.048720740796604413,0.030399242860236143,0.015557763817815925,0.028727971769623467,0.0
Bobby Rainey,RB,NYG,6.9292545040673081,4800.0,0.66131010374783938,0.14665404793563183,0.059659008243820651,0.042716194759388655,0.017682748174826176,0.031238047991659773,0.040739849146833686,0.0
Josh Ferguson,RB,IND,6.8013719031404225,4500.0,0.60674466938771676,0.21686144248935246,0.061772769242316006,0.029186949154434153,0.035736909905590218,0.022448850843600383,0.027248408976989949,0.0
Mike Gillislee,RB,BUF,6.7756606209712107,4900.0,0.74257082788121231,0.088021735736352372,0.027827639474754758,0.030528100982920688,0.033944878603033274,0.01140201362915854,0.065704803692568037,0.0
Paul Perkins,RB,NYG,6.7336004893112804,4500.0,0.69604195945004854,0.14507052670446613,0.035992910010474929,0.024461320418886264,0.015195873021787846,0.030364579846769952,0.052872830547566162,0.0
Alex Collins,RB,SEA,6.6256807259373449,4500.0,0.70471623701683728,0.15208714433776377,0.028551306391589457,0.017990020540171122,0.017123268792081928,0.015649931808287828,0.063882091113268646,0.0
Mike Davis,RB,SF,6.3628995952189342,4500.0,0.75570331139840452,0.095822475058744042,0.032208648386140737,0.022854834414120818,0.018994605732337577,0.010605061017060175,0.063811063993191988,0.0
Malcolm Brown,RB,LARM,6.3427072106702145,4500.0,0.70063198214117384,0.16194294076909302,0.036114771610520742,0.020299050206356976,0.0075688682261564463,0.022786120788888243,0.050656266257810841,0.0
Lance Dunbar,RB,DAL,6.2716169261671446,4900.0,0.73102377215858705,0.10182872609529299,0.032523600162799246,0.035169120609916657,0.052197143793210658,0.022682079907541772,0.024575557272651705,0.0
James White,RB,NE,6.2671932994325452,5300.0,0.65782074449697181,0.17152172796552631,0.070400624217566418,0.029567892227781632,0.035968346572708428,0.01143046590981512,0.023290198609630129,0.0
Mike Tolbert,RB,CAR,6.1992921186575272,4900.0,0.69554762182522001,0.13743112825856213,0.055995556434800704,0.031460946865888482,0.043142579090252514,0.0088407088464194806,0.027581458678856745,0.0
Jamaal Charles,RB,KC,6.1142990989555965,7000.0,0.72711636227934584,0.10787085525822838,0.059597796276084983,0.030319209535707936,0.024007869122403637,0.015511421366337923,0.035576486161891241,0.0
Denard Robinson,RB,JAC,5.6999158149855607,4500.0,0.74422486540777444,0.1151283692729286,0.052375655503341507,0.028522284709031873,0.017407513348542465,0.0068746341554933189,0.035466677602887492,0.0
Kenyan Drake,RB,MIA,5.6507744369629318,5400.0,0.74205698135528186,0.12995359688643129,0.041185522141662233,0.026889130518415592,0.015672465745134524,0.0087346534052919773,0.035507649947782452,0.0
Jay Ajayi,RB,MIA,5.6117641502433129,5500.0,0.74175841823799715,0.14902849526188455,0.023971058386790253,0.017159156499256509,0.017584078108110086,0.016449147803840689,0.034049645702120636,0.0
Corey Grant,RB,JAC,5.5818464565515331,4500.0,0.75284783041666103,0.11688687031291795,0.04423600771840723,0.026434253324794935,0.017628239021622374,0.0077263368911178239,0.034240462314478574,0.0
Devontae Booker,RB,DEN,5.5128170437469848,5200.0,0.6923419222770455,0.17646975402552495,0.064077299660846659,0.024309486202409858,0.017380189928326076,0.0064992828709072694,0.018922065034939761,0.0
Jamize Olawale,RB,OAK,5.2465817881619454,4500.0,0.78530428660845963,0.096346855525623984,0.040668826955758158,0.017081252841024214,0.02227246562528255,0.01188186914265974,0.026444443301191878,0.0
Le'Veon Bell,RB,PIT,5.2308309381664833,8300.0,0.79323330622849642,0.080655507517598979,0.04416512064759727,0.022391027005783638,0.02306721047381137,0.012954911277148304,0.023532916849563896,0.0
Malcolm Johnson,RB,CLE,5.1800565479125282,4500.0,0.84229398757743157,0.051499152816361832,0.0298108259408848,0.012728182867352089,0.0075597449866675976,0.0054904742918766725,0.05061763151942527,0.0
Kenneth Farrow,RB,SD,5.1241066941861106,4500.0,0.7744943963641624,0.137007909572849,0.022859682372719375,0.011951673177444512,0.011932523153550083,0.0085938983085897674,0.033159917050684884,0.0
Fitzgerald Toussaint,RB,PIT,5.101931750062553,4500.0,0.80179490135742171,0.082852551067724656,0.036828491709843314,0.023884744930338098,0.017562710731844337,0.012684109007780808,0.024392491195046741,0.0
Travaris Cadet,RB,NO,5.0104735945404562,5000.0,0.76850590098021898,0.12388513371281601,0.042741490373374665,0.019356875029544161,0.018427510604529181,0.010062762336722779,0.017020326962794277,0.0
Tim Hightower,RB,NO,4.9579525450223558,4700.0,0.77612562392805207,0.11321126222219755,0.049028283048010053,0.019803351411141021,0.015709767750230533,0.007811713473659168,0.018309998166709592,0.0
George Atkinson,RB,CLE,4.953471020689757,4500.0,0.83313402777453138,0.082456386594080319,0.018982778294861124,0.008188753499017213,0.006434531644054056,0.006836680251055334,0.043966841942400671,0.0
Chris Johnson,RB,ARI,4.9249127983463561,4900.0,0.77323683121717612,0.11463802250715066,0.049809020490935461,0.027819012446530237,0.010404911268811682,0.0072996664571082373,0.016792535612287801,0.0
Rex Burkhead,RB,CIN,4.8819573703092747,4500.0,0.803161561588845,0.10464484701560307,0.028701591945174763,0.014938036532313275,0.014770913538061812,0.0060960943755326482,0.027686955004469535,0.0
Ryan Hewitt,RB,CIN,4.8819573703092747,4500.0,0.803161561588845,0.10464484701560307,0.028701591945174763,0.014938036532313275,0.014770913538061812,0.0060960943755326482,0.027686955004469535,0.0
Jacquizz Rodgers,RB,TB,4.8510111285450588,5500.0,0.78676293330693492,0.14022124344342476,0.020135143000928311,0.0093057962485635706,0.0061023112255627655,0.0041251069460120065,0.033347465828573647,0.0
Andy Janovich,RB,DEN,4.8067762243205312,4500.0,0.76305426312825964,0.14109049951864677,0.044021990077708205,0.017649114525354805,0.013642655274874103,0.0058778687160235803,0.014663608759132989,0.0
Benny Cunningham,RB,LARM,4.7846341258846135,4700.0,0.76431135520637083,0.14906064989772633,0.040034249665415883,0.016216291073306813,0.0052396212413912419,0.003470397459831966,0.021667435455956861,0.0
Jerick McKinnon,RB,MIN,4.7298417019708898,5800.0,0.76709865926462717,0.14482950928312446,0.045119816098949515,0.012711707129268796,0.0078878429808271339,0.0027188789858531028,0.019633586257349858,0.0
Robert Turbin,RB,IND,4.7288407056653696,5000.0,0.76948380987019882,0.14688419093438659,0.035711108704818542,0.012444670691144454,0.012086406900213913,0.0068344604868560846,0.016555352412381652,0.0
Alfred Blue,RB,HOU,4.654908776901574,4700.0,0.81002186816388599,0.084601707923719849,0.049918062277156325,0.021504635881312222,0.010506549513577088,0.0082685522388187827,0.015178624001529743,0.0
James Develin,RB,NE,4.6046115556347402,4500.0,0.80821834878000209,0.1018271672907395,0.035645745390999281,0.016012012515400621,0.01680693493923658,0.0047625108616532316,0.01672728022196858,0.0
Kyle Juszczyk,RB,BAL,4.5839954125519435,4500.0,0.81179614450575055,0.10068601520846256,0.030082228276174617,0.019482225793590765,0.015136592634069534,0.007569063633441871,0.015247729948510327,0.0
Matt Asiata,RB,MIN,4.4888148261955525,5700.0,0.7907665457485763,0.13129374799721771,0.038535628332954694,0.012481798219390723,0.0076340190807645735,0.0026381362949136644,0.016650124326182261,0.0
John Kuhn,RB,NO,4.4510395962090135,4500.0,0.82007283150780341,0.096988087542674878,0.033963765401695802,0.014828926258301523,0.012339257858251117,0.0068652424102980886,0.014941889020974902,0.0
Patrick DiMarco,RB,ATL,4.4046019854433442,4500.0,0.83629816720612271,0.086785808018917748,0.026445371059233076,0.012593379275699186,0.01364853137520807,0.0057448308653126109,0.018483912199506475,0.0
Brandon Bolden,RB,NE,4.344909985375482,4700.0,0.82659132307362526,0.095433485638225915,0.031992252881432579,0.013804177312874108,0.014136664524162625,0.0037792080427889061,0.014262888526890458,0.0
Jalston Fowler,RB,TEN,4.2959799233535492,4500.0,0.83487885390359662,0.08895900212597975,0.02524204640209805,0.017568651846901026,0.016481200766252965,0.0056896407158637833,0.011180604239307713,0.0
Michael Burton,RB,DET,4.2426117898294038,4500.0,0.84074928908961211,0.088927296881539941,0.029962083415352957,0.0097076069769032221,0.0091135103609741672,0.0039449029416573772,0.017595310333960248,0.0
Tyler Ervin,RB,HOU,4.159368641534412,4500.0,0.85379401691906698,0.068911333511414777,0.034730282861129974,0.015137892878152721,0.0078874655145425472,0.0069768437809501656,0.01256216453474285,0.0
Jay Prosch,RB,HOU,4.0956764125693308,4500.0,0.85885927706784326,0.067209161616127305,0.033153370632538488,0.014602048965616538,0.0074694797355518289,0.006438659394328956,0.01226800258799385,0.0
Kapri Bibbs,RB,DEN,3.953405762713794,4500.0,0.84504036846149144,0.09647971882822616,0.029108647267098008,0.0094556475984092954,0.0070232067653554463,0.0028508684616932248,0.010041542617726289,0.0
Antonio Andrews,RB,TEN,3.8747381367015752,4500.0,0.86867622690366075,0.073666645157885374,0.020508182578052675,0.01307040637912067,0.011914316542225082,0.0037808760891993292,0.0083833463498561786,0.0
Knile Davis,RB,KC,3.8693432145608289,4500.0,0.86266766830365915,0.08473452828800479,0.023757373903316951,0.0084752210054499406,0.0048161963993292962,0.0027597736317998144,0.012789238468440142,0.0
Daniel Lasco,RB,NO,3.8187099135172367,4500.0,0.88297745776451197,0.070149500335876191,0.013430508306513976,0.0071341757306554064,0.0069322746996356146,0.0055631338628073226,0.013812949299999655,0.0
Chase Reynolds,RB,LARM,3.7739559686618045,4500.0,0.86527980325805787,0.090314568024929445,0.019908689397147347,0.007588820449929908,0.0022889307880584325,0.0015251067473907459,0.013094081334486116,0.0
Zach Line,RB,MIN,3.7176045231308068,4500.0,0.87307381934075312,0.082872262972342126,0.02052452619120133,0.0062626054876647047,0.0037058932893810652,0.0014384020135841027,0.012122490705073508,0.0
Stepfan Taylor,RB,ARI,3.7098129177344279,4500.0,0.88418252604589265,0.073666773815420264,0.014061368385643366,0.0069242291627807356,0.0045944443658187326,0.0044577803002173438,0.012112877924226887,0.0
Andre Ellington,RB,ARI,3.6477523738947211,4600.0,0.88765556381337263,0.066649767168014976,0.017760018081506509,0.010432504304662233,0.0044883885386263244,0.004306548820259882,0.0087072092735576371,0.0
