name,pos,team,expectation,salary,prob_0_5,prob_5_10,prob_10_15,prob_15_20,prob_20_25,prob_25_30,prob_30+
Kirk Cousins,QB,WAS,33.673380285074401,7600.0,8.563567964217975e-05,0.00043438489963548726,0.03549240966861221,0.014428260882052056,0.012445600645944613,0.014032957272434771,0.92308075095167874
Landry Jones,QB,PIT,27.100644979961636,5500.0,0.036146368518491068,0.090681775633431369,0.086946969320682882,0.011166699555841047,0.0073692495360275483,0.26493460561668208,0.50275433181884399
Dak Prescott,QB,DAL,24.556858456448548,7200.0,6.542039768452227e-05,0.014118312008596668,0.036991526760819488,0.063857288584998034,0.29509716682899129,0.58856470835626695,0.0013055770626430464
Andy Dalton,QB,CIN,24.247924724609778,7600.0,0.00018335258316998969,0.030331512288977677,0.068436951213020084,0.091630363807321105,0.14196351135396021,0.66587907568596505,0.0015752330675859055
Drew Brees,QB,NO,21.746074010776468,8600.0,0.0020407722505386651,0.18923761199513911,0.088829983628933518,0.029317012248214369,0.060488692707654411,0.62876474084990219,0.0013211863196178233
Jacoby Brissett,QB,NE,21.424261351000158,6700.0,0.0014067146712861264,0.15578023694320772,0.10025668839146798,0.087659521342848684,0.11619569759363435,0.53384007653553622,0.0048610645220189801
Tyrod Taylor,QB,BUF,20.257547917103331,7600.0,0.010788763307084469,0.066192543122003844,0.47808224101122365,0.045792764210729663,0.023923021221225985,0.095234770380758532,0.27998589674697377
Marcus Mariota,QB,TEN,20.032073168387459,7400.0,0.00030260085188481376,0.012878270627858578,0.50155960764871887,0.075982768734252332,0.023079207582497856,0.2267546855911152,0.15944285896367247
Joe Flacco,QB,BAL,19.82182284835358,7700.0,1.3766465976539069e-05,0.0053547029748315308,0.047736574946930961,0.49466800101247022,0.3875856305635168,0.060652276483491384,0.003989047552782646
Andrew Luck,QB,IND,19.806568646591,8900.0,0.00049248639543736697,0.16829598532747245,0.039774852577795318,0.047356123403682011,0.64900323784763658,0.095077217785533907,9.6662442270933663e-08
Eli Manning,QB,NYG,19.458294801071922,7500.0,0.00070140579470878901,0.19539199605026913,0.15715864060782991,0.084640756043045898,0.1855424981631916,0.3745420996997687,0.0020226036411858201
Matthew Stafford,QB,DET,19.390573298131642,8300.0,0.0044876184914176944,0.1384243173894063,0.04654110720882728,0.36798492793446347,0.2854906995169591,0.080182063689986011,0.07688926576894016
Russell Wilson,QB,SEA,19.173091808561793,8400.0,0.0010216032714716657,0.0037081054612356393,0.018850838984030855,0.79036521016750516,0.10717922333135056,0.012861045095664105,0.066013973688741859
Carson Palmer,QB,ARI,18.845319076186765,8000.0,0.00092852757851414952,0.046554840973755389,0.072213858071346518,0.51601452038626294,0.32247466475541914,0.021099523723415191,0.020714064511286628
Derek Carr,QB,OAK,18.706351287938748,8000.0,0.013398042332536874,0.12751599568695163,0.24639105086143204,0.19364548068058288,0.12227767636502955,0.25206092586764561,0.044710828205821403
Alex Smith,QB,KC,18.559362326355643,6900.0,0.02790319691316713,0.048432959422663659,0.071668811594894147,0.59189425754509128,0.17052591304337386,0.013280761183571084,0.076294100297238779
Brian Hoyer,QB,CHI,18.105521773429434,6000.0,0.00016709344953736214,0.32144359415960488,0.023241396865845521,0.089646480099306342,0.36049487714773631,0.19352240726738407,0.011484151010585548
Jameis Winston,QB,TB,17.380481449412294,7100.0,0.0079266452403684851,0.091316143110046016,0.18141061488280813,0.48970877363395615,0.14619043780788854,0.04955810649245946,0.033889278832473307
Blake Bortles,QB,JAC,17.374194672098525,7700.0,0.00029011638490008374,0.015366781536082551,0.74347947493188793,0.01627626137987586,0.012921264283012775,0.0025535319329314634,0.20911256955130936
Ryan Tannehill,QB,MIA,17.186614871757076,7200.0,0.0056339390262994046,0.081061382471890597,0.15458931710129728,0.57711921921892206,0.11617538450257477,0.049474108602492406,0.015946649076523489
Trevor Siemian,QB,DEN,17.156105709318691,7400.0,5.1676162329825279e-05,0.3349742620920737,0.097918004014052554,0.10790388244617674,0.21920038481369888,0.23985930194374055,9.2488527927806098e-05
Brock Osweiler,QB,HOU,16.793262337346476,7300.0,0.0038217493547823174,0.18099056002796426,0.38867385662333342,0.19350952948023434,0.075415052151626152,0.0041364954706192827,0.15345275689144008
Paxton Lynch,QB,DEN,16.010753213340106,5500.0,0.05315577801968261,0.19872730030419397,0.17183156826009235,0.32379793093461212,0.14265138038419004,0.064115588085961267,0.045720454011267592
Cam Newton,QB,CAR,15.650007227435673,9300.0,0.05902761117819437,0.073204562211807406,0.27136333271862917,0.39891752458632967,0.17841036836001756,0.013547823669087994,0.005528777275933771
Case Keenum,QB,LARM,14.19880161999445,6500.0,0.12184432113567201,0.070160465939074476,0.24218274112943941,0.5284078514900209,0.016091617969657239,0.0019267771550923205,0.019386225181043618
Blaine Gabbert,QB,SF,13.179181087392374,6400.0,0.032592175192175693,0.2284547794758848,0.37743630910424864,0.30257093410483293,0.050815712595606265,0.0075416098866441768,0.00058847964060736732
Sam Bradford,QB,MIN,13.162236221032369,7100.0,0.020193518106848236,0.25779507899405857,0.59161942785793786,0.038431734941547772,0.0064264754739966363,0.003704844860374451,0.081828919765236569
Drew Stanton,QB,ARI,12.682658744614873,5000.0,0.14452340697673088,0.31454733452400696,0.26450150246808257,0.016733412320121495,0.2017720576293256,0.027201278364083741,0.030721007717648716
Philip Rivers,QB,SD,11.612095978801017,8500.0,0.026651797185401161,0.64020820421758995,0.042273917076947658,0.10932279145265351,0.13802979896095266,0.043508070003340664,5.4211031144274337e-06
Ryan Fitzpatrick,QB,NYJ,11.272649161175163,6900.0,0.042995473753891948,0.5440478013889628,0.13362183921196175,0.18639975725844424,0.085820471180558189,0.00365871727706381,0.0034559399291171954
Ben Roethlisberger,QB,PIT,10.885616515726076,8400.0,0.0072381799577976918,0.77297729856244635,0.0096696831673638364,0.010814271357861099,0.14414185416133576,0.05515681708443667,1.8957087587062162e-06
Derek Anderson,QB,CAR,9.3205426914860006,5000.0,0.22479962472995413,0.49488037349626118,0.0088320564346003796,0.24349912822938061,0.023666817974563159,0.0011290660224795761,0.0031929331127608439
Cody Kessler,QB,CLE,8.9808949203789119,6300.0,0.0010625316589448943,0.86644755711107346,0.0094476320600167755,0.095714077646394405,0.013112355910883638,0.014105660147004472,0.0001101854656824015
Matt Ryan,QB,ATL,8.9617389205570603,7900.0,0.30581634893147608,0.46619245727799941,0.018458071841877189,0.061412932410383321,0.13562138127413836,0.012484928596574038,1.3879667551516981e-05
Joe Webb,QB,CAR,3.4605113510957124,5000.0,0.9244631623440086,0.039024871467160244,0.0034078729871699995,0.016129064051503279,0.0045349481397611241,0.00075057233566043144,0.011689508674736287
