name,pos,team,expectation,salary,prob_0_5,prob_5_10,prob_10_15,prob_15_20,prob_20_25,prob_25_30,prob_30+,label
Kendall Wright,WR,TEN,24.125563562339217,4800.0,0.058508790065993029,0.041773502050671096,0.03551235018912801,0.087628867150291237,0.045416472760636636,0.65651873203054856,0.074641285752731323,5.0
Taylor Gabriel,WR,ATL,21.077704930755107,0.0,0.058682521014990018,0.06573202879574043,0.14900412341773372,0.1482314805464606,0.13403468508008567,0.34472067925489513,0.099594481890094386,5.0
Terrance Williams,WR,DAL,19.643649668447395,4600.0,0.032603843464001525,0.075276907720881414,0.13287255004044937,0.080094599620813625,0.58593970786385063,0.068143498543443828,0.025068892746559563,4.0
Tanner McEvoy,WR,SEA,18.665849929222979,0.0,0.11092714957633268,0.12748773100003319,0.15445466760358437,0.15176019098197024,0.14609929557583839,0.16877740654429152,0.1404935587179495,5.0
Arrelious Benn,WR,JAC,18.594914463624413,0.0,0.11771896047456681,0.11404506120198685,0.17936309221525124,0.14555216679428529,0.13752272045892486,0.15214848512237661,0.15364951373260838,2.0
Chris Moore,WR,BAL,18.543917641506788,0.0,0.13191528543025921,0.16079753932132276,0.12653164179213028,0.10960270197450488,0.14415087250541947,0.15733441593052019,0.16966754304584319,6.0
Willie Snead,WR,NO,18.364878465280366,7500.0,0.088621730694624881,0.17826240869496543,0.12388356914608177,0.096221220200050264,0.16268669212488573,0.31304849829119774,0.037275880848194137,5.0
Jamison Crowder,WR,WAS,18.216965142429903,6000.0,0.094724330947593791,0.15582211511173122,0.11439397690255015,0.094088626683781373,0.37025262433429179,0.076108357966465104,0.094609968053586541,4.0
Cole Beasley,WR,DAL,17.938773835351189,5200.0,0.08428536543687136,0.13361550638254555,0.19013784759414776,0.078736677842059913,0.3468924870862814,0.087383445433013351,0.078948670225080744,4.0
Doug Baldwin,WR,SEA,16.869007895841012,7400.0,0.046091739269875281,0.22283596503021763,0.19643246219156971,0.16204142600009025,0.11224139906255658,0.24620649292842706,0.014150515517263491,5.0
Chester Rogers,WR,IND,16.69673063168695,0.0,0.1753747171697165,0.17763281709225937,0.11696361118077883,0.14389759057631749,0.12694156297476672,0.13093732885632883,0.12825237214983232,1.0
Jarvis Landry,WR,MIA,16.221255787045138,7200.0,0.02249552453373968,0.17402216466337386,0.33187888347008659,0.17238116917007046,0.15138024574018377,0.11811089694134116,0.029731115481204395,2.0
Rashad Ross,WR,WAS,15.841833211293221,4500.0,0.20019870886891658,0.1174185381151301,0.20757455572629943,0.061038136322022887,0.26500988700305289,0.049530730038081693,0.099229443926496408,4.0
Pierre Garcon,WR,WAS,15.786792630839997,6000.0,0.23279153915548007,0.18661747385312102,0.10835020079618846,0.068728350273843664,0.20374777014677306,0.043737205480654219,0.15602746029393949,0.0
Antonio Brown,WR,PIT,15.36903702035023,9400.0,0.050052000103269413,0.23713092599744678,0.21787352177900327,0.1331506220465159,0.32469275062640041,0.025629733692283163,0.011470445755081162,4.0
Robby Anderson,WR,NYJ,15.353156091921125,0,0.14968269634732009,0.26197767169962827,0.1253921387136028,0.13275878520023057,0.11668585353315732,0.12994603651021761,0.083556817995843413,1.0
DeSean Jackson,WR,WAS,14.633471518652701,6900.0,0.25199837106169187,0.21716568218670593,0.11999130584430505,0.051122072326715062,0.18018753710760185,0.047698706753133029,0.13183632471984719,0.0
Allen Hurns,WR,JAC,14.596383431317889,6100.0,0.10712137932520124,0.26130731975306071,0.30165897549319792,0.10718971191938757,0.07529921093095944,0.017577787144089224,0.12984561543410386,2.0
DeVante Parker,WR,MIA,14.58961583830388,6300.0,0.050326742032978107,0.16653818655079011,0.45627118575448372,0.092163159522648211,0.17137978502392881,0.023168084207501289,0.040152856907669551,2.0
Julio Jones,WR,ATL,14.533532734270556,8500.0,0.10522487839698963,0.23665217990176374,0.23136591969039491,0.17292019614731605,0.14600317106349014,0.064246334216431458,0.043587320583614149,1.0
Marqise Lee,WR,JAC,14.277734093993084,4500.0,0.1545087527803439,0.2312926060248591,0.27136237985067602,0.12565189671748059,0.07536179765984366,0.012480075335726747,0.12934249163107009,2.0
Allen Robinson,WR,JAC,14.005474512911526,8300.0,0.060848958200271544,0.26110781421526857,0.35025378863449602,0.13882888802717067,0.11119528113159192,0.018175020768430056,0.059590249022771394,2.0
Marvin Jones,WR,DET,13.902263711515543,7600.0,0.0362495943982519,0.37147109634433256,0.24249122401413653,0.15946483277093879,0.028903005992084604,0.14615928431487502,0.015260962165380469,1.0
Emmanuel Sanders,WR,DEN,13.033107617896981,6900.0,0.15344933878351305,0.26656257865193667,0.24054029379066685,0.11146175205208592,0.16591948069972023,0.028344957168343347,0.033721598853733908,1.0
Mike Evans,WR,TB,13.020819015597121,8000.0,0.16193925973922549,0.2898463104462779,0.18753415309779187,0.10758639588513723,0.17821375912291487,0.055390552517166528,0.01948956919148602,1.0
Bryan Walters,WR,JAC,13.00626045896065,4500.0,0.31953992395590891,0.13927655757675861,0.18523585899310616,0.10471501558521794,0.11005321161098293,0.0536802578517281,0.087499174426297371,0.0
Demaryius Thomas,WR,DEN,12.745921096738192,7900.0,0.15387655196064592,0.26644370809077267,0.25943952892001576,0.120452697165727,0.14416052164938173,0.02380944937689607,0.031817542836560915,1.0
Brice Butler,WR,DAL,12.156882567021464,4500.0,0.41040234504171141,0.10386289638306985,0.14280681592092082,0.041751210750613797,0.2078212903525023,0.014299452376767025,0.07905598917441467,0.0
DeAndre Hopkins,WR,HOU,12.12123171459351,8600.0,0.11499843220050085,0.30504477941974706,0.35959522459309023,0.089021657112151986,0.081155346300628345,0.011916589770949582,0.038267970602931876,2.0
Eddie Royal,WR,CHI,11.664098736905412,5500.0,0.31021990354980056,0.28198453855901856,0.065136791203815103,0.1868740981824869,0.017330369049210172,0.072890060527809442,0.065564238927859203,0.0
Michael Crabtree,WR,OAK,11.548285526897153,6500.0,0.2406821321417143,0.29978497786730679,0.21743041392045254,0.055568184033404397,0.096569220820781287,0.04182873241222336,0.048136338804117412,1.0
Stefon Diggs,WR,MIN,11.481498109726587,7100.0,0.22590763618681797,0.30390334890226056,0.21771116825139553,0.085658832477323338,0.09281696562783949,0.034855826004281408,0.039146222550081662,1.0
T.Y. Hilton,WR,IND,11.443045726573713,7600.0,0.091309616131657126,0.50296463850670947,0.15499681590847517,0.077629639068576284,0.13950763579660722,0.022409560148607129,0.011182094439367622,1.0
Markus Wheaton,WR,PIT,11.186797964599833,5800.0,0.31216386567062077,0.15510402981904717,0.2901087363252548,0.070254387012809338,0.11500201783581726,0.027745602412143799,0.029621360924306787,0.0
Travis Benjamin,WR,SD,11.168289887481478,6600.0,0.24301283841610991,0.28351873283153511,0.19292497748514642,0.16042438283601476,0.057212029321931104,0.03648515354100601,0.026421885568256743,1.0
Brandon Coleman,WR,NO,10.717782548303644,4600.0,0.33792610175097515,0.25121987107921545,0.11745113559036606,0.10437403354179267,0.13278147582951214,0.03494774726369658,0.021299634944441811,0.0
Andre Johnson,WR,TEN,10.595694299514836,5100.0,0.51040435524488292,0.094735941988427802,0.11229441884393196,0.037985789437609919,0.1490107113662511,0.020922149215989536,0.074646633902906698,0.0
Corey Brown,WR,CAR,10.323866483274077,4800.0,0.41664481316647201,0.20428237510716746,0.11633692895608912,0.056820988205020247,0.14591848683953998,0.010864332369915771,0.049132075355795425,0.0
Brandon Marshall,WR,NYJ,10.15549757973527,7500.0,0.19452455486314579,0.4100378329274218,0.21659602378361176,0.10094306777833816,0.04251715832232196,0.010004704190291177,0.025376658134869282,1.0
Marquise Goodwin,WR,BUF,10.094601703958032,5300.0,0.39938218514517854,0.16453203968760682,0.22093086664469375,0.08404997241262227,0.065210334427417929,0.019186398712699886,0.046708202969780649,0.0
Ted Ginn Jr.,WR,CAR,10.093814848738983,5900.0,0.61394882995188083,0.11390362328543045,0.014382460301552994,0.047205636920473887,0.037304137111103614,0.027265709425802934,0.14598960300375532,0.0
Tyrell Williams,WR,SD,10.02474654467494,6400.0,0.34404310423832596,0.25480970424943611,0.1784771760855082,0.091634942911568748,0.069354937812331957,0.040040135358590703,0.021639999344238124,0.0
Adam Humphries,WR,TB,10.000757382438616,5000.0,0.42586837884525469,0.21387417008572451,0.11724678321393107,0.079362521722152107,0.078302132312475084,0.036174296183484535,0.049171717636977974,0.0
A.J. Green,WR,CIN,9.9990938738092883,8100.0,0.17488383433557059,0.42929790241139448,0.25896729342991143,0.062515631775362387,0.035057037401972357,0.020331809093974619,0.018946491551813945,1.0
Keith Mumphery,WR,HOU,9.9645019660092427,4500.0,0.40744843076315373,0.13359901729629331,0.27208916431323982,0.040160745275363535,0.093741073840901454,0.016382452821623109,0.036579115689425193,0.0
Charone Peake,WR,NYJ,9.6722821620616433,4500.0,0.46650945009971279,0.18272075691162448,0.12116567853685024,0.07389053410794974,0.066468135410931911,0.038823478403081792,0.050421966529848899,0.0
Kamar Aiken,WR,BAL,9.5842749355983443,5400.0,0.44109432470441523,0.22232363364485633,0.11686238943161455,0.076608898918152715,0.075762250774574796,0.0065562611084562482,0.060792241417930049,0.0
Devin Funchess,WR,CAR,9.5220724172326303,5300.0,0.50201106688896069,0.14726853152686226,0.10277340735227844,0.051568787073262866,0.1494317089675839,0.0039908654112357309,0.042955632779816018,0.0
Brandin Cooks,WR,NO,9.4326158230359631,8200.0,0.34179621648065778,0.33398733021395638,0.14284527483441137,0.050014636614150454,0.074642776668364483,0.033606137010989294,0.023107628177470398,0.0
Ryan Grant,WR,WAS,9.2258565973796038,4600.0,0.65948940065453476,0.080951591381781041,0.041027283202731683,0.024209906988905044,0.058068446071328585,0.0055901730786841256,0.13066319862203479,0.0
Larry Fitzgerald,WR,ARI,9.0334736679744569,7500.0,0.21739058590879823,0.48415224681147162,0.16992067113986234,0.071736801370447439,0.037889648206918737,0.0046554367277218504,0.014254609834779788,1.0
Dontrelle Inman,WR,SD,8.9650105108315081,5700.0,0.4870007542167254,0.17687488378416566,0.15609848845076513,0.069177651042371363,0.040985355558485183,0.014435179359411198,0.05542768758807607,0.0
Kenny Britt,WR,LARM,8.8925556692199965,5500.0,0.33296581435583178,0.36348384033113579,0.13897824223555552,0.093748343188453487,0.016775691564234436,0.041726287261115338,0.012321781063673492,1.0
Bennie Fowler,WR,DEN,8.8617522354492095,4500.0,0.49759856197448415,0.1344038656533984,0.18946152343723008,0.049755107386807405,0.077438535202854875,0.022481046435881023,0.028861359909344079,0.0
Cameron Meredith,WR,CHI,8.8183710278118514,4500.0,0.43511747875726969,0.23321143415979725,0.15078093482720908,0.088170141480701875,0.042873913066205617,0.020736540044053266,0.029109557664763135,0.0
Golden Tate,WR,DET,8.5714137277319722,6200.0,0.51369753675042062,0.16776625698354267,0.1278410127525266,0.067762612159417812,0.077370272577419297,0.012059647185670593,0.033502661591002354,0.0
Torrey Smith,WR,SF,8.5219353909885367,5600.0,0.41258626979741697,0.25820130066163344,0.18215701691646888,0.068132222659556166,0.051475466657472609,0.0045579949359081957,0.022889728371543995,0.0
Anquan Boldin,WR,DET,8.4288035617369736,6500.0,0.52442202265601834,0.14120034683821681,0.14489518339952753,0.091701848523821836,0.054942803848864366,0.012368285349921033,0.030469509383629925,0.0
Dwayne Harris,WR,NYG,8.3512083223159514,4500.0,0.63153127550939381,0.14166272211788189,0.020490265718713114,0.074311239876813609,0.014827726687019097,0.037530147371196976,0.079646622718981555,0.0
Chris Hogan,WR,NE,8.1944058199537579,5200.0,0.63575382082242049,0.092220012527363643,0.086035944398748454,0.042950481302045054,0.055860436405092348,0.029579604265838787,0.057599700278491157,0.0
Quincy Enunwa,WR,NYJ,8.171462490047027,5600.0,0.36325539506617671,0.40262543542120399,0.11882613491897101,0.054764513640125106,0.017556144421968799,0.013215848875395841,0.029756527656158407,1.0
Jermaine Kearse,WR,SEA,8.1367076710653521,4900.0,0.54641986052785929,0.15280926118348165,0.11763996958314589,0.083697242497157084,0.045909465999251504,0.028923039322906362,0.024601160886198185,0.0
Griff Whalen,WR,SD,8.0426590361710826,4500.0,0.52828756603682991,0.16933555222787855,0.14594731843967249,0.064236061061253208,0.046324654497258359,0.019235128891332977,0.026633718845774566,0.0
Rashad Greene,WR,JAC,7.9738951331911441,4600.0,0.6121672903858959,0.13266253476443729,0.1123800084858311,0.036515845416924236,0.024670263364496688,0.00086565939488361741,0.080738398187531063,0.0
Kenny Stills,WR,MIA,7.906398615090084,5100.0,0.52801505263418524,0.17954601935772307,0.14169232783045388,0.063169416989844671,0.051384279278513321,0.0079667969963477126,0.028226106912932314,0.0
Amari Cooper,WR,OAK,7.8925858882043292,7600.0,0.49395930315263809,0.25360103281858853,0.13258196462382313,0.027311000660739323,0.040287769546748696,0.015343269585390803,0.036915659612071425,0.0
Jeremy Maclin,WR,KC,7.8037483275284654,6900.0,0.46392587609179825,0.26342591686582639,0.14779157930858802,0.052626186393906968,0.045280859129091584,0.0082891266970160065,0.01866045551377284,0.0
Jeremy Kerley,WR,SF,7.7676468016208133,5200.0,0.45677802024143149,0.28319235478576571,0.14881198445212995,0.045905837659740718,0.032321588708827412,0.0058181487793831557,0.027172065372721443,0.0
Michael Thomas,WR,NO,7.7655965224995249,5300.0,0.47693930643364396,0.31914967109228332,0.05430709693196293,0.065230860676234556,0.037233964056893186,0.017118102647309622,0.030020998161672516,0.0
Lucky Whitehead,WR,DAL,7.735967899654991,4500.0,0.69817312842885115,0.063371261460341125,0.069253103779548103,0.018572751103359934,0.074247836732001263,0.0025839730332418509,0.073797945462656431,0.0
Walter Powell,WR,BUF,7.7243723068322847,4500.0,0.61818147203098606,0.13042548076973057,0.10351693728193433,0.033559782625081198,0.053857956567595011,0.001116985215426188,0.059341385509246655,0.0
Marc Mariani,WR,TEN,7.7189708319393153,4500.0,0.61720841802181037,0.10160143724495076,0.1207713833380345,0.038586232041516802,0.078766426512003163,0.0067360721177781935,0.036330030723906045,0.0
Tyreek Hill,WR,KC,7.6390026191513822,4500.0,0.55280233369371257,0.18805717736708719,0.12084288313627842,0.048212968312186202,0.038593241481280981,0.023765576488336708,0.027725819521117915,0.0
Will Fuller,WR,HOU,7.5550834096176631,6700.0,0.4422646645913797,0.35343865925509521,0.096366745844191845,0.052665770920539853,0.01836979023225719,0.0042968948187193301,0.032597474337816727,0.0
Jaelen Strong,WR,HOU,7.346971409435846,4700.0,0.57727480516502938,0.17085076094056945,0.1290402502871032,0.041276270992953161,0.043920232513016202,0.0024610955447780325,0.035176584556550601,0.0
Michael Floyd,WR,ARI,7.2322820203925593,6500.0,0.38056913992238195,0.44480756670140098,0.092576728323139859,0.045601737043733451,0.020252707296596055,0.0043796294797427476,0.011812491233005066,1.0
Laquon Treadwell,WR,MIN,7.1253978845118899,4600.0,0.67672133863109829,0.12459690174388412,0.068088061525997959,0.027854710756841025,0.033358415705534425,0.002443305749566688,0.066937265887077477,0.0
Jordan Norwood,WR,DEN,7.1104025556479051,4600.0,0.65652813223643613,0.12486415581147532,0.083733144278379606,0.041531330438360638,0.038459537650732942,0.0036174149711118973,0.051266284613503563,0.0
Terrelle Pryor,WR,CLE,7.1091381625300523,7000.0,0.38597510370304694,0.46089435217529073,0.054499966346756863,0.068155519079400775,0.017476958591788275,0.004619129761536985,0.0083789703421793572,1.0
Adam Thielen,WR,MIN,7.0818564343292039,4900.0,0.59029832016214012,0.17646558894957939,0.10304640340136985,0.038080434397279823,0.067081290778699648,0.007623553476112298,0.017404408834818804,0.0
Phillip Dorsett,WR,IND,7.0335198854478591,6400.0,0.49658594682579826,0.31161983213224725,0.088050586746609344,0.032414961031942455,0.052894949929393011,0.0064406086802378092,0.011993114653771886,0.0
Brandon LaFell,WR,CIN,6.9970954085261754,5500.0,0.54604410974253703,0.22060108852505206,0.13320860565404055,0.046981033506508188,0.026085130151446718,0.00593536665727315,0.021144665763142265,0.0
Tajae Sharpe,WR,TEN,6.9456041460033999,5600.0,0.66905223077615428,0.14907518570665262,0.048691667575850014,0.025126084916899338,0.050961213137509738,0.0051128768156552982,0.051980741071279021,0.0
Mike Wallace,WR,BAL,6.864355676798235,6700.0,0.55950706768986957,0.24691596399855054,0.087379649793449116,0.026470453764131124,0.056613227575333096,0.0032713609872403082,0.019842276191426318,0.0
Quinton Patton,WR,SF,6.8053609751681776,4800.0,0.5627296635334923,0.22011605978518048,0.11708079849467769,0.040674762501022539,0.036654705558341653,0.0064564248697929075,0.016287585257492469,0.0
Justin Hardy,WR,ATL,6.7566886708582565,4900.0,0.67459055793380474,0.12559696081648161,0.060143986099058508,0.053952830543326787,0.040700630057932639,0.0078706235171532666,0.037144411032242419,0.0
Aaron Burbridge,WR,SF,6.7148964616762647,4500.0,0.60351735763466408,0.20473999135984938,0.099726539257414343,0.021746533725814799,0.032841701518064224,0.00073425471092134918,0.036693621793271812,0.0
Josh Bellamy,WR,CHI,6.6574598133602523,4500.0,0.60100228986602189,0.16876852334730996,0.1190484157861568,0.073549184917023031,0.014794436468182423,0.0024267769139061628,0.020410372701399608,0.0
Sterling Shepard,WR,NYG,6.6549353204699031,6900.0,0.51323365567346502,0.33372790614200715,0.056507456339621877,0.05899217407691499,0.012420224695807038,0.0037893104736265821,0.021329272598557485,0.0
J.J. Nelson,WR,ARI,6.6546039824421488,4600.0,0.59632634998279943,0.19614427846957555,0.088380841744909844,0.065910532582688017,0.024865439422598654,0.015733431061806535,0.012639126735621998,0.0
Mohamed Sanu,WR,ATL,6.4448530001112783,6200.0,0.59738370659186835,0.22704661065387483,0.089509449723962825,0.037543805857491841,0.013827729733889712,0.0070091866270070111,0.027679510811905499,0.0
Steve Smith,WR,BAL,6.4242166332720263,6100.0,0.59874701494158955,0.2679035556664251,0.038075871546243555,0.038945854844121761,0.016021651301421969,0.0014169852625648693,0.038889066437633173,0.0
Tommylee Lewis,WR,NO,6.4186996887138781,4500.0,0.63570818467627166,0.19827421068973486,0.069611273753338934,0.034772198688226681,0.022085382278319549,0.0023212133821998589,0.037227536531908474,0.0
Jaron Brown,WR,ARI,6.4090881642950492,4700.0,0.51614889223139515,0.33212302301807323,0.076834690763346244,0.044385317126973953,0.012403751736523376,0.0029492288778283659,0.015155096245859544,0.0
Kelvin Benjamin,WR,CAR,6.3833748272238324,7700.0,0.64874989085585255,0.2193750152279581,0.035633891671127862,0.02456106283789725,0.020629032052169548,0.0013328984368556939,0.049718208918139072,0.0
Jakeem Grant,WR,MIA,6.3441822608379734,4500.0,0.67748676106681804,0.13465539345313751,0.093555763823527927,0.022872403061754906,0.033634914981089954,0.0011688676873931421,0.036625895926278601,0.0
Chris Conley,WR,KC,6.3370822364937487,4800.0,0.62570047493944136,0.18751442415664377,0.089077968696285953,0.037994979961025334,0.035745261461311038,0.0073364600554583007,0.016630430729834212,0.0
Kevin White,WR,CHI,6.2991762277220902,5500.0,0.61090447143850723,0.23795569697320193,0.043103451176633105,0.068251274338095788,0.0097686682268878361,0.0021751304715137186,0.027841307375160388,0.0
Victor Cruz,WR,NYG,6.2093402658705097,5700.0,0.57135422153128712,0.29212857132700959,0.04701811313669866,0.05445351590217027,0.011777329656962387,0.0040068171058879011,0.01926143133998388,0.0
Matthew Slater,WR,NE,6.1174420908264828,4500.0,0.77324549425084999,0.051905273688295755,0.067380479011446698,0.029650411785966231,0.020736629691163314,0.0040711285921675765,0.053010582980110396,0.0
Seth Roberts,WR,OAK,6.0916049690104792,5400.0,0.70054700255736435,0.1390491308487532,0.072679737666461047,0.021362076135599619,0.021256646351028002,0.0055903787037667307,0.039515027737027079,0.0
Alshon Jeffery,WR,CHI,6.0765521832429457,8200.0,0.56405799635803766,0.31102212486000574,0.043221408579803507,0.055107511441879781,0.0069812672260911321,0.0019100690488079903,0.017699622485374249,0.0
Tyler Lockett,WR,SEA,5.9446596241315435,6200.0,0.70432750376485298,0.11725068432124459,0.072569326871647133,0.060367802374877433,0.014855588578593065,0.0087148575028906852,0.021914236585894104,0.0
Devin Hester,WR,BAL,5.869199903464299,4700.0,0.75372772003843658,0.11034470220873675,0.041383101442016089,0.023866908635835623,0.018910824941007837,0.0019991852281543887,0.049767557505812438,0.0
Alex Erickson,WR,CIN,5.7194395788546526,4500.0,0.74793906344706318,0.11176004452072717,0.057547172569379607,0.017996495596577913,0.022724186386718515,0.00071163322808821155,0.041321404251445426,0.0
Sammie Coates,WR,PIT,5.6913018605301335,5400.0,0.70586832502607511,0.17517703493401901,0.034966025877241659,0.031168915800049379,0.015127894899095818,0.0039091760612537012,0.033782627402265321,0.0
Aldrick Robinson,WR,ATL,5.691128932149871,4500.0,0.7653869617405874,0.10214195932408,0.033409974719209354,0.035462614100719492,0.018716060201352195,0.0024826665876188812,0.042399763326432888,0.0
Julian Edelman,WR,NE,5.6609544147712905,7200.0,0.77396001743184795,0.094804654071757463,0.034457435855064188,0.031436772876213943,0.018433060405266464,0.0029823926109071664,0.043925666748942896,0.0
Eric Weems,WR,ATL,5.6482805029336429,4500.0,0.78465157149449261,0.075333286949148606,0.040742956784674135,0.030298044276780584,0.024226390787725233,0.003882112673115634,0.0408656370340632,0.0
Brandon Tate,WR,BUF,5.6280024262912782,4500.0,0.73894086720163421,0.095882510897470338,0.094437934389958691,0.026247089559814526,0.01016208536270548,0.0011262242494053073,0.03320328833901165,0.0
John Brown,WR,ARI,5.6098073679136125,6200.0,0.59487454266910622,0.28604948061294266,0.06454528047085259,0.032249057198966799,0.013460137836652657,0.00073736586003319291,0.0080841353514458075,0.0
Rishard Matthews,WR,TEN,5.5932883533377877,5000.0,0.78264603844973479,0.095600228541324037,0.02910578026268355,0.019265469536745076,0.026556456284148214,0.0023636847738866575,0.044462342151477714,0.0
Mike Thomas,WR,LARM,5.5581267026707,4500.0,0.68859837669078683,0.16538682630003548,0.072940148969527871,0.028972922716814356,0.025594223305384474,0.0061574721269100872,0.012350029890541125,0.0
Andre Holmes,WR,OAK,5.5375797237138666,4600.0,0.77372857601905387,0.097011375034954744,0.05229936581346236,0.015355256051134055,0.014500461010237936,0.0028960357173212006,0.044208930353835989,0.0
Ricardo Louis,WR,CLE,5.4890701660630459,4500.0,0.6710680254330964,0.20322943637279386,0.060272388636428011,0.030142791841067332,0.017744075443712513,0.00093079500330231523,0.016612487269599324,0.0
Robert Woods,WR,BUF,5.4780839016768619,5400.0,0.7476184257028583,0.11574410365589463,0.052777616296274234,0.031053684893466323,0.024346486171321364,0.0008116643999721353,0.027648018880212941,0.0
Tavon Austin,WR,LARM,5.4012677453633211,5800.0,0.63418134096034584,0.24744380144371644,0.063975012140759041,0.037339020037486834,0.0055913800871586873,0.0027161678414195285,0.0087532774891133699,0.0
Rod Streater,WR,SF,5.400279941579031,4500.0,0.67284650897322063,0.21481651129323112,0.051216730021929446,0.028527434958707434,0.013373904071111935,0.00079654907570100083,0.018422361606098597,0.0
Malcolm Mitchell,WR,NE,5.3563455014999537,4500.0,0.8064844145917125,0.068948191993947819,0.032684404690290943,0.02691676408914262,0.023077676652504941,0.0055896412250631342,0.036298906757338108,0.0
Jordan Taylor,WR,DEN,5.2534583801633135,4500.0,0.7679543362421104,0.1132762879961093,0.056231776150661689,0.012033457218592345,0.015416526191851595,0.00058943066155948032,0.034498185539115267,0.0
Paul Richardson,WR,SEA,5.1670941065533347,4500.0,0.7908038482560853,0.088180476801049942,0.035999109194312102,0.039839395841437336,0.013766366676096415,0.0036758327395518034,0.02773497049146708,0.0
Darrius Heyward-Bey,WR,PIT,5.1087814232256452,4500.0,0.78585455880232746,0.090061086449247124,0.043234887463300939,0.030212147196405092,0.028773871628554337,0.0017459465501505191,0.020117501910014594,0.0
Tyler Boyd,WR,CIN,5.0865784729320342,5400.0,0.75303011320560087,0.14430998343176632,0.035718648643669644,0.029861025244665794,0.0111240764902898,0.00081730814926943697,0.025138844834738078,0.0
Albert Wilson,WR,KC,4.9740158234193927,4700.0,0.77089449803731225,0.11440914153143522,0.050773950038374191,0.025756018759955111,0.017022080956798219,0.0026321842841166825,0.018512126392008197,0.0
Breshad Perriman,WR,BAL,4.9073763958016476,5000.0,0.76627095810982926,0.15029383820403314,0.026021162294608515,0.018153384897087909,0.011493715181105606,0.0011873450568583765,0.026579596256477159,0.0
Tavarres King,WR,NYG,4.9043752029377439,4500.0,0.77753864507291059,0.11941371415160268,0.046699836535532432,0.017214522745241052,0.014610573634595963,0.00094787366665811371,0.023574834193459022,0.0
Danny Amendola,WR,NE,4.8364673820599888,5400.0,0.78762686762910228,0.062491456093590532,0.10615682616579462,0.0093947620473553411,0.023427775666370693,0.00018136760422846665,0.010720944793557983,0.0
Leonte Carroo,WR,MIA,4.7928024517661543,4500.0,0.80087538006545478,0.093471272678057146,0.04355317422356729,0.023092350288663455,0.01724769957725308,0.0011505203549952478,0.020609602812009235,0.0
Andre Roberts,WR,DET,4.7232693809111286,4500.0,0.82096488367075704,0.083371688555963913,0.028456257498384371,0.029608725991910403,0.010585034066723301,0.0015892053458853774,0.025424204870375649,0.0
Deonte Thompson,WR,CHI,4.484094384921427,4500.0,0.80160127398447267,0.11394212894009927,0.025210441371538647,0.039148265565874765,0.0056526055060326852,0.00099580235235306063,0.013449482279629003,0.0
Brian Quick,WR,LARM,4.4553102123588992,4500.0,0.75033706718091098,0.17480895332453344,0.037754099932477435,0.024417148205093036,0.0041167132672399118,0.003101683990194485,0.0054643340995507985,0.0
Andrew Hawkins,WR,CLE,4.3851307686710461,4500.0,0.78357770362527457,0.14946221654452091,0.017297415096801289,0.033453035045791377,0.0046249681159674849,0.00079344721389841761,0.010791214357746095,0.0
James Wright,WR,CIN,4.2809027483147979,4500.0,0.83312639303418468,0.095249517916720705,0.02519685180605398,0.018883580532867317,0.0097602481874561157,0.00049770774130410947,0.017285700781412932,0.0
Vincent Jackson,WR,TB,4.2582953891010771,5100.0,0.8278429434986031,0.10355749311074562,0.019442628261326519,0.025764783943236336,0.0070763180909605965,0.0016241407500442809,0.014691692345083697,0.0
Cordarrelle Patterson,WR,MIN,4.1956584571767843,4700.0,0.84473356913890141,0.073585482155768475,0.03777973156399974,0.012596551038500426,0.020093945521453514,0.00069891521911597042,0.010511805362260556,0.0
Quan Bray,WR,IND,4.1469564498016824,4500.0,0.80457673826501364,0.14453723612461983,0.016140703124258356,0.014621139008786059,0.0086557561637785781,0.00030571442153743485,0.011162712892006196,0.0
Rashard Higgins,WR,CLE,4.0700697857828523,4500.0,0.82275052733159326,0.12085467752623509,0.017107283641091701,0.023984973471150115,0.0046814159781947843,0.00051544354290414859,0.010105678508831026,0.0
Charles Johnson,WR,MIN,4.0299907058518061,4700.0,0.85578489884880971,0.083466142619340197,0.021502003080878185,0.015251758232302645,0.0084388526460560179,0.00073262174256778789,0.014823722830045204,0.0
Cody Latimer,WR,DEN,3.8812446449822393,4500.0,0.85688234441545896,0.070582032046904067,0.049674973224669121,0.0055714603068515063,0.0090862274793054934,4.1064507895469041e-05,0.008161898018915625,0.0
Bradley Marquez,WR,LARM,3.5223108018045015,4500.0,0.87534698570197045,0.085144925486163772,0.020892418155011274,0.010891853199534158,0.0017501784154540197,0.00064835231189037826,0.0053252867299759411,0.0
Odell Beckham Jr.,WR,NYG,2.6734981417690138,8700.0,0.97476744608675059,0.017530436589905354,0.0070157477760619431,0.00024046299066180377,0.00019282371325101856,1.7396743992782096e-08,0.00025306544662523578,0.0
