name,pos,team,expectation,salary,prob_0_5,prob_5_10,prob_10_15,prob_15_20,prob_20_25,prob_25_30,prob_30+,label
Jordan Reed,TE,WAS,14.74487582370462,7500.0,0.125273002152957,0.18734447304106699,0.25285760166347315,0.18492392999990734,0.11837575932645808,0.083548905825024847,0.047676327991112641,2.0
Greg Olsen,TE,CAR,12.162909389591313,7900.0,0.14217329723408714,0.32033444587136595,0.20160962162637572,0.20947989145573664,0.068217674626183777,0.04699008919229123,0.011194979993960581,1.0
Jason Witten,TE,DAL,9.8205595238967547,6000.0,0.27933818822687267,0.33026084153046659,0.18371200126175852,0.11393543008491026,0.049688326362897904,0.036037610964046396,0.0070276015690481607,1.0
Jimmy Graham,TE,SEA,9.541030836887689,6400.0,0.26931841027106118,0.33813844920962538,0.22569993492362295,0.088423171669883269,0.048200914960838642,0.023886399869757293,0.0063327190952116395,1.0
Travis Kelce,TE,KC,9.4465854966315561,6500.0,0.28583753302072051,0.33371342793517422,0.20504495317865593,0.10063938915207091,0.044103777907194261,0.021410324194241069,0.0092505946119430891,1.0
Eric Ebron,TE,DET,9.3180336300093796,5800.0,0.29858955538519416,0.30773712087995531,0.22855615933994541,0.10035606498204369,0.038194405680297895,0.01851469365796948,0.0080520000745938312,1.0
Coby Fleener,TE,NO,9.2472969441982542,5400.0,0.28894950819654536,0.34580426499840411,0.19532147667243904,0.099778007687088485,0.046855398050762234,0.01675812222259352,0.0065332221721671902,1.0
Martellus Bennett,TE,NE,9.2069287904948673,6300.0,0.26419572243363487,0.38396954176879805,0.19391945569949504,0.095854181795980861,0.039075744138445452,0.015795346049490941,0.0071900081141548014,1.0
Dwayne Allen,TE,IND,8.9322607245812566,5900.0,0.29786130687817941,0.32993713062196872,0.22514979537959334,0.10079958360569706,0.032234694727470481,0.010823855538646216,0.0031936332484449035,1.0
Gary Barnidge,TE,CLE,8.5204881465686757,5900.0,0.31730985218201468,0.36961250509360638,0.16627549111095721,0.10582886577610157,0.024530574778431617,0.013701584217727769,0.0027411268411606992,1.0
Jacob Tamme,TE,ATL,8.4372329068070027,5500.0,0.35378011514532354,0.31529272141774006,0.18780709180023122,0.097710580557171647,0.028809938673920486,0.013152607106990941,0.0034469452986224339,0.0
Delanie Walker,TE,TEN,7.8830868965259615,6700.0,0.39452312404712975,0.28938630144869348,0.20534539004034236,0.078172466943616126,0.023749114495593075,0.0068846537983161928,0.0019389492263095609,0.0
Kyle Rudolph,TE,MIN,7.6386374641960728,5600.0,0.39327267578188257,0.35727051974865931,0.14898475090103935,0.064751679775475079,0.012892622608268161,0.014478960780943307,0.0083487904037326151,0.0
Dennis Pitta,TE,BAL,7.5053922786357017,5400.0,0.41058234734542431,0.35331823478899227,0.12399615635355168,0.070359978940653059,0.021013365371065459,0.020073301251476224,0.00065661594883728287,0.0
Rob Gronkowski,TE,NE,7.4125349531289242,7400.0,0.54813248750788424,0.16126547332864474,0.10453403724949502,0.16031959012064123,0.0056784449380375464,0.014635927916903792,0.0054340389383934172,0.0
Zach Miller,TE,CHI,7.0202514061105816,5000.0,0.44673620063106406,0.33927918935333551,0.12648537642606991,0.056287756748242435,0.01653626065386251,0.012397919374533837,0.0022772968128914692,0.0
Charles Clay,TE,BUF,6.4630431884290358,5100.0,0.60255421078831051,0.17903796237536945,0.094740192348526819,0.078037062585378861,0.040808235909694686,0.0030660164894748543,0.0017563195032452756,0.0
Cameron Brate,TE,TB,6.4170168869769988,5300.0,0.52317796020417617,0.27308385158326159,0.13837968117030036,0.044203218571647933,0.0097801103003155726,0.0080723943677379374,0.003302783802560254,0.0
Jack Doyle,TE,IND,6.2935569242827114,4800.0,0.55045007796030987,0.26074858105051052,0.12001448818148923,0.038938912765745605,0.0099122528562002148,0.018742592657549233,0.0011930945281953119,0.0
Clive Walford,TE,OAK,6.1115397837127228,4900.0,0.56537512967098813,0.25170652146982708,0.11181363642125851,0.044714691711376119,0.020709422627341267,0.0046209939054334464,0.001059604193775382,0.0
Larry Donnell,TE,NYG,5.9485481043047344,5100.0,0.59836394460555442,0.22032576775343987,0.11488925925981512,0.042096320456125269,0.01523948291257125,0.0044636806746646725,0.004621544337829589,0.0
C.J. Uzomah,TE,CIN,5.8270680732634128,5000.0,0.57386792669829045,0.27913059741633706,0.08953252658900461,0.036009331545937544,0.01133443368276368,0.0079743078335753718,0.0021508762340911114,0.0
Lance Kendricks,TE,LARM,5.4036502082733415,4500.0,0.62647231498429234,0.20633537980474087,0.14098287823899056,0.021264062346697005,0.0012711732697155804,0.00022014570544690891,0.0034540456501167124,0.0
Will Tye,TE,NYG,5.299225703780615,4700.0,0.66634455798326964,0.19842939607284255,0.083858804236523185,0.032982370243019581,0.0064164083241298603,0.005806412151164478,0.0061620509890512659,0.0
Darren Fells,TE,ARI,5.2879561867212459,4700.0,0.64606152172753073,0.21288172917405335,0.099973036151324371,0.027528074426761365,0.0088238166552961801,0.0025819307710968765,0.0021498910939375055,0.0
Dion Sims,TE,MIA,5.172643085415026,4500.0,0.68105430917665977,0.16184701624454137,0.11822205690927125,0.0271055771703222,0.0056880869585588193,0.004913860226324375,0.0011690933143226766,0.0
Ryan Griffin,TE,HOU,4.867446086199382,4500.0,0.70670539242398456,0.17147457908461039,0.085767284385867462,0.022934283977264477,0.0067673978854455117,0.0044495191122865254,0.0019015431305419055,0.0
Jesse James,TE,PIT,4.7964479235522974,4500.0,0.71050711778179831,0.16780465190914248,0.0904822359085862,0.022397803375688502,0.0052640270620427799,0.00051074876593967193,0.0030334151968015163,0.0
Marcedes Lewis,TE,JAC,4.7126628393533432,4600.0,0.71403443466609184,0.17878531854905921,0.079942037195088689,0.011524234671770063,0.01235184545511009,0.0013138349420235469,0.0020482945208560024,0.0
Vernon Davis,TE,WAS,4.5734564233356343,4500.0,0.73698843719324403,0.14797245750800109,0.095841221451022834,0.0093337416383869141,0.0065954213856016537,0.00039547436987930279,0.002873246453864033,0.0
Niles Paul,TE,WAS,4.5592098377481607,4500.0,0.75159075402574804,0.10697147155738658,0.13221436948192516,0.0046968888807905748,0.00090270779505133823,0.00054299631888127535,0.003080811940217182,0.0
Hunter Henry,TE,SD,4.4337480824461402,4500.0,0.78050010667585035,0.12561820489491798,0.052572963125267276,0.028827116742130177,0.0021986825661044727,0.004086409412852072,0.0061965165828779525,0.0
Luke Willson,TE,SEA,4.3375264661091553,4500.0,0.77624829963981146,0.13177839056049498,0.059970965071817116,0.021398212465782138,0.0046571312756038463,0.0037957975961713138,0.0021512033903204699,0.0
Jace Amaro,TE,TEN,4.2729833464670612,4600.0,0.79239893555867702,0.11439645828132358,0.0507307437282924,0.037341915066906185,0.0019636365183948023,0.001157058813623997,0.0020112520327824437,0.0
Geoff Swaim,TE,DAL,4.1348704270756436,4500.0,0.80186703986476904,0.11399338559907775,0.058562388540820902,0.0098167440011558658,0.014328244775764928,0.00014438019452560049,0.0012878170238852444,0.0
Lee Smith,TE,OAK,4.1057995568275434,4500.0,0.77243936077474851,0.15728483899910914,0.052719711185091188,0.014602920497246902,0.0017588414581238122,0.00011440225662691844,0.001079924829053356,0.0
Garrett Celek,TE,SF,4.0721841156702681,4500.0,0.7953271731471212,0.12901616955775533,0.060246620836225735,0.0069464622959912415,0.0022292580788209147,0.0035680412306439663,0.0026662748534414782,0.0
Tyler Kroft,TE,CIN,4.0187861220750305,4600.0,0.82315580575052061,0.098933487491806332,0.044783705215937462,0.024833059031809497,0.0051348986003554448,0.0002108202784886639,0.0029482236310817604,0.0
Gavin Escobar,TE,DAL,3.8495432338588178,4500.0,0.85890613549364359,0.086118945847814168,0.021793165613708122,0.00092387639711551312,0.026812864125698836,0.0034748649271573572,0.0019701475948622343,0.0
Austin Hooper,TE,ATL,3.8096939906727147,4500.0,0.80211749440473012,0.14499623295098274,0.046319444219507754,0.0049430903519568029,0.0003351643470753377,0.00016132061132053202,0.0011272531144262425,0.0
Crockett Gillmore,TE,BAL,3.7542131206293941,4500.0,0.82409530266116648,0.11926295733070663,0.043327283424867094,0.011036725141166779,0.0010566061088135824,0.0002325430530862463,0.00098858228019266074,0.0
Jeff Heuerman,TE,DEN,3.6733159976349583,4500.0,0.87485412838513221,0.079706028400760381,0.025691771586558977,0.0052602684130387831,0.00062800595713875232,0.0032052555249780621,0.010654541732392588,0.0
Nick O'Leary,TE,BUF,3.6691700167739212,4500.0,0.85348717548838582,0.095615614341497068,0.032082589930984777,0.009782137504968702,0.0055131746307513132,0.00014760303918464644,0.0033717050642281358,0.0
Levine Toilolo,TE,ATL,3.5664341609881127,4500.0,0.84323170247835522,0.11704475297319143,0.029659596986876355,0.0077933467843764948,0.00041993082910398371,0.0001108220543253962,0.0017398478937702276,0.0
Xavier Grimble,TE,PIT,3.5391416924540966,4500.0,0.85317089918679412,0.10347683947891291,0.031774060051824954,0.0092167035919363208,0.00085276539742494377,4.3035574966652032e-05,0.0014656967181406585,0.0
David Johnson,TE,PIT,3.516778309879133,4500.0,0.88473675196452872,0.073855021865406573,0.026917754310469808,0.0034280248872940932,0.0020178545223233772,0.00098680812436822735,0.0080577843256097199,0.0
Ed Dickson,TE,CAR,3.4385112413545582,4500.0,0.87481089270231038,0.087173031568073697,0.027393366946432792,0.0058872001406114118,0.00098131790469392871,0.00016441935123150022,0.0035897713866468593,0.0
Rhett Ellison,TE,MIN,3.391535483015188,4500.0,0.89186327697398882,0.070782552349819811,0.024955547126167207,0.0057733126100128042,0.00098448956859401937,0.00020652334516327536,0.0054342980262542286,0.0
Demetrius Harris,TE,KC,3.3913004218464531,4500.0,0.87993240890707825,0.084263523476006602,0.024809849040380083,0.0067390487072943135,0.0012016586463941311,0.00032982722895982976,0.0027236839938869486,0.0
Sean McGrath,TE,SD,3.3041284346914441,4500.0,0.88605311773688489,0.085923480401656163,0.019150584393764488,0.005215814325759063,0.00060247681903750851,0.00087382240210600822,0.0021807039207917852,0.0
Cole Wick,TE,DET,3.2754952941626749,4500.0,0.89043411637055581,0.080397839671652829,0.021965968506898581,0.0040366343524450557,0.00065206941845859852,0.00019054300267473873,0.0023228286773141339,0.0
Phillip Supernaw,TE,TEN,3.2547412177492907,4500.0,0.88907784699995362,0.082911041822373285,0.02389544997873632,0.00095602865052509998,0.00077906383423691759,0.0008078241071007771,0.0015727446070746291,0.0
Kellen Davis,TE,NYJ,3.2077632145247175,4500.0,0.92531705092461725,0.048237840586327276,0.013632848300775127,0.0038059619045521208,0.0010061587998438219,0.00092954789414186219,0.0070705915897423238,0.0
Brandon Myers,TE,TB,3.2007170127113587,4500.0,0.90014377360501563,0.07268755404301952,0.020970249071618388,0.0036967431524644323,0.00061746905303159034,0.000194751533354406,0.0016894595414959702,0.0
Maxx Williams,TE,BAL,3.1880740908292968,4500.0,0.91091498306417851,0.065877418425864184,0.015083799266953243,0.0020916097319190036,0.00091381400699724858,0.0010864831961502281,0.0040318923079371832,0.0
Anthony Fasano,TE,TEN,3.1659489461564734,4500.0,0.90314180781252029,0.074414105410375325,0.017951442564797717,0.00072236357072138666,0.00090193970512238359,0.0010308446188927629,0.0018374963175702027,0.0
Brandon Bostick,TE,NYJ,3.1158645245434644,4500.0,0.93866339196075543,0.040732232049048321,0.010351040248519131,0.00062350992226643776,0.00068968322424744469,0.00066773144649480236,0.0082724111486682066,0.0
Tyler Higbee,TE,LARM,3.0417002796306929,4500.0,0.91503714947993919,0.071602898900779116,0.010188792247983294,0.00062683434985689849,0.00053312121562770765,0.00048416008031656094,0.0015270437254967502,0.0
Cory Harkey,TE,LARM,3.0417002796306929,4500.0,0.91503714947993919,0.071602898900779116,0.010188792247983294,0.00062683434985689849,0.00053312121562770765,0.00048416008031656094,0.0015270437254967502,0.0
Blake Bell,TE,SF,2.992196280821954,4500.0,0.93345365159479032,0.048581084343799333,0.01321010303787298,0.0012975410636538944,0.00073454013971869451,0.00072855789070959583,0.0019945219294555225,0.0
Orson Charles,TE,DET,2.971783464263217,4500.0,0.93448089818634106,0.05104068289667079,0.010038465718437526,0.00060828052429798827,0.00086889730606552382,0.00087959478084816568,0.002083180587338604,0.0
Logan Paulsen,TE,CHI,2.9709537286025181,4500.0,0.93607273432134919,0.048757494924661596,0.010483086840632908,0.00067159290672682572,0.00095317295582776369,0.00084190717275005116,0.002220010878051462,0.0
C.J. Fiedorowicz,TE,HOU,2.9688531772744313,4500.0,0.9422987536304831,0.041870558606703828,0.010010227407562534,0.00061817413843877659,0.00088514603754429695,0.0010512637984457472,0.0032658763808208536,0.0
Khari Lee,TE,DET,2.9652554787064513,4500.0,0.93807665277769825,0.044556388518930262,0.013005959862417215,0.000647868135776727,0.00090107896071254222,0.00089564606111564135,0.0019164056833488236,0.0
Clay Harbor,TE,DET,2.9652554787064513,4500.0,0.93807665277769825,0.044556388518930262,0.013005959862417215,0.000647868135776727,0.00090107896071254222,0.00089564606111564135,0.0019164056833488236,0.0
Mychal Rivera,TE,OAK,2.958504849223242,4500.0,0.93681795458225103,0.049425506192246921,0.0092692770391200625,0.00060294479797569052,0.00083813129767653001,0.00081643973347645174,0.0022297463572532204,0.0
Neal Sterling,TE,JAC,2.9539724705050499,4500.0,0.93945946013383019,0.046214739586315619,0.0095421376132894149,0.00057913391147947654,0.00092396917449624456,0.00084095761208917126,0.0024396019684994634,0.0
Marqueis Gray,TE,MIA,2.9512393788146913,4500.0,0.93817007996241208,0.046689962642368806,0.010965397264730321,0.00059744671365380322,0.00082453429968558573,0.00090341534004372188,0.0018491637771056119,0.0
Jim Dray,TE,BUF,2.9460524901890501,4500.0,0.9400214981027708,0.044459049250890781,0.011250261334120153,0.00049867620129813526,0.00099011934544918014,0.00085210156171525912,0.001928294203755614,0.0
Randall Telfer,TE,CLE,2.9455155772911983,4500.0,0.93994688463436371,0.045552078793924325,0.010037984331247241,0.00059876609965415074,0.0008708958332745738,0.000841233752814299,0.0021521565547213441,0.0
James O'Shaughnessy,TE,KC,2.9384985752885329,4500.0,0.94163120270174527,0.04351616003369177,0.010355067172474058,0.00058024097145584978,0.0010321238022892986,0.00076642134246146987,0.0021187839758822465,0.0
MyCole Pruitt,TE,MIN,2.9379613281491843,4500.0,0.93897594268592255,0.047453370099810335,0.0095833323978175081,0.00059299743690424808,0.00071577831664010436,0.00072042583450878479,0.0019581532283961065,0.0
Ifeanyi Momah,TE,ARI,2.9374596411126186,4500.0,0.94139562022846768,0.044213465932536299,0.0099999762498171,0.0005751909199866968,0.00081373064886322783,0.00081005979813118898,0.0021919562221976063,0.0
Jermaine Gresham,TE,ARI,2.9259189826743945,4500.0,0.94354275233856666,0.041941337076082129,0.010206638855289302,0.00055496817081219087,0.00084439985617207932,0.00075179750593978194,0.0021581061971376351,0.0
Asante Cleveland,TE,SD,2.9242398285887314,4500.0,0.94334516733776208,0.042299330582594059,0.0099854699958226399,0.00070629980173344696,0.00086227823221706097,0.0007998456764802764,0.0020016083733903098,0.0
Scott Simonson,TE,CAR,2.9165006372195577,4500.0,0.94398066699043859,0.041514333431554896,0.010407132834931904,0.0006664278222929768,0.00094338119792412108,0.0006491034097720024,0.0018389543130857527,0.0
Brandon Williams,TE,SEA,2.8748831727445752,4500.0,0.94852541734292195,0.038243125112680958,0.0098387648734333238,0.00057963466702431218,0.00085710387138328086,0.00055002777256673316,0.0014059263599889012,0.0
