name,pos,team,expectation,salary,prob_0_5,prob_5_10,prob_10_15,prob_15_20,prob_20_25,prob_25_30,prob_30+,label
Antonio Brown,WR,PIT,13.900857428760736,9400.0,0.13260952981300622,0.25322199235936643,0.20855589238948261,0.19206032544355914,0.11617383383761418,0.042665582058427527,0.054712844098545058,1.0
Julio Jones,WR,ATL,13.401606346583373,8500.0,0.16149374334032421,0.23188050201782973,0.2306008754219408,0.17674195494552766,0.10519535261071267,0.050224983092196369,0.043862588571468832,1.0
A.J. Green,WR,CIN,12.822931241716535,8100.0,0.17502792491298921,0.26074165302409996,0.22852454506205394,0.15410311822801057,0.089670060871857846,0.047837752888529934,0.044094945012459412,1.0
Brandin Cooks,WR,NO,12.736869372669453,8200.0,0.18227768487247237,0.26312398442847212,0.21528356217024128,0.15372913673919913,0.096649678647221529,0.048124702978071678,0.04081125016432214,1.0
Mike Evans,WR,TB,12.517112102421548,8000.0,0.17078581979323026,0.26641955639393455,0.2498367139961569,0.15147012170736443,0.084369172441728355,0.037219080420169984,0.039899535247416025,1.0
Allen Robinson,WR,JAC,12.304129711797822,8300.0,0.17731978300171283,0.28070401836136089,0.2397280888500187,0.14070972705215504,0.085681294962110216,0.038173123485942435,0.037683964286699664,1.0
Doug Baldwin,WR,SEA,12.234819376664408,7400.0,0.19452450532307655,0.26345717348126768,0.22650154522255792,0.14941295144814226,0.094997662597388038,0.039943963904447169,0.031162198023120497,1.0
Larry Fitzgerald,WR,ARI,12.01516937555653,7500.0,0.20217965748196251,0.26240106006086084,0.23493035138330778,0.14408284581732095,0.087383845257020018,0.03977091079542916,0.029251329204098651,1.0
DeAndre Hopkins,WR,HOU,11.966171865047929,8600.0,0.20218123615810193,0.26826864596365202,0.24797047887071333,0.13140879303582262,0.073527233758913069,0.038329349481196089,0.038314262731600962,1.0
Brandon Marshall,WR,NYJ,11.822927390976094,7500.0,0.20299627773320533,0.27338888046084581,0.24016157567582658,0.13909992865859247,0.078407114205262099,0.032470165096564675,0.033476058169703178,1.0
Amari Cooper,WR,OAK,11.752605690133663,7600.0,0.22163621163674052,0.26109103104056286,0.23787773741340501,0.11890766497146293,0.090869253904763789,0.0393620233926711,0.030256077640393831,1.0
Demaryius Thomas,WR,DEN,11.702486494691875,7900.0,0.20887694438778842,0.26420191742885668,0.25546745980925567,0.13395991568857002,0.074096640671911893,0.029991427300576485,0.033405694713041077,1.0
Jarvis Landry,WR,MIA,11.69789811447091,7200.0,0.2030176986926214,0.27455743260629673,0.25417598994908291,0.12618074271660987,0.07506595305475873,0.038433346235498697,0.028568836745132498,1.0
Odell Beckham Jr.,WR,NYG,11.526341636506231,8700.0,0.32740646943768614,0.2282393174310792,0.13781309057215649,0.12762905263125474,0.083132317181890472,0.02438799382935835,0.071391758916574788,0.0
Michael Crabtree,WR,OAK,11.478757265154179,6500.0,0.22425470923845428,0.2525743236148445,0.25543180338343419,0.13306078416497194,0.076278020390790388,0.034388830838492042,0.024011528369013116,2.0
Jeremy Maclin,WR,KC,11.430990436641327,6900.0,0.22322438479783835,0.27183264832839088,0.23440683918202077,0.13412406134130456,0.078424329275364899,0.031625354318378263,0.026362382756702857,1.0
DeSean Jackson,WR,WAS,11.41919014673473,6900.0,0.24252352911551187,0.26542859610673836,0.22444217868856345,0.11424281999702554,0.081438785670575844,0.044310076367069233,0.027614014054516023,1.0
Emmanuel Sanders,WR,DEN,11.250228488545218,6900.0,0.21803135882064639,0.28562698966891342,0.24155420250464649,0.12786903527555071,0.074321686263329689,0.027641517589379785,0.024955209877533455,1.0
Marvin Jones,WR,DET,11.228523701230317,7600.0,0.23665361053869852,0.27591386153500436,0.21740954269180901,0.14292772053499828,0.067685362943143659,0.0338114543109196,0.025598447445426695,1.0
Pierre Garcon,WR,WAS,11.038746015092496,6000.0,0.24614812599416563,0.26012035640912812,0.24249173672511004,0.12619514431628226,0.0738519962820684,0.029400137796047231,0.021792502477199056,1.0
Allen Hurns,WR,JAC,10.989994649294839,6100.0,0.25344128842352959,0.27526260069639102,0.21651102488088278,0.12803565063233777,0.06811638557512753,0.031982025628644939,0.026651024163086599,1.0
T.Y. Hilton,WR,IND,10.946455688096941,7600.0,0.24334085626747073,0.29620830992629898,0.2142796352091986,0.11327934411900761,0.073399642080650529,0.037074949325243148,0.022417263072130926,1.0
Michael Floyd,WR,ARI,10.62538670277352,6500.0,0.26446670501136227,0.28223804680941367,0.21781092129760038,0.11902989069536157,0.065036938356162019,0.029489140170863869,0.021928357659236494,1.0
Golden Tate,WR,DET,10.132348658378692,6200.0,0.27913840766950171,0.3138859172466627,0.18647057905509742,0.11466149214437062,0.061441244552122569,0.025814755988210567,0.018587603344034746,1.0
John Brown,WR,ARI,9.9696579933437661,6200.0,0.32261810011231945,0.26403553342702835,0.19272438577568982,0.11201059095058671,0.064390215294847619,0.024388649465159531,0.019832524974368711,0.0
Brandon LaFell,WR,CIN,9.9434277608823987,5500.0,0.31169033983310324,0.28198881701397438,0.1956333829466112,0.10847815667926362,0.05486258062956427,0.024805681413603526,0.022541041483879629,0.0
Stefon Diggs,WR,MIN,9.9247706372942037,7100.0,0.31334849400599868,0.27981191661440269,0.1876232868009019,0.11914823224015959,0.05756260821663868,0.022723330757828095,0.019782131364070775,0.0
Travis Benjamin,WR,SD,9.9241973803119823,6600.0,0.30648848818309926,0.26972859047224002,0.21684764531392892,0.11431486070513358,0.052313869879691416,0.021851341380178781,0.018455204065728887,0.0
DeVante Parker,WR,MIA,9.7341845569699199,6300.0,0.30674902078960165,0.29329977519099459,0.2028044711083109,0.10721749867668953,0.050142060283313833,0.021939449239360923,0.017847724711729098,0.0
Anquan Boldin,WR,DET,9.7228594820069034,6500.0,0.30648240252734166,0.30148977954551887,0.18930769156551441,0.11454644319253293,0.049379042795241461,0.019235952975845117,0.019558687398006522,0.0
Willie Snead,WR,NO,9.6566674437632294,7500.0,0.34475045627603718,0.25914254684219296,0.19108476092695095,0.10263375278608901,0.06003596368951427,0.022210046449787257,0.020142473029429234,0.0
Alshon Jeffery,WR,CHI,9.6117748426400809,8200.0,0.35645302023202124,0.2597177823329514,0.17788491897426059,0.10345636504398124,0.054564196328382296,0.022175128849033537,0.025748588239369718,0.0
Mohamed Sanu,WR,ATL,9.3118912183563971,6200.0,0.35800009045307174,0.26913702567606235,0.18067776559468149,0.10152515861751907,0.050681998873823929,0.023516353095649024,0.016461607689193216,0.0
Tyler Lockett,WR,SEA,9.2641845083369532,6200.0,0.3762430734645224,0.2476841975468444,0.18418736989284007,0.099734907842713841,0.05032410775202921,0.02372961530547911,0.018096728195571087,0.0
Danny Amendola,WR,NE,9.1185755047358885,5400.0,0.38415645999326847,0.2474494829504012,0.17974545113716062,0.099071732828744957,0.053356794228168261,0.019532114854080927,0.016687964008175821,0.0
Mike Wallace,WR,BAL,9.0020909294309597,6700.0,0.36752721773350489,0.2816902141583783,0.17342019004692141,0.09345430368001649,0.051723880276903562,0.016378734794322808,0.015805459309952759,0.0
Torrey Smith,WR,SF,8.8326754596741299,5600.0,0.3644704213765349,0.29008045039419178,0.17851483577174207,0.095941419178287426,0.041955411074378238,0.016642957444567882,0.012394504760297711,0.0
Tavon Austin,WR,LARM,8.7146361421367082,5800.0,0.38004943652347795,0.29601479728952684,0.15849390517272482,0.091753248051433561,0.038928205206171171,0.01799372973663101,0.016766678020034571,0.0
Julian Edelman,WR,NE,8.625951278827813,7200.0,0.42422493063374639,0.24083025478924899,0.16598735579293242,0.086051112845313388,0.048296160920282626,0.015945930297809715,0.018664254720666091,0.0
Tyrell Williams,WR,SD,8.4653377008938708,6400.0,0.42158156432812877,0.24141679224271406,0.17803343103595082,0.091535531977332149,0.036929809488340397,0.01667373936677876,0.013829131560754888,0.0
Ted Ginn Jr.,WR,CAR,8.3998262488983571,5900.0,0.49105098037375677,0.20206924462978948,0.1353456140291342,0.067153548423965342,0.053144729761768282,0.026578683538443421,0.02465719924314265,0.0
Jamison Crowder,WR,WAS,8.3984748989271569,6000.0,0.40477835697873399,0.26609122696906823,0.18217424106502383,0.082711499079942422,0.037992292582028395,0.014325925663633389,0.011926457661570385,0.0
Kamar Aiken,WR,BAL,8.3576327270958721,5400.0,0.42157239182281503,0.27213371196009695,0.15410435989310042,0.074702880803515087,0.046307682628443779,0.01387905536641972,0.017299917525608839,0.0
Phillip Dorsett,WR,IND,8.3352287818444601,6400.0,0.40486677293683382,0.2871457413002953,0.15634412752293741,0.084818466374205884,0.040779552623758965,0.013104369778486098,0.012940969463482745,0.0
Kelvin Benjamin,WR,CAR,8.2075732989869188,7700.0,0.46717983829722748,0.22836694262481916,0.15340953952457906,0.069654069147409958,0.041401180721893215,0.018775390101908249,0.02121303958216338,0.0
Seth Roberts,WR,OAK,8.1670163818738182,5400.0,0.44997833901915441,0.24189883290708208,0.15487889813249417,0.083186650570868409,0.037167868872719771,0.020177298823816029,0.012712111673865916,0.0
Jermaine Kearse,WR,SEA,8.1581211443873105,4900.0,0.44601216993769355,0.24906600856093447,0.15140469715334909,0.082239233236771805,0.042207382667343384,0.016504472836839413,0.012566035607068244,0.0
Devin Funchess,WR,CAR,8.109116398957271,5300.0,0.46388501108889735,0.23455053546634544,0.1538968571771972,0.071440522856210595,0.042961751343596637,0.015276091608466713,0.01798923045928652,0.0
Kenny Britt,WR,LARM,8.072768293587913,5500.0,0.42848963390194938,0.2785610348046717,0.14820058879139034,0.081647484047307636,0.036457603290730577,0.016243451693593695,0.010400203470356442,0.0
Dontrelle Inman,WR,SD,8.0528599888214512,5700.0,0.44728814164959801,0.25372492694439003,0.15529711438459187,0.077846086151668187,0.035032363056782999,0.018459172943813579,0.012352194869155645,0.0
Quincy Enunwa,WR,NYJ,8.0518130971888571,5600.0,0.44261653183095911,0.25701845817301477,0.16157270591886097,0.075549685035268752,0.033543124794754881,0.015779678309473341,0.013919815937668015,0.0
Will Fuller,WR,HOU,8.0413938134752723,6700.0,0.4578570807910845,0.24479807083155128,0.15159863986746239,0.076318481878207445,0.040475540604299011,0.012508936734206853,0.016443249293188574,0.0
Corey Brown,WR,CAR,7.9780311728943252,4800.0,0.43646411586268846,0.26778383875649048,0.16262027069703755,0.075798108080754101,0.031547233068145421,0.01240881337552523,0.013377620159358401,0.0
Sterling Shepard,WR,NYG,7.9603905507472668,6900.0,0.46456320492582182,0.2437416536274479,0.14836261186460234,0.075128272166678445,0.037514650093894875,0.015543087781947419,0.015146519539607479,0.0
Cole Beasley,WR,DAL,7.849642389850513,5200.0,0.45900780069366715,0.25016719765455142,0.15893621293706214,0.072607952866881972,0.033194231972167025,0.012183238159827735,0.013903365715842201,0.0
Steve Smith,WR,BAL,7.7147865062001983,6100.0,0.48589453303795738,0.24164166757315933,0.13747821226122081,0.071104415684944786,0.031556689908068113,0.015526618345262106,0.01679786318938788,0.0
Terrelle Pryor,WR,CLE,7.4747202615396588,7000.0,0.48066774887795283,0.25868639488232203,0.14574763079618314,0.059154937188254951,0.030377460282742522,0.012726759122686898,0.012639068849857509,0.0
Eddie Royal,WR,CHI,7.468102913624489,5500.0,0.49328946344382213,0.24179563519265088,0.14091672791353124,0.069930412255464425,0.029852445823048274,0.011072718845362841,0.013142596526120535,0.0
Markus Wheaton,WR,PIT,7.3694009820266464,5800.0,0.5408036229408929,0.19719174877022128,0.13038038499820576,0.064556856278841321,0.037824247348101345,0.012746858936351821,0.01649628072738581,0.0
Victor Cruz,WR,NYG,7.3145274821810693,5700.0,0.51146007098142021,0.23532472652081474,0.13002071194568571,0.067469433611086871,0.032060311013387154,0.011287364928144814,0.012377380999460657,0.0
Kevin White,WR,CHI,7.2601592413704061,5500.0,0.51106570806644991,0.23848418843736607,0.13613291011579048,0.058874177668591314,0.031448499605441216,0.011399364342498025,0.012595151763862354,0.0
Terrance Williams,WR,DAL,7.2410673127121248,4600.0,0.51769021190942432,0.22938582087694331,0.13491462339201662,0.065146341224455562,0.030448259636438858,0.0092863310549075439,0.013128411905813606,0.0
Tajae Sharpe,WR,TEN,7.0989723674753025,5600.0,0.54190798553503139,0.20449455066129724,0.1369797660219618,0.064504810455079373,0.030535750614191972,0.0097122877753440806,0.011864848937094332,0.0
Marqise Lee,WR,JAC,7.0479021252071528,4500.0,0.51609048996180662,0.25900022017897006,0.11505843925185627,0.065662569951233818,0.020715579793153745,0.0079728388512949576,0.015499862011685567,0.0
Sammie Coates,WR,PIT,6.9003268550310315,5400.0,0.5539635477726802,0.20659185950250614,0.1289268740737442,0.064344776783534979,0.025333883675580631,0.0094693199629419227,0.011369738229011517,0.0
Kenny Stills,WR,MIA,6.7390840556673446,5100.0,0.53486756825065362,0.24187353214921059,0.13360156506459955,0.054631872880392542,0.01512763423161307,0.010001256643680409,0.0098965707798503305,0.0
Robert Woods,WR,BUF,6.6998689548503982,5400.0,0.54811788015356366,0.23437500782485998,0.12552961263757087,0.050069462412220073,0.0210265520749893,0.010336459663810086,0.010545025232986125,0.0
Tyler Boyd,WR,CIN,6.6747712376981454,5400.0,0.56814702720315458,0.20859547643770002,0.12320057828260543,0.057446671306682913,0.023017925831778058,0.0078694592053041596,0.011722861732774842,0.0
Justin Hardy,WR,ATL,6.6403054889511415,4900.0,0.55008857582699322,0.23146231985945456,0.13183000433745601,0.051023511613850353,0.015821998445021981,0.0079653958851575671,0.01180819403206684,0.0
Chris Hogan,WR,NE,6.5939348257121688,5200.0,0.58023982830844456,0.20594749580221083,0.11604036504838591,0.053744632396276477,0.021492346040684004,0.0086161351560674459,0.013919197247930575,0.0
Adam Humphries,WR,TB,6.5856173708772197,5000.0,0.561441290137347,0.2252591166534314,0.12588580419308654,0.049359465352155255,0.016802585641380638,0.0088881910886983648,0.012363546933901371,0.0
Vincent Jackson,WR,TB,6.5530030271409325,5100.0,0.56427937830559893,0.22526624162944867,0.11857089168783488,0.05342133205823598,0.020331044971996216,0.0074985462629204719,0.010632565083965055,0.0
Michael Thomas,WR,NO,6.3028426288359904,5300.0,0.58449275318569582,0.22294718359557039,0.10616089283317531,0.049044754335252003,0.021250269233253832,0.0076751584962208826,0.0084289883208310597,0.0
Andre Johnson,WR,TEN,6.2158729411541991,5100.0,0.60978767296842706,0.19373814602642186,0.11740333422892708,0.041507514873702675,0.015801556317253745,0.0097003582985350188,0.012061417286733128,0.0
Jaron Brown,WR,ARI,6.07102194584012,4700.0,0.61426800412292648,0.19497238443664763,0.11220909507663679,0.050339212467003756,0.011429489984302524,0.0073357154608343382,0.0094460984516477088,0.0
Quinton Patton,WR,SF,6.0380380726188401,4800.0,0.59578726734986354,0.23634756239318333,0.09389886191129232,0.044448747596273645,0.014135698952144176,0.0042725413143188899,0.011109320482924269,0.0
Brandon Coleman,WR,NO,6.0362196014188312,4600.0,0.60592309718609283,0.2123588072661001,0.10984579893953723,0.042887105531134853,0.013286670747159109,0.0057699110588610089,0.0099286092711147363,0.0
Adam Thielen,WR,MIN,6.0227757036833589,4900.0,0.61543602553283938,0.21329177312245143,0.095080844468491674,0.045135955261607484,0.011450910149780516,0.0050260148187338521,0.014578476646095817,0.0
Rishard Matthews,WR,TEN,5.9904273392269367,5000.0,0.63804302563772008,0.17654891606858106,0.1057577123590237,0.043704565205781767,0.018202576083913687,0.0061558020577382353,0.011587402587241179,0.0
Jeremy Kerley,WR,SF,5.919232759345233,5200.0,0.62177461422319691,0.20482465297409683,0.1057621653531052,0.039657530619381091,0.010818216680952827,0.0042041475756349062,0.01295867257363233,0.0
Brian Quick,WR,LARM,5.8338382462006422,4500.0,0.64014890539607305,0.19869214086697357,0.092502890821766173,0.038671577208945242,0.0079564399791562119,0.0053020413599349043,0.01672600436715186,0.0
Breshad Perriman,WR,BAL,5.713205533141136,5000.0,0.64534267590396854,0.19654366231416456,0.090797004617096444,0.040354348144863675,0.0096850476030424081,0.0050679993176716183,0.012209262099192517,0.0
Chris Conley,WR,KC,5.6690552380339785,4800.0,0.64596343104758469,0.19943016175811668,0.088794697335416395,0.038541440148062309,0.011368811230234487,0.0051117028740543307,0.010789755606530728,0.0
Marquise Goodwin,WR,BUF,5.4955498323298695,5300.0,0.68666233751861228,0.1575931671359963,0.086113127562097866,0.040636077844899886,0.013781332553883079,0.0044224950291781914,0.010791462355332173,0.0
Andre Holmes,WR,OAK,5.4403286239180524,4600.0,0.6983684766593522,0.15748074571436171,0.078837496249329009,0.032411646055706789,0.010412713982621105,0.008102530818736943,0.014386390519892479,0.0
Andrew Hawkins,WR,CLE,5.3446554153630172,4500.0,0.71116883108733753,0.15134931353117734,0.06986643673868774,0.036551755849775588,0.0118388303412807,0.0027487358578061646,0.016476096593933974,0.0
Albert Wilson,WR,KC,5.2978032254788605,4700.0,0.707749769227349,0.1543501093863329,0.072945431825336568,0.035222368405421506,0.012989786586948401,0.004755369467508915,0.011987165101102095,0.0
Taylor Gabriel,WR,ATL,5.2466677831921062,0.0,0.70521776882462384,0.16678669572853691,0.072013410550379353,0.027180462990035719,0.0095904466173059241,0.0041706900063122948,0.015040525282805178,0.0
Brice Butler,WR,DAL,5.2121507866098398,4500.0,0.71386939717792441,0.14490057965706055,0.083255650036337128,0.031765560770581666,0.011679025405539192,0.0036254143555252529,0.010904372597031595,0.0
Jaelen Strong,WR,HOU,5.171650953574078,4700.0,0.69586369149659311,0.17333804143716236,0.078247393022163575,0.03244471758651539,0.0077525106260684399,0.0027636866234849078,0.0095899592080125762,0.0
Jordan Norwood,WR,DEN,5.1208190680011985,4600.0,0.72166039143540739,0.15205991094956381,0.070466734118654728,0.02765303265790825,0.011687819317431685,0.0037391104778690823,0.012733001043164579,0.0
Malcolm Mitchell,WR,NE,5.0529667981569908,4500.0,0.71929854581265462,0.16007717807777946,0.066355455188148657,0.031958082170353411,0.0075809171673308952,0.0027576561982172593,0.011972165385515586,0.0
Rashad Greene,WR,JAC,4.92398383903656,4600.0,0.75681262516993653,0.12508882756041484,0.066953723271126586,0.025565060566088156,0.0052042097149084341,0.0027684173447741029,0.017607136372750146,0.0
Tyreek Hill,WR,KC,4.7968515488103547,4500.0,0.7526513712525994,0.14198615999661979,0.056652424584806987,0.026929128970167918,0.0056262090444237824,0.0028123416508938951,0.01334236450048757,0.0
Ryan Grant,WR,WAS,4.7893835715598962,4600.0,0.75639208492834809,0.13463955366314553,0.061597744681443946,0.021913529469963462,0.010597652224302749,0.0031172358228851106,0.011742199209910653,0.0
Bradley Marquez,WR,LARM,4.7783999594761815,4500.0,0.78257701604296581,0.12304574095518291,0.049228114203354538,0.014184764898051668,0.0028094259167118717,0.0017473818146137641,0.026407556169118961,0.0
Rod Streater,WR,SF,4.7500758609617302,4500.0,0.76419367553369744,0.13150908761365057,0.059373384604346269,0.022742428274847022,0.0034290121688713717,0.002716463239891932,0.016035948564694924,0.0
Marc Mariani,WR,TEN,4.6101228603028117,4500.0,0.78479673035431263,0.11465684950426822,0.055984677834786674,0.020205655004975134,0.0065882805426402662,0.0047083094882444405,0.013059497270771213,0.0
Ricardo Louis,WR,CLE,4.5502602107490073,4500.0,0.77744002553022618,0.12978250041927508,0.051756761286966872,0.022201484317938482,0.0036475469205044155,0.0020363675948758581,0.013135313930212418,0.0
Darrius Heyward-Bey,WR,PIT,4.5450370684718902,4500.0,0.78398550806765976,0.118026708231563,0.058437126338915006,0.01704841520299416,0.0081953209141688629,0.001876709714141156,0.012430211530557192,0.0
Robby Anderson,WR,NYJ,4.4941874922997673,0,0.79354972512428923,0.12041606228060447,0.045210153371436482,0.018531335524040231,0.0039163916904564593,0.0018030679713921804,0.016573264037779853,0.0
Tommylee Lewis,WR,NO,4.4638060479491584,4500.0,0.78970792048509053,0.11912183043451979,0.048543269562312238,0.024739553514612087,0.0044523802713085335,0.0018687592382670363,0.011566286493889553,0.0
J.J. Nelson,WR,ARI,4.4327264012768444,4600.0,0.8111594516812578,0.093506477719909678,0.052531813354985003,0.020757720496211381,0.0051572931469242933,0.0031294944369777921,0.013757749163733717,0.0
Chris Moore,WR,BAL,4.4038135496685467,0.0,0.80186165624137284,0.1128155103999397,0.048607531483636772,0.016960301972808949,0.0021167602472960765,0.0021762453988431571,0.015461994256102927,0.0
Cordarrelle Patterson,WR,MIN,4.3932162194460673,4700.0,0.80624755616303057,0.10370206069116081,0.051368768974360213,0.020372264634085247,0.0024594711005253549,0.0011834952629755421,0.014666383173861208,0.0
Cody Latimer,WR,DEN,4.380741439336127,4500.0,0.803832468682248,0.10781448128027885,0.053830050715562308,0.015791413325138691,0.0026567697967387273,0.0012092795378431489,0.014865536662190051,0.0
Kendall Wright,WR,TEN,4.3792251881482915,4800.0,0.84390327590969128,0.074203298738485107,0.041546691022015386,0.0098380909669466519,0.0027268460094044041,0.0016366552591827557,0.0261451420942726,0.0
Walter Powell,WR,BUF,4.3723506226889626,4500.0,0.80087287361162141,0.11376058759086571,0.047907503889160714,0.019217415480358574,0.0035486146121982988,0.001637804682616672,0.013055200133177484,0.0
Aldrick Robinson,WR,ATL,4.345011468067205,4500.0,0.82238201942424727,0.087242368850813046,0.049000462282939299,0.019438182578613697,0.0050727502475762035,0.0029759710214431407,0.013888245594367334,0.0
Brandon Tate,WR,BUF,4.3236960635139994,4500.0,0.83236629746071367,0.082955655613546272,0.047620304065829899,0.011234880799884753,0.0039811882052479758,0.0033715508794023284,0.018470122975374797,0.0
Devin Hester,WR,BAL,4.3016814038518358,4700.0,0.83204611759859659,0.088500894337555674,0.045751193038592722,0.0094663459194375531,0.0018473314427529526,0.00065208532240918122,0.02173603234065475,0.0
Rashad Ross,WR,WAS,4.2864458088275095,4500.0,0.8250483727636726,0.090267355794770174,0.048678274426896498,0.014351410262368859,0.0042922733367886396,0.0022754028120542391,0.015086910603447287,0.0
Bennie Fowler,WR,DEN,4.2845003916139275,4500.0,0.81227434002587851,0.10577536080180945,0.047573764669614639,0.015247681523313924,0.0045261322131845616,0.0018587134808121023,0.012744007285385689,0.0
Josh Bellamy,WR,CHI,4.2832156430337713,4500.0,0.82094864507760656,0.094090228725597677,0.047864443548835456,0.016825272375148404,0.0051967309103077173,0.0016160958929741316,0.013458583469529129,0.0
James Wright,WR,CIN,4.2808775371952201,4500.0,0.81149858642728978,0.10485975506366398,0.049115404736915995,0.017435731706293287,0.003136570283552337,0.0016461466242622895,0.012307805158022664,0.0
Laquon Treadwell,WR,MIN,4.2431092875764431,4600.0,0.85060997121021775,0.068970100447160801,0.041787335372636528,0.013056762863283139,0.0027315854755178177,0.0016714228478377678,0.021172821783345459,0.0
Cameron Meredith,WR,CHI,4.218787056894878,4500.0,0.81974477134887191,0.10168169474983324,0.043948407189057792,0.017087347089492187,0.0035873539015205706,0.0014068812076556574,0.012543544513567696,0.0
Paul Richardson,WR,SEA,4.1954102791799555,4500.0,0.82203145761382035,0.099409817643936707,0.044051344462789688,0.017831950333285853,0.0032073085425911529,0.0015322166846628272,0.011935904718913624,0.0
Charles Johnson,WR,MIN,4.1869113060847933,4700.0,0.8252098371444333,0.096331411463873487,0.046477671272342411,0.015006143433696681,0.0019854039682560662,0.0015310010858642538,0.013458531631533115,0.0
Dwayne Harris,WR,NYG,4.1608075909869546,4500.0,0.83587845715204334,0.08563628259663833,0.042547118750626174,0.017658266002981222,0.0032533517231984987,0.0014864075577060468,0.013540116216805063,0.0
Chester Rogers,WR,IND,4.1383601512181887,0.0,0.87725413046033884,0.05410107597115036,0.031751878027307029,0.0077308792201426267,0.00080231239122072412,0.00044859636759206757,0.027911127562246601,0.0
Tanner McEvoy,WR,SEA,4.1334146178424103,0.0,0.87868963187283389,0.052639583478789748,0.031730760875366984,0.0076554773318435127,0.0008262345749540694,0.00044571939116873479,0.028012592475041346,0.0
Lucky Whitehead,WR,DAL,4.1238497802899037,4500.0,0.85001631458630988,0.078957019175694851,0.037652632753475405,0.0097236981932497888,0.0034732363215073396,0.0024716745292645832,0.0177054244404975,0.0
Bryan Walters,WR,JAC,4.0826331386298014,4500.0,0.87991396100052388,0.053533471178137483,0.031107234096636106,0.0076910515210084126,0.00080916491331350026,0.00044959216612680585,0.026495525124252035,0.0
Charone Peake,WR,NYJ,4.0750973961309445,4500.0,0.88151562755145141,0.052785468263973942,0.030013787704780834,0.0077366847923126814,0.00081570999378465067,0.00041943320562474882,0.026713288488069826,0.0
Andre Roberts,WR,DET,4.046759893483296,4500.0,0.84805927789202007,0.074625083526513189,0.048911494704551493,0.012518292567759179,0.0011006245219262396,0.00077162943128985747,0.014013597355940184,0.0
Arrelious Benn,WR,JAC,4.0374387933935907,0.0,0.85901859259896607,0.070612997123213242,0.039326208911067383,0.011140431811390031,0.001297614541956269,0.00087761163717533846,0.0177265433762306,0.0
Quan Bray,WR,IND,3.9917161486962862,4500.0,0.85786878900744667,0.076532309458690356,0.035758757608757755,0.011042093666437908,0.0013857821407197242,0.0010371648438670545,0.016375103274080541,0.0
Rashard Higgins,WR,CLE,3.9646472382268967,4500.0,0.86614774429847452,0.073438919929932511,0.027273991933871315,0.012928022557777301,0.0018144083251425006,0.00045272755493725852,0.017944185399864043,0.0
Jordan Taylor,WR,DEN,3.955607624745908,4500.0,0.85777509156757048,0.073790784343811353,0.039159419639481677,0.012820056244154278,0.0019071360050952391,0.0010904271504643438,0.013457085049421821,0.0
Alex Erickson,WR,CIN,3.8779290522386121,4500.0,0.86671055847366618,0.06927789485248842,0.035516288976103552,0.012588802761783631,0.0018036176756666847,0.0009159890245854478,0.013186848235705016,0.0
Leonte Carroo,WR,MIA,3.8698411491661506,4500.0,0.86590676997028226,0.073505333691258459,0.034693481859567082,0.0088858235629287602,0.0019764591020336232,0.00079748764308738395,0.014234644170843011,0.0
Eric Weems,WR,ATL,3.8450283174085893,4500.0,0.88032532907082839,0.060407304799999784,0.033377857019079582,0.0059733729193623955,0.0019213281102882056,0.00048602605236347551,0.017508782028077239,0.0
Deonte Thompson,WR,CHI,3.8120315829545062,4500.0,0.87186636175147991,0.067853478045374505,0.035167895876662254,0.0092762411907014401,0.0020378718624702837,0.00096743167086889368,0.012830719602441951,0.0
Keith Mumphery,WR,HOU,3.7932489693529736,4500.0,0.89191043408208082,0.054075521776762232,0.027597980169028681,0.0056465533510375457,0.00076295090181513134,0.00043719338658617415,0.019569366332687972,0.0
Griff Whalen,WR,SD,3.7902811093255004,4500.0,0.88639921307388458,0.059102079102614578,0.027230949754164995,0.0082825021561146565,0.0010901183314455608,0.0006894205476681793,0.017205717034106022,0.0
Mike Thomas,WR,LARM,3.7726211157926475,4500.0,0.89493484127028577,0.051697361469807468,0.025016712751889079,0.0082503096719734048,0.0007892777878209232,0.00042622319713517373,0.018885273851086883,0.0
Jakeem Grant,WR,MIA,3.6919193670973769,4500.0,0.89665912038741014,0.051158418217472496,0.028362890554708118,0.0059172887147962358,0.0011843195122760565,0.000437484725060424,0.016280477888275698,0.0
Aaron Burbridge,WR,SF,3.6770885612457489,4500.0,0.89541685009250338,0.053138792961833083,0.026120435713451472,0.0091280366049007605,0.00076848432363451128,0.00046540081514824278,0.014961999488528065,0.0
Matthew Slater,WR,NE,3.634837388586234,4500.0,0.90035152607253055,0.048880397380273354,0.027672429639798789,0.0059581375312503385,0.0020977716427750012,0.00085438224959355578,0.014185355483778051,0.0
Tavarres King,WR,NYG,3.6216532872312048,4500.0,0.89948839040896611,0.051725944684707661,0.025532410111865786,0.0076648577545365285,0.00086027835602877083,0.00041904373015747183,0.014309074953736935,0.0
