name,pos,team,expectation,salary,prob_0_5,prob_5_10,prob_10_15,prob_15_20,prob_20_25,prob_25_30,prob_30+,label
Delanie Walker,TE,TEN,13.390691903499498,6700.0,0.1379096696646134,0.25177017515580291,0.19196017599268084,0.1380985390342325,0.27409649263798586,0.0055372619609043187,0.00062768555378031339,4.0
Jacob Tamme,TE,ATL,12.694340499865275,5500.0,0.21208735671596282,0.20439956458091826,0.24051256206069355,0.13467236378902792,0.13273663087441284,0.048576730971589988,0.027014791007394588,2.0
Dennis Pitta,TE,BAL,11.901048556455626,5400.0,0.14078044146994922,0.3911055317944705,0.17639347878304668,0.075753440918643042,0.17400806291129486,0.039806092844946753,0.0021529512776490519,1.0
Jason Witten,TE,DAL,10.930414028334736,6000.0,0.31620870719990035,0.21772558461653255,0.18299693041004006,0.085206081234861952,0.15253915820923417,0.038676343634993081,0.0066471946944379459,0.0
Austin Hooper,TE,ATL,10.724106630697477,4500.0,0.37450874400748879,0.14631981456740675,0.19543621121420821,0.12202521949318278,0.10781290740171133,0.026686246997823716,0.027210856318178468,0.0
Eric Ebron,TE,DET,10.474331840780714,5800.0,0.30470181849617833,0.24969187895027239,0.20239424730730526,0.11561166196743933,0.067440921546036522,0.044832829172131904,0.01532664256063632,0.0
Greg Olsen,TE,CAR,10.462623290236978,7900.0,0.13650386225153019,0.47409991548476593,0.19528004232909968,0.074481746275316452,0.095868358038401699,0.022355669740590379,0.0014104058802957556,1.0
Kyle Rudolph,TE,MIN,9.8629516926615519,5600.0,0.27151225449808902,0.30943792198016706,0.2664602916920536,0.062868257202065903,0.034056446504400026,0.037613404837813939,0.018051423285410529,1.0
Coby Fleener,TE,NO,9.8042062766406026,5400.0,0.30397594549550017,0.33129319749153019,0.18287100556582278,0.062031914008046134,0.058687422180730107,0.03630182214768192,0.024838693110688675,1.0
Travis Kelce,TE,KC,9.7038884067875948,6500.0,0.23590069389756713,0.43830901898427238,0.14953215774066239,0.055461809031727337,0.079102324737758786,0.033600900404249089,0.0080930952037629178,1.0
Jordan Reed,TE,WAS,9.4490658285476883,7500.0,0.3190574132103991,0.3145763999430557,0.16494036401026019,0.088672076713730744,0.090058444365916784,0.018942287518028449,0.0037530142386092359,0.0
Clive Walford,TE,OAK,9.3254738570348366,4900.0,0.42951127886898705,0.18570996255083788,0.18657913911952759,0.070963933682844468,0.07267306501474835,0.034676376966873,0.0198862437961819,0.0
Jimmy Graham,TE,SEA,9.0445020605702187,6400.0,0.3344541569016104,0.27776578016977965,0.20750635723209609,0.12671534939684759,0.039986210993899395,0.0081252794490350097,0.0054468658567317684,0.0
Vernon Davis,TE,WAS,9.0274599402364863,4500.0,0.47274725856160704,0.17414687522727634,0.11837722378188643,0.096076118430279855,0.10481943671469562,0.021887002827352384,0.011946084456902177,0.0
Martellus Bennett,TE,NE,8.8294782566772874,6300.0,0.48888073380230723,0.18839341217116026,0.096807527825925319,0.08339436239441636,0.10020188998030075,0.028131295640194457,0.0141907781856957,0.0
Jack Doyle,TE,IND,8.4484173046328106,4800.0,0.34416149006284247,0.36410652688676609,0.18418247375528587,0.043655266829386821,0.017367222889258977,0.030432221841974447,0.016094797734485439,1.0
Zach Miller,TE,CHI,7.9327173095522499,5000.0,0.3634176837930993,0.39173909329633194,0.13019087677048077,0.062262396126731775,0.030189858303344922,0.011616401756994401,0.010583689953016841,1.0
Geoff Swaim,TE,DAL,7.589389827444597,4500.0,0.59218327542489968,0.12329204076430635,0.11232476956353463,0.056470602103234596,0.090448862401121724,0.017062529097010261,0.0082179206458925774,0.0
Jace Amaro,TE,TEN,7.4613071367466652,4600.0,0.62893450658502414,0.15386262545901261,0.067861108790864502,0.027864852122606986,0.037886520460217413,0.050534377789921682,0.033056008792352681,0.0
Randall Telfer,TE,CLE,7.3342198443001134,4500.0,0.61491326907755095,0.13784829538275301,0.071142427291550542,0.070056473546618064,0.076372912059711751,0.014522198104223416,0.01514442453759236,0.0
Hunter Henry,TE,SD,7.2969311347292081,4500.0,0.50945003399096034,0.23691497135591799,0.13960987951866738,0.065414696980756609,0.018984133726921058,0.014333318714275399,0.015292965712501187,0.0
Jesse James,TE,PIT,7.2843185364083345,4500.0,0.57132294771817593,0.20595614489286837,0.056940333079843315,0.063785670704947089,0.077347996338066771,0.015951332311758087,0.0086955749543404549,0.0
Cameron Brate,TE,TB,7.1896453840933425,5300.0,0.55033144862413186,0.21605198789504707,0.12438614488036873,0.043641642014628543,0.018301897770418685,0.025594953508539353,0.021691925306865652,0.0
Ifeanyi Momah,TE,ARI,7.1582075551521385,4500.0,0.6241694403780671,0.13740871905676041,0.075639786256477479,0.062652911226488014,0.069959566654930347,0.013964018410513991,0.016205558016762611,0.0
C.J. Uzomah,TE,CIN,7.1210563326952334,5000.0,0.54536865070172535,0.19459347528487284,0.14869823305299287,0.061872003306111055,0.018954118895298685,0.018366021523222566,0.012147497235776536,0.0
Orson Charles,TE,DET,6.9810193903605544,4500.0,0.63172992993377497,0.13374105257680124,0.088939100469483015,0.050713392528147175,0.064391523471687903,0.015516102363691633,0.014968898656414188,0.0
David Johnson,TE,PIT,6.9782452446739853,4500.0,0.59775361123126336,0.19899239552049647,0.051783465107313784,0.054530148595601388,0.069804872193776624,0.017400672764869136,0.0097348345866794441,0.0
Neal Sterling,TE,JAC,6.9645867378503947,4500.0,0.64036886935821913,0.13216888843758795,0.072530399025609649,0.053916371700380931,0.071629087299223668,0.015726200253418511,0.01366018392556022,0.0
Mychal Rivera,TE,OAK,6.6396700830502855,4500.0,0.65155940834247716,0.13609656392499836,0.085308826361497947,0.038746046473982387,0.058046299871177466,0.015854731075151875,0.014388123950714822,0.0
MyCole Pruitt,TE,MIN,6.4881641686021778,4500.0,0.66594436269792201,0.12998944401713375,0.080837740257197768,0.038783682583399315,0.055748147495084013,0.013269185141224946,0.015427437808038087,0.0
Marcedes Lewis,TE,JAC,6.0081766376847305,4600.0,0.59164686694943758,0.25078343994821678,0.085003095455253044,0.039133350485651149,0.014663863477420021,0.011473868423033185,0.0072955152609882265,0.0
Charles Clay,TE,BUF,5.6607602663625389,5100.0,0.65816960193556373,0.12587846569287883,0.16702442232793932,0.032513439779359131,0.01144732556924415,0.0022591461392665857,0.002707598555748242,0.0
Dion Sims,TE,MIA,5.4518363745414264,4500.0,0.68698839782130483,0.14987821992300285,0.092219246834010782,0.046937603710208838,0.013701454334124116,0.0042373800684187774,0.0060376973089298598,0.0
Ryan Griffin,TE,HOU,5.2774138325999322,4500.0,0.62555806591553176,0.27631719980513336,0.055264468921749237,0.019574829855873905,0.013789638295163002,0.004646063812989887,0.0048497333935586823,0.0
Levine Toilolo,TE,ATL,5.1161129352510351,4500.0,0.78305495677397818,0.06748884640057029,0.072799229228575291,0.036114821109737509,0.021806901357845555,0.0048105866056756333,0.013924658523617385,0.0
Lance Kendricks,TE,LARM,5.0329352375241676,4500.0,0.66790977886951719,0.22028860682615103,0.071665416096493767,0.027253535559906887,0.0067763630227017473,0.0037262652325490407,0.002380034392680315,0.0
Luke Willson,TE,SEA,5.0191418440456612,4500.0,0.75395487701911745,0.10195792316988229,0.072689098114291584,0.048820648843951042,0.012499071189316431,0.0036503084605462358,0.0064280732028948904,0.0
Lee Smith,TE,OAK,4.994036275818921,4500.0,0.77970838108380802,0.078369184889375526,0.076039138344632662,0.027347952491258525,0.021356187766574337,0.007182216808807586,0.0099969386155434499,0.0
Dwayne Allen,TE,IND,4.9434918292468639,5900.0,0.68438383095943545,0.20366870355529199,0.082745792409015362,0.014237662770494368,0.0045945929911679305,0.0059696635633146493,0.0043997537512803064,0.0
Niles Paul,TE,WAS,4.9410755776075028,4500.0,0.78305855774266053,0.086061238897826187,0.053190256336672993,0.036093945101193604,0.029874613301608535,0.0054639670599554426,0.0062574215600825368,0.0
Garrett Celek,TE,SF,4.9227210394079917,4500.0,0.68247709466560513,0.20430362940313357,0.080330527173886543,0.022731428541258234,0.0046585780807804978,0.0019939317972593852,0.0035048103380766419,0.0
Jeff Heuerman,TE,DEN,4.7729247479271928,4500.0,0.78488594658650779,0.13778165199541528,0.020577661404709451,0.012877343222200455,0.012088760796803207,0.011976821357717904,0.019811814636646229,0.0
Nick O'Leary,TE,BUF,4.6503893174421229,4500.0,0.76058510888196729,0.097745640815513332,0.11054281055108205,0.021327214473506363,0.0058593980150932418,0.0011876740790595932,0.0027521531837780226,0.0
Gavin Escobar,TE,DAL,4.5746421577525069,4500.0,0.81849457072028398,0.06565990137195131,0.052711235863960419,0.024734582122824547,0.029175342625806788,0.0046782972264637164,0.0045460700687092155,0.0
Cole Wick,TE,DET,4.5395764935365577,4500.0,0.85233054397767294,0.061606398945873685,0.026152878844080695,0.012245705337893886,0.012872809419919041,0.013580682803145833,0.021210980671413773,0.0
Gary Barnidge,TE,CLE,4.3907166935848112,5900.0,0.73274055536478322,0.1968741521453857,0.039418092586932817,0.026536281857053919,0.0021281176361301404,0.00043767825407602605,0.0018651221556382274,0.0
Will Tye,TE,NYG,4.3722221814589792,4700.0,0.78356267868193752,0.11611257358780469,0.067795932562676714,0.018695654471260002,0.0073403559012280815,0.0032744137387724528,0.0032183910563204879,0.0
Tyler Kroft,TE,CIN,4.3011382180848905,4600.0,0.81408735062653848,0.078412436572558267,0.066314466116110402,0.028878366844130393,0.0053665252820587215,0.0026869876529000431,0.0042538669057035254,0.0
Ed Dickson,TE,CAR,4.1793104524432838,4500.0,0.80663778099617622,0.11719809841662716,0.039664414382227883,0.016929522093370678,0.013542069605670157,0.0032029504558347896,0.0028251640500933988,0.0
Larry Donnell,TE,NYG,4.1631443963932329,5100.0,0.80038793234773498,0.11561568753035088,0.056028463821500639,0.016163600815125183,0.0063628480028664839,0.0029036459915260061,0.0025378214908958448,0.0
Demetrius Harris,TE,KC,4.116987341916162,4500.0,0.82422608044101808,0.10726356615826789,0.03182050835795678,0.013271559757322323,0.013236935932551784,0.0042988721912434963,0.0058824771616398739,0.0
Jermaine Gresham,TE,ARI,4.1000568900624437,4500.0,0.81736117960185817,0.10560491563916545,0.041775216725663797,0.022978675512277544,0.0059356135559221479,0.0020406967411722948,0.0043037022239404803,0.0
Darren Fells,TE,ARI,4.0592976032303119,4700.0,0.8162489989861571,0.10832692616873128,0.041490570632460644,0.024188100420932768,0.0053642336286150076,0.0012982590833465807,0.0030829110797566998,0.0
Asante Cleveland,TE,SD,4.0167322875226823,4500.0,0.87972347347656232,0.053889148763384909,0.024946468679271337,0.010461769210658117,0.0086046575308474579,0.0077824677186997216,0.014592014620576285,0.0
Brandon Myers,TE,TB,3.9365592913167866,4500.0,0.85747636288132045,0.07351147318773267,0.038325061643188774,0.013281998571145037,0.0037614834211815718,0.0042834663528128784,0.0093601539426186597,0.0
Crockett Gillmore,TE,BAL,3.9022203822520987,4500.0,0.83417452800365954,0.099812356324440174,0.038082124755517463,0.011389855826292561,0.013590241774452446,0.0021625803422583552,0.00078831297337929535,0.0
Phillip Supernaw,TE,TEN,3.8891819680802322,4500.0,0.85676171410222368,0.074700016397633059,0.033353360862528172,0.013276101458644734,0.016615554705392967,0.0028446725216013558,0.0024485799519760316,0.0
Jim Dray,TE,BUF,3.8164858865970386,4500.0,0.85531720682766843,0.055910928577628208,0.069629631435034561,0.013320249040649894,0.0035192084695156744,0.00058575790005022078,0.0017170177494533611,0.0
Sean McGrath,TE,SD,3.7595055927807803,4500.0,0.86092958293744881,0.073241419004105357,0.039460726653467074,0.017219790398499437,0.0035808146550745821,0.0016228099032067635,0.0039448564481978634,0.0
Anthony Fasano,TE,TEN,3.749110017435469,4500.0,0.86969653334779196,0.069330822292285224,0.029899583263872563,0.01186370232713322,0.014419341260025474,0.0024743807748215663,0.0023156367340698655,0.0
Brandon Williams,TE,SEA,3.6830604979261268,4500.0,0.88122587123367857,0.052047330348475779,0.034112407150534881,0.023348780799736287,0.0049172157994641728,0.0010932106694012673,0.0032551839987089238,0.0
Blake Bell,TE,SF,3.6082055591586091,4500.0,0.85190810266303474,0.097005666627725348,0.037050819105182091,0.010194035017121817,0.00168109767316475,0.00054300112660294383,0.0016172777871681959,0.0
Scott Simonson,TE,CAR,3.5998405572957979,4500.0,0.8746831811264959,0.073777362121429435,0.027485087367469616,0.011486067076152847,0.0089155528193190607,0.0017618063882065414,0.0018909431009266624,0.0
Rhett Ellison,TE,MIN,3.4924140681283813,4500.0,0.89139424168216019,0.057188424609222459,0.034600306157644728,0.0083354507761747489,0.0022927303541027794,0.0015406658521922166,0.0046481805685027458,0.0
Xavier Grimble,TE,PIT,3.4681272340919533,4500.0,0.90889942290620684,0.050531871193956204,0.0097976398737359433,0.013547325587915134,0.0090159783136865412,0.0043720319671826926,0.0038357301573165637,0.0
Marqueis Gray,TE,MIA,3.3566459832849618,4500.0,0.9045484161612859,0.050077618516556191,0.026740814296642251,0.012734468722949623,0.0030707195967675737,0.00073206173097148386,0.0020959009748269517,0.0
Maxx Williams,TE,BAL,3.3483592160164672,4500.0,0.89438283918247108,0.067959606810743936,0.022357671024677759,0.0067327669761228209,0.0069042037481800225,0.0010847675024162383,0.00057814475538833809,0.0
Logan Paulsen,TE,CHI,3.3457701295186699,4500.0,0.89453883687410329,0.070500465983567587,0.019730748763331075,0.0087815439484076972,0.0031550293822073514,0.00078641653002502047,0.0025069585183579448,0.0
James O'Shaughnessy,TE,KC,3.2775912050270732,4500.0,0.91166748719707424,0.055795355743481816,0.016184670841659306,0.0066153614523121887,0.0054949852853494107,0.0013642590270127391,0.0028778804531102058,0.0
C.J. Fiedorowicz,TE,HOU,3.2747587207669464,4500.0,0.88893159991164816,0.086140056243031629,0.014998142956914855,0.0050299375601301852,0.002850608097173247,0.00066640138314581429,0.001383253847956196,0.0
Brandon Bostick,TE,NYJ,3.2110674623707771,4500.0,0.89971708200094769,0.073455984785799899,0.017575135208328797,0.0057708081827601678,0.0023003411845765832,0.00038717877280418421,0.00079346986478307608,0.0
Kellen Davis,TE,NYJ,3.2100777968247054,4500.0,0.89979758156709511,0.073300117802268264,0.017687562913085805,0.0058097040249909223,0.0022651435662182189,0.00037243761637711519,0.00076745250996460251,0.0
Cory Harkey,TE,LARM,3.0894483359599199,4500.0,0.91542530893902463,0.062452282035763099,0.015329319857353765,0.004752862674803222,0.00083843925603985085,0.0004301444317716019,0.00077164280524401839,0.0
Khari Lee,TE,DET,2.9139162693037446,4500.0,0.96026461935741458,0.022843427989415202,0.0058708147556491815,0.0048761450780329344,0.0016713970515957047,0.0014627997144988987,0.0030107960533937023,0.0
Clay Harbor,TE,DET,2.9139162693037446,4500.0,0.96026461935741458,0.022843427989415212,0.0058708147556491815,0.0048761450780329344,0.0016713970515957047,0.0014627997144988974,0.0030107960533937023,0.0
Tyler Higbee,TE,LARM,2.7820849949502797,4500.0,0.95851104612540461,0.034321302749592233,0.0033317373087505117,0.0022451298886847627,0.00035769529283218097,0.00049935022680073333,0.00073373840793478095,0.0
Rob Gronkowski,TE,NE,2.6442602525686283,7400.0,0.98388803907363109,0.010954458006942294,0.0024231043740726935,0.0005280554663345963,0.00076517641388620212,0.00064071441285086614,0.00080045225228233489,0.0
