name,pos,team,expectation,salary,prob_0_5,prob_5_10,prob_10_15,prob_15_20,prob_20_25,prob_25_30,prob_30+,label
Jordan Reed,TE,WAS,12.764964527448404,7500.0,0.093156453089209182,0.28056718925955459,0.31044998141492397,0.1386864848212391,0.15025892396614279,0.026863790230704093,1.7177218226086041e-05,2.0
Greg Olsen,TE,CAR,9.3276081475985357,7900.0,0.07319751837282415,0.70642746940700785,0.058837391906709148,0.12797227536323488,0.01045829152412263,0.023017642104382136,8.9411321719227459e-05,1.0
Eric Ebron,TE,DET,8.2163756775274486,5800.0,0.25984680553984163,0.40708962583469782,0.29005972482260339,0.024341865954971394,0.010524597046629247,0.0079672674893423827,0.00017011331191412645,1.0
Jason Witten,TE,DAL,8.106207198592827,6000.0,0.11453646167836502,0.72537477238365899,0.10958380731725438,0.03080930793174436,0.014330104759250867,0.0052835591167072048,8.1986813019292064e-05,1.0
Gary Barnidge,TE,CLE,7.9438061637632362,5900.0,0.089293758655226305,0.76131787438160692,0.12736473239095464,0.017492516004783819,0.0025308123923738022,0.0019259294217140615,7.4376753340611281e-05,1.0
Martellus Bennett,TE,NE,7.7179808024434369,6300.0,0.071752044274998747,0.86985603448121906,0.017339691969124507,0.030322686116027037,0.0059672314969766872,0.004487512045011949,0.00027479961664181345,1.0
Travis Kelce,TE,KC,7.4437317842278903,6500.0,0.069353284233040158,0.90322594658938249,0.0094816781502700207,0.0083731473061696166,0.0064283480264639651,0.0031134347227257061,2.416097194804481e-05,1.0
Dwayne Allen,TE,IND,7.3034229177414565,5900.0,0.14178558073115963,0.77501973789602518,0.072386505953029062,0.0053244417306786774,0.0026316193780356358,0.0027644746532909524,8.7639657780726676e-05,1.0
Jimmy Graham,TE,SEA,7.0630059623479955,6400.0,0.32530967136754757,0.49942571922774875,0.13730847161300908,0.019584424089637367,0.012313398014890323,0.0058849241861495703,0.00017339150101709501,1.0
Jacob Tamme,TE,ATL,6.800550442157161,5500.0,0.46522940227473908,0.3091843233618437,0.15302423123833794,0.052564924489990499,0.013158381656997268,0.0066018585750954629,0.00023687840299611339,0.0
Coby Fleener,TE,NO,6.2912961508271881,5400.0,0.31973963042743581,0.63917548824121595,0.01839280802644621,0.012846598160658529,0.0059596272360254304,0.0035587926387770871,0.00032705526944097786,1.0
Dennis Pitta,TE,BAL,5.9902281479429202,5400.0,0.36107492586682949,0.60734907142426464,0.014898140197025456,0.0085027905413705192,0.0055292004600620342,0.0026153736746683501,3.0497835779528704e-05,1.0
Kyle Rudolph,TE,MIN,5.6868698243202251,5600.0,0.58158165218780578,0.2586907521124836,0.11615111238842012,0.032933825804345396,0.0058270345952057198,0.0046867844969624428,0.00012883841477694173,0.0
Delanie Walker,TE,TEN,4.0906033398258757,6700.0,0.81195990468381629,0.10143113375178518,0.059524714362141962,0.015544904407130767,0.0069523466788764541,0.0044129794689405661,0.00017401664730851236,0.0
Jack Doyle,TE,IND,3.6562086268352241,4800.0,0.84683703067462179,0.090365877540502071,0.055137701860727917,0.0028701198966668505,0.0020421591658053408,0.0026898485660201816,5.7262295656000775e-05,0.0
Cameron Brate,TE,TB,3.4841826769632656,5300.0,0.86133438120615247,0.10015653011544844,0.027545371303181954,0.0052221638432442038,0.0028420734785437854,0.0028614287469052413,3.8051306524122015e-05,0.0
Zach Miller,TE,CHI,3.1055058868087921,5000.0,0.89035625420053244,0.10404101099088967,0.0020454953925021341,0.0019218741973932854,0.0009918251364989313,0.00063117205766948469,1.236802451407828e-05,0.0
Charles Clay,TE,BUF,2.98943218732752,5100.0,0.92547922560236795,0.057059437508911244,0.013713861785178251,0.0021291168240287939,0.0010805750827880237,0.00053731013047969122,4.7306624606143469e-07,0.0
Larry Donnell,TE,NYG,2.8784307800210898,5100.0,0.94443034342355059,0.040836834291707924,0.01164447413442104,0.0014355785964258083,0.0010370625987391848,0.00059780529938601313,1.7901655769771445e-05,0.0
Rob Gronkowski,TE,NE,2.6926120974355108,7400.0,0.97671236315428833,0.015931214393335155,0.0024900944014978016,0.0028301291052495918,0.0011184126109369445,0.00087908842948294474,3.869790520925592e-05,0.0
Lee Smith,TE,OAK,2.6729816342064585,4500.0,0.96824377480601265,0.029979366774355452,0.0011767180532503347,0.00028869720039063245,0.00016500877765787564,0.00014295085035549306,3.4835379776272378e-06,0.0
Clive Walford,TE,OAK,2.6694715803609959,4900.0,0.9729981073408227,0.022186097504115366,0.0035967269789878346,0.00058674773770125966,0.00041485122048602315,0.00021228893413462443,5.1802837518906071e-06,0.0
Darren Fells,TE,ARI,2.6212301051840887,4700.0,0.98183167770303204,0.014699181671218069,0.0018938573767801859,0.00086358946744623049,0.00040266327552447307,0.00030066345426050725,8.367051738488256e-06,0.0
C.J. Uzomah,TE,CIN,2.6155162817180391,5000.0,0.98695454692024231,0.0081603884232659268,0.0015423476521475119,0.002089950985202899,0.00070851140815004154,0.00052225396240309773,2.2000648588081198e-05,0.0
Dion Sims,TE,MIA,2.5937452146695734,4500.0,0.98756826395711406,0.0077726544161537152,0.0036819877085908052,0.00053026368833240453,0.00021469594543504648,0.00023068972972650713,1.4445546475989476e-06,0.0
Jesse James,TE,PIT,2.5390580198497399,4500.0,0.99509878074888691,0.0029100707125215008,0.0014604017071649068,0.00025464846682540055,0.00016722166610813943,0.00010653384134471989,2.3428571483788961e-06,0.0
Will Tye,TE,NYG,2.5367812062875483,4700.0,0.99517988292410831,0.003198154805713364,0.0010888198648524878,0.00027175978867243937,0.0001469128697251768,0.00011102498524041734,3.4447616878889476e-06,0.0
Ryan Griffin,TE,HOU,2.5342705281114513,4500.0,0.99484498122502663,0.0039911882672282531,0.00083054624891140943,0.00019620765913584386,7.4168607747423308e-05,6.158299922426951e-05,1.3249927262404577e-06,0.0
Tyler Kroft,TE,CIN,2.5292440640226799,4600.0,0.99713111272224131,0.000972128876417945,0.0012735900465884161,0.00030909345759222933,0.00017774801847346585,0.00012992888212809021,6.3979965584952652e-06,0.0
Niles Paul,TE,WAS,2.5239258722212874,4500.0,0.99717538448538434,0.0013274346340158923,0.0012175401815497165,0.00015059239466613152,7.4423947510739223e-05,5.4581231049851023e-05,4.3125823332822742e-08,0.0
Luke Willson,TE,SEA,2.5198134168241548,4500.0,0.99735262005159109,0.0017915150558908749,0.00059275535231739871,0.00013266328616364041,7.2464516704035409e-05,5.2714409111309029e-05,5.2673282217870335e-06,0.0
Lance Kendricks,TE,LARM,2.5168557795838624,4500.0,0.99764762376525129,0.0015229725709766891,0.00072332740736183693,5.0893580658380125e-05,3.0436510833948372e-05,2.2498884136866252e-05,2.2472807810408309e-06,0.0
Vernon Davis,TE,WAS,2.5087083778164225,4500.0,0.99899162495944327,0.00048885141063922239,0.00039058652552168981,6.9355987170163108e-05,3.4357148209257478e-05,2.5200834236650882e-05,2.3134780151015795e-08,0.0
David Johnson,TE,PIT,2.5068641643688001,4500.0,0.99902014565060471,0.00079852083290959182,5.8608347225376129e-05,6.0690251340869392e-05,3.5917787302225077e-05,2.5605270562944177e-05,5.1186005437978593e-07,0.0
Hunter Henry,TE,SD,2.5068394043646536,4500.0,0.99930853909048833,0.0003936505322429871,6.3951924283057194e-05,0.00013594803199488883,5.2637557238577612e-05,4.4227631469732144e-05,1.0452322821643904e-06,0.0
Brandon Myers,TE,TB,2.5061716102899587,4500.0,0.99895710591732267,0.00093457522954610813,5.8969001357804383e-05,2.6513367009410095e-05,1.2547117118554433e-05,9.8670889808667665e-06,4.2227866508248139e-07,0.0
Garrett Celek,TE,SF,2.5049907947876551,4500.0,0.99946434095162451,0.00025383502303849922,0.0001565700494679053,8.70496824710251e-05,2.1705701796423769e-05,1.6019242966682208e-05,4.7934863457044295e-07,0.0
Geoff Swaim,TE,DAL,2.5032507102508639,4500.0,0.99945984179385561,0.00047063925785357293,4.5289132575146546e-05,1.3006420086422927e-05,6.3676631724454926e-06,4.7517645001518556e-06,1.0396795677582863e-07,0.0
Austin Hooper,TE,ATL,2.5030120207471094,4500.0,0.99957283122871776,0.00032510520058329478,6.0410796635226501e-05,1.9910330705394839e-05,1.2595398952151729e-05,8.7273473285039228e-06,4.1969707710248248e-07,0.0
Phillip Supernaw,TE,TEN,2.5026999419041487,4500.0,0.99961730720821418,0.00028828160062918,5.7963469313691025e-05,1.8009821185693982e-05,1.0576679665579839e-05,7.7695180607222029e-06,9.1702930795348805e-08,0.0
Anthony Fasano,TE,TEN,2.5023039596859489,4500.0,0.9996976765113178,0.00021214475129517846,5.0861026724213757e-05,1.9269789352468552e-05,1.12773107371049e-05,8.6682981893477364e-06,1.0231238364143111e-07,0.0
Xavier Grimble,TE,PIT,2.5020264086241886,4500.0,0.99971742671031139,0.00020989924139690327,4.4170694122073329e-05,1.2697793526893019e-05,1.0260074231433451e-05,5.4254959906068187e-06,1.1999042108135952e-07,0.0
Levine Toilolo,TE,ATL,2.5019554170212719,4500.0,0.99972041997166894,0.00021990023001006056,3.0047203146936388e-05,1.4435422941885256e-05,8.7089793646776976e-06,6.1511146500618824e-06,3.37078217780522e-07,0.0
Demetrius Harris,TE,KC,2.5014084186294885,4500.0,0.99980333249771158,0.00015206018796277203,2.1240348261850432e-05,1.1586419657574887e-05,6.6273295821507083e-06,5.0810968316547611e-06,7.2119992552738798e-08,0.0
Marcedes Lewis,TE,JAC,2.5013300711405737,4600.0,0.99981486458826863,0.00014149056235682639,2.1310236611750684e-05,1.2029161377553372e-05,5.8722915694210701e-06,4.3259977872162969e-06,1.0716202890280615e-07,0.0
Jace Amaro,TE,TEN,2.5011936255098193,4600.0,0.99987117068642684,7.8739467928256655e-05,1.4577016210880345e-05,1.8925010419016743e-05,9.0490897973307795e-06,7.4276858300365593e-06,1.110433873011481e-07,0.0
Nick O'Leary,TE,BUF,2.5010095756887791,4500.0,0.99984843760337072,0.00011882853709366884,2.2491963921345973e-05,5.1305730587127875e-06,2.8501186598128662e-06,2.2582308786812019e-06,2.9730170355637156e-09,0.0
Ed Dickson,TE,CAR,2.5006965540485866,4500.0,0.99990832945266117,6.6745823623057043e-05,1.1941322884530752e-05,6.3915865701099382e-06,3.6424535937800368e-06,2.8220520654453493e-06,1.2730860193092119e-07,0.0
Kellen Davis,TE,NYJ,2.5006567827556259,4500.0,0.99990730025368335,6.9334736449073474e-05,1.4721524383672864e-05,4.6028693489224983e-06,2.0412894802890934e-06,1.5937488743913609e-06,4.0557777985993024e-07,0.0
Crockett Gillmore,TE,BAL,2.500614706197589,4500.0,0.99992018293441387,5.820548964760375e-05,8.7416563638139791e-06,6.8670930561362301e-06,3.4387042538331944e-06,2.5136358416694231e-06,5.0486423152005693e-08,0.0
Jeff Heuerman,TE,DEN,2.500457216397947,4500.0,0.99994234800455861,4.0101980468049219e-05,8.2067984316072547e-06,4.6397716624695764e-06,2.6127056750986666e-06,2.0214935013278272e-06,6.9245702156028526e-08,0.0
Brandon Bostick,TE,NYJ,2.5004225646566476,4500.0,0.999936341006187,5.1204450818336241e-05,7.707033512504916e-06,2.5280599290565685e-06,1.1211514845626119e-06,8.7553979045630189e-07,2.2275827822870622e-07,0.0
Cole Wick,TE,DET,2.5003707681824077,4500.0,0.99996053173985167,2.0705424745608557e-05,9.6110220398549535e-06,4.5400936341510695e-06,2.5468140371713123e-06,2.0021709263069328e-06,6.2734765169610334e-08,0.0
Sean McGrath,TE,SD,2.5003433493590035,4500.0,0.99996186979369728,2.4979565813395854e-05,3.1608014221887195e-06,4.9583641195391202e-06,2.7780565632994793e-06,2.1772233126204965e-06,7.6195071984246376e-08,0.0
Blake Bell,TE,SF,2.5003028425899694,4500.0,0.99996529230244391,2.0327183207179018e-05,7.8031988193729505e-06,3.229350223927609e-06,1.8720048707921432e-06,1.423250557866374e-06,5.2709877455737816e-08,0.0
Gavin Escobar,TE,DAL,2.5002835915148998,4500.0,0.99994993562304513,4.72066448404632e-05,6.9182727198155599e-07,1.0673716510310297e-06,5.9952501135473912e-07,4.7717638696394473e-07,2.1831794095405196e-08,0.0
Rhett Ellison,TE,MIN,2.5002330533006489,4500.0,0.99996933268114629,2.1955114084556281e-05,4.5738356929893637e-06,2.061002187921473e-06,1.1490901682464741e-06,8.7019416993351074e-07,5.808254969723215e-08,0.0
Scott Simonson,TE,CAR,2.5002245851521514,4500.0,0.99996700530913674,2.6689694597974076e-05,3.1090175404922328e-06,1.5602368892336123e-06,8.9811595003986378e-07,7.0562798024797073e-07,3.19979049881673e-08,0.0
Neal Sterling,TE,JAC,2.5002237488173789,4500.0,0.99996960267308121,2.3784054442724276e-05,2.3008494669053386e-06,2.0668876176321127e-06,1.2176136499322399e-06,9.2573244589564241e-07,1.0218929500200858e-07,0.0
Mychal Rivera,TE,OAK,2.5002192232097151,4500.0,0.99997225517869281,1.9971015909479384e-05,3.0930585234115039e-06,2.2452108473782686e-06,1.3471748323884954e-06,1.0074471003421582e-06,8.0914094344012865e-08,0.0
Maxx Williams,TE,BAL,2.5001704491374044,4500.0,0.99998099627709103,1.2091532866130476e-05,2.2493742583070156e-06,2.2650687731132841e-06,1.3330659878828442e-06,1.0322338832003068e-06,3.2447140212533177e-08,0.0
C.J. Fiedorowicz,TE,HOU,2.5001606910179004,4500.0,0.9999837781459685,5.0389504455511458e-06,8.4883748277156803e-06,1.2993997124416169e-06,7.7673469937161029e-07,6.0146513572469188e-07,1.6929210146184632e-08,0.0
Orson Charles,TE,DET,2.5001588970730682,4500.0,0.99998067774621524,1.2505495669408695e-05,3.6754281255238872e-06,1.504032904532546e-06,8.8787028372112043e-07,6.7452757927067578e-07,7.4899222785996904e-08,0.0
Jermaine Gresham,TE,ARI,2.5001124719049796,4500.0,0.99998705552273603,8.4243613289712424e-06,1.647645949833133e-06,1.4109185494950103e-06,8.0529576573713109e-07,6.2991519747501625e-07,2.6340472099161927e-08,0.0
MyCole Pruitt,TE,MIN,2.5000761495395949,4500.0,0.99999004234461142,6.5390539953780163e-06,2.3867223448298603e-06,4.941423847121317e-07,2.9132777706220233e-07,2.2132452760176618e-07,2.50843590052424e-08,0.0
Khari Lee,TE,DET,2.5000675201085572,4500.0,0.99999339612273719,3.1991498753660226e-06,1.4140631699017463e-06,9.6864792432223137e-07,5.6721535300279621e-07,4.3617720401466378e-07,1.8623737027325849e-08,0.0
Clay Harbor,TE,DET,2.5000675201085572,4500.0,0.99999339612273719,3.1991498753660226e-06,1.4140631699017463e-06,9.6864792432223137e-07,5.6721535300279621e-07,4.3617720401466378e-07,1.8623737027325849e-08,0.0
Randall Telfer,TE,CLE,2.500059870387807,4500.0,0.99999032344337435,8.6921777103859482e-06,2.5208518204823373e-07,3.5272654605546581e-07,2.0434309253318081e-07,1.5785275610297178e-07,1.7371338187023408e-08,0.0
Jim Dray,TE,BUF,2.5000527205147138,4500.0,0.99999332056264301,4.4647752041671216e-06,1.258883660546099e-06,4.7310871222197114e-07,2.716358258704531e-07,2.1068648666013002e-07,3.4746824978445886e-10,0.0
Ifeanyi Momah,TE,ARI,2.5000436210893771,4500.0,0.99999427285405051,4.3509602056289261e-06,4.7634238447587545e-07,4.3065799369904601e-07,2.5252015429830003e-07,1.9320371904226607e-07,2.3461493345237433e-08,0.0
James O'Shaughnessy,TE,KC,2.5000390759503013,4500.0,0.99999651676236412,1.4204122403571558e-06,7.5969338230003096e-07,6.3474729985448121e-07,3.7732639719239253e-07,2.8669032717598592e-07,4.3679893891028497e-09,0.0
Logan Paulsen,TE,CHI,2.5000197363613306,4500.0,0.99999733758222265,2.1218145546863027e-06,1.1454612302475594e-07,2.0947163920268418e-07,1.1950639935176519e-07,9.405929521618178e-08,3.0197653285428294e-09,0.0
Marqueis Gray,TE,MIA,2.500011487525772,4500.0,0.9999987546749507,7.5957879543687784e-07,1.6031185141361773e-07,1.6038226505846843e-07,9.1696623926894905e-08,7.1627650190323365e-08,1.7278637159901432e-09,0.0
Asante Cleveland,TE,SD,2.5000096653638373,4500.0,0.99999912577983197,4.3766305914851478e-07,8.1440133002533025e-08,1.7312386013398071e-07,1.0131128885435361e-07,7.7679442078699491e-08,3.0023840742189895e-09,0.0
Brandon Williams,TE,SEA,2.5000089903013234,4500.0,0.99999928186176168,2.2811592224184134e-07,1.5830264352449391e-07,1.6183948685821954e-07,9.286716425900402e-08,6.9488471637162927e-08,7.5245506450932931e-09,0.0
Tyler Higbee,TE,LARM,2.5000086039428231,4500.0,0.99999886029336627,8.5566979734658867e-07,1.2201809065236414e-07,7.7288402336058733e-08,4.3787718997494822e-08,3.4707038762118338e-08,6.2355860041047266e-09,0.0
Cory Harkey,TE,LARM,2.5000086039428231,4500.0,0.99999886029336627,8.5566979734658867e-07,1.2201809065236414e-07,7.7288402336058733e-08,4.3787718997494822e-08,3.4707038762118338e-08,6.2355860041047266e-09,0.0
