name,pos,team,expectation,salary,prob_0_5,prob_5_10,prob_10_15,prob_15_20,prob_20_25,prob_25_30,prob_30+,label
Ezekiel Elliott,RB,DAL,15.344913873546817,8100.0,0.072323798890114602,0.19833454201270859,0.21995103737102323,0.28512990800990146,0.10550034003209158,0.079058236767006226,0.039702136917154858,3.0
DeMarco Murray,RB,TEN,14.745197002036765,7300.0,0.091521355035316498,0.19484998972008213,0.27915775256163017,0.20325506012446762,0.12521188031224695,0.0691763671060346,0.036827595140222574,2.0
Devonta Freeman,RB,ATL,14.070328097669922,7200.0,0.11436489873159317,0.19799265860682141,0.28290021810118648,0.216794033957073,0.095314402081592545,0.055657873909377154,0.036975914612356178,2.0
David Johnson,RB,ARI,13.698195197614906,8700.0,0.11154460027591617,0.23570655103199825,0.26640996996912214,0.21038128184526703,0.083417015687862112,0.063475424978957112,0.029065156210877439,2.0
Mark Ingram,RB,NO,12.883618294268713,6800.0,0.14961677827399733,0.24369850243589958,0.26667875983894718,0.1741592104608399,0.098386904091561936,0.036564401900482796,0.03089544299827186,2.0
DeAngelo Williams,RB,PIT,12.873084210932381,5900.0,0.17065525248631175,0.25308976895121144,0.22396430587593913,0.18148799607772387,0.087572258548866327,0.041434852223273436,0.041795565836674237,1.0
LeSean McCoy,RB,BUF,12.803400393288145,7600.0,0.13062742788166609,0.28025574500505013,0.25226016094283715,0.1828559107415404,0.085233274521753763,0.040390296294147941,0.028377184613004452,1.0
Melvin Gordon,RB,SD,12.760734957113275,7600.0,0.12909943582657457,0.27184883587449599,0.2606499411766135,0.20040834435241239,0.072053374158535979,0.039367134980227689,0.026572933631140352,1.0
Isaiah Crowell,RB,CLE,12.674059205831487,6600.0,0.17951400105410717,0.25811173022476064,0.23692447846944548,0.16486065050977597,0.077629696679754945,0.02765730943314337,0.055302133629012505,1.0
Lamar Miller,RB,HOU,12.430937147627651,8200.0,0.12619983749613609,0.30632816015445019,0.24582483718467679,0.19874124987921979,0.061836789511738988,0.034873753474967358,0.026195372298811335,1.0
Matt Jones,RB,WAS,12.325726687746947,6600.0,0.16662908268869289,0.28901952081244808,0.20711754382693023,0.19570943945270186,0.079792301476334246,0.030443681006109388,0.031288430736783335,1.0
LeGarrette Blount,RB,NE,12.261997172074395,7500.0,0.18233356760807365,0.25585008735655584,0.22360072840430212,0.20747801106308442,0.069562350526837541,0.032649801876225092,0.028525453164921524,1.0
Tevin Coleman,RB,ATL,11.515019369136921,6100.0,0.21479041492934386,0.2867296219693421,0.23256319293099248,0.12556039259003834,0.080048078165638095,0.025153047087871531,0.035155252326774127,1.0
C.J. Anderson,RB,DEN,11.505143746004309,7900.0,0.18581169645092779,0.32052813704024441,0.19963690785911126,0.172496239946796,0.071424506191685652,0.031750852991843367,0.018351659519391859,1.0
Jeremy Hill,RB,CIN,11.377218371174802,7000.0,0.21288820532890693,0.28198186378763546,0.2315146354708103,0.16137077817845261,0.057675147035029073,0.026054192976233605,0.028515177222932602,1.0
Latavius Murray,RB,OAK,11.283108284935453,7100.0,0.23255568900278048,0.26280923848336218,0.21562339055578894,0.17629916470222617,0.06343828629903113,0.026911668753284029,0.022362562203527277,1.0
Carlos Hyde,RB,SF,11.073369713759286,6800.0,0.25102130488416291,0.26587841149352609,0.22287243451690295,0.13343412663756438,0.077247342326466503,0.018861705275324773,0.030684674866052641,1.0
Matt Forte,RB,NYJ,10.965414544348157,6900.0,0.21262351973401322,0.30004144132437288,0.24742467476335073,0.13175657878887237,0.068093876160676234,0.019895021984940899,0.020164887243773882,1.0
Todd Gurley,RB,LARM,10.9451268616102,7700.0,0.2219072572901068,0.25932152489177451,0.26613163844380777,0.16266457718671995,0.055668158678410108,0.024146852360551332,0.010159991148629739,2.0
Frank Gore,RB,IND,10.748480995964545,6100.0,0.2287411289548385,0.31934623223779351,0.22421159624541187,0.11117339418322836,0.0722771145349521,0.018886890806497251,0.0253636430372788,1.0
Charles Sims,RB,TB,10.740269437701714,6500.0,0.23656646964261538,0.28379417713634397,0.2573657390043767,0.11753533584337125,0.063784443549494155,0.016276983791690767,0.024676851032107833,1.0
Spencer Ware,RB,KC,10.401590693666661,6200.0,0.24592578364429898,0.32406654658621037,0.21012259476803824,0.12020743479089659,0.055848980381306888,0.021932074784661689,0.021896585044587566,1.0
T.J. Yeldon,RB,JAC,10.221693792133772,6700.0,0.28202972243993607,0.28710509659412453,0.21870604044453301,0.11158907826950243,0.055463506615046468,0.019994861309805659,0.025111694327052628,1.0
Theo Riddick,RB,DET,9.8096313528728025,6600.0,0.31235922443793396,0.28284750088287569,0.21281842508170273,0.097560590085664159,0.049068758239834129,0.020173761303988635,0.025171739968001035,0.0
Jordan Howard,RB,CHI,9.4739889399982609,5600.0,0.34259436548981137,0.26723735336601073,0.19764958330605417,0.11479002765591674,0.038676325508799292,0.013769571572377255,0.025282773101030696,0.0
Fozzy Whittaker,RB,CAR,9.4157274495283438,5800.0,0.35126458815384026,0.27757680230084786,0.17441116052648789,0.10707747387726789,0.044131508914658564,0.024674747475617924,0.020863718751279663,0.0
Giovani Bernard,RB,CIN,8.8364054160323722,5500.0,0.37664870878748041,0.28807595751916554,0.16673864548435929,0.087768085591534067,0.047250890674035338,0.01629674158961408,0.017220970353811763,0.0
Kenyan Drake,RB,MIA,8.8268381052583766,5400.0,0.41056600711901931,0.25058144813360089,0.18238209659353946,0.077415706654456712,0.030107868360164148,0.013874192718640804,0.035072680420579171,0.0
Cameron Artis-Payne,RB,CAR,8.8005445124410766,5700.0,0.35308306558110175,0.30401574146448446,0.21964417480782575,0.058626372731590118,0.023349737555819788,0.013866105396419973,0.027414802462758455,0.0
Chris Ivory,RB,JAC,8.4297142712211368,5700.0,0.45335742081059599,0.22179010387662176,0.20559268110872689,0.038924962425135642,0.024622033841454911,0.016285880723066071,0.039426917214399171,0.0
Derrick Henry,RB,TEN,8.3171147510758328,5000.0,0.45901468496511605,0.24376952368126006,0.13867403020487498,0.08181484731806879,0.034086717463274463,0.011098214714191333,0.031541981653214729,0.0
Duke Johnson,RB,CLE,8.2625690918977082,5400.0,0.4483184359763342,0.23845926348064275,0.16081392376902715,0.094831271306906717,0.020852445199682944,0.0094581193978315204,0.027266540869574654,0.0
Jerick McKinnon,RB,MIN,8.2295977667325317,5800.0,0.38559037790501088,0.29731658636962843,0.21949525992089547,0.051288234553644223,0.013966919411247589,0.0068979840853780174,0.02544463775419592,0.0
Alfred Morris,RB,DAL,8.1048373809825804,5200.0,0.46855183461290162,0.25183783046013636,0.13202273757209665,0.070299870563635278,0.039908578934011521,0.0056094786044573368,0.031769669252761167,0.0
Jay Ajayi,RB,MIA,8.0158280588635904,5500.0,0.46077330451801152,0.26121923390610624,0.14370700474529824,0.060771872340658055,0.034608251315442769,0.012798946361250448,0.026121386813233421,0.0
Terrance West,RB,BAL,7.7940154705592057,4900.0,0.47080650669640245,0.2710947923609317,0.13085738838364463,0.063444600487636352,0.029399173875206689,0.0036806468368509346,0.030716891359327637,0.0
DeAndre Washington,RB,OAK,6.9068890424418736,4800.0,0.58530722573117855,0.19625832145265976,0.10193342336091012,0.06316470778073735,0.019829357813661522,0.0035694529190082895,0.029937510941845328,0.0
Dwayne Washington,RB,DET,6.8922097420036392,4500.0,0.57710034859164616,0.23496210617104279,0.088963505198641879,0.043006520083960192,0.0099289125311030086,0.0016222178648870338,0.044416389558719009,0.0
Chris Thompson,RB,WAS,6.7950366996486888,5200.0,0.54652369051900007,0.24448236472391011,0.1160469697345318,0.047479906816884861,0.018456844221919722,0.0062683449973109165,0.020741878986442475,0.0
Devontae Booker,RB,DEN,6.7111324341149139,5200.0,0.5652703079664616,0.21664182330168369,0.12173711957166428,0.045729733805538741,0.031139107459707334,0.0041784054630737083,0.015303502431870302,0.0
Chris Johnson,RB,ARI,6.5239274720693832,4900.0,0.62084454788147425,0.1792471096099216,0.09693369617509083,0.050568855840338392,0.019239212810827754,0.0083834541638726379,0.024783123518474448,0.0
Benny Cunningham,RB,LARM,6.4470478332428405,4700.0,0.61741161118046317,0.20040816881761842,0.098688655014943449,0.035962111701429683,0.0097421738598136749,0.00056550600649148987,0.037221773419240246,0.0
Matt Asiata,RB,MIN,6.2371017189331486,5700.0,0.61515656727777379,0.19452059649191164,0.11599466663615757,0.033115668327359314,0.015730996712063208,0.0046602382758007587,0.020821266278933593,0.0
Jacquizz Rodgers,RB,TB,6.2300532232881878,5500.0,0.60313469572917711,0.23453850119319689,0.081745056501412783,0.039641104151717767,0.013272769042721903,0.0025823567639660992,0.02508551661780677,0.0
Jalen Richard,RB,OAK,6.2258073815331088,4900.0,0.62804606350761205,0.19462473209816014,0.091843032264194893,0.042906704525574435,0.014343500081951595,0.0018514820805026475,0.026384485442004425,0.0
Lance Dunbar,RB,DAL,6.1358140546476951,4900.0,0.61772405067055314,0.22739045928048179,0.070167053417369285,0.026171720927405828,0.033375523151530681,0.010794508110873697,0.014376684441786095,0.0
Orleans Darkwa,RB,NYG,6.0537637691102422,4500.0,0.6656490515299196,0.15877627346224427,0.10037064295634138,0.030511777686154439,0.010436635302969554,0.0031388024857565149,0.031116816576614924,0.0
James White,RB,NE,5.8408760274686973,5300.0,0.65266349639463939,0.19115967749074561,0.079816957568537863,0.033949078907889493,0.021514789773684252,0.0042325213811724377,0.016663478483330871,0.0
Shaun Draughn,RB,SF,5.7140039153433939,4800.0,0.67210307716154316,0.18931294840786239,0.069535454468840546,0.032166005699471929,0.0073682992058036615,0.0022644573770656115,0.027249757679411877,0.0
Robert Turbin,RB,IND,5.6493551858311246,5000.0,0.69383859548080384,0.17092728509868141,0.062184381386306123,0.030203721850888546,0.012533957878151069,0.0021335911692901563,0.028178467135878568,0.0
Bilal Powell,RB,NYJ,5.6214303583374381,5000.0,0.68029276511291881,0.17146024060816001,0.079859654393648741,0.035605941607700288,0.0090481968018186806,0.0027799329004932487,0.020953268575259747,0.0
Jamaal Charles,RB,KC,5.5778060670555671,7000.0,0.73978712940948443,0.098693175531507013,0.096615592066507855,0.019895939902839724,0.0044424647415810181,0.011665242793847549,0.02890045555423227,0.0
Alfred Blue,RB,HOU,5.5420511474410326,4700.0,0.72288293334687925,0.15096035016194301,0.056518149422813468,0.024460195094172535,0.0071418591111297482,0.0031811832375317501,0.034855329625529473,0.0
Le'Veon Bell,RB,PIT,5.4795447279717102,8300.0,0.73664278727452837,0.10118584594224311,0.10017401149762466,0.022756016898185068,0.0041465418511713054,0.012396879285332467,0.022697917250914898,0.0
Josh Ferguson,RB,IND,5.4239862528816767,4500.0,0.66439406321601302,0.22297316616329721,0.054212336102944653,0.030807754932202561,0.0067743201818174937,0.0010469796272945052,0.019791379776430553,0.0
Tim Hightower,RB,NO,5.3578235767053277,4700.0,0.73251846473601967,0.14542945532442095,0.061828808295506278,0.020195552629913443,0.0061443861639742213,0.0019521484307194756,0.031931184419445757,0.0
Mike Gillislee,RB,BUF,5.2875372632352748,4900.0,0.70188360051409293,0.16654091183609859,0.066821663573376322,0.03856916372231927,0.010718142406779414,0.0011928091916929811,0.01427370875564052,0.0
Mike Tolbert,RB,CAR,5.1380360503180258,4900.0,0.7192120920654369,0.17131486790163794,0.055714425174730166,0.024523624052510164,0.0062175135395879672,0.0021273578219978555,0.020890119444097792,0.0
Travaris Cadet,RB,NO,4.6865636210494523,5000.0,0.75354634424517219,0.15042564749967083,0.043665125020709322,0.034285873473370559,0.0075570724631916055,0.0012724506935567442,0.0092474866043290652,0.0
Alex Collins,RB,SEA,4.6535165730516077,4500.0,0.79784767517195598,0.11971840653113791,0.038211864564694838,0.012800473333030214,0.0030348806295222167,0.00032887471344559145,0.028057825056213299,0.0
Damien Williams,RB,MIA,4.4369462171286917,4900.0,0.81832146882679579,0.10376054114944271,0.036599121404572228,0.013802481061388256,0.003565448864906185,0.00061325378696659607,0.023337684905927532,0.0
John Kuhn,RB,NO,4.4045086668905817,4500.0,0.8016197104974625,0.1169446054842547,0.046651599621343666,0.011825274269056748,0.0045896206596774654,0.0017200722253578882,0.016649117242846873,0.0
Rob Kelley,RB,WAS,4.3558726827325183,4800.0,0.79785517341237022,0.14495769860759664,0.01925903814384353,0.010086972941235769,0.0088143368895642789,0.0009957165105158412,0.018031063494873309,0.0
Jamize Olawale,RB,OAK,4.2884068037847145,4500.0,0.81975990118481135,0.10418251943261878,0.040441079057516496,0.013842846736559654,0.0034366762085856965,0.0012326098694230554,0.017104367510485236,0.0
Isaiah Pead,RB,MIA,4.2667866948608575,4500.0,0.82579839642191288,0.11911074392797097,0.019457144820397305,0.0086688409977247992,0.0019965533602058112,0.0006363427314760061,0.024331977740312073,0.0
Andre Ellington,RB,ARI,4.2645273521656843,4600.0,0.84908702384563806,0.083216338085019617,0.028882245503188853,0.0094595655254394485,0.0026149751643024014,0.00048199539231248012,0.026257856484099836,0.0
Corey Grant,RB,JAC,4.0812662614559585,4500.0,0.84557855705942786,0.076576894349361976,0.052183171509969851,0.0064744805844388787,0.0020687272192986255,0.002437624008264016,0.014680545269239747,0.0
Denard Robinson,RB,JAC,4.0543882107240785,4500.0,0.84913681833911214,0.080721259158501701,0.031136839705015445,0.022467718709221578,0.0025466486981187393,0.00043113158603874636,0.013559583803992211,0.0
Andy Janovich,RB,DEN,4.0458513891843157,4500.0,0.86093308442152383,0.085713762521783962,0.020252250697448081,0.0081284213278134711,0.0014257808894129016,0.00012661636268130694,0.023420083779336087,0.0
Bobby Rainey,RB,NYG,3.8407034704378011,4800.0,0.86939702766638627,0.082255587345310605,0.021977488656176773,0.0075005687766858545,0.00123812323257676,8.4598619384300514e-05,0.017546605703478532,0.0
Kenneth Farrow,RB,SD,3.8241883776463204,4500.0,0.87542924568035141,0.068461032821962947,0.027545265980727179,0.010353758127510219,0.0029581437893402571,0.00049955812982701382,0.014752995470280059,0.0
Fitzgerald Toussaint,RB,PIT,3.7806653423152108,4500.0,0.87006956015280335,0.077855311784121611,0.026657197043129646,0.0095717133088865855,0.0024043563890204477,0.0004942009888886567,0.012947660333150181,0.0
Kapri Bibbs,RB,DEN,3.7629338782002169,4500.0,0.87727056916115753,0.073299410107640836,0.024595576628894205,0.007203979412232304,0.00232415452116458,0.00020224009643958086,0.015104070072470912,0.0
Zach Zenner,RB,DET,3.721277883449535,5000.0,0.87409612620465704,0.081271228357896089,0.022613391889013845,0.0048472203103072072,0.0019125593600334387,0.0024139426831198182,0.012845531194973567,0.0
Jalston Fowler,RB,TEN,3.6920285361670202,4500.0,0.87975482310338937,0.082710885605681725,0.015935158899375964,0.0041672496586793286,0.00065281443358415647,0.00023496455118806209,0.016544103748100895,0.0
Keith Smith,RB,DAL,3.6460324338547188,0.0,0.87223478992780368,0.095454594063609385,0.014089956307307236,0.002915983152929793,0.00074887921453760137,0.0005227792626665476,0.014033018071145743,0.0
Joique Bell,RB,CHI,3.5508824007147988,0.0,0.90129932073544361,0.063355485972128311,0.016292059382772017,0.0021443514477017347,0.00051802608511314536,0.00053879981849466708,0.015851956558347088,0.0
Kyle Juszczyk,RB,BAL,3.5342156384332792,4500.0,0.90297810390941324,0.060996410241671226,0.013740239099475984,0.0068738338321059659,0.00076515522584842471,0.00034437209888766283,0.014301885592597353,0.0
Jerome Felton,RB,BUF,3.5283994461704467,4500.0,0.90979564623421205,0.054837914015111233,0.014569873595869184,0.0031179601230805309,0.00065169097324330476,0.00062224274341540027,0.016404672315068865,0.0
Dexter McCluster,RB,SD,3.525134478010246,4500.0,0.91053926867371249,0.053870636008038077,0.014589066169347633,0.0036015828082608158,0.0006215422603903267,0.00024611115510336508,0.016531792925146983,0.0
Rod Smith,RB,DAL,3.4264689500361967,4500.0,0.91698975994642906,0.04952463946832155,0.014273832298024076,0.0028914128121261154,0.0026693778817834758,0.00057441225146731133,0.013076565341849275,0.0
Malcolm Johnson,RB,CLE,3.4158536045854295,4500.0,0.91912183783518409,0.049673589209123313,0.013089035790980337,0.0024297621817448312,0.00051767744417842258,0.00042238013205060529,0.014745717406738558,0.0
Brandon Bolden,RB,NE,3.4148583219589881,4700.0,0.90500868986983363,0.058078052258382286,0.021621717460045757,0.0036805754288158814,0.0016638723214108672,0.0004687604390651121,0.0094783322224472125,0.0
Anthony Sherman,RB,KC,3.3936493026248078,4500.0,0.92450370398929715,0.046101270923220396,0.010799803799507891,0.0024058413934778221,0.00039111826717888772,0.00029447721599196419,0.015503784411325647,0.0
Mike Davis,RB,SF,3.3896238551908482,4500.0,0.91604743271784705,0.05233486021480694,0.013024801488607527,0.0048997944762915755,0.0014606436416553026,0.00034179242966358227,0.011890675031128265,0.0
Derek Watt,RB,SD,3.3782308243073946,4500.0,0.9272760940146848,0.043286470958918861,0.0108352440336305,0.0024072985789612188,0.00050332924450170182,0.00036077832004031827,0.015330784849262615,0.0
James Develin,RB,NE,3.3727333833617208,4500.0,0.92641385048895231,0.041933834487829912,0.013782219648737985,0.0022923011876374599,0.0007639483066674413,0.00078286141578955029,0.014030984464385858,0.0
Tyler Ervin,RB,HOU,3.3648835772347483,4500.0,0.93839205632362666,0.031716153023363558,0.0095275036337448896,0.0025083237810951311,0.00034307982690342576,0.00035031844535600556,0.017162564965910336,0.0
Jay Prosch,RB,HOU,3.3606233925251789,4500.0,0.94016535319803074,0.029724620509510417,0.009589253393643301,0.0025003838856259785,0.00035029074888294384,0.00035760144144333597,0.01731249682286343,0.0
Rex Burkhead,RB,CIN,3.3570712801895697,4500.0,0.92827593015314669,0.040898579475407246,0.013266181961679172,0.0021938215237651292,0.00060017450394983182,0.00064892028752364908,0.014116392094528496,0.0
Ryan Hewitt,RB,CIN,3.3570712801895697,4500.0,0.92827593015314669,0.040898579475407246,0.013266181961679172,0.0021938215237651292,0.00060017450394983182,0.00064892028752364908,0.014116392094528496,0.0
Patrick DiMarco,RB,ATL,3.3543645351097107,4500.0,0.92878281151095454,0.040274537783170014,0.013175917816893439,0.0023851513815699582,0.00066472459904620359,0.00081825922685970073,0.013898597681506447,0.0
Raheem Mostert,RB,CHI,3.3529805388476834,4500.0,0.93186546158737427,0.037423362971561173,0.012431482906844047,0.0022399560807326944,0.00068215090388406294,0.00064199929724975929,0.014715586252354465,0.0
Javorius Allen,RB,BAL,3.3517374936964273,4600.0,0.9301814577695432,0.039788889805970971,0.011787244653672863,0.0027047705645532431,0.00052089178671775789,0.00054840296105720639,0.014468342458484908,0.0
Daniel Lasco,RB,NO,3.3488071665518229,4500.0,0.92860849260331535,0.040907738838531466,0.013078935224059406,0.0021872365569207742,0.00066086859608296825,0.00075206213897801091,0.013804666042112295,0.0
Antonio Andrews,RB,TEN,3.3394322059352497,4500.0,0.92419187823613658,0.044901673300527543,0.014861779714295736,0.0022796298356887626,0.00084490746010830204,0.00062544355710157889,0.012294687896142034,0.0
Malcolm Brown,RB,LARM,3.3266831729885142,4500.0,0.93308917462380225,0.038781205428140557,0.010255788489233704,0.0024040559897793028,0.00042896378646849209,0.00043296457390656088,0.014607847108669265,0.0
C.J. Spiller,RB,NYJ,3.3183195972189496,4500.0,0.93580010263206537,0.035908173939570652,0.010188663215439746,0.0024467281066391754,0.00042814533510166159,0.00043837373311916925,0.01478981303806454,0.0
Michael Burton,RB,DET,3.300580643677252,4500.0,0.93413913083618827,0.03725844914214773,0.011517734279885842,0.0025149657102586011,0.00055707219169037173,0.00068879054859904954,0.013323857291230512,0.0
Jordan Todman,RB,IND,3.2880868867588235,4500.0,0.93382543288230235,0.037479876388232664,0.012567929703067193,0.00216658283899586,0.00054114834341455935,0.00059092954611309205,0.012828100297874791,0.0
George Atkinson,RB,CLE,3.2747880924855353,4500.0,0.93615569409654675,0.035612057367990294,0.012096447396066285,0.0021172614148036078,0.0005872346132863495,0.00056769305604560303,0.012863612055261505,0.0
Stepfan Taylor,RB,ARI,3.2701356377470172,4500.0,0.93426164160915925,0.038623061321224991,0.011138501196712589,0.0025391610986705633,0.00046392592093706046,0.00045015379428819816,0.012523555059008009,0.0
Chase Reynolds,RB,LARM,3.2672826365958283,4500.0,0.93598494394534826,0.037376699825973088,0.010397129513637283,0.0024586024227973725,0.00041169140998259908,0.00043204545140301034,0.012938887430858522,0.0
Knile Davis,RB,KC,3.2658706370925055,4500.0,0.93726520599726826,0.035155039614809515,0.011255267546196464,0.0024848385480650383,0.00043430288500081478,0.0005452797527923897,0.012860065655867416,0.0
Zach Line,RB,MIN,3.2263384717602119,4500.0,0.94082625730505209,0.033146798990153756,0.010377174779022618,0.00247374833012204,0.00040878600745879851,0.00045124535973422837,0.012315989228457029,0.0
Paul Perkins,RB,NYG,3.2143255771423624,4500.0,0.94139164058710956,0.033088287449015125,0.010217439716448725,0.0024590077990178168,0.00037429168329027599,0.00038860303795151455,0.01208072972716733,0.0
