name,pos,team,expectation,salary,prob_0_5,prob_5_10,prob_10_15,prob_15_20,prob_20_25,prob_25_30,prob_30+,label
Julio Jones,WR,ATL,19.142500719354366,8500.0,0.022790920773909207,0.048830369859844049,0.13528605540362118,0.29684137842089547,0.38940551971421677,0.089030642529735485,0.017815113297777869,4.0
Antonio Brown,WR,PIT,13.682257900448173,9400.0,0.0082461877381033739,0.31973596609467608,0.2951903617561672,0.26645366250971864,0.065174562430457716,0.018346355552709578,0.026852903918167564,1.0
Mike Evans,WR,TB,12.928356329821767,8000.0,0.017777504004091293,0.092771436510589417,0.77313767670291733,0.030686052085337295,0.075203608276134232,0.0093348726991109229,0.0010888497218194007,2.0
Marvin Jones,WR,DET,12.687126216505421,7600.0,0.16291276002753291,0.19393227687792877,0.11132515311287618,0.51811423600833606,0.0068466486339074303,0.0036897713796379765,0.003179153959780833,3.0
DeAndre Hopkins,WR,HOU,12.459681581421769,8600.0,0.032383791896631216,0.22051849783568478,0.60951962149827221,0.056730551452125279,0.033996757974176374,0.038886784354114086,0.0079639949889958248,2.0
Allen Robinson,WR,JAC,12.317034390649807,8300.0,0.048952307731616483,0.56391967775442964,0.14791140152151905,0.10365858635881457,0.029254646171572699,0.010201279622366466,0.096102100839681084,1.0
Brandon Marshall,WR,NYJ,11.618035609765544,7500.0,0.1090052240169995,0.44281421087157169,0.060985147795171148,0.3214955594099943,0.043311157535550947,0.016290163527080445,0.0060985368436316766,1.0
DeSean Jackson,WR,WAS,11.611705160827258,6900.0,0.16115087606675116,0.20457170740081745,0.41496330483430877,0.12415877148166291,0.067206594398077177,0.023417883173844519,0.0045308626445378945,2.0
A.J. Green,WR,CIN,11.47921690527294,8100.0,0.075500761870850072,0.33632037243795859,0.39326431597859218,0.13868116803381642,0.032851510594277274,0.017624887912265057,0.0057569831722402423,2.0
Odell Beckham Jr.,WR,NYG,11.456896298227944,8700.0,0.16362153006569907,0.45652009989377146,0.079408616793593165,0.17953934744160241,0.05068063431577665,0.014528112070269253,0.055701659419287855,1.0
Pierre Garcon,WR,WAS,11.397083159521495,6000.0,0.19934315875051781,0.17513067498457047,0.37686901761303931,0.16220274686775213,0.071347241594812094,0.013097217679571683,0.0020099425097363896,2.0
Jarvis Landry,WR,MIA,11.32298927059249,7200.0,0.17938729444664428,0.11029607352140258,0.58553390184410492,0.039006683786400619,0.070108847317396333,0.0107055051774894,0.0049616939065617906,2.0
Michael Crabtree,WR,OAK,11.315286768945315,6500.0,0.15124927390308002,0.27000640224151118,0.37642089017922353,0.097482891747047537,0.079869086449639803,0.022686873644888372,0.0022845818346094063,2.0
Larry Fitzgerald,WR,ARI,11.197382733916619,7500.0,0.080604788368534658,0.25865233548483435,0.55061590250229742,0.076230676963050137,0.019727403492601752,0.013404696194729006,0.00076419699395261376,2.0
Allen Hurns,WR,JAC,10.549962591846567,6100.0,0.13276959941610639,0.38755440618950038,0.29951134764527787,0.11890056779168354,0.047052081221844649,0.0092483977696592654,0.0049635999659278915,1.0
Jeremy Maclin,WR,KC,10.427048665208565,6900.0,0.083856554968084474,0.47452237246532297,0.32031206028815351,0.034547043363094262,0.0692126409388895,0.016199390461144322,0.0013499375153109105,1.0
Doug Baldwin,WR,SEA,10.343766353552693,7400.0,0.037760097625579581,0.64385639680046314,0.12566275290218881,0.1242057281927639,0.046072379797937837,0.019475017394187097,0.002967627286879891,1.0
Tyrell Williams,WR,SD,10.312479021001105,6400.0,0.18361377707909077,0.13757253650063556,0.63574077239394367,0.026160421638926731,0.010324582087829381,0.0061061915357527663,0.0004817187638210083,2.0
Michael Floyd,WR,ARI,10.302317961281094,6500.0,0.1016967711284867,0.31383993828189782,0.52853327235017289,0.041127870852702565,0.0083575938670638339,0.006097651086854762,0.00034690243282132848,2.0
T.Y. Hilton,WR,IND,8.6938403191347486,7600.0,0.054835374858345227,0.80252131854151976,0.053846088855709129,0.036171629381725287,0.044915330296750884,0.0064922127912273551,0.001218045274722404,1.0
Demaryius Thomas,WR,DEN,8.6491130838021402,7900.0,0.13159362047354553,0.66442861219038796,0.11368399552899536,0.040233007039439293,0.038508188676433887,0.0078650046031940452,0.0036875714880039317,1.0
Emmanuel Sanders,WR,DEN,8.5771060981754932,6900.0,0.055449918015621484,0.78523737885292411,0.095534228919704631,0.027645510917133107,0.027466963583585489,0.0066786681764521251,0.0019873315345790583,1.0
Golden Tate,WR,DET,8.4390721338036219,6200.0,0.37472687650478281,0.29979054983511777,0.15536863258983802,0.12514062565626291,0.026751432355849349,0.015722156349482968,0.0024997267086661109,0.0
Travis Benjamin,WR,SD,8.0636393689891168,6600.0,0.41159972162391312,0.29704627838947073,0.1103160412864333,0.14507063098662165,0.021355666885827084,0.013707228698639594,0.00090443212909453773,0.0
Mohamed Sanu,WR,ATL,8.044606679828366,6200.0,0.4113318631561193,0.32341126968422279,0.066512673119765081,0.15405880921148771,0.035133042975845262,0.0082094010250423847,0.0013429408275175444,0.0
Brandin Cooks,WR,NO,7.9862158186144248,8200.0,0.038769753272391086,0.89908399126979122,0.023073954671085271,0.016027659314634523,0.011769628278403523,0.010958542470405341,0.00031647072328901561,1.0
Jamison Crowder,WR,WAS,7.8918912689640957,6000.0,0.52371197166786232,0.13348275867995438,0.17460591902365452,0.097713047010774837,0.055362664468500751,0.011473197540611855,0.0036504416086413465,0.0
John Brown,WR,ARI,7.7046844907032819,6200.0,0.30987876366571981,0.42710664337285187,0.20153256427019911,0.04265165103369014,0.012131617642113878,0.0061721583615896971,0.00052660165383567193,1.0
Mike Wallace,WR,BAL,7.6849197708198034,6700.0,0.083785528045465393,0.85153604443008235,0.03100470659516192,0.016567373072696082,0.012534478125515657,0.0040791256190728549,0.00049274411200603458,1.0
Amari Cooper,WR,OAK,7.4157510451154689,7600.0,0.52583432394663543,0.12930205005036832,0.24241270962202577,0.06007123657119489,0.027729605872147917,0.011556582712054649,0.0030934912255729959,0.0
Stefon Diggs,WR,MIN,7.3108622427691552,7100.0,0.2853297450223139,0.57398959836712771,0.075312994631837313,0.036523523535852302,0.019810247031218406,0.0066499946567529751,0.0023838967548974357,1.0
Anquan Boldin,WR,DET,7.1114345807950068,6500.0,0.23260765815034162,0.67765841724910325,0.047239999037864473,0.027772032997958135,0.0084154424926997807,0.0052141957324788402,0.0010922543395540771,1.0
Danny Amendola,WR,NE,7.0663360207962631,5400.0,0.42677200106386243,0.37133055261551134,0.11590546214437891,0.049091028266786609,0.025631848867393423,0.0086159658589257584,0.0026531411831416853,0.0
Alshon Jeffery,WR,CHI,6.6615053109807576,8200.0,0.60850714319678778,0.12513354689911399,0.17300369710638239,0.044445672961786718,0.030092037796299688,0.0099076081625844459,0.0089102938770448756,0.0
Willie Snead,WR,NO,6.5156799605597442,7500.0,0.50412888900040331,0.32965890868795933,0.073368607697392701,0.062342722371920074,0.015178713290689202,0.013731456956628842,0.0015907019950065708,0.0
DeVante Parker,WR,MIA,6.2563051485993331,6300.0,0.63739885186124179,0.067316658400487325,0.24290748189982389,0.027183656167877615,0.014534013912296076,0.0072288747079075118,0.0034304630503656972,0.0
Brandon LaFell,WR,CIN,6.0881651969653365,5500.0,0.54276839907096419,0.3164620240815314,0.069824776396348903,0.037814057272143181,0.02258964304433245,0.0071976215668938014,0.0033434785677861072,0.0
Tyler Lockett,WR,SEA,5.8194774405227321,6200.0,0.73602815587527282,0.071110997805459958,0.042499258343295453,0.11341085242585287,0.02080297281465248,0.013745955136136283,0.0024018075993301195,0.0
Terrelle Pryor,WR,CLE,5.4975912043458637,7000.0,0.56319149284774062,0.34724190765174306,0.044091591795452877,0.029143468758775531,0.0099294515883912218,0.0031124205531309853,0.0032896668047657975,0.0
Phillip Dorsett,WR,IND,5.3087414349480975,6400.0,0.54751602078950334,0.38113781275793801,0.0503445631666204,0.01013420225667608,0.0066225643695397617,0.0030419697586282729,0.0012028669010941879,0.0
Seth Roberts,WR,OAK,5.2829367603663524,5400.0,0.59132545908457135,0.29840582354612866,0.089612493495131548,0.0096464109802343809,0.0056205686771403579,0.0049967023476966323,0.00039254186909708639,0.0
Justin Hardy,WR,ATL,5.2180068615358444,4900.0,0.49020197669128973,0.49431098289242564,0.0051842478099877014,0.0044120264791553373,0.0039563789755440847,0.001808812020172532,0.00012557513142505061,1.0
Sterling Shepard,WR,NYG,4.7553792302593827,6900.0,0.75517588873244146,0.1059225354804945,0.098927865437411319,0.022024084501614197,0.01058083311893687,0.005996772682127653,0.001372020046974005,0.0
Will Fuller,WR,HOU,4.7006041384512685,6700.0,0.68298669723995242,0.25004662427867408,0.033619556892463556,0.019400589756879784,0.0071364433217862549,0.0054520188318118281,0.0013580696784321528,0.0
Torrey Smith,WR,SF,4.6388945846465894,5600.0,0.78284049949209389,0.10654919081961327,0.029935513990902253,0.067230204608977634,0.0087444275768245681,0.0039071258877697666,0.00079303762381847682,0.0
Julian Edelman,WR,NE,4.3375279443479249,7200.0,0.7909886474312724,0.1125496415129357,0.051912452267748599,0.033288050195098659,0.0072225151693131638,0.0025831171300003614,0.0014555762936310471,0.0
Corey Brown,WR,CAR,4.1536923422105332,4800.0,0.81526951972040562,0.070421394211095986,0.096747087533085571,0.0084154087263033726,0.0054623663561903808,0.00281349658853696,0.00087072686438198867,0.0
Jeremy Kerley,WR,SF,4.1482589116057937,5200.0,0.78523938673952709,0.1261013006430616,0.07487008642589206,0.0067377792963338968,0.0036818884107907399,0.0020218085696110315,0.0013477499147835767,0.0
Sammie Coates,WR,PIT,4.1209076393987818,5400.0,0.82645417829319812,0.093594250547908708,0.040083951732356765,0.021528588862024519,0.009434460803830971,0.0065226262524589358,0.0023819435082218449,0.0
Eddie Royal,WR,CHI,4.1165959937105043,5500.0,0.76960245497956847,0.16610651386963732,0.045033771285256576,0.012934221753816273,0.0036823276713370181,0.0023676343382305113,0.00027307610215397671,0.0
Dontrelle Inman,WR,SD,4.015553061582942,5700.0,0.77838159985341204,0.16872735463024963,0.036494744340317985,0.0082564018342309968,0.004465268164509803,0.0034144078715644096,0.00026022330571516902,0.0
Kevin White,WR,CHI,3.8543956707519329,5500.0,0.82986692359466985,0.1087911796601153,0.035453623187165779,0.016831088324548646,0.005373136201920559,0.0031676135804390377,0.00051643545114096062,0.0
Ted Ginn Jr.,WR,CAR,3.740967540368564,5900.0,0.86286177113245321,0.068892900837004084,0.042001710434955757,0.016209367671504236,0.0059166209996194029,0.0025079924368020395,0.001609636487661053,0.0
Kenny Britt,WR,LARM,3.616920936766634,5500.0,0.83278700853098397,0.12945294073059516,0.026298929058318807,0.0067770228402993099,0.0029258180979466909,0.0014198514857696964,0.00033842925608630527,0.0
Quincy Enunwa,WR,NYJ,3.5943986403324981,5600.0,0.87953332469919265,0.075221782296496092,0.010671002276965635,0.022676558700700747,0.0056957729046589857,0.0058713071983822569,0.00033025192360352167,0.0
Kelvin Benjamin,WR,CAR,3.542790345099915,7700.0,0.89559647811777088,0.049654351386318241,0.026616519039445136,0.01727187990787004,0.0055494769136278195,0.0019108553004260672,0.0034004393345419752,0.0
Tavon Austin,WR,LARM,3.5118494178686674,5800.0,0.8631079404992873,0.10066572779424432,0.018317624845678129,0.0097037066530710064,0.0059180316582294152,0.0017197573837865281,0.00056721116570305314,0.0
Tajae Sharpe,WR,TEN,3.5000268143065005,5600.0,0.87495271281731257,0.081685476024754386,0.02571707070797612,0.0089478092961279704,0.0046627409590284663,0.0032205883800725523,0.00081360181472813094,0.0
Cole Beasley,WR,DAL,3.4032550960324999,5200.0,0.86021832453930058,0.11609172236265541,0.012689022831352148,0.0067840337245491274,0.0025705988325749104,0.0014361202899978943,0.00021017741956981135,0.0
Michael Thomas,WR,NO,3.3443916881286113,5300.0,0.8536111379580581,0.13525500616855762,0.0038402599455394267,0.004349949017957616,0.0019396152946418964,0.00092780144363274926,7.6230171612548425e-05,0.0
Brandon Coleman,WR,NO,3.2994979074999149,4600.0,0.87105729836847867,0.11128418340090072,0.0095576868065405454,0.0042100234357010701,0.0026883993245305458,0.0011328662894930994,6.9542374355433675e-05,0.0
Marqise Lee,WR,JAC,3.286114146657126,4500.0,0.90127973043539533,0.057534362435510786,0.031002228026629195,0.0058879675435955341,0.0024828049648288699,0.0011300030058049068,0.00068290358823531419,0.0
Victor Cruz,WR,NYG,3.1491526737981772,5700.0,0.93307314230942351,0.030422716045479508,0.020437178303887787,0.0090910436358346679,0.0042180073299364585,0.0023587523741449646,0.00039916000129317631,0.0
Jermaine Kearse,WR,SEA,3.0975811683014114,4900.0,0.93417326285387758,0.041149059541799239,0.0067450616045652686,0.010655905373004381,0.0039453499886716687,0.0030172728745858938,0.00031408776349588598,0.0
Rishard Matthews,WR,TEN,3.0836908865270152,5000.0,0.91046988276059027,0.075119769922683682,0.0070357730018731262,0.0040510025902758132,0.0018711102138282828,0.0010210580446900661,0.00043140346605879384,0.0
Terrance Williams,WR,DAL,3.0106964700862542,4600.0,0.93905179690543994,0.032763604013363042,0.019876061352493667,0.0044708379261513831,0.0031690910502767378,0.00054084504696676422,0.00012776370530853527,0.0
Steve Smith,WR,BAL,2.9898084222758281,6100.0,0.95663544756760865,0.013149498159539188,0.016682035464713689,0.0062098876256656754,0.0043329245519975468,0.0026330592112509426,0.00035714741922420612,0.0
Chris Conley,WR,KC,2.9300379661951332,4800.0,0.93223680249905294,0.055751169198368554,0.0081405256040677013,0.0022656224287358586,0.00096677821559920923,0.0005618471121485774,7.7254942027006059e-05,0.0
Adam Humphries,WR,TB,2.8750635406726981,5000.0,0.95594178432025267,0.029257137860085051,0.0038824239472771819,0.0074124306451934761,0.0018944670897163664,0.0015339018720897611,7.7854265385481335e-05,0.0
Kenny Stills,WR,MIA,2.8679627292284278,5100.0,0.94791650661534721,0.039341522745413436,0.0075126677053199056,0.0029817340450265253,0.0012988585929859487,0.00072104382719013766,0.00022766646871666995,0.0
Adam Thielen,WR,MIN,2.8549041890615459,4900.0,0.94065726805007543,0.05348115703082397,0.0021566205716256957,0.0024183133248578573,0.000749693146912689,0.0003716227440452989,0.00016532513165892182,0.0
Tyler Boyd,WR,CIN,2.8490095355563727,5400.0,0.96188082967977939,0.018281388450746203,0.013305042179655049,0.0032947217453320578,0.0018037262573576825,0.0010076879537012408,0.00042660373342846337,0.0
Andre Johnson,WR,TEN,2.7968666822479054,5100.0,0.95767692361908396,0.029537879036432464,0.010648845143014497,0.00088621565615764101,0.00061438746086878832,0.00047386582246825368,0.00016188326197392146,0.0
Quinton Patton,WR,SF,2.7677214251966515,4800.0,0.95709764185778745,0.037151698511306418,0.0029039922728957045,0.0015697513653385189,0.00072145339306677611,0.00041398172232122432,0.0001414808772836754,0.0
Kamar Aiken,WR,BAL,2.7324535196609356,5400.0,0.9716820038568702,0.019427747275619828,0.0031332163070714692,0.0030100492202535471,0.0021136673019933887,0.00053656471637041124,9.6751321821232487e-05,0.0
Jaron Brown,WR,ARI,2.7312575020552878,4700.0,0.96590217639914822,0.025517244888965954,0.0062424224724644539,0.0014609335954335239,0.00057612451154418572,0.00026335074413315579,3.7747388310686736e-05,0.0
Devin Funchess,WR,CAR,2.7265523424092675,5300.0,0.97698010307872651,0.0087462521267952179,0.0094424487255684725,0.0026776263287506242,0.0014379267865596108,0.0005046309513107029,0.00021101200228884189,0.0
Rashad Greene,WR,JAC,2.7111131224964469,4600.0,0.97385216120671425,0.015994538701101058,0.0079108592162617335,0.00073976290155220467,0.000473287187083895,0.00026474013646023278,0.00076465065082641161,0.0
Chris Hogan,WR,NE,2.6862524167189061,5200.0,0.97938018613651379,0.010639336398031331,0.0063667043450580021,0.0019888825337173416,0.00078123216304250883,0.00046507850088610588,0.00037857992275095928,0.0
Robert Woods,WR,BUF,2.6817001947021741,5400.0,0.96769214789365299,0.029666283492891948,0.0019081862546009374,0.00029437532141493187,0.00028874282523662983,0.00010495447077865445,4.5309741424056369e-05,0.0
Vincent Jackson,WR,TB,2.6383449935433467,5100.0,0.98127733529746775,0.013947261382381773,0.0021703212889489735,0.0015150427772575746,0.00067302158762882667,0.00037782317663078742,3.9194489684270934e-05,0.0
Marquise Goodwin,WR,BUF,2.628638474079378,5300.0,0.98274775229322753,0.01263209660945808,0.0025283531234487648,0.0010442416628164447,0.00056943773361616803,0.00031956981113864227,0.00015854876629427795,0.0
Brian Quick,WR,LARM,2.6067660336769896,4500.0,0.98447199506141181,0.012196604303984606,0.0019817901601867347,0.00071052279617443671,0.00034047380932728443,0.0001609544418265001,0.00013765942708845915,0.0
Andrew Hawkins,WR,CLE,2.5718555606150835,4500.0,0.98975501641738861,0.0082026324203577101,0.0010593375733229185,0.00047178116932209655,0.00020752596455811951,0.00011315651200905981,0.00019054994304139501,0.0
Jaelen Strong,WR,HOU,2.569504045743634,4700.0,0.99017453351741203,0.0076941524508948997,0.0010782325007216813,0.00049482350400391372,0.00031599795377767006,0.00018197407097823797,6.0286002211532639e-05,0.0
Taylor Gabriel,WR,ATL,2.5526561543876585,0.0,0.99260775340692531,0.0060201246651805226,0.00044531274859725245,0.00051373510822600062,0.00018311351853334977,9.8614850097909927e-05,0.00013134570243935939,0.0
Andre Holmes,WR,OAK,2.5481914759848512,4600.0,0.99435723010251187,0.0034158652080412202,0.0013369478106166088,0.00038757397949771986,0.00024054371825167511,0.00018554474722039751,7.6294433860594476e-05,0.0
Markus Wheaton,WR,PIT,2.5466509107667048,5800.0,0.99517268214277166,0.0025786890330542584,0.00080405434135862801,0.00094221456117618292,0.00028860077942030854,0.00015139785870880683,6.2361283510106391e-05,0.0
Breshad Perriman,WR,BAL,2.5415094539645358,5000.0,0.99482222294275469,0.0032649006420880406,0.001241492660847875,0.00032360874981577866,0.00020319393443189073,0.00011291607563467986,3.166499442693688e-05,0.0
Rod Streater,WR,SF,2.5215165395187982,4500.0,0.99782830691242574,0.001165062333298765,0.00042866111864059653,0.00029601071217474575,0.00013222974711518326,7.2844958698813718e-05,7.688421764624573e-05,0.0
Jordan Norwood,WR,DEN,2.5213186959484344,4600.0,0.99787744867005679,0.0010350237709706048,0.00055545720135191862,0.00023803620193365904,0.00015870406551072558,7.3846291985719427e-05,6.1483798190737485e-05,0.0
Bradley Marquez,WR,LARM,2.5192968394565787,4500.0,0.99722604459018771,0.0021994717341744727,0.00036369731479993461,7.6888013150591808e-05,5.2297228869426934e-05,2.5172466468147148e-05,5.6428652349423547e-05,0.0
Brice Butler,WR,DAL,2.5192462252192844,4500.0,0.99790981599545847,0.00093817415719196513,0.00079328901343409506,0.00021380161887655423,8.2012546795203761e-05,3.5903685064992464e-05,2.7002983178668352e-05,0.0
Ricardo Louis,WR,CLE,2.5179219931647943,4500.0,0.99774267190695698,0.0016933160663403155,0.00018184653038768141,0.0001891790177299142,8.9947950647303361e-05,4.6459854356126939e-05,5.6578673582055915e-05,0.0
Tyreek Hill,WR,KC,2.5158080442866804,4500.0,0.99805227725302514,0.0013707114057185672,0.00021604333860483351,0.00020382728531921859,8.1976052289094701e-05,4.6097075659111045e-05,2.9067589384322215e-05,0.0
Ryan Grant,WR,WAS,2.5129219862603134,4600.0,0.9987618864664799,0.00054944347321113569,0.00038543337612710171,0.0001168434029389961,9.1886648598174091e-05,4.552192587035725e-05,4.8984706774704643e-05,0.0
Charles Johnson,WR,MIN,2.5126904674812267,4700.0,0.99835768184160112,0.0013271770900163207,6.9728478001195436e-05,0.00010290964999407003,4.6762235126189166e-05,3.1088682973458541e-05,6.4652022288011135e-05,0.0
Tommylee Lewis,WR,NO,2.5109500289265969,4500.0,0.99886215014496904,0.00062352950012523945,0.00017979536620343014,0.00020078599343949333,7.9945376824094031e-05,4.3274969786668809e-05,1.0518648652142166e-05,0.0
Walter Powell,WR,BUF,2.5107684128830829,4500.0,0.99884613501849229,0.00070917210809101985,0.00016970699101629641,0.00012345393494680326,7.5295619963741561e-05,4.1322617924019172e-05,3.491370956575842e-05,0.0
Albert Wilson,WR,KC,2.5100176677990325,4700.0,0.99893447790960088,0.00040161494160280794,0.00050664425291169592,8.2113229858544841e-05,4.2968689011573639e-05,2.5840455891270698e-05,6.3405211233763606e-06,0.0
Malcolm Mitchell,WR,NE,2.5074917198716804,4500.0,0.99899309857780394,0.00079606866854420582,7.714760549897931e-05,6.2827088406488578e-05,3.0594545465193561e-05,1.6394796741489423e-05,2.3868717539436755e-05,0.0
Aldrick Robinson,WR,ATL,2.5074161945886639,4500.0,0.99917109933517523,0.00052015755806201016,0.00011749064350331358,9.7859106606904741e-05,5.150609573111589e-05,2.9179217380468277e-05,1.270804354099819e-05,0.0
Cody Latimer,WR,DEN,2.5063420672989212,4500.0,0.99928827478875937,0.00044518135128897562,0.0001276468218324848,5.9962285281843727e-05,3.7549059850402306e-05,2.0767756553780923e-05,2.0617936432976879e-05,0.0
Marc Mariani,WR,TEN,2.5061597125927437,4500.0,0.99935125223458787,0.00036507501663588963,0.00014873677857644684,5.1000898411966789e-05,4.0598364886566891e-05,1.8460536585467061e-05,2.4876170315477691e-05,0.0
Cordarrelle Patterson,WR,MIN,2.5058818279125199,4700.0,0.99942718070107062,0.0003357416939714623,5.9885215970066077e-05,8.7052902051972268e-05,3.7464159600556308e-05,2.1701010430346336e-05,3.0974316905000158e-05,0.0
Dwayne Harris,WR,NYG,2.5056149213878487,4500.0,0.99948464221700661,0.00017426559103908456,0.00022403243787774425,4.8892921956143278e-05,2.6107810120437191e-05,1.5893225713018939e-05,2.6165796286186614e-05,0.0
Josh Bellamy,WR,CHI,2.5053833969644819,4500.0,0.99931768713890756,0.00051133711362280458,5.9960262518261647e-05,5.1475323795941757e-05,2.9184041353030352e-05,1.5370107518532472e-05,1.4986012283787447e-05,0.0
Brandon Tate,WR,BUF,2.5052133962771075,4500.0,0.99935159547427777,0.00039965407401851023,0.00017854464076762141,2.9363074096965075e-05,1.8576332073902399e-05,1.412685446478076e-05,8.1395503010711872e-06,0.0
Rashard Higgins,WR,CLE,2.5050652078158566,4500.0,0.99944006590084833,0.00039370824700538375,5.577031562371256e-05,3.7376657376105661e-05,2.3803916833940282e-05,1.3226806384073424e-05,3.6048155928314691e-05,0.0
James Wright,WR,CIN,2.5050376214055254,4500.0,0.9995303237232972,0.000214270363825031,0.0001189368932065364,6.375325332428593e-05,3.250902218765936e-05,1.8173036592398308e-05,2.2033707566419908e-05,0.0
Cameron Meredith,WR,CHI,2.5048587972926639,4500.0,0.99950689066689113,0.0002550931796511676,0.00010741989695133831,6.6849793656105892e-05,3.4064053748180939e-05,1.8609846762551557e-05,1.1072562339259515e-05,0.0
Paul Richardson,WR,SEA,2.50412592580685,4500.0,0.99955978444822846,0.00026727456923751473,6.9654505176820197e-05,4.475909676761717e-05,2.8675196732515613e-05,1.6277127017225795e-05,1.3575056839946515e-05,0.0
Chris Moore,WR,BAL,2.5039771171378411,0.0,0.999505716209803,0.00032740631763034708,9.5746523072785391e-05,3.2978987665689558e-05,2.1269001601142439e-05,1.1485431391029558e-05,5.3975288362226608e-06,0.0
J.J. Nelson,WR,ARI,2.5037949840070151,4600.0,0.99957202893197816,0.00022692119503328709,0.00012565125035689066,4.2170727975845367e-05,1.8489072331170921e-05,1.0331808469796536e-05,4.4070138546053558e-06,0.0
Robby Anderson,WR,NYJ,2.5035679953352195,0,0.99955526327899524,0.00032820929662509616,3.8688195002451001e-05,3.5690782115524877e-05,2.2072096342663232e-05,1.189575485252126e-05,8.180596066777223e-06,0.0
Darrius Heyward-Bey,WR,PIT,2.5033739857958084,4500.0,0.99970570463020636,0.00012024436573709591,7.7501105212224636e-05,4.0567550860081284e-05,2.6161462812083954e-05,1.3755782964461772e-05,1.6065102207576288e-05,0.0
Bennie Fowler,WR,DEN,2.5033424247469553,4500.0,0.99960687069105403,0.00025675482737201084,7.1823646249256779e-05,2.7009274888020869e-05,1.7036859696510148e-05,9.5819924931629146e-06,1.0922708246880182e-05,0.0
Kendall Wright,WR,TEN,2.5027400405604534,4800.0,0.99975302453191939,0.00012212614668348886,4.5659432236144416e-05,3.1489125522662925e-05,2.0183181995382746e-05,1.3000856196756266e-05,1.4516725446385461e-05,0.0
Tanner McEvoy,WR,SEA,2.5023512666839287,0.0,0.99981104652402542,7.6426934831781026e-05,4.6643597168073109e-05,2.2813085052819917e-05,1.4406570900261285e-05,7.8918021914620535e-06,2.0771485830865285e-05,0.0
Eric Weems,WR,ATL,2.502339953841874,4500.0,0.99980241772914258,0.00010223894564208752,1.4701507430214313e-05,3.2638323092888213e-05,2.0147202650081166e-05,1.5480580185000375e-05,1.2375711856697848e-05,0.0
Laquon Treadwell,WR,MIN,2.5022043879391531,4600.0,0.99983942972553341,6.4351031880506855e-05,2.8343730813611422e-05,2.1671944732825783e-05,1.3599563862120779e-05,7.6673439858905747e-06,2.4936659191757305e-05,0.0
Chester Rogers,WR,IND,2.5021029698237216,0.0,0.99980080316281217,0.00010037404539010069,4.5369288160897147e-05,2.1076017200740282e-05,1.3307714684514761e-05,7.2873891294258337e-06,1.1782382622308134e-05,0.0
Rashad Ross,WR,WAS,2.501994364924935,4500.0,0.99980866616507424,8.0715992914244641e-05,6.0741126553312799e-05,2.4349507089270134e-05,1.3194373402492509e-05,6.2098021304487235e-06,6.1230328362953754e-06,0.0
Devin Hester,WR,BAL,2.501965205399709,4700.0,0.99978127050039245,0.00015844621036280223,1.1973610192534488e-05,1.8591448454035363e-05,1.198415912362273e-05,5.5565315000526867e-06,1.217753997490591e-05,0.0
Jordan Taylor,WR,DEN,2.5019538490779296,4500.0,0.99977236365135214,0.00016130670544552646,2.7179141425991484e-05,1.4230399285526107e-05,8.9378609957958024e-06,4.8149228461628001e-06,1.1167318648888143e-05,0.0
Quan Bray,WR,IND,2.5017760033798435,4500.0,0.99979337287281922,0.00013300789818435654,3.9508942451916152e-05,1.4012523248805987e-05,8.863220948087354e-06,4.8933906145192308e-06,6.3411517336543868e-06,0.0
Deonte Thompson,WR,CHI,2.5015829598222825,4500.0,0.99984325313572964,9.1401867436087953e-05,1.9028867558104927e-05,2.0178876885416322e-05,1.3100428882904695e-05,7.0302247241289171e-06,6.0065987839163462e-06,0.0
Lucky Whitehead,WR,DAL,2.5015207372810795,4500.0,0.99980714986962316,0.00014669427933775901,1.8345249244224169e-05,1.0734611126927603e-05,6.6695186097573884e-06,3.8408652050233119e-06,6.5656068530542555e-06,0.0
Bryan Walters,WR,JAC,2.5015037257702128,4500.0,0.99986924736914717,5.7072810443498808e-05,3.5507952478995351e-05,1.347559449894291e-05,8.5191035520056417e-06,4.6655755223222772e-06,1.151159435759304e-05,0.0
Arrelious Benn,WR,JAC,2.5014662333847166,0.0,0.9998698708191589,5.9483706114147133e-05,2.9139683778179538e-05,1.6862994704581299e-05,1.0666126794471785e-05,5.7454929625498667e-06,8.2311764874237943e-06,0.0
Andre Roberts,WR,DET,2.5013056827853091,4500.0,0.99986364733419719,9.4610860588788969e-05,1.0912047537418368e-05,9.9470133018224475e-06,6.2860304936772139e-06,3.4414671425044636e-06,1.1155246739262691e-05,0.0
Charone Peake,WR,NYJ,2.5011773698063702,4500.0,0.99988970885270767,5.9721242818024903e-05,1.7244837416467302e-05,1.3469582414014119e-05,8.4922346745567827e-06,4.650511409876541e-06,6.712738559018129e-06,0.0
Matthew Slater,WR,NE,2.5010578055012176,4500.0,0.99993511330453289,1.8803954073273807e-05,1.2670405143697085e-05,8.9427449773901255e-06,5.5343311705557094e-06,3.0856095986380437e-06,1.5849650503855866e-05,0.0
Leonte Carroo,WR,MIA,2.5009261582404405,4500.0,0.99988333608952673,8.4906814691147636e-05,1.468619855141803e-05,7.1200807911563395e-06,4.5117086827041922e-06,2.5392274862868593e-06,2.8998802705259755e-06,0.0
Alex Erickson,WR,CIN,2.5009141263667432,4500.0,0.99990967979930823,5.3549773636231823e-05,1.3524087120238952e-05,8.7767721148733111e-06,5.4675252968650544e-06,2.9909123069963483e-06,6.011130216165364e-06,0.0
Aaron Burbridge,WR,SF,2.500729547737266,4500.0,0.99994275104133656,2.2736351891523967e-05,1.1914350737607284e-05,9.0377969821780255e-06,4.7922363340337622e-06,2.6208599080800336e-06,6.1473628097717756e-06,0.0
Keith Mumphery,WR,HOU,2.5007183484482791,4500.0,0.99993351603573832,3.2777919080069254e-05,1.5904412767267268e-05,6.5362926153862203e-06,4.1393717543836072e-06,2.2681414095474413e-06,4.8578266353446785e-06,0.0
Tavarres King,WR,NYG,2.5005662783655866,4500.0,0.99994784876279863,2.8018755158830787e-05,9.2504668641678742e-06,5.3780440609726667e-06,3.3783297599609123e-06,1.8187572091331332e-06,4.3068841479917447e-06,0.0
Mike Thomas,WR,LARM,2.5005186819890577,4500.0,0.99995125356648584,2.4010534747883993e-05,1.0035392373830927e-05,6.8256052941917736e-06,3.6159078667567874e-06,1.9792166914858197e-06,2.2797765398465725e-06,0.0
Griff Whalen,WR,SD,2.5003933711760626,4500.0,0.99996398452032609,1.7830312874622749e-05,7.1674659324422783e-06,4.4850783598546829e-06,2.8326021993147721e-06,1.551190274439076e-06,2.1488300343696553e-06,0.0
Jakeem Grant,WR,MIA,2.500359127914511,4500.0,0.99996722490947731,1.6550007671362707e-05,6.5468096188911529e-06,3.6954054006913266e-06,2.346276105023533e-06,1.2848072351279679e-06,2.3517844915851819e-06,0.0
