name,pos,team,expectation,salary,prob_0_5,prob_5_10,prob_10_15,prob_15_20,prob_20_25,prob_25_30,prob_30+,label
Keith Smith,RB,DAL,19.917393771360565,0.0,0.075327699992798092,0.089044534870760556,0.09558373475214893,0.17796643863557191,0.26516782596735194,0.21414489830531028,0.082764867476058407,4.0
Joique Bell,RB,CHI,18.959858012902917,0.0,0.11929102343387961,0.11193640365605333,0.12735016533955379,0.14569121505977087,0.18708569756957727,0.17751818955318152,0.13112730538798359,4.0
Isaiah Crowell,RB,CLE,18.115796611852833,6600.0,0.063300384532287646,0.1514790485032011,0.24987386237817,0.17683260407194137,0.11952403545657031,0.060064551871314556,0.17892551318651492,2.0
LeSean McCoy,RB,BUF,17.488219222338998,7600.0,0.092921432882472385,0.15718932768576541,0.15207305462105131,0.19978470874407081,0.22716585198410896,0.054890455443445771,0.11597516863908534,4.0
Spencer Ware,RB,KC,17.417146082112183,6200.0,0.041202294494242453,0.17104330399056752,0.27028456836448567,0.11384582549977881,0.15932311008060013,0.19664598355063623,0.04765491401968918,2.0
DeMarco Murray,RB,TEN,16.966058568612151,7300.0,0.042170664168373208,0.18073075897664875,0.18587361206358669,0.18096062206933006,0.28963549089821466,0.096518424024828936,0.024110427799017606,4.0
Carlos Hyde,RB,SF,16.934009184086403,6800.0,0.059761133421718356,0.20117439473361762,0.21166067015760426,0.17008838348667263,0.19440913641270424,0.056324283974880124,0.10658199781280291,2.0
Ezekiel Elliott,RB,DAL,16.929789372687484,8100.0,0.05018046637548066,0.17048649561245519,0.17615194735256667,0.19840821284670135,0.31100553268261438,0.057044685597889708,0.036722659532292028,4.0
DeAngelo Williams,RB,PIT,16.003193706031862,5900.0,0.043306340485457513,0.22519972864098248,0.22199286714587618,0.2165901709763304,0.15415642403405885,0.091231318302669853,0.0475231504146248,1.0
Devonta Freeman,RB,ATL,15.961998180436467,7200.0,0.040504594018957646,0.20389688088149341,0.27204815259913823,0.17927832131646373,0.20062424959674821,0.046424148430434527,0.057223653156764157,2.0
Tevin Coleman,RB,ATL,15.673267534346039,6100.0,0.10698143653746978,0.2473193131606104,0.16246238576902328,0.11621628054606077,0.19563885884301679,0.12185071218301442,0.04953101296080447,1.0
LeGarrette Blount,RB,NE,15.310644872947265,7500.0,0.028879456353193451,0.23964299797619321,0.3185204712757102,0.16749359728387511,0.14668239290438714,0.030561584500333916,0.068219499706307002,2.0
Matt Forte,RB,NYJ,14.83117740868936,6900.0,0.067080913352719776,0.23483308843912723,0.2906028993726123,0.18739588343121191,0.10475099055174766,0.053786986325922541,0.061549238526658633,2.0
Duke Johnson,RB,CLE,14.376444363969753,5400.0,0.29019106047887716,0.15281287093986262,0.15436200023210106,0.10883313290787114,0.093497904469644996,0.0591391443519916,0.14116388661965143,0.0
Lamar Miller,RB,HOU,14.23558476394698,8200.0,0.087837310561369411,0.19751289012691367,0.34081635294390339,0.17266687551073986,0.10763382275435629,0.059018282295087737,0.03451446580762961,2.0
Matt Jones,RB,WAS,14.000535393978673,6600.0,0.24857912301529278,0.15918114630568006,0.14401531798589742,0.12578206716146734,0.21544835087278133,0.054470182493330181,0.052523812165550965,0.0
Giovani Bernard,RB,CIN,13.404625818499593,5500.0,0.30599599650972498,0.19959190533860183,0.080839456137397431,0.10561997844616211,0.15026095972897752,0.082163668748173255,0.075528035090962911,0.0
Melvin Gordon,RB,SD,13.162613450105077,7600.0,0.1534643526377992,0.31499932110683121,0.1880333885574057,0.12310718640094255,0.11625235552623603,0.046537641345669088,0.057605754425116208,1.0
Mark Ingram,RB,NO,12.955217205526498,6800.0,0.19127039158524217,0.24633199238154027,0.22809519133729617,0.096108371058214404,0.15276069361637512,0.044109107819755564,0.041324252201576248,1.0
Frank Gore,RB,IND,12.569169470790687,6100.0,0.1717115843755479,0.32138008236673743,0.1993836376399738,0.097122601848537798,0.1140306101339446,0.053478902132746288,0.042892581502512128,1.0
Jalen Richard,RB,OAK,12.373806261669941,4900.0,0.39778181886470876,0.15152324611320978,0.10167118098625373,0.058792346261284691,0.10602800929322302,0.11861034789137008,0.065593050589949908,0.0
Fozzy Whittaker,RB,CAR,12.289805083659829,5800.0,0.2438773284571894,0.26227543101592105,0.13849475377584425,0.12712626557309423,0.15667914435110708,0.03630353022256045,0.035243546604283513,1.0
Jeremy Hill,RB,CIN,11.931180829725005,7000.0,0.31665775371143579,0.24270261274413069,0.13486973468214061,0.090461986026564523,0.097789551397072086,0.035079619455105293,0.082438741983550931,0.0
Rod Smith,RB,DAL,11.84134533765932,4500.0,0.48188474645535767,0.12213154634370237,0.039392640978494799,0.049513868070116207,0.13202023211391253,0.098093715123022174,0.076963250915394271,0.0
Charles Sims,RB,TB,11.423275347107747,6500.0,0.2580958288789883,0.37015453263591963,0.13784501408239533,0.058913771551031439,0.049887911018234067,0.033767714681663293,0.091335227151768006,1.0
Rob Kelley,RB,WAS,11.381011134965352,4800.0,0.48190756726119333,0.14347483570346611,0.044110389969692007,0.050998076269749705,0.12419437438566472,0.076540687778806515,0.078774068631427649,0.0
DeAndre Washington,RB,OAK,11.34221538050072,4800.0,0.38070655487342409,0.16250626694835296,0.1753068264879061,0.079794913281178187,0.089552791243391647,0.047423303478986226,0.064709343686760998,0.0
Javorius Allen,RB,BAL,11.246106639746134,4600.0,0.45974427927849498,0.13917441567995645,0.10343403432719279,0.07059740233190942,0.06737300327937995,0.077336666445529806,0.082340198657536598,0.0
Chris Thompson,RB,WAS,11.122566559533148,5200.0,0.46136522425142423,0.12234398838200279,0.065347135804998444,0.07997834726749907,0.17109730748732874,0.067994132720690506,0.031873864086056178,0.0
Cameron Artis-Payne,RB,CAR,11.000354239686416,5700.0,0.41852325349609304,0.22063684728879943,0.081164671236546068,0.066790606657294596,0.074902430956449412,0.053174081995735097,0.084808108369082272,0.0
Theo Riddick,RB,DET,10.950764553847835,6600.0,0.31567712115718455,0.28113645577629603,0.15484211066364589,0.06342241812695841,0.079275259894081962,0.063159455848759913,0.042487178533073301,0.0
Terrance West,RB,BAL,10.900809016648532,4900.0,0.37019955286280232,0.21104812759531849,0.13129239901308973,0.10239189159829785,0.096353656073359287,0.041803229967655259,0.046911142889477168,0.0
Damien Williams,RB,MIA,10.704418996150249,4900.0,0.45772237383720987,0.16989298727393679,0.09860932612466547,0.084803005436508982,0.05957407363851671,0.040014446757576899,0.089383786931585218,0.0
David Johnson,RB,ARI,10.673149919364388,8700.0,0.31588026820301546,0.24018885736641807,0.21283109112707185,0.092593266064937743,0.064096317757868157,0.032701614398964268,0.041708585081724377,0.0
Jordan Howard,RB,CHI,10.231209380098241,5600.0,0.51599847547887434,0.15864691183276833,0.066552494161876141,0.043989490994358706,0.049905005015495205,0.099332042360004549,0.065575580156622751,0.0
Shaun Draughn,RB,SF,10.024710446750817,4800.0,0.49008871295512252,0.18040727803030596,0.093894578488938674,0.060113858028989532,0.060094007681164442,0.022721414513506514,0.092680150301972436,0.0
C.J. Anderson,RB,DEN,9.8771102789839897,7900.0,0.3017103880927981,0.32326224996344755,0.18023147973489406,0.076572693216775387,0.064500724820052466,0.030146766456790361,0.023575697715242237,1.0
Isaiah Pead,RB,MIA,9.8611604241361022,4500.0,0.54347460544132042,0.15751452170037333,0.054379028001034425,0.043363916704629239,0.05491041797105297,0.063398487369102446,0.082959022812487127,0.0
Chris Ivory,RB,JAC,9.8461009519783271,5700.0,0.50500120565127826,0.20723656876803628,0.064200049424430028,0.042122331643311771,0.044759471868938971,0.04016252120863549,0.096517851435369284,0.0
Jerome Felton,RB,BUF,9.7842850651448998,4500.0,0.58563423757531086,0.13301477723498326,0.043516530024543067,0.037186278696982607,0.048636310233981385,0.038248021202836754,0.11376384503136205,0.0
Latavius Murray,RB,OAK,9.6682173445972825,7100.0,0.44751989303384798,0.18445196528029525,0.14224247756554881,0.068207835122468655,0.082861733875482291,0.038012340437727742,0.036703754684629247,0.0
C.J. Spiller,RB,NYJ,9.5012415927744307,4500.0,0.5243118593815419,0.15103404407408144,0.11191609198029544,0.058259599568066825,0.034326980530242718,0.045125926221648703,0.075025498244122885,0.0
Derrick Henry,RB,TEN,8.8602189789165386,5000.0,0.47214230238871613,0.20942741707919427,0.11641309584940733,0.069357659378491254,0.079329520564848058,0.028163936130197204,0.025166068609145668,0.0
Jamaal Charles,RB,KC,8.8431621956194775,7000.0,0.60579494080317897,0.11120868103851855,0.07914125482483772,0.039499221133240746,0.042650629544348929,0.054028803603070462,0.06767646905280475,0.0
Alfred Morris,RB,DAL,8.7314977818411332,5200.0,0.55458704106016887,0.15120260913258099,0.06339710381386543,0.067975800832904595,0.099744854569352767,0.029803946673691521,0.033288643917435766,0.0
T.J. Yeldon,RB,JAC,8.7208023775353212,6700.0,0.50665017118679834,0.20038370004353148,0.10324640536177335,0.075589408661959012,0.037115293771052681,0.025695381777903276,0.051319639196981834,0.0
Bilal Powell,RB,NYJ,8.3041924379074068,5000.0,0.55124364137271331,0.1643578924484001,0.11067511822281745,0.069172608875038843,0.034557279064311254,0.017049382869059257,0.052944077147659779,0.0
Dexter McCluster,RB,SD,8.1891011059471506,4500.0,0.60834320727084923,0.16233687340524261,0.056614224462276014,0.033362848335485792,0.035154035672579548,0.037118039590216249,0.067070771263350551,0.0
Anthony Sherman,RB,KC,8.030183848280732,4500.0,0.63215459456087275,0.15268299329583448,0.050015169485969596,0.02788459222884896,0.029133673007214426,0.033135589710147094,0.074993387711112719,0.0
Raheem Mostert,RB,CHI,8.0044506215581777,4500.0,0.64613263871988269,0.12853932360508533,0.049730080804569941,0.030774209528928422,0.036766260718078002,0.045913796942765754,0.062143689680689881,0.0
Derek Watt,RB,SD,7.919738204079751,4500.0,0.62420357084977218,0.1581546716445274,0.05416005086965231,0.031603515267512733,0.032937160575175477,0.034802013885307501,0.064139016908052418,0.0
Dwayne Washington,RB,DET,7.7573379889420622,4500.0,0.55137803060605484,0.2021684886140431,0.11068968585299675,0.04014393667427827,0.034745602216469808,0.018118097103572706,0.042756158932584359,0.0
Orleans Darkwa,RB,NYG,7.397381946990591,4500.0,0.56508917546945492,0.19892319333630523,0.10220562080705789,0.05400145936852592,0.02992471297792788,0.019749481889550006,0.030106356151178158,0.0
Lance Dunbar,RB,DAL,7.3147085310025073,4900.0,0.66373861169942483,0.11600182228998325,0.038360563812323646,0.046733713322930803,0.07951456640520535,0.033180230239734591,0.022470492230397567,0.0
Jay Ajayi,RB,MIA,7.2730320379821052,5500.0,0.6936637854969937,0.11597605742166715,0.026775700650917184,0.026165879067268458,0.043287547356696654,0.052280381865094545,0.041850648141362287,0.0
Le'Veon Bell,RB,PIT,7.197070047187454,8300.0,0.68332465636929063,0.10488529496009805,0.063180352902460615,0.031573602784455784,0.031793058621080061,0.045203171681476299,0.040039862681138828,0.0
Todd Gurley,RB,LARM,7.184189685445669,7700.0,0.46796448136933061,0.3260626970534185,0.12379009206477351,0.040110654365390658,0.010289360880831355,0.0032546622959924651,0.028528051970262876,0.0
Bobby Rainey,RB,NYG,7.1543477840146243,4800.0,0.61447382825235652,0.17458717616692787,0.085942853437306704,0.045756446356764013,0.018589611796983863,0.01430443895309357,0.046345645036567441,0.0
Kenyan Drake,RB,MIA,6.9286854169836918,5400.0,0.68645035446000335,0.1231536160939864,0.046628158270828543,0.044167874371190671,0.034273784732270766,0.016594659831826911,0.048731552239893124,0.0
Paul Perkins,RB,NYG,6.9111110879449935,4500.0,0.66426497294976428,0.16024276303717491,0.053137498932316451,0.028437914581655226,0.01971330661475406,0.020523699176645871,0.053679844707689141,0.0
Mike Gillislee,RB,BUF,6.7894020660688268,4900.0,0.73194050618921691,0.092256182003574258,0.031031860169667073,0.037183787747966511,0.036485776801384817,0.010730817101213683,0.060371069986976882,0.0
Zach Zenner,RB,DET,6.7746257474543654,5000.0,0.68715488053030038,0.15521017173247789,0.03848929670687537,0.022549288973745949,0.017799251131393478,0.018859805410675046,0.059937305514531899,0.0
Jordan Todman,RB,IND,6.7695856027953711,4500.0,0.62933586872401404,0.19866083956121008,0.060732642251050024,0.029457312509118441,0.026692424704243267,0.013091046317287146,0.042029865933076928,0.0
Josh Ferguson,RB,IND,6.6553824621957824,4500.0,0.63997733266995283,0.18517162582425473,0.05661024125347202,0.029214975997417705,0.037623349606602005,0.026380018349771488,0.025022456298529099,0.0
James White,RB,NE,6.5673287174400015,5300.0,0.63096846609547963,0.19172771917354225,0.074749322007728297,0.03018422505833997,0.02928288245445522,0.010341885707862987,0.032745499502591653,0.0
Mike Davis,RB,SF,6.5477660312970123,4500.0,0.71580630785092714,0.11910974999981899,0.042859503306270336,0.029306753543381553,0.028389866941236123,0.010790732051615929,0.053737086306749872,0.0
Alex Collins,RB,SEA,6.4345054196733118,4500.0,0.7206503547037858,0.13108977465783522,0.033285446206002892,0.020548761022028416,0.021415979827308477,0.021755152533500844,0.051254531049538171,0.0
Travaris Cadet,RB,NO,6.3725907744387396,5000.0,0.68165681849638571,0.14055181233759712,0.064283885453722905,0.027816033123483023,0.043692961539774387,0.017207701803720513,0.02479078724531629,0.0
Malcolm Brown,RB,LARM,6.3332279326587813,4500.0,0.68055752829457339,0.17560149985230283,0.051902202857677354,0.020383494797421936,0.0082782146239916699,0.01221636610356506,0.051060693470467794,0.0
Tim Hightower,RB,NO,6.2219198925299635,4700.0,0.6861035220435816,0.13802237792350502,0.074064446275570073,0.027697156957909891,0.035653665145725731,0.011637219449589497,0.026821612204118061,0.0
Denard Robinson,RB,JAC,6.2128340666422002,4500.0,0.71500416793776389,0.11995870407870379,0.052967867451210938,0.042336667054054096,0.017922625470387962,0.012528613831742783,0.039281354176136374,0.0
Corey Grant,RB,JAC,6.1241153980351557,4500.0,0.72329964235920552,0.12009571165839732,0.045499455954486394,0.03985904304559279,0.018709105981078885,0.014783909019658337,0.037753131981580826,0.0
Mike Tolbert,RB,CAR,6.0274723861242503,4900.0,0.67930494662703622,0.15719694434528969,0.061154077071751155,0.036819296794385316,0.039296737172813359,0.008091631510039457,0.018136366478684825,0.0
Malcolm Johnson,RB,CLE,6.0249142183296236,4500.0,0.78995028452839955,0.068587915368883159,0.03880746415427213,0.01910578987442434,0.012333797490537252,0.0071789502597115534,0.064035798323771903,0.0
George Atkinson,RB,CLE,5.8271663258477862,4500.0,0.78901474018291728,0.08920011679397194,0.025239445809166886,0.013494504424008643,0.012718213682905183,0.015177650294726572,0.055155328812303409,0.0
Jacquizz Rodgers,RB,TB,5.7595763781627687,5500.0,0.73916833841049367,0.14740510788082678,0.029731221274736173,0.015124557890916655,0.011603298030650012,0.011351825282362789,0.045615651230013932,0.0
Chris Johnson,RB,ARI,5.7160544281221046,4900.0,0.74193168807825005,0.10584945258234149,0.062512635570541639,0.032013589860735325,0.017182762072918349,0.010499881934513358,0.030009989900700026,0.0
John Kuhn,RB,NO,5.6425543991818303,4500.0,0.7354594355691052,0.12215273235401217,0.055089865321483487,0.022263265723564941,0.030471501012273441,0.011438789671697027,0.023124410347863597,0.0
Devontae Booker,RB,DEN,5.5524358729938204,5200.0,0.7023155930761843,0.1599869260344276,0.06263982990118673,0.0287627055592212,0.019413078866738605,0.008967984024817223,0.017913882537424444,0.0
Jamize Olawale,RB,OAK,5.4960811941896415,4500.0,0.77121112491836119,0.089343463438534734,0.049990332451118773,0.023590948539464369,0.026420218261230692,0.015298025806365037,0.024145886584925384,0.0
Rex Burkhead,RB,CIN,5.4948964336941293,4500.0,0.78863433030087049,0.093279509729246396,0.032709352500463321,0.018077252210428579,0.016184207489851464,0.0072915167209651414,0.043823831048174694,0.0
Ryan Hewitt,RB,CIN,5.4948964336941293,4500.0,0.78863433030087049,0.093279509729246396,0.032709352500463321,0.018077252210428579,0.016184207489851464,0.0072915167209651414,0.043823831048174694,0.0
Kenneth Farrow,RB,SD,5.3130046405075051,4500.0,0.77374434551958948,0.12066279127683661,0.027274334647064663,0.014953291167140628,0.017268502026083103,0.01744879595771625,0.028647939405569187,0.0
Fitzgerald Toussaint,RB,PIT,5.2101510016976071,4500.0,0.77199613058976435,0.10702681230893792,0.045555049938660164,0.025973706415448664,0.015398100682991396,0.01129768949488707,0.02275251056931021,0.0
James Develin,RB,NE,5.1935508153422782,4500.0,0.75734909722300303,0.13236522292676384,0.04437755632693826,0.018637703392482059,0.015552654301487752,0.0044662518574637971,0.027251513971861416,0.0
Benny Cunningham,RB,LARM,5.065764956698052,4700.0,0.7519631500999614,0.14580497703260256,0.048321365717299544,0.017418296636875989,0.005369695426678197,0.003549824538478455,0.027572690548103945,0.0
Jerick McKinnon,RB,MIN,4.9869496859866214,5800.0,0.72679040087764679,0.17936517916449482,0.045782564492254457,0.016155593253278838,0.0095689586541053712,0.003650305637577921,0.018686997920641976,0.0
Kyle Juszczyk,RB,BAL,4.9550028988288055,4500.0,0.79501248354070386,0.095639621399064692,0.037796663774643198,0.022515070128465861,0.02040652137043732,0.010330882442126462,0.018298757344558592,0.0
Andy Janovich,RB,DEN,4.9031511405851358,4500.0,0.76586353009731345,0.12981703758260299,0.044513177212530695,0.021608261635117216,0.015510577833546717,0.0083656411886369898,0.014321774450252185,0.0
Brandon Bolden,RB,NE,4.8810900111271955,4700.0,0.77883436308829601,0.12466494936128758,0.040109599802302928,0.016255758740046648,0.013177482149258082,0.0035795707599225643,0.023378276098886236,0.0
Alfred Blue,RB,HOU,4.8350913189263025,4700.0,0.79451992889572165,0.08940679409215517,0.05674597200117603,0.022398884355743807,0.012088918500712273,0.0085930435890129112,0.01624645856547818,0.0
Patrick DiMarco,RB,ATL,4.7854128590896901,4500.0,0.80304785129215051,0.10321289050798894,0.031071789532205268,0.017282171020927956,0.017804895857338267,0.0070750705850846458,0.020505331204304394,0.0
Matt Asiata,RB,MIN,4.7775924481920828,5700.0,0.75179956754917732,0.16313763853980243,0.038745907647117654,0.016083850718315734,0.009421616485354686,0.0042154707889977784,0.01659594827123443,0.0
Daniel Lasco,RB,NO,4.7772396313477055,4500.0,0.83581116548475221,0.071706650557981574,0.022036632314297623,0.012728314138061121,0.020158544302825664,0.015521742904036328,0.022036950298045605,0.0
Robert Turbin,RB,IND,4.7159282428266378,5000.0,0.77633080773356578,0.13763251822782516,0.036210270640174576,0.0131296524821871,0.013483859191628773,0.0073837342439635589,0.015829157480655217,0.0
Jalston Fowler,RB,TEN,4.4622877451002161,4500.0,0.82214623868108505,0.091163569290883179,0.031296511018296044,0.018579669313814176,0.018765611750835177,0.0062767312635171124,0.011771668681569113,0.0
Knile Davis,RB,KC,4.4561874884886254,4500.0,0.83707855050329938,0.079979285448105009,0.036412473690073548,0.010777050921159022,0.0078211162631858372,0.0044915023859331176,0.023440020788244132,0.0
Tyler Ervin,RB,HOU,4.3767687917015508,4500.0,0.83686048762801701,0.073428867605739412,0.041518726957950627,0.016606611927174771,0.0097040294209415744,0.0079845424251786725,0.013896734034997787,0.0
Michael Burton,RB,DET,4.330512091026125,4500.0,0.82727312701557798,0.097949907840850767,0.033068384565051574,0.011041147617075666,0.0091624745799690193,0.0050265529442782954,0.016478405437196419,0.0
Jay Prosch,RB,HOU,4.3284034862131691,4500.0,0.84042780716252041,0.072569065557235815,0.04023715659953564,0.016244286536664772,0.0093211854158963305,0.0074556830134723789,0.01374481571467465,0.0
Stepfan Taylor,RB,ARI,4.178000728275518,4500.0,0.8766518126376015,0.055540241007467607,0.019686424245905138,0.0095429558748307188,0.0092137242838410491,0.010445454187555372,0.018919387762798837,0.0
Andre Ellington,RB,ARI,4.1654765554506747,4600.0,0.86453206845449437,0.064105341407712929,0.025692082460319395,0.013621979205889817,0.0085436789121232197,0.0068109137605799116,0.016693935798880202,0.0
Kapri Bibbs,RB,DEN,4.1440355354254574,4500.0,0.83430577080934254,0.095903602508811012,0.032497581084577003,0.012873446201665301,0.0090444729717795592,0.0045521398932325376,0.010822986530592211,0.0
Chase Reynolds,RB,LARM,4.1417603243986649,4500.0,0.83934427860734984,0.099328235402328657,0.028210968632419224,0.0094386512753849936,0.0027610773856564159,0.0018116651238733895,0.019105123572987444,0.0
Antonio Andrews,RB,TEN,4.0647273942622997,4500.0,0.85309057896112939,0.07845213920955621,0.02622316964210341,0.014429702778740417,0.014099742002050176,0.0044809427516390929,0.0092237246547814348,0.0
Zach Line,RB,MIN,4.0094490513931227,4500.0,0.83557141904810761,0.11142631809054622,0.023530743557293253,0.0091096849352405411,0.005159420430394298,0.002253614702349362,0.012948799236068642,0.0
