name,pos,team,expectation,salary,prob_0_5,prob_5_10,prob_10_15,prob_15_20,prob_20_25,prob_25_30,prob_30+,label
Antonio Brown,WR,PIT,15.554286076045557,9400.0,0.075745616875839875,0.22815189155623802,0.19907563406545462,0.241250637721207,0.12537305294407952,0.058873769239769586,0.071529397597411865,3.0
Julio Jones,WR,ATL,14.936093646229953,8500.0,0.11439682495455222,0.20231963356716354,0.23986955036028246,0.19495067037270877,0.12614293185455569,0.052897514245256259,0.069422874645481747,2.0
Odell Beckham Jr.,WR,NYG,13.999833981757526,8700.0,0.22472548869036407,0.23424783822005868,0.12033204396308636,0.16814873548294471,0.10993492182666201,0.030734893573303314,0.11187607824358081,1.0
A.J. Green,WR,CIN,13.748205584913693,8100.0,0.12659184696795936,0.24517930323371803,0.26195025456966836,0.15828115444884175,0.10472964232093558,0.056294278668858,0.046973519790019416,2.0
Mike Evans,WR,TB,13.635698884637295,8000.0,0.14233711357850654,0.24155294277371575,0.24474430834296779,0.16431186408321066,0.1036261555975535,0.055747665818892879,0.047679949805153395,2.0
Brandin Cooks,WR,NO,13.567135989586598,8200.0,0.14893797814695864,0.25867211062918671,0.21502670037711988,0.15575122097605815,0.11787152477518005,0.058900732410486545,0.044839732685010132,1.0
Allen Robinson,WR,JAC,13.562278518660818,8300.0,0.12620253585162536,0.27244334581490864,0.24460036523825882,0.14655722897203255,0.11540985302910149,0.044408555802162922,0.050378115291910615,1.0
DeAndre Hopkins,WR,HOU,13.552135245938118,8600.0,0.13593113135137785,0.2308644924091843,0.2800154228759254,0.15552313318765124,0.10599618410687953,0.044583372941508929,0.047086263127472695,2.0
Brandon Marshall,WR,NYJ,12.955928021140014,7500.0,0.16992029659586039,0.23943401053058339,0.26794219418481269,0.13690945405350946,0.093713937649010329,0.045491735226154378,0.04658837176006965,2.0
Amari Cooper,WR,OAK,12.309432548371969,7600.0,0.20153688871240258,0.24015734994559243,0.25605913217584697,0.12781624688911955,0.099303630574516633,0.039584169103141525,0.035542582599380687,2.0
Doug Baldwin,WR,SEA,12.205845608817361,7400.0,0.17202316512187324,0.30286059978518576,0.20876159513930187,0.15326710614652694,0.096027840446215512,0.039343570247060186,0.027716123113836671,1.0
Demaryius Thomas,WR,DEN,12.117722113828076,7900.0,0.1905709631538568,0.26620016767528237,0.24444407423700382,0.14264550927520148,0.087495944760286853,0.03709727739321423,0.031546063505154223,1.0
Larry Fitzgerald,WR,ARI,12.072339279111482,7500.0,0.19945626193916188,0.26405669330540876,0.23672434645039517,0.13497270527147145,0.092447710104778077,0.045314217103018389,0.027028065825765991,1.0
DeSean Jackson,WR,WAS,11.762640354323809,6900.0,0.22496902906095229,0.26841877669647707,0.2108527180089376,0.13691817798484571,0.086841617312677269,0.042476714093038118,0.029522966843072658,1.0
Jarvis Landry,WR,MIA,11.71013429690513,7200.0,0.19858060036566966,0.28381513856308449,0.23690405994849087,0.13985333023667429,0.079682639489940185,0.03430296788249259,0.0268612635136482,1.0
Allen Hurns,WR,JAC,11.676400395586501,6100.0,0.20792312474145508,0.27602826523087215,0.234503404271792,0.13659245248881546,0.083604934531116643,0.035141941354493569,0.026205877381455873,1.0
T.Y. Hilton,WR,IND,11.615967096198707,7600.0,0.22016689845375562,0.28416418430750184,0.20605308851689516,0.13850484262078314,0.087402104148558576,0.03487174616628344,0.028837135786222753,1.0
Jeremy Maclin,WR,KC,11.597093256459909,6900.0,0.20337752140637624,0.28596359509415992,0.23816805914094222,0.12998361040157869,0.082015771172462823,0.036059570718514622,0.024431872065965626,1.0
Emmanuel Sanders,WR,DEN,11.493652726535611,6900.0,0.19524488962471212,0.30683375720583739,0.23245287372685008,0.13319109592970596,0.075140975104377603,0.029688534809601878,0.027447873598914967,1.0
Michael Crabtree,WR,OAK,11.383471143640294,6500.0,0.20453741319960608,0.27551900143034252,0.27112051466362957,0.1230920088937443,0.070871943367905976,0.033609248048942789,0.021249870395828672,1.0
Marvin Jones,WR,DET,11.328034131358736,7600.0,0.21683064363945501,0.27683693353372291,0.24682048580806534,0.13478059872215573,0.068704847360866558,0.032136303713545117,0.023890187222189902,1.0
Alshon Jeffery,WR,CHI,11.166027934695538,8200.0,0.27709184319353514,0.24813945873248269,0.20809919333184199,0.11538491734522238,0.085079771262690229,0.0319582669439753,0.034246549190251774,0.0
Pierre Garcon,WR,WAS,10.646057007643867,6000.0,0.25312719292335067,0.27483081078636962,0.2378142550735298,0.12539311837301018,0.067517877521845404,0.024038419468920907,0.017278325852973463,1.0
Golden Tate,WR,DET,10.488285708182831,6200.0,0.25775118289806626,0.32109411190651949,0.18236233542062863,0.1201114397816082,0.070562342402655381,0.029010766270036417,0.019107821320486312,1.0
Michael Floyd,WR,ARI,10.481211022333081,6500.0,0.26824264832421424,0.29567966278272451,0.20583009179062381,0.11044185612535107,0.071613400268723967,0.028084683968442506,0.020107656739920345,1.0
Stefon Diggs,WR,MIN,10.292424874126414,7100.0,0.29517054941588333,0.27194243348987568,0.19935715040283605,0.12149449998664399,0.063774949848258322,0.030298512260331967,0.01796190459617077,0.0
Willie Snead,WR,NO,10.136113765464753,7500.0,0.31986255656050228,0.25123041147055741,0.2058682524788828,0.098242725225032954,0.080963738333446167,0.026158230599678596,0.0176740853319001,0.0
DeVante Parker,WR,MIA,9.9279348719819716,6300.0,0.27291248446024691,0.3079096613066567,0.21940959935677126,0.11660312332160812,0.049974763560358418,0.017725134528930736,0.015465233465428222,1.0
Travis Benjamin,WR,SD,9.9041647947520186,6600.0,0.29210118318055567,0.29941419923420359,0.20719178109331507,0.1058843918541232,0.054306723232095767,0.023337373398854597,0.017764348006852941,1.0
Brandon LaFell,WR,CIN,9.8913529305952075,5500.0,0.30239505846787801,0.28132471397679315,0.21383666990759836,0.10763205460786017,0.054822104695187786,0.021895426345143659,0.018093971999538692,0.0
John Brown,WR,ARI,9.8834532586403494,6200.0,0.30915163268528167,0.2908646447270109,0.19028877937333452,0.10009585429057662,0.068491790589744028,0.024135810765105743,0.01697148756894688,0.0
Julian Edelman,WR,NE,9.8708929017507518,7200.0,0.33290671450223669,0.25724516542828868,0.19993139597981194,0.10373693598294567,0.059644894012082568,0.023464381766703176,0.023070512327931472,0.0
Anquan Boldin,WR,DET,9.6940177028882175,6500.0,0.30839764711904366,0.2997544045180785,0.19119463153289537,0.11198649043683208,0.050565699762568139,0.019479813643853181,0.018621312986729154,0.0
Mohamed Sanu,WR,ATL,9.5360709623950815,6200.0,0.3269624792865114,0.29114977757844679,0.18231503243148525,0.10655687415015395,0.054740522831089412,0.023991935288174056,0.014283378434139781,0.0
Tyler Lockett,WR,SEA,9.3655568708031431,6200.0,0.34510555935259735,0.27306329103006727,0.1904899385520733,0.10443636823617562,0.051738323503492722,0.019851045541628413,0.015315473783965357,0.0
Mike Wallace,WR,BAL,9.3290809790493672,6700.0,0.31743883935533823,0.29969113754950061,0.19979737987814217,0.10975036672618969,0.046558124151501144,0.015280192324078918,0.011483960015249256,0.0
Tavon Austin,WR,LARM,9.049519993448639,5800.0,0.34628355858601539,0.3098406008579746,0.16566986009810791,0.09684531870978122,0.046739211196706126,0.02253903457655056,0.012082415974864088,0.0
Kelvin Benjamin,WR,CAR,8.9673304503390305,7700.0,0.4063219262977617,0.24139147402114569,0.17284382942104565,0.082155017410270079,0.056478153091752012,0.020835403880274789,0.0199741958777503,0.0
Will Fuller,WR,HOU,8.9485980586802434,6700.0,0.37771579810290867,0.25898756905954323,0.19569575290152713,0.083581855100238092,0.050997999038372925,0.020022461509279648,0.012998564288130298,0.0
Danny Amendola,WR,NE,8.851191491190729,5400.0,0.37882010503229191,0.258356312635251,0.19763394043217189,0.0910688686175051,0.045036835546981707,0.017190292389718819,0.011893645346079264,0.0
Torrey Smith,WR,SF,8.845473477050783,5600.0,0.36613765865458459,0.29669311510632912,0.16415969509130859,0.096938276909778298,0.046873206309698934,0.016008518253918885,0.013189529674382298,0.0
Sterling Shepard,WR,NYG,8.7718121430601297,6900.0,0.38503520895357085,0.27275567907317771,0.16956933147337525,0.0915892876802442,0.05582067198205299,0.013050866547407213,0.012178954290171889,0.0
Phillip Dorsett,WR,IND,8.6690450276833158,6400.0,0.38668833561901406,0.27093883235998917,0.17577730381895107,0.094669982661662863,0.048051298008536837,0.013388122291578463,0.010486125240268205,0.0
Jamison Crowder,WR,WAS,8.6514512115824793,6000.0,0.39166338968110298,0.26797684341757555,0.18026728734489303,0.08702476374951143,0.039775047840762613,0.023198666788301837,0.010094001177852341,0.0
Ted Ginn Jr.,WR,CAR,8.6501950325769883,5900.0,0.45248782347189798,0.23621295306587251,0.12991405657021418,0.08447715077503351,0.047927496883534884,0.019677916378367813,0.029302602855079591,0.0
Tyrell Williams,WR,SD,8.5358074611788783,6400.0,0.39221892322079283,0.2596924212719155,0.19385034765844011,0.093124925090429619,0.03925407683018569,0.012472130319061563,0.0093871756091753918,0.0
Kenny Britt,WR,LARM,8.2826359172569948,5500.0,0.39849830241504691,0.29400833770597018,0.16011814338482927,0.086835641494275431,0.035082720848173203,0.016016533923886255,0.0094403202278184398,0.0
Steve Smith,WR,BAL,8.2623143802133807,6100.0,0.43159856339077901,0.26333354935945741,0.15298910093447166,0.0816123358191259,0.035309283584208401,0.020963067938438933,0.014194098973518343,0.0
Kamar Aiken,WR,BAL,8.1472886044319441,5400.0,0.42103174333995108,0.28653311898581513,0.14927814182590554,0.067075895359657772,0.054657431513997427,0.0098286281477171535,0.011595040826955973,0.0
Quincy Enunwa,WR,NYJ,8.1158614586090216,5600.0,0.40943936737467534,0.29178543797842099,0.16456832889443004,0.074100966048966793,0.036953570964785465,0.012238081902142161,0.010914246836579955,0.0
Terrelle Pryor,WR,CLE,8.103686883094797,7000.0,0.42286715345584336,0.27011212755858682,0.16827865146119181,0.076723644833389212,0.040212988358768194,0.012460176637790553,0.0093452576944301445,0.0
Corey Brown,WR,CAR,7.9490170974398531,4800.0,0.43212037725277436,0.27445424692552589,0.16128208440494998,0.077138200564596526,0.032459110161652829,0.010009942050735625,0.012536038639764028,0.0
Dontrelle Inman,WR,SD,7.9255498782288196,5700.0,0.43335467520272225,0.27834001554137994,0.15845067974267046,0.070683911722321774,0.032343642824652026,0.017289128751449962,0.0095379462148030662,0.0
Eddie Royal,WR,CHI,7.7894343149122527,5500.0,0.449847690171019,0.26539407594217213,0.15184343949897136,0.07794348747644779,0.032908152533883794,0.013378445317555068,0.0086847090599510238,0.0
Markus Wheaton,WR,PIT,7.7648024845120434,5800.0,0.51735967987745057,0.19074417035115473,0.13630074724862454,0.080115328617969286,0.047484843339716087,0.015093017221213952,0.012902213343871186,0.0
Seth Roberts,WR,OAK,7.7425433491213456,5400.0,0.46486758214309054,0.24366681874332144,0.16691538300692593,0.070242134272201329,0.029733755545351001,0.012255640540084059,0.012318685749025785,0.0
Devin Funchess,WR,CAR,7.7171457925040903,5300.0,0.48853668457778987,0.22316139484478753,0.14312193290911457,0.083924985900575372,0.040026476606019851,0.010561586559427436,0.010666938602285903,0.0
Kevin White,WR,CHI,7.6864871965424815,5500.0,0.4705776433324052,0.25233698664720561,0.14286356759690461,0.074953277484173797,0.036192833775667003,0.013593228434259804,0.0094824627293835593,0.0
Victor Cruz,WR,NYG,7.6313494492733502,5700.0,0.46003294766119951,0.26216524332401353,0.15019490117971632,0.075898462983289991,0.032982162577254143,0.011753353248057003,0.0069729290264695714,0.0
Tajae Sharpe,WR,TEN,7.6285125761238906,5600.0,0.48118686662930726,0.23444839882027002,0.15495153591351038,0.073009171202118389,0.03477158468960128,0.011582457087349592,0.01004998565784296,0.0
Jermaine Kearse,WR,SEA,7.5841074157926807,4900.0,0.47993750677317637,0.25113932534416761,0.1395615311028012,0.067697733866879231,0.04011439311782123,0.011375661421107993,0.01017384837404669,0.0
Cole Beasley,WR,DAL,7.5403008267136276,5200.0,0.46635918249268227,0.26223531563790364,0.15434986087084743,0.068343556469639077,0.026552668603821512,0.012101612916179746,0.0100578030089269,0.0
Sammie Coates,WR,PIT,7.1682776968897537,5400.0,0.52010830736933189,0.2218129381445248,0.14021575112073037,0.074361129684361704,0.023923657318901264,0.0097502171271291078,0.0098279992350199675,0.0
Terrance Williams,WR,DAL,7.1385482388160444,4600.0,0.51169844167425782,0.23589114461244506,0.14151252380931195,0.06598228568215514,0.027099246170634892,0.0089044756864221902,0.0089118823647729058,0.0
Tyler Boyd,WR,CIN,7.0258409227750374,5400.0,0.51821552076374855,0.24146064796761699,0.13633121477061347,0.06124001486537986,0.023607542160801989,0.0076986618400909064,0.011446397631747967,0.0
Marqise Lee,WR,JAC,6.9074020809414423,4500.0,0.5098769809854381,0.2736906671659261,0.12011557158393557,0.060133749954143424,0.015770787540093784,0.005736914784216611,0.014675327986246579,0.0
Kenny Stills,WR,MIA,6.8356540065945932,5100.0,0.5293918210016394,0.24014348816571274,0.13775388687687221,0.057133565629896035,0.014967670055986553,0.0091693543123191768,0.01144021395757403,0.0
Robert Woods,WR,BUF,6.6090529782203795,5400.0,0.55969301020618334,0.2275613307784064,0.12299223696314597,0.047213681385503123,0.022186540924736143,0.0096121434928263059,0.010741056249198777,0.0
Vincent Jackson,WR,TB,6.6067829903302124,5100.0,0.54933148642129381,0.24145200702162922,0.11667177708675741,0.055314773600818344,0.019065940277618404,0.0091420975928427836,0.0090219179990394197,0.0
Adam Humphries,WR,TB,6.6025285939241369,5000.0,0.56245459144187882,0.22066044560523929,0.12878375479581686,0.054421535222123223,0.01077674662196639,0.0086418997337446603,0.014261026579230162,0.0
Michael Thomas,WR,NO,6.4402116346667677,5300.0,0.54943084435292755,0.25096090762000622,0.11745489434802357,0.051665819846950727,0.015969617211199019,0.007380503869433769,0.0071374127514589542,0.0
Chris Hogan,WR,NE,6.1992928958852058,5200.0,0.58450695818799769,0.237767317022997,0.099580551571771064,0.042742989339987825,0.017886123536465282,0.0071317969135999068,0.010384263427181236,0.0
Brandon Coleman,WR,NO,6.1520056010080744,4600.0,0.59304527377824567,0.21397322198523486,0.1201302645743728,0.047557703927907966,0.0097798693027018706,0.0043093678212608308,0.0112042986102767,0.0
Jaron Brown,WR,ARI,6.118687315742128,4700.0,0.585162874841053,0.23663819453170254,0.10411979121035177,0.047799057174314763,0.010242770988223208,0.0065007282887477348,0.0095365829656067179,0.0
Justin Hardy,WR,ATL,6.1014494315283763,4900.0,0.59598898149385404,0.21764932053646266,0.11389101954238179,0.044547360050465605,0.013442897270614537,0.0044519198265607594,0.010028501279660101,0.0
Rishard Matthews,WR,TEN,6.0052467818085287,5000.0,0.61894632901500124,0.19734129162020453,0.10543967040511583,0.047448940774198381,0.016756204697096447,0.0053213865694728768,0.0087461769189113824,0.0
Brian Quick,WR,LARM,5.9633910680596038,4500.0,0.62566791554857137,0.20516499120340256,0.096795872909999039,0.039957087159770276,0.010309849309219892,0.0072446848509404903,0.014859599018096515,0.0
Marquise Goodwin,WR,BUF,5.9174921164941345,5300.0,0.65840035055147283,0.15589252867090361,0.10246723618642349,0.050786044359749566,0.014475242134956514,0.0029657113274705487,0.015012886769022909,0.0
Jeremy Kerley,WR,SF,5.9090529184858811,5200.0,0.61788734730810857,0.21507374495504353,0.097647829028401953,0.042960274799855924,0.0094727245619029808,0.0037053718102117213,0.013252707536475464,0.0
Andre Johnson,WR,TEN,5.8511651860334313,5100.0,0.63603121868609536,0.19620053248672689,0.093620960511136511,0.043374017317670877,0.011920112595803193,0.0090382988368140297,0.0098148595657524713,0.0
Quinton Patton,WR,SF,5.7552738727043247,4800.0,0.62078509599837828,0.22582789634152955,0.087561122535386213,0.040841427689588053,0.011660123582215836,0.0037788762086178101,0.0095454576442840344,0.0
Chris Conley,WR,KC,5.5787855489859988,4800.0,0.64671225109944919,0.20245363726961735,0.09009924643438412,0.037733771999818262,0.0091205795060977542,0.0045346622360991472,0.0093458514545342545,0.0
Adam Thielen,WR,MIN,5.4848638181567999,4900.0,0.65988303228629308,0.19514283637888122,0.084172089274606288,0.03591908516665767,0.011776140367084308,0.0043802504580974918,0.0087265660683797791,0.0
Andrew Hawkins,WR,CLE,5.3990742343432965,4500.0,0.69202399772371603,0.16125018116490544,0.083624612886829319,0.036349563697284704,0.0097980510257841356,0.0047492086830071799,0.012204384818472195,0.0
Breshad Perriman,WR,BAL,5.37184848380386,5000.0,0.67767085135575611,0.18106313201859078,0.083616470213029911,0.034354162764358057,0.0092213795884845406,0.0035702724796442173,0.010503731580136596,0.0
Taylor Gabriel,WR,ATL,5.2913423161899731,0.0,0.6952515433631925,0.17699580908479057,0.072212303329605307,0.028478835841107931,0.0076042846078249581,0.003651701992166479,0.015805521781313347,0.0
Jaelen Strong,WR,HOU,5.1747628806373474,4700.0,0.68937990749974265,0.18614594815756144,0.07349892347984105,0.029882273622474663,0.0084037601855599872,0.0026218643038457652,0.01006732275097435,0.0
Andre Holmes,WR,OAK,5.0645237464152668,4600.0,0.73131644545025398,0.14116349069665529,0.072639783394759447,0.031133507613359028,0.0066050772986104523,0.0031867741926621868,0.013954921353699889,0.0
Tanner McEvoy,WR,SEA,4.9810993944688118,0.0,0.85811995082338866,0.049480028924970096,0.027336114255861518,0.0082532555303364164,0.00067944644159104292,0.00017517137022339522,0.055956032653627599,0.0
Chester Rogers,WR,IND,4.9008018284034289,0.0,0.85920878711349691,0.04918927082523003,0.028912576293468075,0.0092495947781373409,0.00067959735242481654,0.00017490674510808963,0.052585266892133609,0.0
Kendall Wright,WR,TEN,4.8943961296899383,4800.0,0.83359642918414434,0.06942246012624903,0.040282611753127917,0.0093034735582839742,0.0023389147488337507,0.00082617097036226362,0.044229939658997706,0.0
Bryan Walters,WR,JAC,4.8920831722552007,4500.0,0.85930255740467043,0.050161074963218304,0.028366826056485363,0.0087430725292660799,0.00068166115001751736,0.0001834707594878545,0.052561337136852966,0.0
Jordan Norwood,WR,DEN,4.8912231236473094,4600.0,0.74436316944611236,0.14339240578222409,0.062765494597395097,0.024698122158328562,0.0077831509185528891,0.0042603410198380791,0.01273731607754779,0.0
Ricardo Louis,WR,CLE,4.84876084546916,4500.0,0.74761549965096086,0.14878538785324802,0.055098634795927956,0.026895535029294083,0.0029218839619457281,0.0020296739286585958,0.016653384779964624,0.0
Albert Wilson,WR,KC,4.8472986526955113,4700.0,0.74781290475843953,0.13614546928163571,0.066766041146761948,0.027110805995907858,0.0079962868608888186,0.0037537227891454011,0.010414769167221049,0.0
Brice Butler,WR,DAL,4.8275820004072489,4500.0,0.75322443641276815,0.13345230576918249,0.070855661346541005,0.015819560916819773,0.0079580646738900522,0.0069486537013469171,0.011741317179450992,0.0
Malcolm Mitchell,WR,NE,4.8145198485396383,4500.0,0.74001208368566196,0.15182646045963891,0.062994585521122609,0.026380281610162672,0.005371824802258964,0.0018238475473229554,0.011590916373831526,0.0
Charone Peake,WR,NYJ,4.7576916564979062,4500.0,0.8644412565936328,0.048679175162880103,0.029429481665035749,0.0078386475928606484,0.00068834176024895849,0.00017949931844104091,0.048743597906899555,0.0
Tyreek Hill,WR,KC,4.7379388879123194,4500.0,0.740680137233096,0.16122154307366474,0.056569938995612815,0.023700970274727062,0.0043033286318239512,0.0019976003172596855,0.011526481473815138,0.0
Marc Mariani,WR,TEN,4.6987734555108398,4500.0,0.8036705292289168,0.092185440606259744,0.060497161936523429,0.013421768599531012,0.001954922920283088,0.0035108129746805996,0.024759363733805093,0.0
Robby Anderson,WR,NYJ,4.6386765568268959,0,0.77736897225936741,0.1300838196797143,0.044808559876223265,0.026099117710228582,0.0035367293071766068,0.0013854040090415284,0.016717397158248964,0.0
Tommylee Lewis,WR,NO,4.5990805967736872,4500.0,0.77182792207996176,0.13287340400954373,0.050648633442651379,0.026429855371840689,0.0038988610185105798,0.0015521121555808425,0.012769211921911133,0.0
Rashad Greene,WR,JAC,4.5723700472805495,4600.0,0.78737785109113201,0.1203376507117849,0.053138480192521764,0.016329507810106985,0.0014903562755098365,0.0038070337641431312,0.017519120154800876,0.0
Walter Powell,WR,BUF,4.5564430439068264,4500.0,0.78581911264195936,0.12400429085360144,0.047046973895967098,0.022134262593412956,0.0030705157005502287,0.0013373123272847659,0.016587531987225457,0.0
Rod Streater,WR,SF,4.528443372113669,4500.0,0.77739538091150628,0.13335601516602763,0.051743730255514264,0.018720899294716122,0.0027953893281942492,0.0016165728250106227,0.014372012219030682,0.0
Laquon Treadwell,WR,MIN,4.5106738424311477,4600.0,0.83927675915192612,0.074360772036461256,0.040075382562582147,0.012728310073036049,0.0019578017846297261,0.0025328263845898471,0.029068148006773594,0.0
Cameron Meredith,WR,CHI,4.4690578800365213,4500.0,0.79751315860262928,0.11599716819166769,0.048595739831402522,0.015916504021826233,0.0027581217568272533,0.0020563802077706098,0.017162927387875587,0.0
Chris Moore,WR,BAL,4.4433028934971981,0.0,0.79906338885724904,0.11246312168643745,0.05428271354567929,0.014496286788775369,0.0011102126671091359,0.00073031871266012642,0.0178539577420893,0.0
Ryan Grant,WR,WAS,4.3996252628316581,4600.0,0.80672843603031241,0.11099061822879397,0.044401022882275341,0.015352390482980051,0.003574307155784562,0.0022786502854234051,0.016674574934429528,0.0
James Wright,WR,CIN,4.3621502772387233,4500.0,0.79926024593698264,0.11233689506366368,0.053898547150051657,0.018423234780406649,0.0025274928421790397,0.00078793806641044275,0.012765646160306055,0.0
Arrelious Benn,WR,JAC,4.3574630342515235,0.0,0.85345420112296544,0.071887786240320189,0.035752244107170462,0.0064124124097136191,0.00065491663939385358,0.00047095200926847126,0.031367487471167015,0.0
Bradley Marquez,WR,LARM,4.3548150129156307,4500.0,0.82159777558051972,0.096381441457214917,0.045740783584773161,0.013669287852265169,0.0011036105189670088,0.0014123121446596928,0.020094788861600456,0.0
J.J. Nelson,WR,ARI,4.340501108325701,4600.0,0.8325826024635602,0.0833416968688062,0.042637926383189396,0.016090099739645571,0.004648715225413289,0.0012838157777584982,0.019415143541626611,0.0
Aldrick Robinson,WR,ATL,4.3343500346735659,4500.0,0.8248347399713466,0.08466160632739228,0.053876501461481568,0.013658133132126389,0.0051076494603350302,0.0020323348406195915,0.01582903480669853,0.0
Rashad Ross,WR,WAS,4.3164891360913691,4500.0,0.83673655503816857,0.084941686191426724,0.040443029415183948,0.012995546174144192,0.00086533306509288294,0.00072927622681054978,0.023288573889172697,0.0
Brandon Tate,WR,BUF,4.2938067199154197,4500.0,0.8605250841165476,0.061010517727111108,0.039578319197394171,0.0063046512110205254,0.0026534229535584257,0.0036436591663350885,0.026284345628032897,0.0
Quan Bray,WR,IND,4.2581095138882228,4500.0,0.85407062586135285,0.068464448888786653,0.041749865618431699,0.0083910534844327724,0.00082239832852959015,0.00071032129030098527,0.025791286528165078,0.0
Bennie Fowler,WR,DEN,4.2380379590442425,4500.0,0.82170066364005068,0.10278791799180671,0.042862888956806899,0.012722943349099489,0.0026782892756599171,0.0012636802395052666,0.015983616547071304,0.0
Cordarrelle Patterson,WR,MIN,4.2276976558550032,4700.0,0.81714039308782538,0.10480172255279011,0.044669437947289815,0.017131967326852758,0.0014878715365663207,0.0012962696463913977,0.013472337902284621,0.0
Darrius Heyward-Bey,WR,PIT,4.1643689405459874,4500.0,0.82259138631896389,0.10491971989662595,0.044167904870737011,0.0089760433919905298,0.0041992225651682948,0.0017026407885914988,0.013443082167922385,0.0
Paul Richardson,WR,SEA,4.1159861887355937,4500.0,0.82631127725330278,0.0966615766463544,0.047939141334697781,0.014585778153262681,0.0018509969724715707,0.001824624385149972,0.01082660525476074,0.0
Cody Latimer,WR,DEN,4.112692365060159,4500.0,0.82465710663739322,0.10005772023801456,0.047878028212410356,0.012947528685463651,0.0019805295864891029,0.00076938080976020297,0.011709705830468977,0.0
Charles Johnson,WR,MIN,4.0829971375611622,4700.0,0.84268191323500508,0.084199737104106623,0.042890765292436517,0.012929547479734379,0.0013255077589298045,0.00086263533019347201,0.015109893799594301,0.0
Josh Bellamy,WR,CHI,4.0606086878423282,4500.0,0.8558061881811263,0.070144783702185576,0.04407020007618536,0.010319442059717339,0.0013059382114078129,0.0010952905412164469,0.017258157228160643,0.0
Griff Whalen,WR,SD,3.924230632224357,4500.0,0.90080091782493976,0.045083999830553667,0.019817886207007151,0.0058426243790587135,0.00049042947711613004,0.00075344111595917009,0.027210701165364219,0.0
Mike Thomas,WR,LARM,3.9148681868089281,4500.0,0.89955717745229535,0.045944564341345154,0.021152262084095614,0.0059327925292941321,0.00038749595966208614,0.00019394146051510201,0.026831766172791319,0.0
Keith Mumphery,WR,HOU,3.9013573511512947,4500.0,0.90056271234051766,0.044818543797968541,0.022650527025327126,0.0046289537336885031,0.00045046484293447578,0.00020935791888250873,0.026679440340680094,0.0
Devin Hester,WR,BAL,3.869634414247606,4700.0,0.87801694322775703,0.061576600089697509,0.036025889193197255,0.0045848892703864762,0.00054795993254685342,0.00050544801973830108,0.018742270266675576,0.0
Alex Erickson,WR,CIN,3.7837483103688205,4500.0,0.87590861208717552,0.064672940892654157,0.035732536636055925,0.0084586756483865221,0.0011142851455737393,0.00063712796963699713,0.013475821620516724,0.0
Lucky Whitehead,WR,DAL,3.7681675414088711,4500.0,0.89598629644479444,0.047863685891373041,0.031110071074839867,0.0047200406428326352,0.00081218569775482927,0.00043957739561682833,0.01906814285278776,0.0
Jordan Taylor,WR,DEN,3.7651426647542539,4500.0,0.87673881635636819,0.063829908177661668,0.035907880396274031,0.0090170727514974798,0.0012472898204331745,0.00056081652737248586,0.012698215970392846,0.0
Dwayne Harris,WR,NYG,3.7177239216586697,4500.0,0.8890929817564126,0.056369798438705647,0.029412324845630639,0.0084804660236644756,0.0010557684435018148,0.001760285894516046,0.013828374597567224,0.0
Eric Weems,WR,ATL,3.6433427713444564,4500.0,0.90169654154657264,0.048140326643663162,0.029337157023205013,0.0034369799860586498,0.00045396574259765657,0.00023371881740887689,0.016701310240493449,0.0
Andre Roberts,WR,DET,3.629721011757542,4500.0,0.8939713604541667,0.059681604715893601,0.025725617228742056,0.0049811646453078147,0.00031540041225447548,0.0006701826269584312,0.014654669916676523,0.0
Leonte Carroo,WR,MIA,3.6047829814532073,4500.0,0.89107786885889839,0.060764024121215551,0.028750706199582664,0.006113614529235656,0.0003907971516273221,0.00072153455354518193,0.012181454585895162,0.0
Deonte Thompson,WR,CHI,3.5193777861549336,4500.0,0.90234374165801834,0.048914615618120771,0.031445536650178955,0.0049680461932652209,0.00094146381852873754,0.00040866662911249508,0.010977929432774673,0.0
Rashard Higgins,WR,CLE,3.4830219502355586,4500.0,0.91678084694052453,0.039223962892261717,0.023724391866181901,0.0050655652657768287,0.001371837073365917,0.00044631628038601691,0.013387079681501933,0.0
Jakeem Grant,WR,MIA,3.4665868134396742,4500.0,0.91617949561192913,0.039490120479615101,0.026714402076929523,0.0036316238581320897,0.00042438842458133986,0.00022252619035806846,0.013337443358453719,0.0
Tavarres King,WR,NYG,3.413342755721021,4500.0,0.92023946684844671,0.040652198042914763,0.021627311235993832,0.003853713167016447,0.0004170179798716389,0.00022292233909589648,0.012987370386659524,0.0
Aaron Burbridge,WR,SF,3.4126301707115445,4500.0,0.92249623885929044,0.036924238279625418,0.022883622144539661,0.003949359450129265,0.00041950710277478321,0.00021151816769306609,0.013115515995946502,0.0
Matthew Slater,WR,NE,3.3861851972378565,4500.0,0.92865950518971385,0.032993294955425155,0.020214855604386534,0.0034987788491570786,0.00058331795956192067,0.00022812231583799438,0.013822125125917552,0.0
