name,pos,team,expectation,salary,prob_0_5,prob_5_10,prob_10_15,prob_15_20,prob_20_25,prob_25_30,prob_30+,label
Jordan Reed,TE,WAS,11.738024337851392,7500.0,0.21954349630719464,0.26669022839903961,0.21706091058485152,0.1332947981966299,0.092131410033766348,0.056621155889193434,0.014658000589325055,1.0
Jason Witten,TE,DAL,10.473631077909136,6000.0,0.25841848972877013,0.29863756088659349,0.21346091555410676,0.11739158200797513,0.056848801127030009,0.046320237643956021,0.0089224130515684653,1.0
Greg Olsen,TE,CAR,10.111632053916582,7900.0,0.27310673268440849,0.27505013735914724,0.22298960525434147,0.14967288371502221,0.052442585646952734,0.020859527018815095,0.0058785283213128384,1.0
Travis Kelce,TE,KC,8.939191220613532,6500.0,0.32017370149104496,0.32095578133639147,0.19775991223787631,0.10285119413052986,0.036239573230795422,0.016852120820711084,0.0051677167526515914,1.0
Coby Fleener,TE,NO,8.8302153515604989,5400.0,0.35429781204003125,0.28426183745106953,0.2011263217418941,0.10069572750405435,0.036510615824096787,0.012534007855905579,0.010573677582948278,0.0
Eric Ebron,TE,DET,8.6437981936500474,5800.0,0.34408457086692112,0.31212613124206456,0.19567912520020847,0.096715322023156261,0.026183719180735854,0.022318626913216913,0.0028925045736971013,0.0
Martellus Bennett,TE,NE,8.5110229205174068,6300.0,0.36338740960262528,0.31074824397960971,0.1780083554225648,0.079387663930417032,0.051538313606056006,0.012614469612307368,0.0043155438464200519,0.0
Jimmy Graham,TE,SEA,8.446524216302846,6400.0,0.35590123591886019,0.30177653078973754,0.20672820306974815,0.092661748512897921,0.026372482812319159,0.011361308855649585,0.005198490040787318,0.0
Dwayne Allen,TE,IND,8.1977105550860028,5900.0,0.34791116450772458,0.33703780487561752,0.19915140519571881,0.080325416457286608,0.018899801161295426,0.013838405988145759,0.0028360018142115553,0.0
Jacob Tamme,TE,ATL,8.1055025524795621,5500.0,0.38381737219954803,0.30467369979410686,0.18827682810760821,0.07512736898199894,0.031781856416556009,0.012490041584542531,0.0038328329156393465,0.0
Kyle Rudolph,TE,MIN,8.1002192543558635,5600.0,0.3772172470699604,0.30841124421955746,0.19757308397850162,0.080255234660517177,0.015374413946028292,0.015582643924254925,0.0055861322011803638,0.0
Dennis Pitta,TE,BAL,7.848837187546855,5400.0,0.39514957081355667,0.3362175886757951,0.15183096621578274,0.063248718465210782,0.029947379546886917,0.022056868679441032,0.0015489076033269658,0.0
Gary Barnidge,TE,CLE,7.691236132669383,5900.0,0.42876473050659863,0.27254020857723604,0.17858891408309013,0.093196274330631906,0.014023718923771179,0.0072763381052601637,0.005609815473412127,0.0
Delanie Walker,TE,TEN,7.5159734934602263,6700.0,0.44974595494529129,0.27888891712757047,0.15374897625088224,0.0730189386071219,0.030520580070367398,0.010552947688073159,0.0035236853106937185,0.0
Jack Doyle,TE,IND,7.0511778622204249,4800.0,0.47949316488519489,0.27715759520056066,0.15323790625488548,0.056557412492705711,0.013902238828890967,0.017609975503590863,0.0020417068341719562,0.0
Zach Miller,TE,CHI,6.9538030291417643,5000.0,0.44601036410003325,0.34311011046439005,0.12177816379276284,0.065452578270533648,0.013854029578378639,0.0075637233380266991,0.0022310304558750983,0.0
Cameron Brate,TE,TB,6.5933489991523153,5300.0,0.50793943852522416,0.28367008610191075,0.13628266093847111,0.042479708110344967,0.016975192937369449,0.01009962749488418,0.0025532858917963266,0.0
Charles Clay,TE,BUF,6.5249716660591401,5100.0,0.53879639830320625,0.24522122616477046,0.13365526279216436,0.055484558548567875,0.017168672840012587,0.003697342884222615,0.0059765384670557023,0.0
Clive Walford,TE,OAK,6.3359315714798923,4900.0,0.54436268925434328,0.25563111718537329,0.13046410736691746,0.040234281294231053,0.020142441291082197,0.0068136600817298261,0.0023517035263229411,0.0
Larry Donnell,TE,NYG,5.998762707344083,5100.0,0.59119905104042958,0.2217590604088053,0.12088045355170692,0.043370693329553622,0.012594286437324416,0.007022407193694279,0.0031740480384871862,0.0
C.J. Uzomah,TE,CIN,5.8896413704508479,5000.0,0.58534632478647208,0.2530386314205112,0.10172240993574735,0.037669744768564745,0.010529720711274053,0.0064592592039505918,0.0052339091734800343,0.0
Jesse James,TE,PIT,5.6595252340698092,4500.0,0.62320993251242118,0.21141833867564611,0.11621479228617512,0.024709396992136673,0.016064039500649715,0.0032133170849056683,0.0051701829480658643,0.0
Marcedes Lewis,TE,JAC,5.3107426406179394,4600.0,0.65276243970690406,0.20383295819500774,0.098359528123007217,0.024163906672017097,0.016866363351927895,0.002971256949055871,0.0010435470020805305,0.0
Will Tye,TE,NYG,5.2695443751889615,4700.0,0.67731204242433429,0.17982415069716967,0.089813197261521371,0.036255287372215082,0.0071841301529426017,0.0036778676717639054,0.0059333244200530412,0.0
Dion Sims,TE,MIA,5.1739383194712385,4500.0,0.67901110628495642,0.17024234645426256,0.10172034255722247,0.040060525768597949,0.0052604972972181939,0.0028017432096346861,0.00090343842810773991,0.0
Rob Gronkowski,TE,NE,4.9802641849879734,7400.0,0.7310685252192789,0.12505696988347859,0.083296833066938566,0.048328116765513622,0.0058432171208550269,0.0037308096235349718,0.0026755283204004479,0.0
Luke Willson,TE,SEA,4.9020925700949833,4500.0,0.70255125576268529,0.17690385720111895,0.080720995986239455,0.025967789148815704,0.0080491220761809389,0.0038483731786756676,0.001958606646284518,0.0
Vernon Davis,TE,WAS,4.8985328732040232,4500.0,0.71724065005234705,0.1483909737994126,0.095804145428106918,0.022074649949045247,0.011960354981886809,0.0025320182795440637,0.0019972075096576494,0.0
Geoff Swaim,TE,DAL,4.7992634241550665,4500.0,0.71239350306771587,0.16744796277568688,0.088671630707178081,0.019516201722076427,0.0063180698921165819,0.0036676873484619444,0.0019849444867638577,0.0
Ryan Griffin,TE,HOU,4.6650773630168487,4500.0,0.72647451799262852,0.16877655912520351,0.068519116231946203,0.023931519919691412,0.0084931394959922649,0.0021999291688444729,0.0016052180656935635,0.0
Hunter Henry,TE,SD,4.6191749393484045,4500.0,0.75357732892077178,0.14697494052299642,0.050910456035833496,0.034165439946118141,0.00524993764206955,0.0051661767939915823,0.0039557201382194995,0.0
Darren Fells,TE,ARI,4.5727725164777056,4700.0,0.74212722998835245,0.15064315571757095,0.072099771397733797,0.02635994403976569,0.0054800644814043788,0.0017814724673584075,0.0015083619078147415,0.0
Lance Kendricks,TE,LARM,4.5627553578314002,4500.0,0.72989415965783488,0.17539847603631573,0.055173783547558114,0.034322895181643678,0.0037636733307286254,0.0004159533543142993,0.001031058891604763,0.0
Tyler Kroft,TE,CIN,4.4342414022471104,4600.0,0.76573201458267992,0.13676126741597378,0.065121221623727701,0.019848029868967183,0.0065819846935674499,0.0031587269288164653,0.0027967548862675722,0.0
Austin Hooper,TE,ATL,4.368649116385777,4500.0,0.75820557687419088,0.14563765053526928,0.072749749750879639,0.015388587670195887,0.0052696391143975327,0.0016792137239866501,0.0010695823310794075,0.0
David Johnson,TE,PIT,4.364422772111749,4500.0,0.76821465145411705,0.14399057221911502,0.061360587432651395,0.012552185118177007,0.0073522718446324704,0.0022240619657485847,0.0043056699655582139,0.0
Nick O'Leary,TE,BUF,4.1532528986609503,4500.0,0.78096560860978192,0.14243757726310516,0.050720572125094093,0.020073437473594111,0.0040555320846812123,0.00068523561663009428,0.0010620368271136878,0.0
Garrett Celek,TE,SF,4.1410974039685122,4500.0,0.7893339473903167,0.13031373193761095,0.05577478058977272,0.01790436121332507,0.0033023229049219368,0.0016511675663077377,0.0017196883977452675,0.0
Crockett Gillmore,TE,BAL,3.9802272261207459,4500.0,0.82721836920959668,0.099698855203204512,0.043272504823279052,0.015129917916125956,0.011578098905883143,0.0013768130799632653,0.0017254408619476465,0.0
Jace Amaro,TE,TEN,3.9371416178970566,4600.0,0.82013783662727113,0.11162785418731277,0.042742056805961763,0.018967197676862686,0.00213922361274094,0.0024333558569397907,0.001952475232911382,0.0
Jermaine Gresham,TE,ARI,3.7870033282076432,4500.0,0.84690313302435327,0.091710390549976484,0.041320653024881415,0.0076644001989593551,0.0050318396086511171,0.0053159222302377332,0.002053661362941214,0.0
Demetrius Harris,TE,KC,3.7408209377845441,4500.0,0.83358469078665365,0.11283135463445033,0.036622147676613113,0.011288046653703856,0.0027404255396616742,0.0012026534389954471,0.0017306812699225532,0.0
Brandon Myers,TE,TB,3.7192017769036916,4500.0,0.83654040654107942,0.10577187991791219,0.044992576001580305,0.0079080129967172997,0.0021832259994163643,0.00086597337303968294,0.0017379251702538674,0.0
Niles Paul,TE,WAS,3.6403661684467412,4500.0,0.85385605411325438,0.092719916897897839,0.037912944864283836,0.0080423814985029641,0.0046519051589317085,0.0010110144031328515,0.0018057830639972706,0.0
Lee Smith,TE,OAK,3.6243318454816951,4500.0,0.85483839993496891,0.090932374999204341,0.039857114195939541,0.0079026886781060224,0.0039481238731937634,0.0011128232617676631,0.0014084750568191485,0.0
Ed Dickson,TE,CAR,3.5233267248631241,4500.0,0.86827079745035229,0.087760988558633762,0.028054497695527644,0.0092316631056194396,0.0022974628369312115,0.0030595446238217317,0.0013250457291144107,0.0
Xavier Grimble,TE,PIT,3.5085792912622713,4500.0,0.87428618490439081,0.079258415329772666,0.03107180133118298,0.0069473449123745824,0.0057281645031510807,0.00069562074249920718,0.0020124682766294072,0.0
Jeff Heuerman,TE,DEN,3.4611150507679782,4500.0,0.87181973108016853,0.085598976837917909,0.028622111153110297,0.010608624914668182,0.0011737118904395706,0.00086026540021915722,0.0013165787234766684,0.0
Cole Wick,TE,DET,3.4491842877639396,4500.0,0.87151381968879316,0.087676203049494805,0.028870604363016479,0.0081601745957300947,0.0012231064645785493,0.0010454005451741471,0.0015106912932130376,0.0
Rhett Ellison,TE,MIN,3.427870345131466,4500.0,0.8725751312645289,0.090077194586237544,0.025646854667588852,0.0068286318289746632,0.0028797051843890919,0.00050179144228837684,0.0014906910259931592,0.0
Maxx Williams,TE,BAL,3.4269636123074556,4500.0,0.88987535498318693,0.066319378253537759,0.02518258666280886,0.012146950484720238,0.0029358567038368774,0.0016568542097176787,0.0018830187021906903,0.0
Jim Dray,TE,BUF,3.3973863663683104,4500.0,0.86832954900300585,0.09907597249301385,0.026521225054315641,0.0025606162826407658,0.00063146561216057061,0.0010509838207749457,0.0018301877340888295,0.0
Levine Toilolo,TE,ATL,3.3348171473506398,4500.0,0.88606629719871355,0.077429150001985123,0.027915485673062991,0.0048849229850249764,0.001455942431715601,0.00092569444777274512,0.0013225072617254682,0.0
Gavin Escobar,TE,DAL,3.326017662318753,4500.0,0.89492844179054221,0.071611109321070829,0.021987510179020613,0.004559591055865897,0.0014174564479058503,0.0036363260072995274,0.0018595651982953299,0.0
Sean McGrath,TE,SD,3.2777864070637914,4500.0,0.89412136810488319,0.074890407507839568,0.021959448763664919,0.0047808752613609567,0.00059743843127055014,0.0024749371219699189,0.0011755248090113656,0.0
Marqueis Gray,TE,MIA,3.2332277543780266,4500.0,0.90435107751259192,0.063502034348330905,0.019606485406252282,0.010149079678216441,0.00049348410593103129,0.00055105527333596438,0.0013467836753410531,0.0
Phillip Supernaw,TE,TEN,3.2246060226655047,4500.0,0.8915816653059998,0.084969554314998114,0.017670076233556698,0.002873794490841272,0.00070566195774322241,0.00075176238806837692,0.0014474853087924355,0.0
Anthony Fasano,TE,TEN,3.2004911330007904,4500.0,0.89845981392760554,0.079439232078797509,0.015737634833196637,0.0021173266447586042,0.00078961473875929582,0.0018621130560552807,0.0015942647208273494,0.0
Kellen Davis,TE,NYJ,3.1373505365889769,4500.0,0.91389040318437276,0.060085447894279526,0.019384329770138372,0.0031225737720805146,0.00077377072777662977,0.0011195930519311299,0.0016238815994208415,0.0
Blake Bell,TE,SF,3.1329107484910335,4500.0,0.91964034588138976,0.056680580290914689,0.015420509470935009,0.0036058663108407122,0.0004483237469982941,0.00058585093205550836,0.00361852336686602,0.0
C.J. Fiedorowicz,TE,HOU,3.1057544867732312,4500.0,0.91773233464814896,0.055635972666366995,0.021232090873644641,0.0025512167090941448,0.0009938352047222643,0.00042188156155223579,0.0014326683364703568,0.0
Tyler Higbee,TE,LARM,3.088220788299914,4500.0,0.91635693007009777,0.062962250897236116,0.013478253012191259,0.0050551252636702425,0.00038025776914355354,0.00029846369934161847,0.0014687192883187006,0.0
Cory Harkey,TE,LARM,3.0760702051420048,4500.0,0.91772872766221092,0.06229560356178835,0.013046364601182889,0.0048134298068191698,0.00037755140919768068,0.00028259068346860256,0.0014557322753316877,0.0
Logan Paulsen,TE,CHI,3.0455052686321,4500.0,0.9219738523947304,0.059361072261496999,0.01362519263807784,0.0023091637332000379,0.0005785149318864348,0.00049418733488936243,0.0016580167057191543,0.0
Brandon Bostick,TE,NYJ,3.038269160024508,4500.0,0.92449731565600324,0.054828974452091971,0.016125938362155437,0.0019607981623241282,0.0006073002370746575,0.00040432663603321963,0.0015753464943171784,0.0
Scott Simonson,TE,CAR,3.0105750741764261,4500.0,0.93166227955212644,0.049825376100730762,0.01232291226587234,0.0020112117568791728,0.0017682526970131049,0.00075174762255719935,0.0016582200048206367,0.0
Khari Lee,TE,DET,2.9993215084512839,4500.0,0.92895308712932112,0.053192411484373293,0.01342944150781553,0.0019231205043356357,0.00061074466379782701,0.00046139906350791028,0.0014297956468484357,0.0
Clay Harbor,TE,DET,2.9993215084512839,4500.0,0.92895308712932112,0.053192411484373293,0.01342944150781553,0.0019231205043356357,0.00061074466379782701,0.00046139906350791028,0.0014297956468484357,0.0
James O'Shaughnessy,TE,KC,2.9948199967192632,4500.0,0.93229653940043333,0.048925781561943119,0.013748196731557716,0.0022035900400701664,0.00066747742371140925,0.00051236798073814489,0.0016460468615457663,0.0
Randall Telfer,TE,CLE,2.9924732545352399,4500.0,0.93200055425540873,0.05008622092908066,0.012930191868007316,0.0021384257068842701,0.00061588861672912684,0.00054497093393219534,0.0016837476899573141,0.0
MyCole Pruitt,TE,MIN,2.9849674405143642,4500.0,0.93227871062386869,0.050187123647016545,0.012888960867051116,0.0020217527866879911,0.0005352816748774563,0.00050069996070294966,0.00158747043979473,0.0
Ifeanyi Momah,TE,ARI,2.9839085193876813,4500.0,0.93352136499322358,0.048662491141679365,0.012903668570021889,0.0020864152003128816,0.00059311334309925651,0.00055598484222020182,0.0016769619094425378,0.0
Neal Sterling,TE,JAC,2.9784803726865956,4500.0,0.93427626122655205,0.048220496825200368,0.012602038529054792,0.002096657438894067,0.00057269932490121094,0.00054418148157168403,0.0016876651738252303,0.0
Mychal Rivera,TE,OAK,2.9742381926786923,4500.0,0.93485326753940745,0.047580656320297669,0.012829212818240343,0.0020085458207954065,0.00054867197096698957,0.00051964314279234964,0.0016600023874991474,0.0
Orson Charles,TE,DET,2.970745498299499,4500.0,0.93533048202534141,0.047126113871293715,0.01285340190082125,0.0019972707042790728,0.00055775825292904131,0.00052265948817822741,0.0016123137571568346,0.0
Asante Cleveland,TE,SD,2.9419743215933503,4500.0,0.93953670345751683,0.043551046799417147,0.012406986488567641,0.0020280462358279205,0.00058609178211462877,0.00046065022095754881,0.0014304750155981025,0.0
Brandon Williams,TE,SEA,2.9363244178563805,4500.0,0.94043388538178818,0.042975073419370055,0.012249134088724259,0.0018939056363412152,0.0004377936711720928,0.00047180022411742983,0.0015384075784859728,0.0
