name,pos,team,expectation,salary,prob_0_5,prob_5_10,prob_10_15,prob_15_20,prob_20_25,prob_25+
Jordan Reed,TE,WAS,14.66841481484332,7400.0,0.14804205145870974,0.23422177221592311,0.16063480582566136,0.13940845501623339,0.12849836336464471,0.1891945521188278
Greg Olsen,TE,CAR,10.926589834398031,7500.0,0.26829448910574699,0.25926098528781494,0.20357124093076606,0.12008334626281758,0.08528523112246704,0.063504707290387583
Gary Barnidge,TE,CLE,10.685460653483732,6300.0,0.236723317104271,0.22893113003822227,0.32327810656959688,0.13067668916040825,0.032379065599405461,0.048011691528096791
Delanie Walker,TE,TEN,10.646290254221466,6500.0,0.2918276016325077,0.22682888093856651,0.25924624739641439,0.08513880541033933,0.05627206422898183,0.080686400393190499
Antonio Gates,TE,SD,9.600639421211449,6200.0,0.2752061715721848,0.33871784264762855,0.2047602033216683,0.096412081759802523,0.04186511382166417,0.043038586877052025
Travis Kelce,TE,KC,9.4040913676104072,6400.0,0.28862916559940693,0.29523621639209396,0.24788052663944496,0.10247328146262724,0.046502890068917273,0.019277919837509417
Austin Seferian-Jenkins,TE,NYJ,8.9385847587779566,5400.0,0.33837769915462634,0.32886266946538573,0.15542302766199759,0.080871093901512911,0.076932603820717482,0.019532905995760318
Coby Fleener,TE,NO,8.686248101652227,5400.0,0.40740152968272009,0.27248716020579561,0.1453576715821166,0.082667831036602621,0.03438541361321884,0.05770039387954664
Zach Ertz,TE,PHI,8.460186934370153,5700.0,0.36474575029236372,0.34697625852371494,0.11412214131013407,0.1107891979644479,0.032384007709994889,0.030982644199344822
Will Tye,TE,NYG,8.0915375058846983,5200.0,0.41357941712867591,0.29381684760717341,0.15841460641060007,0.06348796263711444,0.036308278244961308,0.034392887971475432
Jason Witten,TE,DAL,7.9526100057357629,5500.0,0.44961815951728057,0.27662438500290265,0.13683167668443846,0.059673674503075952,0.025047282195367553,0.052204822096934958
Jacob Tamme,TE,ATL,7.7788435310177118,5000.0,0.47125660748729103,0.25134290145389115,0.14385182395723778,0.061892097085129986,0.027236984502465152,0.044419585513985005
Julius Thomas,TE,JAC,7.6891245955285932,5800.0,0.46192591547379619,0.25603573758170145,0.1570971197213045,0.059611859127589525,0.037887475779404371,0.027441892316204353
Richard Rodgers,TE,GB,7.6584143518182142,4800.0,0.48167443538851884,0.25280095350203807,0.11127708847497016,0.087676454213146862,0.039556964834405878,0.027014103586920094
Zach Miller,TE,CHI,7.5012281321983139,5300.0,0.47318421316101006,0.24826024399836541,0.16139035661733148,0.057573955505141668,0.041473350899548365,0.018117879818603164
Kyle Rudolph,TE,MIN,7.3245713956270038,5300.0,0.48387826933836214,0.193306781818852,0.23393407318477955,0.056276528996217531,0.028111969360612082,0.0044923773011776285
Eric Ebron,TE,DET,7.1434713645701526,5100.0,0.49343114070418181,0.26421518917516817,0.13955342180965497,0.05374549835372297,0.021138004727976539,0.027916745229295471
Brent Celek,TE,PHI,7.0766211262058354,4900.0,0.49014587863663378,0.29170627211390271,0.11098743958964748,0.055451971006479576,0.023255032338151547,0.028453406315184889
Clive Walford,TE,OAK,6.6770850722710087,4700.0,0.55741458860276605,0.24642863864322281,0.10325956617209567,0.033331459895875146,0.015353869651039437,0.044211877035000881
Jimmy Graham,TE,SEA,6.5995851150531859,6100.0,0.65567657776105526,0.1290987335968819,0.08053993349692104,0.0652824960616082,0.013120361182577801,0.056281897900955509
Tyler Kroft,TE,CIN,6.5659565354419236,4900.0,0.56008017436124813,0.22247197952859166,0.11960695037636748,0.051771680092808338,0.034155691676291081,0.011913523964693714
Maxx Williams,TE,BAL,6.5220667918511186,4800.0,0.54363295043650961,0.25890971977583344,0.099570027880473005,0.059774275423026865,0.023524375856419043,0.014588650627737565
Martellus Bennett,TE,NE,6.4521061906587391,5100.0,0.69339196958255056,0.11367017304068525,0.07684483871322853,0.024303329971643063,0.0087970457097843908,0.082992642982107817
Dwayne Allen,TE,IND,6.3503442345556858,5500.0,0.66320020287096126,0.13097917073483922,0.085447964770211507,0.058224313264474158,0.017220934955115775,0.044927413404397876
Cameron Brate,TE,TB,6.2889742844629026,4600.0,0.5934919843569445,0.18450811307431794,0.14311148845114335,0.040377558191388774,0.026623187289219166,0.011887668636986554
Charles Clay,TE,BUF,6.2766299637337042,5000.0,0.69751278538918815,0.12459600234206768,0.0598835307101886,0.033023387694270129,0.013028703419942793,0.071955590444342868
Dennis Pitta,TE,BAL,5.8343971090861633,4900.0,0.73061547035301155,0.12631418688530693,0.037871927142158833,0.021626353620990982,0.017917990208021806,0.065654071790509583
Crockett Gillmore,TE,BAL,5.8343971090861633,4900.0,0.73061547035301155,0.12631418688530693,0.037871927142158833,0.021626353620990982,0.017917990208021806,0.065654071790509583
Larry Donnell,TE,NYG,5.7843316059727048,4900.0,0.72826962906285986,0.13147690864165634,0.040217045844509532,0.021570723901858643,0.012085313587286546,0.066380378961828718
Jordan Cameron,TE,MIA,5.7429268166756655,5000.0,0.60974771243616022,0.22963193833592171,0.094574510330412573,0.042590214970014841,0.01524436020911266,0.0082112637183782092
Darren Fells,TE,ARI,5.5989299255302187,4700.0,0.65965904577024337,0.1961796953870088,0.068436938298289646,0.038893153835917682,0.014102881928002889,0.022728284780538174
Jared Cook,TE,GB,5.4984450021395759,5300.0,0.67888529865109748,0.14117988934439818,0.12013998247182038,0.035449883028272219,0.0098452354670022675,0.01449971103741006
Gavin Escobar,TE,DAL,5.4635017326325155,4500.0,0.7877593730674447,0.079292583077128137,0.047600042082380827,0.0016047945071377362,0.0053227405663409024,0.078420466699567329
Vance McDonald,TE,SF,5.4600937442341175,4700.0,0.63881821547456763,0.21885044620571517,0.090730262456795482,0.026400553322845435,0.01349649494140159,0.01170402759867489
Niles Paul,TE,WAS,5.2064663639914484,4700.0,0.76674380487437355,0.10661414204611565,0.056835855141209736,0.011135572510957448,0.0057524241998360391,0.052918201227507622
Lance Kendricks,TE,LARM,5.1912984632737249,4700.0,0.69155978865173784,0.17857444248821858,0.070628749957196979,0.036076900655044729,0.005603542952012072,0.01755657529578997
Stephen Anderson,TE,HOU,5.1550420525530436,0.0,0.78442523931127917,0.10499580868854901,0.039261365585927181,0.0028013186860385403,0.0034954240489423129,0.065020843679264084
Demetrius Harris,TE,KC,5.1231798294860154,4500.0,0.74428973711833113,0.14635314262337759,0.048034228372087359,0.011383422463268875,0.0016332479748321642,0.048306221448103065
Ryan Griffin,TE,HOU,5.0924226524612122,4700.0,0.70006901328122262,0.16433852959173448,0.084135351137544723,0.030295970084738038,0.010818291152593945,0.010342844752165768
Logan Paulsen,TE,CHI,5.0460277444291073,4500.0,0.80194979527971488,0.095724057961091166,0.029570209802595691,0.0026685363363716207,0.0041015407907073224,0.065985859829518975
Dion Sims,TE,MIA,5.0419867499197029,4600.0,0.68628805446406471,0.19386346830558096,0.070971621072184521,0.030821229803834893,0.010151181649190167,0.0079044447051450101
Brandon Bostick,TE,NYJ,4.9835578719748046,4500.0,0.81330854215167103,0.084691993081765393,0.029674008530333102,0.0021507404491974444,0.00465423603022516,0.065520479756807345
Austin Hooper,TE,ATL,4.9302929226193264,4500.0,0.80757798588615648,0.079686551730631466,0.05043117492204896,0.001343420195120992,0.0033249139664340527,0.057635953299607412
Jermaine Gresham,TE,ARI,4.8571035059745489,4500.0,0.71940143152519354,0.17152374441081111,0.062965456274467146,0.020723948945025907,0.015132896822425957,0.010252522022076535
Marqueis Gray,TE,MIA,4.8402393153395646,4500.0,0.82805201762067149,0.075277167454305127,0.0281102278898917,0.0022276440274953909,0.0017974072868408716,0.064535535720794998
James O'Shaughnessy,TE,KC,4.834775739638471,4500.0,0.80892381146384607,0.088687426555259727,0.041078321618592033,0.0020933811535636861,0.006254361369128953,0.052962697839608781
Tyler Higbee,TE,LARM,4.8314120205400437,0.0,0.81030825227979619,0.095556703491276138,0.030420556877287924,0.0033823503010513047,0.0019231492939389963,0.058408987756649364
Vernon Davis,TE,WAS,4.7391181063470658,4800.0,0.75394664412019319,0.13808159964183922,0.052424936071496724,0.032724155653452831,0.0073936400408681109,0.015429024472149907
Garrett Celek,TE,SF,4.7188486096550113,4500.0,0.82390834725021067,0.090636181648985348,0.02207137358699518,0.0027219625269660941,0.0024857694070815118,0.058176365579760532
Luke Willson,TE,SEA,4.718149088419155,4800.0,0.77812550341941844,0.11644399771616007,0.055087987123733674,0.011018657747876207,0.01266539748748511,0.026658456505326875
Cole Wick,TE,DET,4.6965599040136752,0.0,0.81589345716765038,0.082889253388436432,0.04675360686227923,0.0021252505709972698,0.0051523980764324436,0.047186033934203786
Scott Simonson,TE,CAR,4.6194838063786712,4500.0,0.82658135554718282,0.084422332209576859,0.032889881902863287,0.0024859161252423941,0.0018656541909648759,0.05175486002416891
Justin Perillo,TE,GB,4.615318502882503,4600.0,0.82788086914835501,0.073469509543282949,0.043573625895198205,0.0041501429987438184,0.0046327518255064679,0.046293100588912853
Marcedes Lewis,TE,JAC,4.5945573282467844,4600.0,0.74815676193297642,0.15381489457495315,0.058929749838255364,0.020946385486434151,0.0063631258983164306,0.011789082269064931
Josh Hill,TE,NO,4.5928105714917082,4500.0,0.74990154410545429,0.13824431317708147,0.087179327101107304,0.0040970340870167847,0.0092208629887064325,0.011356918540633918
Brandon Myers,TE,TB,4.5742673518136856,4500.0,0.82088684270424661,0.085626009906990583,0.042773170937278761,0.002115543397686707,0.0056576768808537696,0.042940756172942816
Hunter Henry,TE,SD,4.5353396474173602,4500.0,0.8247104200344475,0.080165583382325142,0.046390265736392225,0.0022069470733450344,0.0051329454591196996,0.041393838314369796
Sean McGrath,TE,SD,4.5353396474173602,4500.0,0.8247104200344475,0.080165583382325142,0.046390265736392225,0.0022069470733450344,0.0051329454591196996,0.041393838314369796
Brandon Williams,TE,SEA,4.4210139492645482,4500.0,0.83261146760631288,0.079174764057342459,0.042658020941640007,0.0017390704368869725,0.0045886121874591417,0.039228064770357965
C.J. Uzomah,TE,CIN,4.3895269022583179,4500.0,0.84620984861654924,0.065316187729792766,0.040809886093978863,0.0016870714817283951,0.0039768243010224764,0.042000181776927652
David Johnson,TE,PIT,4.1805667390541377,4500.0,0.82030135321219222,0.086561314536192938,0.065799599094896383,0.0075522712208053447,0.0036312882571377897,0.016154173678774961
Troy Niklas,TE,ARI,4.1135031672564395,4500.0,0.82370603025008338,0.11304139673041178,0.032700884286133609,0.0035538183203572106,0.0013933388775334979,0.02560453153548066
Ed Dickson,TE,CAR,4.0144253800160481,4500.0,0.83785618094830461,0.10400506136533286,0.024269855651865697,0.0050403491010170918,0.0089235086363091166,0.019905044297171454
Luke Stocker,TE,TB,3.9716690500447172,4500.0,0.82012240295028904,0.10295838711669346,0.055965158527299504,0.0099523307147201534,0.0054204897614984864,0.0055812309294993191
Levine Toilolo,TE,ATL,3.9410126044192468,4600.0,0.80599171202906839,0.13163314249169084,0.044886037230976776,0.0090387608492373747,0.0025707156126421743,0.0058796317863848112
Lee Smith,TE,OAK,3.8183725080129296,4500.0,0.84031371470290783,0.10380157686038997,0.036376620109182141,0.0044949974181864253,0.0014307622773886638,0.013582328631943674
Geoff Swaim,TE,DAL,3.8147286612084428,4500.0,0.85020476387418387,0.090422286514328515,0.03902153272773469,0.0022069503637250276,0.0028628034194246241,0.0152816631006034
Anthony Fasano,TE,TEN,3.7332216265826905,4500.0,0.82872931999806465,0.1186819467395295,0.036332276762185971,0.011720838528751752,0.0025427803909587455,0.0019928375805092946
Virgil Green,TE,DEN,3.7214605960658629,4600.0,0.83569799098782216,0.1067434934024275,0.043160789680613008,0.0081577646832898913,0.0044460538295880911,0.0017939074162593711
C.J. Fiedorowicz,TE,HOU,3.7109020416194576,4500.0,0.849924372461204,0.089097342874752836,0.042722948455183131,0.01051532579486196,0.0026088609158020182,0.0051311494981957475
Jim Dray,TE,BUF,3.6832569038701108,4500.0,0.84407343394737622,0.1119467636371229,0.026337821899040298,0.0073565699554824235,0.0014677893325179825,0.0088176212284599171
Nick O'Leary,TE,BUF,3.4017704206003114,4600.0,0.89840594420328568,0.061705679308957137,0.022117115388120789,0.0062956067122368923,0.0018509180388463582,0.0096247363485534605
Rhett Ellison,TE,MIN,3.3978583872992743,4500.0,0.89579588091782913,0.0628478271795474,0.021979204558412953,0.0094431481566298603,0.0052336992443060134,0.0047002399432736781
Jack Doyle,TE,IND,3.3793107047220516,4500.0,0.88071638852133605,0.081400210147906438,0.027976077516150361,0.0040816565824901051,0.0028635301438487892,0.0029621370882676073
Phillip Supernaw,TE,TEN,3.3761722726571843,4500.0,0.87711619557162679,0.08633568314930036,0.028962314272180739,0.0024985645827557048,0.0019577630311727475,0.0031294793929634132
Cory Harkey,TE,LARM,3.3561414803767637,4500.0,0.88008906430126255,0.087154558194803083,0.023515857981766749,0.0042111654760088185,0.00073824474180075373,0.0042911093043573904
Blake Bell,TE,SF,3.3367478745008259,4500.0,0.88793895397559208,0.073972900084273194,0.029659734881910954,0.0036449256065300057,0.00079499902598777097,0.0039884864257058129
Kellen Davis,TE,NYJ,3.3223079201150632,4600.0,0.90608349180144143,0.05534169735673608,0.024335922727565337,0.0034676043396017079,0.0038111906809323881,0.00696009309372231
Jesse James,TE,PIT,3.191620412156694,4500.0,0.91918020238125553,0.052404214155941896,0.014593782801292532,0.0047193423003318294,0.0029380160340721673,0.0061644423271055892
