name,pos,team,expectation,salary,prob_0_5,prob_5_10,prob_10_15,prob_15_20,prob_20_25,prob_25_30,prob_30+,label
Travis Kelce,TE,KC,10.11138273520376,6900.0,0.25620100252886968,0.30295671930456525,0.23524162090451603,0.1154157054560643,0.057642955079002391,0.026336886321624006,0.0062051104053587412,1.0
Tyler Eifert,TE,CIN,9.5157788211671797,7200.0,0.31238271179918659,0.29402295225162844,0.19652803379687617,0.12507210945287575,0.034923744740797819,0.026528316443262676,0.010542131515372779,0.0
Cameron Brate,TE,TB,9.0280762612499714,5700.0,0.30909250454743559,0.33437086498232937,0.20103340537818756,0.092375277737462375,0.035954349889939875,0.018929359854036307,0.0082442376106094881,1.0
Kyle Rudolph,TE,MIN,8.9055376879934656,5800.0,0.31578408909806566,0.32593975075869863,0.20598587200543064,0.094663226733577702,0.032845894114420675,0.022169867475348159,0.002611299814458018,1.0
Martellus Bennett,TE,NE,8.4896015794147903,5500.0,0.39296983962461979,0.28372969298459166,0.16768769182937637,0.089965855746361609,0.031107022590428763,0.02667983354748734,0.0078600636771348729,0.0
Eric Ebron,TE,DET,8.2568262545724664,5800.0,0.38586704579973402,0.26945933478182515,0.21779458379876554,0.083115028886006762,0.029920473760552267,0.0084621316602326753,0.0053814013128837485,0.0
Coby Fleener,TE,NO,8.1056536325969599,5100.0,0.3789082799998178,0.29151348853840892,0.21784700455928657,0.07017418263762365,0.03020117214502175,0.0074781176063461541,0.0038777545134955709,0.0
Jason Witten,TE,DAL,7.9151502568854477,5000.0,0.42531345154644074,0.3097294316058456,0.12190065728892961,0.080559082465712362,0.034692915171073223,0.021119070254024552,0.0066853916679741497,0.0
Ladarius Green,TE,PIT,7.8082935762123515,5600.0,0.43175887103678395,0.2775981005296409,0.15972031645403087,0.08601980028042637,0.027041482896808969,0.011803091892504223,0.0060583369098048028,0.0
Zach Ertz,TE,PHI,7.6204640705601516,5900.0,0.40808678527889808,0.32659350808731241,0.15484495989356714,0.072168375621516651,0.023120006941908397,0.013258090362521764,0.0019282738142755776,0.0
Delanie Walker,TE,TEN,7.6046793399208248,6100.0,0.44294409527551665,0.2899019623649326,0.15345373852634142,0.063036872013726472,0.025189177973692894,0.020881932911357624,0.0045922209344323884,0.0
Hunter Henry,TE,SD,7.121137255512731,5200.0,0.47271882819873429,0.2781149930868772,0.1532955677160662,0.062263030263377643,0.020456491878537923,0.0097172088582613472,0.0034338799981454282,0.0
Antonio Gates,TE,SD,7.0505732458330908,5300.0,0.48791479421590389,0.26132604698901529,0.14985347677714619,0.072291899711226071,0.016689797915830005,0.0080394271429306066,0.0038845572479476132,0.0
C.J. Fiedorowicz,TE,HOU,6.5706199379960619,5000.0,0.5130410801881462,0.28202747886507873,0.12826365896054251,0.048527011413625129,0.013919618342586346,0.012085204195541564,0.0021359480344799609,0.0
Dwayne Allen,TE,IND,6.4483110506857244,5300.0,0.5469373348212464,0.23013872366929361,0.1426393588608722,0.056315861848861393,0.016512019514372048,0.0061463021418456439,0.0013103991435086618,0.0
Dennis Pitta,TE,BAL,6.1432751279362723,4800.0,0.55684362296804757,0.25761170238436643,0.11806589448146794,0.044996525744455958,0.014921003924282781,0.0059401246156729308,0.0016211258817059703,0.0
Levine Toilolo,TE,ATL,5.9860866321991351,4700.0,0.58277157766470211,0.22472063032288789,0.14081005886024964,0.031509947294867377,0.010123964301377643,0.0063759738714156203,0.0036878476844998324,0.0
Jack Doyle,TE,IND,5.9211482199886518,4500.0,0.60187271757477356,0.21783790170019271,0.10972799236509724,0.05010634505355066,0.0090492760134253739,0.0091452460341708234,0.0022605212587900516,0.0
Jermaine Gresham,TE,ARI,5.8343858882666915,4500.0,0.57760477739207172,0.266506115743255,0.10026388191679235,0.032693248985368066,0.01493847183757885,0.0066320753613274986,0.0013614287636063865,0.0
Clive Walford,TE,OAK,5.6736366783159378,4500.0,0.60245214506204459,0.24489058030203101,0.10278617413914404,0.027223397333777093,0.013676169762251734,0.0069502873815695922,0.0020212460191818796,0.0
Trey Burton,TE,PHI,5.6172127777707832,4500.0,0.61281779072614284,0.23409819120113964,0.10094540797370198,0.033203756910237157,0.011838992151083453,0.0037578584496349618,0.003338002588060409,0.0
Ryan Griffin,TE,HOU,5.412025019849902,4500.0,0.62893171198548037,0.22695690383460471,0.10131142826667804,0.025542090607349233,0.012381553172659638,0.0033488465177624999,0.001527465615464813,0.0
Mychal Rivera,TE,OAK,5.1892208784000626,4500.0,0.66038981938298635,0.20272239921193361,0.097126281096059766,0.025364761175419401,0.0092371411435786983,0.0038073471731716753,0.0013522508168504529,0.0
A.J. Derby,TE,DEN,5.1448978807642964,4500.0,0.6905964863563635,0.17893020340312546,0.079679936394324635,0.032156273129042068,0.0074906084333490382,0.0054626353360726814,0.0056838569477228569,0.0
Jared Cook,TE,GB,5.1227203546717019,4900.0,0.66903370164432419,0.2055164896247198,0.083133506827882453,0.025339314084570061,0.010625753586543156,0.0046956076358470513,0.0016556265961134649,0.0
Daniel Brown,TE,CHI,5.0856242375948089,4500.0,0.68597580958782789,0.18383315941528372,0.085818122599104846,0.026165418123301656,0.010053484676049764,0.0067038577056314878,0.0014501478928010422,0.0
Neal Sterling,TE,JAC,4.9032930014558458,4500.0,0.69228524802043057,0.1930676232304511,0.071602326679810258,0.03399274208799459,0.0051792165763480287,0.0023215006670366306,0.0015513427379289821,0.0
Charles Clay,TE,BUF,4.5628784817203245,4500.0,0.75790796492311752,0.13490411824053294,0.065579209710257033,0.029042953772560172,0.0067717705388438782,0.0035757820570077371,0.0022182007576804917,0.0
Will Tye,TE,NYG,4.5246909886438971,4500.0,0.73483487522985236,0.16973862642691781,0.065897515392738831,0.020784526010359981,0.0048084968222071043,0.002511177046685951,0.0014247830712378071,0.0
Vance McDonald,TE,SF,4.521350799821926,4600.0,0.76679490975767506,0.1269029713010657,0.067557864569092546,0.024565885214973812,0.0078277011131574429,0.0026908952390969241,0.0036597728049382688,0.0
Josh Hill,TE,NO,4.4512655174729909,4500.0,0.7805330236236091,0.13923322465872306,0.044216724323370142,0.01516758034161419,0.0060536266326795254,0.0022024333976337937,0.012593387022370041,0.0
David Johnson,TE,PIT,4.2740940814644981,4500.0,0.76571201613375994,0.15212795247177299,0.060597137073406866,0.011649567548454804,0.0056940871694468737,0.0024356793795813469,0.0017835602235775506,0.0
Erik Swoope,TE,IND,4.2515302150767091,4500.0,0.79040306418265516,0.11997781951016442,0.056070100443902017,0.022894773570137972,0.0066184634480996839,0.0021351429188064919,0.0019006359262350538,0.0
Seth DeValve,TE,CLE,4.2088745143268023,4500.0,0.77300819721628633,0.15285171136051748,0.0484147542385161,0.017071707937062554,0.0053991594876884657,0.0012480881157795486,0.0020063816441494697,0.0
Ben Koyack,TE,JAC,4.166051743284787,4500.0,0.77683746216890404,0.14854484837014309,0.052868034605219542,0.014639806296035058,0.0038264179039433736,0.0010919724599370811,0.0021914581958171761,0.0
Gary Barnidge,TE,CLE,4.1336646735351437,4500.0,0.78782811835131838,0.13473182403519457,0.050923584397381969,0.021209874969740136,0.0025372001748604454,0.0010837141309163064,0.0016856839405886843,0.0
Austin Hooper,TE,ATL,3.9945628705384162,4600.0,0.81144043903459284,0.128261796586983,0.036990309953984293,0.012531033172376416,0.0032113584223058072,0.0019608559913624778,0.0056042068383949121,0.0
Darren Waller,TE,BAL,3.9122393442059291,4500.0,0.82591635274416964,0.099228491701698715,0.052781124201501363,0.015888270167017795,0.0033420199659222761,0.0012400530374971806,0.0016036881821932091,0.0
Jesse James,TE,PIT,3.8897443474687701,4500.0,0.81505824973643304,0.11608915992026796,0.053261044357223904,0.010958003398408073,0.0023569315487596059,0.001174724856080498,0.0011018861828266356,0.0
Garrett Celek,TE,SF,3.8215094470873212,4500.0,0.84470748605523382,0.093798515442510819,0.038613208267319107,0.010862444701977111,0.0057624562722943329,0.0020156546327413189,0.0042402346279231153,0.0
Richard Rodgers,TE,GB,3.7862320274188423,4600.0,0.83542734256466433,0.10283634295028726,0.043951004415023504,0.011386192935965066,0.0030341702143872945,0.0011062406265893721,0.0022587062930835319,0.0
Blake Bell,TE,SF,3.5871678742979261,4500.0,0.86232183707182108,0.089703477910589066,0.03138335152443289,0.011030284760061796,0.0012130881689562736,0.00082770448185587927,0.003520256082283128,0.0
Nick O'Leary,TE,BUF,3.5261564668499101,4500.0,0.86388443987202246,0.087732827206679034,0.036565789646755026,0.0068229782891650066,0.0030279787080357253,0.00066191575504829321,0.0013040705222944018,0.0
Anthony Fasano,TE,TEN,3.4663120879922786,4500.0,0.87341721700574049,0.082061594847299663,0.031790369867672225,0.0078095835623223659,0.0026227235048335192,0.00082658971289650753,0.001471921499235069,0.0
Jerell Adams,TE,NYG,3.4569072622673325,4500.0,0.86904326428300172,0.089531366241378668,0.030225695762030033,0.0076577562463876507,0.0014452976807784162,0.0006558622573346383,0.0014407575290889094,0.0
Darren Fells,TE,ARI,3.3495905272933575,4500.0,0.88241960771036287,0.081813098938744749,0.026008406023257692,0.0067650943921662293,0.0011332446544084919,0.00055575409840997341,0.0013047941826505572,0.0
Ben Braunecker,TE,CHI,3.3170060366023471,4500.0,0.88618417964504381,0.082136511049420866,0.021860455418696016,0.0059961337186792939,0.001754535838621529,0.0006039714792471241,0.0014642128502917848,0.0
John Phillips,TE,NO,3.2995250702320442,4500.0,0.89110141428975054,0.076619918120572686,0.022757477523847946,0.0050568586116492729,0.0021439264840029428,0.00070584879931320712,0.0016145561708637696,0.0
Stephen Anderson,TE,HOU,3.2989047532261737,4500.0,0.88811980639103616,0.083279165430293622,0.018259536730532225,0.0065552824346347743,0.0012320641531656218,0.00080888916992254698,0.0017452556904149511,0.0
Julius Thomas,TE,JAC,3.296097442714196,4900.0,0.90080587705033566,0.062712700677851674,0.024663695312962679,0.007238336126611661,0.0012523917124165178,0.00078044817952149282,0.0025465509403005465,0.0
Demetrius Harris,TE,KC,3.2856492562270878,4500.0,0.89448968115006022,0.076080554813853729,0.019187683539514468,0.0040075352802543306,0.0024120500103677854,0.0025620635789152619,0.0012604316270344986,0.0
Rhett Ellison,TE,MIN,3.2687507275741519,4500.0,0.89513179287847833,0.071650906746735146,0.023779977909116835,0.0064765484916957435,0.0014528063105282831,0.00033558505315944994,0.0011723826102867127,0.0
Alan Cross,TE,TB,3.2659687343775494,4500.0,0.89875838408145436,0.065500969892336239,0.025890723739458572,0.0068477955152588576,0.0013666027650904096,0.00048624942899811553,0.0011492745774042137,0.0
Brent Celek,TE,PHI,3.2591313574127754,4500.0,0.89960227583754637,0.065835273887886153,0.026255095019073114,0.0045871253129580953,0.0014615792876434936,0.00053874319315386579,0.0017199074617392132,0.0
Logan Paulsen,TE,CHI,3.2316139092768457,4500.0,0.90571429063075071,0.060490062906504126,0.024461474630602744,0.0053046144268379678,0.0015393261898298581,0.00089858750183797727,0.0015916437136363651,0.0
Brandon Myers,TE,TB,3.1688207765852483,4500.0,0.90429228434330311,0.070364905080398762,0.0189960560786799,0.0039143126788509326,0.0005288365613757409,0.00054972025054307702,0.0013538850068491742,0.0
Randall Telfer,TE,CLE,3.1621780100504391,4500.0,0.91359426966053492,0.057212180455745769,0.018191402936985665,0.0088301048961424711,0.00051155538764205411,0.00032605591186407606,0.0013344307510853243,0.0
Jacob Tamme,TE,ATL,3.1588472832423191,4500.0,0.9080516455384906,0.065075571282669831,0.021535800446093878,0.0024861403162144643,0.00064489052727397683,0.00050292390953809822,0.0017030279797194186,0.0
James O'Shaughnessy,TE,KC,3.1369255849581417,4500.0,0.9145546847622964,0.061899075471651611,0.016442626412244442,0.0022750397280698912,0.00065755336542489017,0.0026441170949723937,0.0015269031653409892,0.0
Gavin Escobar,TE,DAL,3.0951953283098459,4500.0,0.92157310704127204,0.05627431844610549,0.014718054083699778,0.0025409302810145968,0.0017726707194210987,0.001113873971620206,0.0020070454568668849,0.0
Xavier Grimble,TE,PIT,3.0647287651447983,4500.0,0.922281928475019,0.05789815234976619,0.013841560431606961,0.0024736728575412577,0.00076349713791508769,0.00061883611419417245,0.0021223526339575961,0.0
Phillip Supernaw,TE,TEN,3.0456070583756114,4500.0,0.92599988670115863,0.053510669519253401,0.014314762638643607,0.0030420718652603537,0.00062637092064097351,0.00062735447169562342,0.0018788838833474783,0.0
James Hanna,TE,DAL,3.042733031648543,4500.0,0.92474866726328087,0.056326692570881728,0.013349959419459176,0.0022524725953679721,0.00063451715145017057,0.00083032197942835945,0.0018573690201325683,0.0
Geoff Swaim,TE,DAL,3.042733031648543,4500.0,0.92474866726328087,0.056326692570881728,0.013349959419459176,0.0022524725953679721,0.00063451715145017057,0.00083032197942835945,0.0018573690201325683,0.0
Jace Amaro,TE,TEN,3.0420237431549921,4500.0,0.92623655241744163,0.053242497987381884,0.015112030261386784,0.0022292302635444753,0.00057623223442376857,0.00065126602688508548,0.0019521908089367443,0.0
Luke Stocker,TE,TB,3.0400849670417092,4500.0,0.92766358214098021,0.051340740417571751,0.013619868385738676,0.0046410917869957879,0.00058426578848439143,0.00053450461141574214,0.0016159468688136899,0.0
Matt Spaeth,TE,PIT,3.0320354445576192,4500.0,0.92656605960995164,0.054460491235797999,0.01351570282744077,0.0022526618967546614,0.00072951497756558123,0.00056803668057936571,0.0019075327719108681,0.0
Paul Lang,TE,PIT,3.0320354445576192,4500.0,0.92656605960995164,0.054460491235797999,0.01351570282744077,0.0022526618967546614,0.00072951497756558123,0.00056803668057936571,0.0019075327719108681,0.0
Michael Hoomanawanui,TE,NO,3.0297390062598342,4500.0,0.92741326184295414,0.051751539973240793,0.015827894078756972,0.0021876717441717533,0.00060064611396526543,0.00056569144806038448,0.0016532947988513152,0.0
Garrett Griffin,TE,NO,3.0297390062598342,4500.0,0.92741326184295414,0.051751539973240793,0.015827894078756972,0.0021876717441717533,0.00060064611396526543,0.00056569144806038448,0.0016532947988513152,0.0
Jake Stoneburner,TE,NO,3.0297390062598342,4500.0,0.92741326184295414,0.051751539973240793,0.015827894078756972,0.0021876717441717533,0.00060064611396526543,0.00056569144806038448,0.0016532947988513152,0.0
Matt Lengel,TE,NE,3.0241753406321314,4500.0,0.92892756613514027,0.050306065569472973,0.01567865181231607,0.0021379349251284289,0.00059798814059063563,0.00061381041214448966,0.0017379830052077949,0.0
Kennard Backman,TE,NE,3.0241753406321314,4500.0,0.92892756613514027,0.050306065569472973,0.01567865181231607,0.0021379349251284289,0.00059798814059063563,0.00061381041214448966,0.0017379830052077949,0.0
Jim Dray,TE,BUF,3.0225098961435228,4500.0,0.92814616466242161,0.052977144390458947,0.013443895165016194,0.0022462975467503823,0.00079414293139285408,0.0005524862222359673,0.0018398690817247052,0.0
Crockett Gillmore,TE,BAL,3.0215820374921343,4500.0,0.92991041677710939,0.047394216286729296,0.018068747457209357,0.0020979873627118553,0.00049595170427676962,0.00047033019048352536,0.0015623502214797856,0.0
Maxx Williams,TE,BAL,3.0215820374921343,4500.0,0.92991041677710939,0.047394216286729296,0.018068747457209357,0.0020979873627118553,0.00049595170427676962,0.00047033019048352536,0.0015623502214797856,0.0
Nic Jacobs,TE,BAL,3.0215820374921343,4500.0,0.92991041677710939,0.047394216286729296,0.018068747457209357,0.0020979873627118553,0.00049595170427676962,0.00047033019048352536,0.0015623502214797856,0.0
Mitchell Henry,TE,BAL,3.0215820374921343,4500.0,0.92991041677710939,0.047394216286729296,0.018068747457209357,0.0020979873627118553,0.00049595170427676962,0.00047033019048352536,0.0015623502214797856,0.0
Virgil Green,TE,DEN,3.0190247170249802,4500.0,0.93145518398075977,0.04796045634020276,0.013540426578380699,0.0041634248516454492,0.00063546032819580768,0.00057419562999408598,0.0016708522908218096,0.0
Jeff Heuerman,TE,DEN,3.0180640955327003,4500.0,0.93054430325910609,0.04928290447214384,0.013284081721414523,0.0041685017466955758,0.00066495797296531832,0.00050847754684597889,0.0015467732808290956,0.0
David Morgan,TE,MIN,3.017512641156237,4500.0,0.92944367184889254,0.051222699390165646,0.012655393169257192,0.004147287207872931,0.00051320042995798166,0.00042732169395771354,0.0015904262598965947,0.0
Matthew Mulligan,TE,DET,3.0172280956416868,4500.0,0.92847669175381775,0.052713391836123301,0.013674863825131582,0.0021649567668735816,0.00058494289686296971,0.00063709082257777227,0.0017480620986137078,0.0
Ross Travis,TE,KC,3.0125837260439625,4500.0,0.9293427503795969,0.051797470748430788,0.013728615866202094,0.0021554358415414162,0.00065550249905240083,0.00060515674435216045,0.0017150679208249805,0.0
MyCole Pruitt,TE,CHI,3.0100968096009106,4500.0,0.92971955543847895,0.051522367962735696,0.013665128827920469,0.0021364899258205883,0.00062531630894998138,0.00059761246418228795,0.0017335290719126262,0.0
Tony Moeaki,TE,CHI,3.0100968096009106,4500.0,0.92971955543847895,0.051522367962735696,0.013665128827920469,0.0021364899258205883,0.00062531630894998138,0.00059761246418228795,0.0017335290719126262,0.0
Justin Perillo,TE,CHI,3.0100968096009106,4500.0,0.92971955543847895,0.051522367962735696,0.013665128827920469,0.0021364899258205883,0.00062531630894998138,0.00059761246418228795,0.0017335290719126262,0.0
Busta Anderson,TE,CHI,3.0100968096009106,4500.0,0.92971955543847895,0.051522367962735696,0.013665128827920469,0.0021364899258205883,0.00062531630894998138,0.00059761246418228795,0.0017335290719126262,0.0
Rob Housler,TE,CHI,3.0100968096009106,4500.0,0.92971955543847895,0.051522367962735696,0.013665128827920469,0.0021364899258205883,0.00062531630894998138,0.00059761246418228795,0.0017335290719126262,0.0
Kevin McDermott,TE,MIN,3.0073791747176108,4500.0,0.9323726174782222,0.048007243557244103,0.012779749824917485,0.0041141688820079134,0.0005649279817661572,0.00049435108641469351,0.0016669411894278455,0.0
Henry Krieger-Coble,TE,DEN,3.0057554772496622,4500.0,0.9305768827702533,0.050662512500555645,0.013642755389628433,0.0021501351392291209,0.00065206917947127011,0.00060486840070802616,0.0017107766201549272,0.0
Garrett Graham,TE,DEN,3.0057554772496622,4500.0,0.9305768827702533,0.050662512500555645,0.013642755389628433,0.0021501351392291209,0.00065206917947127011,0.00060486840070802616,0.0017107766201549272,0.0
Anthony Norris,TE,DEN,3.0057554772496622,4500.0,0.9305768827702533,0.050662512500555645,0.013642755389628433,0.0021501351392291209,0.00065206917947127011,0.00060486840070802616,0.0017107766201549272,0.0
Ifeanyi Momah,TE,ARI,3.003529855802312,4500.0,0.93090848914432389,0.050500671789754745,0.013489786192219235,0.0021353593160130888,0.00062916299640324925,0.00058963439716309518,0.0017468961641232553,0.0
Troy Niklas,TE,ARI,3.003529855802312,4500.0,0.93090848914432389,0.050500671789754745,0.013489786192219235,0.0021353593160130888,0.00062916299640324925,0.00058963439716309518,0.0017468961641232553,0.0
Lee Smith,TE,OAK,3.0029467777459224,4500.0,0.93126411012747801,0.050024214890287425,0.013553129917597054,0.0021790565186464005,0.0006202519654442644,0.00059622291171479154,0.0017630136688326806,0.0
Gabe Holmes,TE,OAK,3.0029467777459224,4500.0,0.93126411012747801,0.050024214890287425,0.013553129917597054,0.0021790565186464005,0.0006202519654442644,0.00059622291171479154,0.0017630136688326806,0.0
Cooper Helfet,TE,OAK,3.0029467777459224,4500.0,0.93126411012747801,0.050024214890287425,0.013553129917597054,0.0021790565186464005,0.0006202519654442644,0.00059622291171479154,0.0017630136688326806,0.0
Ryan O'Malley,TE,OAK,3.0029467777459224,4500.0,0.93126411012747801,0.050024214890287425,0.013553129917597054,0.0021790565186464005,0.0006202519654442644,0.00059622291171479154,0.0017630136688326806,0.0
Clay Harbor,TE,DET,3.0023955579874291,4500.0,0.93034647003861215,0.051565825997497226,0.013150528091004232,0.0019860462973193753,0.00054222113764292501,0.00078179924737310411,0.0016271091905514668,0.0
Danny Vitale,TE,CLE,3.0000149147187916,4500.0,0.93111077091694217,0.049928838923306046,0.013433964769486512,0.0031185783706952396,0.00048496126930190235,0.00039208205637343715,0.0015308036938951565,0.0
Khari Lee,TE,DET,2.9999640278268429,4500.0,0.93145303179956074,0.049743802837166777,0.013804367840801534,0.0021256959916059106,0.00058625932194933481,0.00063088838264728335,0.0016559538262687764,0.0
Brandon Pettigrew,TE,DET,2.9999640278268429,4500.0,0.93145303179956074,0.049743802837166777,0.013804367840801534,0.0021256959916059106,0.00058625932194933481,0.00063088838264728335,0.0016559538262687764,0.0
Andrew Quarless,TE,DET,2.9999640278268429,4500.0,0.93145303179956074,0.049743802837166777,0.013804367840801534,0.0021256959916059106,0.00058625932194933481,0.00063088838264728335,0.0016559538262687764,0.0
Orson Charles,TE,DET,2.9999640278268429,4500.0,0.93145303179956074,0.049743802837166777,0.013804367840801534,0.0021256959916059106,0.00058625932194933481,0.00063088838264728335,0.0016559538262687764,0.0
Cole Wick,TE,DET,2.9999640278268429,4500.0,0.93145303179956074,0.049743802837166777,0.013804367840801534,0.0021256959916059106,0.00058625932194933481,0.00063088838264728335,0.0016559538262687764,0.0
Jerome Cunningham,TE,TEN,2.9959962861723994,4500.0,0.93207038002032383,0.049858705944182513,0.012880479298704124,0.0022725370563552632,0.00058225880349257282,0.00049913759351428338,0.0018365012834279121,0.0
Beau Brinkley,TE,TEN,2.9959962861723994,4500.0,0.93207038002032383,0.049858705944182513,0.012880479298704124,0.0022725370563552632,0.00058225880349257282,0.00049913759351428338,0.0018365012834279121,0.0
Kivon Cartwright,TE,TB,2.9950382663908375,4500.0,0.9316338302202618,0.050272281888735754,0.013104990408015171,0.0021996982593372647,0.00057022966811636519,0.00051861665869866425,0.0017003528968354677,0.0
Andrew DePaola,TE,TB,2.9950382663908375,4500.0,0.9316338302202618,0.050272281888735754,0.013104990408015171,0.0021996982593372647,0.00057022966811636519,0.00051861665869866425,0.0017003528968354677,0.0
Anthony Denham,TE,PHI,2.9946129649504627,4500.0,0.93135355756836635,0.050579351541173267,0.013214275591285539,0.0020860087092208403,0.00058004835176953169,0.0005849718777292969,0.0016017863604555049,0.0
Chris Pantale,TE,PHI,2.9946129649504627,4500.0,0.93135355756836635,0.050579351541173267,0.013214275591285539,0.0020860087092208403,0.00058004835176953169,0.0005849718777292969,0.0016017863604555049,0.0
M.J. McFarland,TE,PHI,2.9946129649504627,4500.0,0.93135355756836635,0.050579351541173267,0.013214275591285539,0.0020860087092208403,0.00058004835176953169,0.0005849718777292969,0.0016017863604555049,0.0
Je'Ron Hamm,TE,SF,2.9908727704833802,4500.0,0.93196907282129837,0.050134190695606207,0.013026369379776952,0.0020817557892731813,0.00067575446818707427,0.0004628200647551643,0.0016500367811033958,0.0
Connor Hamlett,TE,CLE,2.9902364680661528,4500.0,0.93244483703028036,0.049681522292297949,0.012901978067978563,0.002135735130977538,0.00059955880397168169,0.00052001453870443378,0.0017163541357898061,0.0
Sean McGrath,TE,SD,2.9881595279920696,4500.0,0.93237120091194725,0.050186384730677831,0.012438925081727066,0.0022486692759696057,0.00054804194784469507,0.00047637483462000706,0.0017304032172144382,0.0
Tyler Kroft,TE,CIN,2.9876695174900187,4500.0,0.93450758188643002,0.047859508122568568,0.012314438593020902,0.0020376522015483349,0.00049193675845368972,0.00077528086395224367,0.002013601574026505,0.0
Asante Cleveland,TE,SD,2.9860998572482935,4500.0,0.9332228459967058,0.048852572848230441,0.01296555634299896,0.0021326763873829252,0.00063793265790410599,0.00049211757492905568,0.001696298191849176,0.0
Jeff Cumberland,TE,SD,2.9860998572482935,4500.0,0.9332228459967058,0.048852572848230441,0.01296555634299896,0.0021326763873829252,0.00063793265790410599,0.00049211757492905568,0.001696298191849176,0.0
Larry Donnell,TE,NYG,2.9843059556755893,4500.0,0.93211758620207918,0.05066383723040839,0.012464825126216342,0.0021146871328717059,0.00056553486974938387,0.00054429238448319023,0.0015292370541920271,0.0
Beau Sandland,TE,GB,2.9841128478182597,4500.0,0.93362936463495994,0.048436822156951595,0.01299373029786393,0.0021395344561355592,0.0005757042500710534,0.00052308058922492285,0.0017017636147933465,0.0
Darion Griswold,TE,IND,2.9809641719078011,4500.0,0.93389349156939894,0.048261349842132456,0.013015501353757224,0.0021034305486217842,0.00054571828385953326,0.000510658375925116,0.0016698500263052426,0.0
Chase Coffman,TE,IND,2.9809641719078011,4500.0,0.93389349156939894,0.048261349842132456,0.013015501353757224,0.0021034305486217842,0.00054571828385953326,0.000510658375925116,0.0016698500263052426,0.0
Nick Truesdell,TE,IND,2.9809641719078011,4500.0,0.93389349156939894,0.048261349842132456,0.013015501353757224,0.0021034305486217842,0.00054571828385953326,0.000510658375925116,0.0016698500263052426,0.0
Mike Miller,TE,IND,2.9809641719078011,4500.0,0.93389349156939894,0.048261349842132456,0.013015501353757224,0.0021034305486217842,0.00054571828385953326,0.000510658375925116,0.0016698500263052426,0.0
Matt LaCosse,TE,NYG,2.9805922218149972,4500.0,0.93403366277846622,0.048144918797795526,0.012924740106058333,0.0021515997057114399,0.00057304035498464067,0.00049410923625520405,0.0016779290207289553,0.0
Ryan Malleck,TE,NYG,2.9805922218149972,4500.0,0.93403366277846622,0.048144918797795526,0.012924740106058333,0.0021515997057114399,0.00057304035498464067,0.00049410923625520405,0.0016779290207289553,0.0
John Peters,TE,CIN,2.9795822913059387,4500.0,0.93419157958811483,0.048147236067988292,0.012797278575197491,0.0021153257474817314,0.00051430959567851163,0.00050087223224134169,0.0017333981932982031,0.0
C.J. Uzomah,TE,CIN,2.9795822913059387,4500.0,0.93419157958811483,0.048147236067988292,0.012797278575197491,0.0021153257474817314,0.00051430959567851163,0.00050087223224134169,0.0017333981932982031,0.0
Marcedes Lewis,TE,JAC,2.9765291162409242,4500.0,0.93441267019729024,0.04766245260756146,0.013228097262636601,0.0020797893791588838,0.00052959463258110792,0.00049242935831233256,0.0015949665624595821,0.0
E.J. Bibbs,TE,JAC,2.9765291162409242,4500.0,0.93441267019729024,0.04766245260756146,0.013228097262636601,0.0020797893791588838,0.00052959463258110792,0.00049242935831233256,0.0015949665624595821,0.0
