name,pos,team,expectation,salary,prob_0_5,prob_5_10,prob_10_15,prob_15_20,prob_20_25,prob_25_30,prob_30+,label
Julio Jones,WR,ATL,22.288528075440446,8400.0,0.06239011636973181,0.07748895721894182,0.038220661478618884,0.18946421340804862,0.071252892035991361,0.46487960675502671,0.096303552733640829,5.0
Mohamed Sanu,WR,ATL,18.096828096515733,5300.0,0.19648078111733011,0.10779220353452239,0.059331400960083991,0.16270424106267359,0.11204409889386377,0.26272385914662721,0.098923415284899036,5.0
Alshon Jeffery,WR,CHI,18.005479140981365,6700.0,0.17781031592503674,0.11476848595672845,0.10393903121384911,0.086285452615738292,0.1895145620760105,0.24559954381436713,0.082082608398269752,5.0
Tavarres King,WR,NYG,17.250448742573905,4500.0,0.19752598133090124,0.1126259681494691,0.12383539495705864,0.10414935654841574,0.19128697176596959,0.16436606224742581,0.10621026500075997,0.0
Stefon Diggs,WR,MIN,17.171927868016834,6300.0,0.086441308173272655,0.15056332587323418,0.30052962446274467,0.040821099274094982,0.23877661854008259,0.055632618050455523,0.12723540562611546,2.0
Taylor Gabriel,WR,ATL,16.459864642563904,5800.0,0.15451924438111073,0.19911529714842591,0.079673261139990195,0.20322629060783909,0.10104088540994052,0.19072929527427634,0.071695726038417396,3.0
Dontrelle Inman,WR,SD,16.449572238245135,5500.0,0.1188614709996819,0.23109742651739884,0.1090353101548205,0.18955925266177662,0.10604572884459096,0.16481302858863917,0.080587782233091973,1.0
Michael Thomas,WR,NO,16.446971990600911,6400.0,0.17992343038407765,0.1710405272573636,0.15151837277748417,0.073871253520212662,0.12927637921444762,0.2245382610748469,0.069831775771567323,5.0
Julian Edelman,WR,NE,16.329765031722527,6400.0,0.065382299480331446,0.22006500581943089,0.21447565327959817,0.18244163069221545,0.13705364753759075,0.10158949933436481,0.078992263856468445,1.0
Griff Whalen,WR,NE,16.328168827986921,4500.0,0.20944752778163153,0.15301191207249923,0.1242465330069203,0.11897882090892883,0.12094463077997744,0.16899662584061848,0.10437394960942398,0.0
Emmanuel Sanders,WR,DEN,16.127853737166472,6600.0,0.088355681523336255,0.29482855917747419,0.10133614012620169,0.1629272754233865,0.096666298756511768,0.2070909371652481,0.048795107827841515,1.0
Davante Adams,WR,GB,15.980599757656002,6900.0,0.062811061693603287,0.22473232261541784,0.2412381926304098,0.12548165271275166,0.18569812503724425,0.11371827276732975,0.046320372543243435,2.0
Adam Humphries,WR,TB,15.656491609742423,4600.0,0.19507342551467477,0.15603182360715973,0.1820943441154039,0.10098878760121845,0.14416782146300988,0.1394963490570961,0.082147448641437235,0.0
Jordy Nelson,WR,GB,15.422162386617844,7700.0,0.090079922809178231,0.22061540531314713,0.267648651421382,0.12962868956861712,0.14003297816160809,0.072307669936043401,0.079686682790024138,2.0
Rishard Matthews,WR,TEN,15.257135492988848,5800.0,0.12473857641953574,0.1889840768044887,0.16242806000491294,0.1635526161378075,0.27990482194102345,0.063491500595711167,0.01690034809652045,4.0
A.J. Green,WR,CIN,15.192374467911524,7600.0,0.17011552068724728,0.12068335457913772,0.30150614508012152,0.036110314616637162,0.21457315527401932,0.11494608637433668,0.042065423388500202,2.0
Tyreek Hill,WR,KC,14.570644774674792,6400.0,0.12922548862362568,0.25764381623976551,0.20923390583008644,0.11358895211302492,0.14831206144303161,0.079313544969473251,0.062682230780992651,1.0
Chris Hogan,WR,NE,14.009783781770185,5400.0,0.23158352350172617,0.25282926364476122,0.073794716989783127,0.19545577183170504,0.070098923820451436,0.073847102281623916,0.10239069792994908,1.0
Adam Thielen,WR,MIN,13.835751099528183,6000.0,0.13695763365981084,0.27166619249328056,0.20747255117007513,0.12365189618710004,0.16402596105468284,0.047992055357103935,0.04823371007794687,1.0
Tyrell Williams,WR,SD,13.758739331544463,6500.0,0.20229870324765423,0.28358149459722287,0.08467860670330403,0.19899610108341584,0.062027370243369129,0.094002555154254944,0.074415168970778905,1.0
Kendall Wright,WR,TEN,13.742629442098933,4500.0,0.26899322490781807,0.14759769072611159,0.14526615285895822,0.12629461586552526,0.18031079131114441,0.096483352675513626,0.035054171654928759,0.0
Demaryius Thomas,WR,DEN,13.69399324164247,6700.0,0.15206727855364388,0.34617345612251932,0.085260243700693031,0.19699684659035432,0.061022424941588382,0.095395940217089997,0.06308380987411108,1.0
Marcus Easley,WR,BUF,13.317443329445295,4500.0,0.29120288392636473,0.16125569029317302,0.16658459737552611,0.10207170416283474,0.13367594898768209,0.077143177832083229,0.068065997422336127,0.0
Walt Powell,WR,BUF,13.317443329445295,4500.0,0.29120288392636473,0.16125569029317302,0.16658459737552611,0.10207170416283474,0.13367594898768209,0.077143177832083229,0.068065997422336127,0.0
Kolby Listenbee,WR,BUF,13.317443329445295,4500.0,0.29120288392636473,0.16125569029317302,0.16658459737552611,0.10207170416283474,0.13367594898768209,0.077143177832083229,0.068065997422336127,0.0
Greg Salas,WR,BUF,13.317443329445295,4500.0,0.29120288392636473,0.16125569029317302,0.16658459737552611,0.10207170416283474,0.13367594898768209,0.077143177832083229,0.068065997422336127,0.0
Kashif Moore,WR,KC,13.186130113121209,4500.0,0.28931388002788777,0.16831998436448245,0.17013411036253037,0.099868803900659678,0.1298805204875069,0.077752154458247527,0.064730546398685238,0.0
Trevor Davis,WR,GB,13.085367925038899,4500.0,0.30179451333924279,0.15045092945517699,0.15990056684728726,0.11883962789197343,0.1362231556774178,0.07848855243694941,0.054302654351952223,0.0
Kadron Boone,WR,NYG,13.061302818927329,4500.0,0.30193140657720091,0.16328929967635319,0.16578671388721183,0.099071451160708465,0.12570975400824611,0.080019645778158607,0.064191728912120924,0.0
Levi Norwood,WR,PIT,13.032045122082597,4500.0,0.30882267329202467,0.16069971467044344,0.16253871293008815,0.098551426535415196,0.12360662066972283,0.078016277176150395,0.067764574726155463,0.0
Darrius Heyward-Bey,WR,PIT,13.032045122082597,4500.0,0.30882267329202467,0.16069971467044344,0.16253871293008815,0.098551426535415196,0.12360662066972283,0.078016277176150395,0.067764574726155463,0.0
Markus Wheaton,WR,PIT,13.032045122082597,4500.0,0.30882267329202467,0.16069971467044344,0.16253871293008815,0.098551426535415196,0.12360662066972283,0.078016277176150395,0.067764574726155463,0.0
Canaan Severin,WR,PIT,13.032045122082597,4500.0,0.30882267329202467,0.16069971467044344,0.16253871293008815,0.098551426535415196,0.12360662066972283,0.078016277176150395,0.067764574726155463,0.0
Vincent Jackson,WR,TB,12.978440160102025,4500.0,0.30109322577427311,0.16696405005718334,0.16736905126131874,0.097991637056677905,0.12680024211056271,0.077181106321064064,0.062600687418919915,0.0
Cecil Shorts III,WR,TB,12.978440160102025,4500.0,0.30109322577427311,0.16696405005718334,0.16736905126131874,0.097991637056677905,0.12680024211056271,0.077181106321064064,0.062600687418919915,0.0
Dorial Green-Beckham,WR,PHI,12.816693865315838,4900.0,0.28116275695859527,0.18732239659879726,0.19532681727459791,0.079069546315637618,0.12470410499540699,0.074237182055758744,0.058177195801206186,0.0
Jared Abbrederis,WR,GB,12.752190835741187,4500.0,0.31114947012932515,0.16935850548758771,0.16540968482522944,0.09571660292843652,0.1219960814079938,0.074184400897581923,0.062185254323845571,0.0
Isaac Fruechte,WR,MIN,12.713494502698184,4500.0,0.31545464859365469,0.16623313287979161,0.1645514558309297,0.095838401323015951,0.12132728392645822,0.075552991384578605,0.061042086061571098,0.0
Chris Brown,WR,DAL,12.669969228028988,4500.0,0.32281806227287374,0.16531084808954316,0.15966040178815771,0.094616474588291449,0.11998419672885219,0.072592749466783513,0.06501726706549818,0.0
Jordan Matthews,WR,PHI,12.265654908152115,5700.0,0.17616091972384407,0.27151764637733367,0.22553929609062445,0.1516916806388188,0.12064590647766094,0.040675669500952132,0.013768881190766052,1.0
Malcolm Mitchell,WR,NE,12.261106976688122,6200.0,0.26946228456534282,0.23136149220590052,0.17362766710246164,0.12545730851450751,0.10180873737459975,0.032559081771227544,0.065723428465960271,0.0
Shaq Evans,WR,NE,12.074101606582897,4500.0,0.3483216086966881,0.16925924456477559,0.15682583559479993,0.088770270040520294,0.1095108513638733,0.066649362213718297,0.060662827525624324,0.0
DeAndre Carter,WR,NE,12.074101606582897,4500.0,0.3483216086966881,0.16925924456477559,0.15682583559479993,0.088770270040520294,0.1095108513638733,0.066649362213718297,0.060662827525624324,0.0
DeAndrew White,WR,NE,12.074101606582897,4500.0,0.3483216086966881,0.16925924456477559,0.15682583559479993,0.088770270040520294,0.1095108513638733,0.066649362213718297,0.060662827525624324,0.0
Antonio Brown,WR,PIT,12.033339485849515,8500.0,0.15271138734550849,0.33050173479389466,0.25006870455010827,0.09198630999586678,0.11436542313446943,0.033182486947117423,0.027183953233034908,1.0
Marqise Lee,WR,JAC,12.019642259339845,5700.0,0.2278007154151365,0.30443696608596277,0.15651466206398704,0.1199368602646643,0.092086315546809475,0.057768536919705314,0.041455943703734593,1.0
DeVier Posey,WR,DEN,12.018513717340355,4500.0,0.34718953132013808,0.17048117975837732,0.15731110149404334,0.088650551539131262,0.11141620523082495,0.070134276061826706,0.054817154595658384,0.0
Marlon Brown,WR,DEN,12.018513717340355,4500.0,0.34718953132013808,0.17048117975837732,0.15731110149404334,0.088650551539131262,0.11141620523082495,0.070134276061826706,0.054817154595658384,0.0
Durron Neal,WR,DEN,12.018513717340355,4500.0,0.34718953132013808,0.17048117975837732,0.15731110149404334,0.088650551539131262,0.11141620523082495,0.070134276061826706,0.054817154595658384,0.0
Keshawn Martin,WR,SF,11.988138391118941,4500.0,0.34934700049683104,0.17133486528016689,0.15490503746220935,0.088120515446478864,0.11242589693657333,0.068477229681226451,0.055389454696513928,0.0
Mose Frazier,WR,SF,11.988138391118941,4500.0,0.34934700049683104,0.17133486528016689,0.15490503746220935,0.088120515446478864,0.11242589693657333,0.068477229681226451,0.055389454696513928,0.0
Jared Dangerfield,WR,NO,11.964690917390234,4500.0,0.35211094962380518,0.1708561448622232,0.15427603608546836,0.087422725475574781,0.10985569713092713,0.069180601899036437,0.056297844922964892,0.0
Kyle Prater,WR,NO,11.964690917390234,4500.0,0.35211094962380518,0.1708561448622232,0.15427603608546836,0.087422725475574781,0.10985569713092713,0.069180601899036437,0.056297844922964892,0.0
Vincent Brown,WR,NO,11.964690917390234,4500.0,0.35211094962380518,0.1708561448622232,0.15427603608546836,0.087422725475574781,0.10985569713092713,0.069180601899036437,0.056297844922964892,0.0
Aldrick Robinson,WR,ATL,11.946043389311676,4500.0,0.42869756663330277,0.1432173115423124,0.061250265643443491,0.14247479409343822,0.072776668952818355,0.053554852289269525,0.098028540845415402,0.0
Kevin White,WR,CHI,11.9417825576739,4500.0,0.34843586275126698,0.17423985055105332,0.1567711224776224,0.087095156023002274,0.11039799750877125,0.068128741032970147,0.054931269655313739,0.0
Bralon Addison,WR,CHI,11.9417825576739,4500.0,0.34843586275126698,0.17423985055105332,0.1567711224776224,0.087095156023002274,0.11039799750877125,0.068128741032970147,0.054931269655313739,0.0
Kieran Duncan,WR,CHI,11.9417825576739,4500.0,0.34843586275126698,0.17423985055105332,0.1567711224776224,0.087095156023002274,0.11039799750877125,0.068128741032970147,0.054931269655313739,0.0
Jaron Brown,WR,ARI,11.903905184785897,4500.0,0.3567575613175466,0.16824274199929257,0.15318018880179862,0.087615505245285677,0.11019442507904828,0.069005701878963585,0.055003875678064813,0.0
Allen Hurns,WR,JAC,11.884065554362001,4500.0,0.38105780700166952,0.15025025838676137,0.12864174418315499,0.090218601241370114,0.10971975670437385,0.10065491837308783,0.039456914109582179,0.0
Tajae Sharpe,WR,TEN,11.826781991714919,5000.0,0.32129261194304298,0.18909139632598662,0.13212067578062017,0.12747964985763641,0.16380117121528964,0.037342800454377899,0.028871694423046081,0.0
Joshua Bellamy,WR,CHI,11.699635678325546,4700.0,0.35931101759701639,0.17408177190134774,0.15605995393230798,0.084558203839039892,0.10829040351867944,0.065434659712098248,0.052263989499510263,0.0
Aaron Dobson,WR,DET,11.473536946811873,4500.0,0.3748851477699286,0.17147867493824032,0.15048714518578735,0.083073056042789084,0.10326009521329646,0.066205566969148144,0.050610313880810096,0.0
Quinshad Davis,WR,DET,11.473536946811873,4500.0,0.3748851477699286,0.17147867493824032,0.15048714518578735,0.083073056042789084,0.10326009521329646,0.066205566969148144,0.050610313880810096,0.0
TJ Jones,WR,DET,11.473536946811873,4500.0,0.3748851477699286,0.17147867493824032,0.15048714518578735,0.083073056042789084,0.10326009521329646,0.066205566969148144,0.050610313880810096,0.0
Mike Evans,WR,TB,11.448940535659245,8200.0,0.26342875115193315,0.23591436200498994,0.24015233860983953,0.080600062657538274,0.11612807520875976,0.031526725523718831,0.032249684843220348,0.0
Tyler Boyd,WR,CIN,11.401027734409734,5500.0,0.26935970542647675,0.24495008423661604,0.20869489206430181,0.12035001779391769,0.077686452518495472,0.044775131120171355,0.034183716840020827,0.0
Albert Wilson,WR,KC,11.345471120603673,4500.0,0.41803128024995212,0.17341107576217357,0.12569159698545604,0.064344395019295911,0.08484198894262189,0.038012664135986737,0.095666998904513828,0.0
Justin Hardy,WR,ATL,11.288672577771518,4900.0,0.4680487779948454,0.13325575276688292,0.060253957126370661,0.12056971613059816,0.07372106326329575,0.05973487705156267,0.08441585566644437,0.0
Jordan Payton,WR,CLE,11.175035095883651,4500.0,0.38625128768688127,0.17543668132467025,0.14757736892314335,0.080086975076124875,0.10137341273849958,0.061081172537349002,0.048193101713331604,0.0
Dwayne Bowe,WR,CLE,11.175035095883651,4500.0,0.38625128768688127,0.17543668132467025,0.14757736892314335,0.080086975076124875,0.10137341273849958,0.061081172537349002,0.048193101713331604,0.0
Rannell Hall,WR,CLE,11.175035095883651,4500.0,0.38625128768688127,0.17543668132467025,0.14757736892314335,0.080086975076124875,0.10137341273849958,0.061081172537349002,0.048193101713331604,0.0
Josh Boyce,WR,CLE,11.175035095883651,4500.0,0.38625128768688127,0.17543668132467025,0.14757736892314335,0.080086975076124875,0.10137341273849958,0.061081172537349002,0.048193101713331604,0.0
Larry Fitzgerald,WR,ARI,11.018161181901245,7200.0,0.2708392465300844,0.29622191022569366,0.18537945748919563,0.084339525340626234,0.097863369670229239,0.021758555575828026,0.043597935168342809,1.0
Daniel Anthrop,WR,IND,10.990992930475741,4500.0,0.39992374346489673,0.17376886579763318,0.14300695013343881,0.078049637177723813,0.097269587088155876,0.057792897368762877,0.050188318969388905,0.0
Joshua Stangby,WR,IND,10.990992930475741,4500.0,0.39992374346489673,0.17376886579763318,0.14300695013343881,0.078049637177723813,0.097269587088155876,0.057792897368762877,0.050188318969388905,0.0
Brian Tyms,WR,IND,10.990992930475741,4500.0,0.39992374346489673,0.17376886579763318,0.14300695013343881,0.078049637177723813,0.097269587088155876,0.057792897368762877,0.050188318969388905,0.0
Devin Street,WR,IND,10.990992930475741,4500.0,0.39992374346489673,0.17376886579763318,0.14300695013343881,0.078049637177723813,0.097269587088155876,0.057792897368762877,0.050188318969388905,0.0
Tevaun Smith,WR,IND,10.990992930475741,4500.0,0.39992374346489673,0.17376886579763318,0.14300695013343881,0.078049637177723813,0.097269587088155876,0.057792897368762877,0.050188318969388905,0.0
Marcus Leak,WR,IND,10.990992930475741,4500.0,0.39992374346489673,0.17376886579763318,0.14300695013343881,0.078049637177723813,0.097269587088155876,0.057792897368762877,0.050188318969388905,0.0
Quan Bray,WR,IND,10.990992930475741,4500.0,0.39992374346489673,0.17376886579763318,0.14300695013343881,0.078049637177723813,0.097269587088155876,0.057792897368762877,0.050188318969388905,0.0
Rashad Greene Sr.,WR,JAC,10.941663744996729,4500.0,0.40519052349033469,0.16857259825868279,0.1429967751568138,0.078249164672415911,0.094921466367558341,0.064078884941806774,0.045990587112387786,0.0
Tony Washington,WR,JAC,10.941663744996729,4500.0,0.40519052349033469,0.16857259825868279,0.1429967751568138,0.078249164672415911,0.094921466367558341,0.064078884941806774,0.045990587112387786,0.0
Mekale McKay,WR,JAC,10.941663744996729,4500.0,0.40519052349033469,0.16857259825868279,0.1429967751568138,0.078249164672415911,0.094921466367558341,0.064078884941806774,0.045990587112387786,0.0
Percy Harvin,WR,BUF,10.914106864211643,4900.0,0.35763045413371641,0.15146012233792883,0.24395221200001233,0.050619598178796611,0.13525297671469666,0.030976008678214321,0.030108627956634923,0.0
Chris Conley,WR,KC,10.871129383690425,4500.0,0.38603675892894762,0.21645711505910309,0.12628630342253755,0.067938633220507416,0.10265310830196481,0.042209803313722087,0.058418277753217659,0.0
Jordan Norwood,WR,DEN,10.860066195021025,4500.0,0.47629343597016705,0.16346184937621688,0.065869477060674197,0.083694159155768402,0.057465332950317624,0.066689146284332798,0.086526599202523119,0.0
Randall Cobb,WR,GB,10.756317621566433,5800.0,0.38927082106931227,0.18478099600274059,0.15695061820410913,0.083005894937912467,0.1101143791990532,0.020064199014861398,0.055813091572010892,0.0
Jaelen Strong,WR,HOU,10.722100495762419,4500.0,0.41374008650989308,0.17255911645069341,0.1405906199847215,0.075506157899541307,0.091871276253434386,0.06039110989411426,0.045341633007602189,0.0
Tevin Jones,WR,HOU,10.722100495762419,4500.0,0.41374008650989308,0.17255911645069341,0.1405906199847215,0.075506157899541307,0.091871276253434386,0.06039110989411426,0.045341633007602189,0.0
Danny Amendola,WR,NE,10.51808806539014,4500.0,0.46727593599120337,0.15687291912612855,0.1043765598232775,0.081089347660244254,0.058609916231208106,0.064170480794546653,0.067604840373391678,0.0
Hunter Sharp,WR,PHI,10.44190466455891,4500.0,0.42803147684391163,0.1731791246661189,0.13666025655872938,0.072530405602844683,0.088798615239426559,0.057403446477556359,0.043396674611412611,0.0
Chris Givens,WR,PHI,10.44190466455891,4500.0,0.42803147684391163,0.1731791246661189,0.13666025655872938,0.072530405602844683,0.088798615239426559,0.057403446477556359,0.043396674611412611,0.0
Cayleb Jones,WR,PHI,10.44190466455891,4500.0,0.42803147684391163,0.1731791246661189,0.13666025655872938,0.072530405602844683,0.088798615239426559,0.057403446477556359,0.043396674611412611,0.0
Xavier Rush,WR,PHI,10.44190466455891,4500.0,0.42803147684391163,0.1731791246661189,0.13666025655872938,0.072530405602844683,0.088798615239426559,0.057403446477556359,0.043396674611412611,0.0
Matthew Slater,WR,NE,10.193625595174813,4500.0,0.46442302520894652,0.1572033592785442,0.1507942953505427,0.045971182103037356,0.083976711504186549,0.018994330584234762,0.078637095970507817,0.0
Marvin Jones Jr.,WR,DET,10.188580027741896,5600.0,0.43679672006718079,0.16788462614761046,0.14441356885341214,0.069473417257329723,0.091381788038028114,0.052178253244672936,0.037871626391765854,0.0
Harry Douglas,WR,TEN,10.040623317386856,4500.0,0.44841414362687398,0.17605037310134997,0.10378135286313411,0.076473540055875075,0.12817732120849151,0.035859713193085521,0.031243555951189883,0.0
Will Fuller V,WR,HOU,10.028136293167332,5100.0,0.44794844610934187,0.16990756276205182,0.13692726749381945,0.068222085461340759,0.08560979436952891,0.052827838469216334,0.038557005334700939,0.0
Marquess Wilson,WR,CHI,10.025077606064199,5200.0,0.39492774124810121,0.2160278185125887,0.17719497856542213,0.057632870675516173,0.06882443477836292,0.04576508066710213,0.039627075552907051,0.0
Mike Wallace,WR,BAL,9.9877344542715019,5900.0,0.40985978739662882,0.21130681196723552,0.16078177744224306,0.063851314173434592,0.077750525821136743,0.023202075065241107,0.053247708134080335,0.0
Eddie Royal,WR,CHI,9.8166591907983278,4700.0,0.46122286182565808,0.16086423319380425,0.12313639240356294,0.10062755277889215,0.067846398406412115,0.052026720566298527,0.034275840825371974,0.0
Michael Floyd,WR,ARI,9.810740143891918,4700.0,0.39140522233193803,0.26233815013315925,0.1285811705886068,0.069401111776075733,0.078656148831609138,0.021799112925082631,0.0478190834135283,0.0
Brandon LaFell,WR,CIN,9.724831088401805,5600.0,0.39660256911280478,0.21103103385851507,0.18490103753290077,0.085042667263530117,0.056994127895300707,0.029504715203943769,0.035923849133004948,0.0
Jarius Wright,WR,MIN,9.6429961463783336,4500.0,0.47556545779994103,0.18097306237251687,0.06385714579003203,0.13803582111216439,0.065960864786415621,0.032992506708075929,0.042615141430853938,0.0
Brandin Cooks,WR,NO,9.6119280760475778,6300.0,0.42202185960755689,0.26289982015186686,0.10940161074005242,0.069036079616299872,0.045643490413402918,0.026987355656870018,0.064009783813951157,0.0
Freddie Martino,WR,TB,9.5632877646647589,4500.0,0.48939459744192715,0.16028680920772842,0.13684617045726916,0.066926694202917192,0.051168382829871698,0.031151972806276278,0.064225373054010063,0.0
Dez Bryant,WR,DAL,9.4695913816388533,7500.0,0.39683887161510517,0.25839316560714104,0.13058192099327209,0.092730186655478858,0.065902513425612569,0.019024044004559097,0.036529297698831238,0.0
Willie Snead,WR,NO,9.4555552542431247,5900.0,0.41697368259082301,0.27503438617852027,0.11118581695986572,0.059844260904116889,0.053838611472675234,0.02765551344244703,0.055467728451551797,0.0
Cordarrelle Patterson,WR,MIN,9.4088455721047222,4900.0,0.48286442437801658,0.17993581160800404,0.11622622119050088,0.060485720044859428,0.091422242832793169,0.017794360454454483,0.051271219491371568,0.0
Cameron Meredith,WR,CHI,9.240986206337805,5400.0,0.41955844367893064,0.25926793424038402,0.12255413049901313,0.0856575486890893,0.044209954018421399,0.024586229195901831,0.044165759678259676,0.0
Eric Weems,WR,ATL,9.2195440848110248,4500.0,0.60199976638634911,0.10272056149095692,0.043283388163199502,0.090679596626947176,0.048714377737208575,0.029459889369685428,0.083142420225653213,0.0
Paul Turner,WR,PHI,9.216421713444527,4600.0,0.43486725032807583,0.2187266826267999,0.14359162497773287,0.084755548345162912,0.057857146902140687,0.026421451245322271,0.033780295574765661,0.0
Golden Tate,WR,DET,9.2086125219572761,6100.0,0.36248432931041613,0.25323647259887894,0.2336237385026122,0.056929284982894506,0.053860095737772083,0.016079463833793356,0.023786615033632771,0.0
Sterling Shepard,WR,NYG,9.1970823425500559,5300.0,0.46116414155720226,0.20226174084335904,0.12925423941438918,0.086804020430157142,0.0571412596865888,0.014843825761950896,0.048530772306352721,0.0
Terrelle Pryor Sr.,WR,CLE,9.0730268431457244,6400.0,0.49303699270698848,0.1657990871681593,0.13473104392081123,0.05765076093140023,0.080464439520951392,0.039687159763082118,0.028630515988607112,0.0
Jake Lampman,WR,NO,9.0344499635776181,4500.0,0.5148480852818037,0.16300509283396603,0.13307509507015344,0.039857898255608849,0.070570282403485715,0.023535443097935427,0.055108103057046817,0.0
Bennie Fowler,WR,DEN,8.9114510092552894,4500.0,0.49256529946293454,0.19931051360398719,0.076045073618520601,0.105204148189891,0.053823375824048038,0.049901158206571858,0.023150431094046926,0.0
Josh Huff,WR,TB,8.7960578573679005,4500.0,0.50139868635452289,0.16726696151848264,0.13649308708015787,0.071706241947085192,0.066210277549911295,0.020674830880053452,0.03624991466978672,0.0
Robert Woods,WR,BUF,8.6640756529028451,5100.0,0.43488693135332335,0.19654200959408416,0.21931223955327692,0.045397984225215522,0.081172035190976294,0.0071404347332834515,0.015548365349840297,0.0
T.Y. Hilton,WR,IND,8.5124376782419162,7300.0,0.33866944812721966,0.31003042478782439,0.24147527369753594,0.056287157441065952,0.040712824593753409,0.0037119140164194077,0.0091129573361812578,0.0
Steve Smith Sr.,WR,BAL,8.4766021984116335,6200.0,0.52988166513348489,0.16312513033227172,0.12271254816887067,0.051834608518858384,0.068899267260200903,0.038256503597401639,0.025290276988911811,0.0
Donteea Dye,WR,TB,8.4505215992993286,4500.0,0.53776783241980686,0.14946757993479332,0.12959857697224966,0.065092412526083276,0.061420588201153377,0.018509712700484838,0.038143297245428594,0.0
Anquan Boldin,WR,DET,8.3756486480277914,5200.0,0.46874429517939592,0.21169508296763725,0.17081863516428697,0.047353714196669609,0.062137861944222696,0.015961921745447909,0.023288488802339677,0.0
James Wright,WR,CIN,8.3525215594644209,4500.0,0.51265750198521454,0.16607879806066969,0.16174737692232602,0.052892459845350778,0.054507803684719879,0.023021480699029484,0.02909457880268974,0.0
Cody Latimer,WR,DEN,8.2744175657359804,4500.0,0.58932182428685054,0.16259497868711492,0.078779955692444559,0.035823962408366251,0.045289981369803285,0.018089082492901448,0.070100215062518914,0.0
Daniel Braverman,WR,CHI,7.9129000670833847,4500.0,0.54686207133586229,0.17833100991762765,0.11381847330262614,0.061305827226920045,0.051863681043916643,0.017055493724957242,0.030763443448089824,0.0
Breshad Perriman,WR,BAL,7.9100135510848615,5200.0,0.56380512627379797,0.18239940841854513,0.10695151429179027,0.04275317456903506,0.039016174472025496,0.014405907477733208,0.050668694497072848,0.0
Charles Johnson,WR,MIN,7.8070736399576353,4500.0,0.60393175447298542,0.15041966904299706,0.086922142272566699,0.041537678235830447,0.052117628820180076,0.012596734730117529,0.052474392425322675,0.0
Marc Mariani,WR,TEN,7.7411462949343832,4500.0,0.60735810358823084,0.13546654326000215,0.075662268966210228,0.05699853273773102,0.078631111521111255,0.014882817351219348,0.031000622575495258,0.0
Jeremy Maclin,WR,KC,7.5836381310452285,5500.0,0.5717949270491387,0.16805554582071114,0.10786476941370186,0.057058454959061616,0.05587558287107116,0.01167655604105986,0.027674163845255683,0.0
Corey Coleman,WR,CLE,7.5487690603379995,5200.0,0.52987989413307857,0.19946185816234208,0.11580888606348988,0.085436129471430949,0.041723151618172631,0.016341557795576223,0.011348522755909763,0.0
Jeff Janis,WR,GB,7.5040960435250446,4500.0,0.65830753450875545,0.10984426401680528,0.079800616918351386,0.037407086025356605,0.045179271791332208,0.0087084054639945327,0.060752821275404559,0.0
Jordan Taylor,WR,DEN,7.4813564583147238,4500.0,0.60274773464988241,0.18475787212393863,0.054014676028567056,0.063594451570032587,0.029844368904943935,0.019628394363420235,0.045412502359214992,0.0
Kamar Aiken,WR,BAL,7.4663832389552729,4500.0,0.62567644697866942,0.13584716038415506,0.095023606473656486,0.037956604843904486,0.044923570687121508,0.013269194621211872,0.047303416011281185,0.0
Deonte Thompson,WR,CHI,7.4536092346696545,4500.0,0.59814846408274447,0.17673394847374907,0.083279461261698481,0.047724015504491721,0.033757533670501889,0.015393970535327706,0.044962606471486727,0.0
Eli Rogers,WR,PIT,7.4189537572805131,4800.0,0.56735229055524317,0.18998554099954806,0.10813757437356346,0.045969975441814387,0.045929572241634305,0.014107303403887357,0.028517742984309303,0.0
Jeremy Kerley,WR,SF,7.306847057181324,4900.0,0.512158989543257,0.25372582112049041,0.12475356308742389,0.052541158877566226,0.019191354905030728,0.013894442094934935,0.023734670371296986,0.0
Braxton Miller,WR,HOU,7.2866482953924878,4600.0,0.64224852243491537,0.12878303882470007,0.089127181369633698,0.036069937428120334,0.035684586951713955,0.028813111345096606,0.039273621645820024,0.0
DeAndre Hopkins,WR,HOU,7.2164174216420545,6500.0,0.52518398918277154,0.23996522955512195,0.12409909829332512,0.049811778219572278,0.027625638070345893,0.014240374777382114,0.019073891901481194,0.0
Russell Shepard,WR,TB,7.203782841904137,4500.0,0.58237568280818441,0.14738724087651842,0.15170401106896367,0.046868582684953822,0.040269182793753112,0.010527081568710265,0.020868218198916346,0.0
Cole Beasley,WR,DAL,7.1201161631086043,6300.0,0.59303787364353711,0.18733017095147483,0.082078299714291272,0.05211552418073187,0.049947475855596613,0.0095261836508753733,0.025964472003493003,0.0
Sammy Watkins,WR,BUF,7.0596470989373881,6100.0,0.55372730948996707,0.24983262902956008,0.065271147990642472,0.071617306551540277,0.023415552378755772,0.0078959926866571939,0.028240061872877319,0.0
De'Anthony Thomas,WR,KC,7.0200951371284077,4500.0,0.68344385828242504,0.11695415215123249,0.064409783293129103,0.028950158614660902,0.040193520839583705,0.012463116558282191,0.053585410260686507,0.0
Geronimo Allison,WR,GB,6.9557534861498738,4700.0,0.68928900597293474,0.10326413857989948,0.073754487215431444,0.033901066958848668,0.03931831529987035,0.0077821911209434661,0.052690794852071961,0.0
Nelson Agholor,WR,PHI,6.9186560336576894,4600.0,0.65760102960457889,0.12137207952207509,0.1093160131222128,0.016624686392132878,0.045548220182022064,0.0068911010598724093,0.042646870117105919,0.0
Demarcus Robinson,WR,KC,6.8871780082509959,4500.0,0.69417391585481825,0.11258588185811332,0.062204869235541957,0.028022724785749995,0.038327538307582731,0.011594200663225539,0.053090869294968208,0.0
Torrey Smith,WR,SF,6.8639438853206549,4500.0,0.61781098920047894,0.19806648551318215,0.053557078059017944,0.063128858258348047,0.014752836425177348,0.015489451051674907,0.037194301492120753,0.0
Terrance Williams,WR,DAL,6.8256891439703677,4600.0,0.63045930340063139,0.17423559294662019,0.066181198066702709,0.046944303020310357,0.041071715934470752,0.0091874641253239294,0.031920422505940668,0.0
Allen Robinson,WR,JAC,6.8138025782795877,6300.0,0.61436715271541831,0.19058558006853354,0.081130033124521453,0.040592153669936938,0.02771994079400773,0.012783174951188518,0.032821964676393381,0.0
Brandon Coleman,WR,NO,6.7522138729877632,4600.0,0.65572973853564331,0.16702535793100787,0.057375136890563123,0.0339391964307387,0.028545808462324792,0.013556421086194884,0.043828340663527483,0.0
Isaiah Burse,WR,SD,6.7174721722864135,4500.0,0.71177954008650146,0.10866706379302038,0.03644834518609516,0.054117909766251457,0.024706577705104493,0.01138201489118469,0.052898548571842459,0.0
Michael Crabtree,WR,OAK,6.6237967741504846,6000.0,0.58813210402758975,0.19463219509192864,0.12833758346765736,0.03808698644893619,0.024392993661927844,0.0067325557696054378,0.01968558153235481,0.0
Quinton Patton,WR,SF,6.5754707655634004,4500.0,0.59219239012696789,0.20842954638352118,0.10444157739088478,0.044798043289804877,0.01838112374468432,0.011039831211767768,0.020717487852369036,0.0
Roger Lewis,WR,NYG,6.2954140272898416,4500.0,0.69859389650875281,0.12138074666011164,0.069631284647508687,0.039063236253941466,0.02791503513302647,0.008408709979581307,0.035007090817077348,0.0
Dwayne Harris,WR,NYG,6.2463212992572235,4500.0,0.70695942202867279,0.11710550170435718,0.067238356209350619,0.037120525256267488,0.027134536957010749,0.007392302571118288,0.037049355273222964,0.0
Lucky Whitehead,WR,DAL,6.153773403645423,4500.0,0.72526577578954399,0.10382047163241891,0.053446839538021276,0.039310976967156651,0.032003541951310541,0.017264753650769394,0.028887640470779102,0.0
Bryan Walters,WR,JAC,6.1145728647481139,4500.0,0.65430660813781616,0.19376134017777744,0.047313011120190353,0.055578081276450843,0.015429226128357379,0.0082668022316460671,0.025344930927761893,0.0
Cobi Hamilton,WR,PIT,6.1092719227653793,4500.0,0.67888553990354339,0.150984381063754,0.071825647569273718,0.034577019257827128,0.030667331094080041,0.0093814673492793408,0.023678613762242475,0.0
J.J. Nelson,WR,ARI,6.0574441008047684,5000.0,0.66300916772904872,0.17727164725235928,0.071707167342949296,0.028034751781814349,0.02989730492622171,0.0056069220780512767,0.024473038889555328,0.0
Alex Erickson,WR,CIN,6.0301146969632677,4500.0,0.69079883479178927,0.13196289727014593,0.082318812649112325,0.037178320790408829,0.02488740452486601,0.010140938983541738,0.022712790990135952,0.0
Cody Core,WR,CIN,5.8306166595015911,4500.0,0.70563701499830123,0.13455668695879475,0.0578066741538023,0.055162501747081746,0.016686199089245419,0.008173336538227851,0.021977586514546579,0.0
Rashard Higgins,WR,CLE,5.828778842884482,4500.0,0.68727518806682864,0.14160444662505958,0.075397960328633523,0.049943281652411034,0.023278644380078675,0.010561422892268453,0.011939056054719973,0.0
Rod Streater,WR,SF,5.5915226230720725,4500.0,0.6861137930628084,0.16609506693777079,0.079641476537674852,0.030060925067880932,0.013407875768378897,0.0075422538276823268,0.017138608797803708,0.0
Chris Harper,WR,SF,5.5709132242782848,4500.0,0.68516404314093038,0.16473422662100815,0.081207321422623865,0.032599960665162638,0.014559036612992659,0.0068549520335951459,0.014880459503687193,0.0
Andrew Hawkins,WR,CLE,5.3529404505451987,4500.0,0.72575688480675449,0.12813530830499884,0.063706266475557632,0.046167189813142016,0.019371311471278463,0.0070375472035739493,0.009825491924694783,0.0
Brandon Tate,WR,BUF,5.3210345330376958,4500.0,0.72260638901225394,0.1382558304536276,0.068264755458851675,0.032309276006977673,0.021830004303508677,0.0023970806465562411,0.014336664118224493,0.0
Johnny Holton,WR,OAK,5.282826678923823,4500.0,0.78010713116420849,0.099343513300633485,0.03421607843296183,0.035096305017790048,0.015873037192671691,0.0065713166680819246,0.028792618223652425,0.0
Sammie Coates,WR,PIT,5.2515918435581002,4500.0,0.76673048661840248,0.10503057356484019,0.05410946690963369,0.022436976192621295,0.023660649418771298,0.0047277815651262144,0.02330406573060493,0.0
Brice Butler,WR,DAL,5.2370443458705989,4500.0,0.77880027374016103,0.097719579576323448,0.039635539734393543,0.029394794767734028,0.026030365318744992,0.0044093600375681571,0.024010086825074859,0.0
Andre Roberts,WR,DET,5.2106912890103398,4500.0,0.75025501408902751,0.11217922400777805,0.070036253440897048,0.023257077697627488,0.023730705633846168,0.0055524947107509432,0.014989230420072913,0.0
Brittan Golden,WR,ARI,5.1690734723075549,4500.0,0.75828506647392846,0.12561392915249445,0.04724175672504477,0.020306406494447229,0.023502777028501613,0.0026923283698097366,0.022357735755773864,0.0
Ricardo Louis,WR,CLE,5.1623149642067183,4500.0,0.74572105604914485,0.11887140123832717,0.060143299823397417,0.041108744612730543,0.017054456150233911,0.0062638935353244362,0.010837148590841849,0.0
Arrelious Benn,WR,JAC,5.1569863209615061,4500.0,0.78446651998532058,0.099488829778093743,0.042861408105381818,0.021860055823257271,0.017579696798712314,0.0060306788474662207,0.027712810661767971,0.0
Seth Roberts,WR,OAK,5.0180529724146146,4600.0,0.76304756958458431,0.11420599002198931,0.062604794698267921,0.023750602518171127,0.01534810611240941,0.0034855385730062157,0.017557398491571653,0.0
Victor Cruz,WR,NYG,5.0104487234735231,4500.0,0.73871157406045018,0.13648472725703811,0.067938618154708516,0.027642863682750343,0.015235101893130676,0.0033716431200115655,0.010615471831910441,0.0
Tommylee Lewis,WR,NO,4.8544013098761827,4500.0,0.80109241353391147,0.10491631770495304,0.026612781019588531,0.025968388683140296,0.011516763081967222,0.0036936799953603354,0.026199655981079203,0.0
John Brown,WR,ARI,4.8252816235829901,4900.0,0.78605854410671472,0.11439984317474163,0.041290361496638388,0.016120184337084276,0.02011953250195014,0.00255859863942295,0.019452935743447895,0.0
Travis Benjamin,WR,SD,4.7482727886160712,4800.0,0.79538443052627128,0.10896500553145855,0.030972180441354368,0.033038247770461673,0.0085162416862703278,0.0031598866897427948,0.019964007354441007,0.0
Laquon Treadwell,WR,MIN,4.7066295385987438,4500.0,0.79576009482533805,0.095977911568307817,0.056270187870225336,0.018216022881224751,0.015257020807039789,0.0021603231813077713,0.016358438866556597,0.0
Chris Moore,WR,BAL,4.6816224453724233,4500.0,0.83098472085818409,0.072327431350262941,0.038682090331953724,0.013856551609384444,0.015081138730531877,0.0028025126452707427,0.026265554474412256,0.0
Phillip Dorsett,WR,IND,4.6248250172203651,4500.0,0.77853371546331263,0.11527568772739609,0.060101703754340687,0.017657654710232173,0.017988511355450945,0.0022125511831614839,0.0082301758061058654,0.0
Devin Hester,WR,BAL,4.6040362458288495,4500.0,0.83872210192694863,0.068177599444772918,0.037093283853591383,0.01309575122177825,0.014325096873334837,0.0026364283747274358,0.025949738304846589,0.0
Keith Mumphery,WR,HOU,4.5858960626690628,4500.0,0.7956424450129449,0.10951362819883607,0.046075785116988489,0.019877448410273817,0.010259431909207277,0.0041728383686817508,0.014458422983067752,0.0
Marquise Goodwin,WR,BUF,4.4665232964742545,5400.0,0.79077893916502107,0.11571154481184813,0.051552418367817869,0.019458031748616871,0.011424189895858319,0.0010461807682419643,0.010028695242595883,0.0
Aaron Burbridge,WR,SF,4.4616521937899654,4500.0,0.79857630875761931,0.11059583366419827,0.049297176725156246,0.018434881927911085,0.007247068281503356,0.0027796109664946504,0.013069119677117288,0.0
Bryce Treggs,WR,PHI,4.25994297321171,4500.0,0.83617516075787268,0.084464894687018247,0.037168241745629431,0.014286095096074192,0.011161667632921557,0.0021022332526591269,0.014641706827824686,0.0
Andre Holmes,WR,OAK,4.2482848462994642,4500.0,0.84144815913543869,0.07634553177417433,0.039773394442721155,0.015606951192949957,0.0098285991471246063,0.0019023130442773889,0.015095051263314001,0.0
Justin Hunter,WR,BUF,4.0208155622638966,5100.0,0.83483730568515602,0.096772419335623763,0.037012359744247138,0.01417712012586588,0.0079100120575586359,0.00079701654282366124,0.0084937665087247462,0.0
Chester Rogers,WR,IND,3.9887620142012103,4500.0,0.84419800629912534,0.085236995335282228,0.040417790089515473,0.010927633979240885,0.0097623108622195733,0.0010830202571211821,0.0083742431774956657,0.0
Donte Moncrief,WR,IND,3.7101110011305423,6200.0,0.8589556016274521,0.081694302840442753,0.040181150572991868,0.0078138535219019443,0.0066395591443098286,0.00045677387141514615,0.0042587584214863186,0.0
Amari Cooper,WR,OAK,3.6145609921153596,7400.0,0.86665798030199437,0.079367213539267262,0.036644214245430191,0.0088466279960500768,0.0043470506010348034,0.00037431103653238871,0.0037626022796911798,0.0
Odell Beckham Jr.,WR,NYG,3.1322459762737687,8600.0,0.93141802470517421,0.043179498072278034,0.013465343467694539,0.0040294717995622417,0.0027578528751322599,0.00016971711544228171,0.0049800919647168202,0.0
