name,pos,team,expectation,salary,prob_0_5,prob_5_10,prob_10_15,prob_15_20,prob_20+,label
Le'Veon Bell,RB,PIT,20.385920700681222,9400.0,0.029148874698743867,0.11051347455037776,0.17904389218447936,0.25541311635931474,0.42588064220708427,4.0
LeSean McCoy,RB,BUF,19.774525919329996,9000.0,0.036652857148875916,0.12620808763985458,0.18954512052923056,0.24486391423341269,0.40273002044862638,4.0
Ezekiel Elliott,RB,DAL,19.113345919882793,8500.0,0.035656720578240035,0.1295141821086695,0.18611601033735589,0.29879959886934554,0.34991348810638917,4.0
David Johnson,RB,ARI,18.491628249611146,9800.0,0.045449805851565717,0.15053594260281067,0.21213293720874263,0.25272935838036475,0.33915195595651615,4.0
Latavius Murray,RB,OAK,17.936941435020074,6800.0,0.054700533553256631,0.15889259224189925,0.21496210963055978,0.25774989186302738,0.31369487271125712,4.0
Carlos Hyde,RB,SF,17.46375516408887,7000.0,0.050171323723621389,0.16841726038732482,0.23269910136553443,0.26359286407199045,0.28511945045152887,4.0
Devonta Freeman,RB,ATL,17.443153834538201,7700.0,0.062971014476379081,0.16355447465692599,0.20957321980645566,0.27821089927740533,0.28569039178283406,4.0
Jordan Howard,RB,CHI,17.189289145599769,6600.0,0.055404776354444622,0.1735131254742639,0.22863334506099342,0.27055605143317474,0.27189270167712348,4.0
LeGarrette Blount,RB,NE,17.049650212313267,6300.0,0.055998377436710524,0.17511544030939599,0.2158529735254425,0.29542959716164391,0.25760361156680739,3.0
Jeremy Hill,RB,CIN,16.700068721367128,6600.0,0.064294098557046486,0.18836661164809776,0.23555348251130692,0.25371270898272213,0.25807309830082686,4.0
Tevin Coleman,RB,ATL,16.635434258234078,6500.0,0.080390240302741292,0.19127748003615211,0.2115008344129862,0.2519060984319893,0.26492534681613139,4.0
Lamar Miller,RB,HOU,16.104500433249708,7200.0,0.074189934632026472,0.20146102637039828,0.25094541721354846,0.23446867758387982,0.2389349442001468,2.0
Spencer Ware,RB,KC,16.037043455483385,6700.0,0.062776692958445734,0.20480628080347635,0.25200911912722812,0.25746372682837221,0.22294418028247778,3.0
Doug Martin,RB,TB,15.902651648772789,6500.0,0.060695696826197354,0.21010236220748474,0.25825405217254738,0.25451741006550405,0.21643047872826657,2.0
Mark Ingram,RB,NO,15.894596726568597,6400.0,0.087164949853290777,0.19896885498968483,0.22488043465601895,0.26369282469741323,0.22529293580359222,3.0
Frank Gore,RB,IND,15.736300340557801,5900.0,0.081753264052644534,0.20936930708064139,0.25325313974607228,0.22981964344990222,0.22580464567073957,2.0
Melvin Gordon,RB,SD,15.579836822638441,8000.0,0.12462137752428461,0.18825551275648297,0.21035862233628955,0.24608402940302368,0.23068045797991915,3.0
Rashad Jennings,RB,NYG,14.94263726454029,5700.0,0.086495821871384507,0.23264967723660213,0.27088608569244593,0.21628827172442297,0.19368014347514451,2.0
DeMarco Murray,RB,TEN,14.779436564531981,7400.0,0.14384415483649413,0.20721600687610217,0.22117744472648723,0.21855069920308817,0.20921169435782822,2.0
Jerick McKinnon,RB,MIN,14.566340000026177,5600.0,0.098241727826245975,0.2476050540063186,0.26513603690430315,0.20168144990276698,0.18733573136036527,2.0
Matt Asiata,RB,MIN,14.431949589166582,5500.0,0.1028065227955291,0.24166759697193987,0.26696765512438059,0.21051329099288463,0.17804493411526573,2.0
Darren Sproles,RB,PHI,14.274975038332535,5400.0,0.12325212089133214,0.25194217426643095,0.23119772208450784,0.20967460637457974,0.1839333763831493,1.0
Kenneth Dixon,RB,BAL,14.080201371986753,5100.0,0.13074685789595228,0.23597587123496236,0.23618456817491038,0.23052583920215761,0.16656686349201721,2.0
Terrance West,RB,BAL,14.072092750066503,5700.0,0.13604757989825519,0.23809317916279135,0.23785240150616832,0.2133668196168578,0.17464001981592719,1.0
T.J. Yeldon,RB,JAC,14.045014672546822,5400.0,0.11419423832879141,0.24704278704460716,0.25787318958804772,0.21947201976935307,0.16141776526920051,2.0
Tim Hightower,RB,NO,13.774851061003007,5400.0,0.15080668146331486,0.24399306139635385,0.23260752428558248,0.20139917138721425,0.17119356146753451,1.0
Dion Lewis,RB,NE,13.679015961677001,5100.0,0.17180051809530653,0.24493849343428864,0.2032782156892658,0.20223879310947407,0.177743979671665,1.0
Devontae Booker,RB,DEN,13.163061894210131,5200.0,0.17058791650360219,0.24787359299353859,0.23848746193267087,0.19160671806115517,0.15144431050903281,1.0
Rex Burkhead,RB,CIN,13.122723236029515,4500.0,0.19198296149685209,0.23623025905865347,0.2150801150739752,0.20149299841542315,0.15521366595509625,1.0
Ty Montgomery,RB,GB,13.098050530457961,5000.0,0.18603834099110034,0.25543756074053681,0.20381645408830948,0.19774096232634314,0.15696668185371038,1.0
Isaiah Crowell,RB,CLE,12.974721385542782,5500.0,0.19236195730545294,0.23562547165990425,0.23580395781004615,0.18457459316268868,0.15163402006190801,2.0
Jalen Richard,RB,OAK,12.794375660682753,4900.0,0.21874535659480759,0.23247091901950237,0.21283161737221065,0.17879824408060394,0.1571538629328755,1.0
Dwayne Washington,RB,DET,12.65527066075823,5000.0,0.18213113429161173,0.26173765214319294,0.23451163874431447,0.18744578359800848,0.13417379122287254,1.0
Paul Perkins,RB,NYG,12.393170538461154,4500.0,0.20628020108518544,0.2554828927724101,0.22968386809785538,0.17330329220836344,0.1352497458361854,1.0
Mike Gillislee,RB,BUF,12.227856445411273,5000.0,0.24738206168574678,0.23824734055841859,0.19844516475939053,0.17086250499015485,0.1450629280062892,0.0
Kenneth Farrow,RB,SD,12.088952967074416,6000.0,0.24104604084692804,0.25133766252400991,0.20420659411704067,0.16428544846373008,0.13912425404829123,1.0
Christine Michael,RB,GB,11.952807615897846,4900.0,0.25133824591648274,0.24750278801681477,0.19688209989480476,0.16969129142891737,0.13458557474298052,0.0
Derrick Henry,RB,TEN,11.936259049660835,4900.0,0.24072864327677754,0.25312965862106596,0.21249875928995857,0.1623646122943618,0.13127832651783611,1.0
Wendell Smallwood,RB,PHI,11.907428292450263,5300.0,0.24083182455953356,0.25115859746058106,0.21246455487615587,0.16803987031734136,0.12750515278638827,1.0
Alfred Blue,RB,HOU,11.784275426317139,5000.0,0.25011258592649577,0.25665782652659586,0.20734473221613586,0.15474356400587527,0.13114129132489719,1.0
James Starks,RB,GB,11.716123925423862,5200.0,0.28007261624608043,0.2308607997453247,0.19268938703215521,0.1612357488381124,0.13514144813832729,0.0
Robert Turbin,RB,IND,11.304610431953169,4500.0,0.26886831076072126,0.25674128796644757,0.21521808165488668,0.14068124911371294,0.11849107050423167,0.0
James White,RB,NE,11.146842322202719,4500.0,0.26869914381651505,0.27336685097899854,0.18305355085770678,0.1687791948644625,0.10610125948231715,1.0
Theo Riddick,RB,DET,10.973065770055182,5500.0,0.2963948720179439,0.24263066019471105,0.19820484414561648,0.15586404980176569,0.10690557383996284,0.0
Aaron Ripkowski,RB,GB,10.611737144051506,4600.0,0.34789713824690194,0.2317240100462524,0.16511637701001525,0.13742117843541934,0.117841296261411,0.0
Shaun Draughn,RB,SF,10.542841583844112,4700.0,0.30549804919733975,0.26072203066673405,0.20709771443166378,0.12524050965387257,0.10144169605038968,0.0
Jonathan Grimes,RB,HOU,10.479961993054493,4500.0,0.31115737120182435,0.26837906982646914,0.18011109833829012,0.14181896055037654,0.098533500083039932,0.0
Zach Zenner,RB,DET,10.44808168995389,4700.0,0.30780099207908274,0.26543847575501756,0.18550966062287069,0.14948850099865582,0.091762370544373029,0.0
Charcandrick West,RB,KC,9.5966239078876292,4900.0,0.35860619980437358,0.25504884758243734,0.17736359566445922,0.13593948822073723,0.073041868727992482,0.0
Denard Robinson,RB,JAC,9.5878640714128807,4500.0,0.38747559062454828,0.23734983285177047,0.16217443061828743,0.12625067291417399,0.086749472991219767,0.0
Justin Forsett,RB,DEN,9.0387492624965411,5400.0,0.40782015555497986,0.24616815506215403,0.16715687239358751,0.10257341631642154,0.076281400672857172,0.0
Ryan Mathews,RB,PHI,9.0081748487166919,5000.0,0.40558393834955903,0.23983477718529497,0.17379084422006547,0.11205156689201271,0.068738873353068011,0.0
Chris Ivory,RB,JAC,8.5700009533910197,5300.0,0.45112716702771166,0.21946540835125536,0.1609439476266325,0.10156089455820794,0.066902582436192654,0.0
Terron Ward,RB,ATL,8.2793928221536923,4500.0,0.45895376397276377,0.22639391001567552,0.15465569996575967,0.10392327550734436,0.056073350538456489,0.0
Akeem Hunt,RB,HOU,8.112314991465464,4500.0,0.46851729490294153,0.23268998076598496,0.15568167061978955,0.083480447649813549,0.059630606061470547,0.0
Charles Sims,RB,TB,8.1065854121656304,4900.0,0.45944355790784752,0.24374986066693624,0.15037265953845977,0.091425867075156472,0.055008054811600149,0.0
Jacquizz Rodgers,RB,TB,8.0859124184221631,4800.0,0.46417710980595933,0.24171389450389552,0.14404922644870019,0.095183437817923724,0.054876331423521031,0.0
DuJuan Harris,RB,SF,7.9338437464816485,4500.0,0.48131961294633485,0.23043883631783438,0.15019755268674262,0.081322872665990295,0.056721125383098023,0.0
Alfred Morris,RB,DAL,7.8859322015885223,4800.0,0.48435561195364896,0.24455515036428577,0.12780239960039108,0.084420447478628674,0.058866390603045528,0.0
Peyton Barber,RB,TB,7.8816488136656186,4600.0,0.46828452178023638,0.24698390619473684,0.1459207455981939,0.090382072002232847,0.048428754424600109,0.0
Jeremy Langford,RB,CHI,7.7060262075837196,4800.0,0.47301273466493582,0.25706926392777879,0.13546467972094059,0.090514660451124551,0.04393866123522007,0.0
John Kuhn,RB,NO,7.6871633333119558,4500.0,0.49301041342457852,0.2454106602298998,0.11891584629073122,0.092182650580127548,0.050480429474662969,0.0
Kerwynn Williams,RB,ARI,7.4951838037593825,4500.0,0.51958053182012776,0.21113797239490797,0.1300351862679669,0.095210514608980765,0.04403579490801679,0.0
Corey Grant,RB,JAC,7.3703322414593044,4500.0,0.51725982517273916,0.22522498489397602,0.13099566815577471,0.083602897075988072,0.042916624701522028,0.0
Fitzgerald Toussaint,RB,PIT,7.2866579493019952,4500.0,0.52762690163632586,0.2234612743698435,0.12651205844377209,0.076941004768924279,0.04545876078113429,0.0
Ka'Deem Carey,RB,CHI,7.2472095832504078,4500.0,0.51548242652913157,0.24198498650851655,0.12107669567671996,0.081081545313140532,0.040374345972491558,0.0
Jordan Todman,RB,IND,7.1864791834158375,4500.0,0.54270073577798239,0.21623026749730356,0.11541224214540571,0.080348426116457275,0.045308328462851051,0.0
Travaris Cadet,RB,NO,7.0486083876566799,4500.0,0.52321991334272266,0.24144909288374145,0.12767257259259401,0.071677550813109489,0.035980870367832381,0.0
Kyle Juszczyk,RB,BAL,6.7931689779077722,4500.0,0.52544038804082238,0.25872031713107468,0.11556937710437409,0.073083929295510816,0.027185988428218046,0.0
Kenjon Barner,RB,PHI,6.7294932567760464,4700.0,0.55804849657833266,0.22154095306525701,0.11973516852074653,0.067530895539076749,0.033144486296587082,0.0
Andre Ellington,RB,ARI,6.683281477347176,4500.0,0.56650470194563451,0.21815066002096858,0.11462269675093026,0.065884174042783974,0.034837767239682578,0.0
Reggie Bush,RB,BUF,6.6562758158800488,4500.0,0.570172364637483,0.21152231975618477,0.12079514089522939,0.063265359712679783,0.034244814998423072,0.0
Josh Ferguson,RB,IND,6.4251713764291001,4500.0,0.59713798709683796,0.19522666580152911,0.11671868144619257,0.057468565805206054,0.033448099850234121,0.0
Bobby Rainey,RB,NYG,6.3776754455692117,4500.0,0.5934022803305492,0.20096093646373961,0.11393642674401053,0.063060264550909115,0.028640091910791671,0.0
Adrian Peterson,RB,MIN,6.2721176443040196,6300.0,0.63305091926532209,0.16898609949697677,0.10576287559954384,0.053275561138049897,0.038924544500107232,0.0
Jamaal Charles,RB,KC,6.2260824420968497,6300.0,0.634829738263337,0.16997250189602695,0.1041288967162541,0.05355702163730576,0.037511841487075939,0.0
Jonathan Williams,RB,BUF,6.2227150020963,4500.0,0.61324056254691883,0.19814821028406615,0.10088394091537464,0.055149266436230832,0.032578019817409487,0.0
Lance Dunbar,RB,DAL,6.1320581503853262,4500.0,0.60049834821248183,0.21115898386678192,0.10859388636519034,0.056221370030240726,0.023527411525305481,0.0
Taiwan Jones,RB,OAK,5.7460244606344268,4500.0,0.64786656901877326,0.1883612437346692,0.092628348754295112,0.046281664329526878,0.024862174162735524,0.0
Shane Vereen,RB,NYG,5.622030471490155,4600.0,0.64025791962385259,0.20087170100220036,0.095764240865502379,0.046031140092648741,0.017074998415796253,0.0
Jamize Olawale,RB,OAK,5.6022570350594201,4500.0,0.64541950017275274,0.20208295959710845,0.092235994441713626,0.039016817321996397,0.021244728466428914,0.0
Knile Davis,RB,KC,5.5957691037756643,4500.0,0.65336534065279128,0.19245096616366325,0.089246386870481531,0.043578041548537422,0.021359264764526278,0.0
Zach Line,RB,MIN,5.5787811879270972,4500.0,0.66339446326050089,0.1757596373011856,0.096764321554861046,0.042392288473790014,0.021689289409662166,0.0
Juwan Thompson,RB,DEN,5.4403882193032373,4500.0,0.66907932256135638,0.18243920910888833,0.087898781029963721,0.041345562982808871,0.019237124316982771,0.0
Derek Watt,RB,SD,5.3749833382802557,4500.0,0.68376132856379068,0.17152927153736194,0.083695200904620834,0.039800440063519162,0.021213758930707299,0.0
James Develin,RB,NE,5.3064526071617895,4500.0,0.68776058381993677,0.17620193926364575,0.079691221580672739,0.033679306135691679,0.022666949200053032,0.0
Keith Smith,RB,DAL,5.2391272196772007,4500.0,0.69329255795709377,0.16946804065999241,0.077815703711542838,0.041641736536071984,0.017781961135299264,0.0
Brandon Bolden,RB,NE,5.1783149884537805,4500.0,0.69913854181628832,0.17044593530102614,0.076703392344157531,0.033442576104195168,0.020269554434332621,0.0
Joique Bell,RB,DET,5.1453783179582357,4600.0,0.69784428391500031,0.16523754694952753,0.084749843372081163,0.037034944720278032,0.015133381043113283,0.0
Duke Johnson Jr.,RB,CLE,5.0510648169929437,4800.0,0.70686044720042829,0.16491756396390916,0.077413227299339471,0.035591697445510898,0.015217064090812318,0.0
Ryan Hewitt,RB,CIN,5.0492229631479209,4500.0,0.71048166353519149,0.16420165473029877,0.072315179244523214,0.036198273713874698,0.016803228776111834,0.0
Jalston Fowler,RB,TEN,5.0070292414467037,4500.0,0.71772289171329828,0.1557943397786539,0.073174979755653388,0.037572515655515872,0.015735273096878631,0.0
Antonio Andrews,RB,TEN,5.0070292414467037,4500.0,0.71772289171329828,0.1557943397786539,0.073174979755653388,0.037572515655515872,0.015735273096878631,0.0
Ronnie Hillman,RB,SD,4.9915978600474329,4600.0,0.71321307634119746,0.16209294183437595,0.076228167519630269,0.033116673416212529,0.015349140888584087,0.0
Stepfan Taylor,RB,ARI,4.9876216201284009,4500.0,0.72218982319759473,0.14894876338039775,0.077146795192147427,0.036059372001297496,0.015655246228562729,0.0
Roy Helu Jr.,RB,OAK,4.9795601486060885,4500.0,0.72658060943715352,0.15060490676859783,0.073127835160887167,0.029690045941057355,0.019996602692304268,0.0
Patrick DiMarco,RB,ATL,4.965901526085764,4500.0,0.70741009613428796,0.17409920870255197,0.077143393769967691,0.025046339475156706,0.016300961918035518,0.0
Roosevelt Nix,RB,PIT,4.9628637962117743,4500.0,0.71373556432774921,0.16352938540152842,0.076536608903820233,0.031248508593910818,0.014949932772991528,0.0
Michael Burton,RB,DET,4.959464968657084,4500.0,0.71784375680020962,0.1540980123201304,0.079571308013980449,0.035210284151165033,0.01327663871451462,0.0
Orleans Darkwa,RB,NYG,4.9453205264572118,4500.0,0.72095555334119299,0.1540409902500838,0.076714236472638461,0.033598427020953531,0.01469079291513112,0.0
Cedric Peerman,RB,CIN,4.9246916790500626,4500.0,0.72237391235011217,0.15760862909462448,0.071594610475685716,0.032874071469464784,0.015548776610113111,0.0
Jhurell Pressley,RB,ATL,4.8972904794650756,4500.0,0.72259426413775651,0.15947920374729135,0.073166723367023026,0.029013401080773205,0.015746407667156001,0.0
Gus Johnson,RB,ATL,4.8972904794650756,4500.0,0.72259426413775651,0.15947920374729135,0.073166723367023026,0.029013401080773205,0.015746407667156001,0.0
Cyrus Gray,RB,ATL,4.8972904794650756,4500.0,0.72259426413775651,0.15947920374729135,0.073166723367023026,0.029013401080773205,0.015746407667156001,0.0
Stevan Ridley,RB,ATL,4.8972904794650756,4500.0,0.72259426413775651,0.15947920374729135,0.073166723367023026,0.029013401080773205,0.015746407667156001,0.0
Jay Prosch,RB,HOU,4.8964508830565538,4500.0,0.72926283784653734,0.14750920758691896,0.074627604699137193,0.033910465857847238,0.014689884009559239,0.0
Jerome Felton,RB,BUF,4.8907181945262366,4500.0,0.71977719319136346,0.16027435939326928,0.0764560205835631,0.029700443692028559,0.013791983139775657,0.0
Andre Williams,RB,SD,4.8882457282113885,4500.0,0.72480786976735501,0.15520594755075498,0.074413066185990348,0.030814030003162976,0.014759086492736892,0.0
Dexter McCluster,RB,SD,4.8882457282113885,4500.0,0.72480786976735501,0.15520594755075498,0.074413066185990348,0.030814030003162976,0.014759086492736892,0.0
DeAndre Washington,RB,OAK,4.8857646864914077,4500.0,0.72635946346688773,0.15343403109917561,0.075657018838558077,0.029046923101037864,0.015502563494341084,0.0
Javorius Allen,RB,BAL,4.8709637392579648,4500.0,0.72599816654194893,0.15475081601068341,0.072989522969006598,0.032390133491235387,0.013871360987125509,0.0
Glenn Gronkowski,RB,NE,4.8706916486777301,4500.0,0.72577951941015006,0.15551713809701267,0.073890429211170006,0.030252275933191023,0.014560637348476379,0.0
D.J. Foster,RB,NE,4.8706916486777301,4500.0,0.72577951941015006,0.15551713809701267,0.073890429211170006,0.030252275933191023,0.014560637348476379,0.0
Donald Brown,RB,NE,4.8706916486777301,4500.0,0.72577951941015006,0.15551713809701267,0.073890429211170006,0.030252275933191023,0.014560637348476379,0.0
Joey Iosefa,RB,NE,4.8706916486777301,4500.0,0.72577951941015006,0.15551713809701267,0.073890429211170006,0.030252275933191023,0.014560637348476379,0.0
Glenn Winston,RB,CLE,4.8654843016728133,4500.0,0.72640917524729542,0.15479726874635391,0.073067047363445367,0.031732120269864945,0.013994388373040562,0.0
Patrick Skov,RB,CLE,4.8654843016728133,4500.0,0.72640917524729542,0.15479726874635391,0.073067047363445367,0.031732120269864945,0.013994388373040562,0.0
Darius Jackson,RB,CLE,4.8654843016728133,4500.0,0.72640917524729542,0.15479726874635391,0.073067047363445367,0.031732120269864945,0.013994388373040562,0.0
George Atkinson III,RB,CLE,4.8654843016728133,4500.0,0.72640917524729542,0.15479726874635391,0.073067047363445367,0.031732120269864945,0.013994388373040562,0.0
Bishop Sankey,RB,MIN,4.858739455086206,4500.0,0.72655079022207658,0.15517868445748273,0.073615122629169485,0.0305063014002292,0.014149101291042148,0.0
C.J. Ham,RB,MIN,4.858739455086206,4500.0,0.72655079022207658,0.15517868445748273,0.073615122629169485,0.0305063014002292,0.014149101291042148,0.0
Paul Lasike,RB,CHI,4.8518185239827254,4500.0,0.7302693334032595,0.14995085308365097,0.072921586361426177,0.033260228137642782,0.013597999014020635,0.0
Bruce Miller,RB,SF,4.8513228169860554,4500.0,0.727257332846594,0.15466889333948866,0.073144075228917069,0.031122329047045677,0.01380736953795475,0.0
Raheem Mostert,RB,SF,4.8513228169860554,4500.0,0.727257332846594,0.15466889333948866,0.073144075228917069,0.031122329047045677,0.01380736953795475,0.0
Kendall Gaskins,RB,SF,4.8513228169860554,4500.0,0.727257332846594,0.15466889333948866,0.073144075228917069,0.031122329047045677,0.01380736953795475,0.0
Mike Davis,RB,SF,4.8513228169860554,4500.0,0.727257332846594,0.15466889333948866,0.073144075228917069,0.031122329047045677,0.01380736953795475,0.0
Daniel Lasco,RB,NO,4.8505840517877239,4500.0,0.72600777807573291,0.15526976902665987,0.076475449913061905,0.028184949964095828,0.014062053020449748,0.0
Darrel Young,RB,CHI,4.8470884900738138,4500.0,0.7278996728359699,0.15451858058134355,0.072713603132779664,0.030921151122651688,0.013946992327255381,0.0
David Cobb,RB,CHI,4.8470884900738138,4500.0,0.7278996728359699,0.15451858058134355,0.072713603132779664,0.030921151122651688,0.013946992327255381,0.0
Darren McFadden,RB,DAL,4.841754443834601,4500.0,0.72905353248813587,0.15378861089419968,0.072895580265623122,0.029868561037901462,0.014393715314139976,0.0
Rod Smith,RB,DAL,4.841754443834601,4500.0,0.72905353248813587,0.15378861089419968,0.072895580265623122,0.029868561037901462,0.014393715314139976,0.0
Sam Bergen,RB,TEN,4.8365487109532017,4500.0,0.72918567096768283,0.15474803035994028,0.072122302234524982,0.029349949218614241,0.014594047219237705,0.0
Christian Powell,RB,PIT,4.8334844895783666,4500.0,0.72928238526806544,0.1544110916217829,0.072421562249983806,0.029569841174800549,0.014315119685367446,0.0
DeAngelo Williams,RB,PIT,4.8334844895783666,4500.0,0.72928238526806544,0.1544110916217829,0.072421562249983806,0.029569841174800549,0.014315119685367446,0.0
Dreamius Smith,RB,PIT,4.8334844895783666,4500.0,0.72928238526806544,0.1544110916217829,0.072421562249983806,0.029569841174800549,0.014315119685367446,0.0
Daryl Richardson,RB,PIT,4.8334844895783666,4500.0,0.72928238526806544,0.1544110916217829,0.072421562249983806,0.029569841174800549,0.014315119685367446,0.0
Tyler Ervin,RB,HOU,4.8274025240792477,4500.0,0.7292082037919756,0.15340133480542911,0.073297152800196747,0.030811333161265896,0.013281975441132614,0.0
Soma Vainuku,RB,HOU,4.8274025240792477,4500.0,0.7292082037919756,0.15340133480542911,0.073297152800196747,0.030811333161265896,0.013281975441132614,0.0
Chris Johnson,RB,ARI,4.8273716246098379,4500.0,0.72907121513347828,0.15383750024187737,0.073388939157567223,0.030201581481587483,0.013500763985489696,0.0
Lorenzo Taliaferro,RB,BAL,4.826964501189642,4500.0,0.72881564952854205,0.15558982372537838,0.070923604718323208,0.031093681630702665,0.013577240397053712,0.0
Trey Williams,RB,IND,4.8233673725682618,4500.0,0.73011341951530762,0.1535608168990083,0.072329173907276265,0.030210773372460687,0.013785816305947192,0.0
Andy Janovich,RB,DEN,4.8201051414631824,4500.0,0.72761988365465469,0.15576363427293599,0.07294288546439702,0.031133263301264237,0.012540333306747984,0.0
John Crockett,RB,GB,4.8194888081545706,4500.0,0.73007149531829241,0.15324353770730131,0.073559275462394672,0.029462252126896241,0.013663439385115383,0.0
Don Jackson,RB,GB,4.8194888081545706,4500.0,0.73007149531829241,0.15324353770730131,0.073559275462394672,0.029462252126896241,0.013663439385115383,0.0
Will Johnson,RB,NYG,4.81729776638256,4500.0,0.72926115179648121,0.15435122446453653,0.073568774745349938,0.029413156057481245,0.01340569293615123,0.0
Nikita Whitlock,RB,NYG,4.81729776638256,4500.0,0.72926115179648121,0.15435122446453653,0.073568774745349938,0.029413156057481245,0.01340569293615123,0.0
Ameer Abdullah,RB,DET,4.8125977070134258,4500.0,0.7295908783143461,0.1545596339389414,0.071915794257269891,0.031002798097092339,0.012930895392350331,0.0
Mike James,RB,DET,4.8003718772730348,4500.0,0.73021275380479067,0.15436040831542724,0.072063823783038328,0.030764103183595241,0.01259891091314861,0.0
Toben Opurum,RB,DEN,4.8003555948667511,4500.0,0.7307154251305028,0.15409612195450778,0.071806541788999687,0.030495439100840627,0.012886472025149292,0.0
Terrell Watson,RB,DEN,4.8003555948667511,4500.0,0.7307154251305028,0.15409612195450778,0.071806541788999687,0.030495439100840627,0.012886472025149292,0.0
Byron Marshall,RB,PHI,4.7929545502392656,4500.0,0.73256824294208667,0.15381633146228288,0.069205839386726489,0.031155929734741829,0.013253656474162157,0.0
Jonas Gray,RB,JAC,4.792778367085468,4500.0,0.73100479945288166,0.15424909324793071,0.071260070168451803,0.030954705754715265,0.012531331376020636,0.0
Bronson Hill,RB,JAC,4.792778367085468,4500.0,0.73100479945288166,0.15424909324793071,0.071260070168451803,0.030954705754715265,0.012531331376020636,0.0
Anthony Sherman,RB,KC,4.7888643487981994,4500.0,0.73264382830620489,0.15231537543048504,0.071307467908784269,0.031076298975322287,0.012657029379203513,0.0
Sione Houma,RB,NO,4.783602371311563,4500.0,0.73296579804411255,0.15260741084341978,0.071844669248456852,0.029511178132032582,0.013070943731978422,0.0
Marcus Murphy,RB,NO,4.783602371311563,4500.0,0.73296579804411255,0.15260741084341978,0.071844669248456852,0.029511178132032582,0.013070943731978422,0.0
