name,pos,team,expectation,salary,prob_0_5,prob_5_10,prob_10_15,prob_15_20,prob_20_25,prob_25+
Antonio Brown,WR,PIT,12.719173251561768,8900,0.17793243635694439,0.24004494484525229,0.22420506722151357,0.16514708436064834,0.10341401813607827,0.089256449079563205
Julian Edelman,WR,NE,12.467902582921365,6100,0.17196026755467647,0.23165209009463772,0.26904404752521116,0.16547538094092532,0.081926880806310734,0.079941333078238794
Jordy Nelson,WR,GB,12.375188012777437,7800,0.17635093798727489,0.2539722632705112,0.23414361360576272,0.16392323389656155,0.097041345815683328,0.074568605424206555
A.J. Green,WR,CIN,12.111162251408452,8200,0.18494611856547852,0.25753625785644663,0.23064902578250285,0.17096949280758367,0.089005862502456026,0.066893242485532523
Randall Cobb,WR,GB,11.731304005058524,6500,0.19421269159685703,0.279605854308697,0.22940944184313367,0.14878634475752636,0.078451308724769658,0.069534358769016522
Mike Evans,WR,TB,11.697537839813311,8000,0.18583999831295064,0.28428840859466614,0.24880043495062826,0.13736080442468004,0.07301589239267621,0.070694461324398813
Doug Baldwin,WR,SEA,11.480361302813877,6700,0.20084969178494358,0.26519218576753661,0.26293151703827378,0.13335365687112782,0.083408672585282423,0.054264275952835631
Jeremy Maclin,WR,KC,11.404279864764929,6400,0.19896621109553492,0.28310103973801615,0.24923562650567702,0.13432490464539415,0.075552123809453545,0.05882009420592383
Dez Bryant,WR,DAL,11.33742134443958,7400,0.25148291546827584,0.26973886657225921,0.17247722353181436,0.13201865900058238,0.11467669888506257,0.059605636542006041
DeSean Jackson,WR,WAS,11.327934559990466,6000,0.22205734034695404,0.2647779761669794,0.23382580446437712,0.14646335993881768,0.070610348328455488,0.062265170754416836
T.Y. Hilton,WR,IND,11.048388479646178,7900,0.23584730877739646,0.27402503332267009,0.23129436497661476,0.11561353085031024,0.089875470262634552,0.053344291810373437
Sterling Shepard,WR,NYG,10.90849296711442,5900,0.23671840671950645,0.27587309558416567,0.23171615685624011,0.13673247676218744,0.062603566549824477,0.05635629752807559
Pierre Garcon,WR,WAS,10.814198404535741,5700,0.25060723674210628,0.27315190290579028,0.21679593633308378,0.13484148210733074,0.071445750545248363,0.053157691366440898
Allen Robinson,WR,JAC,10.793951176462155,7300,0.22648129691701913,0.30217873862187916,0.22949726720260344,0.12351172560999443,0.064573072807155338,0.053757898841348115
Davante Adams,WR,GB,10.743010257719925,7600,0.25249779615251355,0.26710937193727602,0.23095272747510098,0.12931775051801922,0.068977796483002674,0.051144557434087697
Jarvis Landry,WR,MIA,10.673543261530622,6900,0.2663505450968115,0.25141216363789165,0.23770213697791884,0.11450905984281577,0.085765437038863065,0.04426065740569908
Alshon Jeffery,WR,CHI,10.623881839991293,6900,0.24665036138960897,0.28780914082570691,0.2231692657777809,0.12544436363765907,0.070338737142211477,0.046588131227033293
Danny Amendola,WR,NE,10.593276571144616,4500,0.29318001912572406,0.23344505813783956,0.22251514705838182,0.12228268934211492,0.069553537731725165,0.059023548604214868
Odell Beckham Jr.,WR,NYG,10.54858752098807,9000,0.33172074530693763,0.24258451392495498,0.15058226124167018,0.12499254611208453,0.059608837618699118,0.090511095795653695
Golden Tate,WR,DET,10.537167845605991,6600,0.28188496500431931,0.26374686152206422,0.19140665473965035,0.14348367967075315,0.066966836208489811,0.052511002854722939
Donte Moncrief,WR,IND,10.53143585606718,6500,0.28655485116853269,0.24944301040210623,0.21643485764350379,0.11756289310118523,0.078736172202594129,0.051268215482078008
Stefon Diggs,WR,MIN,10.408640826514898,6800,0.27143988976974187,0.29123166250701649,0.20309485057925938,0.11569983604686006,0.055461511988746041,0.063072249108375944
Jordan Matthews,WR,PHI,10.367394821833264,5800,0.2472260646357875,0.30236693166138512,0.23279466046595812,0.10958908674540487,0.063360830920182271,0.044662425571281646
Brandon LaFell,WR,CIN,10.354326358132008,5300,0.26043139545518962,0.29096810531429029,0.21622165293380258,0.12830308523044784,0.057834200578184995,0.046241560488084518
Anquan Boldin,WR,DET,10.310321152834941,5200,0.26271440916802213,0.28559103830527305,0.22831233911611792,0.12004246790827684,0.056977617206901365,0.046362128295408714
Mike Wallace,WR,BAL,10.254130556220829,6800,0.2656554346620289,0.29346970884430357,0.22231077926225665,0.11305576332784273,0.053974015626020486,0.051534298277547776
Chris Hogan,WR,NE,10.251341029087826,6000,0.30983235039192031,0.23668650445317288,0.21665376511729945,0.12046344662815005,0.062935835801943188,0.053428097607514123
Allen Hurns,WR,JAC,10.140697159273845,5400,0.26827054078847895,0.30651677280557921,0.20874755551300359,0.10851410314383327,0.061169900153840641,0.046781127595264059
Larry Fitzgerald,WR,ARI,10.129634512880585,7000,0.25900087794033766,0.31514693622767975,0.20999583651159731,0.10949388581522064,0.069505681646240963,0.036856781858923333
Rishard Matthews,WR,TEN,10.124887333334229,6000,0.29669069680456772,0.28112881854508665,0.1892738821867283,0.11847835127183076,0.062275426026124424,0.052152825165662456
Tyler Lockett,WR,SEA,10.019669070430695,5000,0.30023870658102098,0.26180636702142113,0.21976484148444492,0.11430304779014373,0.059746564889450952,0.044140472233518503
Jamison Crowder,WR,WAS,9.7853311483280478,6300,0.32376958901201802,0.26738257896879569,0.19403491125240332,0.10918021648264543,0.054090342676620135,0.051542361607518024
Cole Beasley,WR,DAL,9.7502313253097643,6400,0.34614056831339346,0.2641928921641043,0.15394214869632569,0.11023432688151349,0.080184224862657652,0.045305839082005285
Sammie Coates,WR,PIT,9.7220714037896663,5000,0.33526658077006155,0.24463658527204205,0.20781190481677239,0.11057270336245624,0.056125353128360658,0.045586872650307017
Corey Coleman,WR,CLE,9.6465729913105971,5400,0.29870618228188506,0.30565782646630241,0.19324260906209095,0.11577403909472096,0.043247279087530691,0.043372064007469895
Phillip Dorsett,WR,IND,9.5921706621546488,4700,0.33536952984995622,0.26381038200441875,0.19655813126260646,0.096364878664129752,0.067072539185535698,0.040824539033353167
Tajae Sharpe,WR,TEN,9.5589316626884173,5100,0.32470585707578908,0.29192310018859785,0.18265559435483641,0.098740636175819921,0.051543925912831377,0.050430886292125471
Victor Cruz,WR,NYG,9.4452668969744558,4900,0.33466750545270613,0.27392459800226654,0.19695653097122293,0.10371861334555944,0.043603881727724177,0.047128870500520767
Nelson Agholor,WR,PHI,9.4046337209223037,5200,0.32589701817856298,0.2898089814684387,0.19670639876302848,0.092503790323643753,0.055225462112598912,0.039858349153727629
Sammy Watkins,WR,BUF,9.3793991198633471,5800,0.35913339361670571,0.24944265171340599,0.18696404577146924,0.10691567976827367,0.055959104239223685,0.041585124890921851
Eli Rogers,WR,PIT,9.1233454835162284,5500,0.37247025217377716,0.25414613646405199,0.18706305357195965,0.08909470394186142,0.057016527972058501,0.040209325876291273
Vincent Jackson,WR,TB,9.0943777068115192,4500,0.33530168185306042,0.30987547723125053,0.18204491905111722,0.084371848324689955,0.05023568664465769,0.038170386895223674
Tyler Boyd,WR,CIN,8.9595546382672104,4500,0.36959935231849522,0.27100723016536804,0.17456214351733462,0.10452137938220209,0.04333420077620069,0.036975693840399212
Eddie Royal,WR,CHI,8.8917252473060842,5200,0.36432098857844292,0.28265798815266252,0.18165335346281303,0.088860685892537858,0.046736622862405951,0.035770361051138073
DeVante Parker,WR,MIA,8.866961866223134,5800,0.4006763045564728,0.25591208756374051,0.1475194155195875,0.097840043471163138,0.061339420216957465,0.036712728672078455
Kevin White,WR,CHI,8.623299201288054,4500,0.38701690378160269,0.27647899773496021,0.17074128781500844,0.088044648028700087,0.046026490392109765,0.031691672247618895
Adam Humphries,WR,TB,8.559739551330793,5300,0.37838130458752478,0.28943210383618739,0.18045858787388547,0.076607046842714827,0.043827294144381863,0.031293662715305696
Torrey Smith,WR,SF,8.5583895664223242,4900,0.37784813610873602,0.28730627374570256,0.18145524003539013,0.084693802275898164,0.036102986531078247,0.032593561303194928
Terrance Williams,WR,DAL,8.5335286982228791,5300,0.47252450360691772,0.19535026923645521,0.14005686707033671,0.078574057999755004,0.071951948164495266,0.041542353922040198
Kenny Britt,WR,LARM,8.5176851012666113,6800,0.35247069994087821,0.33025372265595976,0.17309902159839941,0.08015997136195506,0.033477581899338575,0.030539002543468894
Robert Woods,WR,BUF,8.4472883072206812,5400,0.42550049691790576,0.24515523385962373,0.15140756729635596,0.10212875343478107,0.043938709769208523,0.031869238722124688
Jermaine Kearse,WR,SEA,8.4029941590447343,4600,0.42210227990611404,0.24923942436303001,0.16267674847314176,0.089629444027815031,0.044642937733306458,0.031709165496592501
Adam Thielen,WR,MIN,8.355137990403998,5900,0.41026277599157096,0.28757289262726776,0.1454642079706257,0.07221953830219166,0.046535250936013045,0.037945334172330654
Tavon Austin,WR,LARM,8.2658656506586325,5100,0.37114871442313174,0.3277244284561594,0.16566237005233095,0.075666478391451575,0.031865516988081086,0.027932491688845245
Marquise Goodwin,WR,BUF,8.2627660881461207,5300,0.4138673486641678,0.26703674227078705,0.16827394014308253,0.081510290128438287,0.042120669280663721,0.027191009512860433
Michael Floyd,WR,ARI,8.117345172220837,4900,0.41985441728075179,0.27662712281428675,0.16041989200239015,0.075491457371681239,0.03850779714439348,0.029099313386496527
Kenny Stills,WR,MIA,8.0643668615039097,5900,0.4337127429124899,0.26532410636727305,0.1616245646888817,0.065840341089775919,0.040712111421480665,0.032786133520099028
Breshad Perriman,WR,BAL,8.0213195204665109,5100,0.42152682469389491,0.27727895542034825,0.16720969816350525,0.071622372962237474,0.03411231034084293,0.02824983841917177
Jeremy Kerley,WR,SF,8.0002994509089191,5300,0.41840447829727495,0.28466794317673189,0.16532179825020268,0.068200336716430915,0.03687987744144524,0.026525566117914547
John Brown,WR,ARI,7.9491396330005148,5900,0.4355465194269128,0.28081978698721138,0.14326709442017982,0.067401037195244651,0.044556970665456018,0.028408591304994853
Marqise Lee,WR,JAC,7.7690106548161886,4800,0.43090926515105638,0.2892232216133182,0.15984576165449743,0.063895635323984484,0.027430101216745262,0.028696015040398041
Malcolm Mitchell,WR,NE,7.5318356910700484,4500,0.50411405557153011,0.21709945618181317,0.14571097612174941,0.064719391390261824,0.03809304805531466,0.030263072679330726
Quinton Patton,WR,SF,7.4967500967917866,4600,0.46544467386147992,0.26721619969481003,0.14823867760042839,0.065171707997959794,0.029502363757798519,0.024426377087523408
Marvin Jones Jr.,WR,DET,7.3783850410397784,6500,0.51656985972206848,0.21831560777812489,0.13805546844581321,0.063332616533032585,0.027379623665700691,0.03634682385526071
Paul Richardson,WR,SEA,7.2753158941890632,4500,0.52586993171802443,0.21333433428648885,0.13459528997771522,0.060064662220911724,0.038334631051141245,0.027801150745718609
Josh Doctson,WR,WAS,7.2463282643453617,4500,0.53484408772078806,0.20988998353712859,0.12314853002374211,0.068345810127743739,0.030816764051762143,0.0329548245388359
Cameron Meredith,WR,CHI,7.1165361802837914,5600,0.55431741432797255,0.1996790375036735,0.11666831490981333,0.065638510006614192,0.025107577546020089,0.038589145705906977
Steve Smith Sr.,WR,BAL,7.1119734988588492,5500,0.53607479690760207,0.22398492963195626,0.12415749275165099,0.051518918403449077,0.025781282100547757,0.038482580204794593
Kamar Aiken,WR,BAL,7.1080072114788422,4900,0.53616838116160281,0.20291133966408742,0.14956614335902943,0.053831518015065777,0.029549827132651633,0.027972790667563585
Greg Salas,WR,BUF,7.0618148440506801,4500,0.49609172609854502,0.27630496040708641,0.11273108374597297,0.071361890655399149,0.02104152652007554,0.022468812572920802
Chris Conley,WR,KC,7.041057065617931,4800,0.51389236484557221,0.25234555729947078,0.12271271546862826,0.059994498765793616,0.024817389513199343,0.026237474107336067
Terrelle Pryor Sr.,WR,CLE,7.0385200020627252,7200,0.54491973490682544,0.22292020254303929,0.11695891520898026,0.051269947480973965,0.022599874292283797,0.041331325567897585
Laquon Treadwell,WR,MIN,6.931431175838731,4500,0.55812044861888765,0.20377748924932931,0.11834853363735133,0.067058122071760359,0.018839719684923616,0.033855686737747748
Charles Johnson,WR,MIN,6.9209934924125855,4600,0.52480274566993379,0.25256570266199274,0.11751921672846272,0.052525324266165282,0.023916463802121465,0.028670546871323473
Tyreek Hill,WR,KC,6.889114781304337,5400,0.54803772527778216,0.21565725972131367,0.12345488646113763,0.061562265421646251,0.025870188238260473,0.025417674879859561
Cordarrelle Patterson,WR,MIN,6.8491028612792428,5300,0.54476951265677653,0.23356782372646168,0.10873623910967281,0.062087652420993775,0.021676547383413285,0.029162224702681386
Rashad Greene Sr.,WR,JAC,6.8195980902094622,4500,0.54848412647452471,0.23514881548139974,0.12017481724823678,0.040618969721784276,0.011302096471609766,0.044271174602445403
Tony Washington,WR,JAC,6.8195980902094622,4500,0.54848412647452471,0.23514881548139974,0.12017481724823678,0.040618969721784276,0.011302096471609766,0.044271174602445403
Bryan Walters,WR,JAC,6.8195980902094622,4500,0.54848412647452471,0.23514881548139974,0.12017481724823678,0.040618969721784276,0.011302096471609766,0.044271174602445403
J.J. Nelson,WR,ARI,6.812487644031906,5800,0.55258200681948288,0.22724408569152041,0.11707107517045513,0.043742130479432234,0.026918607859895364,0.032442093979214409
Jaron Brown,WR,ARI,6.8080666398283487,4500,0.52587573712048141,0.25304666843404133,0.12020219750238768,0.05711589148930106,0.021982937209993093,0.021776568243795494
Andrew Hawkins,WR,CLE,6.7655296229136814,4500,0.5396992221365986,0.25187046279593112,0.097561633592748845,0.062333190790021538,0.023564831192254942,0.024970659492444664
Dorial Green-Beckham,WR,PHI,6.6981598434118572,4800,0.53764224476563049,0.24702508953715394,0.12177284188215781,0.048456108215159527,0.021825707264067316,0.023278008335830807
Brian Quick,WR,LARM,6.694919392205712,4500,0.54470606287841883,0.24867663286740979,0.11060394908565714,0.047338679605880202,0.016290069228391654,0.032384606334242234
Arrelious Benn,WR,JAC,6.6224488162531383,4500,0.56901208216437427,0.22392418535122338,0.11283381587248335,0.041017535830572244,0.014216565244014216,0.038995815537332779
Brice Butler,WR,DAL,6.6053594756910599,4700,0.61600173174744155,0.16669882342145576,0.096640283037150221,0.04783803244781365,0.046527238431677234,0.026293890914461208
Geronimo Allison,WR,GB,6.5364239485198352,5200,0.57706317433276022,0.21846857006209738,0.10717292034179644,0.045084052418949701,0.021838192520557326,0.030373090323839592
Kendall Wright,WR,TEN,6.5341493862802196,4700,0.58297091236541676,0.22466838717888393,0.09388918240111635,0.039984832090378911,0.018004800817232661,0.040481885146971895
Albert Wilson,WR,KC,6.4708567219805744,4800,0.57547746694930113,0.22073119965257595,0.1073228926793785,0.053379072187225832,0.016789699834491134,0.026299668697027927
Markus Wheaton,WR,PIT,6.4265671563404281,4800,0.58539966293120727,0.21827658637412567,0.10173332827265992,0.046179979575889575,0.017021964609620816,0.031388478236497527
Keshawn Martin,WR,SF,6.4251146849375917,4500,0.58508835027251094,0.21993337333742821,0.10495419394016871,0.041899821454795587,0.011139593570116454,0.036984667424980043
Mose Frazier,WR,SF,6.4251146849375917,4500,0.58508835027251094,0.21993337333742821,0.10495419394016871,0.041899821454795587,0.011139593570116454,0.036984667424980043
Jarius Wright,WR,MIN,6.4014912927962211,4500,0.57938545713510448,0.21839648377042989,0.10956507405326436,0.054830631879998211,0.010832034763723913,0.026990318397479108
Isaac Fruechte,WR,MIN,6.4014912927962211,4500,0.57938545713510448,0.21839648377042989,0.10956507405326436,0.054830631879998211,0.010832034763723913,0.026990318397479108
Russell Shepard,WR,TB,6.3536446228091723,4500,0.5739076994898098,0.23952550017325827,0.10112949209440747,0.040107793357504536,0.018026514297850429,0.0273030005871692
Chris Brown,WR,DAL,6.3493588146773305,4500,0.58891046730717655,0.21793865782054053,0.10281698233775208,0.045532403707459181,0.014305514818317367,0.030495974008754818
Levi Norwood,WR,PIT,6.3444382710019172,4500,0.58649162341720851,0.22318762690387559,0.10158396179400182,0.043698830967169366,0.013754173781731176,0.031283783136014216
Cobi Hamilton,WR,PIT,6.3444382710019172,4500,0.58649162341720851,0.22318762690387559,0.10158396179400182,0.043698830967169366,0.013754173781731176,0.031283783136014216
Canaan Severin,WR,PIT,6.3444382710019172,4500,0.58649162341720851,0.22318762690387559,0.10158396179400182,0.043698830967169366,0.013754173781731176,0.031283783136014216
Aaron Dobson,WR,DET,6.3412300475581231,4500,0.58648419376002137,0.20923052883042564,0.12376671402901501,0.040943914872437773,0.0092229345346485272,0.030351713973452238
Quinshad Davis,WR,DET,6.3412300475581231,4500,0.58648419376002137,0.20923052883042564,0.12376671402901501,0.040943914872437773,0.0092229345346485272,0.030351713973452238
Rashawn Scott,WR,MIA,6.3319486263846789,4500,0.60564955442808943,0.2029563562740028,0.099388211234583204,0.040785065272066809,0.013802313238723121,0.037418499552534741
Tyler Murphy,WR,MIA,6.3319486263846789,4500,0.60564955442808943,0.2029563562740028,0.099388211234583204,0.040785065272066809,0.013802313238723121,0.037418499552534741
Duke Williams,WR,LARM,6.257130200797576,4500,0.61349058774474985,0.18788368656228743,0.10656966714834405,0.050132387509342347,0.009612498403869971,0.03231117263140651
Mike Thomas,WR,LARM,6.257130200797576,4500,0.61349058774474985,0.18788368656228743,0.10656966714834405,0.050132387509342347,0.009612498403869971,0.03231117263140651
Paul McRoberts,WR,LARM,6.257130200797576,4500,0.61349058774474985,0.18788368656228743,0.10656966714834405,0.050132387509342347,0.009612498403869971,0.03231117263140651
Pharoh Cooper,WR,LARM,6.257130200797576,4500,0.61349058774474985,0.18788368656228743,0.10656966714834405,0.050132387509342347,0.009612498403869971,0.03231117263140651
Nelson Spruce,WR,LARM,6.257130200797576,4500,0.61349058774474985,0.18788368656228743,0.10656966714834405,0.050132387509342347,0.009612498403869971,0.03231117263140651
Daniel Anthrop,WR,IND,6.248642410259845,4500,0.61297814910232495,0.19621256815383237,0.11030320715338295,0.027620225383513081,0.014380427593901747,0.038505422613044911
Joshua Stangby,WR,IND,6.248642410259845,4500,0.61297814910232495,0.19621256815383237,0.11030320715338295,0.027620225383513081,0.014380427593901747,0.038505422613044911
Brian Tyms,WR,IND,6.248642410259845,4500,0.61297814910232495,0.19621256815383237,0.11030320715338295,0.027620225383513081,0.014380427593901747,0.038505422613044911
Devin Street,WR,IND,6.248642410259845,4500,0.61297814910232495,0.19621256815383237,0.11030320715338295,0.027620225383513081,0.014380427593901747,0.038505422613044911
Tevaun Smith,WR,IND,6.248642410259845,4500,0.61297814910232495,0.19621256815383237,0.11030320715338295,0.027620225383513081,0.014380427593901747,0.038505422613044911
Mekale McKay,WR,IND,6.248642410259845,4500,0.61297814910232495,0.19621256815383237,0.11030320715338295,0.027620225383513081,0.014380427593901747,0.038505422613044911
Marcus Leak,WR,IND,6.248642410259845,4500,0.61297814910232495,0.19621256815383237,0.11030320715338295,0.027620225383513081,0.014380427593901747,0.038505422613044911
Chester Rogers,WR,IND,6.248642410259845,4500,0.61297814910232495,0.19621256815383237,0.11030320715338295,0.027620225383513081,0.014380427593901747,0.038505422613044911
Alex Erickson,WR,CIN,6.2119200903937744,4500,0.58823817138564438,0.22262008703910591,0.10391289720403309,0.047881470343664911,0.018443144537170806,0.018904229490380973
Daniel Braverman,WR,CHI,6.1263558551821689,4500,0.6239758600674149,0.1965308454929475,0.09008542091213706,0.042874774004152363,0.012720335909988405,0.033812763613360254
Marquess Wilson,WR,CHI,6.1263558551821689,4500,0.6239758600674149,0.1965308454929475,0.09008542091213706,0.042874774004152363,0.012720335909988405,0.033812763613360254
Joshua Bellamy,WR,CHI,6.1263558551821689,4500,0.6239758600674149,0.1965308454929475,0.09008542091213706,0.042874774004152363,0.012720335909988405,0.033812763613360254
Kieran Duncan,WR,CHI,6.1263558551821689,4500,0.6239758600674149,0.1965308454929475,0.09008542091213706,0.042874774004152363,0.012720335909988405,0.033812763613360254
Rashad Ross,WR,WAS,6.1139647752237973,4500,0.62883720134715471,0.19724572815878022,0.082998610147003479,0.03851229490652161,0.018017705330296098,0.034388460110244538
Donteea Dye,WR,TB,6.1066920420468058,4500,0.60571478786675748,0.20940194348312258,0.11219276483354862,0.033321961786566649,0.0092576602505863581,0.030110881779419115
Freddie Martino,WR,TB,6.1066920420468058,4500,0.60571478786675748,0.20940194348312258,0.11219276483354862,0.033321961786566649,0.0092576602505863581,0.030110881779419115
Cecil Shorts III,WR,TB,6.1066920420468058,4500,0.60571478786675748,0.20940194348312258,0.11219276483354862,0.033321961786566649,0.0092576602505863581,0.030110881779419115
Percy Harvin,WR,BUF,6.0942089663343895,4900,0.62021621184103637,0.20681376952805244,0.089410900658628598,0.035162868180263672,0.014263631079320186,0.034132618712699236
Tanner McEvoy,WR,SEA,6.0832928514227813,5000,0.60929591650029424,0.20587551925283382,0.10720156944968497,0.039051005157877711,0.013653051537830063,0.024922938101479757
Harry Douglas,WR,TEN,6.0617195775383514,4500,0.65243738678610808,0.16477801189261052,0.089070994331245532,0.041623412022343778,0.015897295952923558,0.036192899014768604
Justin Hunter,WR,BUF,6.0458842075024535,5000,0.61592301546558348,0.21478124468731588,0.085143424997569689,0.039020733669753706,0.018611360090113903,0.026520221089663738
Shaq Evans,WR,NE,6.0264313310562976,4500,0.61226685024542082,0.21536747381528842,0.098258374256054257,0.032560076189543832,0.012014312153236945,0.029532913340456542
DeAndre Carter,WR,NE,6.0264313310562976,4500,0.61226685024542082,0.21536747381528842,0.098258374256054257,0.032560076189543832,0.012014312153236945,0.029532913340456542
DeAndrew White,WR,NE,6.0264313310562976,4500,0.61226685024542082,0.21536747381528842,0.098258374256054257,0.032560076189543832,0.012014312153236945,0.029532913340456542
Quan Bray,WR,IND,6.0145932315420341,4500,0.64619130417353676,0.16994619659514304,0.096432054854462684,0.04078541825141585,0.015473045377115307,0.031171980748325952
Marcus Easley,WR,BUF,5.9460280612283354,4500,0.62953328642606632,0.20971523041889314,0.082696865131669989,0.031957924428830095,0.012260589695760092,0.033836103898780612
Walt Powell,WR,BUF,5.9460280612283354,4500,0.62953328642606632,0.20971523041889314,0.082696865131669989,0.031957924428830095,0.012260589695760092,0.033836103898780612
Kolby Listenbee,WR,BUF,5.9460280612283354,4500,0.62953328642606632,0.20971523041889314,0.082696865131669989,0.031957924428830095,0.012260589695760092,0.033836103898780612
Hunter Sharp,WR,PHI,5.9413135013776337,4500,0.63483053924532251,0.19930045760083021,0.080314879947985765,0.042818051759328096,0.013802029731926652,0.028934041714606801
Chris Givens,WR,PHI,5.9413135013776337,4500,0.63483053924532251,0.19930045760083021,0.080314879947985765,0.042818051759328096,0.013802029731926652,0.028934041714606801
Cayleb Jones,WR,PHI,5.9413135013776337,4500,0.63483053924532251,0.19930045760083021,0.080314879947985765,0.042818051759328096,0.013802029731926652,0.028934041714606801
Bryce Treggs,WR,PHI,5.9413135013776337,4500,0.63483053924532251,0.19930045760083021,0.080314879947985765,0.042818051759328096,0.013802029731926652,0.028934041714606801
Xavier Rush,WR,PHI,5.9413135013776337,4500,0.63483053924532251,0.19930045760083021,0.080314879947985765,0.042818051759328096,0.013802029731926652,0.028934041714606801
James Wright,WR,CIN,5.9205587563228743,4500,0.63802402572227856,0.1831120966424529,0.097686770833746245,0.043650935218931798,0.012957550615115722,0.024568620967474256
Roger Lewis,WR,NYG,5.9191261211701285,4500,0.62699015794981072,0.20482485839223066,0.095960858261393292,0.032340275539328833,0.0093614265851595015,0.030522423272076802
Kadron Boone,WR,NYG,5.9191261211701285,4500,0.62699015794981072,0.20482485839223066,0.095960858261393292,0.032340275539328833,0.0093614265851595015,0.030522423272076802
Deshon Foxx,WR,SEA,5.9180749851558136,4500,0.62128542766915484,0.20554854824939564,0.10439287100822164,0.032420944628058238,0.009743169344701947,0.026609039100468232
Kevin Smith,WR,SEA,5.9180749851558136,4500,0.62128542766915484,0.20554854824939564,0.10439287100822164,0.032420944628058238,0.009743169344701947,0.026609039100468232
Jordan Payton,WR,CLE,5.8674531584067973,4500,0.62799887998921988,0.21519465541070912,0.085820563267151456,0.030502552742058299,0.0072695514441356562,0.033213797146725947
Dwayne Bowe,WR,CLE,5.8674531584067973,4500,0.62799887998921988,0.21519465541070912,0.085820563267151456,0.030502552742058299,0.0072695514441356562,0.033213797146725947
Rannell Hall,WR,CLE,5.8674531584067973,4500,0.62799887998921988,0.21519465541070912,0.085820563267151456,0.030502552742058299,0.0072695514441356562,0.033213797146725947
Josh Boyce,WR,CLE,5.8674531584067973,4500,0.62799887998921988,0.21519465541070912,0.085820563267151456,0.030502552742058299,0.0072695514441356562,0.033213797146725947
Chris Harper,WR,SF,5.8625057174924828,4500,0.62931752373232008,0.21441022670000806,0.082474101459493424,0.033887019455229296,0.008073987750932151,0.031837140902017044
Brittan Golden,WR,ARI,5.8614788174902799,4500,0.63057337885936438,0.208485146791587,0.088565107966007778,0.032128070861926677,0.010945289416899659,0.029303006104214914
Aaron Burbridge,WR,SF,5.8374383931361038,4500,0.6558163209298179,0.17341734965632108,0.095037223817878172,0.032514990839724048,0.0096196649653230246,0.033594449790935815
Andre Roberts,WR,DET,5.8291943063018241,4500,0.66419636363141399,0.15650869733575823,0.090888869703680084,0.052515678830038472,0.0094465644684153267,0.026443826030693944
Chris Moore,WR,BAL,5.8090342253658651,4500,0.62853643437651985,0.19901395890798351,0.10677142096246715,0.034669418702915004,0.0098020471190632726,0.021206719931051405
Kashif Moore,WR,KC,5.7891221201832392,4500,0.63778712187504727,0.20477246486589645,0.087609158028663481,0.030348487644228615,0.01062565775008127,0.028857109836082723
Demarcus Robinson,WR,KC,5.7891221201832392,4500,0.63778712187504727,0.20477246486589645,0.087609158028663481,0.030348487644228615,0.01062565775008127,0.028857109836082723
De'Anthony Thomas,WR,KC,5.7891221201832392,4500,0.63778712187504727,0.20477246486589645,0.087609158028663481,0.030348487644228615,0.01062565775008127,0.028857109836082723
Rod Streater,WR,SF,5.7406827720276059,4500,0.633461948846747,0.2070980055061433,0.089956287440868185,0.037717390379216648,0.010858036255128413,0.020908331571895627
Cody Core,WR,CIN,5.7046059472695756,4500,0.64525572597442771,0.19669475058603428,0.093073458437506001,0.029383501092547275,0.0080338008321982467,0.02755876307728675
Jakeem Grant,WR,MIA,5.6905701640111044,4500,0.66982941235754834,0.15781113877907085,0.093804052165952695,0.045475499937006163,0.0091311939218825626,0.023948702838539223
Leonte Carroo,WR,MIA,5.5124518791429082,4500,0.65516636749441137,0.1883450795676602,0.096338858422825469,0.035913020121857514,0.0074548529165286911,0.016781821476716665
Ricardo Louis,WR,CLE,5.5063283302534414,4500,0.6779008422992483,0.17532755760138527,0.087414639254883617,0.021547132917188537,0.0025817084484982514,0.035228119478795485
Jeff Janis,WR,GB,5.4899956961148231,4600,0.69027168263584837,0.15434396887482291,0.084541425719631649,0.029890792574523189,0.019860709790561454,0.02109142040461259
Bradley Marquez,WR,LARM,5.472607068470567,4500,0.69123003125538252,0.16695038792230948,0.075425842054270886,0.024571748103758496,0.0061058559694079848,0.035716134694870928
Darrius Heyward-Bey,WR,PIT,5.4494496226111764,4800,0.69932635682552313,0.14343275118947171,0.086734179358673821,0.030254434192324618,0.019035880131593873,0.02121639830241329
Trevor Davis,WR,GB,5.4212925084975767,4700,0.69284370713507848,0.1507586057708907,0.096029615575986604,0.025458819070129087,0.0094820546733086538,0.025427197774605958
Tavarres King,WR,NYG,5.3502321249418214,4500,0.69795286504263576,0.16392916355378584,0.076255986419778557,0.02327653900555168,0.00915155831287052,0.029433887665376884
Jared Abbrederis,WR,GB,5.3208472721531184,4500,0.70571744821537474,0.14886230331316352,0.077008870221251455,0.033781769033095405,0.013203942509902965,0.021425666707211813
Marc Mariani,WR,TEN,5.2022287456018503,4500,0.74922726752094015,0.11280773939595515,0.072906713974662432,0.01631140515592917,0.010844003455261205,0.037902870497251571
Brandon Tate,WR,BUF,5.1895101266912951,4500,0.71449152669904725,0.15075413803661966,0.06636264406874913,0.039933106807786223,0.0076696431982096417,0.02078894118958868
Ryan Grant,WR,WAS,5.1425336057054629,4500,0.73255483664244869,0.12935093405066267,0.073033775161493814,0.030682373940304805,0.010849286078922406,0.023528794126167627
Josh Huff,WR,TB,5.1347254264870399,4500,0.72025229950200997,0.145704417912247,0.075109697514342849,0.029497199207366754,0.0046522545857901176,0.024784131278242954
Devin Hester,WR,BAL,5.0214823289332502,4500,0.7282018445644115,0.14246006010934875,0.079085779424292527,0.020335646792140959,0.0069254390967377856,0.02299123001306844
Rashard Higgins,WR,CLE,4.9498923954607985,4500,0.74557648482427641,0.1323679470650739,0.0684709454720967,0.021882714146015197,0.0034890438178420513,0.028212864674695741
Dwayne Harris,WR,NYG,4.9378180974462067,4500,0.75315670693719217,0.12589627098339115,0.067385109378710825,0.017118620118610803,0.0066751935178759967,0.02976809906421848
Matthew Slater,WR,NE,4.9240706928265876,4500,0.75784958868443186,0.11929789276558821,0.067311264854535646,0.018277904775114259,0.010256742836336532,0.027006606083993787
Lucky Whitehead,WR,DAL,4.7861563926182589,4500,0.77903676984089976,0.10539523572015633,0.056213515639198644,0.018849701169427822,0.019663980134772781,0.0208407974955447
Deonte Thompson,WR,CHI,4.5631452083133253,4500,0.77609031680373908,0.11773131558700033,0.065633419023032158,0.017386445998379341,0.004320962904787823,0.018837539683062177
