name,pos,team,expectation,salary,prob_0_5,prob_5_10,prob_10_15,prob_15_20,prob_20_25,prob_25+
Jason Witten,TE,DAL,9.892563640482221,6000,0.28328615315594008,0.2953435061632968,0.21594591342219377,0.11280406885460492,0.050236603494877408,0.042383754909087072
Jordan Reed,TE,WAS,9.7816320796131251,7500,0.29860148485654076,0.28226927788206962,0.20922165346803293,0.11673076917373501,0.060462549514824708,0.03271426510479708
Jacob Tamme,TE,ATL,9.4391803467718418,5500,0.31353898034639438,0.28787717924800288,0.21419402566708035,0.099249657904943417,0.051878919110520789,0.033261237723058293
Martellus Bennett,TE,NE,8.9199832841098861,6100,0.34123463863815084,0.29179942817213217,0.21057131329700207,0.087217213838513205,0.036484069730707773,0.032693336323494068
Eric Ebron,TE,DET,8.8654852796142212,5600,0.31761625027389706,0.32736451151759099,0.2020308897706217,0.095998496001563904,0.031273985322311466,0.025715867114014551
Travis Kelce,TE,KC,8.5084860795722008,6000,0.33615724025541271,0.33787096389049354,0.18503493451914152,0.090631871939486325,0.029664179810124005,0.020640809585341726
Greg Olsen,TE,CAR,8.4109384506143314,7800,0.33196779109014835,0.3548036128820074,0.18026114210583835,0.085781448080008968,0.026412580420829043,0.020773425421167859
Coby Fleener,TE,NO,8.3206326125514938,5500,0.40586160024444268,0.26966187440553796,0.16081280584698479,0.10551871669577186,0.034442127712837847,0.023702875094424897
Clive Walford,TE,OAK,8.2721239949255914,5000,0.3883944414058863,0.28960291115672354,0.18437281961037805,0.078203371762806811,0.035666147001808521,0.023760309062396803
Jimmy Graham,TE,SEA,8.1756966176027639,5200,0.38461590734789686,0.31272935718879363,0.15977192231290044,0.092725094223924748,0.026097755598237873,0.024059963328246479
Julius Thomas,TE,JAC,8.0130800507651685,6100,0.39339991977753902,0.31174324027329586,0.1617464695884866,0.082452398084569042,0.0332672249314903,0.017390747344619234
Dwayne Allen,TE,IND,7.9095557711271347,6100,0.37874702508234243,0.33367369374319417,0.17047324662733021,0.075924527356298635,0.026390150795494526,0.014791356395339747
Kyle Rudolph,TE,MIN,7.8178614137827553,5100,0.41030373966139699,0.30231827976535341,0.17260007623293586,0.06831102973471212,0.021213611706818129,0.025253262898783414
Charles Clay,TE,BUF,7.7891514822000634,5000,0.3954090207890022,0.32157523651218206,0.17272391552082858,0.068159747377788987,0.02433241224818378,0.017799667552014318
Jared Cook,TE,GB,7.4771212177296436,5000,0.44528398234559274,0.29341727317458083,0.14133655895558983,0.079863991682168636,0.02074909179667726,0.019349102045390625
Dennis Pitta,TE,BAL,7.429250978884526,5000,0.43326735278503803,0.31074409473797593,0.1522467886081085,0.057989815016691662,0.032116665488291701,0.013635283363894114
Jordan Cameron,TE,MIA,7.1110202109804055,5400,0.4588830425081214,0.30683750467461146,0.13251597832587317,0.070816028535136452,0.016850734516973501,0.014096711439283951
Zach Miller,TE,CHI,7.0157790891928489,5200,0.45269403641474198,0.32575399361094454,0.13174407857306075,0.059306168079116546,0.016513453766526055,0.013988269555609983
Jack Doyle,TE,IND,7.0062532711653329,5000,0.45461023318609634,0.31929999933317144,0.14051676666540014,0.054389661269771114,0.018168559968021813,0.013014779577538896
Vernon Davis,TE,WAS,6.931857804727529,4600,0.5131634300858634,0.24970209019690112,0.13845364513523578,0.052058624477618706,0.029524743476628999,0.017097466627752137
Jesse James,TE,PIT,6.8932775081135613,4500,0.51510384590227698,0.24119726356567778,0.1503751040085321,0.054990149141349372,0.019930604294897604,0.018403033087266332
Larry Donnell,TE,NYG,6.8514829483248318,5200,0.47019904935658369,0.31502013712505655,0.1287141962382608,0.058502080614110365,0.015480865108884528,0.012083671557103839
Gary Barnidge,TE,CLE,6.6845860622463498,5800,0.50336422746034371,0.28867188671558303,0.119041967842972,0.060220742875076241,0.014006714107610405,0.014694460998414536
Tyler Kroft,TE,CIN,6.6690291883881159,4800,0.51501288829019787,0.28278423616296955,0.10919729986062139,0.057462163058213458,0.017476550521217219,0.018066862106780365
Cameron Brate,TE,TB,6.5854955018133801,4800,0.50961660948395693,0.28219192484172112,0.12958718779599374,0.050614665525712282,0.016059258411249187,0.011930353941366793
Luke Willson,TE,SEA,6.5559300361065471,4700,0.54021856157742276,0.23801514752644021,0.13404723310464356,0.057718492067709626,0.018081911336466732,0.011918654387317245
Vance McDonald,TE,SF,6.5329024777782161,4900,0.51095666123117345,0.28493207408812199,0.12622931069356141,0.053125257311726529,0.013969455231865401,0.010787241443551436
Richard Rodgers,TE,GB,6.4169551276937442,4600,0.54533609778872649,0.24546716438296162,0.13161450516178363,0.048784417354997514,0.015647477790426828,0.013150337521104021
Will Tye,TE,NYG,6.2344942159547339,4800,0.55297579996700785,0.24880623669828439,0.12768881649897812,0.048043939427637114,0.013842881828668576,0.0086423255794240532
Marcedes Lewis,TE,JAC,5.9977094211320248,4500,0.60856951239851842,0.21775725594247836,0.098654828139919368,0.033472469905163747,0.023672105781005398,0.017873827832914968
C.J. Uzomah,TE,CIN,5.7769029434140533,4700,0.60524701324626551,0.22853669997379261,0.10445749336114118,0.037778418837833644,0.015308227431601033,0.0086721471493661408
Lance Kendricks,TE,LARM,5.705452294154945,4500,0.61230468413801242,0.22895836704449629,0.10098864530677906,0.034169460152291886,0.010247796076042696,0.013331047282377637
Crockett Gillmore,TE,BAL,5.6808188915152487,4600,0.62497770185505086,0.2171616737317581,0.096179939615765694,0.033934737922762463,0.01389172280184125,0.013854224072821587
Austin Hooper,TE,ATL,5.631971233251603,4500,0.63169919544471997,0.2073973898977319,0.099865002269709,0.037185562806700288,0.011554084112626414,0.012298765468512815
Stephen Anderson,TE,HOU,5.5133191487673381,4500,0.62430329104229587,0.22935886731482946,0.094352456037956181,0.02955065815240265,0.016225561357060748,0.0062091660954549845
Trey Burton,TE,PHI,5.4611064248585848,4500,0.65055261459168445,0.1907766304714803,0.097675458637919169,0.046420863648413274,0.0060410169733553232,0.0085334156771474396
Geoff Swaim,TE,DAL,5.4212714795089481,4500,0.66874115931015454,0.18078090667690017,0.092672427230467563,0.029113046808629722,0.012672905531174429,0.016019554442673504
Darren Fells,TE,ARI,5.2996102428481455,4600,0.65349248829815298,0.21593080371547962,0.078535660706847712,0.033247815047362607,0.0067896828624185333,0.012003549369738438
Brent Celek,TE,PHI,5.2718165055253188,5200,0.65944040032077311,0.20275283526429497,0.086788367881348055,0.034526864553635142,0.0080045234825767194,0.0084870084973720818
Rob Gronkowski,TE,NE,4.9412779804035916,7300,0.69469546278239913,0.18929508697433961,0.072545399151882198,0.027979184536491206,0.0074921755812978798,0.0079926909735898496
Xavier Grimble,TE,PIT,4.9355207614182008,4500,0.69684425936739669,0.19142078836609122,0.06772010268448303,0.026131705086203379,0.0075676791891561776,0.01031546530666958
Dion Sims,TE,MIA,4.8289196486484753,4500,0.69884239468433407,0.19738863170183291,0.068122321222996621,0.02007906012310999,0.0059244861260920548,0.0096431061416341769
David Johnson,TE,PIT,4.6674242630690115,4500,0.73678173472336961,0.15395883078317352,0.073196115553986627,0.019604665682565959,0.0079734726095621374,0.0084851806473418487
Lee Smith,TE,OAK,4.5210476470975491,4500,0.75211540097776375,0.15082147921652103,0.060279833068444477,0.021982369069681762,0.0071233114808903234,0.0076776061866986479
Niles Paul,TE,WAS,4.5061412654305943,4600,0.7480978686258859,0.15983041603158132,0.058437039684623132,0.018873928027515866,0.005901764549223947,0.0088589830811695545
Ryan Griffin,TE,HOU,4.5011188585158575,4500,0.7505115105620519,0.15462035253043888,0.058505801190267548,0.020220670011078939,0.012778521771852186,0.0033631439343104045
Levine Toilolo,TE,ATL,4.4560930303166382,4500,0.75863485983633328,0.14688651227092214,0.060024329474498518,0.020727407887976272,0.0065332414718693166,0.0071936490584004597
Garrett Celek,TE,SF,4.3495635773100698,4500,0.75925799747857126,0.1527097276356186,0.06077127508398477,0.018379550286572829,0.0038854607775568677,0.004995988737695938
Ross Travis,TE,KC,4.3251526462189336,0,0.76671877337436667,0.15863159863358917,0.045654807458446391,0.0051225439755104218,0.019639699023663075,0.0042325775344242492
Jeff Heuerman,TE,DEN,4.3197739023954371,4500,0.75672032604879802,0.17457835775914851,0.040685368021486222,0.0090543884254249037,0.01396527732501936,0.0049962824201228787
Brandon Myers,TE,TB,4.2225656023584763,4600,0.77880544723649481,0.14033884904403682,0.053604442399505084,0.017287103931113334,0.0047167121089417815,0.0052474452799082198
Jermaine Gresham,TE,ARI,4.2201115135023279,4500,0.77571328525110783,0.14209174304747738,0.056334372244450724,0.017789830608477594,0.0044615209037771964,0.0036092479447090765
Jace Amaro,TE,TEN,4.1608671875215073,4500,0.76676148605319061,0.16251007864010536,0.056000264068495953,0.0057345824693313015,0.0045088605251747439,0.0044847282437022531
Justin Perillo,TE,GB,4.0617056532239708,4500,0.81356670663484731,0.10620661295147574,0.05248012122875912,0.016543163018790163,0.0044721946512092025,0.0067312015149185774
John Phillips,TE,NO,4.0489547538962558,0,0.77670805076822391,0.16557531961471117,0.042646743178450741,0.0060160332257670314,0.0043952209338986555,0.0046586322789485555
Phillip Supernaw,TE,TEN,4.0039764943108,4500,0.8136089075367251,0.10704913872785377,0.058607387214998308,0.011028639803547163,0.0050841672907111666,0.0046217594261646821
Maxx Williams,TE,BAL,3.9683795798177623,4600,0.81811875864932648,0.10748611717605866,0.050911944885353375,0.015056782969211225,0.0029364214910975722,0.0054899748289526321
Demetrius Harris,TE,KC,3.9642016021717685,4500,0.80615797768938657,0.1266790537241716,0.046685723058719007,0.012919014617852529,0.0037583778101634175,0.0037998530997066082
Asante Cleveland,TE,SD,3.9046580020050956,4500,0.79190766587903583,0.16321411228799851,0.030142821370646188,0.0060583461855523834,0.0041284645687656883,0.0045485897080016447
Anthony Fasano,TE,TEN,3.8944441075944725,4500,0.82721806389395836,0.10131875314622685,0.051334187549870583,0.010532555210912559,0.0046781733549703282,0.0049182668440614719
Hunter Henry,TE,SD,3.807285374644473,4500,0.83138877246685183,0.1050825114926081,0.04493562918732253,0.011775992081722857,0.0029101450410010106,0.0039069497304937703
Cole Wick,TE,DET,3.7926173087362787,4500,0.82093043159764378,0.1285687350503853,0.035456896811973143,0.0059823606228011925,0.0042140283814622106,0.0048475475357343681
Khari Lee,TE,DET,3.7580696312211317,4500,0.83293767115004858,0.11212703229242042,0.039831858550085454,0.0065708397415166816,0.0025523337025625697,0.0059802645633668669
Clay Harbor,TE,DET,3.7580696312211317,4500,0.83293767115004858,0.11212703229242042,0.039831858550085454,0.0065708397415166816,0.0025523337025625697,0.0059802645633668669
C.J. Fiedorowicz,TE,HOU,3.7234384196476622,4500,0.8353294039946223,0.11094532402236691,0.035793891383871325,0.012572648061192973,0.0023570297338884752,0.0030017028040580178
Gavin Escobar,TE,DAL,3.7216348920650715,4500,0.83487406865600056,0.11519009426977987,0.034285240299352086,0.0075568841731698845,0.0025728119834705766,0.005520900618227572
Kellen Davis,TE,NYJ,3.7028574847210591,4500,0.84513388621477792,0.10037470493351215,0.033101633202061095,0.015213631634739946,0.0025280893721883425,0.0036480546427208214
Nick O'Leary,TE,BUF,3.6691117350381957,4500,0.84296967743975071,0.11018627391582633,0.029872393014879962,0.0092471548615306268,0.0024726813626011639,0.0052518194054112502
Blake Bell,TE,SF,3.6509530123471303,4500,0.84559279125928544,0.10432501531306558,0.034553456877911663,0.0095037664598510759,0.0018774764284504269,0.0041474936614364025
Jim Dray,TE,BUF,3.6490923604287384,4500,0.84494669473133033,0.10918714403033732,0.029772508990331615,0.0085263822273761065,0.0023291867105048785,0.0052380833101198657
Marqueis Gray,TE,MIA,3.5944916004748309,4500,0.8573472877562649,0.092021782717932099,0.036646919652784209,0.0068939246991917983,0.0025495018952446467,0.004540583278582329
James O'Shaughnessy,TE,KC,3.5656941289714457,4500,0.85395992748409622,0.10354493438421457,0.028884999358498059,0.0067193784101066655,0.0027880443526623615,0.0041027160104218354
Brandon Bostick,TE,NYJ,3.557008427220667,4500,0.86081367528928088,0.095350649233995999,0.024940584819892312,0.013133238673162313,0.002039109367478037,0.0037227426161907085
Tyler Higbee,TE,LARM,3.5308553049635329,4500,0.8568381483508577,0.10197169801468582,0.029275673181466177,0.0061417346726082801,0.0016409163046475592,0.0041318294757346523
Cory Harkey,TE,LARM,3.4987219039163913,4500,0.86067612385510017,0.10021331463571703,0.027646410245970861,0.0057446315946446417,0.0015932474711517191,0.0041262721974157316
Brandon Williams,TE,SEA,3.4722447867369475,4500,0.87183323943992042,0.087070011556384636,0.027687761562338448,0.0063442197618560911,0.0023530750167430124,0.004711692662757506
Rhett Ellison,TE,MIN,3.4713843101333826,4500,0.8552807989764295,0.11125827586044033,0.024297015389516088,0.0050569286837700324,0.0012811361133270487,0.002825844976517119
Troy Niklas,TE,ARI,3.4697220204528154,4500,0.86938624284197663,0.093013386280220461,0.024041138622340676,0.0063485764619954244,0.0022502677876603677,0.0049603880058066967
Logan Paulsen,TE,CHI,3.4282170070987461,4500,0.87352970737671964,0.088558679429943388,0.02600282017372129,0.0059663596773655179,0.0025321641009846659,0.003410269241265597
Sean McGrath,TE,SD,3.4157583239941425,4500,0.87677620105153009,0.084925809678369504,0.026268277909053443,0.0061352310948362306,0.0021887953132101313,0.0037056849530005456
Ed Dickson,TE,CAR,3.4150586220383348,4500,0.87763892215326034,0.083589710559917249,0.026248150683315461,0.0070062513930202741,0.0016778677503753692,0.0038390974601112899
Scott Simonson,TE,CAR,3.4150586220383348,4500,0.87763892215326034,0.083589710559917249,0.026248150683315461,0.0070062513930202741,0.0016778677503753692,0.0038390974601112899
