name,pos,team,expectation,salary,prob_0_5,prob_5_10,prob_10_15,prob_15_20,prob_20_25,prob_25+
DeMarco Murray,RB,TEN,12.782299282986706,7700,0.19982804936229445,0.22293810334201974,0.19576567641892151,0.17943044056088148,0.10648957284458098,0.09554815747130202
Latavius Murray,RB,OAK,11.944013364384862,7100,0.23982651239078462,0.24197757924949134,0.1794300689573208,0.15380713653281619,0.098249968233543247,0.086708734636043575
LeSean McCoy,RB,BUF,11.520813170905804,6700,0.26400900881049855,0.21072898955004565,0.21216973314141538,0.15095708847916617,0.094452987183586634,0.067682192835287813
Ezekiel Elliott,RB,DAL,11.412035976268974,8100,0.28907393815846982,0.19405554995384328,0.18620865713407558,0.16809293948711163,0.10118906376203436,0.061379851504465614
Mark Ingram,RB,NO,11.40630976715126,6900,0.23643311333443798,0.2546597754819076,0.20801958220315325,0.15781837322773259,0.07823788490500258,0.064831270847766007
DeAngelo Williams,RB,PIT,11.293154523418156,8800,0.25906092118149948,0.23248062955424548,0.21211103113266896,0.1562151151527881,0.067378647488305618,0.072753655490492203
Jeremy Langford,RB,CHI,10.99808974597471,6500,0.28906197236220321,0.22598123362396713,0.19309700431110458,0.1549950097242441,0.061866222116370918,0.074998557862109905
C.J. Anderson,RB,DEN,10.986629723979673,8000,0.24135795145940386,0.29659314031745349,0.19811804821557122,0.1316571149055577,0.051843362179402795,0.080430382922610913
David Johnson,RB,ARI,10.690154581043339,8400,0.25718993044750399,0.278600575505907,0.21171672694744856,0.1366597238788882,0.053147500930062333,0.062685542290189938
Isaiah Crowell,RB,CLE,10.661047422151423,6900,0.28463894560801734,0.25800503190845481,0.20468460830238785,0.12139986044019523,0.055722114108257399,0.075549439632687759
Tevin Coleman,RB,ATL,10.605375268922199,6400,0.33903191133373051,0.21676808826830227,0.15388901279193076,0.13493405320823859,0.085157891681427914,0.070219042716369751
Devonta Freeman,RB,ATL,10.474030863348071,7400,0.33647997354445869,0.21689215816707441,0.16199058986780207,0.14370111918046513,0.08185131897545872,0.059084840264741048
Melvin Gordon,RB,SD,10.290416595166494,7100,0.29675509403203121,0.27641417247161298,0.18435134822386001,0.11749917457065037,0.064432127107210899,0.060548083594634261
Spencer Ware,RB,KC,10.221438511642708,6300,0.27494755178196029,0.29749730065039398,0.19934220340581579,0.12006920075841708,0.052820324425800147,0.055323418977612851
Matt Jones,RB,WAS,10.201148931952465,6400,0.31850236479441901,0.25138711104430339,0.18701079654848099,0.11792004494638819,0.064837465921980447,0.060342216744428308
Matt Forte,RB,NYJ,10.05238281142384,7500,0.31252877771121623,0.26797621289191498,0.18309506770261988,0.12672392440816224,0.052241645667307123,0.057434371618779574
Lamar Miller,RB,HOU,9.9273134486310042,7000,0.3142939861303794,0.27021950781906395,0.18898980185241335,0.12561786430732588,0.043984214173754956,0.056894625717062532
Ryan Mathews,RB,PHI,9.7807888221558024,6600,0.34716698197399043,0.24984684902189788,0.17733332419744097,0.11065829743673374,0.055303362145505026,0.059691185224431863
Jeremy Hill,RB,CIN,9.7180507489496115,6400,0.32582550405515837,0.27103926040279569,0.18946222735192389,0.11262943136109455,0.049459743545141245,0.051583833283886077
Eddie Lacy,RB,GB,9.5226452192547928,7300,0.32101478696722241,0.29237010076658937,0.1867175088673324,0.10690037273556006,0.046963346173455371,0.046033884489840554
Carlos Hyde,RB,SF,9.3794431238442932,6100,0.31736527226343825,0.30889042801296618,0.1906429739518424,0.09500294625142873,0.039788487503699399,0.048309892016624736
T.J. Yeldon,RB,JAC,9.2749410153567045,6600,0.33541141620261339,0.29361199655706444,0.17894904546907997,0.11253972902668787,0.031580135226718861,0.047907677517835499
Derrick Henry,RB,TEN,9.2506362508351376,5500,0.39873448270397832,0.23617785982311526,0.14447277153380569,0.10915113028770845,0.059768321843786332,0.051695433807606016
Duke Johnson,RB,CLE,9.2164254814287059,5100,0.40132176720667095,0.22675220018581566,0.16890834936786694,0.097916271636540472,0.040539675560959998,0.064561736042146045
Frank Gore,RB,IND,9.1895127441620055,5700,0.32970611939623645,0.31455603474876248,0.17366574665470624,0.094272147957549957,0.04580117931214775,0.041998771930597048
Theo Riddick,RB,DET,9.1584380083263106,6400,0.33494966405501636,0.31233949665263672,0.16715140401050929,0.10020174243633759,0.042348394544907797,0.043009298300592524
Christine Michael,RB,GB,9.1261183757408606,6900,0.36012190493045498,0.27026308626086593,0.18268340876634337,0.098852727757574657,0.047358773341908703,0.040720098942852175
Justin Forsett,RB,DET,9.1032708999580798,6500,0.33247402656885333,0.3075885130638219,0.1829754099876448,0.099393399690045681,0.038908605565804451,0.038660045123829957
LeGarrette Blount,RB,NE,9.079240393810954,6500,0.38966130902019719,0.25382044993841585,0.15397129187777756,0.10162468822074264,0.055400324308338925,0.045521936634527319
Giovani Bernard,RB,CIN,9.0747383481666155,5700,0.36851890559377387,0.27610658625573442,0.16105520722585773,0.099330042426423973,0.056205750844449086,0.038783507653760985
Todd Gurley,RB,LARM,8.9589694046489647,8300,0.36043644505554445,0.30556339761543133,0.14969954705585301,0.088294834456008178,0.058081993251185744,0.037923782565977587
Jay Ajayi,RB,MIA,8.5292248599563276,5700,0.48247776129956887,0.19679175714545019,0.12281258747486809,0.08940901667836243,0.047343397147759085,0.061165480253991114
Charles Sims,RB,TB,8.4083091864216506,6300,0.3943491931768261,0.29389131523776935,0.16068178736647187,0.075353803335402453,0.038273967110240344,0.037449933773289729
Charcandrick West,RB,KC,8.3908993931473965,5200,0.4135676357827695,0.27680074453215564,0.14993630454302914,0.079794386766125769,0.037381277166711059,0.042519651209208788
Travaris Cadet,RB,NO,8.3758023593784241,5100,0.44891996031227804,0.23359499225427119,0.13592396767930393,0.096822962670771728,0.044441929166386208,0.040296187916989155
James White,RB,NE,8.3639557671905855,5400,0.42740503527469231,0.26142525463053962,0.144784464413305,0.08510508937214524,0.039919079682054388,0.04136107662726287
Chris Thompson,RB,WAS,8.3473144284969329,5100,0.46398551658567277,0.22195600894104134,0.1351435530542788,0.081842594089822959,0.053669648265598759,0.043402679063584811
Darren Sproles,RB,PHI,8.3451874687780894,5200,0.44354039499168707,0.24920842835896884,0.13887523334641602,0.079954763896461223,0.039891590017901733,0.048529589388565268
Shane Vereen,RB,NYG,8.2599666472033189,5200,0.41722524566068969,0.2864706197630762,0.13981477360583625,0.073583622353853545,0.049386397678365029,0.033519340938178876
Jordan Howard,RB,CHI,7.84854964563928,5300,0.5072217419504873,0.20967747746381121,0.12712341590871129,0.066772637737273641,0.040555928063782457,0.048648798875934263
Kenyan Drake,RB,MIA,7.7228070442513204,5900,0.53278968418539718,0.18422755406350097,0.12262795192061728,0.074605259895736603,0.037485578415421786,0.048263971519326279
Fozzy Whittaker,RB,CAR,7.6000712217395643,6300,0.4586751742992532,0.26723546042722879,0.15054642495276399,0.070296536652159236,0.025435694284295172,0.027810709384299543
Terrance West,RB,BAL,7.4359862223100874,5200,0.47400083855826686,0.26906360966221743,0.13517591548077926,0.067234339558768841,0.026547698537900517,0.027977598202066644
Alfred Morris,RB,DAL,7.3522208615031506,5400,0.54445177386419852,0.19686243019251126,0.12215953056841559,0.061003179857965988,0.031362286187154177,0.044160799329754571
James Starks,RB,GB,7.3474245100560536,5100,0.50964861084546631,0.22858096872009079,0.13889214538836595,0.062315076416604567,0.026641579882788508,0.033921618746684042
Jalen Richard,RB,OAK,7.3055843583368016,4900,0.54456788615578966,0.21711722364272101,0.092480707471706988,0.069121044334456039,0.031890591898775182,0.044822546496551298
Chris Johnson,RB,ARI,7.1836950668512207,5000,0.53657406395246132,0.20516871978256063,0.13689580989309891,0.061957750376203324,0.025112857305502584,0.034290798690173083
Devontae Booker,RB,DEN,7.0016172297393302,5300,0.54377962404256863,0.22759752906146524,0.11099837482610744,0.058866807478592506,0.019659578157921936,0.039098086433344136
Jamize Olawale,RB,OAK,6.7843657841395668,4500,0.59709771081083818,0.18723985990079048,0.092722823729230283,0.050386832205937489,0.029736713915170587,0.042816059438033439
Chris Ivory,RB,JAC,6.7290997132209398,5600,0.59945938683936806,0.18136842334751244,0.099515341883091385,0.054451567299047481,0.023960269521553577,0.041245011109427181
Lance Dunbar,RB,DAL,6.6445329131157935,4800,0.61421549914260809,0.1776290862998485,0.086052554216529714,0.047758337595850298,0.035825238623117872,0.038519284122045659
Jacquizz Rodgers,RB,TB,6.605317564187084,5300,0.60358703757757937,0.19273818546763291,0.090605810054565972,0.048666092232273361,0.020898942775908515,0.043503931892039584
Mike Gillislee,RB,BUF,6.5996370395931025,5000,0.57994478767429958,0.20281483703621203,0.11588838132216882,0.055790060223880507,0.0098440411507655767,0.035717892592673453
DeAndre Washington,RB,OAK,6.5909112025976109,4900,0.59827967778731705,0.19891092962060278,0.084962374727506201,0.057889590644974329,0.024109346589016069,0.035848080630583909
Bilal Powell,RB,NYJ,6.5199991883452446,4900,0.57929011041982548,0.21668778667013086,0.10064960533382963,0.054917797694350907,0.021014052161111876,0.027440647720751631
Damien Williams,RB,MIA,6.3683093824659851,4500,0.63312189088355109,0.17189767285441823,0.089029846493218656,0.038921521608967162,0.028205394973784031,0.038823673186060802
Robert Turbin,RB,IND,6.3165103226382842,5100,0.59112035166423382,0.21575733226683688,0.10391165304970992,0.042728429730197942,0.020875029474302219,0.025607203814719419
Josh Ferguson,RB,IND,6.2913095518835194,4500,0.58301332438409326,0.23156431849641607,0.098066064289208138,0.043386032647548652,0.019443935554443251,0.024526324628290515
Zach Zenner,RB,DET,6.2077912527199519,5200,0.63831014439850153,0.17372772875465264,0.090210852926229879,0.037870072126984552,0.025607409412233141,0.034273792381398341
Rob Kelley,RB,WAS,6.0675819923252803,4700,0.65681058124558001,0.17431467181169202,0.0741683633169017,0.034274088800200359,0.014118740509172235,0.046313554316454106
Rod Smith,RB,DAL,6.0560679569656903,4500,0.66720745840349438,0.15951721565840771,0.076739260694330583,0.030316414989337331,0.023829641894093822,0.042390008360336372
Paul Perkins,RB,NYG,6.0197707776266327,4500,0.66697043704203574,0.16382024831110378,0.069089915614283973,0.034802802333952769,0.029037314509320955,0.036279282189302542
Jonathan Williams,RB,BUF,6.0128641911661669,4500,0.67693629665375843,0.15860915933127331,0.071618069169724533,0.024029810556243512,0.015395212551221648,0.053411451737778774
Jerome Felton,RB,BUF,6.0128641911661669,4500,0.67693629665375843,0.15860915933127331,0.071618069169724533,0.024029810556243512,0.015395212551221648,0.053411451737778774
Jerick McKinnon,RB,MIN,5.9853513785981409,5300,0.63661900437816621,0.19777521595974676,0.080702675246232425,0.032385640309680587,0.021854532192498357,0.030662931913676233
Terrence Magee,RB,SEA,5.9704586935818647,0,0.67797278771067526,0.1521692730254923,0.075023250080827747,0.029669748787301296,0.022957982811194266,0.042206957584508896
Matt Asiata,RB,MIN,5.9115426558832462,4600,0.64264345437015113,0.18008371839133297,0.099455276672402337,0.038128320013662211,0.0095168533627328529,0.030172377189718713
Anthony Sherman,RB,KC,5.8885182249808263,4500,0.68154081692746693,0.15187257220634631,0.069115051113591008,0.038672590099697805,0.022411648000945059,0.036387321651952652
Malcolm Brown,RB,LARM,5.8853599986498972,4500,0.66354203064622586,0.17461991007083796,0.076778525333801292,0.031538189741241916,0.013326251271651532,0.040195092936241399
Raheem Mostert,RB,CHI,5.8735284000051591,4500,0.68430417196747806,0.15494873016153532,0.067026402192220141,0.029756355365775918,0.02338662220722499,0.040577718105765659
Cameron Artis-Payne,RB,CAR,5.849117421248482,4800,0.6853300411760479,0.15612118335858027,0.068300922043685264,0.028191876893514965,0.017755056517656256,0.044300920010515173
Shaun Draughn,RB,SF,5.8035779308242752,4900,0.64634167223176875,0.1871909700732432,0.085416896410844823,0.045020631180397806,0.012520220789998784,0.023509609313746727
Andy Janovich,RB,DEN,5.8031665790321263,4500,0.65186657605304987,0.19096591586743319,0.073089012804797071,0.040777890218104386,0.01534732160799304,0.02795328344862251
Benny Cunningham,RB,LARM,5.7899085036144502,4800,0.65740434267342929,0.18432212400221268,0.07014606344706073,0.04617264927201524,0.014924601015904575,0.027030219589378304
Isaiah Pead,RB,MIA,5.7896812202476493,4500,0.69204272376041942,0.15173021184762095,0.065342743630740927,0.027768605591861086,0.023363847681941368,0.039751867487415694
Dexter McCluster,RB,SD,5.7646646622434012,4500,0.67709455935473839,0.16933054814903581,0.068740633079192121,0.028753390122250078,0.020543398699405108,0.035537470595377943
Derek Watt,RB,SD,5.7646646622434012,4500,0.67709455935473839,0.16933054814903581,0.068740633079192121,0.028753390122250078,0.020543398699405108,0.035537470595377943
Andre Ellington,RB,ARI,5.660666530045118,4700,0.67423525660994565,0.17032774577406584,0.078987246172187331,0.032640758522039862,0.013136172284344999,0.03067282063741664
Kyle Juszczyk,RB,BAL,5.6600546063294539,4500,0.66939407462446743,0.17761047258582799,0.075672312422741819,0.037366403549066354,0.0088270709021010963,0.03112966591579517
Tim Hightower,RB,NO,5.650922618749548,4800,0.67835042705003423,0.17045155025465031,0.067718351157187898,0.034819551609156188,0.023462983291443938,0.025197136637527793
Corey Grant,RB,JAC,5.646766914789489,4500,0.66888190349314991,0.16597938446231109,0.089346049982890488,0.042355864282042632,0.0095696832143565939,0.023867114565250216
Denard Robinson,RB,JAC,5.566786009372958,4600,0.68409024822495423,0.1564494025200667,0.081235751662105449,0.044658732303086465,0.0073692273278828683,0.026196637961904606
Marcus Murphy,RB,NO,5.5560482880025219,4500,0.69551147980775785,0.16200327921853433,0.065818361890505328,0.022542769110290451,0.020679202594473776,0.033444907378438554
Dwayne Washington,RB,DET,5.5496014073065538,4500,0.69072086999502413,0.16152909864482742,0.068322444090376397,0.035811427110560609,0.013768787492012404,0.02984737266719973
Mike Davis,RB,SF,5.5332303253710986,4500,0.6902163243194861,0.16794178469285503,0.066421101115415965,0.032810499922195979,0.0056208713662894037,0.036989418583757414
Jordan Todman,RB,IND,5.4363087050914176,4500,0.72211226821680541,0.14145752869261002,0.054396755445221281,0.028832035388894266,0.015492466013798294,0.037708946242670967
George Atkinson,RB,CLE,5.3280925841897844,4500,0.72284962685087228,0.13448840552429159,0.075575887910710945,0.023854697140205904,0.0077426687979691884,0.035488713775949809
Daniel Lasco,RB,NO,5.3015309804244142,4500,0.71304112206183501,0.14244435869920935,0.082415318743237029,0.023064808503731257,0.011335185571935309,0.027699206420052788
John Kuhn,RB,NO,5.2858471785488215,4500,0.72096016037296384,0.144707334049439,0.065108258057934743,0.025183493497974392,0.013508665057912027,0.030532088963776818
Alex Collins,RB,SEA,5.2569902055675479,4500,0.74579386235204914,0.12713519107625038,0.053146404795373657,0.023264929862254147,0.0051228087106164142,0.04553680320345669
Bobby Rainey,RB,NYG,5.2411024374616995,4500,0.73404957002741078,0.13228134332596786,0.060747933919393461,0.030299622471772092,0.0095632423650097269,0.033058287890446021
Stepfan Taylor,RB,ARI,5.151515629760187,4500,0.73835040345509562,0.13949647646983476,0.055251278062595374,0.022908954822113328,0.0083872070611358072,0.035605680129225679
Kenneth Farrow,RB,SD,5.1479106743768357,4500,0.73479934430432248,0.14077088792750247,0.056810463594011665,0.026741156956152375,0.0094238871986699699,0.031454260019340888
Alfred Blue,RB,HOU,5.124222618420224,4800,0.76014628645187177,0.10908557885266466,0.048026243189295201,0.043024376094929352,0.0079542468881939957,0.031763268523045125
Malcolm Johnson,RB,CLE,5.1034389333090724,4500,0.75167160837644165,0.11587833393848823,0.066385818956135836,0.025751053243278553,0.0067812723470635234,0.033531913138592898
Jonathan Grimes,RB,HOU,5.0550002458133481,4500,0.76858491491545111,0.1033608806799713,0.054644073815951308,0.030643707779340581,0.0074122165336534575,0.035354206275632023
Fitzgerald Toussaint,RB,PIT,5.0496470121688359,4700,0.73576681187465998,0.15103351515140823,0.050561921352809458,0.02320001219771366,0.0090166891334492773,0.030421050289960321
Brandon Bolden,RB,NE,5.0369277017201073,4800,0.70554342344576171,0.18640986741669752,0.05332849801165894,0.025699353494223847,0.0078736717369548865,0.021145185894703041
Patrick DiMarco,RB,ATL,5.0084925515075769,4500,0.75049341680499049,0.13481382246855173,0.050065511872556888,0.023136781472539572,0.010109017236575384,0.031381450144785925
Taiwan Jones,RB,OAK,4.9875863434324961,4500,0.75125510008829621,0.13161335346478506,0.052649529413163164,0.026738401670059524,0.0083284254332725675,0.029415189930423778
Orleans Darkwa,RB,NYG,4.9037045671849633,4500,0.74452338787485728,0.14549088138335364,0.054972666805669583,0.021489026060738797,0.0067825691168240916,0.026741468758557339
Mike Tolbert,RB,CAR,4.8963444184124807,4800,0.74328515952487684,0.13935855880779149,0.061073763711635712,0.02876555814998364,0.0061186760270796553,0.021398283778632742
Antonio Andrews,RB,TEN,4.8886506047370553,4500,0.74139848265516273,0.14811058988470432,0.05690375459605531,0.021094619949809171,0.0099346025501776871,0.022557950364091521
Kenjon Barner,RB,PHI,4.8616548973672744,4800,0.76434077329889361,0.11690100138822614,0.062501219736087493,0.019847159912568763,0.011163169445778923,0.025246676218446239
Kapri Bibbs,RB,DEN,4.8476442846709258,4500,0.75251431854660611,0.141774020460637,0.043400511130146154,0.031058775743692792,0.0084843836124140603,0.022767990506504195
Jalston Fowler,RB,TEN,4.684315110824393,4500,0.76552593377998757,0.13398387464500316,0.053918513083742188,0.015185732428073665,0.0074448062478028303,0.023941139815391661
Tyler Ervin,RB,HOU,4.6091141048758919,4500,0.79200277061861502,0.1047983150544143,0.046910440772215879,0.02699995782503177,0.0042388277473763411,0.025049687982346368
James Develin,RB,NE,4.5972147542073598,4500,0.76020615591483387,0.15217515116358127,0.041961892814747499,0.019876227610278182,0.0051875312652357062,0.020593041231323651
Michael Burton,RB,DET,4.4675201211046911,4500,0.79196983461040982,0.12034836832884506,0.042342826847290439,0.015441763020911388,0.0073413228279398,0.022555884364603759
Aaron Ripkowski,RB,GB,4.4143116170330643,4500,0.79770510822727114,0.11304712142467985,0.044781834015281435,0.016929972212517699,0.0082182032874327845,0.019317760832817183
Ty Montgomery,RB,GB,4.4143116170330643,4500,0.79770510822727114,0.11304712142467985,0.044781834015281435,0.016929972212517699,0.0082182032874327845,0.019317760832817183
Wendell Smallwood,RB,PHI,4.3977669480521016,4500,0.81448522891448683,0.091456502415772481,0.049525584962368738,0.013012099502820156,0.0075935022613149898,0.023927081943237866
Knile Davis,RB,KC,4.3891951409481207,4500,0.80623872965547916,0.10478313663563779,0.043904156522358406,0.017176094583136767,0.0057701182570807936,0.022127764346307182
Daryl Richardson,RB,PIT,4.3659636859926305,4500,0.80649094661743681,0.11089594741023985,0.041212691485740124,0.011141498413197948,0.0048476687897183067,0.025411247283667733
Rex Burkhead,RB,CIN,4.2783487365783834,4500,0.82027161429729767,0.1009661422428365,0.035216096800165304,0.01503195615521105,0.0033954095155664145,0.025118780988922246
Ryan Hewitt,RB,CIN,4.2783487365783834,4500,0.82027161429729767,0.1009661422428365,0.035216096800165304,0.01503195615521105,0.0033954095155664145,0.025118780988922246
Jay Prosch,RB,HOU,4.2523604313986549,4500,0.84311727465246866,0.074842463998883876,0.033183115668959658,0.01593252671950865,0.0031572840164962937,0.029767334943683298
Zach Line,RB,MIN,4.2488972053896772,4500,0.81803682859759397,0.10206017293269434,0.04085579677688847,0.01315680033618259,0.0029147332002906869,0.022975668156350666
Chase Reynolds,RB,LARM,4.2051038985688232,4500,0.83329925763201085,0.093212645887602391,0.031652882574105555,0.0099425443743299119,0.004788612104799716,0.027104057427152405
