name,pos,team,expectation,salary,prob_0_5,prob_5_10,prob_10_15,prob_15_20,prob_20_25,prob_25+
Rob Gronkowski,TE,NE,11.13928807783603,8100,0.21666247257364393,0.27266758238405164,0.2526296994888092,0.13589564146832864,0.068479310625283271,0.053665293459883419
Coby Fleener,TE,NO,10.153317672023363,5700,0.25642478335237678,0.30017370992426218,0.23631142057127344,0.11360227297889459,0.050378901464785353,0.043108911708407638
Jimmy Graham,TE,SEA,9.729953061182302,6700,0.26121828447357803,0.32795178484988347,0.22202310475425679,0.11422931677436145,0.04158287818462239,0.032994630963297904
Delanie Walker,TE,TEN,9.1143922140492961,6500,0.32750685133389157,0.29557757385479067,0.20580270755945551,0.099509649132680913,0.040849584157791094,0.030753633961390144
Travis Kelce,TE,KC,8.6202176799787722,5700,0.33789999097559709,0.32233483596857249,0.19153548130004233,0.095860104945276761,0.030790511461289829,0.021579075349221523
Martellus Bennett,TE,NE,8.6108204003461672,5400,0.37308080961265522,0.27405808483043409,0.19997810622255691,0.09028827488032555,0.035688664117431379,0.02690606033659667
Hunter Henry,TE,SD,8.5670910255566497,5800,0.33327507545180501,0.3378315006978394,0.18973021224243564,0.084436855937956856,0.030816066235066528,0.023910289434896533
Jacob Tamme,TE,ATL,8.4908407752705592,5300,0.36536255062832623,0.30716516163767321,0.18155119543912268,0.084077882444193244,0.033549094047809744,0.028294115802874935
Charles Clay,TE,BUF,8.1546556597867852,4900,0.3798265699474716,0.30250172889536442,0.18267844774888334,0.092348726388195496,0.027196306700785731,0.015448220319299304
Antonio Gates,TE,SD,8.0469163102353303,5300,0.38368682996297926,0.31415313306031456,0.18011581938086482,0.075744444109931669,0.023733709534321558,0.022566063951588139
Julius Thomas,TE,JAC,7.8001996612984019,5500,0.3933136995955866,0.31713104736407088,0.17566273232239929,0.076814574467848326,0.024250034403209081,0.012827911846885927
Zach Miller,TE,CHI,7.7480199537930456,5500,0.38551409174985329,0.34212844336760156,0.15890115701885185,0.07666924794738636,0.024269810070389367,0.0125172498459175
Gary Barnidge,TE,CLE,7.5166314917032384,5000,0.40919979074272667,0.32446265105911903,0.16553007778246556,0.06839453421346188,0.019444841934920708,0.012968104267305889
C.J. Fiedorowicz,TE,HOU,7.3270229919074206,4900,0.40734108019568538,0.35911856139807585,0.14091561169437505,0.059827619038911706,0.019013681886837552,0.013783445786114562
Jack Doyle,TE,IND,7.1913392406236278,4900,0.43029542344710969,0.34283028495713097,0.13316594060198234,0.059079643422051652,0.021276786161151175,0.013351921410574034
Zach Ertz,TE,PHI,7.0032140599576254,4800,0.46139365355887607,0.3130422560788641,0.13303937029698201,0.060214550560970637,0.020672683885751428,0.011637485618555838
Cameron Brate,TE,TB,6.8849730643009641,5200,0.49795038092647687,0.27621882365079697,0.13185961012732819,0.058033190172396602,0.016732977177458114,0.019205017945543461
Vernon Davis,TE,WAS,6.7702127883378038,4500,0.51932831680519154,0.24654179382828795,0.14661935018034591,0.052656219670878898,0.017978193110534616,0.016876126404761146
Richard Rodgers,TE,GB,6.6773775863369709,4800,0.53107744938357115,0.24243905966411686,0.13497134740438421,0.057579178876381379,0.019308597192365967,0.014624367479180231
Kyle Rudolph,TE,MIN,6.6219153537125441,5100,0.51924638508132015,0.27510514414938353,0.12101969382379005,0.049901198888276585,0.016102948005432292,0.018624630051797292
Greg Olsen,TE,CAR,6.609380146000257,7400,0.52694081282892169,0.24886540949310454,0.14163345664507393,0.052382993008099919,0.018291912731499691,0.011885415293300063
Jason Witten,TE,DAL,6.4681418104054034,5200,0.5370814734938304,0.24910206421157233,0.13783254179337553,0.047126980355816403,0.016804427511718765,0.012052512633686598
Tyler Eifert,TE,CIN,6.1581590352652018,5600,0.58781202793589593,0.21629255198704037,0.11764033832762977,0.048202311823559045,0.014812206689310659,0.015240563236564137
Erik Swoope,TE,IND,5.9964666101564905,4500,0.57216182789722592,0.25564929565419042,0.10794822899878667,0.040497905172459367,0.012459858524531429,0.011282883752806087
Clive Walford,TE,OAK,5.7941008090267632,4600,0.60574606674023224,0.22305265440539962,0.11049333909266636,0.03816085361475853,0.012437162364372176,0.010109923782571197
Levine Toilolo,TE,ATL,5.6860045585320922,4500,0.62813240116805702,0.20345059815612829,0.107230819388281,0.036964175784066029,0.012713880095807756,0.011508125407659766
Anthony Fasano,TE,TEN,5.383955769586902,4500,0.65368100182200561,0.18999619587762595,0.10647354047162461,0.033561565821497323,0.0082753004042182086,0.0080123956030281242
Nick O'Leary,TE,BUF,5.2975522821885885,4500,0.66290299231145511,0.17950160256210779,0.11282340638187537,0.030577498423591948,0.0083429557637650226,0.0058515445572046932
Josh Hill,TE,NO,5.2937230354220501,4500,0.66925360199029782,0.18639883390955542,0.091583218467979358,0.033081688132337556,0.0084790156572659061,0.011203641842563927
Ryan Griffin,TE,HOU,5.1344796246770175,4500,0.66438378800164888,0.20696682860839946,0.087594244955354394,0.026353319475051817,0.0078284468065876467,0.00687337215295784
Mychal Rivera,TE,OAK,4.8327001377780361,4500,0.71396460676837836,0.1698303811370124,0.0780851742120003,0.021226037509271482,0.0076078163999083563,0.0092859839734292446
Ifeanyi Momah,TE,ARI,4.7526120806380714,4500,0.71052230137384431,0.18662847563105089,0.06527680923935604,0.02412508333048648,0.0062715800999199756,0.0071757503253423831
John Phillips,TE,NO,4.7525061260016548,4500,0.72864880277474331,0.15688156704443712,0.073246671468806368,0.02627936374233503,0.0064297508571154304,0.0085138441125628371
Jordan Reed,TE,WAS,4.6759008104481659,6800,0.72759519030592901,0.17403012442708896,0.063308838911193779,0.017393188846989045,0.0060104942448070894,0.011662163263992196
Clay Harbor,TE,DET,4.6415316786834415,4500,0.73419172863828674,0.16272907753344959,0.066454245553146024,0.022225303598064527,0.0060053670825115897,0.0083942775945414008
Phillip Supernaw,TE,TEN,4.6338393873831007,4500,0.74232936377775527,0.1472139202685013,0.073864578981710713,0.021676479115042235,0.0077829273853812862,0.0071327304716091115
Jermaine Gresham,TE,ARI,4.6237252492551386,4500,0.72468900247323886,0.17490955699105895,0.067512910843500765,0.021725179244757923,0.0061826187985243933,0.0049807316489191497
Ed Dickson,TE,CAR,4.5840619573693715,4500,0.73811179463362409,0.15393532178445757,0.076861486594814551,0.020644153073195871,0.0050145822893392852,0.0054326616245685575
Eric Ebron,TE,DET,4.5627888585969396,5300,0.73671329209662417,0.17593846247650935,0.051716083634546654,0.019041753414885589,0.0068901601580435611,0.0097002482193908474
Demetrius Harris,TE,KC,4.3347500098665259,4500,0.76735132254052585,0.14283351798482471,0.061433950264047785,0.017647922881715926,0.0053616168291915648,0.005371669499694174
Tyler Kroft,TE,CIN,4.3309477247426651,4500,0.76636178110587094,0.14339941031225925,0.062990275850517585,0.017221969955456953,0.0049891408106070897,0.005037421965287928
Virgil Green,TE,DEN,4.2221674546505801,4500,0.77764131739091302,0.13692220150898013,0.061728843377833582,0.014992356729123947,0.0044998724876505539,0.0042154085054988723
Niles Paul,TE,WAS,4.1397238148072519,4500,0.79098074542957875,0.13547174763606995,0.046581036663055617,0.015684368956026696,0.0041526714451563338,0.0071294298701127514
Seth DeValve,TE,CLE,4.1082198978383353,4500,0.77369937356567564,0.16713693556772966,0.035378826300608686,0.016131565356786101,0.0029118007176385341,0.0047414984915615226
Randall Telfer,TE,CLE,3.9628598524204182,4500,0.79630067784500913,0.14764994776920098,0.033959903571403799,0.015628386682810993,0.0021883651342329822,0.0042727189973420414
Rhett Ellison,TE,MIN,3.9362664842137431,4500,0.80140938715181165,0.14016469483312774,0.040492368755248774,0.010568323903856479,0.0024272339922222805,0.0049379913637329718
Marcedes Lewis,TE,JAC,3.9306784727249884,4500,0.80680903015267103,0.12926940640400364,0.046057957395417279,0.010762985434760603,0.0030416860198608452,0.0040589345932868313
Ben Koyack,TE,JAC,3.9234497967372746,4500,0.80132575121511451,0.14792500733658145,0.031210973675017163,0.009862756941231194,0.0036228203231345887,0.0060526905089214019
Stephen Anderson,TE,HOU,3.9105382272136846,4500,0.81087776104965803,0.12793292668095721,0.041463048327825706,0.012306908760026887,0.0027688800816130029,0.0046504750999191253
Luke Stocker,TE,TB,3.9069431852487875,4500,0.8169491112137266,0.12122431938604336,0.04104665752111792,0.011236147257930451,0.0033562622582231105,0.006187502362958861
Brandon Myers,TE,TB,3.9069431852487875,4500,0.8169491112137266,0.12122431938604336,0.04104665752111792,0.011236147257930451,0.0033562622582231105,0.006187502362958861
Ben Braunecker,TE,CHI,3.8910736193124102,4500,0.80176582091743842,0.15039695840184034,0.029458893144254081,0.0098870839675198816,0.003217490575163275,0.0052737529937841414
Nick Vannett,TE,SEA,3.8876228612324795,4500,0.81718060683762994,0.1299259307897952,0.030674887269715255,0.010781015708920814,0.0032819771791876523,0.0081555822147514213
Austin Hooper,TE,ATL,3.8832834505450267,4500,0.81623371272464329,0.12537107186739591,0.038371087066958971,0.011291120481737749,0.0029949566338434231,0.005738051225420886
Geoff Swaim,TE,DAL,3.8711304625865499,4500,0.81713269500013341,0.12303743222701122,0.043990481540061604,0.0068077556459034232,0.0023737476619883255,0.0066578879249023807
Gavin Escobar,TE,DAL,3.8711304625865499,4500,0.81713269500013341,0.12303743222701122,0.043990481540061604,0.0068077556459034232,0.0023737476619883255,0.0066578879249023807
Chase Coffman,TE,IND,3.8314044797266229,4500,0.81576865600891024,0.13656682139909992,0.030079383718824002,0.0073957231319289989,0.0035789409933955031,0.0066104747478415273
Brandon Bostick,TE,NYJ,3.8262801888613898,4500,0.8237256996000234,0.11385965987018588,0.04607273153052472,0.0096794572892731114,0.0030997155767430278,0.0035627361332502246
Kellen Davis,TE,NYJ,3.8262801888613898,4500,0.8237256996000234,0.11385965987018588,0.04607273153052472,0.0096794572892731114,0.0030997155767430278,0.0035627361332502246
Brent Celek,TE,PHI,3.8246434615034164,4500,0.81971854670885302,0.1233003875811601,0.039807493637338459,0.010383196218728574,0.0030881504809386466,0.0037022253729811798
Jeff Heuerman,TE,DEN,3.7595829819888302,4500,0.82607113490927953,0.12782665345756103,0.027386020636125049,0.010538597456352321,0.0031858584045111895,0.0049917351361706821
Logan Paulsen,TE,CHI,3.609659511186754,4500,0.8507298069018332,0.10286911754834537,0.030870437867886381,0.0086528559589655,0.0030255675385123626,0.0038522141844573349
Khari Lee,TE,DET,3.5982060306681403,4500,0.85771231951497939,0.094395502650753554,0.031911844481611593,0.0079519083695135905,0.0025758355045999702,0.0054525894785421303
Trey Burton,TE,PHI,3.5965173694616297,4500,0.85206971900034889,0.10187488973158537,0.03138108647269576,0.0081452271656680328,0.0024146584301661788,0.0041144191995360156
Brandon Williams,TE,SEA,3.5918004289046976,4500,0.85761166004037304,0.095992093034730955,0.03011760925199523,0.0081491870290693359,0.0029620400641499206,0.0051674105796820193
Justin Perillo,TE,GB,3.5912886115685998,4500,0.85877577653642401,0.093626035622906556,0.031777557010139117,0.007519171243317249,0.0029882389954828193,0.005313220591730429
Sean McGrath,TE,SD,3.5711718824157046,4500,0.86114809773910861,0.091740836940284287,0.031315998862772684,0.0083109904839131759,0.0024918095040360978,0.0049922664698854652
James O'Shaughnessy,TE,KC,3.5373827314129467,4500,0.86170307434437332,0.09543485461934445,0.028160332370041573,0.0075461415496714222,0.0026953833087010803,0.0044602138078685891
