name,pos,team,expectation,salary,prob_0_5,prob_5_10,prob_10_15,prob_15_20,prob_20_25,prob_25+
Julio Jones,WR,ATL,13.401020243552651,9200,0.14829181278622361,0.22357000336618577,0.25409868847647871,0.15994000072313042,0.10188080701791072,0.11221868763007065
Amari Cooper,WR,OAK,12.740605193395849,7500,0.15820821471275265,0.24573188942624319,0.2519628727727371,0.1642878570889226,0.093445997556038385,0.086363168443306271
Randall Cobb,WR,GB,12.418618671064316,6800,0.16055555209245312,0.26175560247459001,0.25082059416102975,0.16231754235414378,0.089379228235135513,0.075171480682647965
Julian Edelman,WR,NE,11.896712778023167,6500,0.19368509372003723,0.26529664083652971,0.2314797107899208,0.15372487101090793,0.089156538057483234,0.066657145585121022
Golden Tate,WR,DET,11.823575337271423,6300,0.18432206333002976,0.27475985470843345,0.23990858869413767,0.16058673431583156,0.073735962347755993,0.066686796603811396
Michael Crabtree,WR,OAK,11.765160147160842,7100,0.22049139742909307,0.25236169608879488,0.22102058202621749,0.14135767408567862,0.089287104817179705,0.075481545553036711
T.Y. Hilton,WR,IND,11.487761091888169,7800,0.19567943621257131,0.26441055439449307,0.27994884971481065,0.12761283772287457,0.071336158391357041,0.061012163563893509
Jordy Nelson,WR,GB,11.349045963975939,7500,0.24018171705200372,0.24375225798958419,0.23164807312495653,0.13691528073908915,0.085498409133409586,0.062004261960956923
Anquan Boldin,WR,DET,11.346988113281499,5800,0.20572719887561638,0.2859919507829331,0.23263599680150227,0.14416617082689617,0.071758247775585357,0.059720434937466434
Mohamed Sanu,WR,ATL,11.195268065716339,5600,0.26382948069770357,0.23402978287792175,0.22507718785604022,0.12727893445023475,0.075890419387937377,0.073894194730162427
DeAndre Hopkins,WR,HOU,10.980417987333301,7600,0.23157561762877188,0.30587153214264773,0.19546132952332199,0.13361201324295735,0.068944170763006379,0.064535336699294246
Davante Adams,WR,GB,10.808725714220026,6600,0.24788318469131287,0.27417873424193695,0.22528003365926969,0.12631294953475047,0.073657996684373228,0.052687101188356948
Brandon Marshall,WR,NYJ,10.756883519928762,7400,0.24573799226436779,0.29585725150714631,0.20645993276644709,0.12193795976484807,0.073248610834786773,0.056758252862404039
Tyrell Williams,WR,SD,10.754898397629265,5800,0.23600241103320457,0.29687714480128324,0.22355949222904803,0.12451493207216111,0.061791345271525071,0.057254674592778027
Brandin Cooks,WR,NO,10.558748171794019,7200,0.28026609284192527,0.26031741563209421,0.21257559216572192,0.11443360225699505,0.079056257892038018,0.053351039211225637
Mike Evans,WR,TB,10.469935412962688,7900,0.29509787825931755,0.24263003724112042,0.2050620769655481,0.14217679829981203,0.06046354965012421,0.054569659584077584
Travis Benjamin,WR,SD,10.297743032190501,5900,0.2594201247415206,0.31230220303112532,0.20310914754031659,0.11346794744438,0.057878620220084498,0.053821957022572788
Chris Hogan,WR,NE,10.131332236173737,5200,0.30544242159697704,0.26268174427563779,0.19142761201506917,0.12753806617123914,0.06643549929012954,0.046474656650947153
Willie Snead,WR,NO,9.98001429700183,6400,0.31307160246831228,0.25141643058538871,0.21417792953149709,0.11393492441128655,0.062569768499452644,0.044829344504062542
Demaryius Thomas,WR,DEN,9.921203873549322,7000,0.26906657491673019,0.31592394282124564,0.21139089796051064,0.10872388952516406,0.055110106489640494,0.039784588286708701
Emmanuel Sanders,WR,DEN,9.9162867168186644,6600,0.26564491222247338,0.32195274462625389,0.21524669904169916,0.099868119221125415,0.055230781451535357,0.042056743436912646
Cole Beasley,WR,DAL,9.895423352351429,6100,0.32541519665961272,0.27272826720030752,0.17158940311925883,0.10904527394477787,0.070067520183089191,0.051154338892953996
Jordan Matthews,WR,PHI,9.803393000595447,6000,0.32735800021373912,0.2522605128636643,0.19835825261339901,0.11306200591805284,0.072290577681256463,0.036670650709888522
Seth Roberts,WR,OAK,9.7248926558529227,5000,0.35089422157588274,0.22694764871860537,0.2003381135600048,0.11689818532220503,0.057949054751158434,0.046972776072144146
Michael Thomas,WR,NO,9.7093364240319637,5700,0.32203991334455795,0.26074498169856059,0.21024307222809729,0.10633433889715438,0.06155532719797549,0.039082366633654483
Quincy Enunwa,WR,NYJ,9.6160321396713808,6100,0.30188499218198178,0.30584371721415465,0.19477570564987085,0.10355846113865329,0.052549703072276133,0.04138742074306305
Doug Baldwin,WR,SEA,9.5485604654444813,7200,0.33940193026759896,0.2618527688282743,0.19717545553817023,0.10133633801879896,0.051668137607903633,0.048565369739254009
Larry Fitzgerald,WR,ARI,9.5474151589114342,7000,0.28642420647311728,0.32812756519451264,0.18817690502257234,0.11450479506526977,0.052345369875819614,0.03042115836870839
Marquise Goodwin,WR,BUF,9.3460080371256211,5400,0.3515809234493853,0.25369003829634362,0.20235507931031593,0.098354865991426288,0.054358652228772592,0.039660440723755908
Terrance Williams,WR,DAL,9.2590960510453399,5400,0.35862770064873123,0.2809141241019914,0.162252316638618,0.092072896883570537,0.060483046456312473,0.04564991527077588
Jeremy Maclin,WR,KC,9.0488600278307487,6400,0.35643770374701039,0.26366112288873372,0.20716531203988625,0.097022027321791118,0.037854993380620067,0.037858840621958004
Kelvin Benjamin,WR,CAR,8.9794085975553628,7300,0.35920042372987776,0.28250875308780254,0.18121381268643569,0.093430054135083304,0.047579603158854983,0.036067353201945762
Dontrelle Inman,WR,SD,8.770427150895145,5300,0.37762653957485154,0.27997088604494408,0.17199786566678305,0.08912779908878278,0.043649132589023761,0.037627777035615033
Brice Butler,WR,DAL,8.6697533658358132,5500,0.40959552899135154,0.26422330946322387,0.15039530975639326,0.079198497616108157,0.051595519521788043,0.044991834651135126
Robert Woods,WR,BUF,8.3008037467872722,5300,0.42307753022166317,0.26379690367481234,0.16066028669651233,0.074042051300959963,0.039199022143524505,0.039224205962527896
Will Fuller,WR,HOU,8.1680761133270376,6600,0.41922887815620652,0.28877621446555007,0.13913700358560982,0.078255925964223816,0.041212666006083032,0.03338931182232685
Phillip Dorsett,WR,IND,8.1578889097635852,5300,0.4264597131990408,0.26922337364461568,0.15468861314485582,0.078711136899913783,0.037742044239221874,0.03317511887235218
Michael Floyd,WR,ARI,8.1324353521766,5300,0.39913378728040655,0.31655755519544498,0.1332608683759258,0.086265635878093438,0.039299895496902791,0.025482257773226363
Tyler Lockett,WR,SEA,7.9517722498483465,5200,0.45573339810846708,0.23810920779561889,0.15996626633186178,0.079527513280981663,0.039587902747972546,0.027075711735098304
Marvin Jones Jr.,WR,DET,7.8221811063104525,7400,0.4940300197874728,0.21793138737150711,0.14958000856376349,0.060030779387399646,0.024886545848428719,0.053541259041428473
Terrelle Pryor Sr.,WR,CLE,7.7551298098468031,6900,0.49394482277930229,0.22034551431441821,0.15343856650844478,0.056513282119794957,0.024525603111532301,0.051232211166507731
John Brown,WR,ARI,7.6872656607623071,5900,0.45881700018164634,0.26401317578514544,0.14823554308196984,0.06731895895116137,0.033064616650492082,0.028550705349584777
Corey Coleman,WR,CLE,7.6257497561958862,5500,0.50261842398552958,0.22147202135472388,0.1490723414284662,0.053180851422658298,0.02229111628356583,0.051365245525056516
Justin Hunter,WR,BUF,7.5803131655180644,5200,0.47075015683611027,0.25599009973968823,0.14559242416679161,0.072547542407492505,0.024353826441723118,0.03076595040819427
Nelson Agholor,WR,PHI,7.5485376425572284,5000,0.49353544753695594,0.23418068066833903,0.12954415260198204,0.074987721727976228,0.047284609868519401,0.020467387596227269
Dez Bryant,WR,DAL,7.5005259424672124,7300,0.51033688196160454,0.22562690878315855,0.13301453181720901,0.056617467456729027,0.033424236200816068,0.04097997378048291
Ted Ginn Jr.,WR,CAR,7.4780422700037317,5600,0.50320724485511148,0.23858441350032089,0.12790757255432283,0.059653284145621266,0.030988381768202435,0.03965910317642124
Donte Moncrief,WR,IND,7.4481032684528516,5400,0.51747501821706077,0.21144949234141189,0.15075496989641723,0.050132810130364296,0.024675755908500283,0.045511953506245956
Chester Rogers,WR,IND,7.3322734949648529,4600,0.4571732710343786,0.29051081718638033,0.14846047488275688,0.059098485461194949,0.022057281518952001,0.022699669916336769
Russell Shepard,WR,TB,7.2637699124542285,4500,0.5321212238304357,0.21920594510913255,0.12730412927803492,0.048510187634472686,0.030883354817395434,0.04197515933052872
Jaelen Strong,WR,HOU,7.2143268951084076,4900,0.51877263492066561,0.23709358748011833,0.12719924063673474,0.053691921982404904,0.025915530579503229,0.037327084400573224
Quinshad Davis,WR,DET,7.1448544986659908,4500,0.5439895058580928,0.21420157382757621,0.12691535422337502,0.049376071749782813,0.014777069496344818,0.050740424844828796
Aaron Dobson,WR,DET,7.1448544986659908,4500,0.5439895058580928,0.21420157382757621,0.12691535422337502,0.049376071749782813,0.014777069496344818,0.050740424844828796
Vincent Jackson,WR,TB,7.141596714988597,5000,0.53662452447179931,0.2160119199285834,0.13416717485896357,0.049887764031542416,0.022233302288977349,0.041075314420134429
Andrew Hawkins,WR,CLE,7.1236746824919575,4500,0.48001026362837873,0.28419808423391596,0.131748033818188,0.061535027948273757,0.020107251072942603,0.022401339298301518
Tyreek Hill,WR,KC,7.0984229846403268,4800,0.53617492686451407,0.19945892418718156,0.14810443194315392,0.067749980733226051,0.021791814704725014,0.026719921567199535
Jermaine Kearse,WR,SEA,7.0541050519436341,4500,0.54219614706695762,0.21485919183165286,0.12940049882181953,0.054240701584189616,0.022078587316035621,0.037224873379344714
Adam Humphries,WR,TB,6.955576564823728,5000,0.52860519244824311,0.23736231540691161,0.13168024778208234,0.049099108232862898,0.023170503354422028,0.030082632775478468
Chris Conley,WR,KC,6.9386035968581838,4500,0.5486735443501366,0.20049100360690486,0.14303249682750196,0.05863579507757441,0.020578463812406394,0.028588696325475834
Rannell Hall,WR,CLE,6.9013301957103454,4500,0.5578938820122159,0.21246498842291311,0.12628160302799729,0.04343308041656499,0.014693627188078951,0.04523281893223003
Dwayne Bowe,WR,CLE,6.9013301957103454,4500,0.5578938820122159,0.21246498842291311,0.12628160302799729,0.04343308041656499,0.014693627188078951,0.04523281893223003
Josh Boyce,WR,CLE,6.9013301957103454,4500,0.5578938820122159,0.21246498842291311,0.12628160302799729,0.04343308041656499,0.014693627188078951,0.04523281893223003
Marcus Leak,WR,IND,6.8781731665581125,4500,0.56120288319143941,0.20740734663483851,0.12870272965704507,0.04280636184119057,0.017000651538310568,0.042880027137175952
Brian Tyms,WR,IND,6.8781731665581125,4500,0.56120288319143941,0.20740734663483851,0.12870272965704507,0.04280636184119057,0.017000651538310568,0.042880027137175952
Joshua Stangby,WR,IND,6.8781731665581125,4500,0.56120288319143941,0.20740734663483851,0.12870272965704507,0.04280636184119057,0.017000651538310568,0.042880027137175952
Mekale McKay,WR,IND,6.8781731665581125,4500,0.56120288319143941,0.20740734663483851,0.12870272965704507,0.04280636184119057,0.017000651538310568,0.042880027137175952
Daniel Anthrop,WR,IND,6.8781731665581125,4500,0.56120288319143941,0.20740734663483851,0.12870272965704507,0.04280636184119057,0.017000651538310568,0.042880027137175952
DeAndre Carter,WR,NE,6.8138647811433941,4500,0.56396496846557742,0.2143676884433392,0.11867711426339032,0.045140785987317772,0.013618532905272662,0.044230909935102973
DeAndrew White,WR,NE,6.8138647811433941,4500,0.56396496846557742,0.2143676884433392,0.11867711426339032,0.045140785987317772,0.013618532905272662,0.044230909935102973
Shaq Evans,WR,NE,6.8138647811433941,4500,0.56396496846557742,0.2143676884433392,0.11867711426339032,0.045140785987317772,0.013618532905272662,0.044230909935102973
Andre Roberts,WR,DET,6.8110212541674775,4500,0.54050226937232881,0.22509160590817071,0.13172801627910563,0.059220286351097093,0.021293357132668583,0.022164464956629548
Devin Street,WR,IND,6.8057944742904057,4500,0.5536498208518843,0.21229339119397792,0.13554007527164383,0.050021346842477249,0.0147555166066987,0.033739849233317826
Robby Anderson,WR,NYJ,6.8019108364389682,4500,0.51723846463655254,0.26363925638095176,0.12168842637699717,0.057626185594467458,0.018550833685711331,0.021256833325319933
Kolby Listenbee,WR,BUF,6.7967943092617817,4500,0.58290265069498892,0.19446594028455533,0.1169401383985491,0.04164421017919908,0.014155287980431952,0.049891772462275573
Greg Salas,WR,BUF,6.7967943092617817,4500,0.58290265069498892,0.19446594028455533,0.1169401383985491,0.04164421017919908,0.014155287980431952,0.049891772462275573
Walt Powell,WR,BUF,6.7967943092617817,4500,0.58290265069498892,0.19446594028455533,0.1169401383985491,0.04164421017919908,0.014155287980431952,0.049891772462275573
Marcus Easley,WR,BUF,6.7967943092617817,4500,0.58290265069498892,0.19446594028455533,0.1169401383985491,0.04164421017919908,0.014155287980431952,0.049891772462275573
Mose Frazier,WR,BUF,6.7967943092617817,4500,0.58290265069498892,0.19446594028455533,0.1169401383985491,0.04164421017919908,0.014155287980431952,0.049891772462275573
Cayleb Jones,WR,PHI,6.7501977798266282,4500,0.57365347497259989,0.19734178635421429,0.1267366554034294,0.049216891435836657,0.013682174672855861,0.039369017161063849
Hunter Sharp,WR,PHI,6.7501977798266282,4500,0.57365347497259989,0.19734178635421429,0.1267366554034294,0.049216891435836657,0.013682174672855861,0.039369017161063849
Bryce Treggs,WR,PHI,6.7501977798266282,4500,0.57365347497259989,0.19734178635421429,0.1267366554034294,0.049216891435836657,0.013682174672855861,0.039369017161063849
Xavier Rush,WR,PHI,6.7501977798266282,4500,0.57365347497259989,0.19734178635421429,0.1267366554034294,0.049216891435836657,0.013682174672855861,0.039369017161063849
Chris Givens,WR,PHI,6.7501977798266282,4500,0.57365347497259989,0.19734178635421429,0.1267366554034294,0.049216891435836657,0.013682174672855861,0.039369017161063849
Damiere Byrd,WR,CAR,6.7279048685837584,4500,0.5927937737497736,0.18676496648704297,0.10880815157783857,0.051660737549873145,0.01364436175294481,0.046328008882526604
Keyarris Garrett,WR,CAR,6.7279048685837584,4500,0.5927937737497736,0.18676496648704297,0.10880815157783857,0.051660737549873145,0.01364436175294481,0.046328008882526604
Kenbrell Thompkins,WR,NYJ,6.7255966559712999,4500,0.56628008944490638,0.21382862019807594,0.11489103372279347,0.055966152993699905,0.011560333633124316,0.037473770007400049
Devin Smith,WR,NYJ,6.7255966559712999,4500,0.56628008944490638,0.21382862019807594,0.11489103372279347,0.055966152993699905,0.011560333633124316,0.037473770007400049
DeVier Posey,WR,DEN,6.7040827947818773,4500,0.57513683450929687,0.20723926695961298,0.11690744527169981,0.044424679454172389,0.014970505935243853,0.041321267869974081
Marlon Brown,WR,DEN,6.7040827947818773,4500,0.57513683450929687,0.20723926695961298,0.11690744527169981,0.044424679454172389,0.014970505935243853,0.041321267869974081
Bralon Addison,WR,DEN,6.7040827947818773,4500,0.57513683450929687,0.20723926695961298,0.11690744527169981,0.044424679454172389,0.014970505935243853,0.041321267869974081
Durron Neal,WR,DEN,6.7040827947818773,4500,0.57513683450929687,0.20723926695961298,0.11690744527169981,0.044424679454172389,0.014970505935243853,0.041321267869974081
Isaiah Burse,WR,SD,6.70077148277249,4500,0.58939382908065674,0.19594171309278693,0.11021309182384512,0.041780418241340003,0.014909593716856021,0.047761354044515363
Tanner McEvoy,WR,SEA,6.6858766402255938,5000,0.56433374797789138,0.21024815942367697,0.12424236993728414,0.051536569005692784,0.024363046547481584,0.025276107107973681
Brandon Coleman,WR,NO,6.6820364733772166,4600,0.55715006338569184,0.21173161779602639,0.135645659079037,0.052099673830078047,0.019779592314728905,0.023593393594438551
Chris Brown,WR,DAL,6.6814799929753246,4500,0.56881395305671434,0.21891407387346529,0.11213657057352813,0.045511365990324827,0.016545496926266678,0.038078539579700449
Danny Amendola,WR,NE,6.6492598253450534,4600,0.58386138175468594,0.18623961440052023,0.12122399299603218,0.060393382748554103,0.021423924070272986,0.026857704029934402
Demarcus Robinson,WR,KC,6.6195666424714226,4500,0.58756768704906248,0.19600269575655233,0.11851154240686589,0.042382309252997762,0.013938207507600523,0.041597558026921035
Kashif Moore,WR,KC,6.6195666424714226,4500,0.58756768704906248,0.19600269575655233,0.11851154240686589,0.042382309252997762,0.013938207507600523,0.041597558026921035
Deshon Foxx,WR,SEA,6.6031860360982897,4500,0.5921062893712411,0.19587284810189548,0.10924264848134418,0.045799777319252992,0.016012453434013703,0.040965983292252109
Kevin Smith,WR,SEA,6.6031860360982897,4500,0.5921062893712411,0.19587284810189548,0.10924264848134418,0.045799777319252992,0.016012453434013703,0.040965983292252109
Dorial Green-Beckham,WR,PHI,6.5107800319579425,4800,0.5590068344688417,0.23272686729642836,0.11494379281344309,0.051763164768165858,0.023544644101829115,0.018014696551291991
Cecil Shorts III,WR,TB,6.5080944944485557,4500,0.59864785658467445,0.19777771059245203,0.10701394860219329,0.039118798656645408,0.014751532697238619,0.042690152866796317
Donteea Dye,WR,TB,6.5080944944485557,4500,0.59864785658467445,0.19777771059245203,0.10701394860219329,0.039118798656645408,0.014751532697238619,0.042690152866796317
Kyle Prater,WR,NO,6.4995794400712033,4500,0.59196338964747353,0.21202324117602003,0.09746001305487613,0.04366674675923337,0.012460666361216457,0.042425943001180487
Vincent Brown,WR,NO,6.4995794400712033,4500,0.59196338964747353,0.21202324117602003,0.09746001305487613,0.04366674675923337,0.012460666361216457,0.042425943001180487
Jared Dangerfield,WR,NO,6.4995794400712033,4500,0.59196338964747353,0.21202324117602003,0.09746001305487613,0.04366674675923337,0.012460666361216457,0.042425943001180487
Tevin Jones,WR,HOU,6.4731425329321493,4500,0.60575172097099028,0.19337356761663163,0.10083283060007087,0.044369854597366865,0.011880417097146198,0.043791609117794193
Keith Mumphery,WR,HOU,6.3768338954645438,4500,0.60400819149542229,0.20624869009959235,0.097497204091130898,0.037461328352582271,0.012183234053053084,0.042601351908219079
De'Anthony Thomas,WR,KC,6.3746427973648432,4500,0.6082805908596195,0.17756306114125855,0.11994088292091666,0.049352720251426022,0.014888152398301864,0.029974592428478188
Jalin Marshall,WR,NYJ,6.3605465119676321,4500,0.59978143047122945,0.19983608914823864,0.11654048432746447,0.032762511354899639,0.014492712965178104,0.036586771732989506
Devin Funchess,WR,CAR,6.3526548383169157,4800,0.57393726254934441,0.23133835099111741,0.11537827939618529,0.037601863216226786,0.013090751004413741,0.02865349284271201
Bennie Fowler,WR,DEN,6.2624410516490032,4700,0.56896360717701344,0.23683684431230659,0.11907617970868306,0.042198842386580906,0.013720152636697165,0.019204373778719256
Quan Bray,WR,IND,6.2623293902543198,4500,0.58658668962995908,0.23204161620818398,0.093458121249945666,0.047429634797135668,0.011200575622496543,0.029283362492279086
Charone Peake,WR,NYJ,6.1686393615582524,4500,0.58010152079644928,0.24371390541028476,0.095200901067328189,0.044579109083754481,0.016147980695469334,0.020256582946713734
Corey Brown,WR,CAR,6.1596184633772326,4700,0.58352339711386114,0.22815735183651289,0.11776406076747806,0.03766705572242373,0.0092036206619139742,0.023684513897810115
Taylor Gabriel,WR,ATL,6.0859201243753525,4600,0.63650067324167281,0.17307553308472107,0.10791605162768148,0.032688574471627214,0.018885172751381303,0.03093399482291594
Albert Wilson,WR,KC,6.0846994241729018,4500,0.64736578162407188,0.15525808908452687,0.10425161711620437,0.049506820463556235,0.013430358431228456,0.03018733328041244
Jordan Norwood,WR,DEN,6.0788307716904937,4500,0.59633282832734957,0.2251645766066348,0.1042165754062914,0.037637778347794935,0.013986114684151585,0.022662126627777949
J.J. Nelson,WR,ARI,6.0331396419329169,4500,0.60256188213991491,0.22585024284453364,0.093084026905337472,0.042542637401796729,0.012824334016102614,0.023136876692314817
Andre Holmes,WR,OAK,5.996921836160273,4500,0.64572749381334515,0.16593822997960442,0.098878335400437764,0.046943924787321102,0.017702388006849631,0.024809628012442474
Justin Hardy,WR,ATL,5.9016180285795086,4500,0.6461293898085676,0.17080371796535995,0.10187419215407519,0.041854796645298113,0.016482403626997516,0.022855499799701421
Ricardo Louis,WR,CLE,5.8906518211464256,4500,0.61088022136228137,0.22111866967167826,0.10123005926949277,0.035051960417086379,0.0091997516299470727,0.022519337649514713
Josh Huff,WR,PHI,5.8487935513467137,4500,0.63547129615288045,0.18588895481981643,0.097777912472872319,0.050851534519600429,0.014292183229171434,0.015718118805658952
Braxton Miller,WR,HOU,5.8363918844527385,4500,0.65609900536036581,0.1719414667775952,0.097103191115380127,0.032105733403093757,0.0089396890449152753,0.033810914298649984
Lucky Whitehead,WR,DAL,5.8342930914045841,4500,0.64949278703862412,0.18060366683920034,0.090950945510377135,0.035806768551373852,0.018796405535281398,0.024349426525143037
Rashard Higgins,WR,CLE,5.7737150630948637,4500,0.62432747251503784,0.21469155417222097,0.091179592865393427,0.040118706718981767,0.011077216082809675,0.018605457645556222
Tommylee Lewis,WR,NO,5.7521006878986078,4500,0.65122447338067024,0.1644181752640049,0.12092002398458825,0.028028876168495961,0.016966970170153074,0.018441481032087956
Jared Abbrederis,WR,GB,5.6337033726450008,4500,0.68509550516955475,0.16117939291903721,0.078805463079514693,0.028553431888113458,0.0095409749323084343,0.036825232011471858
Jeff Janis,WR,GB,5.6168267745748137,4500,0.66460828129197258,0.17023667067304776,0.095855372432876798,0.035982400524597287,0.013115637585158565,0.020201637492347047
Paul Richardson,WR,SEA,5.4718064674173545,4500,0.6933847309505109,0.15397426673293688,0.086193773104559668,0.024233287942896947,0.015770089632755942,0.026443851636340006
Brandon Tate,WR,BUF,5.4550436015363477,4500,0.6907998538212069,0.15903553334930945,0.076109770654246206,0.037674363843669623,0.015171837539381287,0.021208640792186723
Cody Latimer,WR,DEN,5.3293811625203595,4500,0.70944169383466327,0.14853340470365792,0.081382946840067569,0.02083932119794446,0.0069541965918876666,0.032848436831778967
Jordan Payton,WR,CLE,5.327275065773728,4500,0.70062273809676723,0.15491170430415827,0.090277979000298797,0.016445168732314209,0.0080602046792608486,0.02968220518720073
Jaron Brown,WR,ARI,5.2538303931415467,4500,0.69968152310057996,0.16099182491928066,0.076260403312003511,0.034191210914225202,0.0096953744272122201,0.019179663326699382
Brenton Bersin,WR,CAR,5.1683854948608881,4500,0.7021634237739941,0.1693221730671427,0.074215470599640093,0.025831456912013724,0.0039077642663311353,0.024559711380877858
Aldrick Robinson,WR,ATL,5.0446838957881814,4500,0.73589564310683586,0.13439214826231252,0.070346860693135005,0.025525634026009689,0.011924562127507726,0.02191515178419878
Malcolm Mitchell,WR,NE,4.9338160221329961,4500,0.7553637449109426,0.12681172080921402,0.058652365045410361,0.022692696710029835,0.0078286992255399805,0.028650773298863022
Griff Whalen,WR,SD,4.7697341044191699,4500,0.75824957466380727,0.12439967580285487,0.065860588364072339,0.024920532080947567,0.0097837733315935815,0.016785855756723558
Eric Weems,WR,ATL,4.7599958493036976,4500,0.76971303329540686,0.11573539005377233,0.061092575819826744,0.021342426351338005,0.010531523284981767,0.021585051194674489
Jordan Taylor,WR,DEN,4.6494840137110689,4500,0.78683818790604143,0.09551983471680818,0.072495051480753955,0.015895717750584154,0.004556328916917993,0.024694879228894615
Matthew Slater,WR,NE,4.6383000194305231,4500,0.78549879317908422,0.10939669548551063,0.056717496028130268,0.015811238493632706,0.0054842832047759674,0.027091493608866295
Trevor Davis,WR,GB,4.362658911902205,4500,0.81255339274204641,0.090435153738279747,0.056655400317164324,0.013270592903537083,0.0064532521976413413,0.020632208101331182
