name,pos,team,expectation,salary,prob_0_5,prob_5_10,prob_10_15,prob_15_20,prob_20_25,prob_25+
Antonio Brown,WR,PIT,13.310655573776234,8900,0.14842834559406368,0.23739801292731993,0.22527214134865445,0.18314554297884914,0.10402759556149499,0.10172836158961811
Jordy Nelson,WR,GB,12.385478371389951,7800,0.16779711099138858,0.28069658728608621,0.21459106961801211,0.16231826318384993,0.09272268639898619,0.081874282521677055
Doug Baldwin,WR,SEA,12.068198194508341,6700,0.1825460860335017,0.25312674008393349,0.26345989009137533,0.14002139656556636,0.090700507189835203,0.070145380035788726
Dez Bryant,WR,DAL,11.9021562921435,7400,0.17467314372114226,0.30856082879086405,0.2119788032471229,0.13586504541264219,0.10429320723548104,0.064628971592747858
Davante Adams,WR,GB,11.864756625320492,7600,0.18664266388584078,0.2844868186478044,0.22142935280166023,0.15313873653402646,0.085322549442444925,0.068979878688222945
Rishard Matthews,WR,TEN,11.819971303305365,6000,0.19467897261763478,0.27073810928268127,0.2356956385814627,0.14703002925794434,0.078511464859750899,0.073345785400525998
Mike Evans,WR,TB,11.716979308685575,8000,0.20164285294750933,0.26749027612790294,0.23774527571654813,0.14233149947454177,0.080529942914998001,0.070260152818499733
Cole Beasley,WR,DAL,11.419134993706756,6400,0.21716719327148579,0.29964279535618005,0.18472831000938877,0.13680970301255238,0.10396151742322822,0.057690480927164729
Randall Cobb,WR,GB,11.286606986507334,6500,0.21837641608734382,0.29263716328479228,0.20473382095862022,0.14174300852379534,0.08256038919919402,0.059949201946254395
Odell Beckham Jr.,WR,NYG,11.051727840932253,9000,0.30284213707620811,0.23426289310491008,0.17477318836380454,0.11808620331008456,0.077900202301285179,0.092135375843707443
Allen Robinson,WR,JAC,10.811729959256901,7300,0.25429613514512095,0.25910915078949093,0.24158673660285726,0.12044099007641255,0.064094539303654594,0.060472448082463763
Sterling Shepard,WR,NYG,10.709915561521916,5900,0.24360366404727021,0.26577888727449067,0.25957608353753597,0.11604756974464404,0.066059628259406089,0.048934167136652863
Julian Edelman,WR,NE,10.645554922443329,6100,0.2891448218907493,0.24917633564762828,0.20931990318351062,0.11629508640605829,0.067909681104426439,0.068154171767627156
T.Y. Hilton,WR,IND,10.446310009395226,7900,0.29295637156871812,0.25224069699089235,0.20026534723951558,0.13612933687729864,0.063938636840651583,0.054469610482923869
Jarvis Landry,WR,MIA,10.421276380116826,6900,0.2653125770273137,0.27519532236287686,0.22368428332318327,0.12537715971975799,0.066593379979494174,0.04383727758737424
Jordan Matthews,WR,PHI,10.248295622083624,5800,0.26620574640655081,0.27821519269774742,0.23740486866838084,0.11340593658853876,0.067424893577309186,0.037343362061472624
Mike Wallace,WR,BAL,10.231192521977636,6800,0.25380176171245572,0.29970912954663476,0.23051901643367825,0.11957873150716151,0.055201656540296559,0.041189704259773099
Donte Moncrief,WR,IND,10.15912246164404,6500,0.31131098689285686,0.2543634614170377,0.18987640097896391,0.12830772100396748,0.06792208259393058,0.048219347113243563
Eli Rogers,WR,PIT,10.064614014640105,5500,0.31071137183115921,0.25674459031190305,0.20937873626204362,0.11047423453568628,0.057457298811066475,0.055233768248141191
Jamison Crowder,WR,WAS,9.9872413467205572,6300,0.32044967309927064,0.26777464408123824,0.18539089903674902,0.10305869670595669,0.066914698312421528,0.056411388764363864
Stefon Diggs,WR,MIN,9.8971699137743627,6800,0.28561916877359916,0.30425030786464297,0.21112951005953509,0.094246463101457539,0.053587485537040125,0.051167064663725226
Kenny Britt,WR,LARM,9.7393827479624449,6800,0.29395713748969449,0.30953762577565558,0.18254692947514808,0.12386258077430606,0.048821309882359359,0.041274416602836358
Kenny Stills,WR,MIA,9.7331071915688074,5900,0.31155079776943506,0.263209131091722,0.22029205730817192,0.11368108446486481,0.054549707617931091,0.036717221747875319
DeVante Parker,WR,MIA,9.6409361894479844,5800,0.31032590018331813,0.27636831123078126,0.21288350378917537,0.11001497797182459,0.0560295489595138,0.034377757865387139
Pierre Garcon,WR,WAS,9.635717853830938,5700,0.34251238174940873,0.26340041455516505,0.18350390195630734,0.094986820023525556,0.06620751635013529,0.049388965365458032
Adam Thielen,WR,MIN,9.5114678434006148,5900,0.31329700595452253,0.30562465646134573,0.19048494185444403,0.092141341157021828,0.052985267824505591,0.045466786748160216
Golden Tate,WR,DET,9.4677324753503278,6600,0.34317612781368756,0.27743459502245849,0.17305260223582253,0.10433437124660389,0.053007936570987235,0.048994367110440265
Adam Humphries,WR,TB,9.3304428890407731,5300,0.31780550785764872,0.3014245763797796,0.19221303358256203,0.10746976850530508,0.047606939626187283,0.033480174048517365
Larry Fitzgerald,WR,ARI,9.3101519894624136,7000,0.35325359619367175,0.26993546576892502,0.18592423128496971,0.091730793519229956,0.050725477170091758,0.048430436063112238
Robert Woods,WR,BUF,9.16483914471244,5400,0.36075246881981582,0.27339798446774777,0.170250118004864,0.10356081695338951,0.051805901166070513,0.040232710588112307
Tajae Sharpe,WR,TEN,9.0527993728291118,5100,0.3522131646616275,0.289744390307063,0.17300809732882483,0.10372276035091339,0.042926928209487701,0.038384659142083707
Cameron Meredith,WR,CHI,8.9888833948122535,5600,0.36944424815209947,0.26240770824677362,0.18153270406039893,0.10480974585855099,0.051153643391659447,0.030651950290517687
Cordarrelle Patterson,WR,MIN,8.9372681354670416,5300,0.33890223659517937,0.31058532472851019,0.18637060760784341,0.085331964932624738,0.045918138327872747,0.03289172780796927
DeSean Jackson,WR,WAS,8.8667072185236631,6000,0.41115525625698884,0.23168873511768567,0.17521710792350631,0.08641353953397149,0.045648931701118445,0.049876429466729218
Corey Coleman,WR,CLE,8.8605384995634715,5400,0.34195662635059559,0.32989590256428258,0.15829701114761324,0.085714220209075945,0.052206084216204457,0.031930155512227942
A.J. Green,WR,CIN,8.77936124163773,8200,0.40054651453861118,0.246815330394485,0.18132993434203756,0.07974019222647806,0.050663669922390249,0.040904358575998161
Anquan Boldin,WR,DET,8.6884255679943081,5200,0.39200025605976691,0.27714587445999311,0.15849987104326627,0.083412050339004076,0.051406394454525481,0.03753555364344436
Tyreek Hill,WR,KC,8.5885143189160811,5400,0.38115205306933964,0.28202067798353375,0.18632159479235538,0.073465298787040348,0.042558776984804446,0.034481598382926554
Terrance Williams,WR,DAL,8.4699608768307897,5300,0.43633449538496244,0.24000299356019494,0.13410422391283344,0.098068223985546168,0.065874253758659379,0.025615809397803998
Tyler Lockett,WR,SEA,8.2874996027067471,5000,0.42344550182042878,0.26029699018947655,0.15718218420901503,0.087182823441774804,0.038172410088005988,0.033720090251298865
Marquise Goodwin,WR,BUF,8.24981262334272,5300,0.42295697561174556,0.26962984642811577,0.14847739989565631,0.085824898936383925,0.03965121400052786,0.033459665127570502
Marqise Lee,WR,JAC,8.2485652103482607,4800,0.39109852138914164,0.28757751836227408,0.19083322793002402,0.072790751966958223,0.026403089811553721,0.031296890540048132
Jeremy Kerley,WR,SF,8.2179597976768139,5300,0.42368815898322926,0.27679894318963216,0.14816065122022121,0.070321739266124811,0.045646040597044926,0.035384466743746901
Allen Hurns,WR,JAC,8.1426720679109952,5400,0.43684711558110867,0.25312002879345036,0.16092341995640697,0.076606223993192488,0.038767185482851817,0.03373602619298998
Tavon Austin,WR,LARM,8.0927980964669608,5100,0.38568435249901584,0.328929884701822,0.14952769942542024,0.079789812218262368,0.02913635669145347,0.026931894464025719
Kendall Wright,WR,TEN,8.0362286554289035,4700,0.44738959360523556,0.25591830906787982,0.14134788345470276,0.085862772324640416,0.036363869603133987,0.033117571944407662
Alshon Jeffery,WR,CHI,8.0245908013471592,6900,0.46543402972360326,0.23558302912258025,0.13985636411922348,0.082984437497499994,0.040041607269559021,0.036100532267533757
Brandon LaFell,WR,CIN,8.0112054478646737,5300,0.43416498954782662,0.2593532421985042,0.16061021249752147,0.084716759905668251,0.038256836590012527,0.022897959260466606
Victor Cruz,WR,NYG,7.7200881139373791,4900,0.44960354703748001,0.27360610649154055,0.14602281129760536,0.074061025521363122,0.027349731123420061,0.029356778528591001
Albert Wilson,WR,KC,7.6790319479814872,4800,0.44475047432298837,0.28003295636090081,0.15223175920982374,0.067286773618234014,0.029040588479219521,0.026657448008833795
Phillip Dorsett,WR,IND,7.5800822490095783,4700,0.47469861882279946,0.25032005867897295,0.13863452025043174,0.082596332898208863,0.028113994820483094,0.025636474529104059
Jermaine Kearse,WR,SEA,7.5784695627516045,4600,0.48241445187053789,0.24505180159398668,0.14311656385190941,0.066561417121324642,0.029554095922664184,0.03330166963957696
Brice Butler,WR,DAL,7.5749155908615755,4700,0.49727188565653707,0.22312229901969829,0.13900453450162722,0.075723364966340856,0.037707924028644771,0.027169991827152077
Malcolm Mitchell,WR,NE,7.566007907402085,4500,0.50806210617216374,0.21398915567339061,0.14895631209935373,0.054223583817626257,0.035215161031886918,0.039553681205578541
Andre Roberts,WR,DET,7.5504984070107932,4500,0.48423301251570067,0.24920607435364561,0.13151393356808053,0.07516699922927414,0.027035159441964114,0.032844820891334656
Quinton Patton,WR,SF,7.5432798668549861,4600,0.44647894973496882,0.28284635100013178,0.1608161384447207,0.05990117804938274,0.0253131025207015,0.024644280250094026
Breshad Perriman,WR,BAL,7.5231570978858739,5100,0.48998624879238067,0.23393855205668479,0.13849522545053897,0.082385113211465924,0.029427225459638447,0.025767635029292014
Kamar Aiken,WR,BAL,7.5190692689692975,4900,0.45563634198404079,0.28702973594129444,0.13154940462668244,0.074517490510657411,0.026202297619395576,0.025064729317929149
Torrey Smith,WR,SF,7.5137948375079926,4900,0.4897622264304311,0.25346190683101544,0.12804865329448459,0.058518785366244552,0.033398742406240675,0.036809685671583492
Chris Hogan,WR,NE,7.4842545714242563,6000,0.51661914269224696,0.22591040295219239,0.12466524754739171,0.050485912807751901,0.04144419218746468,0.040875101812952251
Eddie Royal,WR,CHI,7.4466617067345622,5200,0.50182193333964409,0.22362475926142225,0.14097767639586173,0.076774503176357825,0.030576919368876063,0.026224208457837829
John Brown,WR,ARI,7.353753535698937,5900,0.51116619815694464,0.22318155932933653,0.1331602276650127,0.077816494137166528,0.025578393488771434,0.029097127222768065
Russell Shepard,WR,TB,7.2710330526852323,4500,0.51904857877473143,0.2312946336066545,0.12217177897839125,0.068891431078532475,0.02107376207043821,0.037519815491251898
Sammy Watkins,WR,BUF,7.1570486899720684,5800,0.50742097304176426,0.2562754396272296,0.12257441402026534,0.060458422175397201,0.017743551876255606,0.035527199259087865
Michael Floyd,WR,ARI,7.1334023535177398,4900,0.50277351079418697,0.25669764756345531,0.12921150938187623,0.063540804260176442,0.017945248405712676,0.029831279594592072
Chris Brown,WR,DAL,7.0900996392540154,4500,0.53642595347294264,0.22479566946548141,0.12294999533420958,0.057858973712495369,0.016099693494938058,0.041869714519932863
Jeremy Maclin,WR,KC,7.0876004258480299,6400,0.54664677535337858,0.21257863313941067,0.12480469262599718,0.049008728552310053,0.026499970523247499,0.040461199805656184
Marvin Jones Jr.,WR,DET,7.0608392307704344,6500,0.52942416846716822,0.22690698966643189,0.12933801382811927,0.064633782975784246,0.015801745408417497,0.03389529965407876
Steve Smith Sr.,WR,BAL,6.9932067277537779,5500,0.53967961276226939,0.22171769173805012,0.1235884680323682,0.060626401731264989,0.024071616126061224,0.030316209609985892
Chris Conley,WR,KC,6.9658847150387775,4800,0.51359368767069091,0.25821357506284287,0.12527422354612858,0.05372829643581685,0.02272105487739905,0.026469162407121744
J.J. Nelson,WR,ARI,6.9633877677253659,5800,0.5429824630646044,0.2105206316362585,0.12976983568881628,0.069139616124266959,0.022738865271887641,0.024848588214166127
Terrelle Pryor Sr.,WR,CLE,6.9614710991758475,7200,0.53596161824000876,0.23412976797409449,0.11285655023311773,0.064853579745123985,0.023101806878806731,0.029096676928848143
Danny Amendola,WR,NE,6.9329248806637906,4500,0.57246013870711598,0.18376179678718998,0.13005070364600355,0.048102159827874455,0.02971071258914218,0.035914488442673767
Rashawn Scott,WR,MIA,6.9136432675748996,4500,0.55299755329370903,0.21845870611013299,0.11906612184743839,0.0519189353593838,0.017412519314858856,0.040146164074476652
Tyler Murphy,WR,MIA,6.9136432675748996,4500,0.55299755329370903,0.21845870611013299,0.11906612184743839,0.0519189353593838,0.017412519314858856,0.040146164074476652
Tyler Boyd,WR,CIN,6.9041421140328767,4500,0.52873596337326667,0.22682885760637597,0.15219245060947478,0.045570414773559872,0.020458148526041778,0.026214165111280607
Bryan Walters,WR,JAC,6.8833074073888412,4500,0.56133217919037448,0.2285263860123542,0.10598921097477196,0.033714744076430769,0.017174957443764398,0.053262522302304077
Nelson Agholor,WR,PHI,6.8530112417570175,5200,0.55288751326060459,0.21170682250103032,0.129547688843275,0.049579276205401993,0.030331276400823733,0.025947422788864413
Brandon Tate,WR,BUF,6.8260420258599694,4500,0.53912675555605594,0.23772256031787337,0.11817558002732247,0.058215938677213065,0.017308958339838372,0.029450207081696596
Brian Quick,WR,LARM,6.8091197553271581,4500,0.52646874390645815,0.25344661077819947,0.11972373607392528,0.059282379637815685,0.014309918792069849,0.026768610811531087
Isaac Fruechte,WR,MIN,6.7986593258427384,4500,0.56691345192159781,0.20761908217312641,0.10793466937585247,0.066890809040448959,0.017638920322499706,0.033003067166474193
Geronimo Allison,WR,GB,6.7601696568257719,5200,0.57501337243066408,0.19487900597216665,0.11284177537024127,0.06513430852566382,0.0245892394308059,0.027542298270458052
Deshon Foxx,WR,SEA,6.7181591305202151,4500,0.56502181185348654,0.22215058323658698,0.10974322973705235,0.051916255917306177,0.0095945806364043842,0.041573538619163117
Kevin Smith,WR,SEA,6.7181591305202151,4500,0.56502181185348654,0.22215058323658698,0.10974322973705235,0.051916255917306177,0.0095945806364043842,0.041573538619163117
Markus Wheaton,WR,PIT,6.7105033147425361,4800,0.5489879527896111,0.24891481778914282,0.10770769659705361,0.037384823022430062,0.019407566110844873,0.037597143690917503
Percy Harvin,WR,BUF,6.6986877248621104,4900,0.5498178020021135,0.23737104229733164,0.10829539982089967,0.056687230821489978,0.023428614722003933,0.024399910336161082
Jarius Wright,WR,MIN,6.6498973536013919,4500,0.57459803704423784,0.21611329422563208,0.10264869830346225,0.05363105612310845,0.017368959999398005,0.035639954304160962
Hunter Sharp,WR,PHI,6.6287530994706323,4500,0.57919497751491678,0.21230883219192928,0.10384444107853301,0.049106374577877601,0.019293091372217592,0.03625228326452562
Chris Givens,WR,PHI,6.6287530994706323,4500,0.57919497751491678,0.21230883219192928,0.10384444107853301,0.049106374577877601,0.019293091372217592,0.03625228326452562
Cayleb Jones,WR,PHI,6.6287530994706323,4500,0.57919497751491678,0.21230883219192928,0.10384444107853301,0.049106374577877601,0.019293091372217592,0.03625228326452562
Xavier Rush,WR,PHI,6.6287530994706323,4500,0.57919497751491678,0.21230883219192928,0.10384444107853301,0.049106374577877601,0.019293091372217592,0.03625228326452562
Justin Hunter,WR,BUF,6.6107245109066737,5000,0.5730900890886258,0.20489864353232215,0.12358670201579515,0.049340296075994584,0.023369380046875433,0.025714889240387308
Laquon Treadwell,WR,MIN,6.6003904686473138,4500,0.56223375103707884,0.23903443096700291,0.10100671680391891,0.04542755913361373,0.018740158538145316,0.033557383520239938
Darrius Heyward-Bey,WR,PIT,6.5887045616809727,4800,0.57622487304256131,0.22170038830235017,0.10983126177129868,0.031970570195360246,0.020898243536982223,0.039374663151447456
Levi Norwood,WR,PIT,6.5852109146091893,4500,0.5590786524744128,0.24455995093602273,0.1079468025377468,0.033061279200380066,0.019361784948006652,0.035991529903430949
Canaan Severin,WR,PIT,6.5852109146091893,4500,0.5590786524744128,0.24455995093602273,0.1079468025377468,0.033061279200380066,0.019361784948006652,0.035991529903430949
Rashad Greene Sr.,WR,JAC,6.5672350438623157,4500,0.56747108021962167,0.23217900003347061,0.10323015657839718,0.046122492158359132,0.018546135943636168,0.032451135066515223
Tony Washington,WR,JAC,6.5672350438623157,4500,0.56747108021962167,0.23217900003347061,0.10323015657839718,0.046122492158359132,0.018546135943636168,0.032451135066515223
Marcus Easley,WR,BUF,6.5664216851079225,4500,0.56809942250700274,0.22825735503580158,0.10828384265248762,0.047380073478173565,0.013577455386384923,0.034401850940149463
Walt Powell,WR,BUF,6.5664216851079225,4500,0.56809942250700274,0.22825735503580158,0.10828384265248762,0.047380073478173565,0.013577455386384923,0.034401850940149463
Kolby Listenbee,WR,BUF,6.5664216851079225,4500,0.56809942250700274,0.22825735503580158,0.10828384265248762,0.047380073478173565,0.013577455386384923,0.034401850940149463
Greg Salas,WR,BUF,6.5664216851079225,4500,0.56809942250700274,0.22825735503580158,0.10828384265248762,0.047380073478173565,0.013577455386384923,0.034401850940149463
Jared Abbrederis,WR,GB,6.5590242883055847,4500,0.57470694079962703,0.22191505931537817,0.10591052694897729,0.042909205444019993,0.023450209344261987,0.031108058147735235
Marquess Wilson,WR,CHI,6.5489305119174501,4500,0.57266979343024549,0.21443108733416233,0.11363737144867557,0.054762573615077526,0.018703319552448444,0.025795854619390126
Josh Doctson,WR,WAS,6.5335364260267692,4500,0.56893639949977781,0.22853072520696405,0.11264521491930032,0.042049866040730466,0.012452439628537452,0.035385354704689558
Chris Harper,WR,SF,6.5160402031034863,4500,0.57167241240195177,0.21895225619366371,0.11518222376804386,0.049625206860789903,0.017823787569177289,0.026744113206373411
Jaron Brown,WR,ARI,6.482470302836739,4500,0.58539409614026261,0.2078774741787624,0.1098606967768118,0.04938054711039061,0.016682377465070855,0.030804808328701354
James Wright,WR,CIN,6.4718330606791188,4500,0.57957836574723631,0.21672875529932636,0.10664549242563093,0.051872852127664314,0.017144356398466079,0.02803017800167569
Sammie Coates,WR,PIT,6.4402865921241625,5000,0.64164658674249853,0.13732332794852029,0.1031675754288829,0.057261770614542969,0.030390168552858213,0.030210570712696949
Daniel Anthrop,WR,IND,6.4107371331863368,4500,0.59584043119351826,0.20571433081869647,0.10468216110921337,0.043750218079686438,0.014246174633342974,0.035766684165542559
Joshua Stangby,WR,IND,6.4107371331863368,4500,0.59584043119351826,0.20571433081869647,0.10468216110921337,0.043750218079686438,0.014246174633342974,0.035766684165542559
Brian Tyms,WR,IND,6.4107371331863368,4500,0.59584043119351826,0.20571433081869647,0.10468216110921337,0.043750218079686438,0.014246174633342974,0.035766684165542559
Tevaun Smith,WR,IND,6.4107371331863368,4500,0.59584043119351826,0.20571433081869647,0.10468216110921337,0.043750218079686438,0.014246174633342974,0.035766684165542559
Mekale McKay,WR,IND,6.4107371331863368,4500,0.59584043119351826,0.20571433081869647,0.10468216110921337,0.043750218079686438,0.014246174633342974,0.035766684165542559
Marcus Leak,WR,IND,6.4107371331863368,4500,0.59584043119351826,0.20571433081869647,0.10468216110921337,0.043750218079686438,0.014246174633342974,0.035766684165542559
Quan Bray,WR,IND,6.4107371331863368,4500,0.59584043119351826,0.20571433081869647,0.10468216110921337,0.043750218079686438,0.014246174633342974,0.035766684165542559
Cobi Hamilton,WR,PIT,6.3990854222122877,4500,0.5949021940510385,0.1889640669814022,0.12968917471089467,0.043021010601448736,0.014706132041159996,0.028717421614055938
Shaq Evans,WR,NE,6.3972578696194367,4500,0.58130362840630412,0.22084877704419947,0.11205745358729324,0.037901495214671198,0.018659824676571096,0.029228821070960687
DeAndre Carter,WR,NE,6.3972578696194367,4500,0.58130362840630412,0.22084877704419947,0.11205745358729324,0.037901495214671198,0.018659824676571096,0.029228821070960687
DeAndrew White,WR,NE,6.3972578696194367,4500,0.58130362840630412,0.22084877704419947,0.11205745358729324,0.037901495214671198,0.018659824676571096,0.029228821070960687
Aaron Dobson,WR,DET,6.3911385030984116,4500,0.58834704434909335,0.20537215220465571,0.11426523405870893,0.052115172783436796,0.011522421073224567,0.028377975530880093
Quinshad Davis,WR,DET,6.3911385030984116,4500,0.58834704434909335,0.20537215220465571,0.11426523405870893,0.052115172783436796,0.011522421073224567,0.028377975530880093
Daniel Braverman,WR,CHI,6.3909184359327496,4500,0.58548360588252979,0.21305193721389876,0.11289982454105939,0.043535575290041463,0.01641991034194273,0.028609146730527453
Kevin White,WR,CHI,6.3909184359327496,4500,0.58548360588252979,0.21305193721389876,0.11289982454105939,0.043535575290041463,0.01641991034194273,0.028609146730527453
Joshua Bellamy,WR,CHI,6.3909184359327496,4500,0.58548360588252979,0.21305193721389876,0.11289982454105939,0.043535575290041463,0.01641991034194273,0.028609146730527453
Kieran Duncan,WR,CHI,6.3909184359327496,4500,0.58548360588252979,0.21305193721389876,0.11289982454105939,0.043535575290041463,0.01641991034194273,0.028609146730527453
Jordan Payton,WR,CLE,6.3764313403659774,4500,0.58086176763241892,0.22114906579058377,0.1085391957810483,0.047368076388325638,0.0154548904825768,0.026627003925046234
Dwayne Bowe,WR,CLE,6.3764313403659774,4500,0.58086176763241892,0.22114906579058377,0.1085391957810483,0.047368076388325638,0.0154548904825768,0.026627003925046234
Rannell Hall,WR,CLE,6.3764313403659774,4500,0.58086176763241892,0.22114906579058377,0.1085391957810483,0.047368076388325638,0.0154548904825768,0.026627003925046234
Josh Boyce,WR,CLE,6.3764313403659774,4500,0.58086176763241892,0.22114906579058377,0.1085391957810483,0.047368076388325638,0.0154548904825768,0.026627003925046234
Paul Richardson,WR,SEA,6.367573452387866,4500,0.58474533956505859,0.20650274483054959,0.11598923817245041,0.054060703347569634,0.020658511162444798,0.018043462921926941
Tanner McEvoy,WR,SEA,6.3393948914444422,5000,0.64507112061513416,0.14309884485047511,0.10648233115785696,0.051047167162085884,0.012828711435796189,0.041471824778651446
Kadron Boone,WR,NYG,6.304315964341467,4500,0.60025936138420244,0.20661140342400861,0.099488998628323916,0.048138539271759692,0.016650312086167029,0.028851385205537969
Kashif Moore,WR,KC,6.2708163797985694,4500,0.59989817058840156,0.207390123965391,0.10254210568758056,0.045819739246026274,0.017519579681919587,0.026830280830680918
Keshawn Martin,WR,SF,6.2582924051167055,4500,0.60345410751378425,0.20264662172622386,0.10654678859717467,0.043051613259199387,0.014740902192916395,0.029559966710700894
Mose Frazier,WR,SF,6.2582924051167055,4500,0.60345410751378425,0.20264662172622386,0.10654678859717467,0.043051613259199387,0.014740902192916395,0.029559966710700894
Duke Williams,WR,LARM,6.2142974001796887,4500,0.60679404536560055,0.19149658436712683,0.11335847930123856,0.052534279459933789,0.012039958843967599,0.023776652662132452
Paul McRoberts,WR,LARM,6.2142974001796887,4500,0.60679404536560055,0.19149658436712683,0.11335847930123856,0.052534279459933789,0.012039958843967599,0.023776652662132452
Nelson Spruce,WR,LARM,6.2142974001796887,4500,0.60679404536560055,0.19149658436712683,0.11335847930123856,0.052534279459933789,0.012039958843967599,0.023776652662132452
Donteea Dye,WR,TB,6.2095425809070663,4500,0.61141945380946117,0.1973123346207053,0.10094236803432277,0.046977265972676194,0.014963240240138013,0.028385337322696373
Josh Huff,WR,TB,6.2095425809070663,4500,0.61141945380946117,0.1973123346207053,0.10094236803432277,0.046977265972676194,0.014963240240138013,0.028385337322696373
Vincent Jackson,WR,TB,6.2095425809070663,4500,0.61141945380946117,0.1973123346207053,0.10094236803432277,0.046977265972676194,0.014963240240138013,0.028385337322696373
Cecil Shorts III,WR,TB,6.2095425809070663,4500,0.61141945380946117,0.1973123346207053,0.10094236803432277,0.046977265972676194,0.014963240240138013,0.028385337322696373
Freddie Martino,WR,TB,6.1625631014566764,4500,0.59278141122802874,0.22564189706021845,0.093038215952547382,0.052555857033719552,0.016786373402565179,0.019196245322920535
Dorial Green-Beckham,WR,PHI,6.1393820388914468,4800,0.5933274442086065,0.2087315618774454,0.1222232925709151,0.045420928849653708,0.013048388256845166,0.017248384236534346
Devin Street,WR,IND,6.1384497776293365,4500,0.63413154564959906,0.18430876697867607,0.09431099861898426,0.035008999232004803,0.011466253990470866,0.040773435530264968
Roger Lewis,WR,NYG,6.1188496981062528,4500,0.60773341899962163,0.20253790570894498,0.10920670920657476,0.040869801242557381,0.018051612440020147,0.021600552402280745
Cody Core,WR,CIN,6.0990681122481005,4500,0.61710945230562597,0.2046680512183302,0.095390532265680325,0.039125206704112958,0.011544900943662733,0.03216185656258784
Pharoh Cooper,WR,LARM,6.0381111427047642,4500,0.62763727521080215,0.19822125226725107,0.084776338743592292,0.049760578363660692,0.0074562133779342288,0.032148342036759626
Tavarres King,WR,NYG,6.0121213482295017,4500,0.64138457602783783,0.18194442340226247,0.09375548156904151,0.029312755115516516,0.022983201667701098,0.030619562217640218
Charles Johnson,WR,MIN,5.990098998968981,4600,0.60404172230854336,0.23223897306656377,0.090467641955401093,0.036384591476883499,0.0086435875772606658,0.028223483615347409
Rashad Ross,WR,WAS,5.8788866088137217,4500,0.64016226116134256,0.19598348668923862,0.087980474895095681,0.030680538009954465,0.014174924968390961,0.031018314275977413
Arrelious Benn,WR,JAC,5.8486746722705076,4500,0.65133683524760588,0.17010252038760668,0.10446736551178179,0.034529442252246426,0.010709826717603182,0.028854009883155857
Matthew Slater,WR,NE,5.7870954534315739,4500,0.69172943930469555,0.13967974698268878,0.083749700292320484,0.026416382019119587,0.021132859944247198,0.037291871456927611
Mike Thomas,WR,LARM,5.6101407095035354,4500,0.68468181396215688,0.16577665563597097,0.075949990142176016,0.029680131734674712,0.0042459318487484479,0.039665476676273223
Bradley Marquez,WR,LARM,5.6101407095035354,4500,0.68468181396215688,0.16577665563597097,0.075949990142176016,0.029680131734674712,0.0042459318487484479,0.039665476676273223
Chester Rogers,WR,IND,5.5008111748806225,4500,0.69723535234914003,0.14064212037641166,0.094194531800918968,0.031358483883450604,0.0057919586028686741,0.030777552987209706
Rod Streater,WR,SF,5.4882565565276815,4500,0.68306647574261692,0.1665261302605448,0.084183563333981942,0.030861132421971381,0.0066388340933132726,0.028723864147572008
Ryan Grant,WR,WAS,5.4805303176797358,4500,0.7038551289015621,0.13773139770244186,0.085251923732261606,0.034178072543414394,0.0095807848628594577,0.029402692257460269
Andrew Hawkins,WR,CLE,5.4787415005602771,4500,0.6549047946942157,0.20556308684598737,0.072172363911661347,0.039845085769526972,0.011268115758877281,0.016246553019731071
Deonte Thompson,WR,CHI,5.472941003954527,4500,0.6861516218924093,0.15846452521427157,0.08446881279474211,0.038127158639258946,0.011134833227218343,0.021653048232099847
Chris Moore,WR,BAL,5.3944729556392161,4500,0.710907019789632,0.13479910270011911,0.091961315802353422,0.021672117197847427,0.0081457173207664293,0.032514727189281827
Harry Douglas,WR,TEN,5.3810872537720531,4500,0.6882453553160125,0.16546073160015584,0.082499676914533082,0.030219129085928449,0.01277555734944524,0.020799549733924526
Alex Erickson,WR,CIN,5.3169431192758498,4500,0.71300595689586688,0.14017375859966197,0.078480395968035785,0.03370774622524593,0.0080298769122483342,0.026602265398941092
Devin Hester,WR,BAL,5.3054173095464847,4500,0.71787638156736155,0.13576931968700995,0.087402348182618328,0.018298525481101904,0.0076532559957986556,0.03300016908610999
Brittan Golden,WR,ARI,5.2779480242575367,4500,0.72446210942165856,0.1303440151339435,0.077429598584040638,0.030654294159366574,0.0071264034335708397,0.029983579267419919
Lucky Whitehead,WR,DAL,5.2685777303798424,4500,0.71181704927789757,0.16182973766403991,0.059301611728915619,0.023018968499413338,0.015937484692806855,0.028095148136926065
Jeff Janis,WR,GB,5.2221761900325152,4600,0.71642291882705411,0.1489436980092998,0.073270364374274144,0.024465360271458087,0.0089335621552833703,0.027964096362629514
Bryce Treggs,WR,PHI,5.1080695426015179,4500,0.7082957048987002,0.15899209976438103,0.078804846404726556,0.025879212538968372,0.012766203636556745,0.015261932756667467
Aaron Burbridge,WR,SF,5.0921696753832162,4500,0.72874623324593957,0.14305634380446181,0.071238134761719016,0.022697333843828566,0.0065004515029981119,0.027761502841053037
Trevor Davis,WR,GB,5.0684967645862073,4700,0.74681114556208383,0.11817822378842927,0.074952477671559117,0.021796281594217509,0.011082027915504934,0.027179843468204432
Marc Mariani,WR,TEN,4.8506914711826727,4500,0.7721058898262495,0.10806638974161031,0.066130523957210724,0.014120613015822512,0.010433899762494651,0.029142683696611396
Dwayne Harris,WR,NYG,4.7317020166422603,4500,0.76629619440869101,0.12702149345666688,0.056626589862267714,0.019501111641133745,0.0052106579323486363,0.025343952698890896
Leonte Carroo,WR,MIA,4.6592939351085985,4500,0.77738076438703096,0.1101596862839347,0.069133013952430489,0.015556298910646568,0.0020870062287999501,0.025683230237156924
Jakeem Grant,WR,MIA,4.6592939351085985,4500,0.77738076438703096,0.1101596862839347,0.069133013952430489,0.015556298910646568,0.0020870062287999501,0.025683230237156924
Demarcus Robinson,WR,KC,4.5413391149041349,4500,0.80565745649361498,0.093270324629266516,0.050477249353052554,0.016244316212736157,0.0064432155493932483,0.027907437761934939
De'Anthony Thomas,WR,KC,4.5413391149041349,4500,0.80565745649361498,0.093270324629266516,0.050477249353052554,0.016244316212736157,0.0064432155493932483,0.027907437761934939
Ricardo Louis,WR,CLE,4.4677277500800399,4500,0.79613277571134833,0.10589166991281274,0.05543030958386163,0.016323065129037841,0.0032868327663351776,0.022935346896603606
Rashard Higgins,WR,CLE,4.4677277500800399,4500,0.79613277571134833,0.10589166991281274,0.05543030958386163,0.016323065129037841,0.0032868327663351776,0.022935346896603606
