name,pos,team,expectation,salary,prob_0_5,prob_5_10,prob_10_15,prob_15_20,prob_20_25,prob_25_30,prob_30+,label
Ezekiel Elliott,RB,DAL,15.787235722365237,8500.0,0.078464982711399164,0.16489710244119984,0.23521155537180752,0.2668869478544863,0.13457531853959825,0.064401194308953691,0.055562898772555686,3.0
Le'Veon Bell,RB,PIT,15.655547367333172,9000.0,0.067607045274861624,0.21627396216763467,0.21707721779285055,0.21542626917429109,0.15763863211845519,0.076667958567195563,0.049308914904711815,2.0
LeSean McCoy,RB,BUF,14.858323151744989,8300.0,0.10569846176291341,0.19157931153596219,0.25978825995051469,0.19891679099176776,0.12851539867980913,0.067376479864167213,0.048125297214866185,2.0
Jay Ajayi,RB,MIA,14.001862617716563,7200.0,0.13402054463908314,0.21149252716545897,0.24270131921200827,0.21479491037902859,0.098738904608940886,0.049666435059757257,0.04858535893572332,2.0
David Johnson,RB,ARI,12.935227161198492,9700.0,0.14743736059761492,0.29274101851701895,0.19635441432490572,0.18709580225659544,0.095079019332756559,0.04560560089343673,0.035686784077672493,1.0
Mark Ingram,RB,NO,12.708842947214183,7100.0,0.16941430992988585,0.24360476888037277,0.23727513030103789,0.19332271083126765,0.079935781672499831,0.048670092483665696,0.027777205901270346,1.0
Jordan Howard,RB,CHI,12.692035399994838,7800.0,0.14465621038953497,0.26910744972398803,0.25544286450142445,0.17675309740115849,0.085803733362488394,0.039065676280292609,0.02917096834111358,1.0
Devonta Freeman,RB,ATL,11.670507977430976,7500.0,0.24498168943434123,0.25593861625178888,0.20144274162135434,0.14231838433870647,0.07936291910805858,0.041894035702691984,0.034061613543059005,1.0
Carlos Hyde,RB,SF,11.657952586755037,6900.0,0.18051218826384802,0.29880047142472216,0.24613253684626124,0.15522436228679898,0.061002263840980959,0.032193548455723635,0.026134628881665251,1.0
Doug Martin,RB,TB,11.616504014205928,7300.0,0.18784517585171315,0.29074523297622312,0.2453228556865267,0.1546482825909406,0.066508934426821043,0.030075064685825249,0.024854453781950302,1.0
Jeremy Hill,RB,CIN,11.573670234087334,6900.0,0.21375869150425425,0.28026285425930791,0.21504485788724756,0.16036914438951108,0.069063253741814504,0.035157839845500166,0.026343358372364879,1.0
Rob Kelley,RB,WAS,11.28719677928037,5900.0,0.24756025730080228,0.25695834793217065,0.2136402243905704,0.15813586446846295,0.067407343663350702,0.024515442337474401,0.031782519907169078,1.0
Thomas Rawls,RB,SEA,11.169018657488966,6500.0,0.23396075683575973,0.2738917936711216,0.23775547546610651,0.1352140881443378,0.062478997011579621,0.02646669549799549,0.030232193373099802,1.0
Jonathan Stewart,RB,CAR,10.946096070098635,6500.0,0.22956342861233542,0.29350145224593366,0.23208333062404488,0.13519474365951067,0.060251684764771246,0.024116473412694447,0.025288886680709888,1.0
Lamar Miller,RB,HOU,10.852851368155187,7200.0,0.24001683145570407,0.28284172819543285,0.24417962300967208,0.12217268101785222,0.060093914864036847,0.024695561710604816,0.025999659746697285,1.0
Melvin Gordon,RB,SD,10.669637710565343,8200.0,0.26609419628966963,0.27807877955056498,0.21148729254517676,0.13695430488273216,0.04808336431228357,0.03719040010160439,0.022111662317968864,1.0
Frank Gore,RB,IND,10.373931510705463,6000.0,0.25593636962937177,0.31888595377708484,0.20717778182093544,0.1181705676201428,0.052103966656415361,0.021065085325518616,0.026660275170531364,1.0
Todd Gurley,RB,LARM,10.201586821268814,6900.0,0.26469687525662294,0.31315172917977896,0.20848925717168712,0.12191411578601936,0.048348227364974954,0.020697870102205983,0.022701925138710964,1.0
Tim Hightower,RB,NO,9.9140199082494629,5900.0,0.35008142117858937,0.24395388173247665,0.17698100714797715,0.12000755232030587,0.053792428776518013,0.032665595954930286,0.022518112889203055,0.0
Matt Forte,RB,NYJ,9.8060135535109119,7700.0,0.34153071390884249,0.27728770059730851,0.16199993097268722,0.10877090595765589,0.058582098760173756,0.025074792317216165,0.026753857486116236,0.0
Rashad Jennings,RB,NYG,9.7950092204783736,6100.0,0.29282317210304448,0.31253270741918665,0.20973039351352465,0.088350853730542162,0.05213232436483646,0.023581384432774872,0.020849164436091097,1.0
Devontae Booker,RB,DEN,9.3841014324847105,6600.0,0.34827605358794655,0.28913476904351149,0.17861723889534484,0.092269227547902455,0.047246693850240731,0.016205019579854978,0.028250997495199329,0.0
DeMarco Murray,RB,TEN,8.900859492911593,7900.0,0.41256073213790945,0.24628827192487687,0.16231036578521893,0.085677366827379031,0.049835001668840737,0.019161941888690682,0.024166319767084669,0.0
Jerick McKinnon,RB,MIN,8.8990754340361544,6000.0,0.360190709797783,0.31304258667421114,0.16969340563592303,0.07707986121161782,0.043142592307168943,0.010636501619189139,0.026214342754107479,0.0
Theo Riddick,RB,DET,8.628152479312261,6300.0,0.42156571794296144,0.25677023434426793,0.159495672751919,0.077754323175819914,0.039384452373860346,0.022416172787447213,0.02261342662372445,0.0
Tevin Coleman,RB,ATL,8.3372511981272375,5400.0,0.45689642287730969,0.24733930167436527,0.13821812355389615,0.0757342687934036,0.039889203979682805,0.010388230496252742,0.031534448625089917,0.0
Darren Sproles,RB,PHI,8.1334580611059994,5600.0,0.45225870200534635,0.24978155291348683,0.14900360034121893,0.082014007525988322,0.033044403798178808,0.013101364231985713,0.020796369183794881,0.0
Wendell Smallwood,RB,PHI,8.0915226480790228,5400.0,0.4894971157125414,0.22437872648870313,0.12683589574473131,0.073355468431952481,0.045407493189760513,0.016571212818188422,0.02395408761412263,0.0
Matt Asiata,RB,MIN,7.9592115848945379,5800.0,0.43204327797083875,0.29636924683143007,0.14549201009312843,0.064090315165811651,0.03174003684978241,0.0076435186759346669,0.022621594413074285,0.0
James Starks,RB,GB,7.315861974075597,5700.0,0.52486101551780628,0.2268868375288092,0.12066261483878042,0.064558995205913142,0.036911052108168654,0.010758345096708023,0.01536113970381464,0.0
Mike Gillislee,RB,BUF,7.309848788861018,5300.0,0.55635338290998715,0.19632017968598703,0.12947616528074543,0.056862263138762172,0.01991796686089687,0.0070111220924589848,0.034058920031162593,0.0
Chris Thompson,RB,WAS,7.2993049711577687,5100.0,0.53734636667812852,0.22520879545025949,0.10507417900436561,0.069705603494974663,0.032205151371001627,0.0076153008030817497,0.022844603198188297,0.0
T.J. Yeldon,RB,JAC,7.1634775221163265,5300.0,0.52707671061495798,0.22696399368844236,0.1382744335894848,0.058389511598619527,0.022159169316602622,0.0073384975024800517,0.01979768368941286,0.0
Denard Robinson,RB,JAC,7.1232462128675165,4500.0,0.53560628544708089,0.22553572449625781,0.12591904516319713,0.065117138782946574,0.02024143315121894,0.0055427636255364256,0.022037609333762097,0.0
Rex Burkhead,RB,CIN,7.0361824284141861,4500.0,0.55768185651446367,0.21690274479950755,0.10699159330772627,0.057709953034871669,0.033640959859816071,0.0048779636129954772,0.022194928870618587,0.0
Chris Ivory,RB,JAC,7.0280061895567378,5700.0,0.55715166775115244,0.20331727903384519,0.12907392366201711,0.059472071493519719,0.021745268871572656,0.0075465387564552138,0.021693250431437341,0.0
Paul Perkins,RB,NYG,6.747233988441832,4500.0,0.56374012695231834,0.23955640594276328,0.095367538108289324,0.049950946019324191,0.023656380357152992,0.0037059739923636461,0.024022628627787979,0.0
Isaiah Crowell,RB,CLE,6.4273889330165161,5500.0,0.62552058585613068,0.18463169627818199,0.095343643679938236,0.039089171712720999,0.021060000357060692,0.0097703849032997284,0.024584517212667748,0.0
Ty Montgomery,RB,GB,6.3439393726685562,4800.0,0.59587187319302259,0.21052453526978673,0.10978962909030819,0.047842805795294076,0.013287128436051588,0.0036260222985158284,0.019058005917021562,0.0
Dwayne Washington,RB,DET,6.2751448568718811,4500.0,0.61345273185195848,0.20073847448355889,0.095863320314753447,0.052951786367468827,0.012819873770381584,0.0031338558665542902,0.021039957345324073,0.0
Bilal Powell,RB,NYJ,6.1090455939210226,5600.0,0.64601680991239285,0.17948657058741702,0.086836783508505683,0.045390387240375751,0.014175529480634406,0.0045565158155175143,0.023537403455157421,0.0
Kapri Bibbs,RB,DEN,5.9218414715665784,5500.0,0.66774630596608331,0.17283196570060066,0.080234352288330618,0.03126401507636492,0.019095246465478475,0.0043254342169214161,0.024502680286221191,0.0
Robert Turbin,RB,IND,5.8876456999136622,4500.0,0.67008175283461824,0.18171747977659081,0.065124945005321538,0.038180584618934234,0.014942938722928834,0.0022944548823107857,0.027657844159296327,0.0
Alfred Morris,RB,DAL,5.7722399350776152,4700.0,0.65845705446576064,0.21729923561286973,0.056678272281029479,0.022956970370610851,0.012721423432099924,0.0021534552961545179,0.029733588541475283,0.0
Peyton Barber,RB,TB,5.6813698701882824,4500.0,0.70847084521898074,0.15180506876510655,0.06783205827505881,0.026476514656714377,0.00866696643683138,0.0027721161350258506,0.033976430512282212,0.0
Aaron Ripkowski,RB,GB,5.628525287643801,4600.0,0.68894161871455917,0.16781875784722969,0.070311166278654288,0.032746144763299283,0.015859060004578637,0.0016745651532718883,0.022648687238407662,0.0
Jonathan Grimes,RB,HOU,5.3334369093893406,4500.0,0.7225431136584286,0.141097007988819,0.068141503944442863,0.033717330918119411,0.013393442446260019,0.0017452022165240753,0.019362398827406823,0.0
Jacquizz Rodgers,RB,TB,5.3221447107898872,4600.0,0.74033536573839531,0.12364871295132196,0.07310041493932036,0.025050511888094682,0.0093050838739139712,0.0022879271934169191,0.026271983415536972,0.0
Shaun Draughn,RB,SF,5.2625142190687946,4600.0,0.71283953857043059,0.15314071054404285,0.077905765847992567,0.027074941684651778,0.009973085440960601,0.00099686111437420882,0.018069096797547979,0.0
Kenyan Drake,RB,MIA,5.197768300748157,4500.0,0.76955750635421583,0.12113736204663533,0.050899866619543592,0.013502784627463736,0.00543194582145946,0.0014520311691705076,0.038018503361511871,0.0
DuJuan Harris,RB,SF,5.1635549071311155,4700.0,0.7549524494118417,0.13308933357657088,0.049873988190994832,0.02247564249752973,0.0079361065660110142,0.003445867139876155,0.028226612617176627,0.0
John Kuhn,RB,NO,5.0758877460425493,4500.0,0.72784226443679489,0.16476559169037258,0.053355931420958749,0.025183283095733842,0.0056569366257675866,0.0035009692409849013,0.019695023489388164,0.0
Andre Ellington,RB,ARI,4.8206007180275252,4500.0,0.76699224005057476,0.13533073753096422,0.045236846712014236,0.024497614900847973,0.0062464258657706972,0.00079180841599926148,0.020904326523829116,0.0
Troymaine Pope,RB,SEA,4.7951245986652973,4500.0,0.79341720756922174,0.10131107276059183,0.054032746192278734,0.019772852060174533,0.0048062909538375848,0.0014561756155257234,0.025203654848370369,0.0
Damien Williams,RB,MIA,4.773171649463599,4600.0,0.77549730257593419,0.12885058782927417,0.047340641261627285,0.019246742112784394,0.0051422105882531679,0.0018019738399999027,0.022120541792127024,0.0
Alfred Blue,RB,HOU,4.753213773642698,5100.0,0.78932330767258829,0.10874767729590717,0.051869216291820654,0.017324263979898738,0.0091349954327710411,0.0025064229649229409,0.021094116362091648,0.0
Jeremy Langford,RB,CHI,4.7143116608306403,4600.0,0.78412886340540067,0.11700781503141552,0.050148470440291561,0.019513677785523806,0.0081712114643734766,0.001575370089603035,0.019454591783392101,0.0
Derrick Henry,RB,TEN,4.6233689285738366,5000.0,0.78237226564060147,0.12836926503057675,0.040935019270967418,0.018607713669454597,0.011582314096260333,0.0037234401000361822,0.01440998219210304,0.0
Adrian Peterson,RB,MIN,4.6147245604241105,6500.0,0.80441362367472447,0.10388895151058271,0.04869834928699468,0.010166533608774481,0.0074546457102461633,0.0024101646823101262,0.022967731526367875,0.0
Kenjon Barner,RB,PHI,4.5151917677872353,4600.0,0.79324038962825594,0.11692995986796698,0.045932037813398906,0.021500760527876809,0.0054594495563112192,0.0014592524576224409,0.015478150148568388,0.0
Zach Zenner,RB,DET,4.5145058259213595,4500.0,0.80393206978347387,0.10686934536667096,0.04629122460312244,0.017606633235802423,0.0046627417587415069,0.001445600180164107,0.019192385072024937,0.0
Christine Michael,RB,GB,4.4448001214545103,4700.0,0.81714107130374647,0.097968057561578337,0.041660838590258924,0.016698321460854693,0.0049304700701879155,0.00170308113429449,0.01989815987907961,0.0
Jonathan Williams,RB,BUF,4.4317912887110795,4500.0,0.82317784597121146,0.096959103206448322,0.035170137597074366,0.016654558514189274,0.0045830070757013203,0.0011310560891309089,0.022324291546244782,0.0
C.J. Spiller,RB,NYJ,4.418535471554625,4500.0,0.82306104573978689,0.089890826278943375,0.04801507207692203,0.013172715224514433,0.0036449931289622923,0.0004745022612789591,0.021740845289592303,0.0
Lance Dunbar,RB,DAL,4.3924371858677729,4500.0,0.82756443569205329,0.10293335323984933,0.021597288610713333,0.020765880724906146,0.0022324590697721468,0.00050717269941001804,0.024399409963295642,0.0
Jordan Todman,RB,IND,4.3379015923467668,4500.0,0.81266059190558526,0.1129929160109257,0.034779113709388326,0.01700997700305619,0.0041052836422714655,0.0015737705170838132,0.016878347211688856,0.0
Fozzy Whittaker,RB,CAR,4.3312761986051695,4500.0,0.82448433917809749,0.10065738899470643,0.033836731155707053,0.015864214663353797,0.0034965435091549335,0.0029663439034259818,0.018694438595554235,0.0
Mike Tolbert,RB,CAR,4.2464233478196896,4500.0,0.82037676954869254,0.10467984153935542,0.041281604070474889,0.013327366111504353,0.0035894415688998973,0.00076039751563837944,0.015984579645435058,0.0
Fitzgerald Toussaint,RB,PIT,4.1088514317155713,4500.0,0.83587521277738719,0.095586468539265348,0.035375905812570246,0.014561315227000127,0.0029620254991005886,0.0011693402927270013,0.014469731851949356,0.0
Reggie Bush,RB,BUF,4.0618366047632257,4500.0,0.84929704816071883,0.084621735908277054,0.034047335946285909,0.011918496979995205,0.0021557820160133028,0.00097674151923853644,0.016982859469471482,0.0
Keith Smith,RB,DAL,4.0569285353446016,4500.0,0.8538113968503549,0.077950274906920386,0.024439831598226314,0.027335559675505536,0.0014135837024476172,0.00061736073553669173,0.014431992531008712,0.0
Benny Cunningham,RB,LARM,4.0498828858816172,4500.0,0.84952945511928468,0.09044331339454692,0.023610111650950141,0.016354610892204198,0.0024409104829215757,0.00070321607934826786,0.016918382380744015,0.0
Ka'Deem Carey,RB,CHI,4.0284444402226782,4500.0,0.84652442363897085,0.090675010745003129,0.03036761463510021,0.013676864804083717,0.0025261296058652857,0.0015674550118252308,0.01466250155915279,0.0
Akeem Hunt,RB,HOU,3.9990156036480369,4500.0,0.85737745805046195,0.079037368761084983,0.032236149304170826,0.010575295470398854,0.0036934013384096638,0.00081877626349053376,0.016261550811983494,0.0
Travaris Cadet,RB,NO,3.9926489578267019,4500.0,0.83460631569006538,0.11532143651551767,0.024928345565015896,0.0070108193248602539,0.0018480166184874545,0.00061719425872780237,0.015667872027326304,0.0
Ryan Mathews,RB,PHI,3.9888617046027859,4600.0,0.85504981449332351,0.079896159605313558,0.036165735229724105,0.0079978893898088269,0.004993953806146193,0.001167787420106805,0.014728660055576975,0.0
Kenneth Farrow,RB,SD,3.9243793258977271,4500.0,0.86510574107305638,0.080815932978263047,0.023043058815308024,0.010950385302926512,0.0016336259926474424,0.00089667216959840688,0.017554583668200726,0.0
Malcolm Brown,RB,LARM,3.889797081052905,4500.0,0.8722331587345189,0.073358741740858338,0.023257667536250394,0.010832101948968062,0.0018004085591105533,0.0013193935386899165,0.017198527941603967,0.0
Josh Ferguson,RB,IND,3.8535957240124947,4500.0,0.87061774919293844,0.078897846088734486,0.021984668170045924,0.0091584335763367636,0.0017080133702413838,0.00071451616491568007,0.016918773436787431,0.0
C.J. Prosise,RB,SEA,3.8363592082797626,4500.0,0.87596006773855128,0.072881010613745564,0.02050950532638595,0.011365351528314409,0.0021518861950442589,0.00046062657494405938,0.016671552023014537,0.0
Mike James,RB,DET,3.7055613153726954,4500.0,0.88871058380802281,0.065019274688971063,0.020578429598459441,0.0074935576593362927,0.0020385867163748945,0.00049071972819031407,0.015668847800644547,0.0
Juwan Thompson,RB,DEN,3.7031238630420957,4500.0,0.88890142803280814,0.065040028988975374,0.020771670989021242,0.0074629065107011828,0.0012679087501339564,0.00068888108371931015,0.01586717564464081,0.0
Corey Grant,RB,JAC,3.6686580489388056,4500.0,0.88974657412786307,0.066088472359854433,0.020569176087329645,0.0065907977541304081,0.0010374462617056151,0.0008042401434867378,0.015163293265630734,0.0
Derek Watt,RB,SD,3.6556031016957071,4500.0,0.89577711335700216,0.061342860263989045,0.018284050319729465,0.0065329104476299299,0.0010456423670752919,0.00078992831015554953,0.016227494934419131,0.0
Paul Lasike,RB,CHI,3.6354898927007064,4500.0,0.89763096303891032,0.0618292876375671,0.016090452968222174,0.0058913228724579549,0.0018001801307998258,0.00047504064181291963,0.016282752710229567,0.0
Will Tukuafu,RB,SEA,3.536447039164246,4500.0,0.90188962296487341,0.059700311086697017,0.017033755824433228,0.0058769361355409415,0.0015757055599050285,0.00061059355635454358,0.013313074872195432,0.0
Zach Line,RB,MIN,3.5188124274693431,4500.0,0.89834384844884019,0.065457021415684324,0.016455453360700766,0.0051170589281046373,0.001647790414717572,0.00060677292939865363,0.012372054502554613,0.0
Jerome Felton,RB,BUF,3.5097688039631123,4500.0,0.90736079870396014,0.056425006552479451,0.015220318413132459,0.0049189838707601047,0.0012590563608678247,0.00067199618937914443,0.014143839909420166,0.0
Jay Prosch,RB,HOU,3.4928249723387315,4500.0,0.90913704888035018,0.053754698152600137,0.016520887820724337,0.0051039229420611976,0.0013219110669688229,0.00058722987518000473,0.013574301262113756,0.0
Ryan Hewitt,RB,CIN,3.4734592676218359,4500.0,0.91547106483487717,0.051080866779171265,0.012907703426678924,0.0037851250497130547,0.00057690907962294844,0.00068438798025512735,0.015493942849681756,0.0
Patrick DiMarco,RB,ATL,3.4700915411477578,4500.0,0.90329497407027404,0.063423137268858745,0.015766061423425039,0.0031057153497123409,0.0012349595852669051,0.00055495082824795223,0.01262020147421512,0.0
George Farmer,RB,SEA,3.4472160969582628,4500.0,0.91327877839085703,0.053404268577035202,0.013584761016445896,0.0046943442079903745,0.00081783867747433183,0.0006100119322878766,0.013609997197910329,0.0
Jalston Fowler,RB,TEN,3.4388553700147337,4500.0,0.91972149905725753,0.045320729213611424,0.01277696943237581,0.0072376839828999758,0.00041822653689599967,0.00060089914795659956,0.013923992629002607,0.0
Antonio Andrews,RB,TEN,3.4388553700147337,4500.0,0.91972149905725753,0.045320729213611424,0.01277696943237581,0.0072376839828999758,0.00041822653689599967,0.00060089914795659956,0.013923992629002607,0.0
Cedric Peerman,RB,CIN,3.4227698234181965,4500.0,0.9214889718845608,0.045383584622377918,0.012977732470316963,0.0030501553023469432,0.0024867423082965846,0.00057720479883953217,0.014035608613261879,0.0
Roosevelt Nix,RB,PIT,3.413685511247146,4500.0,0.91640144861527961,0.051408698297210065,0.014439179154285543,0.0030692102242450437,0.00051290492406671508,0.00060322455152636264,0.013565334233386796,0.0
Duke Johnson Jr.,RB,CLE,3.4109609694272733,4900.0,0.91949007269898231,0.047871822728006601,0.013805056534552709,0.0037149114774480923,0.00066410362403030864,0.00069473662033063749,0.013759296316649799,0.0
Darren McFadden,RB,DAL,3.3764500044214905,4500.0,0.92319479163218388,0.045133631989903639,0.013973502754550652,0.003009736686331387,0.00049228545102242402,0.00070888209123011502,0.013487169394778219,0.0
Darius Jackson,RB,DAL,3.3764500044214905,4500.0,0.92319479163218388,0.045133631989903639,0.013973502754550652,0.003009736686331387,0.00049228545102242402,0.00070888209123011502,0.013487169394778219,0.0
Rod Smith,RB,DAL,3.3764500044214905,4500.0,0.92319479163218388,0.045133631989903639,0.013973502754550652,0.003009736686331387,0.00049228545102242402,0.00070888209123011502,0.013487169394778219,0.0
Isaiah Pead,RB,MIA,3.37394314708731,4500.0,0.92331871613138483,0.044991900469271956,0.014087401677688311,0.0030080557446470206,0.00047911114550903836,0.00070998841860542132,0.013404826412893688,0.0
Daniel Thomas,RB,MIA,3.37394314708731,4500.0,0.92331871613138483,0.044991900469271956,0.014087401677688311,0.0030080557446470206,0.00047911114550903836,0.00070998841860542132,0.013404826412893688,0.0
Chase Reynolds,RB,LARM,3.3693109458690675,4500.0,0.92934461146166059,0.039214359984782676,0.012497072004059069,0.0031904866967365306,0.00056141136007621401,0.00060786703470316677,0.014584191457981902,0.0
Byron Marshall,RB,PHI,3.3586928912717591,4500.0,0.92315745239718217,0.046725461481932025,0.012766522039769921,0.0031460079116597682,0.00052991537989800698,0.00064185179588115279,0.013032788993677326,0.0
Marcus Murphy,RB,NO,3.3581004840976143,4500.0,0.9226251836189906,0.045418606977135137,0.015128394376945875,0.0032024146488040701,0.00056948508065734875,0.00053595507605368761,0.012519960221413213,0.0
Glenn Winston,RB,CLE,3.3570346657162085,4500.0,0.92606202497867673,0.043400571418269224,0.012795650824588558,0.0030409553422822214,0.00048790883100088036,0.00069547813916250804,0.013517410466020381,0.0
Patrick Skov,RB,CLE,3.3570346657162085,4500.0,0.92606202497867673,0.043400571418269224,0.012795650824588558,0.0030409553422822214,0.00048790883100088036,0.00069547813916250804,0.013517410466020381,0.0
George Atkinson III,RB,CLE,3.3570346657162085,4500.0,0.92606202497867673,0.043400571418269224,0.012795650824588558,0.0030409553422822214,0.00048790883100088036,0.00069547813916250804,0.013517410466020381,0.0
Sam Bergen,RB,TEN,3.3566497618141349,4500.0,0.92518071875225583,0.044237307141048045,0.012914953320060998,0.0032194164214232779,0.00052140700459451953,0.00066761436333699208,0.013258582997280607,0.0
Soma Vainuku,RB,HOU,3.3557900169551993,4500.0,0.92511803405793513,0.044370406739039463,0.012935071112593014,0.0031463257397002218,0.00052133292525693195,0.00067616383927129929,0.013232665586204484,0.0
Tyler Ervin,RB,HOU,3.3555306249433348,4500.0,0.92475137191462919,0.044660906483551546,0.013142988177836325,0.0031263686290225793,0.00053598272442949323,0.00063285206253070006,0.013149530008000515,0.0
Charles Sims,RB,TB,3.3548763344581198,4600.0,0.923470298700794,0.046587208867870718,0.01259624503183077,0.0032279604833637364,0.00053218694581387593,0.00061780738692138496,0.012968292583405823,0.0
Zach Laskey,RB,LARM,3.3545663354302713,4500.0,0.92413587622867677,0.045770510244604372,0.012639905112115232,0.0032303983563359653,0.00052056682760727782,0.00065223117434065993,0.013050512056319859,0.0
Tre Mason,RB,LARM,3.3545663354302713,4500.0,0.92413587622867677,0.045770510244604372,0.012639905112115232,0.0032303983563359653,0.00052056682760727782,0.00065223117434065993,0.013050512056319859,0.0
Dominique Williams,RB,NYJ,3.35224791773584,4500.0,0.92508565116942099,0.044494388213202202,0.013007540410796967,0.0031221605510649464,0.00052088742562112812,0.00067389089174541375,0.013095481338148513,0.0
Bernard Pierce,RB,NYJ,3.35224791773584,4500.0,0.92508565116942099,0.044494388213202202,0.013007540410796967,0.0031221605510649464,0.00052088742562112812,0.00067389089174541375,0.013095481338148513,0.0
Brandon Wilds,RB,NYJ,3.35224791773584,4500.0,0.92508565116942099,0.044494388213202202,0.013007540410796967,0.0031221605510649464,0.00052088742562112812,0.00067389089174541375,0.013095481338148513,0.0
John Crockett,RB,GB,3.3522134014282132,4500.0,0.92673682941069691,0.042966270373392138,0.012477699480324971,0.0031671635410841768,0.00048254349835974257,0.00067490846001164292,0.013494585236130856,0.0
Don Jackson,RB,GB,3.3522134014282132,4500.0,0.92673682941069691,0.042966270373392138,0.012477699480324971,0.0031671635410841768,0.00048254349835974257,0.00067490846001164292,0.013494585236130856,0.0
Brandon Wegher,RB,CAR,3.3518534009468364,4500.0,0.92420662792746,0.045871286991241281,0.012554369265147526,0.003209156997192787,0.00051859018972179717,0.00064731544844857578,0.012992653180788084,0.0
Devon Johnson,RB,CAR,3.3518534009468364,4500.0,0.92420662792746,0.045871286991241281,0.012554369265147526,0.003209156997192787,0.00051859018972179717,0.00064731544844857578,0.012992653180788084,0.0
Cameron Artis-Payne,RB,CAR,3.3518534009468364,4500.0,0.92420662792746,0.045871286991241281,0.012554369265147526,0.003209156997192787,0.00051859018972179717,0.00064731544844857578,0.012992653180788084,0.0
Matt Jones,RB,WAS,3.3516824723715355,4500.0,0.92542851427752948,0.044200079394043461,0.01285511902662698,0.0031827696083152677,0.00052073699634734311,0.00065876954314808773,0.013154011153989833,0.0
Mack Brown,RB,WAS,3.3516824723715355,4500.0,0.92542851427752948,0.044200079394043461,0.01285511902662698,0.0031827696083152677,0.00052073699634734311,0.00065876954314808773,0.013154011153989833,0.0
Keith Marshall,RB,WAS,3.3516824723715355,4500.0,0.92542851427752948,0.044200079394043461,0.01285511902662698,0.0031827696083152677,0.00052073699634734311,0.00065876954314808773,0.013154011153989833,0.0
Silas Redd Jr.,RB,WAS,3.3516824723715355,4500.0,0.92542851427752948,0.044200079394043461,0.01285511902662698,0.0031827696083152677,0.00052073699634734311,0.00065876954314808773,0.013154011153989833,0.0
Toben Opurum,RB,DEN,3.3516671354198286,4500.0,0.92392868626363411,0.046176747798351958,0.012597492779956605,0.0031933339722003381,0.00052738081325246486,0.00064944057722700441,0.01292691779537764,0.0
Terrell Watson,RB,DEN,3.3516671354198286,4500.0,0.92392868626363411,0.046176747798351958,0.012597492779956605,0.0031933339722003381,0.00052738081325246486,0.00064944057722700441,0.01292691779537764,0.0
Ameer Abdullah,RB,DET,3.3514181081937995,4500.0,0.92432027169571507,0.045807019839666223,0.012505027694341255,0.0031921187579367913,0.00052579793148881842,0.00062431207659546686,0.013025452004256638,0.0
Justin Forsett,RB,DET,3.3514181081937995,4500.0,0.92432027169571507,0.045807019839666223,0.012505027694341255,0.0031921187579367913,0.00052579793148881842,0.00062431207659546686,0.013025452004256638,0.0
Trey Williams,RB,IND,3.3509345250964748,4500.0,0.92534662745070595,0.044322958021782662,0.012879393240482345,0.0031459649646256222,0.00052322017265192728,0.00067170002754854592,0.013110136122203121,0.0
Bishop Sankey,RB,MIN,3.3507558795101939,4500.0,0.92409444887119296,0.046045574927640283,0.012545662418898875,0.0031893508030913184,0.00056611644779886068,0.00063382967855032588,0.01292501685282762,0.0
C.J. Ham,RB,MIN,3.3507558795101939,4500.0,0.92409444887119296,0.046045574927640283,0.012545662418898875,0.0031893508030913184,0.00056611644779886068,0.00063382967855032588,0.01292501685282762,0.0
Andre Williams,RB,SD,3.3506489983811196,4500.0,0.9270316165019159,0.042759629786136358,0.01240606617021585,0.0031137983849426026,0.00048474130055754479,0.0006995225819394316,0.01350462527429243,0.0
Dexter McCluster,RB,SD,3.3506489983811196,4500.0,0.9270316165019159,0.042759629786136358,0.01240606617021585,0.0031137983849426026,0.00048474130055754479,0.0006995225819394316,0.01350462527429243,0.0
Ronnie Hillman,RB,SD,3.3506489983811196,4500.0,0.9270316165019159,0.042759629786136358,0.01240606617021585,0.0031137983849426026,0.00048474130055754479,0.0006995225819394316,0.01350462527429243,0.0
Joique Bell,RB,CHI,3.3497614261724582,4600.0,0.92751382961412521,0.042021561944768859,0.012701817237541716,0.0030146926792607321,0.00053500307869450505,0.00069474795625544192,0.013518347489354099,0.0
Andy Janovich,RB,DEN,3.348470558042338,4500.0,0.92499305363461848,0.044659562365359076,0.012999911224722483,0.0032531868711528919,0.00050521218829072242,0.00071644115068201283,0.012872632565174147,0.0
Bruce Miller,RB,SF,3.3483734068555009,4500.0,0.92433723194290196,0.045894717777355321,0.012511187906413373,0.0031767800929095417,0.00052541612828835012,0.00065316466654719734,0.01290150148558462,0.0
Raheem Mostert,RB,SF,3.3483734068555009,4500.0,0.92433723194290196,0.045894717777355321,0.012511187906413373,0.0031767800929095417,0.00052541612828835012,0.00065316466654719734,0.01290150148558462,0.0
Kendall Gaskins,RB,SF,3.3483734068555009,4500.0,0.92433723194290196,0.045894717777355321,0.012511187906413373,0.0031767800929095417,0.00052541612828835012,0.00065316466654719734,0.01290150148558462,0.0
Mike Davis,RB,SF,3.3483734068555009,4500.0,0.92433723194290196,0.045894717777355321,0.012511187906413373,0.0031767800929095417,0.00052541612828835012,0.00065316466654719734,0.01290150148558462,0.0
Sione Houma,RB,NO,3.3472770486234533,4500.0,0.92774710487511025,0.041776660253085254,0.012780891629188156,0.0030010456685251956,0.00054831992790708886,0.00068553680278313038,0.01346044084340142,0.0
Daniel Lasco,RB,NO,3.3472770486234533,4500.0,0.92774710487511025,0.041776660253085254,0.012780891629188156,0.0030010456685251956,0.00054831992790708886,0.00068553680278313038,0.01346044084340142,0.0
Brandon Cottom,RB,SEA,3.3470344066368778,4500.0,0.92443912592328414,0.045831174100159994,0.012543461228288066,0.0031496943974399279,0.00051169432117042254,0.00061240059942586195,0.01291244943023206,0.0
Zac Brooks,RB,SEA,3.3470344066368778,4500.0,0.92443912592328414,0.045831174100159994,0.012543461228288066,0.0031496943974399279,0.00051169432117042254,0.00061240059942586195,0.01291244943023206,0.0
Tre Madden,RB,SEA,3.3470344066368778,4500.0,0.92443912592328414,0.045831174100159994,0.012543461228288066,0.0031496943974399279,0.00051169432117042254,0.00061240059942586195,0.01291244943023206,0.0
Malcolm Johnson,RB,SEA,3.3470344066368778,4500.0,0.92443912592328414,0.045831174100159994,0.012543461228288066,0.0031496943974399279,0.00051169432117042254,0.00061240059942586195,0.01291244943023206,0.0
Chris Johnson,RB,ARI,3.34612945411715,4500.0,0.92616443262547232,0.043668733254287266,0.012750300935303337,0.0031003107002624598,0.00052058510816448079,0.00066557318815153713,0.013130064188358926,0.0
Jonas Gray,RB,JAC,3.3454123508770963,4500.0,0.9251821379716485,0.045100178975312079,0.012378876747170926,0.0032205182548408857,0.00050951228602802499,0.00062140578357875137,0.012987369981421028,0.0
Bronson Hill,RB,JAC,3.3454123508770963,4500.0,0.9251821379716485,0.045100178975312079,0.012378876747170926,0.0032205182548408857,0.00050951228602802499,0.00062140578357875137,0.012987369981421028,0.0
Darrel Young,RB,CHI,3.3442200906659485,4500.0,0.92833298157805111,0.041344271374977065,0.012656856937365471,0.0029435597174819429,0.00052140537976831235,0.00069085357890358128,0.013510071433452994,0.0
David Cobb,RB,CHI,3.3442200906659485,4500.0,0.92833298157805111,0.041344271374977065,0.012656856937365471,0.0029435597174819429,0.00052140537976831235,0.00069085357890358128,0.013510071433452994,0.0
Bobby Rainey,RB,NYG,3.3408889956866292,4500.0,0.92156642455057047,0.049790431723645862,0.011996906191418882,0.0033009371097641052,0.00054887584669499872,0.00058767962774528373,0.012208744950160515,0.0
Will Johnson,RB,NYG,3.3376554279591968,4500.0,0.92634853408193496,0.04394667592965338,0.012514132314861828,0.0031012675289482992,0.00055978767481823131,0.00061948287150046107,0.012910119598283393,0.0
Shane Vereen,RB,NYG,3.3376554279591968,4500.0,0.92634853408193496,0.04394667592965338,0.012514132314861828,0.0031012675289482992,0.00055978767481823131,0.00061948287150046107,0.012910119598283393,0.0
Nikita Whitlock,RB,NYG,3.3376554279591968,4500.0,0.92634853408193496,0.04394667592965338,0.012514132314861828,0.0031012675289482992,0.00055978767481823131,0.00061948287150046107,0.012910119598283393,0.0
Alex Collins,RB,SEA,3.3373350933124462,4500.0,0.92620277311896371,0.044142892525561694,0.012587096495803788,0.0030965476988299595,0.00041654719763756069,0.00060521866836281803,0.012948924294840854,0.0
Christian Powell,RB,PIT,3.3366697866218065,4500.0,0.92752504390387325,0.042428295592255492,0.012742341800808027,0.0030625122751806377,0.00055354571248931929,0.00063629079671260276,0.0130519699186811,0.0
DeAngelo Williams,RB,PIT,3.3366697866218065,4500.0,0.92752504390387325,0.042428295592255492,0.012742341800808027,0.0030625122751806377,0.00055354571248931929,0.00063629079671260276,0.0130519699186811,0.0
Dreamius Smith,RB,PIT,3.3366697866218065,4500.0,0.92752504390387325,0.042428295592255492,0.012742341800808027,0.0030625122751806377,0.00055354571248931929,0.00063629079671260276,0.0130519699186811,0.0
Daryl Richardson,RB,PIT,3.3366697866218065,4500.0,0.92752504390387325,0.042428295592255492,0.012742341800808027,0.0030625122751806377,0.00055354571248931929,0.00063629079671260276,0.0130519699186811,0.0
Stepfan Taylor,RB,ARI,3.3322268503570145,4500.0,0.92861963939940939,0.041095794502989426,0.012871677111988949,0.0032493825085718221,0.00049157372521337615,0.00065052264600509128,0.013021410105821736,0.0
Kerwynn Williams,RB,ARI,3.3322268503570145,4500.0,0.92861963939940939,0.041095794502989426,0.012871677111988949,0.0032493825085718221,0.00049157372521337615,0.00065052264600509128,0.013021410105821736,0.0
Jhurell Pressley,RB,ATL,3.3320408627921561,4500.0,0.92744885732009652,0.042748337648042346,0.012750391588111625,0.0029617750532622941,0.00055066727052675271,0.00062583652498375531,0.012914134594977325,0.0
Gus Johnson,RB,ATL,3.3320408627921561,4500.0,0.92744885732009652,0.042748337648042346,0.012750391588111625,0.0029617750532622941,0.00055066727052675271,0.00062583652498375531,0.012914134594977325,0.0
Cyrus Gray,RB,ATL,3.3320408627921561,4500.0,0.92744885732009652,0.042748337648042346,0.012750391588111625,0.0029617750532622941,0.00055066727052675271,0.00062583652498375531,0.012914134594977325,0.0
Terron Ward,RB,ATL,3.3320408627921561,4500.0,0.92744885732009652,0.042748337648042346,0.012750391588111625,0.0029617750532622941,0.00055066727052675271,0.00062583652498375531,0.012914134594977325,0.0
Stevan Ridley,RB,ATL,3.3320408627921561,4500.0,0.92744885732009652,0.042748337648042346,0.012750391588111625,0.0029617750532622941,0.00055066727052675271,0.00062583652498375531,0.012914134594977325,0.0
Orleans Darkwa,RB,NYG,3.32249520892747,4500.0,0.92860828623682723,0.041621730147208796,0.012502115870409744,0.0034418429897221593,0.00054749094166303886,0.00063525508696942509,0.012643278727199963,0.0
Michael Burton,RB,DET,3.3071703028551953,4500.0,0.93022731838967132,0.040632515068056381,0.01235898269554488,0.0031679787594354916,0.00041580977263677,0.00057777653481522564,0.012619618779840457,0.0
