name,pos,team,expectation,salary,prob_0_5,prob_5_10,prob_10_15,prob_15_20,prob_20_25,prob_25_30,prob_30+,label
Odell Beckham Jr.,WR,NYG,19.083906832409173,8500.0,0.052469023155625925,0.33065301504196942,0.037916092682726187,0.17114454127740822,0.087193947920697304,0.02397681262054982,0.29664656730102307,1.0
Mike Evans,WR,TB,15.847099582939453,8900.0,0.019212864791574094,0.19964779938780591,0.209822135042772,0.3706082500752535,0.12452141193300337,0.036667701897049342,0.039519836872541611,3.0
Julio Jones,WR,ATL,15.351858245795913,8300.0,0.032948899868644618,0.08782311728022299,0.24371020868389118,0.57699395318954982,0.033401397875179276,0.021836724483012208,0.0032856986194999701,3.0
Antonio Brown,WR,PIT,13.937260743279538,8800.0,0.23601078839118103,0.036571580163881415,0.29601057866129671,0.15622570493747048,0.20869797275758073,0.05116768849942286,0.015315686589166804,2.0
Jordy Nelson,WR,GB,13.249776781967565,7100.0,0.092639502633337603,0.32798741361005618,0.20022512984929178,0.13066801252181251,0.21884533171366707,0.025661762801439447,0.0039728468703954497,1.0
Kelvin Benjamin,WR,CAR,11.565875570567101,6800.0,0.14500759126777873,0.080834172566198084,0.65350485981181228,0.079236367695307952,0.023087027270466919,0.015913912846019319,0.0024160685424168904,2.0
Brandin Cooks,WR,NO,11.151894247929476,6300.0,0.25728228886869503,0.046347153871976472,0.51666840384926715,0.072631689584216022,0.10292084604064311,0.0039040536690999532,0.00024556411610224222,2.0
Michael Thomas,WR,NO,11.026847977678088,6600.0,0.13593614294595491,0.33747261318114152,0.2749541037325221,0.19898512601150853,0.043431434577276558,0.0084174056930508903,0.00080317385854555823,1.0
Randall Cobb,WR,GB,10.946117808507605,6000.0,0.16657430609966781,0.15338577968717029,0.57173991090130727,0.051449332329092344,0.047735139227498898,0.0081210333964992394,0.0009944983587642372,2.0
Stefon Diggs,WR,MIN,10.86189671824785,6600.0,0.068145775344613552,0.29271993283407582,0.57156544716269886,0.039016941890968049,0.024706327685056213,0.0028959053065668798,0.0009496697760205101,2.0
Dez Bryant,WR,DAL,10.336098068363702,7800.0,0.23984444554198012,0.4416013119124606,0.022935898151155126,0.17623095943800413,0.080403440277744806,0.015970516252187979,0.023013428426467378,1.0
Willie Snead,WR,NO,10.003655363537703,6100.0,0.41348668503919317,0.12438523551945647,0.19449801205677281,0.097913600693001673,0.15627697742724,0.012570385954405334,0.00086910330993029321,0.0
Demaryius Thomas,WR,DEN,9.6273625097689735,6900.0,0.18312571026280988,0.36719742758672236,0.36866822336959149,0.022878356026386545,0.041574952658029941,0.014403931140252551,0.0021513989562072545,2.0
Golden Tate,WR,DET,9.3367800516541735,6300.0,0.10720459696344543,0.57156708738863726,0.22089941134027799,0.068134736822554956,0.013995699361621879,0.016457966970010628,0.0017405011534516368,1.0
Doug Baldwin,WR,SEA,8.7863086389141962,7000.0,0.18830957860574851,0.48378794192104152,0.26279922617278811,0.02635707315122171,0.028811745741460133,0.0073444617023954934,0.0025899727053443865,1.0
Emmanuel Sanders,WR,DEN,8.742950555974943,5900.0,0.21817237492802705,0.50392695618521333,0.16495683984454138,0.059198607310086908,0.035903849601676363,0.014953775909487883,0.0028875962209671878,1.0
Brandon Marshall,WR,NYJ,8.5288414871713627,7200.0,0.33450400788390067,0.28037733648178198,0.29625951603774425,0.055972668811233216,0.013254693472107143,0.010447602654092147,0.0091841746591404556,0.0
Mohamed Sanu,WR,ATL,8.4552344291786596,5600.0,0.25121254205901422,0.39138733515840868,0.29620596671557459,0.045353535863884298,0.0086246828182452058,0.006810209746755602,0.00040572763811731597,1.0
Davante Adams,WR,GB,8.1696690264866412,6400.0,0.48245820927290994,0.20588745413231299,0.11312870187839059,0.12019644480378482,0.053324717902875678,0.023085551118560838,0.0019189208911650536,0.0
T.Y. Hilton,WR,IND,8.0379600827371025,7600.0,0.10302088795729622,0.78925375620719596,0.036259914146670957,0.049872301506730568,0.01373905222435963,0.0065375020640668149,0.0013165858936797299,1.0
Adam Thielen,WR,MIN,7.3456566570913182,6000.0,0.4300381237086055,0.26035503701349355,0.25044544107394479,0.037476229183739058,0.014516503438043653,0.0061370768870924628,0.0010315886950809608,0.0
Jamison Crowder,WR,WAS,7.2773471271600823,6400.0,0.35548500279984746,0.42885262691228393,0.15082215657250703,0.042215841910866303,0.015591722349071248,0.0065027674762807713,0.00052988197914319052,1.0
DeVante Parker,WR,MIA,7.2723941658961371,6700.0,0.53258574120563851,0.088982199774040524,0.28612104177759096,0.078830728674212258,0.010939074760792549,0.0023412166440104328,0.00019999716371473623,0.0
DeSean Jackson,WR,WAS,7.0772096089806773,5800.0,0.41495003303760647,0.38042775385348737,0.12151525458131471,0.053445169693909361,0.017540034367685375,0.011535594534287069,0.00058615993170978652,0.0
Allen Robinson,WR,JAC,7.044949627400765,6600.0,0.23849018976405154,0.68218130136577138,0.030336051411012227,0.035910415018223771,0.0077120934016578335,0.0048985107495236758,0.00047143828975944611,1.0
Tyrell Williams,WR,SD,6.9184421115857262,6800.0,0.53331454732353956,0.21797615660630931,0.15887816004372765,0.040162231185361615,0.025111009074879075,0.021734071141606408,0.0028238246245765393,0.0
Jarvis Landry,WR,MIA,6.7039079519893372,6100.0,0.49064006964198781,0.25979799688065841,0.19518528967728441,0.033089778588155892,0.015806055116841633,0.005003871791440068,0.00047693830363163318,0.0
Larry Fitzgerald,WR,ARI,6.6480977276741822,6800.0,0.57173990148854692,0.12028531112728828,0.24655277068759207,0.037356693462625573,0.017140086546636544,0.0062771813397186453,0.00064805534759198365,0.0
DeAndre Hopkins,WR,HOU,6.319304526571238,7100.0,0.53527518395224583,0.26593544042931244,0.14221234215818757,0.023423853555193982,0.025307051607852387,0.0059992136401885989,0.0018469146570193066,0.0
Kenny Britt,WR,LARM,6.3040727841076851,6900.0,0.47577708190128648,0.34724836336674991,0.14671350343260012,0.013947904008891362,0.008579948764793531,0.0041934072754488388,0.0035397912502299496,0.0
Donte Moncrief,WR,IND,6.2250436619284288,6400.0,0.42614101060572229,0.46497111826932996,0.07006119434060365,0.023399407659615457,0.0083816200693231317,0.0064041311207512878,0.00064151793465432592,1.0
Pierre Garcon,WR,WAS,5.9217761990857616,5400.0,0.53683494020076739,0.31348944647757998,0.10220282136122909,0.030438617779176409,0.01072401777623865,0.005845193638616829,0.00046496276639170522,0.0
Marqise Lee,WR,JAC,4.8966308662843909,5400.0,0.63008749411090104,0.29322796030950671,0.052355640627447818,0.017886488157199947,0.0046401366567107088,0.0016986002029913457,0.00010367993524245784,0.0
Anquan Boldin,WR,DET,4.5298744467601466,5200.0,0.69733487267506045,0.24309754923173912,0.029864667843111595,0.020391510926404548,0.0055857286118289927,0.0030575349463490427,0.00066813576550645297,0.0
Brandon LaFell,WR,CIN,4.4576083781716145,5800.0,0.74758752097685344,0.15454199140132624,0.075738560036580041,0.010809416734848358,0.0057346226662453757,0.0041236332710954228,0.0014642549130511752,0.0
Tyler Lockett,WR,SEA,4.3669300686552379,5100.0,0.69875951035598749,0.26337329567215012,0.017557214636461982,0.011167760862792742,0.0053875059801229627,0.0030404326160313336,0.0007142798764533711,0.0
Tyler Boyd,WR,CIN,4.2735281967888179,5700.0,0.79828928962053503,0.10246865740537606,0.069338848760682054,0.015026913321633672,0.0079443094537833374,0.0055710484639633464,0.001360932974026512,0.0
Taylor Gabriel,WR,ATL,4.2686912176962215,5400.0,0.75412087926839388,0.1662755424716012,0.061904096653383089,0.0096624638753949957,0.0057211083659931159,0.0021804854688663301,0.00013542389636736412,0.0
Dontrelle Inman,WR,SD,4.1582526889475817,5500.0,0.77817007684275608,0.15511579794501812,0.042257415935323728,0.012172099679380122,0.0070213938274491716,0.0045285792530399991,0.00073463651703288405,0.0
Andre Roberts,WR,DET,4.0026066410565866,4500.0,0.71330952393072988,0.27953272629849563,0.0035075889805485658,0.0019113488515911004,0.00091887279017859502,0.00051047881915338063,0.00030946032930305104,0.0
Corey Coleman,WR,CLE,3.9333943291467364,5600.0,0.76812659433079788,0.19935458911498927,0.019743491771285579,0.0072998667497923926,0.0028142215249341083,0.0017448203204216022,0.00091641618777924298,0.0
Cole Beasley,WR,DAL,3.9007538433818985,6300.0,0.83128324097703876,0.1092290097171804,0.029327869401121465,0.0149007461942168,0.010760203331743093,0.003146719476141837,0.0013522109025576191,0.0
Rishard Matthews,WR,TEN,3.8556967263894428,6200.0,0.81704538043796571,0.12694226778482601,0.037367725248227596,0.010022862010908195,0.004942526177566544,0.0028614086397806418,0.00081782970072515981,0.0
Kenny Stills,WR,MIA,3.5322586250653161,5300.0,0.88660725640986038,0.062321934365331892,0.015035117770716849,0.031609241591540271,0.0030706952504828957,0.0012422370991293627,0.00011351751293823315,0.0
Cameron Meredith,WR,CHI,3.4678599390559519,5400.0,0.87646509450196641,0.087988330405287515,0.016406314113465763,0.0075496222885441571,0.008165047832141132,0.0032029130640615446,0.00022267779453335684,0.0
Eli Rogers,WR,PIT,3.4444630261933762,5000.0,0.86773150030170287,0.097994541709492816,0.021656323158358928,0.0058389471056878028,0.0044811795801477892,0.0018599635767681765,0.00043754456784141738,0.0
Jordan Matthews,WR,PHI,3.4213207837327508,5900.0,0.9046706155913663,0.028808146725672848,0.050431185644622456,0.01175855293152203,0.0027040914365043132,0.001384357110653156,0.00024305055965897533,0.0
Sterling Shepard,WR,NYG,3.4003652818362955,5500.0,0.90364038572570515,0.054058306570835955,0.017645222977028602,0.012905766904246906,0.0072713636150271987,0.0041277691179980236,0.00035118508915791473,0.0
Cordarrelle Patterson,WR,MIN,3.2820270619687548,4900.0,0.89561003616812829,0.068496328162723608,0.02688305227328339,0.0041553349432413792,0.0032309963025352454,0.0012030995539843606,0.00042115259610363997,0.0
Adam Humphries,WR,TB,3.0547501171482181,4800.0,0.93298068893118824,0.042920981566187726,0.012004123721893531,0.0065647533059028599,0.0037283548317413344,0.0015293463367121441,0.00027175130637447823,0.0
Robby Anderson,WR,NYJ,3.0128494583347991,4700.0,0.9246476715026607,0.056558482554406181,0.013875309914988291,0.0028627843550426257,0.0011015245127880067,0.0006240922496294326,0.00033013491048463809,0.0
Charles Johnson,WR,MIN,2.9790249980267487,4500.0,0.92648514537246096,0.061536525035385363,0.0068856695160811263,0.0023400328547678812,0.0013721119177160302,0.00065650678046086483,0.00072400852312769865,0.0
Jeremy Kerley,WR,SF,2.9681108959423974,5100.0,0.93249972138682458,0.053490591324936457,0.0072943559598711363,0.0034246072325258056,0.0019074060054375679,0.00090142490876959339,0.00048189318163465437,0.0
Tajae Sharpe,WR,TEN,2.9456705659290097,5300.0,0.9314144207564885,0.058584612748564496,0.0042525992131661186,0.0029730912645629273,0.0014746192467282189,0.00081847851858637694,0.00048217825190332621,0.0
Marquise Goodwin,WR,BUF,2.9055760791317033,5400.0,0.93907382771377323,0.051285990204324214,0.0031762191062896139,0.0037556647710688456,0.0014429784584370409,0.0011911327248108618,7.4187021296618616e-05,0.0
Brian Quick,WR,LARM,2.8302584601915006,4500.0,0.94354181267030901,0.052159187813848137,0.0021022944079395951,0.00087960275745063233,0.00045622878867605858,0.00024765744668759336,0.0006132161150890316,0.0
Quincy Enunwa,WR,NYJ,2.8263320001436192,4800.0,0.95645478564777453,0.0287082707280636,0.010905842320789583,0.0021926964709226148,0.00097830626724334938,0.00045700699766913988,0.00030309156753753597,0.0
Sammy Watkins,WR,BUF,2.8160309265273624,6000.0,0.9687716389820602,0.012979082892123794,0.0099991681433702542,0.0045080936972458205,0.0022616405854961482,0.0013096795701251095,0.0001706961295785657,0.0
Devin Funchess,WR,CAR,2.761786430882708,4600.0,0.96856072421697625,0.019707672679323468,0.0064567036668122324,0.0027901952555194004,0.0014308039893886299,0.00080529787226001678,0.00024860231972013682,0.0
Quinton Patton,WR,SF,2.7610495020272725,4500.0,0.97249059612474642,0.014796815677966027,0.0071659595718163065,0.0024068517520975234,0.0013651744943944679,0.0007566687422538498,0.0010179336367255576,0.0
Ted Ginn Jr.,WR,CAR,2.7451194468987525,4700.0,0.97604620511220985,0.0063536388169648265,0.013425000033893937,0.0020963800488295516,0.0012584410332610353,0.00055655399400047665,0.0002637809608404058,0.0
Justin Hunter,WR,BUF,2.7206966207581837,5300.0,0.9697935539214213,0.02366069881366023,0.0023882186073913301,0.0018436889187168628,0.0014626827272612921,0.0008080867447140932,4.3070266834995322e-05,0.0
Dorial Green-Beckham,WR,PHI,2.6869738130938994,4900.0,0.97868986164422045,0.01062578686958904,0.0074746252734181635,0.0017347388048745862,0.00089333732635908528,0.00049237736513821947,8.9272716400499262e-05,0.0
J.J. Nelson,WR,ARI,2.67220211533111,4900.0,0.98184398327924682,0.0069032210195043081,0.0084291463019166464,0.0012117094541840121,0.0011122365625074707,0.00043549143790923013,6.4211944731736118e-05,0.0
Jermaine Kearse,WR,SEA,2.6699337633708091,4500.0,0.97809374813863659,0.013251435712771906,0.0067088266749476058,0.0010045841659680429,0.00055070951732286318,0.00029229972866370103,9.8396061689317132e-05,0.0
Robert Woods,WR,BUF,2.6628434431254546,5000.0,0.98069613760552432,0.012113623717960599,0.0040152219666458877,0.0016607061426962026,0.00074824189759407488,0.00035327426459311,0.00041279440498584869,0.0
Marquess Wilson,WR,CHI,2.6599679224320258,5400.0,0.97425952552792361,0.022231543574313416,0.0020566097910923076,0.00062105218157103542,0.00051292803238937217,0.0002235087646555052,9.4832128055223451e-05,0.0
Michael Floyd,WR,ARI,2.6503180266038986,4700.0,0.98083000470934101,0.012573740353917489,0.0042121972503803484,0.00086336717151545676,0.0011810032223854962,0.00030440755931880273,3.5279733141392564e-05,0.0
Tavon Austin,WR,LARM,2.6502739615624908,4900.0,0.9849836667792462,0.0078686435434616436,0.0032844878323964183,0.0021528356630231347,0.00058332360162910923,0.00033360337528300901,0.00079343920496044039,0.0
A.J. Green,WR,CIN,2.6486039365011012,7500.0,0.98795060225385578,0.0051553438057006535,0.0022869919041626288,0.002167740542920247,0.00079218597146347536,0.00025792448050224724,0.0013892110413951447,0.0
Justin Hardy,WR,ATL,2.6268682452625773,4600.0,0.98588747049417724,0.0051009664225507038,0.0077954953303966592,0.00056741165428635207,0.00035544415294716666,0.00023213150143329322,6.1080444208777093e-05,0.0
Terrance Williams,WR,DAL,2.6017896350125218,4600.0,0.98819021609280111,0.0071546121112343883,0.0018938414231233283,0.0019920161627385792,0.00054788534408108157,0.00012749696577228858,9.3931900249477713e-05,0.0
James Wright,WR,CIN,2.5800106528670215,4500.0,0.98719382619844964,0.0113478269249929,0.00064459232672430065,0.00034678292039600097,0.00021510775506708378,0.00011518397993293783,0.00013667989443719169,0.0
Nelson Agholor,WR,PHI,2.5684847096217038,4800.0,0.99310919771441231,0.0027061965879065552,0.0026130140661597954,0.00090518685841030583,0.00037813102661496205,0.00022476455320015283,6.3509193295874862e-05,0.0
Freddie Martino,WR,TB,2.5609137196408178,4500.0,0.99289033126160653,0.0040000351991744372,0.0018322711212926416,0.00080498075638553001,0.00029875277510699871,0.00014691643000224901,2.6712456431976908e-05,0.0
Braxton Miller,WR,HOU,2.5597495819673863,4600.0,0.99250806223846577,0.0052065701077737845,0.0012337238028733654,0.00045303683419786663,0.00029225511387815837,0.00016234643094811699,0.00014400547186308298,0.0
Torrey Smith,WR,SF,2.5523155279028176,4700.0,0.99460069637474458,0.0032691657190829409,0.00074887453456921774,0.0006203567458659665,0.00032580450562078354,0.00019750749899852095,0.0002375946211182233,0.0
Russell Shepard,WR,TB,2.546674507084183,4500.0,0.99360900224437754,0.0047911391777618675,0.00083487167847218571,0.00037377281037994861,0.00023695462490953132,0.00013186971019247715,2.2389753906178299e-05,0.0
Brandon Coleman,WR,NO,2.5447991910111023,4500.0,0.99320832621527433,0.0056930934221917084,0.00039421862551352276,0.00045667151851839979,0.00014871014192176232,8.6612061342452904e-05,1.2368015238016008e-05,0.0
Phillip Dorsett,WR,IND,2.5356755769900037,4600.0,0.99572875986842435,0.0024520894769233539,0.0012273744704458538,0.00032013834519111796,0.00014827213795368934,8.4735776066971409e-05,3.8629924994299742e-05,0.0
Travis Benjamin,WR,SD,2.5354279471366583,5100.0,0.99516398248403559,0.0037361304444195548,0.00049262311249619029,0.0002786469941282911,0.00018220243157648843,0.00010148827833805461,4.4926255005921357e-05,0.0
Chris Harper,WR,SF,2.5326922598884787,4500.0,0.99707650136362491,0.0014616775436839503,0.00047567107908224818,0.00040677984763705453,0.00025908275579062089,0.00014207097093730996,0.00017821643924412559,0.0
Allen Hurns,WR,JAC,2.5325967100531295,4800.0,0.99638688827174637,0.002147138152782029,0.00067498034908671835,0.00040066718669742662,0.00021326039868300789,0.00012248444112181783,5.4581199882615774e-05,0.0
Aldrick Robinson,WR,ATL,2.5274242853459468,4500.0,0.99671265592210867,0.0020543426372276073,0.00071781825754921845,0.00024105777383839319,0.0001463161972390934,9.6213381232092588e-05,3.1595830804831559e-05,0.0
Jalin Marshall,WR,NYJ,2.5259332068835811,4500.0,0.99697647338072426,0.0017636182062641325,0.00087845236029767445,0.00015474044490408983,8.1531190641536007e-05,4.5284239344125955e-05,9.9900177824260663e-05,0.0
Brice Butler,WR,DAL,2.5256916142681889,4500.0,0.99666405257139823,0.0024912167033686356,0.00043008760419471754,0.00018983209883421102,7.3734568797364768e-05,3.9667051306383246e-05,0.00011140940210084661,0.0
John Brown,WR,ARI,2.5251258459299417,5200.0,0.99693083658773118,0.0018583363440299613,0.00079461763741630286,0.00019356171097657237,0.00013961142964211175,6.7512780463722363e-05,1.5523509739849323e-05,0.0
Kendall Wright,WR,TEN,2.524839359933901,4800.0,0.99642157050639379,0.002896759096547615,0.0002934364084556101,0.0002239075172145835,7.550309315182741e-05,4.4564539642736173e-05,4.4258838593374343e-05,0.0
Deonte Thompson,WR,CHI,2.5234512793073831,4500.0,0.99772825969987189,0.0010851879647790809,0.00052122817770062287,0.00030710668884002758,0.00019388364643529773,0.00013494197092702592,2.9391851446130097e-05,0.0
Roger Lewis,WR,NYG,2.5230972549249917,4500.0,0.99742614408116803,0.0017207628230430667,0.00026425894673750151,0.00025889780054231149,0.00016572858753387894,9.1191953082579995e-05,7.3015807893031111e-05,0.0
Alex Erickson,WR,CIN,2.5182725723771724,4500.0,0.99759095191585756,0.0019276508103133394,0.00014428901767395125,0.00013585385492549172,8.3548670625888867e-05,4.5705244286161622e-05,7.2000486317327041e-05,0.0
Victor Cruz,WR,NYG,2.517107987468977,4600.0,0.99809058332068856,0.0010662599787242036,0.00051135259232484745,0.00015112722558401976,8.315205682471436e-05,5.8179294451931485e-05,3.9345531401683796e-05,0.0
Cody Core,WR,CIN,2.5157830743348488,4500.0,0.99799813867039922,0.0015093708165546435,0.00018627680522710743,0.00012928687831541578,7.9150239025548038e-05,4.3545992798320934e-05,5.423059768008974e-05,0.0
Darrius Heyward-Bey,WR,PIT,2.5156441702449732,4500.0,0.99832813802657361,0.00090440034134264011,0.00046019920581266883,0.00012405932115195959,7.8616725214235866e-05,4.1614025113434957e-05,6.2972354791768887e-05,0.0
Cobi Hamilton,WR,PIT,2.5152948171310037,4500.0,0.99793612324519054,0.0015506963443608448,0.00027409965693975328,9.559487145827408e-05,8.4445070517790428e-05,3.2174935629016389e-05,2.6865875903015985e-05,0.0
Eddie Royal,WR,CHI,2.5130899571322365,5000.0,0.99829771789943222,0.001220945073567761,0.00022501563354721121,0.00014521136308491173,6.2931323176507986e-05,3.5670595281084743e-05,1.2508111910586568e-05,0.0
Bryan Walters,WR,JAC,2.5123675847145051,4500.0,0.99780630554247041,0.0020732780657619267,4.396275419857347e-05,3.3386370343881147e-05,2.0491887260745964e-05,1.1035507400319667e-05,1.1539872563961905e-05,0.0
Paul Richardson,WR,SEA,2.5112626248426633,4500.0,0.99888541220603178,0.00055995127297809796,0.00025363231743012201,0.00014271488381310327,8.2154855888950465e-05,4.4219352917135739e-05,3.1915110940563758e-05,0.0
Laquon Treadwell,WR,MIN,2.511252045676664,4500.0,0.99887182512579331,0.00067890093995078872,0.0001844337688170549,9.1289210571947926e-05,5.9577998679685236e-05,3.3575455936831776e-05,8.03975002506391e-05,0.0
Bryce Treggs,WR,PHI,2.5106167545490283,4500.0,0.99866999743745688,0.0008232234223945334,0.00036399758590878396,6.3248045252708131e-05,4.0311826119782934e-05,2.2533375523053336e-05,1.6688307344744066e-05,0.0
Paul Turner,WR,PHI,2.5103161842564097,4500.0,0.99885960324829604,0.00063887680227768496,0.00028866622774191526,9.6658272773015338e-05,5.9943733780368903e-05,3.2238872181753203e-05,2.4012842949401846e-05,0.0
Brandon Tate,WR,BUF,2.5099484586323828,4500.0,0.998498483878836,0.0012750391657085016,7.3645773464803236e-05,8.1013622484347005e-05,4.2584295972598735e-05,2.4022166983684937e-05,5.2110965502358685e-06,0.0
Rod Streater,WR,SF,2.5083209969583509,4500.0,0.99927414295073314,0.00028130052971568761,0.00024197420759211236,7.4195245820759124e-05,4.7446812802375203e-05,2.6356125724550464e-05,5.4584127611619552e-05,0.0
Sammie Coates,WR,PIT,2.5078464046711497,4600.0,0.99914903380063413,0.00056284446892705513,0.00010747852625214598,6.4636405459659549e-05,5.2182075287745848e-05,1.7345871390780405e-05,4.647885204840391e-05,0.0
Corey Brown,WR,CAR,2.5072643256588512,4500.0,0.99917216911197215,0.00050276280577730059,0.00018831167585669852,5.5960148286486402e-05,3.6118442287487405e-05,1.9520695040286284e-05,2.5157120779785749e-05,0.0
Pharoh Cooper,WR,LARM,2.5072508730345047,4500.0,0.99898010745854471,0.00085916468912819888,6.2658951660413974e-05,3.060912587606536e-05,1.9386964496162662e-05,1.0770992050289817e-05,3.7301818244232794e-05,0.0
Aaron Burbridge,WR,SF,2.506974188852328,4500.0,0.99939446814837363,0.0003330948946169996,9.2072537703398688e-05,5.2333554978001348e-05,3.337933488700881e-05,1.8770096936753151e-05,7.5881432503999195e-05,0.0
Andrew Hawkins,WR,CLE,2.5067876632578101,4500.0,0.9991011558997438,0.00073432434026408119,4.505047157770478e-05,4.3090137365436092e-05,2.7820833325714068e-05,1.5383628307344278e-05,3.3174689416360722e-05,0.0
Tanner McEvoy,WR,SEA,2.506746836197919,4500.0,0.99938312964482467,0.00025922856498880598,0.00016772627331119999,8.6384680959350694e-05,5.3398187209874237e-05,2.9281920222916822e-05,2.0850728483125157e-05,0.0
Marvin Jones Jr.,WR,DET,2.5066985969221447,5900.0,0.9994290232782288,0.00025504852709566422,0.00013473173984037478,6.3420546378921096e-05,4.1747814711323346e-05,2.4152086446343141e-05,5.1876007298297169e-05,0.0
Brenton Bersin,WR,CAR,2.5063356907616106,4500.0,0.99939775652164053,0.00024497049088368999,0.00021203609963612382,6.2124071691344962e-05,3.8713367029644565e-05,2.1151093532192768e-05,2.3248355586549356e-05,0.0
Leonte Carroo,WR,MIA,2.505610994015528,4500.0,0.9994291211624543,0.000238908625232851,0.00021925783561448263,5.2739640571284992e-05,2.8797259438990269e-05,2.0849367532314858e-05,1.0326109155757728e-05,0.0
Maurice Harris,WR,WAS,2.505484864485402,4500.0,0.99942354267547528,0.00023367533008714338,0.00024902544123413088,4.4136497091821975e-05,2.7081656337953605e-05,1.4659353755033862e-05,7.8790460188434501e-06,0.0
Jarius Wright,WR,MIN,2.505189200538231,4500.0,0.99950291858408924,0.00023817033392800954,0.00014543091719465182,4.072826944027133e-05,2.599273543871928e-05,1.4188233437447988e-05,3.2570926471687632e-05,0.0
Keith Mumphery,WR,HOU,2.5046504010364812,4500.0,0.99946607536843513,0.00037706434880018251,5.412610090099351e-05,3.9900868334452987e-05,2.520100845224527e-05,1.3568643412082108e-05,2.4063661664805933e-05,0.0
Terrelle Pryor Sr.,WR,CLE,2.5044937445196922,6700.0,0.99956389044680727,0.00021073563112057413,0.00011904841451359153,4.2998287688205517e-05,2.6527608092289629e-05,1.6257552136784065e-05,2.0542059641948726e-05,0.0
Jake Lampman,WR,NO,2.5044802589500459,4500.0,0.99948706091384443,0.00032116909191129363,8.9430993775930094e-05,5.1328319721502502e-05,2.6749519220189908e-05,1.5106583613979176e-05,9.1545779124577153e-06,0.0
Ryan Grant,WR,WAS,2.5040615852792767,4600.0,0.9995427713605618,0.00029382766932109695,5.7984955192304917e-05,5.1251175879669418e-05,3.0977071308581807e-05,1.7241884674205739e-05,5.9458830623587378e-06,0.0
Bradley Marquez,WR,LARM,2.5035778876922574,4500.0,0.99972601901607727,0.00012331191772065763,6.0264882883757576e-05,2.2762682789146674e-05,1.0875990129196707e-05,6.0213143479306985e-06,5.0744196052190792e-05,0.0
Harry Douglas,WR,TEN,2.5035196202863244,4500.0,0.99969655152046699,0.00013880013845456044,4.5615457771069914e-05,5.9939683264936041e-05,2.6879713407631836e-05,1.5221708857403577e-05,1.6991777777804391e-05,0.0
Bennie Fowler,WR,DEN,2.5035042993824459,4500.0,0.99959528421765198,0.00024445511565578571,8.86074523261517e-05,3.8182278923927393e-05,1.6027019060961262e-05,8.5670088748966175e-06,8.8769075063102262e-06,0.0
Cody Latimer,WR,DEN,2.5034478672084179,4500.0,0.99967239068100655,0.00013827003508819297,0.00010418734976661585,3.7795601139554699e-05,2.3577562998095448e-05,1.2886902235287993e-05,1.0891867765366384e-05,0.0
Jordan Taylor,WR,DEN,2.5034169130965562,4500.0,0.99963721212990087,0.00019215232113853098,9.5579234617204083e-05,3.3118811137602578e-05,2.1783074181823551e-05,1.1613793237301267e-05,8.5406357864228253e-06,0.0
Dwayne Harris,WR,NYG,2.5030152102777663,4500.0,0.99968239277067084,0.00019308810359868782,4.260976285719391e-05,3.9292332001474052e-05,2.1187315821884404e-05,1.1456653917156785e-05,9.9730611326766416e-06,0.0
Will Fuller V,WR,HOU,2.5029556919063189,5400.0,0.9997573876930369,9.8743906019660094e-05,6.4792972152992708e-05,2.7110868785761288e-05,1.6695750273242221e-05,9.7028931793668405e-06,2.5565916552439939e-05,0.0
Jeff Janis,WR,GB,2.5027200510076271,4500.0,0.99973471087850396,0.00011411362880406555,8.8289557693681486e-05,2.9655471110575369e-05,1.5402132248360598e-05,8.7610937644803326e-06,9.067237874832487e-06,0.0
Rashard Higgins,WR,CLE,2.5024565795954969,4500.0,0.99972568518393656,0.00018624205716228604,3.3016771431655653e-05,2.112316942442409e-05,1.3493783355504154e-05,7.4386987362304829e-06,1.3000335953433481e-05,0.0
Jordan Norwood,WR,DEN,2.5024463773369185,4500.0,0.9997811540755569,7.0027124277203192e-05,9.1272331778498233e-05,2.262375639809064e-05,1.43145126564995e-05,1.4919290621379169e-05,5.6889087111684814e-06,0.0
Brittan Golden,WR,ARI,2.5023915800381213,4500.0,0.99977892613813157,9.8666368979687875e-05,5.5926071198057323e-05,2.9200148198262281e-05,1.8698783231679369e-05,1.0256178645721659e-05,8.3263116151134953e-06,0.0
Charone Peake,WR,NYJ,2.5023580114620447,4500.0,0.99970286920367146,0.00022435147237875614,2.926284584387447e-05,1.7840080077659715e-05,9.5380865731263253e-06,5.2309884284017405e-06,1.0907323026894986e-05,0.0
Percy Harvin,WR,BUF,2.5023462554642264,4900.0,0.99978075547407519,0.0001151682109255749,3.599642704408318e-05,3.0383034136094708e-05,1.6180065864708277e-05,9.0923064950787407e-06,1.2424481459799451e-05,0.0
Lucky Whitehead,WR,DAL,2.5023361081968529,4500.0,0.99968884254545709,0.0002582575493827194,1.3456866389572333e-05,1.3458438890981787e-05,8.1444943946717881e-06,4.5757484619826493e-06,1.3264357022673897e-05,0.0
Levi Norwood,WR,PIT,2.5023277266235202,4500.0,0.99979314799976582,9.8214786141683874e-05,4.3310809183561842e-05,2.570810729042522e-05,1.6232427758270038e-05,8.9021778693290072e-06,1.4483691991380003e-05,0.0
Markus Wheaton,WR,PIT,2.5023277266235202,4500.0,0.99979314799976582,9.8214786141683874e-05,4.3310809183561842e-05,2.570810729042522e-05,1.6232427758270038e-05,8.9021778693290072e-06,1.4483691991380003e-05,0.0
Canaan Severin,WR,PIT,2.5023277266235202,4500.0,0.99979314799976582,9.8214786141683874e-05,4.3310809183561842e-05,2.570810729042522e-05,1.6232427758270038e-05,8.9021778693290072e-06,1.4483691991380003e-05,0.0
Arrelious Benn,WR,JAC,2.5021046323394907,4500.0,0.99978588568290927,0.00012152486489969787,4.1339361187981689e-05,2.0701038330464576e-05,1.3155365194157589e-05,7.3737758388764845e-06,1.0019911639977255e-05,0.0
Eric Weems,WR,ATL,2.5019637515455537,4500.0,0.99982700869446173,5.2382215922467732e-05,7.4152972057644004e-05,1.9371020885664229e-05,1.2030356165819512e-05,8.018767694192064e-06,7.0359728125621488e-06,0.0
Jakeem Grant,WR,MIA,2.5018514691845244,4500.0,0.99979679409775957,0.00011650685879454818,4.7114659633117784e-05,1.8432527708185474e-05,9.9389829194977187e-06,5.5863544393071824e-06,5.6265187454129633e-06,0.0
Jaelen Strong,WR,HOU,2.5018378516042858,4500.0,0.99986343392759036,5.1636395249993967e-05,3.1727914580141624e-05,1.6666828896799417e-05,1.0537510134304405e-05,5.7704558976037961e-06,2.0226967650963175e-05,0.0
Tevin Jones,WR,HOU,2.5018378516042858,4500.0,0.99986343392759036,5.1636395249993967e-05,3.1727914580141624e-05,1.6666828896799417e-05,1.0537510134304405e-05,5.7704558976037961e-06,2.0226967650963175e-05,0.0
Keshawn Martin,WR,SF,2.5017069548794586,4500.0,0.99986156382742375,5.9407878975142788e-05,2.9325848912888032e-05,1.7817193299579176e-05,1.1251556321654806e-05,6.1636160168465648e-06,1.4470079049461981e-05,0.0
Mose Frazier,WR,SF,2.5017069548794586,4500.0,0.99986156382742375,5.9407878975142788e-05,2.9325848912888032e-05,1.7817193299579176e-05,1.1251556321654806e-05,6.1636160168465648e-06,1.4470079049461981e-05,0.0
Devin Street,WR,IND,2.5016583148768392,4500.0,0.99985672635411194,6.1028977749031166e-05,3.2275179601793065e-05,2.0845978855354751e-05,1.3125077534705443e-05,8.6296114986803626e-06,7.3688206487447021e-06,0.0
Rashad Ross,WR,WAS,2.5016195136398571,4500.0,0.99985755647767038,4.9807166298437388e-05,4.7949772615759623e-05,2.1421756193977865e-05,1.1229325340681416e-05,6.1448771541637825e-06,5.8906247270308807e-06,0.0
Chris Brown,WR,DAL,2.5015348222940674,4500.0,0.99986608048947812,6.86186514104961e-05,2.1392839100727528e-05,1.6047437845925441e-05,1.0145999340395231e-05,5.5406467044972735e-06,1.2173936119945982e-05,0.0
Mike Thomas,WR,LARM,2.5015278471943718,4500.0,0.99990179384443734,3.5296391848939061e-05,2.0606928176247533e-05,9.035321679090553e-06,4.2720597227279261e-06,2.403643425106954e-06,2.659181071063743e-05,0.0
Donteea Dye,WR,TB,2.5014611426138305,4500.0,0.99988180758208378,4.7966338124827312e-05,2.8718806472831264e-05,1.4816689697992601e-05,9.3677802364007146e-06,5.129893560011895e-06,1.2192909823998933e-05,0.0
Josh Huff,WR,TB,2.5014611426138305,4500.0,0.99988180758208378,4.7966338124827312e-05,2.8718806472831264e-05,1.4816689697992601e-05,9.3677802364007146e-06,5.129893560011895e-06,1.2192909823998933e-05,0.0
Vincent Jackson,WR,TB,2.5014611426138305,4500.0,0.99988180758208378,4.7966338124827312e-05,2.8718806472831264e-05,1.4816689697992601e-05,9.3677802364007146e-06,5.129893560011895e-06,1.2192909823998933e-05,0.0
Cecil Shorts III,WR,TB,2.5014611426138305,4500.0,0.99988180758208378,4.7966338124827312e-05,2.8718806472831264e-05,1.4816689697992601e-05,9.3677802364007146e-06,5.129893560011895e-06,1.2192909823998933e-05,0.0
Aaron Dobson,WR,DET,2.5014262116604926,4500.0,0.99988756235276832,4.904422738301287e-05,2.2350920566816262e-05,1.344298191212656e-05,8.4992496185191305e-06,4.6542806767701269e-06,1.4445987074955094e-05,0.0
Quinshad Davis,WR,DET,2.5014262116604926,4500.0,0.99988756235276832,4.904422738301287e-05,2.2350920566816262e-05,1.344298191212656e-05,8.4992496185191305e-06,4.6542806767701269e-06,1.4445987074955094e-05,0.0
Josh Doctson,WR,WAS,2.5014213002807595,4500.0,0.99986522999845961,6.3009404702882161e-05,3.5740752279478057e-05,1.5068294089188608e-05,9.5267595526075062e-06,5.2026096948395814e-06,6.2221812212218369e-06,0.0
Hunter Sharp,WR,PHI,2.5014004611695482,4500.0,0.99987694340789113,5.8771931287267162e-05,2.631679108621797e-05,1.3947348625330053e-05,8.8181291041063484e-06,4.8289265880327471e-06,1.0373465418044113e-05,0.0
Chris Givens,WR,PHI,2.5014004611695482,4500.0,0.99987694340789113,5.8771931287267162e-05,2.631679108621797e-05,1.3947348625330053e-05,8.8181291041063484e-06,4.8289265880327471e-06,1.0373465418044113e-05,0.0
Cayleb Jones,WR,PHI,2.5014004611695482,4500.0,0.99987694340789113,5.8771931287267162e-05,2.631679108621797e-05,1.3947348625330053e-05,8.8181291041063484e-06,4.8289265880327471e-06,1.0373465418044113e-05,0.0
Xavier Rush,WR,PHI,2.5014004611695482,4500.0,0.99987694340789113,5.8771931287267162e-05,2.631679108621797e-05,1.3947348625330053e-05,8.8181291041063484e-06,4.8289265880327471e-06,1.0373465418044113e-05,0.0
DeVier Posey,WR,DEN,2.501320234519556,4500.0,0.99988297301350826,5.0192288275497836e-05,3.170424411686145e-05,1.3911131011204677e-05,8.7952970190529512e-06,4.8164154405944065e-06,7.6076106290744332e-06,0.0
Bralon Addison,WR,DEN,2.501320234519556,4500.0,0.99988297301350826,5.0192288275497836e-05,3.170424411686145e-05,1.3911131011204677e-05,8.7952970190529512e-06,4.8164154405944065e-06,7.6076106290744332e-06,0.0
Marlon Brown,WR,DEN,2.501320234519556,4500.0,0.99988297301350826,5.0192288275497836e-05,3.170424411686145e-05,1.3911131011204677e-05,8.7952970190529512e-06,4.8164154405944065e-06,7.6076106290744332e-06,0.0
Durron Neal,WR,DEN,2.501320234519556,4500.0,0.99988297301350826,5.0192288275497836e-05,3.170424411686145e-05,1.3911131011204677e-05,8.7952970190529512e-06,4.8164154405944065e-06,7.6076106290744332e-06,0.0
Jared Abbrederis,WR,GB,2.5012733882811546,4500.0,0.99989225490097677,5.1416581633363194e-05,2.0144651541125789e-05,1.2906244392775194e-05,8.1492915513842967e-06,4.4521815003559873e-06,1.0676148404539335e-05,0.0
Deshon Foxx,WR,SEA,2.5012635564631274,4500.0,0.99989100456718016,4.6670233849383385e-05,2.7376185531839905e-05,1.3554606364005432e-05,8.5597371390756321e-06,4.6929563432723121e-06,8.1417135919916191e-06,0.0
Kevin Smith,WR,SEA,2.5012635564631274,4500.0,0.99989100456718016,4.6670233849383385e-05,2.7376185531839905e-05,1.3554606364005432e-05,8.5597371390756321e-06,4.6929563432723121e-06,8.1417135919916191e-06,0.0
Keyarris Garrett,WR,CAR,2.5012579574383262,4500.0,0.99988634563740086,5.3440665969332452e-05,2.5537254718113877e-05,1.3992815773329172e-05,8.8352996917847241e-06,4.838303820494335e-06,7.0100226261631126e-06,0.0
Damiere Byrd,WR,CAR,2.5012579574383262,4500.0,0.99988634563740086,5.3440665969332452e-05,2.5537254718113877e-05,1.3992815773329172e-05,8.8352996917847241e-06,4.838303820494335e-06,7.0100226261631126e-06,0.0
Marcus Easley,WR,BUF,2.5012392115140529,4500.0,0.99989211123281141,5.0515928924561831e-05,2.1777578540984595e-05,1.3856912052409012e-05,8.7609398032422259e-06,4.797619804488676e-06,8.1797880632593391e-06,0.0
Walt Powell,WR,BUF,2.5012392115140529,4500.0,0.99989211123281141,5.0515928924561831e-05,2.1777578540984595e-05,1.3856912052409012e-05,8.7609398032422259e-06,4.797619804488676e-06,8.1797880632593391e-06,0.0
Kolby Listenbee,WR,BUF,2.5012392115140529,4500.0,0.99989211123281141,5.0515928924561831e-05,2.1777578540984595e-05,1.3856912052409012e-05,8.7609398032422259e-06,4.797619804488676e-06,8.1797880632593391e-06,0.0
Greg Salas,WR,BUF,2.5012392115140529,4500.0,0.99989211123281141,5.0515928924561831e-05,2.1777578540984595e-05,1.3856912052409012e-05,8.7609398032422259e-06,4.797619804488676e-06,8.1797880632593391e-06,0.0
Kadron Boone,WR,NYG,2.5012233718154753,4500.0,0.9999002989614254,4.2966655122090123e-05,2.124607972581029e-05,1.2760676467360075e-05,8.0678750457503851e-06,4.4175803028359527e-06,1.0242171911049267e-05,0.0
Daniel Braverman,WR,CHI,2.5011877452842231,4500.0,0.99989355837867555,5.1000321420571643e-05,2.1774776586097991e-05,1.3541757017621579e-05,8.5617340240060007e-06,4.6884897927840123e-06,6.8745424829615346e-06,0.0
Kevin White,WR,CHI,2.5011877452842231,4500.0,0.99989355837867555,5.1000321420571643e-05,2.1774776586097991e-05,1.3541757017621579e-05,8.5617340240060007e-06,4.6884897927840123e-06,6.8745424829615346e-06,0.0
Kieran Duncan,WR,CHI,2.5011877452842231,4500.0,0.99989355837867555,5.1000321420571643e-05,2.1774776586097991e-05,1.3541757017621579e-05,8.5617340240060007e-06,4.6884897927840123e-06,6.8745424829615346e-06,0.0
Jaron Brown,WR,ARI,2.5011502668088652,4500.0,0.99988724706117749,6.0570548265501071e-05,2.0991507322481553e-05,1.3450086683417976e-05,8.480001750404531e-06,4.6437562642709905e-06,4.6170385367912482e-06,0.0
Ricardo Louis,WR,CLE,2.5011497698620517,4500.0,0.9998817147014768,7.6327278087833065e-05,1.394139562008249e-05,1.000991833831751e-05,6.3875640466978085e-06,3.5736892805559419e-06,8.0454531503912902e-06,0.0
Kenbrell Thompkins,WR,NYJ,2.5011263830943435,4500.0,0.99990692843522322,4.3149803818408573e-05,1.8335351569866589e-05,1.0688604915708133e-05,6.7577800023281651e-06,3.7006546032875835e-06,1.043936986732372e-05,0.0
Jeremy Ross,WR,NYJ,2.5011263830943435,4500.0,0.99990692843522322,4.3149803818408573e-05,1.8335351569866589e-05,1.0688604915708133e-05,6.7577800023281651e-06,3.7006546032875835e-06,1.043936986732372e-05,0.0
Devin Smith,WR,NYJ,2.5011263830943435,4500.0,0.99990692843522322,4.3149803818408573e-05,1.8335351569866589e-05,1.0688604915708133e-05,6.7577800023281651e-06,3.7006546032875835e-06,1.043936986732372e-05,0.0
Daniel Anthrop,WR,IND,2.5011236447115395,4500.0,0.99989439567547289,5.1729680075069934e-05,2.3571231049162514e-05,1.2724175744872467e-05,8.0028420486427412e-06,4.3824445056164237e-06,5.1939511041500564e-06,0.0
Joshua Stangby,WR,IND,2.5011236447115395,4500.0,0.99989439567547289,5.1729680075069934e-05,2.3571231049162514e-05,1.2724175744872467e-05,8.0028420486427412e-06,4.3824445056164237e-06,5.1939511041500564e-06,0.0
Brian Tyms,WR,IND,2.5011236447115395,4500.0,0.99989439567547289,5.1729680075069934e-05,2.3571231049162514e-05,1.2724175744872467e-05,8.0028420486427412e-06,4.3824445056164237e-06,5.1939511041500564e-06,0.0
Tevaun Smith,WR,IND,2.5011236447115395,4500.0,0.99989439567547289,5.1729680075069934e-05,2.3571231049162514e-05,1.2724175744872467e-05,8.0028420486427412e-06,4.3824445056164237e-06,5.1939511041500564e-06,0.0
Marcus Leak,WR,IND,2.5011236447115395,4500.0,0.99989439567547289,5.1729680075069934e-05,2.3571231049162514e-05,1.2724175744872467e-05,8.0028420486427412e-06,4.3824445056164237e-06,5.1939511041500564e-06,0.0
Quan Bray,WR,IND,2.5011236447115395,4500.0,0.99989439567547289,5.1729680075069934e-05,2.3571231049162514e-05,1.2724175744872467e-05,8.0028420486427412e-06,4.3824445056164237e-06,5.1939511041500564e-06,0.0
Jared Dangerfield,WR,NO,2.501113397937476,4500.0,0.99990363638758206,4.6459910431278934e-05,1.6885872410082013e-05,1.2890033889864443e-05,8.149698792163224e-06,4.4523962712487681e-06,7.5257006230016738e-06,0.0
Kyle Prater,WR,NO,2.501113397937476,4500.0,0.99990363638758206,4.6459910431278934e-05,1.6885872410082013e-05,1.2890033889864443e-05,8.149698792163224e-06,4.4523962712487681e-06,7.5257006230016738e-06,0.0
Vincent Brown,WR,NO,2.501113397937476,4500.0,0.99990363638758206,4.6459910431278934e-05,1.6885872410082013e-05,1.2890033889864443e-05,8.149698792163224e-06,4.4523962712487681e-06,7.5257006230016738e-06,0.0
Isaac Fruechte,WR,MIN,2.5011068973899575,4500.0,0.99990736122170354,4.2764003216103984e-05,1.8589746930208857e-05,1.1065778225310142e-05,6.9788582444478288e-06,3.8262217748488256e-06,9.4141699056917718e-06,0.0
Tavarres King,WR,NYG,2.5010726466514228,4500.0,0.99991512816245343,3.3071176742506172e-05,1.9098350232254442e-05,1.2372579064149906e-05,7.823203853066444e-06,4.2943528559553876e-06,8.2121747989024443e-06,0.0
TJ Jones,WR,DET,2.5010361554077738,4600.0,0.99991648778674835,3.7048090091780195e-05,1.6727850840717943e-05,1.0056826014243663e-05,6.3828004994706982e-06,3.601725329791142e-06,9.6949204756794059e-06,0.0
Griff Whalen,WR,SD,2.501024858144091,4500.0,0.99990104601295349,4.9748598478552989e-05,2.1509729826828383e-05,1.2934739441924302e-05,6.7792985406373506e-06,3.7322511579123519e-06,4.2493696012248556e-06,0.0
Duke Williams,WR,LARM,2.5010228235682987,4500.0,0.99991506172743272,3.771374216867339e-05,1.9104627024961604e-05,9.6722553656973871e-06,6.107261069510052e-06,3.3444053563662796e-06,8.9959815821577161e-06,0.0
