name,pos,team,expectation,salary,prob_0_5,prob_5_10,prob_10_15,prob_15_20,prob_20_25,prob_25_30,prob_30+
Odell Beckham Jr.,WR,NYG,15.391781441435278,8500.0,0.16547649421792654,0.25316427724908563,0.13832430077458577,0.14327759367891621,0.10408410527741847,0.046334519914044497,0.1493387088880235
Mike Evans,WR,TB,14.348979153501466,8900.0,0.11600115897978704,0.23769274039875196,0.23398724193729695,0.18414443470107333,0.1149298234070729,0.056075930032454806,0.057168670543563296
Antonio Brown,WR,PIT,14.019270783931038,8800.0,0.14022002965410765,0.22697303602354232,0.22482597293382489,0.19612085989255088,0.10851347657528707,0.044626915378836104,0.058719709541851399
Dez Bryant,WR,DAL,13.680912902780493,7800.0,0.14162865205551536,0.23978086650143857,0.246732303177397,0.15294736857446686,0.12126986484073514,0.050433732609591095,0.047207212240856791
Jordy Nelson,WR,GB,13.548968872951068,7100.0,0.13118352864155325,0.26029337829321925,0.24938804224186142,0.14801538363182051,0.11565813784649621,0.050969554140665001,0.044491975204384665
Julio Jones,WR,ATL,12.474147727628647,8300.0,0.19576608255764075,0.25332955395861784,0.20719539262672909,0.17889497279783506,0.088372792886835069,0.039956478164944881,0.036484727007397452
Davante Adams,WR,GB,12.436526217252956,6400.0,0.20841891464246329,0.23148457435461045,0.23785607712378454,0.14157883460549281,0.10711324918692905,0.034096840852978046,0.0394515092337425
Doug Baldwin,WR,SEA,12.028930649955472,7000.0,0.17719302395150838,0.28870941004179063,0.24010992783946003,0.13832732075291071,0.095346524280308292,0.034367233653818934,0.025946559480203597
T.Y. Hilton,WR,IND,12.001798822446615,7600.0,0.2120098066085985,0.28202858513111317,0.21874571301402373,0.11624647124199505,0.084903475684103086,0.04462815147554574,0.041437796844620935
Kelvin Benjamin,WR,CAR,11.551479542976349,6800.0,0.22026980858063297,0.26297014667731811,0.24011232278748693,0.13561481701608402,0.082716843928300851,0.033110071323091711,0.025205989687086625
Michael Thomas,WR,NO,11.27981088706591,6600.0,0.23474038052492197,0.26411580086478997,0.23106856644625948,0.1364354890270183,0.079322018594353338,0.033300424886577765,0.021017319656079385
Brandin Cooks,WR,NO,11.270011055274606,6300.0,0.24634917360605271,0.25710231179958304,0.22156831519004988,0.13570450351844635,0.087397440780954044,0.026765775323906092,0.025112479781008078
Demaryius Thomas,WR,DEN,11.228236146184315,6900.0,0.22621609461527825,0.27466300742461136,0.24753911174842122,0.12047762442097765,0.077541028309488072,0.029234237208953417,0.02432889627227023
Jamison Crowder,WR,WAS,11.007369609870766,6400.0,0.22986691296620251,0.28023163490019465,0.24957450802911338,0.11941071280605348,0.072931889575299905,0.026509764602676025,0.021474577120460282
Willie Snead,WR,NO,10.963017122299359,6100.0,0.25059208775154795,0.26164427227982107,0.23063952989292114,0.13941119043955733,0.068108219836793188,0.028944604644983149,0.020660095154376584
Cole Beasley,WR,DAL,10.9051763524257,6300.0,0.25539325319564188,0.2751620639417241,0.21361327761436716,0.12580152043646983,0.078583107598684032,0.031662928183131954,0.019783849029980993
Larry Fitzgerald,WR,ARI,10.690001804015324,6800.0,0.27964096074583616,0.25541912431421343,0.22856417702567364,0.10794790778311288,0.076723549710924988,0.02757524165805925,0.024129038762179835
Allen Robinson,WR,JAC,10.440860898319588,6600.0,0.25299110098838673,0.32124550730544932,0.20087757262699216,0.11570899164785105,0.060914283960339044,0.026212744161206978,0.022049799309775374
Randall Cobb,WR,GB,10.37870466356177,6000.0,0.28909830912443524,0.27638528074638946,0.20503085103894342,0.10598318796839931,0.075779137105096941,0.027982122364196851,0.019741111652539601
Brandon Marshall,WR,NYJ,10.376046614963119,7200.0,0.27499299430457563,0.29621630761046502,0.20153931191806546,0.11801736382865306,0.060085998448493869,0.025295899344843574,0.023852124544903801
Jarvis Landry,WR,MIA,10.345358990581699,6100.0,0.29088355605685029,0.26690051520159302,0.21281999438799196,0.1131710423144501,0.069617764351653927,0.029599480119801014,0.01700764756766027
DeAndre Hopkins,WR,HOU,10.340751643855787,7100.0,0.28515582238191906,0.28007628581748872,0.20754924174493322,0.11738191324597362,0.062696937410880213,0.024244417339919173,0.022895382058886776
Emmanuel Sanders,WR,DEN,10.318765596113451,5900.0,0.27621537344741404,0.29288301479976897,0.21182147472323945,0.11163251260483699,0.058323520437405768,0.026847427003581968,0.022276676983753563
Stefon Diggs,WR,MIN,10.311423868658238,6600.0,0.25746705033208067,0.30751493498107424,0.21972187399243806,0.11311781093093334,0.061120381173960119,0.023590355036520641,0.017467593552992884
DeVante Parker,WR,MIA,10.065858871661916,6700.0,0.30299229850769716,0.26893161537225574,0.21078613623812603,0.10848262681005021,0.07070820468725611,0.022171388130198342,0.015927730254416694
Kenny Britt,WR,LARM,10.049556417213724,6900.0,0.29400273640199542,0.28910879040776777,0.19996172237901416,0.1151524729330107,0.058472468022125426,0.026620004450101868,0.01668180540598542
Tyrell Williams,WR,SD,10.045759428346408,6800.0,0.28895734607163204,0.27567087499898002,0.22098513227163588,0.12571982918725277,0.05127677512221715,0.022527411458290309,0.014862630889992413
Adam Thielen,WR,MIN,9.7632108974469887,6000.0,0.2941300683225852,0.30102144688583382,0.20987968852690189,0.10331546383085347,0.053768126592091459,0.026274253521625685,0.011610952320108526
Donte Moncrief,WR,IND,9.6986262251563033,6400.0,0.31902491900613922,0.28371972370308152,0.20193185153920037,0.10184483251838654,0.048615075607826831,0.026310910867710542,0.018552686757655191
Golden Tate,WR,DET,9.6751029428043882,6300.0,0.30935957762912208,0.29235825597918608,0.20483416538955718,0.10639912938945537,0.04555731399158626,0.025418511246158973,0.016073046374934032
DeSean Jackson,WR,WAS,9.3428840561772137,5800.0,0.34578045487234554,0.26502882945188799,0.19590307301272455,0.11255255711058078,0.049755055842219051,0.017537501372727381,0.01344252833751536
Pierre Garcon,WR,WAS,9.2807427497901216,5400.0,0.32565674084962448,0.29329646349595656,0.20684267354054345,0.097690241000780539,0.046148987119756818,0.017247828704724699,0.013117065288613595
Mohamed Sanu,WR,ATL,9.1231720787896737,5600.0,0.33748970949300283,0.29307912873790692,0.20323086665826462,0.089270784954038465,0.043697517191031605,0.02234454946676951,0.010887443498985995
Rishard Matthews,WR,TEN,9.0879784584601122,6200.0,0.36421070264387451,0.25510199413033691,0.20707956070762151,0.095358319013128523,0.050268793634740377,0.013793099725897999,0.014187530144400799
Sterling Shepard,WR,NYG,9.0486335425772992,5500.0,0.37430829791987902,0.25719199840122547,0.18728970988822286,0.097446634995197956,0.051499050587924186,0.020065880232392135,0.012198427975159474
Taylor Gabriel,WR,ATL,8.6440766575384504,5400.0,0.35904796064589284,0.29887874981071361,0.18681437347500068,0.096848886351764057,0.038022183301129442,0.012565706142388331,0.0078221402731112784
Jordan Matthews,WR,PHI,8.5795160644736228,5900.0,0.40099254177768767,0.25697638302184372,0.18971413367585188,0.079509020119263307,0.045188151951794452,0.012873071394617954,0.014746698058941425
Cameron Meredith,WR,CHI,8.40166053877007,5400.0,0.40586091512097849,0.26574865995459945,0.17462186494840434,0.087800496953486726,0.04219706787591939,0.014241008609672907,0.0095299865369390026
Dontrelle Inman,WR,SD,8.193785467744318,5500.0,0.40379683438004332,0.28976771247628419,0.1666423729670326,0.085277385657042556,0.030535775769776216,0.012093397857034269,0.011886520892786252
Tyler Boyd,WR,CIN,8.1572202290744489,5700.0,0.40791612126928622,0.27539074546757947,0.18003985869121475,0.083827986232642079,0.031962149063672549,0.012646251519446422,0.0082168877561587961
Kenny Stills,WR,MIA,8.1075131925315596,5300.0,0.43973321206604604,0.24692783497851287,0.16743794851000046,0.079262983408161028,0.044498282005201166,0.013327650297334296,0.0088120887347444103
Marqise Lee,WR,JAC,7.9488134811237119,5400.0,0.42734348309851822,0.27449414919588921,0.16511091399729694,0.077829301106648166,0.035607139835848491,0.012244884404516871,0.0073701283612825031
Brandon LaFell,WR,CIN,7.9470931996797924,5800.0,0.43531365323369187,0.2814112522248825,0.15611623503616437,0.07052100439073819,0.025705620143939095,0.013113402278682264,0.01781883269190225
A.J. Green,WR,CIN,7.7926506043448374,7500.0,0.54603763309716635,0.18844732841237205,0.10361608423110423,0.071370655541694139,0.046123862488173149,0.01625708538338267,0.028147350846107481
Ted Ginn Jr.,WR,CAR,7.3657546154252218,4700.0,0.5469581967089463,0.21347679185567695,0.11444497202311051,0.052409852595925101,0.033429962462651973,0.01032445250281145,0.028955771850877856
Cordarrelle Patterson,WR,MIN,7.2440542841028144,4900.0,0.48813557039613947,0.26729233004245168,0.14317922134208699,0.051699552911566748,0.02953169104157503,0.0060773076914891746,0.014084326574690905
Adam Humphries,WR,TB,7.059305940056916,4800.0,0.49802093302535555,0.26306514476216214,0.13754232418232562,0.062474962330344747,0.022395747120072352,0.0070348375700430062,0.0094660510096970761
Eli Rogers,WR,PIT,7.0169389100692623,5000.0,0.52976732232157175,0.22741589274312365,0.13466887238498396,0.059458896530882016,0.030494223168286743,0.0079903941983448263,0.010204398652806774
Sammy Watkins,WR,BUF,6.9402108659771677,6000.0,0.53796277557282357,0.22448013440064354,0.13187410251197124,0.058538131201502482,0.028579918360730899,0.0071948866444775826,0.011370051307850598
J.J. Nelson,WR,ARI,6.9064216011069828,4900.0,0.51751860618671708,0.2513898027476717,0.1315320668471272,0.058164190748980958,0.025745250175821421,0.0082458203864595302,0.0074042629072221689
Tyler Lockett,WR,SEA,6.8881320533415407,5100.0,0.52295366420152445,0.24222485689914805,0.13489890344704542,0.0620059361908138,0.021249843049604297,0.0091650728486037305,0.0075017233632602969
Jeremy Kerley,WR,SF,6.8672156704160088,5100.0,0.55253472408115967,0.21802039086439129,0.12139350437288617,0.059405560995844854,0.026647031266281471,0.010107465537307542,0.011891322882129206
Anquan Boldin,WR,DET,6.8546531240333941,5200.0,0.53334134823148793,0.24040118424257578,0.12722198276373625,0.056730628535773681,0.021185562588793328,0.01074937971364898,0.010369913923983327
Quincy Enunwa,WR,NYJ,6.7293275359115095,4800.0,0.55815336093306056,0.22646096655612311,0.10894857424610001,0.064657753348652286,0.021645385733086112,0.006612097022456717,0.013521862160522065
Devin Funchess,WR,CAR,6.7028225126509451,4600.0,0.53921250279971833,0.24869747855207347,0.11862909895825725,0.058217721939219563,0.016137077927726437,0.0058549535443267213,0.013251166278677454
Corey Coleman,WR,CLE,6.5264421952641918,5600.0,0.55533527926136672,0.23722182245941886,0.1254488452667529,0.044410054226047345,0.019998770461495095,0.0069068683841241431,0.010678359940795423
Marquise Goodwin,WR,BUF,6.4805277264441923,5400.0,0.57594507002636675,0.21880671780687602,0.10763451523225891,0.058333586859350715,0.022433767296001227,0.0081381738727131121,0.0087081689064340724
Tajae Sharpe,WR,TEN,6.4772699158658105,5300.0,0.57897242194346543,0.20802234407508205,0.12287124133345856,0.05349382421980424,0.018855537834238129,0.0065430442839255146,0.011241586310026159
Justin Hunter,WR,BUF,6.4425056276035466,5300.0,0.57266337936420619,0.22617102754020951,0.11014321773885227,0.05361909156902897,0.018737568970746851,0.010060689598331229,0.0086050252186253458
Robby Anderson,WR,NYJ,6.3356229204513959,4700.0,0.56445557635385568,0.25239167045260275,0.10221519182514113,0.049191413707888022,0.014131064723637166,0.0055293394136715903,0.012085743523203584
Jermaine Kearse,WR,SEA,6.3345521203536022,4500.0,0.57242437237684118,0.23804844372253914,0.10762571825140589,0.050334456661005438,0.013468902720466287,0.0059374185065586803,0.012160687761183746
John Brown,WR,ARI,6.3097425685425534,5200.0,0.60794082315684783,0.20111263419889241,0.094559597307667276,0.049553244396814168,0.02916317500354855,0.0056361112638934133,0.012034414672335457
Terrance Williams,WR,DAL,6.1638644330682144,4600.0,0.60601541601709508,0.20991361979076809,0.10379819771259584,0.047681073301743114,0.013158808303868116,0.0044862222690416273,0.014946662604888175
Marquess Wilson,WR,CHI,6.136051728941271,5400.0,0.63060959727547994,0.17350115490253981,0.10354391788137528,0.0522734532154173,0.024248916787449216,0.0066959408455898751,0.0091270190921485875
Travis Benjamin,WR,SD,6.0379497793815569,5100.0,0.61107997567294758,0.21253260351165063,0.10189752456773213,0.039377769203202351,0.016720270102620328,0.008866103275268173,0.0095257536665795204
Dorial Green-Beckham,WR,PHI,5.9966846398864,4900.0,0.60116786067632422,0.22875274246765664,0.10248113644277144,0.039727157246475867,0.0098868157422304006,0.0066697935625251795,0.011314493862016243
Charles Johnson,WR,MIN,5.9850342025727583,4500.0,0.63479968078150861,0.20735686491121202,0.089519110180415473,0.031651614817829736,0.0071728768527511751,0.0031890917252123622,0.026310760731069728
Michael Floyd,WR,ARI,5.9475300457840428,4700.0,0.61704226773303117,0.20601012993295828,0.10514121097420381,0.044561055531701706,0.012598293951545048,0.0040457715489917653,0.010601270327568949
Tavon Austin,WR,LARM,5.9411158456344095,4900.0,0.62898074651435321,0.20609146983246543,0.091353890406857569,0.038494688113564532,0.015058170442638663,0.0042863687442181208,0.015734665945901935
Brian Quick,WR,LARM,5.7073081419731118,4500.0,0.63969528929177866,0.20920564587968782,0.087319435551400135,0.036725792539968861,0.0083641768777664108,0.0049998418699552039,0.013689817989443933
Allen Hurns,WR,JAC,5.6141462206478971,4800.0,0.66346111811472508,0.18295125167694018,0.088226035243449505,0.037365002579215913,0.0093899026248799883,0.0047814531443754801,0.013825236616414594
Brandon Coleman,WR,NO,5.6011109167976665,4500.0,0.65508706093338309,0.18985753904640512,0.094247907333435368,0.033642581498115144,0.0087437044555451291,0.0091810509570155741,0.0092401557761005396
Nelson Agholor,WR,PHI,5.5632814894797269,4800.0,0.66956320882105236,0.17546520362191922,0.093275368483978965,0.032953899729269834,0.011257993218775953,0.004600956379583296,0.012883369745421222
Terrelle Pryor Sr.,WR,CLE,5.5168050101050339,6700.0,0.75527095129202804,0.1063534922340157,0.064969868995354257,0.021315177533418016,0.01112805687583286,0.005097288838726924,0.035865164230624934
Andre Roberts,WR,DET,5.4642410931918901,4500.0,0.66965977839948099,0.19221007392929226,0.078092928234382297,0.034947458997354477,0.0073344612145807148,0.0034249190479806123,0.014330380176928031
Marvin Jones Jr.,WR,DET,5.432616936907845,5900.0,0.76047429594736038,0.10699024646598911,0.062568616646021855,0.019517401960140023,0.010418139413414344,0.0040215353976856055,0.036009764169389294
Kendall Wright,WR,TEN,5.3806671569451785,4800.0,0.70029426028837671,0.14577022488083091,0.099674913012014713,0.028289447425872149,0.0069410838096325136,0.0035431705488255523,0.015486900034446419
Phillip Dorsett,WR,IND,5.3723483797532356,4600.0,0.68444124037307841,0.17619242152790859,0.083068656905902954,0.031618738749421067,0.0068322635039059672,0.0040324951743624521,0.013814183765420488
Freddie Martino,WR,TB,5.2543727080348637,4500.0,0.69322062869989021,0.17151029325439843,0.08045167950435296,0.031967705961690553,0.0077380874661917287,0.0044133410957204362,0.01069826401775794
Robert Woods,WR,BUF,5.2525882751258539,5000.0,0.70119212125499608,0.15812413388776411,0.090578774930416703,0.025975844228867381,0.0072010832943838121,0.0036854468071849502,0.013242595596386367
Victor Cruz,WR,NYG,5.187651290970436,4600.0,0.7090503440494621,0.16173353435405785,0.075818725683955271,0.029460577135584361,0.0062528241926038319,0.0027864803354892441,0.014897514248846829
Russell Shepard,WR,TB,5.1410871423358033,4500.0,0.7038854473171271,0.17027929256634552,0.073531106792158435,0.030347856979317168,0.0071054351566259112,0.0034133246484812649,0.011437536539944157
Will Fuller V,WR,HOU,5.1061353513567447,5400.0,0.78710590770987265,0.099994689203455542,0.052635671687635506,0.016235874971407188,0.0065166074995920715,0.0017574235014735965,0.035753825426563732
Bryan Walters,WR,JAC,5.0947507108253456,4500.0,0.71589989520629638,0.17472102149952337,0.057476192228389372,0.027778398544622596,0.0033202204112924485,0.0017114065229785192,0.019092865586897902
Andrew Hawkins,WR,CLE,5.0445005585332465,4500.0,0.77722570356341947,0.1131502999821789,0.05980995209477475,0.011447007417917829,0.0020675106766875318,0.0016187187654766884,0.034680807499543755
Roger Lewis,WR,NYG,5.0283539140732731,4500.0,0.7276666765478329,0.16208090108904077,0.061816228405953209,0.022441477698798274,0.0052524085347187268,0.0021344283502204879,0.018607879373436175
Torrey Smith,WR,SF,4.9870886685960638,4700.0,0.75186780433198619,0.12804026261258433,0.067803987036293575,0.023185055358931558,0.008083120394934154,0.0031644382311646394,0.017855332034105654
Justin Hardy,WR,ATL,4.9420503164019118,4600.0,0.74001945366981026,0.14467288775738107,0.067998789145057414,0.023980953075626726,0.0055316374778148292,0.0013370830588463262,0.016459195815463849
Quinton Patton,WR,SF,4.9037397080916456,4500.0,0.7434068426598025,0.13718554587201987,0.072036057118679969,0.026756475532510589,0.0043520650372042566,0.002597996537326112,0.013665017242456879
Eddie Royal,WR,CHI,4.8882294987746846,5000.0,0.77448652346575209,0.11222566816168394,0.06262929043363398,0.019694841494725657,0.0046808083419808142,0.0056564998603787888,0.020626368241844759
Cobi Hamilton,WR,PIT,4.873300768280779,4500.0,0.73828335771054554,0.14669865928327847,0.070293507228818233,0.022930520744405675,0.0080524307703678747,0.0019644754041698545,0.011777048858415774
James Wright,WR,CIN,4.8601303149813626,4500.0,0.73358585043287428,0.16092740881297779,0.058802595200300116,0.026989778375679646,0.0053713086194881344,0.0013739909691475717,0.012949067589533063
Darrius Heyward-Bey,WR,PIT,4.8452891216706178,4500.0,0.84937979320479573,0.055708095063899614,0.0384058714979831,0.0083211403483438515,0.00049556576301563245,0.00025977974372959741,0.047429754378233144
Jake Lampman,WR,NO,4.8399882286328646,4500.0,0.84610262839327566,0.052948838168887166,0.043847593112394778,0.01150951186466395,0.0012750233118710619,0.00022109398432229314,0.044095311164585899
Brice Butler,WR,DAL,4.753620553827294,4500.0,0.75824716847358287,0.13167445098041108,0.065014688582945346,0.023578651169695194,0.0060905584859576156,0.004094693221273352,0.01129978908613445
Jalin Marshall,WR,NYJ,4.7401106607564625,4500.0,0.80987072306290442,0.092568730370419766,0.054007035412924245,0.0089130662790958583,0.001045732541553965,0.0012322854757578249,0.03236242685734337
Paul Turner,WR,PHI,4.7371497066057175,4500.0,0.76236667924760015,0.13183307192365262,0.059684736226962562,0.025291684179550671,0.0050411291450455503,0.0015998116513296385,0.014182887625858944
Trevor Davis,WR,GB,4.7251349052296279,4500.0,0.84394659009961059,0.061975942684001598,0.040831266577691989,0.0093376952348702726,0.0043910646842751297,0.00070146927483306747,0.03881597144471742
Joshua Bellamy,WR,CHI,4.7224810494092129,4900.0,0.85218138492069517,0.054545821552821804,0.036627179738454529,0.011756020506533297,0.0038616792268702889,0.00046679395335423384,0.040561120101270678
Maurice Harris,WR,WAS,4.6837293260469153,4500.0,0.76442242546047212,0.14689349357307233,0.050913411173092553,0.013945797654725936,0.0024646616094590574,0.0016745723676947712,0.019685638161482749
TJ Jones,WR,DET,4.6807591705283755,4600.0,0.85943218475248506,0.051523007219680929,0.032926113816724403,0.011206388384491988,0.0024859368716447154,0.00037180772988834176,0.042054561225084428
Deonte Thompson,WR,CHI,4.6801750503820951,4500.0,0.76636145552371338,0.12933936354131328,0.058413046850495975,0.025456351489930376,0.0070467363066417932,0.0011174984890856066,0.012265547798819639
Percy Harvin,WR,BUF,4.6745007850974263,4900.0,0.84120236173390051,0.063362543780179373,0.044356398861089552,0.012914462822075956,0.0009645393356661001,0.0010498252185607564,0.036149868248527783
Cody Core,WR,CIN,4.6646229506164731,4500.0,0.77485831590351251,0.12730602824573772,0.050192728465176854,0.024692495118965818,0.0064029353435031168,0.0013432345225867497,0.01520426240051689
Hunter Sharp,WR,PHI,4.6488459637947201,4500.0,0.85969417469932297,0.051992242940769796,0.03510573168674111,0.010522737352391363,0.0004497889555970015,0.00022099320568689739,0.042014331159491561
Chris Givens,WR,PHI,4.6488459637947201,4500.0,0.85969417469932297,0.051992242940769796,0.03510573168674111,0.010522737352391363,0.0004497889555970015,0.00022099320568689739,0.042014331159491561
Cayleb Jones,WR,PHI,4.6488459637947201,4500.0,0.85969417469932297,0.051992242940769796,0.03510573168674111,0.010522737352391363,0.0004497889555970015,0.00022099320568689739,0.042014331159491561
Xavier Rush,WR,PHI,4.6488459637947201,4500.0,0.85969417469932297,0.051992242940769796,0.03510573168674111,0.010522737352391363,0.0004497889555970015,0.00022099320568689739,0.042014331159491561
Kenbrell Thompkins,WR,NYJ,4.6474239056483935,4500.0,0.86017773822473065,0.051367065773960371,0.035228737927547417,0.010526542927093412,0.0004497889555970015,0.00022957689667402184,0.042020549294397684
Jeremy Ross,WR,NYJ,4.6474239056483935,4500.0,0.86017773822473065,0.051367065773960371,0.035228737927547417,0.010526542927093412,0.0004497889555970015,0.00022957689667402184,0.042020549294397684
Devin Smith,WR,NYJ,4.6474239056483935,4500.0,0.86017773822473065,0.051367065773960371,0.035228737927547417,0.010526542927093412,0.0004497889555970015,0.00022957689667402184,0.042020549294397684
Daniel Braverman,WR,CHI,4.6372315945817606,4500.0,0.86208976116140112,0.051025867705695768,0.033427612471228961,0.010454560819020983,0.00038451076890591438,0.00023431016256497431,0.042383376911182581
Kevin White,WR,CHI,4.6372315945817606,4500.0,0.86208976116140112,0.051025867705695768,0.033427612471228961,0.010454560819020983,0.00038451076890591438,0.00023431016256497431,0.042383376911182581
Kieran Duncan,WR,CHI,4.6372315945817606,4500.0,0.86208976116140112,0.051025867705695768,0.033427612471228961,0.010454560819020983,0.00038451076890591438,0.00023431016256497431,0.042383376911182581
Aaron Dobson,WR,DET,4.6363264836054423,4500.0,0.86216760127051373,0.050944144559154581,0.03342519032113183,0.010499908078805392,0.00037963078231767732,0.00022692551234523595,0.042356599475731851
Quinshad Davis,WR,DET,4.6363264836054423,4500.0,0.86216760127051373,0.050944144559154581,0.03342519032113183,0.010499908078805392,0.00037963078231767732,0.00022692551234523595,0.042356599475731851
Rashad Ross,WR,WAS,4.6333731865417214,4500.0,0.86354184867512851,0.049413474431397181,0.034755936892922633,0.0087777082765396492,0.00040306092725632593,0.00026525975096888501,0.042842711045786651
Brandon Tate,WR,BUF,4.6223804337289609,4500.0,0.75872049912152517,0.14161951192124234,0.059854874679160341,0.023264755336594351,0.0045457958634596146,0.0018635226696730545,0.010131040408344999
Jared Dangerfield,WR,NO,4.617810699632142,4500.0,0.86019239992042018,0.051764826590152677,0.03607983704511563,0.010496459920146492,0.00042093924517648784,0.00022099320568689739,0.040824544073302195
Kyle Prater,WR,NO,4.617810699632142,4500.0,0.86019239992042018,0.051764826590152677,0.03607983704511563,0.010496459920146492,0.00042093924517648784,0.00022099320568689739,0.040824544073302195
Vincent Brown,WR,NO,4.617810699632142,4500.0,0.86019239992042018,0.051764826590152677,0.03607983704511563,0.010496459920146492,0.00042093924517648784,0.00022099320568689739,0.040824544073302195
Jordan Payton,WR,CLE,4.6136922476836384,4500.0,0.86151360302037205,0.053755932716875648,0.032744977221521525,0.0091962906447187239,0.00046967382759248368,0.00070126771046461346,0.041618254858455314
DeVier Posey,WR,DEN,4.6021412257549814,4500.0,0.86336359091983683,0.050825383311347776,0.033373869954270843,0.01048483589689201,0.00037963078231767732,0.00022692551234523595,0.041345763622989813
Bralon Addison,WR,DEN,4.6021412257549814,4500.0,0.86336359091983683,0.050825383311347776,0.033373869954270843,0.01048483589689201,0.00037963078231767732,0.00022692551234523595,0.041345763622989813
Marlon Brown,WR,DEN,4.6021412257549814,4500.0,0.86336359091983683,0.050825383311347776,0.033373869954270843,0.01048483589689201,0.00037963078231767732,0.00022692551234523595,0.041345763622989813
Durron Neal,WR,DEN,4.6021412257549814,4500.0,0.86336359091983683,0.050825383311347776,0.033373869954270843,0.01048483589689201,0.00037963078231767732,0.00022692551234523595,0.041345763622989813
Marcus Easley,WR,BUF,4.6001811357835827,4500.0,0.86354430177150454,0.050696457712370697,0.033356056779188868,0.010480714421591177,0.00038198372349414802,0.00023705241320890364,0.041303433178642011
Walt Powell,WR,BUF,4.6001811357835827,4500.0,0.86354430177150454,0.050696457712370697,0.033356056779188868,0.010480714421591177,0.00038198372349414802,0.00023705241320890364,0.041303433178642011
Kolby Listenbee,WR,BUF,4.6001811357835827,4500.0,0.86354430177150454,0.050696457712370697,0.033356056779188868,0.010480714421591177,0.00038198372349414802,0.00023705241320890364,0.041303433178642011
Greg Salas,WR,BUF,4.6001811357835827,4500.0,0.86354430177150454,0.050696457712370697,0.033356056779188868,0.010480714421591177,0.00038198372349414802,0.00023705241320890364,0.041303433178642011
Donteea Dye,WR,TB,4.5962101379407274,4500.0,0.86435747146328257,0.049906331553680842,0.033323332195700342,0.010483499632522906,0.00037963078231767732,0.00023550920333236043,0.041314225169163492
Vincent Jackson,WR,TB,4.5962101379407274,4500.0,0.86435747146328257,0.049906331553680842,0.033323332195700342,0.010483499632522906,0.00037963078231767732,0.00023550920333236043,0.041314225169163492
Cecil Shorts III,WR,TB,4.5962101379407274,4500.0,0.86435747146328257,0.049906331553680842,0.033323332195700342,0.010483499632522906,0.00037963078231767732,0.00023550920333236043,0.041314225169163492
Deshon Foxx,WR,SEA,4.5951030586840007,4500.0,0.86399167138550192,0.050499468908923678,0.033175385055120105,0.010485585748071463,0.00038198372349414802,0.00022846872222177916,0.04123743645666713
Kevin Smith,WR,SEA,4.5951030586840007,4500.0,0.86399167138550192,0.050499468908923678,0.033175385055120105,0.010485585748071463,0.00038198372349414802,0.00022846872222177916,0.04123743645666713
Paul Richardson,WR,SEA,4.5949217570984562,4500.0,0.7836914202491837,0.11982688104929708,0.053600244242661015,0.02005278794420955,0.0053582106390702468,0.0021281251300620729,0.015342330745515742
Duke Williams,WR,LARM,4.5920377338280973,4500.0,0.864264590453798,0.050858823639684365,0.032463632645305177,0.010509422481096714,0.00037426192698280825,0.00022940324084189291,0.041299865612291327
Paul McRoberts,WR,LARM,4.5920377338280973,4500.0,0.864264590453798,0.050858823639684365,0.032463632645305177,0.010509422481096714,0.00037426192698280825,0.00022940324084189291,0.041299865612291327
Nelson Spruce,WR,LARM,4.5920377338280973,4500.0,0.864264590453798,0.050858823639684365,0.032463632645305177,0.010509422481096714,0.00037426192698280825,0.00022940324084189291,0.041299865612291327
Dwayne Bowe,WR,CLE,4.5914625557640871,4500.0,0.86431356714459007,0.050861058730738699,0.032423602971038329,0.010501226939653418,0.00037220608808486409,0.0002283043397429918,0.041300033786151887
Rannell Hall,WR,CLE,4.5914625557640871,4500.0,0.86431356714459007,0.050861058730738699,0.032423602971038329,0.010501226939653418,0.00037220608808486409,0.0002283043397429918,0.041300033786151887
Josh Boyce,WR,CLE,4.5914625557640871,4500.0,0.86431356714459007,0.050861058730738699,0.032423602971038329,0.010501226939653418,0.00037220608808486409,0.0002283043397429918,0.041300033786151887
Levi Norwood,WR,PIT,4.5897984342382943,4500.0,0.86040462660138783,0.053282900715135001,0.035130383592425547,0.010535456964501115,0.00042635650695979735,0.00021837966734137643,0.040001895952249719
Markus Wheaton,WR,PIT,4.5897984342382943,4500.0,0.86040462660138783,0.053282900715135001,0.035130383592425547,0.010535456964501115,0.00042635650695979735,0.00021837966734137643,0.040001895952249719
Canaan Severin,WR,PIT,4.5897984342382943,4500.0,0.86040462660138783,0.053282900715135001,0.035130383592425547,0.010535456964501115,0.00042635650695979735,0.00021837966734137643,0.040001895952249719
Chris Brown,WR,DAL,4.5783460921165799,4500.0,0.86310246073250418,0.051309789407335403,0.034229314759067,0.010469617528331992,0.0003770656907072627,0.00022846872222177916,0.040283283159832699
Rashad Greene Sr.,WR,JAC,4.5765994902548606,4500.0,0.86155164904695125,0.054173513984042194,0.033056496560947821,0.010470212493185256,0.00036425888702772244,0.00021962050908738235,0.04016424851875855
Tony Washington,WR,JAC,4.5765994902548606,4500.0,0.86155164904695125,0.054173513984042194,0.033056496560947821,0.010470212493185256,0.00036425888702772244,0.00021962050908738235,0.04016424851875855
Mekale McKay,WR,JAC,4.5765994902548606,4500.0,0.86155164904695125,0.054173513984042194,0.033056496560947821,0.010470212493185256,0.00036425888702772244,0.00021962050908738235,0.04016424851875855
Kadron Boone,WR,NYG,4.5749555207629111,4500.0,0.86317695379335302,0.051421792341873628,0.034124414046797093,0.010482447313535677,0.00038093632662171195,0.00022537912386956497,0.040188077053949611
Tevin Jones,WR,HOU,4.5682491775677949,4500.0,0.86407942407326965,0.051316058137347596,0.033247621434491122,0.0104818091743436,0.00038198372349414802,0.00022666692041997736,0.040266436536634094
Tavarres King,WR,NYG,4.5677098479187013,4500.0,0.8651238340462859,0.050704466826149715,0.034168193786294446,0.0082977345857278163,0.00045344915481379262,0.00023065039744677324,0.041021671203281429
Keshawn Martin,WR,SF,4.567069193352566,4500.0,0.86456689785021013,0.050678832467021637,0.033369793222722086,0.010485899945669518,0.00038006060212022574,0.00023525061140710181,0.040283265300849587
Mose Frazier,WR,SF,4.567069193352566,4500.0,0.86456689785021013,0.050678832467021637,0.033369793222722086,0.010485899945669518,0.00038006060212022574,0.00023525061140710181,0.040283265300849587
Rashawn Scott,WR,MIA,4.5587201922121565,4500.0,0.86507796448119412,0.051286774270738626,0.032253750276536763,0.010499421710200362,0.00038034095433843142,0.00022081954985476843,0.040280928757137006
Tyler Murphy,WR,MIA,4.5587201922121565,4500.0,0.86507796448119412,0.051286774270738626,0.032253750276536763,0.010499421710200362,0.00038034095433843142,0.00022081954985476843,0.040280928757137006
Isaac Fruechte,WR,MIN,4.5585467908505608,4500.0,0.8653607582050632,0.050841806660104745,0.032401286920120044,0.010494350299183332,0.00037426192698280825,0.00022940324084189291,0.040298132747704073
Daniel Anthrop,WR,IND,4.5555422806818502,4500.0,0.8657313849477134,0.050586297223725464,0.032292903579650735,0.010511515941438216,0.00038324615738584135,0.00023094645071843612,0.040263705699368116
Joshua Stangby,WR,IND,4.5555422806818502,4500.0,0.8657313849477134,0.050586297223725464,0.032292903579650735,0.010511515941438216,0.00038324615738584135,0.00023094645071843612,0.040263705699368116
Brian Tyms,WR,IND,4.5555422806818502,4500.0,0.8657313849477134,0.050586297223725464,0.032292903579650735,0.010511515941438216,0.00038324615738584135,0.00023094645071843612,0.040263705699368116
Tevaun Smith,WR,IND,4.5555422806818502,4500.0,0.8657313849477134,0.050586297223725464,0.032292903579650735,0.010511515941438216,0.00038324615738584135,0.00023094645071843612,0.040263705699368116
Marcus Leak,WR,IND,4.5555422806818502,4500.0,0.8657313849477134,0.050586297223725464,0.032292903579650735,0.010511515941438216,0.00038324615738584135,0.00023094645071843612,0.040263705699368116
Quan Bray,WR,IND,4.5555422806818502,4500.0,0.8657313849477134,0.050586297223725464,0.032292903579650735,0.010511515941438216,0.00038324615738584135,0.00023094645071843612,0.040263705699368116
Jaron Brown,WR,ARI,4.5542686609798873,4500.0,0.86576207045921083,0.050592440952976762,0.032301714489281215,0.010511060722725833,0.00037661486815927878,0.00023094645071843612,0.040225152056927886
Keyarris Garrett,WR,CAR,4.5542686609798873,4500.0,0.86576207045921083,0.050592440952976762,0.032301714489281215,0.010511060722725833,0.00037661486815927878,0.00023094645071843612,0.040225152056927886
Damiere Byrd,WR,CAR,4.5542686609798873,4500.0,0.86576207045921083,0.050592440952976762,0.032301714489281215,0.010511060722725833,0.00037661486815927878,0.00023094645071843612,0.040225152056927886
Braxton Miller,WR,HOU,4.5454952791478034,4600.0,0.77571421442774324,0.13003238744741843,0.059692621420800153,0.014048758858541469,0.0046850819259294978,0.0027201748106525461,0.013106761108913435
Josh Doctson,WR,WAS,4.5430714819898039,4500.0,0.86436265417227376,0.050713994633446738,0.034733494460645276,0.010437296328809601,0.00037346398566336379,0.00022437254027077034,0.039154723878890366
Devin Street,WR,IND,4.5263676907576755,4500.0,0.86110248575769777,0.061079295991735665,0.02639699590455236,0.011524947250839539,0.00088031234466298821,0.00019973243920383654,0.038816230311308403
Jared Abbrederis,WR,GB,4.523323572738156,4500.0,0.86715008831173512,0.049406153646597978,0.033117093563645991,0.010520877397355648,0.00037693212122152854,0.00022236275973131164,0.039206492199712555
Harry Douglas,WR,TEN,4.507893603676794,4500.0,0.81362269634790341,0.092805281329703032,0.05268648350504556,0.015114932848892452,0.0023493882405688934,0.0023865295631047049,0.021034688164782735
Jaelen Strong,WR,HOU,4.5061243864028881,4500.0,0.85884218179609229,0.056000242489924607,0.036560895398119665,0.012041463468509459,0.00051121119858859123,0.00023495194829995547,0.035809053700466269
Bennie Fowler,WR,DEN,4.4927693918294382,4500.0,0.81216425855136087,0.10085497879655142,0.042618806235042363,0.019022797643142051,0.0029234752426097687,0.0013352998360168932,0.021080383695277146
Alex Erickson,WR,CIN,4.4783001092486554,4500.0,0.78302281752133762,0.12844426105469239,0.048466520500227456,0.022116522100522847,0.0043101830566006855,0.0013104008109441261,0.012329294955675639
Rashard Higgins,WR,CLE,4.4085205843945063,4500.0,0.82603991788018893,0.088445952709208298,0.047868252776694376,0.011515128881196197,0.0011948920028183921,0.002590905608583769,0.02234495014131118
Jeff Janis,WR,GB,4.4006931556781854,4500.0,0.81040383174237651,0.099398803505262673,0.05447102684319078,0.013384214779463466,0.0041028994568647085,0.0022142813968853274,0.016024942275956459
Josh Huff,WR,TB,4.3767434619367123,4500.0,0.87293058691635539,0.05024580941633628,0.031839869287935134,0.008260046914752019,0.00059779335947064889,0.00037765431365320925,0.035748239791497126
Chris Harper,WR,SF,4.3689015996973559,4500.0,0.78969301163932148,0.12399712494799627,0.052172282483005671,0.018846971562654719,0.0036641078819948797,0.00088731722877004424,0.010739184256256865
Ryan Grant,WR,WAS,4.3538965268115506,4600.0,0.79495975256125917,0.12491657183012302,0.042045719626283215,0.020907182609534329,0.0040322000352617368,0.0016531869226909493,0.011485386414848552
Aldrick Robinson,WR,ATL,4.3458070622261049,4500.0,0.78580513085798764,0.13116064508636993,0.050223518036153346,0.018113361321640799,0.0037982025704603084,0.0018823911921637369,0.0090167509352248702
Griff Whalen,WR,SD,4.3417705603258474,4500.0,0.87080902185059128,0.051467774100700608,0.034578926252604142,0.0085237663867517317,0.0010111625833211688,0.00023215426898648027,0.033377194557044382
Jarius Wright,WR,MIN,4.3325486241438407,4500.0,0.84928601997621089,0.072929071776327709,0.040593015648677455,0.0079593334235977305,0.00046438724173589901,0.0002226967000561677,0.028545475233394992
Ricardo Louis,WR,CLE,4.3179077450746819,4500.0,0.86740501895076838,0.059514301298882459,0.033805946761504849,0.0046527456263091779,0.00049728914661817977,0.0008683851172097295,0.033256313098706976
Bryce Treggs,WR,PHI,4.3042260343741869,4500.0,0.82776937547830365,0.083678113694435396,0.056029781724124338,0.011491431838492414,0.001404943474577856,0.0017052262113810826,0.017921127578685962
Pharoh Cooper,WR,LARM,4.2705776355544547,4500.0,0.810406806127285,0.11517455811012765,0.041221825520602433,0.015171962829958642,0.0013504246207991124,0.0018693447709968885,0.014805078020230955
Jordan Taylor,WR,DEN,4.2627093815396648,4500.0,0.81142937262056158,0.11114731132689801,0.044538703353158078,0.013874594786029246,0.0032038287736651,0.003241447057329636,0.012564742082357371
Laquon Treadwell,WR,MIN,4.2089296312162299,4500.0,0.85951016209169639,0.061488538176400695,0.045876432352622225,0.0070898389075842033,0.00054969608048293132,0.00038562548398377527,0.025099706907230377
Tanner McEvoy,WR,SEA,4.1818899455793783,4500.0,0.81697138176427919,0.10156832691710291,0.051731349188255081,0.015059493342640541,0.0028186651162340867,0.0014241803568469772,0.01042660331464146
Brenton Bersin,WR,CAR,4.1552202469607691,4500.0,0.8554785910089473,0.074708812872110356,0.036594016305969139,0.0081185527386492106,0.0014454676066432504,0.00049664084956001805,0.023157918618120686
Marc Mariani,WR,TEN,4.1181632327612121,4500.0,0.88806582513361931,0.038532591278104669,0.03610894635614461,0.0079673796144950678,0.00052837494209983312,0.00020880896068438404,0.028588073714852606
Geronimo Allison,WR,GB,4.0657127085257789,4500.0,0.84589981683307813,0.077377813727825748,0.047413870078320805,0.010123706923075288,0.0049033710264884435,0.0012512374849147833,0.013030183926297628
Cody Latimer,WR,DEN,4.0033255163435379,4500.0,0.86507827286383576,0.073373657061042138,0.029969347936927241,0.0097191335614936186,0.0012705437668848445,0.00047707778800816985,0.02011196702180771
Sammie Coates,WR,PIT,3.9917914169984128,4600.0,0.85974114954457692,0.06475233597050381,0.043212973961418578,0.013590508435294345,0.0050347941401576836,0.0017161660149939276,0.011952071933055069
Dwayne Harris,WR,NYG,3.9824161672199327,4500.0,0.85370986817614358,0.081636883972744281,0.038480534426043225,0.0081577559704726823,0.00099550176390434731,0.00079763755825302011,0.016221818132439256
Rod Streater,WR,SF,3.9819333527441136,4500.0,0.85133115150096861,0.081832889707066273,0.037174722459568009,0.013475045277090564,0.001592933752937342,0.00096580492386947182,0.013627452378500266
Bradley Marquez,WR,LARM,3.9499241973814465,4500.0,0.87202696550115666,0.066066318399997534,0.032806662731885712,0.0077011458009325073,0.000647754376738757,0.0015145033517439854,0.01923664983754575
Leonte Carroo,WR,MIA,3.9486577379076229,4500.0,0.86434906575989578,0.067874996119612396,0.0367870610218771,0.01102323174327487,0.0042962952910653033,0.0025488149291432853,0.01312053513513162
Charone Peake,WR,NYJ,3.9245925428230106,4500.0,0.88130099581049393,0.063494225640489996,0.02539901299758528,0.0059219852953958435,0.00073606670871336811,0.0003627358997918022,0.022784977647529483
Keith Mumphery,WR,HOU,3.9108383650770442,4500.0,0.85554071210466376,0.081080732200449701,0.042184042916524139,0.0051926797460741603,0.00077244901580477332,0.00062665095111505832,0.014602733065368302
Lucky Whitehead,WR,DAL,3.8635659731923582,4500.0,0.86763952496224295,0.075311139171315961,0.030985220951299089,0.0059229572113469525,0.0048694278703181855,0.00072080897890034812,0.014550920854575771
Corey Brown,WR,CAR,3.8492168141714171,4500.0,0.86800974472152748,0.06863766612505949,0.04048917079833083,0.0069082489232704268,0.0012068563463146578,0.00079256806549881005,0.013955745019999646
Jordan Norwood,WR,DEN,3.8370896765898546,4500.0,0.86547802720437073,0.071576891169204265,0.040829468664959324,0.00631882911486487,0.0014917060423375939,0.0024828069485423186,0.011822270855721684
Arrelious Benn,WR,JAC,3.6288891594289652,4500.0,0.89131170652357217,0.058996377778296499,0.031458661292790915,0.0036774556192218206,0.00041901378310655181,0.00048892865850487012,0.013647856344507457
Eric Weems,WR,ATL,3.5770304661648296,4500.0,0.9029877222315229,0.048244952433324106,0.02920903801669,0.0039189955325722942,0.0017089747203631112,0.00026458775922537175,0.013665729306302405
Tommylee Lewis,WR,NO,3.5762147995052138,4500.0,0.90168647992514561,0.052184584518489119,0.024878021337647903,0.0064503607389626251,0.00071605205224769695,0.00030814466494657826,0.013776356762560931
