name,pos,team,expectation,salary,prob_0_5,prob_5_10,prob_10_15,prob_15_20,prob_20_25,prob_25_30,prob_30+,label
Jordan Reed,TE,WAS,14.822485337587452,7500.0,0.088563180511901499,0.1929325943804181,0.25767209985692119,0.099405529114082652,0.35050819993053267,0.0099991259873888436,0.00091927021875494019,4.0
Ladarius Green,TE,PIT,14.427010512626001,5800.0,0.13267669018733771,0.27953863243912419,0.12412117107962922,0.082756692638021406,0.30166505072867006,0.074920407952559498,0.0043213549746578253,4.0
David Johnson,TE,PIT,12.122709763058054,4500.0,0.31053605503959619,0.1980092026583089,0.10255377744978077,0.08672181653880652,0.25621477074440929,0.041578527826303231,0.0043858497427949981,0.0
Coby Fleener,TE,NO,10.830403595842791,5300.0,0.20448812750610243,0.3481601999926735,0.24108582110526547,0.081704985199414229,0.060830864346240375,0.044623032029885067,0.019106969820419033,1.0
Daniel Brown,TE,CHI,10.722622349178936,4500.0,0.34046570483959482,0.254096482704884,0.081192245847425307,0.1183204848210999,0.17426966214445153,0.019837890187728566,0.011817529454815972,0.0
Cameron Brate,TE,TB,9.8035971593947586,5600.0,0.28436641394708406,0.31480720263233725,0.21622061045075733,0.095059502300115575,0.045195492039038096,0.02717968520715992,0.017171093423507835,1.0
Vernon Davis,TE,WAS,9.7236588412191427,4800.0,0.3420797646656103,0.25225958260925518,0.19424862676825583,0.093705558225253296,0.085829585143333068,0.018439879983287333,0.013437002605005055,0.0
C.J. Fiedorowicz,TE,HOU,9.7064415269338529,5100.0,0.19589467880031947,0.49090925049833906,0.14540121176069248,0.06175502663888395,0.062655057305398693,0.038873143498387892,0.004511631497978506,1.0
Delanie Walker,TE,TEN,9.5915670786375333,6200.0,0.43558870378438069,0.15514421869861919,0.16268981641346705,0.059788504108099334,0.17813145489647597,0.0069161542343158522,0.0017411478646418247,0.0
Jared Cook,TE,GB,9.5466716215663929,4800.0,0.37325193230567599,0.31833283971818044,0.12399133116177287,0.049352208010875045,0.033810219810948054,0.065652152970951116,0.035609316021596768,0.0
Marcedes Lewis,TE,JAC,8.7710076499167364,4500.0,0.46546456301681172,0.14607953073144081,0.22305299073301094,0.060505655916593216,0.073763542742344507,0.011282853681309426,0.019850863178489213,0.0
Phillip Supernaw,TE,TEN,8.6698093663458149,4500.0,0.48753616941649114,0.16967156745296774,0.15479324817868051,0.050015883209711336,0.11143635425868967,0.0090955405650300896,0.017451236918429414,0.0
Jimmy Graham,TE,SEA,8.3866761493337396,6600.0,0.36551150835221319,0.32164787647646204,0.17681795131868933,0.073723813565845828,0.042687292849773469,0.011562856456219848,0.0080487009807963788,0.0
Jermaine Gresham,TE,ARI,8.3807427154489034,4500.0,0.30978989378378369,0.43495394025210943,0.12153898148990577,0.061160744268772375,0.055335962978188678,0.012428364558847976,0.0047921126683920399,1.0
Julius Thomas,TE,JAC,8.368216520459093,5100.0,0.47549854179442558,0.13449149364707033,0.25555131063563286,0.049514113688807447,0.06549549684605635,0.0059292808661411739,0.013519762521866025,0.0
Josh Hill,TE,NO,7.9763711170773846,4500.0,0.4805048878364751,0.22243754038934335,0.15612889102911234,0.063601253675177327,0.042174012614054866,0.018278736317855988,0.016874678137981162,0.0
Charles Clay,TE,BUF,7.9753803085196324,4500.0,0.44044958359942388,0.21318749396184147,0.21771022807736748,0.086245180920740128,0.032906229364355694,0.0037671300853711286,0.0057341539909001689,0.0
Zach Ertz,TE,PHI,7.7825053773590787,5700.0,0.3592369023065653,0.41416674952473598,0.10252464762633685,0.077544277727340474,0.034290834291982611,0.0080326433701987804,0.0042039451528400502,1.0
Vance McDonald,TE,SF,7.6021625763472764,4700.0,0.48989579032635933,0.18746784916697787,0.21303420004071247,0.069333208630620896,0.018094692520174767,0.011743210333343497,0.010431048981811264,0.0
Dwayne Allen,TE,IND,7.5851308928235524,4800.0,0.4029706969220877,0.31478672038016214,0.2076153256669602,0.039413304848828185,0.018493590222575261,0.0092585475481134199,0.0074618144112730996,0.0
Dion Sims,TE,MIA,7.4714795575602171,4500.0,0.45818891209802315,0.29993620252344649,0.11200103862639721,0.06645232301879124,0.052920890106599588,0.0059580108805297287,0.0045426227462125688,0.0
Khari Lee,TE,DET,7.4664741620078825,4500.0,0.56775852284406514,0.17689448789116774,0.10362334233221651,0.055376191043599116,0.063901150956755762,0.015653666114077737,0.016792638818117923,0.0
Brandon Pettigrew,TE,DET,7.4664741620078825,4500.0,0.56775852284406514,0.17689448789116774,0.10362334233221651,0.055376191043599116,0.063901150956755762,0.015653666114077737,0.016792638818117923,0.0
Andrew Quarless,TE,DET,7.4664741620078825,4500.0,0.56775852284406514,0.17689448789116774,0.10362334233221651,0.055376191043599116,0.063901150956755762,0.015653666114077737,0.016792638818117923,0.0
Orson Charles,TE,DET,7.4664741620078825,4500.0,0.56775852284406514,0.17689448789116774,0.10362334233221651,0.055376191043599116,0.063901150956755762,0.015653666114077737,0.016792638818117923,0.0
Matthew Mulligan,TE,DET,7.4664741620078825,4500.0,0.56775852284406514,0.17689448789116774,0.10362334233221651,0.055376191043599116,0.063901150956755762,0.015653666114077737,0.016792638818117923,0.0
Cole Wick,TE,DET,7.4664741620078825,4500.0,0.56775852284406514,0.17689448789116774,0.10362334233221651,0.055376191043599116,0.063901150956755762,0.015653666114077737,0.016792638818117923,0.0
John Peters,TE,CIN,7.3060798727362863,4500.0,0.58103785365667249,0.17282870772670542,0.085106487228370636,0.069765641141452783,0.065795119587746684,0.013222232463581363,0.01224395819547058,0.0
C.J. Uzomah,TE,CIN,7.3060798727362863,4500.0,0.58103785365667249,0.17282870772670542,0.085106487228370636,0.069765641141452783,0.065795119587746684,0.013222232463581363,0.01224395819547058,0.0
Tony Moeaki,TE,CHI,7.2879208517467173,4500.0,0.58035481504924091,0.18705100416977183,0.067468638102816419,0.071546808384717164,0.067763279247706407,0.011932073312263626,0.013883381733483611,0.0
Justin Perillo,TE,CHI,7.2879208517467173,4500.0,0.58035481504924091,0.18705100416977183,0.067468638102816419,0.071546808384717164,0.067763279247706407,0.011932073312263626,0.013883381733483611,0.0
Busta Anderson,TE,CHI,7.2879208517467173,4500.0,0.58035481504924091,0.18705100416977183,0.067468638102816419,0.071546808384717164,0.067763279247706407,0.011932073312263626,0.013883381733483611,0.0
Rob Housler,TE,CHI,7.2879208517467173,4500.0,0.58035481504924091,0.18705100416977183,0.067468638102816419,0.071546808384717164,0.067763279247706407,0.011932073312263626,0.013883381733483611,0.0
Ryan Griffin,TE,HOU,7.2864253754757531,4500.0,0.40397451866003864,0.40099580718474215,0.10176422555030593,0.04420934964314794,0.031491205125070677,0.013335908372297183,0.0042289854643975935,0.0
Henry Krieger-Coble,TE,DEN,7.2295100796373459,4500.0,0.58633732187557996,0.18242797801136293,0.081136636113369992,0.054114323520963896,0.064819642107973363,0.015324941810195685,0.015839156560554252,0.0
Garrett Graham,TE,DEN,7.2295100796373459,4500.0,0.58633732187557996,0.18242797801136293,0.081136636113369992,0.054114323520963896,0.064819642107973363,0.015324941810195685,0.015839156560554252,0.0
Anthony Norris,TE,DEN,7.2295100796373459,4500.0,0.58633732187557996,0.18242797801136293,0.081136636113369992,0.054114323520963896,0.064819642107973363,0.015324941810195685,0.015839156560554252,0.0
Bryce Williams,TE,LARM,7.163444766773476,4500.0,0.59107735629531755,0.17927510262867741,0.080055028758639971,0.056173702279155323,0.065674611350318143,0.012168700334197339,0.015575498353694244,0.0
Temarrick Hemingway,TE,LARM,7.163444766773476,4500.0,0.59107735629531755,0.17927510262867741,0.080055028758639971,0.056173702279155323,0.065674611350318143,0.012168700334197339,0.015575498353694244,0.0
Benson Browne,TE,LARM,7.163444766773476,4500.0,0.59107735629531755,0.17927510262867741,0.080055028758639971,0.056173702279155323,0.065674611350318143,0.012168700334197339,0.015575498353694244,0.0
Justice Cunningham,TE,LARM,7.163444766773476,4500.0,0.59107735629531755,0.17927510262867741,0.080055028758639971,0.056173702279155323,0.065674611350318143,0.012168700334197339,0.015575498353694244,0.0
Kivon Cartwright,TE,TB,7.1578617846575154,4500.0,0.59181144600198732,0.16725530860224264,0.093686370806472644,0.059901411933269963,0.060486148697857484,0.012860043068686794,0.013999270889483287,0.0
Andrew DePaola,TE,TB,7.1578617846575154,4500.0,0.59181144600198732,0.16725530860224264,0.093686370806472644,0.059901411933269963,0.060486148697857484,0.012860043068686794,0.013999270889483287,0.0
Luke Willson,TE,SEA,7.1420726942954209,4500.0,0.58306710441029541,0.14984443947081688,0.12861696107629231,0.059562199044063603,0.064966306362970891,0.005230051986358516,0.0087129376492024249,0.0
Eric Tomlinson,TE,NYJ,7.1168828246566385,4500.0,0.58662036100783255,0.19613576137766617,0.062564002344053918,0.067053397966901976,0.060811032539226421,0.011061277440087891,0.015754167324231152,0.0
Kellen Davis,TE,NYJ,7.1168828246566385,4500.0,0.58662036100783255,0.19613576137766617,0.062564002344053918,0.067053397966901976,0.060811032539226421,0.011061277440087891,0.015754167324231152,0.0
Connor Hamlett,TE,CLE,7.11114531144724,4500.0,0.58452093484660483,0.19980392289450774,0.06395969021571514,0.065949822478192477,0.057567268810900546,0.011268085744123402,0.016930275009955902,0.0
Je'Ron Hamm,TE,SF,7.0914115004018559,4500.0,0.57642226060604929,0.20528145267767361,0.077746332329558659,0.058176095176818654,0.054116950099758296,0.011438541601220042,0.016818367508921676,0.0
Matt LaCosse,TE,NYG,6.9788666691510475,4500.0,0.60463300117469432,0.17442760908674518,0.082159455719397437,0.051619744581348992,0.057659999312684368,0.013482435668971383,0.016017754456158183,0.0
Ryan Malleck,TE,NYG,6.9788666691510475,4500.0,0.60463300117469432,0.17442760908674518,0.082159455719397437,0.051619744581348992,0.057659999312684368,0.013482435668971383,0.016017754456158183,0.0
Jacob Tamme,TE,ATL,6.9749887746094164,4500.0,0.58393337316429739,0.19902747389033398,0.079580796560402123,0.060656072669400984,0.050642750099394125,0.011844999333433128,0.014314534282738463,0.0
Matt Spaeth,TE,PIT,6.8837735859720386,4500.0,0.60615199737346193,0.17977381443865065,0.082060898160773735,0.04446604483499722,0.05889316492468933,0.014908806338543445,0.013745273928883616,0.0
Paul Lang,TE,PIT,6.8837735859720386,4500.0,0.60615199737346193,0.17977381443865065,0.082060898160773735,0.04446604483499722,0.05889316492468933,0.014908806338543445,0.013745273928883616,0.0
Xavier Grimble,TE,PIT,6.8837735859720386,4500.0,0.60615199737346193,0.17977381443865065,0.082060898160773735,0.04446604483499722,0.05889316492468933,0.014908806338543445,0.013745273928883616,0.0
Michael Hoomanawanui,TE,NO,6.8063692080891487,4500.0,0.60847365303885415,0.19020750494932084,0.074973728689843658,0.039746886822318264,0.05427131500458085,0.016887977276328271,0.015438934218754129,0.0
Garrett Griffin,TE,NO,6.8063692080891487,4500.0,0.60847365303885415,0.19020750494932084,0.074973728689843658,0.039746886822318264,0.05427131500458085,0.016887977276328271,0.015438934218754129,0.0
Jake Stoneburner,TE,NO,6.8063692080891487,4500.0,0.60847365303885415,0.19020750494932084,0.074973728689843658,0.039746886822318264,0.05427131500458085,0.016887977276328271,0.015438934218754129,0.0
Seth DeValve,TE,CLE,6.7784897813337928,4500.0,0.55827981327848819,0.2026515466759867,0.11633422291507817,0.081535907345020808,0.035240772629664775,0.0026120935370366333,0.003345643618724707,0.0
James Hanna,TE,DAL,6.7203797026903906,4500.0,0.6079143929869385,0.1913275560663916,0.08455914175070571,0.034247085600261497,0.050538214691892826,0.016968314981896132,0.014445293921913634,0.0
Geoff Swaim,TE,DAL,6.7203797026903906,4500.0,0.6079143929869385,0.1913275560663916,0.08455914175070571,0.034247085600261497,0.050538214691892826,0.016968314981896132,0.014445293921913634,0.0
Darion Griswold,TE,IND,6.6375584020479588,4500.0,0.62003849402363487,0.18467358737384154,0.074613631599971281,0.038241018820622349,0.054329695558374157,0.014069487275113072,0.014034085348442847,0.0
Chase Coffman,TE,IND,6.6375584020479588,4500.0,0.62003849402363487,0.18467358737384154,0.074613631599971281,0.038241018820622349,0.054329695558374157,0.014069487275113072,0.014034085348442847,0.0
Nick Truesdell,TE,IND,6.6375584020479588,4500.0,0.62003849402363487,0.18467358737384154,0.074613631599971281,0.038241018820622349,0.054329695558374157,0.014069487275113072,0.014034085348442847,0.0
Mike Miller,TE,IND,6.6375584020479588,4500.0,0.62003849402363487,0.18467358737384154,0.074613631599971281,0.038241018820622349,0.054329695558374157,0.014069487275113072,0.014034085348442847,0.0
Anthony Denham,TE,PHI,6.6359122005425952,4500.0,0.62946578220187277,0.17009576912938174,0.061071189502466226,0.060906642636401748,0.057215661350594811,0.0098203266684783342,0.011424628510804434,0.0
Chris Pantale,TE,PHI,6.6359122005425952,4500.0,0.62946578220187277,0.17009576912938174,0.061071189502466226,0.060906642636401748,0.057215661350594811,0.0098203266684783342,0.011424628510804434,0.0
M.J. McFarland,TE,PHI,6.6359122005425952,4500.0,0.62946578220187277,0.17009576912938174,0.061071189502466226,0.060906642636401748,0.057215661350594811,0.0098203266684783342,0.011424628510804434,0.0
Jason Witten,TE,DAL,6.6058621938231408,5100.0,0.5930329668416161,0.16743880333943276,0.14834287194306625,0.032179342218784379,0.04448790774978223,0.0078729783426582239,0.0066451295646599729,0.0
Asante Cleveland,TE,SD,6.5141487941546492,4500.0,0.63465950510088875,0.16173282115687362,0.089451108580408112,0.0417707897624491,0.047249842884476846,0.010333721105925483,0.014802211408978118,0.0
Jeff Cumberland,TE,SD,6.5141487941546492,4500.0,0.63465950510088875,0.16173282115687362,0.089451108580408112,0.0417707897624491,0.047249842884476846,0.010333721105925483,0.014802211408978118,0.0
Jim Dray,TE,BUF,6.463380575593642,4500.0,0.61873110179231183,0.19835370370720712,0.066577476620214696,0.049719492986817201,0.042219105946757457,0.010307811819922951,0.014091307126768579,0.0
Ifeanyi Momah,TE,ARI,6.4179706196472583,4500.0,0.63356729090007802,0.19277766470284236,0.053139959702214121,0.046225084828191022,0.04897530114962375,0.0097236406144773774,0.015591058102573231,0.0
Troy Niklas,TE,ARI,6.4179706196472583,4500.0,0.63356729090007802,0.19277766470284236,0.053139959702214121,0.046225084828191022,0.04897530114962375,0.0097236406144773774,0.015591058102573231,0.0
Lance Kendricks,TE,LARM,6.2813190770018279,4800.0,0.55675279420273849,0.26775045137973064,0.098970338613295239,0.030753939125002121,0.034269767886684954,0.0090238728528451283,0.0024788359397034834,0.0
Kyle Rudolph,TE,MIN,6.2748756883651877,5500.0,0.57429657308885429,0.23359262609835613,0.10974827716455679,0.042963818388230435,0.028219171160603289,0.0083661028050870251,0.0028134312943120469,0.0
Braxton Deaver,TE,CAR,6.2379623934808084,4500.0,0.65166309338902717,0.1699888630284738,0.067381020858862092,0.043191373948803555,0.045797614801872638,0.0085201519521213593,0.013457882020839336,0.0
Scott Simonson,TE,CAR,6.2379623934808084,4500.0,0.65166309338902717,0.1699888630284738,0.067381020858862092,0.043191373948803555,0.045797614801872638,0.0085201519521213593,0.013457882020839336,0.0
Chris Manhertz,TE,CAR,6.2379623934808084,4500.0,0.65166309338902717,0.1699888630284738,0.067381020858862092,0.043191373948803555,0.045797614801872638,0.0085201519521213593,0.013457882020839336,0.0
MyCole Pruitt,TE,MIN,6.2299614522608184,4500.0,0.65863990268393446,0.15273701032783266,0.076173195827345261,0.048200507715473531,0.044126071828099946,0.0073322983344815277,0.012791013282832659,0.0
Kevin McDermott,TE,MIN,6.2299614522608184,4500.0,0.65863990268393446,0.15273701032783266,0.076173195827345261,0.048200507715473531,0.044126071828099946,0.0073322983344815277,0.012791013282832659,0.0
David Morgan,TE,MIN,6.2299614522608184,4500.0,0.65863990268393446,0.15273701032783266,0.076173195827345261,0.048200507715473531,0.044126071828099946,0.0073322983344815277,0.012791013282832659,0.0
Niles Paul,TE,WAS,6.1630817810183762,4500.0,0.65518114498615287,0.17093088657021976,0.070252985002312765,0.039503171331179719,0.039618172398003769,0.010094241390385382,0.014419398321745954,0.0
Wes Saxton,TE,WAS,6.1630817810183762,4500.0,0.65518114498615287,0.17093088657021976,0.070252985002312765,0.039503171331179719,0.039618172398003769,0.010094241390385382,0.014419398321745954,0.0
Beau Sandland,TE,GB,6.138402701278225,4500.0,0.66225021559154595,0.15216102257480538,0.089260936047246761,0.030770105278731051,0.041967355982062485,0.011012975729700759,0.012577388795907571,0.0
MarQueis Gray,TE,MIA,6.0893288369158549,4500.0,0.65496810217771906,0.1755038769297641,0.068564439943316041,0.039812038948832673,0.039910896435478009,0.0079405921289476787,0.0133000534359425,0.0
Thomas Duarte,TE,MIA,6.0893288369158549,4500.0,0.65496810217771906,0.1755038769297641,0.068564439943316041,0.039812038948832673,0.039910896435478009,0.0079405921289476787,0.0133000534359425,0.0
Jordan Cameron,TE,MIA,6.0893288369158549,4500.0,0.65496810217771906,0.1755038769297641,0.068564439943316041,0.039812038948832673,0.039910896435478009,0.0079405921289476787,0.0133000534359425,0.0
Gary Barnidge,TE,CLE,6.0737557715416601,4500.0,0.61762820672055152,0.18506345634077551,0.10367438020773728,0.062192462597968325,0.026123364929511752,0.0021998331882214033,0.0031182960152343116,0.0
E.J. Bibbs,TE,JAC,6.0422143696098551,4500.0,0.6735336962457259,0.16131089739677892,0.059423135861110019,0.038752219853882192,0.044474499757060512,0.0081033563615288025,0.014402194523913777,0.0
Eric Ebron,TE,DET,5.9579678802613438,6000.0,0.61528354326756363,0.22615510870680455,0.090469026297576902,0.030973714925337747,0.011794887549978398,0.013469636912278815,0.011854082340459931,0.0
Jerome Cunningham,TE,TEN,5.8939256506588116,4500.0,0.68369548082239584,0.15457756337974235,0.065885618821754657,0.031748438842882941,0.041636947452609409,0.010213637769714427,0.012242312910900303,0.0
Beau Brinkley,TE,TEN,5.8939256506588116,4500.0,0.68369548082239584,0.15457756337974235,0.065885618821754657,0.031748438842882941,0.041636947452609409,0.010213637769714427,0.012242312910900303,0.0
Jesse James,TE,PIT,5.7969897667014054,4500.0,0.69329376153657396,0.14889836239185161,0.056603841602279124,0.029008749841545681,0.056473502334079662,0.011879957350627053,0.0038418249430430844,0.0
Will Tye,TE,NYG,5.5462183839673314,4500.0,0.67416561055010948,0.17025746358757854,0.087145987673919095,0.024979504898471193,0.032430731216706317,0.0077345101200608042,0.0032861919531548428,0.0
Trey Burton,TE,PHI,5.4453727869605304,4500.0,0.63619602127107255,0.23910263754804698,0.059692853098093385,0.042615544507914972,0.015328359262859491,0.0029957699702611164,0.0040688143417514054,0.0
Anthony Fasano,TE,TEN,5.3172238114633572,4500.0,0.75287686937138232,0.09025328272169425,0.068282769630727394,0.030355815737477511,0.051000980054011193,0.0036281755130357744,0.0036021069716716957,0.0
Gavin Escobar,TE,DAL,5.246850356645818,4500.0,0.72649386266702098,0.12106464306665697,0.092943801201507012,0.020567854355933422,0.025992277884720562,0.0048993294028246087,0.0080382314213364465,0.0
Tyler Eifert,TE,CIN,5.1889459792699233,6700.0,0.69016849417708637,0.15879484894342857,0.094620186704331713,0.045469912842675368,0.0060563980385954282,0.0017782617271684209,0.0031118975667142872,0.0
Nick Vannett,TE,SEA,5.1280818822503109,4500.0,0.75046240820656551,0.13620536821775986,0.050788608602284908,0.023003090982616117,0.0099888760833328431,0.008811131767874604,0.020740516139566106,0.0
Garrett Celek,TE,SF,5.0814693164401747,4500.0,0.73204248755384294,0.10720156320220678,0.11247432922631274,0.030700557945644257,0.0066120976495805013,0.0038031276984896462,0.0071658367239230344,0.0
Neal Sterling,TE,JAC,4.9653783991930034,4500.0,0.71751940339768294,0.16242697298911754,0.07092564063031144,0.029560212608980712,0.0080858759292932788,0.0045726865634975241,0.0069092078811165362,0.0
Greg Olsen,TE,CAR,4.8596724875820252,6400.0,0.70081224466521164,0.17306527993764517,0.095593728250322599,0.018538223627571702,0.0093231345040696301,0.0017089842796954901,0.00095840473548365656,0.0
Jack Doyle,TE,IND,4.7392278761343993,4500.0,0.72886114510072875,0.14920805633994086,0.093220726342548868,0.015472659531979099,0.0064707189681579144,0.0027255316166098979,0.0040411621000343081,0.0
Jeff Heuerman,TE,DEN,4.6174016060393885,4500.0,0.78502401825190105,0.12809716731883899,0.037565530494490802,0.020092994378362431,0.0083252119354523379,0.006097161675362439,0.014797915945592018,0.0
Alan Cross,TE,TB,4.5884747898606566,4500.0,0.78367978612778111,0.10695546024798991,0.063407051511701534,0.025543130270756696,0.0080744551342941083,0.0034750501648704107,0.0088650665426061297,0.0
Randall Telfer,TE,CLE,4.5575438444272303,4500.0,0.7681762482386959,0.12240777454767347,0.059519310314621071,0.03555449914715858,0.011461903602643646,0.00078030340891139833,0.0020999607402958651,0.0
Richard Rodgers,TE,GB,4.3346595372450185,4500.0,0.79442562483302803,0.13221724090982581,0.038866153496791463,0.014058306872428525,0.0046496074120523203,0.0042539485420534434,0.011529117933820447,0.0
Levine Toilolo,TE,ATL,4.2800887755384229,4800.0,0.82480457771175342,0.097769827304822185,0.024740315930957876,0.034860709699715324,0.0017104201971317194,0.0049323223055017197,0.011181826850117708,0.0
Derek Carrier,TE,WAS,4.1594304161900899,4500.0,0.82462942700523678,0.086663884911467301,0.053218964499067739,0.017976111578388888,0.010513741465562377,0.001790126520534016,0.005207744019742928,0.0
Danny Vitale,TE,CLE,4.141005927928612,4500.0,0.80852349041662464,0.12549078090130764,0.018476155989502377,0.031766652405334272,0.011551024064319034,0.001995524144531169,0.0021963720783808212,0.0
Erik Swoope,TE,IND,4.1217031629640051,4500.0,0.80188584877310121,0.11015705103462439,0.067597079355351045,0.011299994453865604,0.00446653067966563,0.0017562702032228911,0.0028372255001693318,0.0
John Phillips,TE,NO,4.0573785512184024,4500.0,0.83351559016929666,0.088824832456300878,0.047874560302273793,0.013593329098358534,0.0061167312496338425,0.0025549158784417183,0.007520040845694239,0.0
A.J. Derby,TE,DEN,4.0127028751195377,4500.0,0.82423920247558113,0.11575585234292647,0.022896686975435055,0.021726372034707002,0.0069491696914244297,0.004531402172816678,0.0039013143071090668,0.0
Jerell Adams,TE,NYG,3.992792615800659,4500.0,0.82859576083289255,0.09718101215955946,0.045185094093393892,0.012077658668898865,0.012750243728796852,0.00239541764338491,0.0018148128730732618,0.0
Darren Fells,TE,ARI,3.9853051745331687,4500.0,0.79352724983922829,0.15267216134043576,0.03153134194488131,0.012295224827834352,0.0075345077407255141,0.0010362391765241458,0.0014032751303706796,0.0
Luke Stocker,TE,TB,3.9673511814147666,4500.0,0.84683914611323385,0.076567575237924124,0.044992008694991911,0.017893417756814408,0.0051724940131105809,0.0019542759089028585,0.006581082275022381,0.0
Brandon Myers,TE,TB,3.9009659467543014,4500.0,0.85329856620330102,0.074069113685234833,0.042678506411127581,0.016912926344013,0.0048069174298212957,0.0018134602868126524,0.0064205096396896671,0.0
Ben Koyack,TE,JAC,3.8539519558580713,4500.0,0.83973147451040686,0.094565277801103603,0.040358114090099907,0.016188052710038606,0.0040144986831132795,0.0016933680042036812,0.0034492142010343709,0.0
Clay Harbor,TE,DET,3.8145934314688441,4500.0,0.86133167076935047,0.076631252038026842,0.035296568708623181,0.013339632538413426,0.0033326047858104535,0.0020658549723514561,0.0080024161874240468,0.0
Stephen Anderson,TE,HOU,3.813927943646553,4500.0,0.81230932192332161,0.14143899348943043,0.028993129117065027,0.010010458752182212,0.004762800369959839,0.001251111328601214,0.0012341850194396947,0.0
Ben Braunecker,TE,CHI,3.809190201265384,4500.0,0.84904076372196879,0.089805951100312545,0.03002493108510839,0.016970757468894176,0.01185786690443307,0.00087317081147106346,0.0014265589078119075,0.0
Jace Amaro,TE,TEN,3.7837274660690285,4500.0,0.87111165054163631,0.06784133594767712,0.0239796998735602,0.015898287251308089,0.01572260515266596,0.0033615085740473713,0.0020849126591051012,0.0
Nick O'Leary,TE,BUF,3.7740801241543966,4500.0,0.85637900241831288,0.071384549965339467,0.047888163785929423,0.018955011385613674,0.0014262013020071738,0.00046710299958154894,0.0034999681432159218,0.0
Brandon Williams,TE,SEA,3.6847853743914332,4500.0,0.87572855728863597,0.065288902637285054,0.033473201810656696,0.013599598339405638,0.0047921648547509851,0.0010066158451740757,0.0061109592240918232,0.0
Rhett Ellison,TE,MIN,3.6267751536953616,4500.0,0.86762333896169508,0.073984272679938262,0.037955124437381915,0.011482961688998081,0.0060158179008485144,0.0014345304256098423,0.0015039539055281075,0.0
Austin Seferian-Jenkins,TE,NYJ,3.6100266397850862,4600.0,0.85519717401724993,0.1083493540529288,0.0099368255165710358,0.017991591844464014,0.0049102560511184619,0.0022197781545068747,0.0013950203631609432,0.0
Tyler Higbee,TE,LARM,3.5517418716878648,4500.0,0.85727684285971284,0.10039292059349063,0.027874659165144724,0.0072453124583472389,0.0051336790517694936,0.0010415508888703758,0.0010350349826648067,0.0
Ed Dickson,TE,CAR,3.5228833609639389,4500.0,0.87440999422818755,0.073285963842966581,0.036900091637016894,0.0091374325818726655,0.003738645580489999,0.00087168255554773394,0.0016561895739185806,0.0
Brent Celek,TE,PHI,3.499636410228526,4600.0,0.86747133143359656,0.09318558201531961,0.020662592587522212,0.013007459850931049,0.0038872354666655189,0.0005083318419257741,0.0012774668040395356,0.0
Tyler Kroft,TE,CIN,3.4528077642174591,4500.0,0.90015555360814437,0.046829694641692177,0.031335747397998957,0.015674651345453632,0.0017009892965086999,0.00049294128860637415,0.0038104224215960059,0.0
Logan Paulsen,TE,CHI,3.4516911860149659,4500.0,0.88496317640014199,0.072836868607393759,0.021192861551108205,0.012124834975500626,0.00727339828171286,0.00054002917126453611,0.0010688310128780026,0.0
Brandon Bostick,TE,NYJ,3.4374488607030749,4500.0,0.87762002190968214,0.091379363633750904,0.0084472222470742108,0.015603498468196333,0.0040963073399932085,0.0016853815735444417,0.0011682048277587022,0.0
Austin Hooper,TE,ATL,3.4246541927622425,4700.0,0.91207795004691361,0.046209949088379734,0.013953820846129788,0.018602853526547215,0.00082650641629955317,0.0016262126435168294,0.0067027074322131217,0.0
Blake Bell,TE,SF,3.3092132125572546,4500.0,0.90959365724507624,0.042040339748475798,0.035619160820708984,0.0087615125814218264,0.0011886455975138462,0.00043572337132434719,0.0023609606354791546,0.0
Dominique Jones,TE,MIA,3.2867439429280627,4500.0,0.89681254351484863,0.069766430166918011,0.020059420079119143,0.0084042068837171403,0.0038405131645042074,0.00024727685967713752,0.00086960933121574735,0.0
Cory Harkey,TE,LARM,3.2109835347306808,4500.0,0.90242429046622952,0.06893571330909265,0.019324843391906665,0.0048995179562466643,0.0031908955656350375,0.00054108986588674156,0.0006836494450025456,0.0
Larry Donnell,TE,NYG,3.1955193905244688,4500.0,0.9040276669511047,0.075320251012418085,0.0082847090271078016,0.0058269156213479794,0.0042284991716391119,0.0014721752792157578,0.00083978293716629137,0.0
Virgil Green,TE,DEN,3.1058569266840705,4500.0,0.92361084390917669,0.054922586639919294,0.0092578073633949511,0.0072296035344949616,0.001834940055569439,0.0011552047260322087,0.0019890137714125089,0.0
Sean McGrath,TE,SD,2.9485945983332584,4500.0,0.94347427574074028,0.041295529232426118,0.0058803992366160979,0.0056642292236328082,0.001284479872574594,0.00071671914084642046,0.0016843675531637537,0.0
Antonio Gates,TE,SD,2.9425263078241137,5200.0,0.93795125137729607,0.049271209495669641,0.0049328984274612832,0.0052162811910489628,0.00095654702304028385,0.00064903840448184971,0.0010227740810020197,0.0
Hunter Henry,TE,SD,2.8583240442261615,5500.0,0.94815998773549948,0.042022977584349738,0.0039109755934512149,0.0040549938643402459,0.00069433706285282728,0.00042745520482867201,0.00072927295467766645,0.0
