name,pos,team,expectation,salary,prob_0_5,prob_5_10,prob_10_15,prob_15_20,prob_20_25,prob_25_30,prob_30+,label
Robert Woods,WR,BUF,20.202059671913219,5000.0,0.042708151055437113,0.12641085521913259,0.079523610286577451,0.23412950883167938,0.082514093049318157,0.40208708015200872,0.032626701405846538,5.0
Rishard Matthews,WR,TEN,17.822207515246753,6200.0,0.093463784922224874,0.17251069486521342,0.167829725475032,0.10230522263555722,0.14832487332293437,0.26341389735205611,0.052151801426982017,5.0
Darrius Heyward-Bey,WR,PIT,17.286673660115504,4500.0,0.19490423522892361,0.12212390215725387,0.13012216829190371,0.12052997355747511,0.13425128859021079,0.17404892725582913,0.12401950491840386,0.0
Jordan Matthews,WR,PHI,16.626761683686432,5900.0,0.13031171533678448,0.15568231627404705,0.21919346838803747,0.10101356703227012,0.1436277948482298,0.18158746305777779,0.068583675062853275,2.0
Julio Jones,WR,ATL,16.5909797253702,8300.0,0.06861518902566785,0.14627112142924611,0.29040070757410713,0.044022058019414972,0.37051911459874737,0.029423989833307931,0.050747819519508554,4.0
Golden Tate,WR,DET,16.392476380472086,6300.0,0.086732984044674583,0.26964961361309286,0.08731025587464683,0.24584104329599799,0.060139944618760079,0.18065185881625576,0.06967429973657191,1.0
Jordy Nelson,WR,GB,16.24244056580725,7100.0,0.065455513776454768,0.19061324040471553,0.20127034287602877,0.19525530462724783,0.24536744803754595,0.050099663889531652,0.051938486388475522,4.0
Stefon Diggs,WR,MIN,15.871113660353799,6600.0,0.046453911766644991,0.16378617048300165,0.27486690156799348,0.18986739544019629,0.24864474232079117,0.066636071260602378,0.0097448071607700928,2.0
Emmanuel Sanders,WR,DEN,15.794622568467322,5900.0,0.14183957104011644,0.16827645315243411,0.29736558036210331,0.037276019093668004,0.18914760830563174,0.034745055324006201,0.13134971272204024,2.0
Robby Anderson,WR,NYJ,15.585746790479732,4700.0,0.10760289388660149,0.19508715502404669,0.23163627954076008,0.12763851088963124,0.1566115958520411,0.15321696222110301,0.02820660258581642,2.0
Mike Evans,WR,TB,15.110631823983125,8900.0,0.068829883927414529,0.23342345085994048,0.28786876537169964,0.10788416462797741,0.17857041661789932,0.084813565353460629,0.038609753241608029,2.0
Devin Street,WR,IND,14.954910074902866,4500.0,0.27012288743508472,0.1419496475085609,0.12360877768529979,0.097039715034870494,0.14877412587908903,0.13645489232711466,0.082049954129980299,0.0
Paul Turner,WR,PHI,14.766455404382096,4500.0,0.17543300416650384,0.20214378029700911,0.17887931947175478,0.12793755410138491,0.14988073315093206,0.11144226036845453,0.054283348443960801,1.0
Taylor Gabriel,WR,ATL,14.285844018922015,5400.0,0.17323477181638497,0.21068817360801154,0.21011872053779429,0.091398536976342273,0.20786312674453733,0.04862219057761074,0.058074479739318959,1.0
Tajae Sharpe,WR,TEN,14.275062486881559,5300.0,0.24837297633373068,0.19003813912687614,0.13715609623886973,0.09663481350893062,0.12636759298276029,0.14267341896236552,0.058756962846467094,0.0
Dontrelle Inman,WR,SD,14.249871534463512,5500.0,0.15692585868992659,0.22541769626364372,0.26968834165302152,0.064585734916860135,0.14969867180950797,0.050877328667571102,0.082806367999468916,2.0
Davante Adams,WR,GB,13.799177939901854,6400.0,0.20263496819245802,0.18687244892886504,0.18015469967588643,0.16794026053133226,0.18017957787456593,0.030868429714884741,0.051349615082007499,0.0
Demaryius Thomas,WR,DEN,13.619114749703677,6900.0,0.22914378363930082,0.17174674981601865,0.26877880420178746,0.024503799413781974,0.20818400328354864,0.017604938233703495,0.080037921411859017,2.0
Bennie Fowler,WR,DEN,13.601985006025721,4500.0,0.33109030588909572,0.1427800201382303,0.18338243023117534,0.030556109911896487,0.12212586145813432,0.069829283585470081,0.12023598878599782,0.0
Mohamed Sanu,WR,ATL,13.5129529569471,5600.0,0.26293636140302429,0.18524495704534286,0.20297870422966441,0.058641885845805215,0.15871623376022326,0.036022961231446854,0.095458896484493128,0.0
Donteea Dye,WR,TB,13.318684540236907,4500.0,0.28563831020854119,0.16384734319264549,0.17153520067902372,0.10189746611435233,0.13084411743502666,0.0818625733294297,0.064374989040980976,0.0
Josh Huff,WR,TB,13.318684540236907,4500.0,0.28563831020854119,0.16384734319264549,0.17153520067902372,0.10189746611435233,0.13084411743502666,0.0818625733294297,0.064374989040980976,0.0
Vincent Jackson,WR,TB,13.318684540236907,4500.0,0.28563831020854119,0.16384734319264549,0.17153520067902372,0.10189746611435233,0.13084411743502666,0.0818625733294297,0.064374989040980976,0.0
Cecil Shorts III,WR,TB,13.318684540236907,4500.0,0.28563831020854119,0.16384734319264549,0.17153520067902372,0.10189746611435233,0.13084411743502666,0.0818625733294297,0.064374989040980976,0.0
Maurice Harris,WR,WAS,13.215270227026931,4500.0,0.30971667029487093,0.15258074801762575,0.15045318780564443,0.089003351923871044,0.15606580063443681,0.083918603423979832,0.058261637899571117,0.0
Levi Norwood,WR,PIT,13.211668739314884,4500.0,0.2962183367896859,0.16422397384690365,0.16633859847032645,0.099764021341051293,0.12679260377725368,0.076223953061874475,0.070438512712904536,0.0
Markus Wheaton,WR,PIT,13.211668739314884,4500.0,0.2962183367896859,0.16422397384690365,0.16633859847032645,0.099764021341051293,0.12679260377725368,0.076223953061874475,0.070438512712904536,0.0
Canaan Severin,WR,PIT,13.211668739314884,4500.0,0.2962183367896859,0.16422397384690365,0.16633859847032645,0.099764021341051293,0.12679260377725368,0.076223953061874475,0.070438512712904536,0.0
Anquan Boldin,WR,DET,13.189952045596939,5200.0,0.2897850377220732,0.23091141395528547,0.083340128829321652,0.15932156070711326,0.051741029853680252,0.097590301394680237,0.087310527537845795,0.0
Adam Humphries,WR,TB,13.178173965198084,4800.0,0.25764987861042454,0.19959708104367382,0.17760999411378714,0.096079930972203964,0.1460933316673258,0.060732659446230658,0.06223712414635392,0.0
Daniel Braverman,WR,CHI,13.09704157806472,4500.0,0.30123184273969539,0.16241597903061961,0.16621397988724981,0.099699420555387386,0.12610890187022802,0.078075790532385086,0.066254085384434613,0.0
Kevin White,WR,CHI,13.09704157806472,4500.0,0.30123184273969539,0.16241597903061961,0.16621397988724981,0.099699420555387386,0.12610890187022802,0.078075790532385086,0.066254085384434613,0.0
Kieran Duncan,WR,CHI,13.09704157806472,4500.0,0.30123184273969539,0.16241597903061961,0.16621397988724981,0.099699420555387386,0.12610890187022802,0.078075790532385086,0.066254085384434613,0.0
Tyrell Williams,WR,SD,13.058244557189584,6800.0,0.18954983401979816,0.2219113557809719,0.28310102905084461,0.050454636990933277,0.1791124564539669,0.024958472870710496,0.050912214832774708,2.0
Joshua Bellamy,WR,CHI,12.599739784775657,4900.0,0.32210877845149732,0.16302217467073138,0.16562453504783051,0.094497961559203994,0.12201398369553278,0.072423193339887101,0.060309373235316974,0.0
Adam Thielen,WR,MIN,12.588770107897313,6000.0,0.20018927949842116,0.27178443136763253,0.22889020262983764,0.083986960877432806,0.1122911227772516,0.054342138206938333,0.048515864642485897,1.0
Doug Baldwin,WR,SEA,12.560801553991762,7000.0,0.19026400202188901,0.2848380718649603,0.2121991156020066,0.090196740449958693,0.13858251244574263,0.044982258602564051,0.038937299012878832,1.0
Antonio Brown,WR,PIT,12.532443299393261,8800.0,0.19828743212919919,0.24731801792779082,0.23172439517607341,0.12862365527119227,0.13044338454623972,0.01689526638106641,0.04670784856843798,1.0
Michael Thomas,WR,NO,12.516364376760306,6600.0,0.20669152853179446,0.26909391122541887,0.21726816318415013,0.10723448794933349,0.10229548200010903,0.042966353533237134,0.054450073575956902,1.0
Kadron Boone,WR,NYG,12.438852912399199,4500.0,0.32752918176193202,0.16972719060135791,0.16013016945399425,0.092143151646074201,0.11790219262900584,0.074631941922257861,0.057936171985378183,0.0
Chris Brown,WR,DAL,12.38869040221925,4500.0,0.33805123286596322,0.16416156107205712,0.15664046624674907,0.092102231248569588,0.11481791746177394,0.071837079264184242,0.062389511840702946,0.0
Jared Dangerfield,WR,NO,12.368156224912072,4500.0,0.33854740214593193,0.16563450190868423,0.15574960598960189,0.091578958173501562,0.11504157306087726,0.070544911572404834,0.062903047148998276,0.0
Kyle Prater,WR,NO,12.368156224912072,4500.0,0.33854740214593193,0.16563450190868423,0.15574960598960189,0.091578958173501562,0.11504157306087726,0.070544911572404834,0.062903047148998276,0.0
Vincent Brown,WR,NO,12.368156224912072,4500.0,0.33854740214593193,0.16563450190868423,0.15574960598960189,0.091578958173501562,0.11504157306087726,0.070544911572404834,0.062903047148998276,0.0
Aaron Dobson,WR,DET,12.364550601211365,4500.0,0.32537545453573125,0.17381229354181513,0.16324279446329149,0.091760344783251374,0.11753566226209788,0.071059248876036457,0.057214201537776441,0.0
Quinshad Davis,WR,DET,12.364550601211365,4500.0,0.32537545453573125,0.17381229354181513,0.16324279446329149,0.091760344783251374,0.11753566226209788,0.071059248876036457,0.057214201537776441,0.0
Keshawn Martin,WR,SF,12.326498574537192,4500.0,0.33007226896515474,0.17077013014221007,0.15998673154987797,0.091690838507566166,0.11876931524565937,0.074808870781212108,0.05390184480831943,0.0
Mose Frazier,WR,SF,12.326498574537192,4500.0,0.33007226896515474,0.17077013014221007,0.15998673154987797,0.091690838507566166,0.11876931524565937,0.074808870781212108,0.05390184480831943,0.0
TJ Jones,WR,DET,12.243440829912965,4600.0,0.33064890348599851,0.17385686764470526,0.16298783085874052,0.090478286387748019,0.11649103472464883,0.069689574186309389,0.055847502711849309,0.0
DeVier Posey,WR,DEN,12.158970451936622,4500.0,0.33765237516686009,0.17313788065681407,0.15945600862747741,0.089663373557858209,0.11451078897393277,0.069037539136415027,0.056542033880642231,0.0
Bralon Addison,WR,DEN,12.158970451936622,4500.0,0.33765237516686009,0.17313788065681407,0.15945600862747741,0.089663373557858209,0.11451078897393277,0.069037539136415027,0.056542033880642231,0.0
Marlon Brown,WR,DEN,12.158970451936622,4500.0,0.33765237516686009,0.17313788065681407,0.15945600862747741,0.089663373557858209,0.11451078897393277,0.069037539136415027,0.056542033880642231,0.0
Durron Neal,WR,DEN,12.158970451936622,4500.0,0.33765237516686009,0.17313788065681407,0.15945600862747741,0.089663373557858209,0.11451078897393277,0.069037539136415027,0.056542033880642231,0.0
Jared Abbrederis,WR,GB,12.0691807407862,4500.0,0.34488971410341962,0.17070983421103772,0.15772149566440771,0.08894898316478192,0.11131338321177846,0.070749994942537975,0.055666594702036512,0.0
Josh Doctson,WR,WAS,12.057101078034895,4500.0,0.34682996850182024,0.17037581910047012,0.15593334416749002,0.088665919971716203,0.11192796031390408,0.070178209759420629,0.056088778185178621,0.0
Deshon Foxx,WR,SEA,12.055293233365489,4500.0,0.34103977469121349,0.17550395791935883,0.15776647248354461,0.08793793816361703,0.1143656809165482,0.068843291491707009,0.05454288433401093,0.0
Kevin Smith,WR,SEA,12.055293233365489,4500.0,0.34103977469121349,0.17550395791935883,0.15776647248354461,0.08793793816361703,0.1143656809165482,0.068843291491707009,0.05454288433401093,0.0
Hunter Sharp,WR,PHI,12.033881282781994,4500.0,0.35132586669911364,0.16888285014211166,0.15421434420458385,0.088474057838495365,0.11069233472631779,0.066930230631061322,0.05948031575831627,0.0
Chris Givens,WR,PHI,12.033881282781994,4500.0,0.35132586669911364,0.16888285014211166,0.15421434420458385,0.088474057838495365,0.11069233472631779,0.066930230631061322,0.05948031575831627,0.0
Cayleb Jones,WR,PHI,12.033881282781994,4500.0,0.35132586669911364,0.16888285014211166,0.15421434420458385,0.088474057838495365,0.11069233472631779,0.066930230631061322,0.05948031575831627,0.0
Xavier Rush,WR,PHI,12.033881282781994,4500.0,0.35132586669911364,0.16888285014211166,0.15421434420458385,0.088474057838495365,0.11069233472631779,0.066930230631061322,0.05948031575831627,0.0
Kenbrell Thompkins,WR,NYJ,11.995703203670146,4500.0,0.35481186682719534,0.16675904842389525,0.15318428996029201,0.088423756769061612,0.11025526680194397,0.068637892026591332,0.057927879191020465,0.0
Jeremy Ross,WR,NYJ,11.995703203670146,4500.0,0.35481186682719534,0.16675904842389525,0.15318428996029201,0.088423756769061612,0.11025526680194397,0.068637892026591332,0.057927879191020465,0.0
Devin Smith,WR,NYJ,11.995703203670146,4500.0,0.35481186682719534,0.16675904842389525,0.15318428996029201,0.088423756769061612,0.11025526680194397,0.068637892026591332,0.057927879191020465,0.0
Jaelen Strong,WR,HOU,11.893760890251155,4500.0,0.36194512331966761,0.16565912888211334,0.15119223997272685,0.087374600787720136,0.10763825395721545,0.068138329328650313,0.058052323751906193,0.0
Tevin Jones,WR,HOU,11.893760890251155,4500.0,0.36194512331966761,0.16565912888211334,0.15119223997272685,0.087374600787720136,0.10763825395721545,0.068138329328650313,0.058052323751906193,0.0
T.Y. Hilton,WR,IND,11.825018073161086,7600.0,0.1860006001261264,0.40488251910151879,0.082931744803131327,0.17060676207995351,0.053200566842887702,0.063880462325641055,0.038497344720741365,1.0
Kendall Wright,WR,TEN,11.785555620089582,4800.0,0.39138130510111485,0.18084563646164939,0.11104953268849993,0.070280679296979495,0.083653784175786589,0.099613104805747851,0.063175957470221991,0.0
Marcus Easley,WR,BUF,11.644249492627941,4500.0,0.36376304488779626,0.17391289844500307,0.15219734944633545,0.084652907244214315,0.10815745175116234,0.065734994010035602,0.051581354215452901,0.0
Walt Powell,WR,BUF,11.644249492627941,4500.0,0.36376304488779626,0.17391289844500307,0.15219734944633545,0.084652907244214315,0.10815745175116234,0.065734994010035602,0.051581354215452901,0.0
Kolby Listenbee,WR,BUF,11.644249492627941,4500.0,0.36376304488779626,0.17391289844500307,0.15219734944633545,0.084652907244214315,0.10815745175116234,0.065734994010035602,0.051581354215452901,0.0
Greg Salas,WR,BUF,11.644249492627941,4500.0,0.36376304488779626,0.17391289844500307,0.15219734944633545,0.084652907244214315,0.10815745175116234,0.065734994010035602,0.051581354215452901,0.0
Daniel Anthrop,WR,IND,11.624969506376965,4500.0,0.37248814781979406,0.16716329326958107,0.14886577247715352,0.085159620090027602,0.10682809450985954,0.066273428117542638,0.053221643716041656,0.0
Joshua Stangby,WR,IND,11.624969506376965,4500.0,0.37248814781979406,0.16716329326958107,0.14886577247715352,0.085159620090027602,0.10682809450985954,0.066273428117542638,0.053221643716041656,0.0
Brian Tyms,WR,IND,11.624969506376965,4500.0,0.37248814781979406,0.16716329326958107,0.14886577247715352,0.085159620090027602,0.10682809450985954,0.066273428117542638,0.053221643716041656,0.0
Tevaun Smith,WR,IND,11.624969506376965,4500.0,0.37248814781979406,0.16716329326958107,0.14886577247715352,0.085159620090027602,0.10682809450985954,0.066273428117542638,0.053221643716041656,0.0
Marcus Leak,WR,IND,11.624969506376965,4500.0,0.37248814781979406,0.16716329326958107,0.14886577247715352,0.085159620090027602,0.10682809450985954,0.066273428117542638,0.053221643716041656,0.0
Quan Bray,WR,IND,11.624969506376965,4500.0,0.37248814781979406,0.16716329326958107,0.14886577247715352,0.085159620090027602,0.10682809450985954,0.066273428117542638,0.053221643716041656,0.0
Dez Bryant,WR,DAL,11.610831329175596,7800.0,0.27858262998450217,0.25332586238420218,0.17323215144516038,0.060015330690672705,0.1842243250728445,0.015730163033211578,0.034889537389406478,0.0
Isaac Fruechte,WR,MIN,11.543380457003865,4500.0,0.36505709198693004,0.17529886807049674,0.15490575779915833,0.083844719279765625,0.10483603027802139,0.067791022017335625,0.04826651056829219,0.0
Duke Williams,WR,LARM,11.477461253843867,4500.0,0.37546723513352059,0.1719481706823624,0.14915564312003055,0.083014030687313237,0.10382891438894576,0.064622663128167016,0.051963342859660283,0.0
Paul McRoberts,WR,LARM,11.477461253843867,4500.0,0.37546723513352059,0.1719481706823624,0.14915564312003055,0.083014030687313237,0.10382891438894576,0.064622663128167016,0.051963342859660283,0.0
Nelson Spruce,WR,LARM,11.477461253843867,4500.0,0.37546723513352059,0.1719481706823624,0.14915564312003055,0.083014030687313237,0.10382891438894576,0.064622663128167016,0.051963342859660283,0.0
Pierre Garcon,WR,WAS,11.37656957718136,5400.0,0.22849203968457368,0.28126287479677881,0.2323471173100477,0.089749953199481217,0.11806608622780188,0.025126623712541329,0.024955305068775458,1.0
Jake Lampman,WR,NO,11.327397564827589,4500.0,0.39015115138783568,0.15347284217032084,0.14730982597251119,0.08784351362778986,0.11984693008699887,0.056315687523815376,0.04506004923072808,0.0
Jalin Marshall,WR,NYJ,11.226002289524629,4500.0,0.46137990440449772,0.11724100307147105,0.15762494444051481,0.025864187855810183,0.095637415467643178,0.048049466950658239,0.094203077809404734,0.0
Marqise Lee,WR,JAC,11.164536239464638,5400.0,0.30477772320039387,0.28162082834102903,0.1507666885598643,0.081567457611708721,0.085922371572600506,0.038920577557987106,0.056424353156416383,0.0
Keyarris Garrett,WR,CAR,11.095611109474893,4500.0,0.39559949341993639,0.17051768448152216,0.1445539230548783,0.079370139022877845,0.098205000640829085,0.06522210953197774,0.046531649847978626,0.0
Damiere Byrd,WR,CAR,11.095611109474893,4500.0,0.39559949341993639,0.17051768448152216,0.1445539230548783,0.079370139022877845,0.098205000640829085,0.06522210953197774,0.046531649847978626,0.0
Tavarres King,WR,NYG,11.02362260773128,4500.0,0.35128321457226747,0.16525729916149814,0.2381384086259227,0.048694773416867974,0.11999201141582284,0.040656576020344552,0.035977716787276064,0.0
Jordan Payton,WR,CLE,10.987691473683064,4500.0,0.40052965870227686,0.17075225722515158,0.14343364767645855,0.078689785282599276,0.098296800342514812,0.06218256338053705,0.046115287390461772,0.0
Dwayne Bowe,WR,CLE,10.987691473683064,4500.0,0.40052965870227686,0.17075225722515158,0.14343364767645855,0.078689785282599276,0.098296800342514812,0.06218256338053705,0.046115287390461772,0.0
Rannell Hall,WR,CLE,10.987691473683064,4500.0,0.40052965870227686,0.17075225722515158,0.14343364767645855,0.078689785282599276,0.098296800342514812,0.06218256338053705,0.046115287390461772,0.0
Josh Boyce,WR,CLE,10.987691473683064,4500.0,0.40052965870227686,0.17075225722515158,0.14343364767645855,0.078689785282599276,0.098296800342514812,0.06218256338053705,0.046115287390461772,0.0
Jaron Brown,WR,ARI,10.894455501993875,4500.0,0.41047405369479112,0.1684542774584131,0.13938196600606512,0.077422937513118462,0.094833602419204202,0.060830593461728352,0.048602569446679671,0.0
Will Fuller V,WR,HOU,10.796815219686065,5400.0,0.41267605784311912,0.16381115387456632,0.14707734716497484,0.075947770034133943,0.097993686111330205,0.056421174088144933,0.046072810883730705,0.0
Rashawn Scott,WR,MIA,10.730642105725774,4500.0,0.40631569574312854,0.17893630600719954,0.14305408981300807,0.075044211253292914,0.093485594262280924,0.059038496189432327,0.04412560673165767,0.0
Tyler Murphy,WR,MIA,10.730642105725774,4500.0,0.40631569574312854,0.17893630600719954,0.14305408981300807,0.075044211253292914,0.093485594262280924,0.059038496189432327,0.04412560673165767,0.0
Marvin Jones Jr.,WR,DET,10.7238474190288,5900.0,0.40123685465282294,0.17175262335610353,0.15725124571561638,0.074194121934243004,0.10212999725745191,0.053277671239045039,0.040157485844717171,0.0
Justin Hardy,WR,ATL,10.629739546293644,4600.0,0.45535322114313947,0.15045770089393254,0.13712752142813966,0.04767786583246901,0.10789423048821664,0.022037896888949783,0.079451563325152977,0.0
Harry Douglas,WR,TEN,10.498445149569207,4500.0,0.46482956244043222,0.17170730043022925,0.10062287509545612,0.069751604534168232,0.055370167598989502,0.066113126040315232,0.071605363860409402,0.0
Eli Rogers,WR,PIT,10.438428117969611,5000.0,0.43047075313923089,0.18948181091976055,0.12319200647020909,0.093726714342124193,0.063234751169310099,0.021073409137161971,0.078820554822203182,0.0
Brandin Cooks,WR,NO,10.436844948957319,6300.0,0.35717976931605849,0.23712867007230132,0.15324386346275373,0.08200506541663774,0.11036484317046605,0.022818401193140072,0.037259387368642594,0.0
Jordan Norwood,WR,DEN,10.412861100326925,4500.0,0.47052126691870227,0.14957481656435864,0.14307955047029056,0.026174117829482219,0.10805826780586129,0.020509996549952524,0.082081983861352445,0.0
Rashad Greene Sr.,WR,JAC,10.321305466588926,4500.0,0.43285727082941861,0.17435673807626043,0.13668134367514639,0.071357165456880076,0.085995699969286341,0.055599474207404631,0.043152307785603597,0.0
Tony Washington,WR,JAC,10.321305466588926,4500.0,0.43285727082941861,0.17435673807626043,0.13668134367514639,0.071357165456880076,0.085995699969286341,0.055599474207404631,0.043152307785603597,0.0
Mekale McKay,WR,JAC,10.321305466588926,4500.0,0.43285727082941861,0.17435673807626043,0.13668134367514639,0.071357165456880076,0.085995699969286341,0.055599474207404631,0.043152307785603597,0.0
Freddie Martino,WR,TB,10.254115306704493,4500.0,0.41465273162312316,0.19682320307120391,0.13192968834428137,0.075689009104644836,0.10748503260609135,0.029399236857619158,0.044021098393036348,0.0
Paul Richardson,WR,SEA,10.193182222333634,4500.0,0.46121304697079996,0.16464257831375029,0.11502296031108297,0.070482549315694878,0.088415106543862657,0.048409706088655857,0.051814052456153246,0.0
Griff Whalen,WR,SD,10.179966028263983,4500.0,0.39031638751253861,0.15888801973836031,0.24445078802513887,0.047154445490869258,0.097134774807281193,0.030106749736900477,0.03194883468891134,0.0
Quinton Patton,WR,SF,10.140911688077923,4500.0,0.36587354277374612,0.20293515493115577,0.2135426443015582,0.090129846842877712,0.068078511581796647,0.020602426648089017,0.038837872920776582,0.0
Rashad Ross,WR,WAS,10.122109672323496,4500.0,0.39768125940941812,0.15976858375651842,0.23409778721483954,0.048130939498633812,0.097553866507299816,0.030759781155324507,0.032007782457965907,0.0
Dorial Green-Beckham,WR,PHI,10.037807386416173,4900.0,0.42118389065473311,0.20643673809994059,0.15267421919678673,0.071752531606731645,0.054330565554831109,0.030231275343433329,0.063390779543543718,0.0
Andre Roberts,WR,DET,9.9238112770853082,4500.0,0.46889395852411814,0.20695067221173577,0.064444672868991304,0.097516094554030805,0.037447138420849978,0.069515408073286947,0.055232055346987101,0.0
Aldrick Robinson,WR,ATL,9.8335144734383011,4500.0,0.49817889585443464,0.14678761390758979,0.12116511963557007,0.041623800560615667,0.10811937990007892,0.017718410462902193,0.066406779678808717,0.0
Cordarrelle Patterson,WR,MIN,9.7937767570537808,4900.0,0.4385608505588614,0.19226990976776318,0.15780655155357537,0.052124316480488722,0.078339132730021216,0.029801463157396596,0.051097775751893594,0.0
Cole Beasley,WR,DAL,9.7349426545007418,6300.0,0.44789368577166455,0.20353395845978398,0.12860880517911782,0.044733642211332268,0.10576877110626108,0.015024294162582552,0.054436843109257657,0.0
Jermaine Kearse,WR,SEA,9.6180651772638814,4500.0,0.41914558572737159,0.23621935289856694,0.12683809790884309,0.07225698857502641,0.075751846252924387,0.026455800094995669,0.043332328542271967,0.0
Tyler Lockett,WR,SEA,9.5280030237287239,5100.0,0.42043490460671329,0.23108930751207904,0.12896897486191236,0.070161975857543149,0.092990800182739031,0.021451347438220497,0.034902689540792779,0.0
Trevor Davis,WR,GB,9.3572944570445689,4500.0,0.5495099304966824,0.12458777511681902,0.087862532823997808,0.060532290052122045,0.086689294494796981,0.031684098728490831,0.05913407828709092,0.0
Jordan Taylor,WR,DEN,9.2816083539559813,4500.0,0.53362384096503523,0.13702993643306838,0.12860058379282871,0.02234392090805706,0.097900104711382455,0.013201400353208766,0.067300212836419321,0.0
Quincy Enunwa,WR,NYJ,9.182923749328884,4800.0,0.50333844199167688,0.15474382817424806,0.17326912588790433,0.023662952488598839,0.060459273052319025,0.017963159595663868,0.066563218809588959,0.0
Jarius Wright,WR,MIN,9.1592029781739956,4500.0,0.51287696483005207,0.13769646238332603,0.17156389501898056,0.02056633794826894,0.081422579578397325,0.019701620340814525,0.056172139900160505,0.0
Sterling Shepard,WR,NYG,9.1481515889334801,5500.0,0.46941648479999792,0.2349280528784945,0.10143906792536508,0.055734737639440562,0.056062251443410621,0.02357014944725748,0.058849255866033803,0.0
DeVante Parker,WR,MIA,9.0809276731164239,6700.0,0.43595290930072006,0.2291593997197745,0.14053443611350774,0.069120824132337153,0.079374564782904888,0.011319731688031,0.034538134262724465,0.0
Eric Weems,WR,ATL,9.0245078981799214,4500.0,0.56009834466711139,0.12728551146861561,0.10686114711348735,0.035218947131410716,0.091430422453787283,0.014447555896870905,0.064658071268716644,0.0
Randall Cobb,WR,GB,8.9994464949631965,6000.0,0.51954644530804561,0.16085099722057969,0.10385543323318046,0.06368249780654861,0.088899581863796734,0.017260783506768584,0.045904261061080462,0.0
Tavon Austin,WR,LARM,8.9115214250733494,4900.0,0.53132914776888751,0.16986532650777195,0.1151091555399836,0.040447355921298028,0.042175967267552524,0.043200063247642598,0.057872983746863643,0.0
Bryan Walters,WR,JAC,8.7597313892341546,4500.0,0.60885619425600213,0.1320788353491065,0.059320188517305396,0.035552251210064285,0.057976802761534593,0.018492753734756257,0.087722974171230886,0.0
Terrelle Pryor Sr.,WR,CLE,8.5901809435145804,6700.0,0.52486763701816386,0.15798684223359308,0.12750320009589014,0.053123680473418367,0.074309867911791658,0.037283057684205125,0.024925714582937748,0.0
Nelson Agholor,WR,PHI,8.569028728185522,4800.0,0.49777362920770651,0.17560256158053514,0.1379807733957549,0.086912507862324975,0.050648996141672856,0.022081218444429656,0.029000313367576133,0.0
Kenny Britt,WR,LARM,8.5564738113202807,6900.0,0.3873011427094783,0.30020790886442045,0.17586702689626763,0.055848691189768797,0.046219611267772666,0.011788828668796221,0.02276679040349576,0.0
Percy Harvin,WR,BUF,8.5012501346350007,4900.0,0.50600000075800144,0.19265765061910164,0.083981476705685842,0.11512378555191298,0.047663745579422809,0.034082420790061921,0.020490919995813359,0.0
Cody Core,WR,CIN,8.4706745027154433,4500.0,0.52605048697859558,0.20124547632156919,0.097756645940878989,0.052193391389513996,0.054789024288902775,0.013421651338598786,0.054543323741940646,0.0
Corey Coleman,WR,CLE,8.3417789567828606,5600.0,0.51671475846803372,0.18990290963542458,0.12387957272440724,0.05638182046791005,0.048422551715141676,0.035120964947334882,0.02957742204174792,0.0
Victor Cruz,WR,NYG,8.3373110920724169,4600.0,0.59607722881858582,0.17147383308741371,0.036805786536606544,0.065359268183160582,0.024296460023440321,0.039870056113027713,0.066117367237765443,0.0
Jarvis Landry,WR,MIA,8.3205810568022596,6100.0,0.50421908056853804,0.22332357703745695,0.10516751920760646,0.058347482769162538,0.056230939137095079,0.0080884781793344809,0.044622923100806421,0.0
Torrey Smith,WR,SF,8.2669350018771439,4700.0,0.56464698447569395,0.11855068974863776,0.16850707875013782,0.024270008434290512,0.067549697446245921,0.0081851196025346882,0.048290421542459459,0.0
Kelvin Benjamin,WR,CAR,8.2062276788261013,6800.0,0.46966875051475054,0.23643039220140244,0.14706661936612306,0.058723697552439516,0.046618752108223249,0.014440546619691507,0.027051241637369657,0.0
Brenton Bersin,WR,CAR,8.1648608619259448,4500.0,0.54797641259287111,0.14252428369962755,0.15364184877907958,0.035154597068599441,0.074018189665925493,0.014548468001618573,0.032136200192278287,0.0
Marquess Wilson,WR,CHI,8.1349134434826418,5400.0,0.5422132698450729,0.19538009438802853,0.083443457820333272,0.087347862363309187,0.024995233300695432,0.020226250974346993,0.046393831308213687,0.0
Willie Snead,WR,NO,8.0874307245692965,6100.0,0.52426269935907133,0.20135737275683371,0.11291511710578217,0.056509836881975736,0.057031795240338461,0.012572543283873703,0.035350635372124885,0.0
Allen Robinson,WR,JAC,8.0834495788001064,6600.0,0.49484936670654311,0.23778727539650965,0.11027546112286317,0.059600902638237828,0.055475142145163393,0.010285730878013405,0.031726121112669418,0.0
Tyler Boyd,WR,CIN,8.0575544696364876,5700.0,0.45281545368348908,0.25287820335551703,0.16209955947484567,0.059065938215475414,0.041929485177270763,0.0089040162270214943,0.022307343866380398,0.0
Travis Benjamin,WR,SD,7.9552639423787035,5100.0,0.64497944900935911,0.13143024419357655,0.056690934157941929,0.032457776627423253,0.041060297371090806,0.014901523042871208,0.078479775597737125,0.0
Russell Shepard,WR,TB,7.9300504589930343,4500.0,0.57833210477723629,0.16174656365095458,0.076778582198271189,0.08021660076854395,0.040012777666097628,0.025954306881158653,0.036959064057737571,0.0
Cody Latimer,WR,DEN,7.7295961393324681,4500.0,0.54516833469567427,0.1513419854839399,0.17445569705495817,0.032374319221935267,0.066964891947931357,0.0082217950373599698,0.021472976558200976,0.0
Devin Funchess,WR,CAR,7.7080653038818383,4600.0,0.52146570889325439,0.22342392032369099,0.11256045314319077,0.0587294710060259,0.041972677105624037,0.015347592805112449,0.026500176723101409,0.0
Larry Fitzgerald,WR,ARI,7.6799610246918366,6800.0,0.43270676860556018,0.28579230786938614,0.17686245456392677,0.04373120509826868,0.04999580475300007,0.0037508870531716026,0.0071605720566866185,0.0
Brian Quick,WR,LARM,7.6354200214204404,4500.0,0.53759497694586,0.21728986312671447,0.11934717422613882,0.039970077389907072,0.033600738887020566,0.014996664180694032,0.037200505243664972,0.0
DeSean Jackson,WR,WAS,7.6095836366092531,5800.0,0.51927187821044163,0.26192581021350786,0.063706284468330876,0.082529282954376795,0.026844459316231431,0.013054792931732357,0.032667491905378959,0.0
Allen Hurns,WR,JAC,7.6019639955697933,4800.0,0.62207780552525505,0.14701420245019156,0.078469048229553653,0.03755973511841687,0.039888767355348916,0.028821095440005176,0.046169345881228861,0.0
Charone Peake,WR,NYJ,7.5561671166389512,4500.0,0.59947458322437064,0.12187050338830013,0.13855305589057015,0.0327058887582505,0.065844872568579405,0.012881648996839514,0.02866944717308972,0.0
A.J. Green,WR,CIN,7.3474373975079272,7500.0,0.53910444197951368,0.14707998628231442,0.19522268887416711,0.060592159101745688,0.046366349585157562,0.0072687948840596105,0.0043655792930417641,0.0
Jamison Crowder,WR,WAS,7.2721669462266032,6400.0,0.51040706336646757,0.24064520809564174,0.14404744776871156,0.042052759674640207,0.039604362179419379,0.0066419833850797465,0.016601175530039834,0.0
Brandon LaFell,WR,CIN,7.2307995626899721,5800.0,0.50509559029064743,0.24458142549705469,0.1451572841416052,0.050782766640896579,0.034192974432448731,0.0060606749183424102,0.014129284079004984,0.0
Marquise Goodwin,WR,BUF,7.2087894836763384,5400.0,0.59552394122171981,0.19707949072827222,0.047481498111452677,0.087349092176372573,0.024516711030172396,0.015145963082522574,0.032903303649487708,0.0
Charles Johnson,WR,MIN,7.1770075211701547,4500.0,0.62189402157243479,0.15144883365243605,0.097653750870814432,0.035478759399345895,0.042824954832130502,0.012425897706695199,0.038273781966143117,0.0
Marc Mariani,WR,TEN,7.0220153448237763,4500.0,0.67926117043338918,0.11957127992800584,0.060143562116587258,0.036267842603482155,0.037061046607886269,0.021680792305091161,0.046014306005558059,0.0
Brice Butler,WR,DAL,6.9509403685434759,4500.0,0.6826635515921714,0.11647148722219577,0.064204215322933536,0.021986324095226936,0.061356271791020538,0.0084292523040453184,0.044888897672406586,0.0
Jeremy Kerley,WR,SF,6.9492839865553631,5100.0,0.5912449875865361,0.16244482407832492,0.13272185434932013,0.050514469921067638,0.036932857712066197,0.0048154115798749574,0.021325594772810003,0.0
Phillip Dorsett,WR,IND,6.9137117102132271,4600.0,0.62951697175855137,0.18138511511429592,0.050714625809274182,0.058210951606042817,0.026293347266138845,0.020061128979942392,0.033817859465754635,0.0
Donte Moncrief,WR,IND,6.8959711267495045,6400.0,0.59552362248734825,0.22504367305582601,0.046248426066526627,0.067163546452966502,0.020363395704624018,0.012042138352652665,0.033615197880055805,0.0
Roger Lewis,WR,NYG,6.7536102937834102,4500.0,0.66402938151210866,0.15908657586745209,0.05678207840430028,0.0338713869891141,0.025368625569680083,0.013746681958782647,0.047115269698562084,0.0
Brandon Coleman,WR,NO,6.7178062080587635,4500.0,0.670501040657136,0.13190972262569492,0.072409367815542108,0.037593636397851959,0.039566215712746641,0.010895398554168489,0.037124618236859801,0.0
Brandon Marshall,WR,NYJ,6.6844450139170473,7200.0,0.64605122503505186,0.13089989386907469,0.13457996820500845,0.0094776763606744495,0.039374160268320885,0.0044076622354282747,0.035209414026441503,0.0
James Wright,WR,CIN,6.66552447965634,4500.0,0.63386691389071903,0.18027778835880037,0.053464556710903569,0.066086977808480982,0.027664976921011941,0.0094499719829178597,0.029188814327166211,0.0
Kenny Stills,WR,MIA,6.637840864683751,5300.0,0.64376182809690352,0.16535342764367528,0.075169030239272405,0.042336229239202626,0.033352577104276616,0.0058114741456913831,0.034215433530978237,0.0
Sammy Watkins,WR,BUF,6.5522527903828518,6000.0,0.64314014172698586,0.17131465888276906,0.083558430159058006,0.032540225562539292,0.027426078551552113,0.0056259835195083038,0.036394481597587292,0.0
Tommylee Lewis,WR,NO,6.5512982087710174,4500.0,0.70398481076948627,0.11788787729254506,0.062786591493490029,0.028808685015889301,0.028066319306246645,0.0079466037288018279,0.050519112393540726,0.0
Isaiah Burse,WR,SD,6.4549939359887336,4500.0,0.69998410238357667,0.11427714829411366,0.08079530788327606,0.01614826767350673,0.040136990728071864,0.0067599550261225032,0.041898228011332403,0.0
Tanner McEvoy,WR,SEA,6.4110089128915702,4500.0,0.70951477719924394,0.13146436207747197,0.03158890306945171,0.047551953068246125,0.024411252325545918,0.00885876255683022,0.046609989703210071,0.0
Jeff Janis,WR,GB,6.4030912244360358,4500.0,0.72112290389407807,0.096791580793609694,0.055808101429657919,0.038765988894425583,0.040622108567496339,0.0075709976358272835,0.039318318784905097,0.0
Michael Floyd,WR,ARI,6.390735519973533,4700.0,0.60420441875071584,0.19603840513099632,0.10684302123457812,0.037355791413458031,0.039034210744612094,0.0047923690272837554,0.011731783698355789,0.0
Bryce Treggs,WR,PHI,6.3512828776908172,4500.0,0.69396353153818446,0.12853276878178482,0.071326731104313146,0.034438984461055651,0.022123095171843264,0.01015717843407286,0.039457710508745837,0.0
Dwayne Harris,WR,NYG,6.3032217991408785,4500.0,0.71049704036666894,0.13248486908811405,0.050291280341493008,0.027804998232150879,0.022364646459617651,0.0086121508703732533,0.047945014641582469,0.0
Terrance Williams,WR,DAL,6.2864969044087227,4600.0,0.71776398965232435,0.11540090771412757,0.054147990779337504,0.021918183663652363,0.04554447771538124,0.0055259322214603517,0.03969851825371664,0.0
Rashard Higgins,WR,CLE,6.1587082301214275,4500.0,0.68860166565408976,0.1356175566200454,0.073564286253438554,0.037525726497042854,0.025443354465461483,0.013642165846736356,0.025605244663185669,0.0
Laquon Treadwell,WR,MIN,6.1541197419571727,4500.0,0.73321673809363797,0.10795263843034537,0.041172869746578265,0.042707109785132209,0.022392521521340941,0.012529093814734629,0.040029028608230641,0.0
Cameron Meredith,WR,CHI,6.0133540379746391,5400.0,0.62554589948388373,0.20086289260702714,0.095945521954072924,0.036092435031746424,0.023917774183121777,0.0057747530392894941,0.011860723700858626,0.0
Rod Streater,WR,SF,5.9843827667596869,4500.0,0.68708871538822858,0.12719030727992892,0.10070799730944051,0.034581629591564349,0.022967888247939987,0.0039057963347734121,0.023557665848124219,0.0
Deonte Thompson,WR,CHI,5.9759590720727109,4500.0,0.6775219713645928,0.15111117760586334,0.086940435318771242,0.034094675205529737,0.020026474071400881,0.0061162583673531282,0.024189008066488923,0.0
Andrew Hawkins,WR,CLE,5.9245238269850162,4500.0,0.70484975894533475,0.13222017926373242,0.06743466206908276,0.032973694380533047,0.026364960683248055,0.014389669437956392,0.021767075220112595,0.0
Geronimo Allison,WR,GB,5.9236120347277526,4500.0,0.75528940942909273,0.085425308522537255,0.047217071835381874,0.034307764955117233,0.038124903887699464,0.0054606497133433424,0.034174891656828188,0.0
Eddie Royal,WR,CHI,5.9023369655109574,5000.0,0.71053393069537019,0.11738055727145547,0.08331675119512845,0.027433718955758614,0.028119235237886526,0.0094850050446308367,0.023730801599769719,0.0
Cobi Hamilton,WR,PIT,5.6737276278594004,4500.0,0.75903077235299654,0.095889138210503738,0.049806939607269465,0.030516336222336734,0.026617408174455345,0.0044548456858948303,0.033684559746543344,0.0
Lucky Whitehead,WR,DAL,5.6734335992891491,4500.0,0.76984482092851925,0.090822251737402701,0.045207006548186081,0.016898353413218554,0.03753650568643993,0.0035883526145848266,0.036102709071648538,0.0
Brandon Tate,WR,BUF,5.6042027494310123,4500.0,0.69959380157001161,0.16387729968999298,0.045624277692233137,0.047627579603722853,0.019342402975538419,0.006741870631223148,0.017192767837277741,0.0
Ricardo Louis,WR,CLE,5.4902121368914205,4500.0,0.74148957910016144,0.1168852543647889,0.059351211742692395,0.02921391559403225,0.022192102807481576,0.009731330016262944,0.021136606374580435,0.0
Chris Harper,WR,SF,5.4348299458129929,4500.0,0.69490247918600112,0.1502205143609216,0.09646338798982014,0.026070364939436659,0.016247044099451095,0.0026706224349860707,0.013425586989383351,0.0
DeAndre Hopkins,WR,HOU,5.3780019316262804,7100.0,0.64690391393950564,0.21384429994804463,0.095170251491228194,0.024302260974556542,0.011212872891201381,0.0013495306694893319,0.0072168700859743407,0.0
Ted Ginn Jr.,WR,CAR,5.3667060575661747,4700.0,0.74404337806081344,0.1271092643678246,0.05900924805798493,0.021958251114125339,0.017501333911059399,0.0034180314202818911,0.026960493067910381,0.0
Chester Rogers,WR,IND,5.2978487468896756,4500.0,0.75972653830924697,0.12295189199681461,0.033448554860607355,0.0362159338051284,0.015872353021029916,0.0060114652574818784,0.025773262749690998,0.0
Justin Hunter,WR,BUF,5.2622810700437492,5300.0,0.74595640629763549,0.13888930685970938,0.028536118724919873,0.047461736395693996,0.012891867222679985,0.0054517850829661962,0.020812779416395043,0.0
Arrelious Benn,WR,JAC,5.0901368946098371,4500.0,0.78074598735098666,0.11017102957077485,0.039725841604523256,0.020413973329209259,0.017601135055054683,0.0046433394314223967,0.02669869365802887,0.0
Sammie Coates,WR,PIT,5.0488819811997443,4600.0,0.82052613443854561,0.068858761774269112,0.036699655889208496,0.018998989277187274,0.017074511425875117,0.002499565076494837,0.035342382118419446,0.0
Aaron Burbridge,WR,SF,4.9277247946449823,4500.0,0.77762537037046775,0.096806716396425865,0.068578715669033563,0.021523832690850873,0.016106719622085385,0.0021658396658525356,0.017192805585284104,0.0
Alex Erickson,WR,CIN,4.8101927707114109,4500.0,0.76786524617462237,0.11929939854335528,0.059664133644099414,0.02368704492259532,0.014345945746162148,0.0022883538275227599,0.012849877141643,0.0
Braxton Miller,WR,HOU,4.7360828700468467,4600.0,0.76701828879186651,0.13054830586374508,0.054764568136662369,0.021023435944863562,0.010405767824159758,0.0020745764069991773,0.014165057031703635,0.0
Corey Brown,WR,CAR,4.6796691971498046,4500.0,0.8017513091191818,0.099927445232335627,0.045066416494408061,0.018294446193796179,0.012630935800522106,0.0031166180753885134,0.019212829084367659,0.0
Leonte Carroo,WR,MIA,4.6420325902075588,4500.0,0.82483320728542497,0.083645426803510933,0.034368249401728002,0.016597570123726178,0.013817729001286682,0.0018898979599225028,0.024847919424401045,0.0
Pharoh Cooper,WR,LARM,4.5718895112031772,4500.0,0.80257096777962889,0.10528625275200672,0.046922981134955043,0.013448511141208081,0.010786017745165922,0.0030987790608667997,0.017886490386168713,0.0
Bradley Marquez,WR,LARM,4.4878668007601803,4500.0,0.8157974993178021,0.095851648087675462,0.044748880669068451,0.0125435077713848,0.009327611315277198,0.0026450408674576773,0.019085811971334167,0.0
Jakeem Grant,WR,MIA,4.4271672565081488,4500.0,0.84317210240199603,0.075051841343810599,0.030247366110356597,0.014485880785715336,0.01278539472906279,0.0015903590834483938,0.02266705554561026,0.0
