name,pos,team,expectation,salary,prob_0_5,prob_5_10,prob_10_15,prob_15_20,prob_20_25,prob_25_30,prob_30+,label
Tyler Eifert,TE,CIN,9.5081479115860255,6700.0,0.29752072310851291,0.29204522574684338,0.21891871190189557,0.1276818526030791,0.040380165819897111,0.01684391576718372,0.0066094050525886214,0.0
Jimmy Graham,TE,SEA,9.0269832312110285,6600.0,0.32872614760953617,0.29714232997550122,0.2116300532554429,0.10184208788685094,0.036251015481128031,0.016126995649508206,0.0082813701420327429,0.0
Coby Fleener,TE,NO,8.8364628359548156,5300.0,0.31114551053144551,0.34725120468131992,0.19957731103187981,0.079020370018300937,0.040421472867357103,0.016438074487647662,0.0061460563820483604,1.0
Cameron Brate,TE,TB,8.8268325359590083,5600.0,0.31664827866808093,0.32142930002403147,0.22151310648309216,0.090586013632641516,0.03082805666742925,0.011752241851178086,0.0072430026735467732,1.0
Greg Olsen,TE,CAR,8.2451332874175556,6400.0,0.37342081190000009,0.31978398867895852,0.16085298393986652,0.10086398008977679,0.028255647215579379,0.011616434233101845,0.0052061539427172556,0.0
Kyle Rudolph,TE,MIN,7.9343335713021466,5500.0,0.40800498411820507,0.27761676498637328,0.19928797346930607,0.071849159638443724,0.030245713035756763,0.0068843064069097036,0.0061110983450056713,0.0
Eric Ebron,TE,DET,7.8498287260918049,6000.0,0.41399530193593903,0.30354493734886917,0.15672656945209731,0.077392398480422842,0.027740980506357836,0.016048152198296518,0.0045516600780176374,0.0
Jordan Reed,TE,WAS,7.8156485593927414,7500.0,0.45755440020953786,0.23385590740162812,0.18068080269284276,0.075786495202450968,0.030834303413736504,0.014104728126526059,0.007183362953277735,0.0
Zach Ertz,TE,PHI,7.4313146343538774,5700.0,0.44683093473214147,0.29337476581646699,0.14515233623129392,0.073861297421635996,0.026512293533589536,0.011862665019473856,0.0024057072453977603,0.0
Jason Witten,TE,DAL,7.3397949471721891,5100.0,0.46902191831190249,0.26386431349461065,0.16014408304330421,0.064209266685178942,0.029053182888005628,0.0094207020032191988,0.0042865335737789969,0.0
Delanie Walker,TE,TEN,7.0575481080058493,6200.0,0.52489973502261034,0.20406641011812704,0.16642479538228727,0.067675520938837316,0.023602551106003535,0.0063297098872895155,0.0070012775448452975,0.0
C.J. Fiedorowicz,TE,HOU,6.8201963924876381,5100.0,0.45781998735804735,0.34501978910358672,0.11697005430200651,0.050440175363915707,0.01713464243439768,0.011186332924474237,0.001429018513572133,0.0
Dwayne Allen,TE,IND,6.6661951797403436,4800.0,0.49750265080713107,0.28435093795291216,0.14530322987641617,0.04912881335575256,0.013184430155691819,0.0068580789908830354,0.0036718588612129704,0.0
Ladarius Green,TE,PIT,6.5467763408083304,5800.0,0.50367750490952212,0.27269408932681549,0.16376987859003173,0.039165764348590544,0.014527581944631524,0.0043732499281123188,0.0017919309522965512,0.0
Hunter Henry,TE,SD,6.2900486834581164,5500.0,0.56517056832536194,0.22182742665586033,0.13574275216421544,0.056655052447471869,0.012785937321392321,0.0048205406517936832,0.0029977224339044236,0.0
Lance Kendricks,TE,LARM,6.2732083594916377,4800.0,0.52517514669530652,0.29503388634073896,0.11128201898220449,0.046257703924444567,0.015086110525263877,0.0057647828263199547,0.0014003507057216268,0.0
Jared Cook,TE,GB,6.1836905036301442,4800.0,0.55893365377759041,0.26759836380518337,0.10214614745919498,0.043739724391841373,0.01298997907358595,0.0087870014462245842,0.0058051300463792151,0.0
Vance McDonald,TE,SF,6.1235406734325597,4700.0,0.5742156901568517,0.23146063277591131,0.1238611698176128,0.046259302115411488,0.016576179705064514,0.0060887521203882205,0.0015382733087601858,0.0
Jermaine Gresham,TE,ARI,6.1062825394687144,4500.0,0.53215865342593904,0.3064540086563442,0.10383187309587991,0.03441063145380336,0.014330811847395465,0.0071383523930016804,0.0016756691276366793,0.0
Dion Sims,TE,MIA,5.9749371550001236,4500.0,0.56156120669850329,0.25582630523712846,0.13080782482195119,0.035845847395457354,0.011790215122040549,0.0028325541783433966,0.0013360465465757857,0.0
Antonio Gates,TE,SD,5.8616759490873447,5200.0,0.60202467004773741,0.22257541891822524,0.11291786988826946,0.045254976268397723,0.0060603762210446098,0.0057772525551893069,0.0053894361011363667,0.0
Vernon Davis,TE,WAS,5.85238711066759,4800.0,0.57636750250921553,0.25541737308330936,0.11603507949170079,0.034837862564162804,0.011336001542705884,0.0039385860362584199,0.0020675947726466653,0.0
Ryan Griffin,TE,HOU,5.646065228734372,4500.0,0.60233286475308112,0.24372235670462988,0.10364543934546326,0.032249201634155913,0.010353569191689664,0.0066598438195213262,0.0010367245514592018,0.0
Levine Toilolo,TE,ATL,5.2010628785201298,4800.0,0.68681722617128704,0.16621820583154553,0.095790732325922709,0.035826149626353825,0.007444270880339764,0.0041432171662459244,0.0037601979983053497,0.0
Jack Doyle,TE,IND,5.0463255578128479,4500.0,0.6953339264538736,0.16763874078842442,0.091242510578750768,0.031217408789882915,0.009100392499176364,0.0042987216893374397,0.0011682992005542048,0.0
Richard Rodgers,TE,GB,5.0188424294709328,4500.0,0.68806006696361721,0.20109350504316131,0.070191846191424198,0.022422250047033274,0.0069242437200260779,0.0041166725192131959,0.0071914155155241612,0.0
Jesse James,TE,PIT,4.781758378317174,4500.0,0.73730119741083733,0.15521598372525078,0.061287098977608118,0.020117487109875692,0.017229659479157201,0.005483554463699805,0.0033650188335711613,0.0
Will Tye,TE,NYG,4.5156862096626611,4500.0,0.75750818884301208,0.13424950762530335,0.077342255511630043,0.015865176828738392,0.010922261867868684,0.002542210184085401,0.0015703991393618518,0.0
Trey Burton,TE,PHI,4.5122725685439384,4500.0,0.75072755212634312,0.15168101740265069,0.060837060835106295,0.025985305163005012,0.0059774708570943264,0.0026078551894482523,0.0021837384263524119,0.0
Charles Clay,TE,BUF,4.5005755449605935,4500.0,0.74112997777050638,0.15589891044578874,0.078160289553259363,0.017024914223337954,0.0041317956671007286,0.0023053574057667809,0.0013487549342400776,0.0
Julius Thomas,TE,JAC,4.4183358206533159,5100.0,0.78305838939879036,0.11530778831986663,0.062553887117838561,0.028759683383703917,0.0026541259508290672,0.0023158468450831522,0.0053502789838885574,0.0
Garrett Celek,TE,SF,4.3592928779162579,4500.0,0.77913416490850218,0.12028985752028216,0.07141559565432179,0.01890577112407843,0.0051471604153040017,0.0011779038219672409,0.0039295465555443838,0.0
Neal Sterling,TE,JAC,4.2622748014376333,4500.0,0.77431402458864962,0.14089880684029354,0.056030220674442147,0.022005239564155423,0.002763140553491293,0.002332172914249829,0.0016563948647181795,0.0
Gary Barnidge,TE,CLE,4.249998164557069,4500.0,0.78641745919798578,0.1194448467572907,0.068627317539341662,0.01560673224832511,0.006051170032748918,0.0018438721723551324,0.002008602051952791,0.0
Erik Swoope,TE,IND,4.2194188267229045,4500.0,0.78969152348969007,0.11899017910616275,0.059918772078964858,0.025035826506347628,0.0035684671957275944,0.0016628745144422557,0.0011323571086651657,0.0
Daniel Brown,TE,CHI,4.0618153172393434,4500.0,0.80225420807358594,0.12084467751329468,0.051972825741738844,0.017052465162915694,0.0054567635422115915,0.00075706999143190508,0.0016619899748219734,0.0
Dominique Jones,TE,MIA,4.0592794413141284,4500.0,0.813177845314627,0.10210233065811442,0.058606212884795471,0.01721366879517006,0.0061572101781975025,0.0010376495748668658,0.0017050825942286157,0.0
David Johnson,TE,PIT,4.033049732123434,4500.0,0.80457948169881788,0.13217722174616403,0.041043690060245892,0.011584643665068903,0.004057167379718383,0.00084195092063438725,0.0057158445293505897,0.0
Josh Hill,TE,NO,3.9807347167888687,4500.0,0.80330137385601386,0.12315465576146627,0.055878286196078208,0.013576619318169381,0.0020097059123507094,0.00069919974216596775,0.0013801592137554321,0.0
Gavin Escobar,TE,DAL,3.9488204209069711,4500.0,0.81514255896450227,0.1331182783254343,0.029733883856654816,0.0094625799928127283,0.0039627003434955059,0.0018869957139516979,0.0066930028031494263,0.0
Austin Seferian-Jenkins,TE,NYJ,3.8972139122227416,4600.0,0.81501478263469507,0.11840088781719875,0.047246404380865491,0.015037020666987243,0.0018313067847780394,0.0012930589500319959,0.0011765387654437793,0.0
Austin Hooper,TE,ATL,3.8829281047249276,4700.0,0.87628372620278916,0.064874205983349462,0.031851367008460765,0.006049162117786085,0.0020027291933525653,0.00083465592984148149,0.018104153564421261,0.0
Alan Cross,TE,TB,3.8101102143123189,4500.0,0.83593963646445923,0.099837714802184993,0.04541333806124713,0.010130261201609196,0.0051881175781671599,0.0016511061865813329,0.0018398257057510182,0.0
Seth DeValve,TE,CLE,3.8031739692340816,4500.0,0.83827262578357609,0.099060190544128401,0.040777055378855183,0.014001974961244621,0.0038673153419383735,0.0023934270954543333,0.0016274108948028557,0.0
Ben Koyack,TE,JAC,3.7386429801351491,4500.0,0.82780906688125,0.1200222628035055,0.036116983264445797,0.012846502418775389,0.0012499775130529682,0.00051726459147452238,0.0014379425274957292,0.0
A.J. Derby,TE,DEN,3.59829330661197,4500.0,0.8576781587741199,0.086534985344105683,0.042075303367073297,0.01010026296341693,0.0016169118782499031,0.00050588135589102608,0.0014884963171439925,0.0
Tyler Higbee,TE,LARM,3.5664828954860015,4500.0,0.85469964130365983,0.095959051057069311,0.036654271586686708,0.0097424255357468088,0.0015160785615278448,0.00036537579740562838,0.0010631561579042268,0.0
Darren Fells,TE,ARI,3.5445018276401576,4500.0,0.85454788988503894,0.10281009364706259,0.029506470944660242,0.0096072419419160077,0.0016720191715640564,0.00033221412252223314,0.0015240702872358737,0.0
Brandon Bostick,TE,NYJ,3.4392954245274749,4500.0,0.87612074811784002,0.079068013070556512,0.032585894208734652,0.0092329978149802601,0.00091381041691404553,0.0008302920709777051,0.001248244299997445,0.0
Rhett Ellison,TE,MIN,3.4389138801284096,4500.0,0.87424989542435383,0.079713208542595088,0.035206450227045424,0.0086335518076303287,0.00080202414479786047,0.00034582601422849233,0.0010490438393493775,0.0
Nick Vannett,TE,SEA,3.4132257150976395,4500.0,0.87894045405839727,0.079528292427924266,0.029920553219651307,0.0080086497688636616,0.0012174694053486096,0.00074657336965286804,0.0016380077501617666,0.0
Logan Paulsen,TE,CHI,3.3703967835779456,4500.0,0.90518002727576596,0.056634499322535517,0.023351412680970959,0.0061831946555850423,0.0010955386344341166,0.00086622318199144031,0.006689104248717331,0.0
Luke Willson,TE,SEA,3.3613212614198185,4500.0,0.88685714889975353,0.074029817608579407,0.028536905506260035,0.006295045091454312,0.0014644391387465094,0.0012603017168854275,0.001556342038321216,0.0
Derek Carrier,TE,WAS,3.3534277050951378,4500.0,0.87912146768060717,0.091289331599167411,0.019575783601535085,0.0057134680716895416,0.0014679528684102495,0.00078369908850450245,0.0020482970900858265,0.0
Jerell Adams,TE,NYG,3.3339230628444358,4500.0,0.89306381912079358,0.06925347392817216,0.028897097800168102,0.0042959071455372722,0.00058296074584739729,0.00058429304416865457,0.0033224482153129337,0.0
Brent Celek,TE,PHI,3.2968467936817736,4600.0,0.89193966833513383,0.076568449927917295,0.021172298174605666,0.0058033531656707365,0.0019861829329874824,0.00089585818912670066,0.0016341892745585164,0.0
Stephen Anderson,TE,HOU,3.2821871176098094,4500.0,0.89416396044245705,0.072159502522881655,0.024797083884234211,0.0053646729131582279,0.0013991812537404232,0.00050558927784356269,0.0016100097056857238,0.0
Nick O'Leary,TE,BUF,3.1809609002270727,4500.0,0.90765350607293227,0.062778892008205231,0.022230612836312939,0.0047271582395907608,0.00061706715161403546,0.00043376330292570198,0.0015590003884194401,0.0
Ben Braunecker,TE,CHI,3.1187734715178363,4500.0,0.9157577831103163,0.057815278086818314,0.019688632006901231,0.0042413615179632434,0.00068326815108070459,0.00045593752016326598,0.001357739606756595,0.0
Marcedes Lewis,TE,JAC,3.1139248056012767,4500.0,0.91586310193544662,0.060027724046641716,0.016847952722683475,0.0040603958745360725,0.0013159833025442537,0.00042350864900374231,0.0014613334691449633,0.0
Luke Stocker,TE,TB,3.1075378833214966,4500.0,0.91771875963731353,0.060100351102256054,0.014788649440015596,0.0025938098254664949,0.0025194827450564367,0.00056172726594075502,0.001717219983951237,0.0
John Phillips,TE,NO,3.0962675555049755,4500.0,0.91535347911422404,0.06420535529000454,0.014438108552529992,0.0029693565527890756,0.0006776107480177089,0.0005074381802234962,0.0018486515622115327,0.0
Brandon Myers,TE,TB,3.0906762053502312,4500.0,0.9202748019892788,0.05858514181766563,0.01402830450449866,0.0021840117658817769,0.0024742325581349873,0.00060218210421078685,0.001851325260329822,0.0
Cory Harkey,TE,LARM,3.0521363372110097,4500.0,0.92287326754243593,0.053817765647962111,0.018516433137469469,0.0028721432406659093,0.00044480679728929644,0.00027354334267444064,0.0012020402915036016,0.0
Matt Spaeth,TE,PIT,3.0356244225020479,4500.0,0.92656915127135153,0.054101650576904352,0.013709448607404681,0.0022809895900813117,0.00080977394981495614,0.00061075792646182487,0.0019182280779819513,0.0
Paul Lang,TE,PIT,3.0356244225020479,4500.0,0.92656915127135153,0.054101650576904352,0.013709448607404681,0.0022809895900813117,0.00080977394981495614,0.00061075792646182487,0.0019182280779819513,0.0
Xavier Grimble,TE,PIT,3.0356244225020479,4500.0,0.92656915127135153,0.054101650576904352,0.013709448607404681,0.0022809895900813117,0.00080977394981495614,0.00061075792646182487,0.0019182280779819513,0.0
Niles Paul,TE,WAS,3.0285989475694861,4500.0,0.92754313725011595,0.052244658042731325,0.01507820038553671,0.0022031264665350434,0.00058813232960410692,0.000580682622357015,0.0017620629031208242,0.0
Wes Saxton,TE,WAS,3.0285989475694861,4500.0,0.92754313725011595,0.052244658042731325,0.01507820038553671,0.0022031264665350434,0.00058813232960410692,0.000580682622357015,0.0017620629031208242,0.0
Jeff Heuerman,TE,DEN,3.0254710652003061,4500.0,0.92823647839882928,0.050708756025454382,0.016083577575320314,0.0022051607722936941,0.00063253440108661165,0.00053001428857889687,0.0016034785384375198,0.0
Randall Telfer,TE,CLE,3.0252469593873839,4500.0,0.92647560757181802,0.054916476625232608,0.013289805474741186,0.0025519726455125033,0.00059542173178654505,0.00039596949455675788,0.0017747464563529197,0.0
Virgil Green,TE,DEN,3.021328478128952,4500.0,0.92795864013829155,0.051451008706333103,0.01582960707833396,0.0021205324091752497,0.00065642843109673928,0.00048428615208649656,0.0014994970846836705,0.0
Phillip Supernaw,TE,TEN,3.0153426710809672,4500.0,0.92764357139247755,0.05435065121398612,0.012875612016577432,0.0023287403040261907,0.00053572918839897652,0.00059300129739627006,0.0016726945871378877,0.0
Anthony Fasano,TE,TEN,3.0147050574077365,4500.0,0.92891654288430858,0.052008452339984544,0.013872528147835477,0.0023878107586637822,0.00052990135388732856,0.00063100279682349757,0.0016537617184974177,0.0
Jerome Cunningham,TE,TEN,3.0094279411480422,4500.0,0.92958795313094544,0.051763645516212632,0.013640539317359065,0.0020899457806345403,0.00059803589756990297,0.00060022611721241115,0.0017196542400664888,0.0
Beau Brinkley,TE,TEN,3.0094279411480422,4500.0,0.92958795313094544,0.051763645516212632,0.013640539317359065,0.0020899457806345403,0.00059803589756990297,0.00060022611721241115,0.0017196542400664888,0.0
Brandon Williams,TE,SEA,3.0086279521245687,4500.0,0.93130662014691168,0.049904922372137353,0.013358473089201604,0.0021580100016531977,0.00062435575016968076,0.00071816819386071496,0.0019294504460663055,0.0
Jacob Tamme,TE,ATL,3.0076194162087315,4500.0,0.93005215344540149,0.051429138494264219,0.013423410069891638,0.0021313598133255998,0.00060897375384610345,0.00059287906595226344,0.0017620853573193764,0.0
Jace Amaro,TE,TEN,3.0058685344177252,4500.0,0.93062790100437309,0.05059081757524303,0.013642478259588069,0.0022058582906797145,0.00057517479236078605,0.00063056450517996905,0.0017272055725759019,0.0
Henry Krieger-Coble,TE,DEN,3.0056017125418872,4500.0,0.93067463213081725,0.050515447328504673,0.013672228315797241,0.0021718397244318275,0.00064629412460100036,0.00061159104429175698,0.0017079673315568875,0.0
Garrett Graham,TE,DEN,3.0056017125418872,4500.0,0.93067463213081725,0.050515447328504673,0.013672228315797241,0.0021718397244318275,0.00064629412460100036,0.00061159104429175698,0.0017079673315568875,0.0
Anthony Norris,TE,DEN,3.0056017125418872,4500.0,0.93067463213081725,0.050515447328504673,0.013672228315797241,0.0021718397244318275,0.00064629412460100036,0.00061159104429175698,0.0017079673315568875,0.0
Danny Vitale,TE,CLE,3.0037513252426478,4500.0,0.93005387244268567,0.051501362398574349,0.013301305721685077,0.002448893143263423,0.00063796139959618767,0.00041344375590843062,0.0016431611382873299,0.0
Larry Donnell,TE,NYG,3.0027916970942745,4500.0,0.93224166065491121,0.045399774285360572,0.017987768247650818,0.0020095388788246714,0.00060795559282414598,0.00044925038824448511,0.0013040519521845383,0.0
Tony Moeaki,TE,CHI,3.0019201213936317,4500.0,0.93106184774981249,0.05042230621497349,0.013443110189555393,0.0021474952751094761,0.00060332244781342707,0.00058183048648437923,0.0017400876362519506,0.0
Justin Perillo,TE,CHI,3.0019201213936317,4500.0,0.93106184774981249,0.05042230621497349,0.013443110189555393,0.0021474952751094761,0.00060332244781342707,0.00058183048648437923,0.0017400876362519506,0.0
Busta Anderson,TE,CHI,3.0019201213936317,4500.0,0.93106184774981249,0.05042230621497349,0.013443110189555393,0.0021474952751094761,0.00060332244781342707,0.00058183048648437923,0.0017400876362519506,0.0
Rob Housler,TE,CHI,3.0019201213936317,4500.0,0.93106184774981249,0.05042230621497349,0.013443110189555393,0.0021474952751094761,0.00060332244781342707,0.00058183048648437923,0.0017400876362519506,0.0
Beau Sandland,TE,GB,3.0014721299223996,4500.0,0.93139374042692658,0.049875183591109783,0.013643660917655674,0.0021305633109868259,0.00063416844497130888,0.00059592310604330461,0.0017267602023071113,0.0
Anthony Denham,TE,PHI,3.0010813111271446,4500.0,0.93125302319548708,0.050486540956230348,0.013038040619690784,0.0022904845340962162,0.00061547940250375433,0.00049102305362422576,0.0018254082383680095,0.0
Chris Pantale,TE,PHI,3.0010813111271446,4500.0,0.93125302319548708,0.050486540956230348,0.013038040619690784,0.0022904845340962162,0.00061547940250375433,0.00049102305362422576,0.0018254082383680095,0.0
M.J. McFarland,TE,PHI,3.0010813111271446,4500.0,0.93125302319548708,0.050486540956230348,0.013038040619690784,0.0022904845340962162,0.00061547940250375433,0.00049102305362422576,0.0018254082383680095,0.0
Khari Lee,TE,DET,3.0007708283079357,4500.0,0.93167004537868425,0.049427711558102591,0.013831741902392298,0.0021196138207319245,0.00062002086917464642,0.00061772446742709339,0.0017131420034876734,0.0
Brandon Pettigrew,TE,DET,3.0007708283079357,4500.0,0.93167004537868425,0.049427711558102591,0.013831741902392298,0.0021196138207319245,0.00062002086917464642,0.00061772446742709339,0.0017131420034876734,0.0
Andrew Quarless,TE,DET,3.0007708283079357,4500.0,0.93167004537868425,0.049427711558102591,0.013831741902392298,0.0021196138207319245,0.00062002086917464642,0.00061772446742709339,0.0017131420034876734,0.0
Orson Charles,TE,DET,3.0007708283079357,4500.0,0.93167004537868425,0.049427711558102591,0.013831741902392298,0.0021196138207319245,0.00062002086917464642,0.00061772446742709339,0.0017131420034876734,0.0
Matthew Mulligan,TE,DET,3.0007708283079357,4500.0,0.93167004537868425,0.049427711558102591,0.013831741902392298,0.0021196138207319245,0.00062002086917464642,0.00061772446742709339,0.0017131420034876734,0.0
Cole Wick,TE,DET,3.0007708283079357,4500.0,0.93167004537868425,0.049427711558102591,0.013831741902392298,0.0021196138207319245,0.00062002086917464642,0.00061772446742709339,0.0017131420034876734,0.0
Connor Hamlett,TE,CLE,2.9982097972827497,4500.0,0.93176417318155835,0.049777395976599338,0.013348063550440849,0.0022056167079199237,0.00062082507800493593,0.00051815322820656956,0.0017657722772702316,0.0
James Hanna,TE,DAL,2.9977333639203945,4500.0,0.93159818396259519,0.04999540303500094,0.013421126610855703,0.0020885696307708338,0.00060045494638351858,0.00058947596269615381,0.00170678585169829,0.0
Geoff Swaim,TE,DAL,2.9977333639203945,4500.0,0.93159818396259519,0.04999540303500094,0.013421126610855703,0.0020885696307708338,0.00060045494638351858,0.00058947596269615381,0.00170678585169829,0.0
Kivon Cartwright,TE,TB,2.9947399514712147,4500.0,0.93162040817897007,0.050212574082511535,0.01323116441924565,0.0021689890924000746,0.0005746425182150994,0.00052126072206483257,0.0016709609865930999,0.0
Andrew DePaola,TE,TB,2.9947399514712147,4500.0,0.93162040817897007,0.050212574082511535,0.01323116441924565,0.0021689890924000746,0.0005746425182150994,0.00052126072206483257,0.0016709609865930999,0.0
John Peters,TE,CIN,2.9917550323752922,4500.0,0.93196457734074045,0.050079146124237812,0.013083608418211467,0.0021368300601604905,0.00054462998510013789,0.00048481271437430081,0.0017063953571759521,0.0
C.J. Uzomah,TE,CIN,2.9917550323752922,4500.0,0.93196457734074045,0.050079146124237812,0.013083608418211467,0.0021368300601604905,0.00054462998510013789,0.00048481271437430081,0.0017063953571759521,0.0
Clay Harbor,TE,DET,2.9917469805508667,4500.0,0.93311064179946901,0.048288356689300538,0.013536645128818041,0.0021768502022481229,0.00057820545689055548,0.00057738531490091874,0.0017319154083731477,0.0
Jim Dray,TE,BUF,2.9895365663610183,4500.0,0.93332412095662831,0.048332320995990531,0.013343730199282028,0.0021067093718976386,0.0005829647320340672,0.00052030300218098115,0.0017898507419868768,0.0
Blake Bell,TE,SF,2.9875930494507208,4500.0,0.93168838198875037,0.050141451711261324,0.01368329173758687,0.0020754898670828242,0.00053544311144328529,0.00036752509233590086,0.0015084164915396595,0.0
MarQueis Gray,TE,MIA,2.9860293598758987,4500.0,0.9335979844395137,0.047391353832124505,0.014363241087087088,0.0019738792233182463,0.00055273527113783153,0.00055318849329854842,0.0015676176535203217,0.0
Thomas Duarte,TE,MIA,2.9860293598758987,4500.0,0.9335979844395137,0.047391353832124505,0.014363241087087088,0.0019738792233182463,0.00055273527113783153,0.00055318849329854842,0.0015676176535203217,0.0
Jordan Cameron,TE,MIA,2.9860293598758987,4500.0,0.9335979844395137,0.047391353832124505,0.014363241087087088,0.0019738792233182463,0.00055273527113783153,0.00055318849329854842,0.0015676176535203217,0.0
Asante Cleveland,TE,SD,2.9859907395107523,4500.0,0.9332969236740003,0.048381334574596091,0.013466924038027206,0.0021596571261406059,0.00053949867585749705,0.00051053550287495284,0.0016451264085035854,0.0
Jeff Cumberland,TE,SD,2.9859907395107523,4500.0,0.9332969236740003,0.048381334574596091,0.013466924038027206,0.0021596571261406059,0.00053949867585749705,0.00051053550287495284,0.0016451264085035854,0.0
Eric Tomlinson,TE,NYJ,2.9841758764233015,4500.0,0.93322486748043665,0.049016083338252948,0.012872998173169241,0.0021376883939699595,0.00059348684187558167,0.00048040631284481555,0.0016744694594511425,0.0
Kellen Davis,TE,NYJ,2.9841758764233015,4500.0,0.93322486748043665,0.049016083338252948,0.012872998173169241,0.0021376883939699595,0.00059348684187558167,0.00048040631284481555,0.0016744694594511425,0.0
Je'Ron Hamm,TE,SF,2.9829502254372353,4500.0,0.93371152189379925,0.048292138520682794,0.013138317467306667,0.0021230024969037305,0.00054701254822075963,0.00050522135100619767,0.0016827857220808606,0.0
MyCole Pruitt,TE,MIN,2.982581654300251,4500.0,0.93362062003440083,0.048283910821551174,0.013294739926435329,0.0021395695124978701,0.00052179848183075473,0.00051254015368980656,0.001626821069594279,0.0
Kevin McDermott,TE,MIN,2.982581654300251,4500.0,0.93362062003440083,0.048283910821551174,0.013294739926435329,0.0021395695124978701,0.00052179848183075473,0.00051254015368980656,0.001626821069594279,0.0
David Morgan,TE,MIN,2.982581654300251,4500.0,0.93362062003440083,0.048283910821551174,0.013294739926435329,0.0021395695124978701,0.00052179848183075473,0.00051254015368980656,0.001626821069594279,0.0
Darion Griswold,TE,IND,2.9816615712036754,4500.0,0.93383447741783521,0.048385624014126306,0.01290767284870595,0.0021252085651592644,0.00054285166305717949,0.00049517567384448037,0.0017089898172719534,0.0
Chase Coffman,TE,IND,2.9816615712036754,4500.0,0.93383447741783521,0.048385624014126306,0.01290767284870595,0.0021252085651592644,0.00054285166305717949,0.00049517567384448037,0.0017089898172719534,0.0
Nick Truesdell,TE,IND,2.9816615712036754,4500.0,0.93383447741783521,0.048385624014126306,0.01290767284870595,0.0021252085651592644,0.00054285166305717949,0.00049517567384448037,0.0017089898172719534,0.0
Mike Miller,TE,IND,2.9816615712036754,4500.0,0.93383447741783521,0.048385624014126306,0.01290767284870595,0.0021252085651592644,0.00054285166305717949,0.00049517567384448037,0.0017089898172719534,0.0
Ifeanyi Momah,TE,ARI,2.9815556103037224,4500.0,0.93397754348322015,0.048491439766883249,0.012459829504764406,0.0022554837380912127,0.00059758156505838162,0.00044969787537524114,0.0017684240666075348,0.0
Troy Niklas,TE,ARI,2.9815556103037224,4500.0,0.93397754348322015,0.048491439766883249,0.012459829504764406,0.0022554837380912127,0.00059758156505838162,0.00044969787537524114,0.0017684240666075348,0.0
Braxton Deaver,TE,CAR,2.9803183099799555,4500.0,0.9339160464971239,0.048016638583538843,0.013308776947225827,0.0021299376930926724,0.00053114994005528347,0.00047891368317523923,0.001618536655788472,0.0
Scott Simonson,TE,CAR,2.9803183099799555,4500.0,0.9339160464971239,0.048016638583538843,0.013308776947225827,0.0021299376930926724,0.00053114994005528347,0.00047891368317523923,0.001618536655788472,0.0
Chris Manhertz,TE,CAR,2.9803183099799555,4500.0,0.9339160464971239,0.048016638583538843,0.013308776947225827,0.0021299376930926724,0.00053114994005528347,0.00047891368317523923,0.001618536655788472,0.0
E.J. Bibbs,TE,JAC,2.9786652996867957,4500.0,0.93400688107182972,0.048308016271582682,0.012897936984700688,0.0021287117674073952,0.00053444473198493482,0.0004672027700015359,0.0016568064024931363,0.0
Michael Hoomanawanui,TE,NO,2.9774946781539606,4500.0,0.93439228142507458,0.048089561478482451,0.012675522810279102,0.0021071932946186427,0.000522692800839653,0.00049125719670163018,0.0017214909940043962,0.0
Garrett Griffin,TE,NO,2.9774946781539606,4500.0,0.93439228142507458,0.048089561478482451,0.012675522810279102,0.0021071932946186427,0.000522692800839653,0.00049125719670163018,0.0017214909940043962,0.0
Jake Stoneburner,TE,NO,2.9774946781539606,4500.0,0.93439228142507458,0.048089561478482451,0.012675522810279102,0.0021071932946186427,0.000522692800839653,0.00049125719670163018,0.0017214909940043962,0.0
Matt LaCosse,TE,NYG,2.9754554299964853,4500.0,0.93479825270742622,0.0471761871535087,0.013307653550311787,0.0021064262228505225,0.00050702425993396152,0.00048449910128148618,0.001619957004687655,0.0
Ryan Malleck,TE,NYG,2.9754554299964853,4500.0,0.93479825270742622,0.0471761871535087,0.013307653550311787,0.0021064262228505225,0.00050702425993396152,0.00048449910128148618,0.001619957004687655,0.0
Bryce Williams,TE,LARM,2.9730002703335594,4500.0,0.93476533168935871,0.047738269076725202,0.012777377882528706,0.0020542229788771617,0.00058872386917787158,0.00047001297338397391,0.0016060615299486535,0.0
Temarrick Hemingway,TE,LARM,2.9730002703335594,4500.0,0.93476533168935871,0.047738269076725202,0.012777377882528706,0.0020542229788771617,0.00058872386917787158,0.00047001297338397391,0.0016060615299486535,0.0
Benson Browne,TE,LARM,2.9730002703335594,4500.0,0.93476533168935871,0.047738269076725202,0.012777377882528706,0.0020542229788771617,0.00058872386917787158,0.00047001297338397391,0.0016060615299486535,0.0
Justice Cunningham,TE,LARM,2.9730002703335594,4500.0,0.93476533168935871,0.047738269076725202,0.012777377882528706,0.0020542229788771617,0.00058872386917787158,0.00047001297338397391,0.0016060615299486535,0.0
Sean McGrath,TE,SD,2.9722986524630679,4500.0,0.93495493416638631,0.047083560310861063,0.013340078598316662,0.0020955075143936509,0.00052545883799455181,0.00046355908556725716,0.0015369014864805828,0.0
Tyler Kroft,TE,CIN,2.959608788087646,4500.0,0.93875903998889676,0.044799876681641058,0.011208996624742498,0.0020680644297526316,0.0004234705701591507,0.00067184930983216326,0.0020687023949765267,0.0
Ed Dickson,TE,CAR,2.958278764216705,4500.0,0.93628001090920754,0.04675915103000329,0.012424433030367171,0.0022022100075548695,0.00046340672241230606,0.00038176340844697841,0.0014890248920083743,0.0
