name,pos,team,expectation,salary,prob_0_5,prob_5_10,prob_10_15,prob_15_20,prob_20_25,prob_25_30,prob_30+
Jimmy Graham,TE,SEA,9.8225411663199313,6600.0,0.28826263598706836,0.29193648020753732,0.22915349609347846,0.10591004444302228,0.049190906850786476,0.020853891053614456,0.014692545364493303
Tyler Eifert,TE,CIN,9.3238306165235247,6700.0,0.29761378036367303,0.32111795810303695,0.20029278985984839,0.11555660819098602,0.039947437217170721,0.01930750578934903,0.0061639204759361705
Coby Fleener,TE,NO,8.7434081505441057,5300.0,0.32446650433448559,0.34199087942682105,0.18915367168528399,0.078253021863948349,0.046460208062902304,0.013405757069770329,0.0062699575567886521
Cameron Brate,TE,TB,8.4021008209248222,5600.0,0.35124726693993291,0.31757313096821255,0.20194255802081365,0.082890663743434567,0.029569400838048408,0.011358696059669363,0.0054182834298892391
Greg Olsen,TE,CAR,8.387426011387884,6400.0,0.35904660284613499,0.3170513743381454,0.18219412604964139,0.092583630608408782,0.032532702866306808,0.013120859229443171,0.0034707040619198436
Eric Ebron,TE,DET,8.2738284771264929,6000.0,0.3939527133758986,0.29512826717321256,0.17170216893481155,0.08421678715252244,0.025880931472601419,0.019476902837807758,0.0096422290531462743
Kyle Rudolph,TE,MIN,8.0764250338963013,5500.0,0.3871215808196854,0.30631757049864095,0.18080296754425926,0.075386968844938951,0.035102648056656777,0.012302476734775507,0.0029657875010429919
Jordan Reed,TE,WAS,7.9846109327414885,7500.0,0.4351280175442559,0.24516070136175483,0.18780994596964817,0.08252167964447682,0.0304706256577809,0.010809761440568366,0.0080992683815154544
Zach Ertz,TE,PHI,7.6380903126378907,5700.0,0.40908529210516259,0.3181847019235825,0.16625315261848519,0.069711234811031891,0.021854189656750785,0.011031796963660521,0.0038796319213267451
Jason Witten,TE,DAL,7.6072015791550633,5100.0,0.44939401739330037,0.2689365762199778,0.17075245993348231,0.061416860152123401,0.030785437905524099,0.012025817937162904,0.0066888304584290913
C.J. Fiedorowicz,TE,HOU,7.1574406565813886,5100.0,0.43603893987991049,0.34129096993774671,0.12917121952330948,0.059706873620077074,0.018842471992258445,0.013205132867261108,0.0017443921794371342
Delanie Walker,TE,TEN,7.1551356396919674,6200.0,0.50758374764956171,0.21271625169806918,0.16824107320241619,0.079626458747700302,0.020991639490852539,0.0076550628300801442,0.0031857663813200186
Ladarius Green,TE,PIT,6.7879149473156382,5800.0,0.49173263083840124,0.27726163326502934,0.16144420741222457,0.041961050774979157,0.016218995719589707,0.0048705511754625211,0.0065109308143138436
Dwayne Allen,TE,IND,6.5294197162188023,4800.0,0.53854758714292794,0.25295672471329705,0.13317521036291968,0.045870992644292771,0.013006836386028285,0.0066271617005633906,0.0098154870499716045
Hunter Henry,TE,SD,6.2346713820987896,5500.0,0.55510059723428584,0.2418800599190376,0.13567526236625022,0.047215821751922397,0.012307659452038541,0.0053388710618198039,0.0024817282146460374
Lance Kendricks,TE,LARM,6.0953593148294454,4800.0,0.5576901146362252,0.27075705713200227,0.10254958628016507,0.045283836100149216,0.013297334756951367,0.0090457841126614039,0.0013762869818456384
Jared Cook,TE,GB,6.033702470777631,4800.0,0.58986440673859575,0.24218796060535083,0.099231396693726284,0.038282854822046575,0.010796647902831089,0.013056121305443062,0.0065806119320066673
Vance McDonald,TE,SF,6.0322101580675911,4700.0,0.58001070655278741,0.22824443870692088,0.12972801487200036,0.039702627764437531,0.014490810503622753,0.0061211150311385526,0.0017022865690923454
Jermaine Gresham,TE,ARI,5.9486762294400926,4500.0,0.55961272204269341,0.27537774672262255,0.11020615719010059,0.034053491700929278,0.013832018338420019,0.0056729864701959712,0.0012448775350379839
Vernon Davis,TE,WAS,5.9389456278331503,4800.0,0.56994795470485893,0.25357436101420683,0.11774482130980765,0.043376410281961333,0.010354110739126329,0.0035571830298895715,0.0014451589201493597
Antonio Gates,TE,SD,5.7595128834911531,5200.0,0.61745614358931922,0.21094614122895111,0.10568332376963123,0.047285622931957982,0.0093777725183837972,0.0066064297938753149,0.0026445661678817004
Dion Sims,TE,MIA,5.5219177580121936,4500.0,0.61461200436604035,0.22578618977593923,0.11965913219798449,0.026862301239329058,0.0089267805636909104,0.0026755170752195741,0.001478074781797152
Ryan Griffin,TE,HOU,5.510212112544016,4500.0,0.61920970276081799,0.23422954960760087,0.10169379396122952,0.026618698454619481,0.0094623732225186073,0.006925690820719063,0.0018601911724946225
Levine Toilolo,TE,ATL,5.5045230590916052,4800.0,0.64914188259246852,0.1868092294025846,0.11224722584566769,0.036719027254337601,0.0056828419974975569,0.0029241152846600396,0.0064756776227842686
Jack Doyle,TE,IND,4.993116163301023,4500.0,0.7014347854140035,0.16970524755516009,0.087680431769099815,0.024992525555124757,0.0076014928766813226,0.0050881906665338856,0.0034973261633963228
Gavin Escobar,TE,DAL,4.5899469270371398,4500.0,0.77166725016573678,0.14963812447372712,0.045639724614136956,0.0055446739225347317,0.0050962084764184226,0.0037587754841703559,0.018655242863276432
Will Tye,TE,NYG,4.5776664442274875,4500.0,0.73553368080735504,0.16439496994978298,0.070635256158818882,0.013794046427317784,0.011245961019458571,0.003381822282625757,0.0010142633546401162
Richard Rodgers,TE,GB,4.5544286999492556,4500.0,0.744422393491732,0.15188273400080826,0.074465102558948934,0.017408909737055462,0.0053076094335396951,0.0038136640870865541,0.0026995866908288042
Josh Hill,TE,NO,4.5291692968377602,4500.0,0.7405206238068649,0.14845520857843678,0.088634250992971883,0.013277815141351942,0.0067556165674412276,0.0013752765498095004,0.00098120836312358623
Neal Sterling,TE,JAC,4.5091471390480447,4500.0,0.75594907812805923,0.14041427467445461,0.067156013944017406,0.023568788434178277,0.010165188029419523,0.0014115075381671471,0.0013351492517032456
Trey Burton,TE,PHI,4.4282333565255332,4500.0,0.74980851142472627,0.1558272337518179,0.067177820392658072,0.019139322655555582,0.0047267562686369273,0.0016290047107838915,0.0016913507958213436
Jesse James,TE,PIT,4.3082181955562486,4500.0,0.7775559099179038,0.13147168454696442,0.05803664967226152,0.023053358340819573,0.0064941203770372503,0.0020411351689536318,0.0013471419760594685
Julius Thomas,TE,JAC,4.3051634123960394,5100.0,0.78186217672481528,0.13122483266893192,0.046639895142436466,0.032541105398949242,0.0037828833810882494,0.0012639890935754305,0.0026851175902038431
Charles Clay,TE,BUF,4.2599958610410313,4500.0,0.79303966211678922,0.11119527769128655,0.067847214882661586,0.016811509375927122,0.003792578492905381,0.0053565338070638464,0.0019572236333653837
Garrett Celek,TE,SF,4.2589097564030203,4500.0,0.78752258245041329,0.11767916738738875,0.064661093998672148,0.020783437072079188,0.006543800839230428,0.0013395915444650497,0.0014703267077517187
Erik Swoope,TE,IND,4.201635639293273,4500.0,0.78381018110414413,0.13103786960572553,0.060279810772337183,0.017145021552072943,0.0030933815473434476,0.0034654895711895457,0.0011682458471868446
David Johnson,TE,PIT,4.134784355583168,4500.0,0.80445083135098994,0.11194871392722022,0.062542804234866745,0.011189197463887305,0.0022438749645850007,0.0014535339401670262,0.0061710441182835449
Daniel Brown,TE,CHI,4.0800227747868565,4500.0,0.79521853897150996,0.12719413354421408,0.054581989185133198,0.01643699570754216,0.0043239865907624877,0.001032536298823864,0.0012118197020146153
Ben Koyack,TE,JAC,4.0448176729809502,4500.0,0.80204792707735728,0.11854578627718226,0.0589537565355173,0.012263553887017139,0.006787729037259869,0.00035963284596489772,0.0010416143397011968
Dominique Jones,TE,MIA,4.0444179579953543,4500.0,0.79591896726609501,0.12761986383479537,0.058333460485707263,0.011846128947571977,0.0043756949687560861,0.0005550727705754757,0.0013508117264989709
Austin Seferian-Jenkins,TE,NYJ,4.0291421387938806,4600.0,0.78935842112939392,0.14173840771369911,0.051341510579960996,0.013149413519783985,0.002122668345284975,0.00094278445502462551,0.001346794256852324
Gary Barnidge,TE,CLE,3.9764481335999085,4500.0,0.81319676910433414,0.11026478304440122,0.055795221731399884,0.014439098368665504,0.0033254520396089867,0.0016973967846606534,0.0012812789269299706
Austin Hooper,TE,ATL,3.8846958757706482,4700.0,0.85719398032256466,0.075118166172523287,0.04215420804071953,0.010726980311222481,0.0037276185815149489,0.001061750049348213,0.010017296522107482
Alan Cross,TE,TB,3.8462247574548494,4500.0,0.83217882283377242,0.10700864770555525,0.039000312418463433,0.011518539238985258,0.005746439216943555,0.0019084976313731756,0.0026387409549064821
Seth DeValve,TE,CLE,3.7144900517444013,4500.0,0.84326870912781204,0.10045777474885935,0.037879772070172464,0.012780281424537042,0.0018612762669354109,0.0023296461550807663,0.0014225402066029799
Brandon Bostick,TE,NYJ,3.7124426007593039,4500.0,0.83086659626951953,0.11347557180379103,0.043732861701102861,0.0091268434101665456,0.001333289747154541,0.00045860347798719071,0.0010062335902784811
A.J. Derby,TE,DEN,3.5906096020225617,4500.0,0.85250091653123061,0.098902255775709075,0.03471207966853701,0.0088830204627916472,0.0035238389246108918,0.00037012529091675044,0.0011077633462041343
Darren Fells,TE,ARI,3.554262808649332,4500.0,0.84956679414293346,0.10930198299470723,0.030038663864363983,0.0070063414797764713,0.0020619451854075985,0.00063421622520325399,0.001390056107608438
John Phillips,TE,NO,3.478140005206416,4500.0,0.86933605231710354,0.079714952239832104,0.045872802905971913,0.0017518822937614019,0.00062104936132324924,0.00076239804674423496,0.0019408628352629487
Rhett Ellison,TE,MIN,3.4568764143594235,4500.0,0.87513163054679932,0.080178412290366902,0.030397611773289191,0.0098688786736057035,0.0029701102415299069,0.00035483135710427199,0.0010985251173048053
Brent Celek,TE,PHI,3.4535458821965253,4600.0,0.8817009875910542,0.077679752225348161,0.023849917376763289,0.0096584012202458464,0.0021764078514425649,0.0029504765896847087,0.0019840571454613522
Logan Paulsen,TE,CHI,3.4528112392136645,4500.0,0.88449778105432986,0.077244630598958586,0.023002779781541617,0.0080967850749208547,0.00087273052889436152,0.00088241593897072452,0.0054028770223841973
Nick Vannett,TE,SEA,3.442761313217249,4500.0,0.87304912007686675,0.085166574759821145,0.030134741414957988,0.0078404108905785821,0.0015786821564293086,0.0008118772016606628,0.0014185934996855986
Tyler Higbee,TE,LARM,3.4085164880317147,4500.0,0.87656444614576057,0.081256228786611567,0.031926293699674549,0.0075640410614250982,0.0011300020305466917,0.00050071578663521377,0.0010582724893453417
Luke Willson,TE,SEA,3.3906710876059298,4500.0,0.87969986175451309,0.081484660038594281,0.028207273480506525,0.0067411445489047065,0.0014743949471393788,0.00095888460727937351,0.0014337806230630482
Jerell Adams,TE,NYG,3.3730031726071661,4500.0,0.87401042166300624,0.091032289548886952,0.027300181545397477,0.0051760766736648678,0.00070990819234026631,0.00060811757145579971,0.0011630048052487106
Stephen Anderson,TE,HOU,3.3593316670855451,4500.0,0.8827997827500027,0.080182323354426543,0.025524132634441081,0.008450244545087705,0.0014828442001957186,0.00052715799683239343,0.0010335145190141896
Derek Carrier,TE,WAS,3.2349633077950548,4500.0,0.89633485091480891,0.077287574532529116,0.018053882775456678,0.0041913287832924988,0.001959125550863589,0.00062614030505664517,0.0015470971379928302
Marcedes Lewis,TE,JAC,3.2342075441536555,4500.0,0.90264813204614236,0.068219651031891135,0.016623161548439243,0.0084913243148524113,0.0021882176086225869,0.00049543073495199774,0.0013340827151005989
Ben Braunecker,TE,CHI,3.1936285546071685,4500.0,0.90928399459916465,0.058182830407266552,0.023226115556933428,0.0068544635911602916,0.00074147651567688468,0.00037394871971913919,0.0013371706100793893
Larry Donnell,TE,NYG,3.1810373709901203,4500.0,0.90869006155813925,0.057304902589224625,0.029547477400856861,0.0019306780582075158,0.0006202906243900128,0.00057227557652218266,0.0013343141926602834
Nick O'Leary,TE,BUF,3.1429396516091157,4500.0,0.91420399299229549,0.057509491868921216,0.021541866383858414,0.0037515200493939836,0.00067413130143153155,0.00068657519691521192,0.0016324222071847142
Tyler Kroft,TE,CIN,3.0331757860828072,4500.0,0.92864109908840597,0.050628963705549541,0.013824179383472843,0.0040589056736275476,0.0005490327387351029,0.0006338929320801,0.0016639264781295889
Matt Spaeth,TE,PIT,3.0191624229195604,4500.0,0.92715902152958063,0.054272322161114397,0.013611293168714941,0.0021033502961125849,0.00066256645755995288,0.00057809476545353142,0.001613351621464928
Paul Lang,TE,PIT,3.0191624229195604,4500.0,0.92715902152958063,0.054272322161114397,0.013611293168714941,0.0021033502961125849,0.00066256645755995288,0.00057809476545353142,0.001613351621464928
Xavier Grimble,TE,PIT,3.0191624229195604,4500.0,0.92715902152958063,0.054272322161114397,0.013611293168714941,0.0021033502961125849,0.00066256645755995288,0.00057809476545353142,0.001613351621464928
Anthony Fasano,TE,TEN,3.015638861990543,4500.0,0.92906098293069739,0.051828924232763689,0.013756490664694343,0.0024049137123450751,0.00071829703608278575,0.00053307113174645108,0.0016973202916704031
Beau Sandland,TE,GB,3.0104102849519885,4500.0,0.9305680470601978,0.048869853565275234,0.015673460706859696,0.0021492765963387179,0.00061188091764530249,0.00057246596476034754,0.0015550151889236329
Phillip Supernaw,TE,TEN,3.0100369080031877,4500.0,0.92919199513694717,0.052212235159267366,0.01353526195746305,0.0021918589224613973,0.00068568955089983461,0.00052196514585969845,0.0016609941271018269
James Hanna,TE,DAL,3.0066298584460265,4500.0,0.93096691031028489,0.048869467425396287,0.01533670652510361,0.0020504178607140622,0.00062058165904441782,0.00057596295412900623,0.0015799532653286708
Geoff Swaim,TE,DAL,3.0066298584460265,4500.0,0.93096691031028489,0.048869467425396287,0.01533670652510361,0.0020504178607140622,0.00062058165904441782,0.00057596295412900623,0.0015799532653286708
Eric Tomlinson,TE,NYJ,3.0058389339478544,4500.0,0.92912649815243287,0.052827262462351275,0.013178972181563078,0.0021123091685178114,0.00059560001888963839,0.00051504981507818264,0.0016443082011677317
Kellen Davis,TE,NYJ,3.0058389339478544,4500.0,0.92912649815243287,0.052827262462351275,0.013178972181563078,0.0021123091685178114,0.00059560001888963839,0.00051504981507818264,0.0016443082011677317
Brandon Williams,TE,SEA,3.0037425214057429,4500.0,0.93242021947308695,0.049293602169524962,0.012667298134846175,0.0021112440904788874,0.00063600165765665068,0.0009487047625200499,0.0019229297118872823
MarQueis Gray,TE,MIA,3.0026460335370668,4500.0,0.93189914478439162,0.047908092858598601,0.015334119695813156,0.0020683112718201655,0.00061375922764317684,0.00056987688007873892,0.0016066952816555357
Thomas Duarte,TE,MIA,3.0026460335370668,4500.0,0.93189914478439162,0.047908092858598601,0.015334119695813156,0.0020683112718201655,0.00061375922764317684,0.00056987688007873892,0.0016066952816555357
Jordan Cameron,TE,MIA,3.0026460335370668,4500.0,0.93189914478439162,0.047908092858598601,0.015334119695813156,0.0020683112718201655,0.00061375922764317684,0.00056987688007873892,0.0016066952816555357
Randall Telfer,TE,CLE,3.0015100399456953,4500.0,0.92831629180133968,0.054588331505641297,0.012570066625897727,0.0018598024886456064,0.00065897426183790368,0.00045615189315895171,0.0015503814234798048
Clay Harbor,TE,DET,3.0014752842443144,4500.0,0.93106618747664283,0.050029391007270101,0.014133261440969259,0.0018792960151477059,0.00062466206169143408,0.00058280421424745498,0.0016843977840319819
Jacob Tamme,TE,ATL,3.0003165048681089,4500.0,0.93106325625536057,0.050373176700124901,0.013572445401261792,0.0021273871470419143,0.00063888467621153939,0.00056932700333238927,0.0016555228166675597
Virgil Green,TE,DEN,2.9994242205352371,4500.0,0.9333512704707535,0.04659171146784799,0.014457558827244239,0.0020282421003500945,0.0016915108697440034,0.00046056367447744074,0.0014191425895841087
Jace Amaro,TE,TEN,2.9972535152670141,4500.0,0.93237236498484843,0.048891225214933567,0.013447282438726185,0.0021274283479414285,0.00094962612867091243,0.00059623356614041444,0.0016158393187394823
Jerome Cunningham,TE,TEN,2.9969451117589445,4500.0,0.93167640140120489,0.049605926888664949,0.013731391685340441,0.0021895289669518724,0.00062314945536757886,0.00057952203062960601,0.0015940795718413297
Beau Brinkley,TE,TEN,2.9969451117589445,4500.0,0.93167640140120489,0.049605926888664949,0.013731391685340441,0.0021895289669518724,0.00062314945536757886,0.00057952203062960601,0.0015940795718413297
Jeff Heuerman,TE,DEN,2.9963447880496688,4500.0,0.93303167662862951,0.047667622990342204,0.01393809958575026,0.0024944769650164554,0.00066671676274260034,0.00048953895787413404,0.001711868109646151
Connor Hamlett,TE,CLE,2.9951739068050167,4500.0,0.93224864313135403,0.049209874394375824,0.013502052506554866,0.0021294248485551988,0.00062766149470824025,0.00060890141994911847,0.0016734422045035567
Khari Lee,TE,DET,2.9950629393406309,4500.0,0.93175349650140382,0.049738322913649442,0.013620826701649224,0.0020756390358567509,0.0006377005609183511,0.00058413377497731542,0.0015898805115457974
Brandon Pettigrew,TE,DET,2.9950629393406309,4500.0,0.93175349650140382,0.049738322913649442,0.013620826701649224,0.0020756390358567509,0.0006377005609183511,0.00058413377497731542,0.0015898805115457974
Andrew Quarless,TE,DET,2.9950629393406309,4500.0,0.93175349650140382,0.049738322913649442,0.013620826701649224,0.0020756390358567509,0.0006377005609183511,0.00058413377497731542,0.0015898805115457974
Orson Charles,TE,DET,2.9950629393406309,4500.0,0.93175349650140382,0.049738322913649442,0.013620826701649224,0.0020756390358567509,0.0006377005609183511,0.00058413377497731542,0.0015898805115457974
Matthew Mulligan,TE,DET,2.9950629393406309,4500.0,0.93175349650140382,0.049738322913649442,0.013620826701649224,0.0020756390358567509,0.0006377005609183511,0.00058413377497731542,0.0015898805115457974
Cole Wick,TE,DET,2.9950629393406309,4500.0,0.93175349650140382,0.049738322913649442,0.013620826701649224,0.0020756390358567509,0.0006377005609183511,0.00058413377497731542,0.0015898805115457974
Henry Krieger-Coble,TE,DEN,2.9941844281511982,4500.0,0.93222904320261668,0.049253797552645348,0.013536706407248002,0.002118183644415603,0.0006393583934289174,0.00056748629437721214,0.0016554245052691318
Garrett Graham,TE,DEN,2.9941844281511982,4500.0,0.93222904320261668,0.049253797552645348,0.013536706407248002,0.002118183644415603,0.0006393583934289174,0.00056748629437721214,0.0016554245052691318
Anthony Norris,TE,DEN,2.9941844281511982,4500.0,0.93222904320261668,0.049253797552645348,0.013536706407248002,0.002118183644415603,0.0006393583934289174,0.00056748629437721214,0.0016554245052691318
Michael Hoomanawanui,TE,NO,2.9927377474948753,4500.0,0.93039556195811057,0.052192889809002024,0.012766215462742552,0.0020516910132614206,0.00056736495492036207,0.00051540220516104168,0.0015108745968025695
Garrett Griffin,TE,NO,2.9927377474948753,4500.0,0.93039556195811057,0.052192889809002024,0.012766215462742552,0.0020516910132614206,0.00056736495492036207,0.00051540220516104168,0.0015108745968025695
Jake Stoneburner,TE,NO,2.9927377474948753,4500.0,0.93039556195811057,0.052192889809002024,0.012766215462742552,0.0020516910132614206,0.00056736495492036207,0.00051540220516104168,0.0015108745968025695
Luke Stocker,TE,TB,2.9917596350638656,4500.0,0.93138392607068643,0.051304521370560477,0.012367672159734151,0.0022267041984963135,0.00048283723578122772,0.00054840232446302971,0.0016859366402792043
E.J. Bibbs,TE,JAC,2.9890200506978406,4500.0,0.93180924070547055,0.050354740050343884,0.013163745323777142,0.0019822833198337429,0.00059255735326145065,0.00055241069227990737,0.0015450225550342927
Tony Moeaki,TE,CHI,2.9884288306675471,4500.0,0.93292266540806268,0.048748391929989303,0.013499807685762609,0.0020191866553260058,0.00061096781338391504,0.00057136379074334328,0.0016276167167329225
Justin Perillo,TE,CHI,2.9884288306675471,4500.0,0.93292266540806268,0.048748391929989303,0.013499807685762609,0.0020191866553260058,0.00061096781338391504,0.00057136379074334328,0.0016276167167329225
Busta Anderson,TE,CHI,2.9884288306675471,4500.0,0.93292266540806268,0.048748391929989303,0.013499807685762609,0.0020191866553260058,0.00061096781338391504,0.00057136379074334328,0.0016276167167329225
Rob Housler,TE,CHI,2.9884288306675471,4500.0,0.93292266540806268,0.048748391929989303,0.013499807685762609,0.0020191866553260058,0.00061096781338391504,0.00057136379074334328,0.0016276167167329225
Bryce Williams,TE,LARM,2.988060818980379,4500.0,0.9331572638912492,0.048527323719267268,0.013387092050973598,0.0021113087575408669,0.00061564603981567438,0.0005298203163508861,0.0016715452248032632
Temarrick Hemingway,TE,LARM,2.988060818980379,4500.0,0.9331572638912492,0.048527323719267268,0.013387092050973598,0.0021113087575408669,0.00061564603981567438,0.0005298203163508861,0.0016715452248032632
Benson Browne,TE,LARM,2.988060818980379,4500.0,0.9331572638912492,0.048527323719267268,0.013387092050973598,0.0021113087575408669,0.00061564603981567438,0.0005298203163508861,0.0016715452248032632
Justice Cunningham,TE,LARM,2.988060818980379,4500.0,0.9331572638912492,0.048527323719267268,0.013387092050973598,0.0021113087575408669,0.00061564603981567438,0.0005298203163508861,0.0016715452248032632
Niles Paul,TE,WAS,2.9873689179105707,4500.0,0.93266696635529844,0.04922791964436931,0.013266170063154765,0.0021250136192317482,0.00060484901291550999,0.00052662772041479357,0.0015824535846159593
Wes Saxton,TE,WAS,2.9873689179105707,4500.0,0.93266696635529844,0.04922791964436931,0.013266170063154765,0.0021250136192317482,0.00060484901291550999,0.00052662772041479357,0.0015824535846159593
Darion Griswold,TE,IND,2.9868933462479204,4500.0,0.93322343543127506,0.048538267318252809,0.01329762213881909,0.0021334949314390761,0.00062626778776630327,0.0005575525617358486,0.0016233598307124669
Chase Coffman,TE,IND,2.9868933462479204,4500.0,0.93322343543127506,0.048538267318252809,0.01329762213881909,0.0021334949314390761,0.00062626778776630327,0.0005575525617358486,0.0016233598307124669
Nick Truesdell,TE,IND,2.9868933462479204,4500.0,0.93322343543127506,0.048538267318252809,0.01329762213881909,0.0021334949314390761,0.00062626778776630327,0.0005575525617358486,0.0016233598307124669
Mike Miller,TE,IND,2.9868933462479204,4500.0,0.93322343543127506,0.048538267318252809,0.01329762213881909,0.0021334949314390761,0.00062626778776630327,0.0005575525617358486,0.0016233598307124669
Anthony Denham,TE,PHI,2.985626219982751,4500.0,0.93320746010704247,0.048518626135290885,0.013373163766780084,0.0021914962044539033,0.00061325724779714823,0.00052746985199061199,0.0015685266866454653
Chris Pantale,TE,PHI,2.985626219982751,4500.0,0.93320746010704247,0.048518626135290885,0.013373163766780084,0.0021914962044539033,0.00061325724779714823,0.00052746985199061199,0.0015685266866454653
M.J. McFarland,TE,PHI,2.985626219982751,4500.0,0.93320746010704247,0.048518626135290885,0.013373163766780084,0.0021914962044539033,0.00061325724779714823,0.00052746985199061199,0.0015685266866454653
John Peters,TE,CIN,2.9854305465586841,4500.0,0.93321768404863847,0.04854526865928617,0.013424931026245377,0.0020742557386798431,0.00062248147005938489,0.00051445224494141609,0.0016009268121500572
C.J. Uzomah,TE,CIN,2.9854305465586841,4500.0,0.93321768404863847,0.04854526865928617,0.013424931026245377,0.0020742557386798431,0.00062248147005938489,0.00051445224494141609,0.0016009268121500572
Je'Ron Hamm,TE,SF,2.9849346416182225,4500.0,0.93313534298675749,0.048842336505484071,0.013182435688948568,0.0021111538255470107,0.00060697543747998653,0.00051536926592667066,0.0016063862898567298
Asante Cleveland,TE,SD,2.9844486410289366,4500.0,0.93342636882953967,0.048133262275214285,0.013672182166076217,0.0020766399910547607,0.00061204153634394876,0.00052184555442354955,0.0015576596473480789
Jeff Cumberland,TE,SD,2.9844486410289366,4500.0,0.93342636882953967,0.048133262275214285,0.013672182166076217,0.0020766399910547607,0.00061204153634394876,0.00052184555442354955,0.0015576596473480789
Braxton Deaver,TE,CAR,2.9836424476085237,4500.0,0.93373233820141488,0.048116070647922858,0.013274616489961186,0.0020953573144507211,0.00061422434294220861,0.00051189196184588906,0.0016555010414628774
Scott Simonson,TE,CAR,2.9836424476085237,4500.0,0.93373233820141488,0.048116070647922858,0.013274616489961186,0.0020953573144507211,0.00061422434294220861,0.00051189196184588906,0.0016555010414628774
Chris Manhertz,TE,CAR,2.9836424476085237,4500.0,0.93373233820141488,0.048116070647922858,0.013274616489961186,0.0020953573144507211,0.00061422434294220861,0.00051189196184588906,0.0016555010414628774
Ed Dickson,TE,CAR,2.9826516771007427,4500.0,0.93319744359016277,0.048892473208879315,0.013021671487349109,0.0022237592914727987,0.00064084906284909537,0.00052991781640614752,0.0014938855428808363
Sean McGrath,TE,SD,2.9822894236965123,4500.0,0.93279917305841997,0.049730203754688687,0.01283190808139517,0.0019525780680525494,0.00057669929030802021,0.00054134126663264682,0.0015680964805031372
Kivon Cartwright,TE,TB,2.9810435915401667,4500.0,0.93372058514582967,0.048228654176975895,0.013273870548829243,0.002078721028810431,0.00062382319588636216,0.00052158747361761995,0.001552758430051363
Andrew DePaola,TE,TB,2.9810435915401667,4500.0,0.93372058514582967,0.048228654176975895,0.013273870548829243,0.002078721028810431,0.00062382319588636216,0.00052158747361761995,0.001552758430051363
Matt LaCosse,TE,NYG,2.9809748646755225,4500.0,0.93375234959239506,0.04824296289535987,0.01319571269262673,0.0021141161804847184,0.00061240978682067649,0.00051154704952242132,0.0015709018027910636
Ryan Malleck,TE,NYG,2.9809748646755225,4500.0,0.93375234959239506,0.04824296289535987,0.01319571269262673,0.0021141161804847184,0.00061240978682067649,0.00051154704952242132,0.0015709018027910636
Jim Dray,TE,BUF,2.9807937980563337,4500.0,0.93397971262326651,0.048063591477071066,0.013133331757422645,0.0020293156532588054,0.00060546286914114965,0.0006047335639698413,0.0015838520558707338
Brandon Myers,TE,TB,2.9802394187106027,4500.0,0.93299504790269427,0.050484717027446918,0.011641697525350176,0.0021234536244499158,0.00047140897396437696,0.00054674150323530824,0.0017369334428598531
Ifeanyi Momah,TE,ARI,2.9765305753719149,4500.0,0.93415111647082649,0.048224544686463686,0.012879748496098048,0.0020843757643418674,0.00058647700761415829,0.00050417077535110002,0.0015695667993053909
Troy Niklas,TE,ARI,2.9765305753719149,4500.0,0.93415111647082649,0.048224544686463686,0.012879748496098048,0.0020843757643418674,0.00058647700761415829,0.00050417077535110002,0.0015695667993053909
MyCole Pruitt,TE,MIN,2.9750397165157816,4500.0,0.93459503641358177,0.04767993402564933,0.012941501201219315,0.0020975943142797879,0.00061137375236784502,0.00051860865407336409,0.0015559516388293016
Kevin McDermott,TE,MIN,2.9750397165157816,4500.0,0.93459503641358177,0.04767993402564933,0.012941501201219315,0.0020975943142797879,0.00061137375236784502,0.00051860865407336409,0.0015559516388293016
David Morgan,TE,MIN,2.9750397165157816,4500.0,0.93459503641358177,0.04767993402564933,0.012941501201219315,0.0020975943142797879,0.00061137375236784502,0.00051860865407336409,0.0015559516388293016
Danny Vitale,TE,CLE,2.9653654474369167,4500.0,0.93506096110345482,0.047969630433849546,0.012558927872428717,0.0018047431179376203,0.00062785070616200745,0.00053086189992042527,0.0014470248662481052
Cory Harkey,TE,LARM,2.9645996061175377,4500.0,0.93461259232157723,0.047773258206043487,0.013251505993705405,0.002309844913715952,0.0004650076189841456,0.00031103689057652913,0.0012767540553978289
Blake Bell,TE,SF,2.9597414891233877,4500.0,0.93688043220688022,0.045718762552358454,0.012870667340788212,0.0020268339531279902,0.00050884227462816918,0.00039444749104617012,0.0016000141811715021
