name,pos,team,expectation,salary,prob_0_5,prob_5_10,prob_10_15,prob_15_20,prob_20_25,prob_25+
Kyle Rudolph,TE,MIN,10.378580296311618,5500.0,0.29014846158917779,0.30449711748052521,0.17739367402471301,0.089418751091076401,0.044534638613394059,0.09400735720111339
Coby Fleener,TE,NO,10.230004233462719,5300.0,0.27222421682305781,0.30982485069656401,0.20634707571289648,0.077205004180978823,0.080127430905265029,0.054271421681237983
Tyler Eifert,TE,CIN,9.8836259148730701,6700.0,0.27232261495770033,0.32363032119896806,0.18936927283175384,0.1173897413242261,0.064253156297297095,0.033034893390054373
Cameron Brate,TE,TB,9.828550103648503,5600.0,0.24365171497969076,0.35084397249341009,0.23926251915803784,0.078065671496307845,0.038736613931477294,0.049439507941076405
Jimmy Graham,TE,SEA,9.7918728508309414,6600.0,0.28496284830629087,0.30060776522111887,0.21556500055711481,0.10601750619976597,0.055650113347005759,0.037196766368703713
Greg Olsen,TE,CAR,9.4657383912206985,6400.0,0.28287322987046987,0.3275550006870801,0.20255239810386416,0.1076680253124941,0.059272924718610752,0.020078421307481151
Jordan Reed,TE,WAS,9.018993939502268,7500.0,0.33643271750575027,0.27507979887467698,0.23081665680465538,0.082557949943811326,0.056152558770499003,0.018960318100607193
Eric Ebron,TE,DET,9.0070267812917209,6000.0,0.34724868101890077,0.29235859576386541,0.19774176150625986,0.077399683163598881,0.044892204745711678,0.040359073801663162
Ladarius Green,TE,PIT,8.6322117270749636,5800.0,0.32308121863520911,0.31687150939348857,0.25038422794136683,0.053716307417615364,0.032080225175677338,0.023866511436642934
Antonio Gates,TE,SD,8.2121996957963805,5200.0,0.39350960438558891,0.32911489668406624,0.14145860888381948,0.060506159091507701,0.028164307342041808,0.047246423612976103
Zach Ertz,TE,PHI,8.1969820341076449,5700.0,0.36605733508930816,0.33831201002180211,0.16403426517485351,0.077800032739200803,0.029366016641762988,0.024430340333073029
Delanie Walker,TE,TEN,8.1676999089952478,6200.0,0.39893379065077694,0.29379846894377171,0.16750572239372227,0.068021353524339051,0.058037314942134328,0.01370334954525574
Hunter Henry,TE,SD,7.8810726691616582,5500.0,0.39801681680794598,0.3067846105335576,0.17991770970202109,0.069937795496109303,0.026934219895426575,0.018408847564939535
Jason Witten,TE,DAL,7.8015228061446598,5100.0,0.40879508784984392,0.27645012498984423,0.2032970351512674,0.077016640228050742,0.025995113652569318,0.008445998128424663
C.J. Fiedorowicz,TE,HOU,7.4774849132726988,5100.0,0.47002917501255054,0.29554766384512871,0.12033173858884019,0.044587807651573046,0.021995655832527113,0.047507959069380587
Dwayne Allen,TE,IND,7.395107498059569,4800.0,0.42970397273566274,0.342877434891595,0.13357147385916029,0.035840088336924841,0.028554298892058554,0.029452731284597973
Vernon Davis,TE,WAS,7.121806643781329,4800.0,0.44054942929779228,0.32059495006663624,0.16557632079969298,0.031281216965907875,0.031220328157331546,0.010777754712638771
Daniel Brown,TE,CHI,6.4500625292952662,4500.0,0.58327728549711799,0.24029140108539615,0.097462661307250897,0.014274936321495504,0.011497605749030708,0.053196110039709164
Vance McDonald,TE,SF,6.1761612735518616,4700.0,0.58759014196354464,0.2123581553284617,0.11565165977131307,0.050745263206831516,0.0289389084304565,0.0047158712993927545
Lance Kendricks,TE,LARM,6.0102200939642278,4800.0,0.57048370260601411,0.26312259627259788,0.093856110296393347,0.043331522917667148,0.024815706362173888,0.0043903615451528757
Jared Cook,TE,GB,5.8422439276249811,4800.0,0.60146967831070752,0.23898372001044091,0.10064298548334258,0.026229493163273224,0.013880000103131906,0.018794122929104522
Levine Toilolo,TE,ATL,5.8189854624242958,4800.0,0.61431855547547753,0.20480918817054686,0.11376885576592413,0.045287223513919367,0.013492363129955958,0.0083238139441763823
Ryan Griffin,TE,HOU,5.8021172927131053,4500.0,0.59054580157304193,0.24211030167859135,0.11736911664368846,0.027489162453019324,0.011320652040699463,0.011164965610959414
Dion Sims,TE,MIA,5.7968979141919421,4500.0,0.54650370971055851,0.30571142345065294,0.10894224285505759,0.023906966507153397,0.010615513226730837,0.0043201442498472797
Jermaine Gresham,TE,ARI,5.5325091014037016,4500.0,0.5925151778355886,0.26280351583595024,0.10857686111860101,0.020999468152084075,0.011978707537541326,0.0031262695202341935
Jack Doyle,TE,IND,5.3038443127239381,4500.0,0.65166962952877217,0.19925744914048119,0.10858301539646616,0.024800921298441119,0.0085023044631485772,0.0071866801726912155
Richard Rodgers,TE,GB,5.1324074536100532,4500.0,0.69325245114773915,0.1802749741514024,0.073889532038015446,0.026929256648968322,0.010629247521704327,0.015024538492170954
Josh Hill,TE,NO,4.8141127964192778,4500.0,0.67191263542742685,0.21724635317165616,0.09187023009631011,0.014707395208597374,0.0036033701862624276,0.00066001590974742585
Will Tye,TE,NYG,4.6790746849328473,4500.0,0.74046908115252574,0.13434139752319577,0.098379675211934373,0.010484960262348648,0.0083651209975181551,0.0079597648524772774
Trey Burton,TE,PHI,4.6558065978204546,4500.0,0.72246760486535522,0.17597901610120201,0.064622469389544843,0.024636969482558172,0.0094432445705734842,0.0028506955907661893
Erik Swoope,TE,IND,4.6556740205076599,4500.0,0.72692912967813361,0.15586236149581259,0.088330232785915369,0.019493078320614341,0.0067932465255753725,0.0025919511939487875
Austin Seferian-Jenkins,TE,NYJ,4.4373684003169265,4600.0,0.757103599282687,0.14179243261216085,0.077186505097235916,0.011654827024108751,0.0049694237346102205,0.0072932122491971537
Jesse James,TE,PIT,4.33159306231207,4500.0,0.77964934943383124,0.13266651062731469,0.052641631744449358,0.021534042296107267,0.0037756180336067681,0.0097328478646903898
Neal Sterling,TE,JAC,4.296631397475962,4500.0,0.76206657890557539,0.15213947899123623,0.062221994428201463,0.014691616060090253,0.0057336946072002589,0.0031466370076962897
Logan Paulsen,TE,CHI,4.1378255937399651,4500.0,0.8632537458850893,0.066809639542299293,0.024515246951455252,0.0057550517235281911,0.0038717493559398343,0.035794566541687896
A.J. Derby,TE,DEN,4.1094375130625433,4500.0,0.79472973472641262,0.12405162219141087,0.056044843780232813,0.01888905699241895,0.0023446896642472319,0.0039400526452773137
Brandon Bostick,TE,NYJ,4.0474456632535256,4500.0,0.80307523374260203,0.1132293343986359,0.066404827152382773,0.0098898411249532508,0.0032231973346850931,0.0041775662467407404
Ben Koyack,TE,JAC,3.9703219180005034,4500.0,0.80112584280376942,0.1256760456505871,0.056046988056808751,0.014007142556729116,0.0014469704948210683,0.0016970104372848527
Austin Hooper,TE,ATL,3.9250880693792407,4700.0,0.8498786946734681,0.083331198862396261,0.037141029263506375,0.0086444625804328167,0.0035521043558439159,0.017452510264352964
Dominique Jones,TE,MIA,3.8896192965396477,4500.0,0.83582229768960614,0.10586327603016459,0.028896065998589498,0.011857623395019673,0.0091081033375747956,0.0084526335490454942
Charles Clay,TE,BUF,3.8650327960160311,4500.0,0.81716383508083412,0.12056317729500582,0.046438636750414604,0.009255787627289281,0.0010940707067756599,0.0054844925396801735
Brent Celek,TE,PHI,3.8368309607274753,4600.0,0.88690618989427683,0.058321621180729998,0.017774528783949733,0.0045873439768420558,0.0023180993546655908,0.030092216809535451
Seth DeValve,TE,CLE,3.8083568668297638,4500.0,0.8474932279380869,0.095139749684167566,0.033128748399802573,0.010125330314790961,0.00066658237795264117,0.013446361285199323
David Johnson,TE,PIT,3.7928940943763751,4500.0,0.83864909102625518,0.10613228165467453,0.037314801398873991,0.0054305873282925196,0.00084102052154714482,0.011632218070357211
Julius Thomas,TE,JAC,3.7113352542060167,5100.0,0.86681370276167846,0.071907756054574265,0.034358432641913447,0.01400831844674544,0.0049414763128814996,0.0079703137822078711
Tyler Higbee,TE,LARM,3.7101992918167315,4500.0,0.85300970369646312,0.096633254099506252,0.029061252337014173,0.0085395914685195903,0.0021156668082340526,0.010640531590263291
Garrett Celek,TE,SF,3.6901456029142894,4500.0,0.85022658455142464,0.098721432673102447,0.02928550949295769,0.012611659821457965,0.0028723778458233057,0.0062824356152345363
Nick Vannett,TE,SEA,3.6795484901908275,4500.0,0.85511847549377962,0.087038992077866723,0.041778189714407783,0.0066202175704659612,0.0017669518973155683,0.007677173246164579
Rhett Ellison,TE,MIN,3.6302808798420925,4500.0,0.8485731427786859,0.093043451061729412,0.046507396890093249,0.0082277607883449976,0.0029265936442671703,0.00072165483687973723
Ben Braunecker,TE,CHI,3.5504755385749043,4500.0,0.85254025415163093,0.10407385111562463,0.028238878959824396,0.012677889457097625,0.00083580127069835257,0.00163332504512422
Larry Donnell,TE,NYG,3.5172531256584496,4500.0,0.87476204473375418,0.07935804453473988,0.031476796774809593,0.0046870176948659694,0.0015025473464167576,0.0082135489154132255
Jerell Adams,TE,NYG,3.4819410862561031,4500.0,0.86449617543636514,0.097933960182382096,0.027161699047037666,0.0034451323194388838,0.0010197030574398765,0.0059433299573373169
John Phillips,TE,NO,3.4553705295674706,4500.0,0.89560977357147664,0.073602569109918761,0.011253365880091763,0.00079545748741029914,0.0011157371743548189,0.017623096776748275
Gary Barnidge,TE,CLE,3.4196098561796662,4500.0,0.87959498901347011,0.076882960274816156,0.032030966894349665,0.0065589131638323231,0.0013605155867363826,0.0035716550667950933
Alan Cross,TE,TB,3.344001586712142,4500.0,0.88038561729246312,0.08315831405847296,0.028882297363998569,0.0041645261493266595,0.0016623955707158627,0.0017468495650229717
Derek Carrier,TE,WAS,3.1518613044894708,4500.0,0.90778312147538309,0.067956904990233186,0.017609265602709423,0.0025937093834607337,0.00086929618921288861,0.0031877023590015804
Luke Willson,TE,SEA,3.1470859212736348,4500.0,0.91677201411521525,0.058057516088135169,0.016083758811381497,0.0025758711414171679,0.0010896620996778466,0.0054211777441731807
Darren Fells,TE,ARI,3.1466834482745081,4500.0,0.9068747576918933,0.069068630266575157,0.017447959151664652,0.0033770557996088708,0.00091701176512319486,0.002314585325135505
Tyler Kroft,TE,CIN,3.1208387306149534,4500.0,0.92580459043138652,0.05341777600157388,0.010057096892953961,0.00072346235140823174,0.0015199823321060315,0.0084770919905719274
Stephen Anderson,TE,HOU,3.0672019895603402,4500.0,0.92697841200071651,0.050150863949847482,0.014890282752462234,0.0024485171671734863,0.0014962036932237997,0.0040357204365761151
Gavin Escobar,TE,DAL,3.0538194952403783,4500.0,0.92937128000550018,0.051080998830126144,0.011600093510932467,0.00082315415711068719,0.0016091167568997062,0.0055153567394307613
Jacob Tamme,TE,ATL,3.0499579927539466,4500.0,0.93640568476761854,0.04287206058753916,0.011016636200242819,0.00090357482446588302,0.0016346770113007565,0.0071673666088327625
Nick O'Leary,TE,BUF,3.0485835257612068,4500.0,0.91987361819753932,0.060715895344590584,0.014214435545186976,0.0023935831373139357,0.00062114957151730222,0.0021813182038530349
Anthony Fasano,TE,TEN,3.0480508199343106,4500.0,0.93479702576060764,0.044543925582526789,0.011578196610430367,0.00093892962685803978,0.0016165557949875027,0.0065253666245900458
Jace Amaro,TE,TEN,3.0480508199343106,4500.0,0.93479702576060764,0.044543925582526789,0.011578196610430367,0.00093892962685803978,0.0016165557949875027,0.0065253666245900458
Michael Hoomanawanui,TE,NO,3.0227792347137146,4500.0,0.93694603862181502,0.043224017831763502,0.01137823491038604,0.00089315152462412877,0.001896880840722536,0.0056616762706889262
Garrett Griffin,TE,NO,3.0227792347137146,4500.0,0.93694603862181502,0.043224017831763502,0.01137823491038604,0.00089315152462412877,0.001896880840722536,0.0056616762706889262
Jake Stoneburner,TE,NO,3.0227792347137146,4500.0,0.93694603862181502,0.043224017831763502,0.01137823491038604,0.00089315152462412877,0.001896880840722536,0.0056616762706889262
Virgil Green,TE,DEN,3.0218429925113131,4500.0,0.93233007691329728,0.046536212403848011,0.014727873952549953,0.00082234936115733635,0.0020078467358939206,0.0035756406332534251
James Hanna,TE,DAL,3.0198585054718849,4500.0,0.93717533687354271,0.043002790250309286,0.011506510095167607,0.00087206838152287529,0.001876786488124084,0.0055665079113335061
Geoff Swaim,TE,DAL,3.0198585054718849,4500.0,0.93717533687354271,0.043002790250309286,0.011506510095167607,0.00087206838152287529,0.001876786488124084,0.0055665079113335061
John Peters,TE,CIN,3.0158919895786021,4500.0,0.93615013592596485,0.044483967763544532,0.011463611809273581,0.00089485779711610803,0.0019545003782249137,0.0050529263258761274
C.J. Uzomah,TE,CIN,3.0158919895786021,4500.0,0.93615013592596485,0.044483967763544532,0.011463611809273581,0.00089485779711610803,0.0019545003782249137,0.0050529263258761274
Niles Paul,TE,WAS,3.0117049743327513,4500.0,0.93777790192116883,0.042928260807609565,0.011178642422850637,0.00087184799964282319,0.0017768290293297473,0.0054665178193984178
Wes Saxton,TE,WAS,3.0117049743327513,4500.0,0.93777790192116883,0.042928260807609565,0.011178642422850637,0.00087184799964282319,0.0017768290293297473,0.0054665178193984178
Jerome Cunningham,TE,TEN,3.0078683581431354,4500.0,0.93770036139734514,0.043029430488466046,0.011427508206644822,0.00086580109459337873,0.0017926726216618801,0.0051842261912887601
Phillip Supernaw,TE,TEN,3.0078683581431354,4500.0,0.93770036139734514,0.043029430488466046,0.011427508206644822,0.00086580109459337873,0.0017926726216618801,0.0051842261912887601
Beau Brinkley,TE,TEN,3.0078683581431354,4500.0,0.93770036139734514,0.043029430488466046,0.011427508206644822,0.00086580109459337873,0.0017926726216618801,0.0051842261912887601
Beau Sandland,TE,GB,3.0071658650194655,4500.0,0.93672860086817078,0.044531279709535326,0.011077070985478873,0.00088904042343929666,0.00178941001379603,0.0049845979995796173
Matt Spaeth,TE,PIT,3.003528095345902,4500.0,0.93747053938609004,0.043455626270248293,0.011442484015468567,0.00090534190568311752,0.0019810430616044911,0.0047449653609055375
Paul Lang,TE,PIT,3.003528095345902,4500.0,0.93747053938609004,0.043455626270248293,0.011442484015468567,0.00090534190568311752,0.0019810430616044911,0.0047449653609055375
Xavier Grimble,TE,PIT,3.003528095345902,4500.0,0.93747053938609004,0.043455626270248293,0.011442484015468567,0.00090534190568311752,0.0019810430616044911,0.0047449653609055375
Blake Bell,TE,SF,3.0030020181162662,4500.0,0.93741134404387694,0.043830408025761845,0.011276652933806206,0.00073481234010321756,0.0017216605726892067,0.0050251220837625116
Henry Krieger-Coble,TE,DEN,2.9962815849937416,4500.0,0.93728994461343051,0.044307618741099203,0.01106176297219192,0.00088722703525932355,0.0021037419826067183,0.0043497046554121042
Garrett Graham,TE,DEN,2.9962815849937416,4500.0,0.93728994461343051,0.044307618741099203,0.01106176297219192,0.00088722703525932355,0.0021037419826067183,0.0043497046554121042
Anthony Norris,TE,DEN,2.9962815849937416,4500.0,0.93728994461343051,0.044307618741099203,0.01106176297219192,0.00088722703525932355,0.0021037419826067183,0.0043497046554121042
Sean McGrath,TE,SD,2.9934494562759641,4500.0,0.93800700814903992,0.044128027742539891,0.010554647804365068,0.00075241575242891918,0.0015941821114937669,0.0049637184401322264
Jeff Heuerman,TE,DEN,2.9926999028804553,4500.0,0.93682391847608237,0.043455732920303788,0.013301175396972186,0.00086784739156643849,0.0018782743882300075,0.0036730514268447445
Eric Tomlinson,TE,NYJ,2.9917083851019513,4500.0,0.93885949033065885,0.042554298490200704,0.011155097890639837,0.0008647274838028999,0.0019489287259866247,0.0046174570787109563
Kellen Davis,TE,NYJ,2.9917083851019513,4500.0,0.93885949033065885,0.042554298490200704,0.011155097890639837,0.0008647274838028999,0.0019489287259866247,0.0046174570787109563
Luke Stocker,TE,TB,2.9874593192103962,4500.0,0.93440349068942097,0.047067004795699016,0.012977796212705407,0.00091938003683368229,0.0014505148162349151,0.0031818134491057716
Anthony Denham,TE,PHI,2.9867456725739236,4500.0,0.93928923142607557,0.042315164595719698,0.011090696469830094,0.00086074611111001313,0.0019504683402479669,0.0044936930570165842
Chris Pantale,TE,PHI,2.9867456725739236,4500.0,0.93928923142607557,0.042315164595719698,0.011090696469830094,0.00086074611111001313,0.0019504683402479669,0.0044936930570165842
M.J. McFarland,TE,PHI,2.9867456725739236,4500.0,0.93928923142607557,0.042315164595719698,0.011090696469830094,0.00086074611111001313,0.0019504683402479669,0.0044936930570165842
Danny Vitale,TE,CLE,2.9856313374364896,4500.0,0.93746328331520101,0.043567168718772011,0.012644991108934913,0.00085456016464240646,0.0016445474055197897,0.0038254492869299306
Randall Telfer,TE,CLE,2.9856313374364896,4500.0,0.93746328331520101,0.043567168718772011,0.012644991108934913,0.00085456016464240646,0.0016445474055197897,0.0038254492869299306
Matt LaCosse,TE,NYG,2.9852615003938485,4500.0,0.93914299950365243,0.042725096953750159,0.010883014857069362,0.00087031489381931182,0.0019426402291205982,0.0044359335625880902
Ryan Malleck,TE,NYG,2.9852615003938485,4500.0,0.93914299950365243,0.042725096953750159,0.010883014857069362,0.00087031489381931182,0.0019426402291205982,0.0044359335625880902
Tony Moeaki,TE,CHI,2.9850793127831139,4500.0,0.93972458008009074,0.041967397451872772,0.010908408178839181,0.00085754650125351693,0.0020513296964068607,0.0044907380915367445
Justin Perillo,TE,CHI,2.9850793127831139,4500.0,0.93972458008009074,0.041967397451872772,0.010908408178839181,0.00085754650125351693,0.0020513296964068607,0.0044907380915367445
Busta Anderson,TE,CHI,2.9850793127831139,4500.0,0.93972458008009074,0.041967397451872772,0.010908408178839181,0.00085754650125351693,0.0020513296964068607,0.0044907380915367445
Rob Housler,TE,CHI,2.9850793127831139,4500.0,0.93972458008009074,0.041967397451872772,0.010908408178839181,0.00085754650125351693,0.0020513296964068607,0.0044907380915367445
Brandon Myers,TE,TB,2.983712542195323,4500.0,0.9348156318534161,0.046990376382733026,0.012701607481313,0.00080956679434996358,0.0014938707302818096,0.0031889467579057258
Darion Griswold,TE,IND,2.9822263281780454,4500.0,0.938770175102286,0.043403911293925852,0.010859190410738261,0.00085074587221913175,0.0018091507006046596,0.0043068266202261384
Chase Coffman,TE,IND,2.9822263281780454,4500.0,0.938770175102286,0.043403911293925852,0.010859190410738261,0.00085074587221913175,0.0018091507006046596,0.0043068266202261384
Nick Truesdell,TE,IND,2.9822263281780454,4500.0,0.938770175102286,0.043403911293925852,0.010859190410738261,0.00085074587221913175,0.0018091507006046596,0.0043068266202261384
Mike Miller,TE,IND,2.9822263281780454,4500.0,0.938770175102286,0.043403911293925852,0.010859190410738261,0.00085074587221913175,0.0018091507006046596,0.0043068266202261384
Ed Dickson,TE,CAR,2.9802065221179528,4500.0,0.93716700276819198,0.045832637455791567,0.010528687427255911,0.00086433265834135961,0.0014784043138318988,0.0041289353765871315
Khari Lee,TE,DET,2.9788783885895365,4500.0,0.93864877495757382,0.043898215804681638,0.010587535222258332,0.00088512719346662042,0.0018547242217869962,0.0041256226002322656
Brandon Pettigrew,TE,DET,2.9788783885895365,4500.0,0.93864877495757382,0.043898215804681638,0.010587535222258332,0.00088512719346662042,0.0018547242217869962,0.0041256226002322656
Andrew Quarless,TE,DET,2.9788783885895365,4500.0,0.93864877495757382,0.043898215804681638,0.010587535222258332,0.00088512719346662042,0.0018547242217869962,0.0041256226002322656
Orson Charles,TE,DET,2.9788783885895365,4500.0,0.93864877495757382,0.043898215804681638,0.010587535222258332,0.00088512719346662042,0.0018547242217869962,0.0041256226002322656
Matthew Mulligan,TE,DET,2.9788783885895365,4500.0,0.93864877495757382,0.043898215804681638,0.010587535222258332,0.00088512719346662042,0.0018547242217869962,0.0041256226002322656
Cole Wick,TE,DET,2.9788783885895365,4500.0,0.93864877495757382,0.043898215804681638,0.010587535222258332,0.00088512719346662042,0.0018547242217869962,0.0041256226002322656
Kivon Cartwright,TE,TB,2.9773154937988968,4500.0,0.93881223402074998,0.043827785993825308,0.010537482296716858,0.00085998351989674874,0.0018321732312241285,0.0041303409375867154
Andrew DePaola,TE,TB,2.9773154937988968,4500.0,0.93881223402074998,0.043827785993825308,0.010537482296716858,0.00085998351989674874,0.0018321732312241285,0.0041303409375867154
Jim Dray,TE,BUF,2.9767812060889214,4500.0,0.93905829600755075,0.043490508305106826,0.010628082389732434,0.00091581371431313893,0.0016743709262079767,0.0042329286570883095
Bryce Williams,TE,LARM,2.9762719054566933,4500.0,0.93990169767865306,0.042120651710485804,0.011048300112624723,0.00088217300089001678,0.0018452773337976093,0.0042019001635486067
Temarrick Hemingway,TE,LARM,2.9762719054566933,4500.0,0.93990169767865306,0.042120651710485804,0.011048300112624723,0.00088217300089001678,0.0018452773337976093,0.0042019001635486067
Benson Browne,TE,LARM,2.9762719054566933,4500.0,0.93990169767865306,0.042120651710485804,0.011048300112624723,0.00088217300089001678,0.0018452773337976093,0.0042019001635486067
Justice Cunningham,TE,LARM,2.9762719054566933,4500.0,0.93990169767865306,0.042120651710485804,0.011048300112624723,0.00088217300089001678,0.0018452773337976093,0.0042019001635486067
Marcedes Lewis,TE,JAC,2.9684176065505912,4500.0,0.94065466957907351,0.041920080780806619,0.01061652509194078,0.00087431009292206002,0.0017646122096222146,0.0041698022456349787
E.J. Bibbs,TE,JAC,2.9684176065505912,4500.0,0.94065466957907351,0.041920080780806619,0.01061652509194078,0.00087431009292206002,0.0017646122096222146,0.0041698022456349787
Je'Ron Hamm,TE,SF,2.9669374054409392,4500.0,0.94069000825128657,0.04166681680552798,0.011029025227294093,0.00081933769097355925,0.001769459369436402,0.0040253526554811132
MyCole Pruitt,TE,MIN,2.9648526356490672,4500.0,0.9409887900428725,0.041677415738508118,0.010614636226226605,0.00088129445372209171,0.0017693621156664354,0.0040685014230040385
Kevin McDermott,TE,MIN,2.9648526356490672,4500.0,0.9409887900428725,0.041677415738508118,0.010614636226226605,0.00088129445372209171,0.0017693621156664354,0.0040685014230040385
David Morgan,TE,MIN,2.9648526356490672,4500.0,0.9409887900428725,0.041677415738508118,0.010614636226226605,0.00088129445372209171,0.0017693621156664354,0.0040685014230040385
Connor Hamlett,TE,CLE,2.9641325468942861,4500.0,0.93950550322147486,0.043640150349869851,0.010576927649020469,0.00085472240136029508,0.0016451453645055811,0.003777551013768679
Asante Cleveland,TE,SD,2.9620151490604303,4500.0,0.9412997261335333,0.041549506700448331,0.010497118211593198,0.00083608514690975116,0.0017367877898531987,0.0040807760176618793
Jeff Cumberland,TE,SD,2.9620151490604303,4500.0,0.9412997261335333,0.041549506700448331,0.010497118211593198,0.00083608514690975116,0.0017367877898531987,0.0040807760176618793
Ifeanyi Momah,TE,ARI,2.9583422014306389,4500.0,0.94040121298420254,0.043127343847104087,0.010168529358773246,0.00085381392245744618,0.0016029034832078621,0.0038461964042546927
Troy Niklas,TE,ARI,2.9583422014306389,4500.0,0.94040121298420254,0.043127343847104087,0.010168529358773246,0.00085381392245744618,0.0016029034832078621,0.0038461964042546927
Cory Harkey,TE,LARM,2.9525833789321441,4500.0,0.94190760645463212,0.040929502190305618,0.010898533234310601,0.00089455862525002346,0.0017425662257542437,0.0036272332697470295
Braxton Deaver,TE,CAR,2.9471801991657434,4500.0,0.94265120091957044,0.040840975386708077,0.010234499480285805,0.00084160783920796947,0.0015573399028933426,0.0038743764713343302
Scott Simonson,TE,CAR,2.9471801991657434,4500.0,0.94265120091957044,0.040840975386708077,0.010234499480285805,0.00084160783920796947,0.0015573399028933426,0.0038743764713343302
Chris Manhertz,TE,CAR,2.9471801991657434,4500.0,0.94265120091957044,0.040840975386708077,0.010234499480285805,0.00084160783920796947,0.0015573399028933426,0.0038743764713343302
Clay Harbor,TE,DET,2.9465687740743252,4500.0,0.94209096142750604,0.041310841604261898,0.010503999157031456,0.00089588708231144395,0.0016842999948379132,0.0035140107340508641
MarQueis Gray,TE,MIA,2.9427244925811218,4500.0,0.94350591413293117,0.040169516398110096,0.010021552338650553,0.00081143046676499268,0.0015599472771975023,0.0039316393863456566
Thomas Duarte,TE,MIA,2.9427244925811218,4500.0,0.94350591413293117,0.040169516398110096,0.010021552338650553,0.00081143046676499268,0.0015599472771975023,0.0039316393863456566
Jordan Cameron,TE,MIA,2.9427244925811218,4500.0,0.94350591413293117,0.040169516398110096,0.010021552338650553,0.00081143046676499268,0.0015599472771975023,0.0039316393863456566
Brandon Williams,TE,SEA,2.9389710617868112,4500.0,0.94341348231221567,0.040103272121022215,0.010449675175861199,0.00087474318742734251,0.0016267756950298117,0.0035320515084433109
