name,pos,team,expectation,salary,prob_0_5,prob_5_10,prob_10_15,prob_15_20,prob_20_25,prob_25_30,prob_30+
Dak Prescott,QB,DAL,19.510714285714286,8000.0,0.052857142857142859,0.11,0.14285714285714285,0.21571428571428572,0.22,0.13428571428571429,0.12428571428571429
Matt Ryan,QB,ATL,19.010714285714286,8300.0,0.052857142857142859,0.11428571428571428,0.19428571428571428,0.19714285714285715,0.18142857142857144,0.13857142857142857,0.12142857142857143
Drew Brees,QB,NO,18.610714285714284,8700.0,0.027142857142857142,0.12285714285714286,0.18428571428571427,0.27857142857142858,0.17999999999999999,0.11428571428571428,0.09285714285714286
Ben Roethlisberger,QB,PIT,18.192857142857143,8100.0,0.045714285714285714,0.1357142857142857,0.18142857142857144,0.22,0.21285714285714286,0.13285714285714287,0.071428571428571425
Russell Wilson,QB,SEA,17.907142857142858,7900.0,0.045714285714285714,0.10428571428571429,0.22285714285714286,0.24428571428571427,0.22714285714285715,0.081428571428571433,0.074285714285714288
Andy Dalton,QB,CIN,17.86785714285714,7700.0,0.065714285714285711,0.080000000000000002,0.21857142857142858,0.26142857142857145,0.21714285714285714,0.07857142857142857,0.07857142857142857
Kirk Cousins,QB,WAS,17.760714285714286,7600.0,0.064285714285714279,0.10571428571428572,0.22285714285714286,0.23571428571428571,0.18142857142857144,0.11142857142857143,0.07857142857142857
Jameis Winston,QB,TB,17.739285714285714,8200.0,0.035714285714285712,0.10285714285714286,0.24857142857142858,0.24571428571428572,0.2257142857142857,0.074285714285714288,0.067142857142857143
Eli Manning,QB,NYG,17.300000000000001,7700.0,0.044285714285714282,0.14999999999999999,0.18428571428571427,0.25142857142857145,0.22285714285714286,0.10714285714285714,0.040000000000000001
Matthew Stafford,QB,DET,17.092857142857142,8500.0,0.06142857142857143,0.11571428571428571,0.20428571428571429,0.29714285714285715,0.18571428571428572,0.081428571428571433,0.054285714285714284
Aaron Rodgers,QB,GB,16.910714285714285,8000.0,0.062857142857142861,0.14285714285714285,0.24285714285714285,0.23857142857142857,0.15285714285714286,0.07571428571428572,0.084285714285714283
Philip Rivers,QB,SD,16.5,8000.0,0.06142857142857143,0.12571428571428572,0.27571428571428569,0.23999999999999999,0.16857142857142857,0.071428571428571425,0.057142857142857141
Cam Newton,QB,CAR,16.064285714285713,7800.0,0.077142857142857138,0.14999999999999999,0.23285714285714285,0.26285714285714284,0.15428571428571428,0.071428571428571425,0.051428571428571428
Tyrod Taylor,QB,BUF,15.982142857142858,7600.0,0.084285714285714283,0.15571428571428572,0.22,0.25142857142857145,0.17142857142857143,0.067142857142857143,0.050000000000000003
Carson Wentz,QB,PHI,15.510714285714286,6500.0,0.07571428571428572,0.17285714285714285,0.31142857142857144,0.17428571428571429,0.14142857142857143,0.059999999999999998,0.064285714285714279
Ryan Tannehill,QB,MIA,15.471428571428572,7100.0,0.10571428571428572,0.15857142857142856,0.24142857142857144,0.23999999999999999,0.11571428571428571,0.087142857142857147,0.051428571428571428
Marcus Mariota,QB,TEN,15.153571428571428,7900.0,0.19,0.10142857142857142,0.19285714285714287,0.26142857142857145,0.13,0.045714285714285714,0.07857142857142857
Andrew Luck,QB,IND,14.964285714285715,8200.0,0.17571428571428571,0.15142857142857144,0.20714285714285716,0.18857142857142858,0.1357142857142857,0.067142857142857143,0.074285714285714288
Sam Bradford,QB,MIN,14.732142857142856,6900.0,0.088571428571428565,0.18285714285714286,0.29714285714285715,0.19142857142857142,0.16714285714285715,0.031428571428571431,0.041428571428571426
Brock Osweiler,QB,HOU,14.428571428571427,6500.0,0.10571428571428572,0.15857142857142856,0.32857142857142857,0.21428571428571427,0.11,0.034285714285714287,0.048571428571428571
Blake Bortles,QB,JAC,14.196428571428569,6900.0,0.089999999999999997,0.20857142857142857,0.29714285714285715,0.20285714285714285,0.12857142857142856,0.040000000000000001,0.032857142857142856
Trevor Siemian,QB,DEN,14.167857142857144,7000.0,0.30571428571428572,0.09571428571428571,0.17285714285714285,0.15428571428571428,0.11428571428571428,0.032857142857142856,0.12428571428571429
Carson Palmer,QB,ARI,13.989285714285712,7400.0,0.11857142857142858,0.22142857142857142,0.27142857142857141,0.18428571428571427,0.11142857142857143,0.045714285714285714,0.047142857142857146
Colin Kaepernick,QB,SF,13.946428571428569,7300.0,0.2257142857142857,0.16857142857142857,0.20571428571428571,0.18428571428571427,0.074285714285714288,0.040000000000000001,0.10142857142857142
Ryan Fitzpatrick,QB,NYJ,13.267857142857142,7200.0,0.23571428571428571,0.16142857142857142,0.21714285714285714,0.19714285714285715,0.072857142857142856,0.051428571428571428,0.064285714285714279
Cody Kessler,QB,CLE,11.803571428571427,6000.0,0.40142857142857141,0.17571428571428571,0.11285714285714285,0.11,0.06142857142857143,0.011428571428571429,0.12714285714285714
Josh McCown,QB,CLE,11.364285714285714,6400.0,0.41285714285714287,0.12714285714285714,0.16428571428571428,0.13285714285714287,0.041428571428571426,0.024285714285714285,0.097142857142857142
Case Keenum,QB,LARM,11.332142857142856,6000.0,0.4642857142857143,0.11285714285714285,0.11,0.10857142857142857,0.082857142857142851,0.0085714285714285719,0.11285714285714285
Matt Barkley,QB,CHI,11.296428571428571,6200.0,0.43857142857142856,0.080000000000000002,0.16142857142857142,0.14285714285714285,0.07571428571428572,0.022857142857142857,0.07857142857142857
Jared Goff,QB,LARM,11.00357142857143,6700.0,0.38285714285714284,0.17857142857142858,0.14714285714285713,0.13142857142857142,0.058571428571428573,0.040000000000000001,0.06142857142857143
Bryce Petty,QB,NYJ,10.503571428571428,6100.0,0.46714285714285714,0.10857142857142857,0.14999999999999999,0.10857142857142857,0.062857142857142861,0.035714285714285712,0.067142857142857143
Blaine Gabbert,QB,SF,9.75,6300.0,0.55428571428571427,0.077142857142857138,0.10285714285714286,0.12142857142857143,0.038571428571428569,0.025714285714285714,0.080000000000000002
Kevin Hogan,QB,CLE,9.6714285714285708,6000.0,0.60999999999999999,0.054285714285714284,0.085714285714285715,0.087142857142857147,0.038571428571428569,0.01,0.11428571428571428
Scott Tolzien,QB,IND,9.3607142857142858,6000.0,0.62,0.055714285714285716,0.07571428571428572,0.10428571428571429,0.025714285714285714,0.014285714285714285,0.10428571428571429
Paxton Lynch,QB,DEN,9.3178571428571413,6100.0,0.56428571428571428,0.06142857142857143,0.12714285714285714,0.11428571428571428,0.051428571428571428,0.02,0.06142857142857143
Landry Jones,QB,PIT,9.2107142857142854,6000.0,0.6657142857142857,0.038571428571428569,0.07857142857142857,0.047142857142857146,0.031428571428571431,0.014285714285714285,0.12428571428571429
Brian Hoyer,QB,CHI,8.8285714285714292,6000.0,0.64571428571428569,0.09571428571428571,0.044285714285714282,0.059999999999999998,0.032857142857142856,0.012857142857142857,0.10857142857142857
Trevone Boykin,QB,SEA,7.4321428571428569,6000.0,0.72428571428571431,0.029999999999999999,0.058571428571428573,0.077142857142857138,0.025714285714285714,0.028571428571428571,0.055714285714285716
Robert Griffin III,QB,CLE,7.1607142857142865,6200.0,0.72285714285714286,0.047142857142857146,0.07571428571428572,0.062857142857142861,0.012857142857142857,0.011428571428571429,0.067142857142857143
Shaun Hill,QB,MIN,7.1500000000000004,6000.0,0.75571428571428567,0.027142857142857142,0.057142857142857141,0.058571428571428573,0.014285714285714285,0.0071428571428571426,0.080000000000000002
Drew Stanton,QB,ARI,6.6249999999999991,6000.0,0.79428571428571426,0.018571428571428572,0.042857142857142858,0.045714285714285714,0.018571428571428572,0.0071428571428571426,0.072857142857142856
Charlie Whitehurst,QB,CLE,6.5535714285714288,6000.0,0.78285714285714281,0.028571428571428571,0.052857142857142859,0.047142857142857146,0.012857142857142857,0.0057142857142857143,0.070000000000000007
Mike Glennon,QB,TB,6.5392857142857146,6000.0,0.76714285714285713,0.034285714285714287,0.062857142857142861,0.050000000000000003,0.018571428571428572,0.0085714285714285719,0.058571428571428573
Derek Anderson,QB,CAR,6.4321428571428569,5000.0,0.81714285714285717,0.024285714285714285,0.029999999999999999,0.029999999999999999,0.011428571428571429,0.0,0.087142857142857147
Chad Henne,QB,JAC,6.2071428571428573,5500.0,0.81428571428571428,0.021428571428571429,0.044285714285714282,0.031428571428571431,0.0085714285714285719,0.011428571428571429,0.068571428571428575
Mark Sanchez,QB,DAL,5.9857142857142858,5000.0,0.83999999999999997,0.0085714285714285719,0.050000000000000003,0.017142857142857144,0.0042857142857142859,0.0,0.080000000000000002
Joe Webb,QB,CAR,5.8642857142857139,5000.0,0.86285714285714288,0.0057142857142857143,0.017142857142857144,0.025714285714285714,0.0071428571428571426,0.0014285714285714286,0.080000000000000002
Matt Moore,QB,MIA,5.5785714285714283,5500.0,0.85999999999999999,0.011428571428571429,0.031428571428571431,0.02,0.0071428571428571426,0.0014285714285714286,0.068571428571428575
Matt Cassel,QB,TEN,5.4964285714285719,6000.0,0.8342857142857143,0.011428571428571429,0.058571428571428573,0.034285714285714287,0.01,0.0042857142857142859,0.047142857142857146
Matt Schaub,QB,ATL,5.4714285714285715,6000.0,0.84142857142857141,0.014285714285714285,0.041428571428571426,0.040000000000000001,0.01,0.0042857142857142859,0.048571428571428571
Brandon Doughty,QB,MIA,5.4642857142857144,5000.0,0.87,0.0085714285714285719,0.027142857142857142,0.02,0.0042857142857142859,0.0014285714285714286,0.068571428571428575
Brandon Allen,QB,JAC,5.4428571428571431,5000.0,0.86428571428571432,0.0085714285714285719,0.037142857142857144,0.02,0.0028571428571428571,0.0014285714285714286,0.065714285714285711
Brett Hundley,QB,GB,5.4071428571428566,5000.0,0.85999999999999999,0.012857142857142857,0.034285714285714287,0.022857142857142857,0.0042857142857142859,0.0085714285714285719,0.057142857142857141
Kellen Clemens,QB,SD,5.4000000000000004,5000.0,0.87142857142857144,0.01,0.021428571428571429,0.025714285714285714,0.0057142857142857143,0.0,0.065714285714285711
Sean Mannion,QB,LARM,5.3964285714285714,5000.0,0.85428571428571431,0.0071428571428571426,0.040000000000000001,0.037142857142857144,0.0057142857142857143,0.0028571428571428571,0.052857142857142859
Tony Romo,QB,DAL,5.3499999999999996,6000.0,0.85571428571428576,0.011428571428571429,0.044285714285714282,0.024285714285714285,0.0057142857142857143,0.0042857142857142859,0.054285714285714284
Brandon Weeden,QB,HOU,5.3357142857142854,6000.0,0.85142857142857142,0.0071428571428571426,0.041428571428571426,0.042857142857142858,0.0057142857142857143,0.0057142857142857143,0.045714285714285714
Stephen Morris,QB,IND,5.2964285714285717,6000.0,0.86142857142857143,0.011428571428571429,0.032857142857142856,0.031428571428571431,0.0057142857142857143,0.0042857142857142859,0.052857142857142859
AJ McCarron,QB,CIN,5.2107142857142854,5900.0,0.87428571428571433,0.0057142857142857143,0.027142857142857142,0.031428571428571431,0.0028571428571428571,0.0028571428571428571,0.055714285714285716
B.J. Daniels,QB,CHI,5.2035714285714292,5000.0,0.86857142857142855,0.01,0.028571428571428571,0.032857142857142856,0.0042857142857142859,0.0028571428571428571,0.052857142857142859
Josh Woodrum,QB,CHI,5.2035714285714292,5000.0,0.86857142857142855,0.01,0.028571428571428571,0.032857142857142856,0.0042857142857142859,0.0028571428571428571,0.052857142857142859
David Fales,QB,CHI,5.2035714285714292,5000.0,0.86857142857142855,0.01,0.028571428571428571,0.032857142857142856,0.0042857142857142859,0.0028571428571428571,0.052857142857142859
Taylor Heinicke,QB,MIN,5.1392857142857142,5000.0,0.88571428571428568,0.0028571428571428571,0.027142857142857142,0.02,0.0028571428571428571,0.0,0.06142857142857143
Jameill Showers,QB,DAL,5.0785714285714292,5000.0,0.8828571428571429,0.0057142857142857143,0.034285714285714287,0.017142857142857144,0.0,0.0,0.059999999999999998
Colt McCoy,QB,WAS,5.0250000000000004,5500.0,0.8828571428571429,0.0042857142857142859,0.035714285714285712,0.018571428571428572,0.0028571428571428571,0.0,0.055714285714285716
Chase Daniel,QB,PHI,5.0035714285714281,5000.0,0.8828571428571429,0.0042857142857142859,0.028571428571428571,0.029999999999999999,0.0014285714285714286,0.0,0.052857142857142859
Keith Wenning,QB,CIN,4.9964285714285719,5000.0,0.89000000000000001,0.0028571428571428571,0.022857142857142857,0.027142857142857142,0.0,0.0014285714285714286,0.055714285714285716
Alex Tanney,QB,TEN,4.9964285714285719,5000.0,0.8828571428571429,0.0028571428571428571,0.041428571428571426,0.017142857142857144,0.0,0.0,0.055714285714285716
Jeff Driskel,QB,CIN,4.9964285714285719,5000.0,0.89000000000000001,0.0028571428571428571,0.022857142857142857,0.027142857142857142,0.0,0.0014285714285714286,0.055714285714285716
Tom Savage,QB,HOU,4.9642857142857144,5000.0,0.88142857142857145,0.0042857142857142859,0.029999999999999999,0.032857142857142856,0.0,0.0028571428571428571,0.048571428571428571
Christian Ponder,QB,SF,4.9357142857142851,5200.0,0.88714285714285712,0.0057142857142857143,0.024285714285714285,0.028571428571428571,0.0014285714285714286,0.0014285714285714286,0.051428571428571428
Nate Sudfeld,QB,WAS,4.8964285714285714,5000.0,0.8928571428571429,0.0028571428571428571,0.031428571428571431,0.017142857142857144,0.0,0.0,0.055714285714285716
Christian Hackenberg,QB,NYJ,4.8357142857142854,5000.0,0.88571428571428568,0.0057142857142857143,0.029999999999999999,0.029999999999999999,0.0,0.0028571428571428571,0.045714285714285714
Joe Callahan,QB,GB,4.8285714285714283,5000.0,0.89571428571428569,0.0042857142857142859,0.028571428571428571,0.017142857142857144,0.0,0.0,0.054285714285714284
Austin Davis,QB,DEN,4.8214285714285712,5500.0,0.88714285714285712,0.0042857142857142859,0.029999999999999999,0.029999999999999999,0.0014285714285714286,0.0014285714285714286,0.045714285714285714
Ryan Nassib,QB,NYG,4.7714285714285714,5000.0,0.89000000000000001,0.0042857142857142859,0.028571428571428571,0.029999999999999999,0.0014285714285714286,0.0,0.045714285714285714
Josh Johnson,QB,NYG,4.7714285714285714,5000.0,0.89000000000000001,0.0042857142857142859,0.028571428571428571,0.029999999999999999,0.0014285714285714286,0.0,0.045714285714285714
Griffin Neal,QB,NO,4.6857142857142851,5000.0,0.90571428571428569,0.0042857142857142859,0.02,0.017142857142857144,0.0,0.0014285714285714286,0.051428571428571428
Garrett Grayson,QB,NO,4.6857142857142851,5000.0,0.90571428571428569,0.0042857142857142859,0.02,0.017142857142857144,0.0,0.0014285714285714286,0.051428571428571428
Luke McCown,QB,NO,4.6857142857142851,5000.0,0.90571428571428569,0.0042857142857142859,0.02,0.017142857142857144,0.0,0.0014285714285714286,0.051428571428571428
EJ Manuel,QB,BUF,4.6285714285714281,5000.0,0.91000000000000003,0.0028571428571428571,0.018571428571428572,0.017142857142857144,0.0,0.0,0.051428571428571428
Logan Thomas,QB,BUF,4.6285714285714281,5000.0,0.91000000000000003,0.0028571428571428571,0.018571428571428572,0.017142857142857144,0.0,0.0,0.051428571428571428
Cardale Jones,QB,BUF,4.6285714285714281,5000.0,0.91000000000000003,0.0028571428571428571,0.018571428571428572,0.017142857142857144,0.0,0.0,0.051428571428571428
Jake Heaps,QB,SEA,4.5321428571428575,5000.0,0.91285714285714281,0.0,0.02,0.02,0.0,0.0,0.047142857142857146
Dustin Vaughan,QB,PIT,4.496428571428571,5000.0,0.91428571428571426,0.0014285714285714286,0.02,0.017142857142857144,0.0,0.0,0.047142857142857146
Zach Mettenberger,QB,PIT,4.496428571428571,5000.0,0.91428571428571426,0.0014285714285714286,0.02,0.017142857142857144,0.0,0.0,0.047142857142857146
Ryan Griffin,QB,TB,4.4892857142857139,5000.0,0.90714285714285714,0.0014285714285714286,0.022857142857142857,0.027142857142857142,0.0,0.0,0.041428571428571426
Jake Rudock,QB,DET,4.4249999999999998,5000.0,0.9157142857142857,0.0014285714285714286,0.02,0.018571428571428572,0.0,0.0,0.044285714285714282
Dan Orlovsky,QB,DET,4.4249999999999998,5000.0,0.9157142857142857,0.0014285714285714286,0.02,0.018571428571428572,0.0,0.0,0.044285714285714282
