name,pos,team,expectation,salary,prob_0_5,prob_5_10,prob_10_15,prob_15_20,prob_20_25,prob_25_30,prob_30+,label
Matt Ryan,QB,ATL,19.271428571428572,8300.0,0.062857142857142861,0.077142857142857138,0.19,0.21142857142857144,0.18428571428571427,0.17142857142857143,0.10285714285714286,3.0
Dak Prescott,QB,DAL,18.760714285714286,8000.0,0.065714285714285711,0.10142857142857142,0.17571428571428571,0.22,0.22428571428571428,0.094285714285714292,0.11857142857142858,4.0
Aaron Rodgers,QB,GB,18.682142857142857,8000.0,0.031428571428571431,0.10714285714285714,0.20999999999999999,0.25142857142857145,0.18857142857142858,0.11571428571428571,0.09571428571428571,3.0
Andy Dalton,QB,CIN,18.146428571428569,7700.0,0.065714285714285711,0.088571428571428565,0.20428571428571429,0.27857142857142858,0.17428571428571429,0.084285714285714283,0.10428571428571429,3.0
Kirk Cousins,QB,WAS,18.035714285714285,7600.0,0.07571428571428572,0.085714285714285715,0.19857142857142857,0.25285714285714284,0.19,0.11714285714285715,0.080000000000000002,3.0
Drew Brees,QB,NO,17.964285714285715,8700.0,0.045714285714285714,0.10571428571428572,0.22285714285714286,0.26285714285714284,0.18142857142857144,0.10142857142857142,0.080000000000000002,3.0
Ben Roethlisberger,QB,PIT,17.807142857142857,8100.0,0.071428571428571425,0.13142857142857142,0.21428571428571427,0.19428571428571428,0.19142857142857142,0.085714285714285715,0.11142857142857143,2.0
Jameis Winston,QB,TB,17.028571428571428,8200.0,0.062857142857142861,0.097142857142857142,0.26285714285714284,0.25142857142857145,0.19,0.07571428571428572,0.059999999999999998,2.0
Matthew Stafford,QB,DET,16.821428571428569,8500.0,0.07857142857142857,0.11857142857142858,0.22857142857142856,0.24428571428571427,0.18857142857142858,0.07857142857142857,0.062857142857142861,3.0
Marcus Mariota,QB,TEN,16.282142857142858,7900.0,0.12571428571428572,0.11285714285714285,0.20857142857142857,0.24428571428571427,0.15857142857142856,0.077142857142857138,0.072857142857142856,3.0
Russell Wilson,QB,SEA,16.167857142857144,7900.0,0.071428571428571425,0.12714285714285714,0.26857142857142857,0.24714285714285714,0.17999999999999999,0.052857142857142859,0.052857142857142859,2.0
Eli Manning,QB,NYG,16.149999999999999,7700.0,0.064285714285714279,0.14428571428571429,0.25571428571428573,0.23000000000000001,0.18714285714285714,0.089999999999999997,0.028571428571428571,2.0
Philip Rivers,QB,SD,15.896428571428574,8000.0,0.080000000000000002,0.16428571428571428,0.23857142857142857,0.24571428571428572,0.14428571428571429,0.068571428571428575,0.058571428571428573,3.0
Ryan Tannehill,QB,MIA,15.821428571428569,7100.0,0.089999999999999997,0.14999999999999999,0.2257142857142857,0.24714285714285714,0.1657142857142857,0.087142857142857147,0.034285714285714287,3.0
Tyrod Taylor,QB,BUF,15.592857142857143,7600.0,0.10714285714285714,0.12142857142857143,0.26142857142857145,0.2257142857142857,0.17571428571428571,0.074285714285714288,0.034285714285714287,2.0
Sam Bradford,QB,MIN,15.324999999999999,6900.0,0.089999999999999997,0.14857142857142858,0.2742857142857143,0.22428571428571428,0.17285714285714285,0.054285714285714284,0.035714285714285712,2.0
Carson Wentz,QB,PHI,15.260714285714286,6500.0,0.09285714285714286,0.12714285714285714,0.30428571428571427,0.22714285714285715,0.15714285714285714,0.058571428571428573,0.032857142857142856,2.0
Cam Newton,QB,CAR,15.242857142857142,7800.0,0.10714285714285714,0.16,0.23142857142857143,0.24285714285714285,0.15571428571428572,0.062857142857142861,0.040000000000000001,3.0
Blake Bortles,QB,JAC,15.185714285714285,6900.0,0.080000000000000002,0.1957142857142857,0.27571428571428569,0.20142857142857143,0.11857142857142858,0.082857142857142851,0.045714285714285714,2.0
Andrew Luck,QB,IND,14.696428571428573,8200.0,0.16142857142857142,0.15142857142857144,0.20999999999999999,0.22428571428571428,0.14000000000000001,0.065714285714285711,0.047142857142857146,3.0
Colin Kaepernick,QB,SF,14.282142857142858,7300.0,0.23999999999999999,0.13,0.20714285714285716,0.20000000000000001,0.084285714285714283,0.017142857142857144,0.12142857142857143,0.0
Carson Palmer,QB,ARI,14.1,7400.0,0.13428571428571429,0.17571428571428571,0.25285714285714284,0.2257142857142857,0.14285714285714285,0.037142857142857144,0.031428571428571431,2.0
Trevor Siemian,QB,DEN,13.528571428571428,7000.0,0.26428571428571429,0.12571428571428572,0.19857142857142857,0.18142857142857144,0.12285714285714286,0.032857142857142856,0.074285714285714288,0.0
Ryan Fitzpatrick,QB,NYJ,13.210714285714287,7200.0,0.24571428571428572,0.16285714285714287,0.18285714285714286,0.22285714285714286,0.07571428571428572,0.048571428571428571,0.06142857142857143,0.0
Brock Osweiler,QB,HOU,12.964285714285715,6500.0,0.14857142857142858,0.21857142857142858,0.27714285714285714,0.21428571428571427,0.077142857142857138,0.032857142857142856,0.031428571428571431,2.0
Case Keenum,QB,LARM,12.664285714285715,6000.0,0.31714285714285712,0.13857142857142857,0.17285714285714285,0.18571428571428572,0.074285714285714288,0.02,0.091428571428571428,0.0
Cody Kessler,QB,CLE,11.525,6000.0,0.35142857142857142,0.16428571428571428,0.1657142857142857,0.13857142857142857,0.094285714285714292,0.027142857142857142,0.058571428571428573,0.0
Brian Hoyer,QB,CHI,11.471428571428572,6000.0,0.49857142857142855,0.082857142857142851,0.10142857142857142,0.10714285714285714,0.059999999999999998,0.018571428571428572,0.13142857142857142,0.0
Jared Goff,QB,LARM,11.407142857142857,6700.0,0.37285714285714283,0.12857142857142856,0.17285714285714285,0.16142857142857142,0.084285714285714283,0.022857142857142857,0.057142857142857141,0.0
Matt Barkley,QB,CHI,11.175000000000001,6200.0,0.47142857142857142,0.082857142857142851,0.12857142857142856,0.13142857142857142,0.067142857142857143,0.025714285714285714,0.09285714285714286,0.0
AJ McCarron,QB,CIN,11.139285714285714,5900.0,0.67428571428571427,0.018571428571428572,0.027142857142857142,0.035714285714285712,0.01,0.01,0.22428571428571428,0.0
Josh McCown,QB,CLE,11.117857142857144,6400.0,0.39857142857142858,0.14857142857142858,0.14714285714285713,0.1357142857142857,0.081428571428571433,0.018571428571428572,0.070000000000000007,0.0
Bryce Petty,QB,NYJ,11.075000000000001,6100.0,0.43285714285714288,0.12,0.15571428571428572,0.10857142857142857,0.074285714285714288,0.029999999999999999,0.07857142857142857,0.0
Blaine Gabbert,QB,SF,11.050000000000001,6300.0,0.46714285714285714,0.09571428571428571,0.12142857142857143,0.13714285714285715,0.070000000000000007,0.017142857142857144,0.091428571428571428,0.0
Keith Wenning,QB,CIN,11.025,5000.0,0.68571428571428572,0.014285714285714285,0.025714285714285714,0.031428571428571431,0.01,0.0057142857142857143,0.22714285714285715,0.0
Jeff Driskel,QB,CIN,11.025,5000.0,0.68571428571428572,0.014285714285714285,0.025714285714285714,0.031428571428571431,0.01,0.0057142857142857143,0.22714285714285715,0.0
Paxton Lynch,QB,DEN,10.682142857142857,6100.0,0.49714285714285716,0.07857142857142857,0.12857142857142856,0.12,0.064285714285714279,0.027142857142857142,0.084285714285714283,0.0
Kevin Hogan,QB,CLE,9.8107142857142868,6000.0,0.57428571428571429,0.085714285714285715,0.081428571428571433,0.087142857142857147,0.057142857142857141,0.012857142857142857,0.10142857142857142,0.0
Matt Schaub,QB,ATL,9.4714285714285715,6000.0,0.69142857142857139,0.027142857142857142,0.038571428571428569,0.055714285714285716,0.027142857142857142,0.017142857142857144,0.14285714285714285,0.0
Mark Sanchez,QB,DAL,9.3857142857142861,5000.0,0.7014285714285714,0.034285714285714287,0.045714285714285714,0.038571428571428569,0.0085714285714285719,0.0085714285714285719,0.16285714285714287,0.0
Scott Tolzien,QB,IND,9.3821428571428562,6000.0,0.6171428571428571,0.057142857142857141,0.085714285714285715,0.091428571428571428,0.029999999999999999,0.011428571428571429,0.10714285714285714,0.0
Landry Jones,QB,PIT,9.3535714285714278,6000.0,0.65000000000000002,0.040000000000000001,0.071428571428571425,0.068571428571428575,0.037142857142857144,0.02,0.11285714285714285,0.0
Shaun Hill,QB,MIN,9.3107142857142851,6000.0,0.63714285714285712,0.064285714285714279,0.059999999999999998,0.085714285714285715,0.025714285714285714,0.0057142857142857143,0.12142857142857143,0.0
Mike Glennon,QB,TB,8.9107142857142865,6000.0,0.68000000000000005,0.041428571428571426,0.062857142857142861,0.06142857142857143,0.022857142857142857,0.01,0.12142857142857143,0.0
Derek Anderson,QB,CAR,8.8464285714285715,5000.0,0.66714285714285715,0.068571428571428575,0.064285714285714279,0.047142857142857146,0.02,0.0085714285714285719,0.12428571428571429,0.0
Charlie Whitehurst,QB,CLE,8.8107142857142868,6000.0,0.68571428571428572,0.032857142857142856,0.055714285714285716,0.07857142857142857,0.027142857142857142,0.0042857142857142859,0.11571428571428571,0.0
Christian Ponder,QB,SF,8.8107142857142868,5200.0,0.73571428571428577,0.027142857142857142,0.032857142857142856,0.038571428571428569,0.0085714285714285719,0.0014285714285714286,0.15571428571428572,0.0
Trevone Boykin,QB,SEA,8.7392857142857139,6000.0,0.64428571428571424,0.065714285714285711,0.065714285714285711,0.089999999999999997,0.029999999999999999,0.011428571428571429,0.09285714285714286,0.0
Taylor Heinicke,QB,MIN,8.5964285714285715,5000.0,0.74857142857142855,0.028571428571428571,0.027142857142857142,0.031428571428571431,0.0085714285714285719,0.0028571428571428571,0.15285714285714286,0.0
Tony Romo,QB,DAL,8.5785714285714292,6000.0,0.75714285714285712,0.012857142857142857,0.022857142857142857,0.044285714285714282,0.0085714285714285719,0.0085714285714285719,0.14571428571428571,0.0
Joe Webb,QB,CAR,8.5,5000.0,0.66714285714285715,0.074285714285714288,0.065714285714285711,0.048571428571428571,0.027142857142857142,0.014285714285714285,0.10285714285714286,0.0
Jameill Showers,QB,DAL,8.4321428571428569,5000.0,0.77428571428571424,0.011428571428571429,0.018571428571428572,0.031428571428571431,0.0071428571428571426,0.0042857142857142859,0.15285714285714286,0.0
B.J. Daniels,QB,CHI,8.4107142857142847,5000.0,0.76142857142857145,0.017142857142857144,0.028571428571428571,0.032857142857142856,0.011428571428571429,0.0014285714285714286,0.14714285714285713,0.0
Josh Woodrum,QB,CHI,8.4107142857142847,5000.0,0.76142857142857145,0.017142857142857144,0.028571428571428571,0.032857142857142856,0.011428571428571429,0.0014285714285714286,0.14714285714285713,0.0
David Fales,QB,CHI,8.4107142857142847,5000.0,0.76142857142857145,0.017142857142857144,0.028571428571428571,0.032857142857142856,0.011428571428571429,0.0014285714285714286,0.14714285714285713,0.0
Drew Stanton,QB,ARI,8.4035714285714285,6000.0,0.67142857142857137,0.054285714285714284,0.080000000000000002,0.052857142857142859,0.042857142857142858,0.0028571428571428571,0.09571428571428571,0.0
Austin Davis,QB,DEN,8.3178571428571431,5500.0,0.75285714285714289,0.02,0.037142857142857144,0.040000000000000001,0.0085714285714285719,0.0028571428571428571,0.13857142857142857,0.0
Brett Hundley,QB,GB,8.2285714285714278,5000.0,0.74857142857142855,0.025714285714285714,0.040000000000000001,0.035714285714285712,0.014285714285714285,0.0042857142857142859,0.13142857142857142,0.0
Robert Griffin III,QB,CLE,8.1821428571428569,6200.0,0.70571428571428574,0.044285714285714282,0.052857142857142859,0.059999999999999998,0.031428571428571431,0.0042857142857142859,0.10142857142857142,0.0
Sean Mannion,QB,LARM,8.1678571428571427,5000.0,0.74142857142857144,0.032857142857142856,0.042857142857142858,0.037142857142857144,0.015714285714285715,0.0028571428571428571,0.12714285714285714,0.0
Brandon Weeden,QB,HOU,8.1571428571428566,6000.0,0.7371428571428571,0.029999999999999999,0.042857142857142858,0.048571428571428571,0.017142857142857144,0.0042857142857142859,0.12,0.0
Kellen Clemens,QB,SD,8.132142857142858,5000.0,0.70571428571428574,0.06142857142857143,0.035714285714285712,0.058571428571428573,0.031428571428571431,0.0028571428571428571,0.10428571428571429,0.0
Chase Daniel,QB,PHI,8.0928571428571416,5000.0,0.76714285714285713,0.021428571428571429,0.025714285714285714,0.041428571428571426,0.0057142857142857143,0.0014285714285714286,0.13714285714285715,0.0
Dustin Vaughan,QB,PIT,8.0249999999999986,5000.0,0.78857142857142859,0.018571428571428572,0.018571428571428572,0.02,0.0028571428571428571,0.0042857142857142859,0.14714285714285713,0.0
Zach Mettenberger,QB,PIT,8.0249999999999986,5000.0,0.78857142857142859,0.018571428571428572,0.018571428571428572,0.02,0.0028571428571428571,0.0042857142857142859,0.14714285714285713,0.0
Brandon Doughty,QB,MIA,8.0178571428571423,5000.0,0.77285714285714291,0.024285714285714285,0.02,0.035714285714285712,0.0071428571428571426,0.0042857142857142859,0.1357142857142857,0.0
Tom Savage,QB,HOU,8.0142857142857142,5000.0,0.75285714285714289,0.028571428571428571,0.038571428571428569,0.038571428571428569,0.014285714285714285,0.0014285714285714286,0.12571428571428572,0.0
Christian Hackenberg,QB,NYJ,8.0107142857142861,5000.0,0.75857142857142856,0.024285714285714285,0.031428571428571431,0.042857142857142858,0.014285714285714285,0.0042857142857142859,0.12428571428571429,0.0
Stephen Morris,QB,IND,8.0035714285714281,6000.0,0.77142857142857146,0.014285714285714285,0.028571428571428571,0.042857142857142858,0.0085714285714285719,0.0042857142857142859,0.13,0.0
Matt Moore,QB,MIA,8.0035714285714281,5500.0,0.76857142857142857,0.027142857142857142,0.022857142857142857,0.035714285714285712,0.0071428571428571426,0.0057142857142857143,0.13285714285714287,0.0
Ryan Griffin,QB,TB,7.9857142857142858,5000.0,0.77857142857142858,0.018571428571428572,0.027142857142857142,0.029999999999999999,0.0042857142857142859,0.0014285714285714286,0.14000000000000001,0.0
Colt McCoy,QB,WAS,7.8178571428571431,5500.0,0.78714285714285714,0.015714285714285715,0.022857142857142857,0.031428571428571431,0.0057142857142857143,0.0042857142857142859,0.13285714285714287,0.0
Jake Heaps,QB,SEA,7.7892857142857146,5000.0,0.77857142857142858,0.025714285714285714,0.028571428571428571,0.027142857142857142,0.0057142857142857143,0.0014285714285714286,0.13285714285714287,0.0
Nate Sudfeld,QB,WAS,7.7714285714285714,5000.0,0.79285714285714282,0.014285714285714285,0.02,0.029999999999999999,0.0057142857142857143,0.0028571428571428571,0.13428571428571429,0.0
Ryan Nassib,QB,NYG,7.6107142857142858,5000.0,0.78142857142857147,0.022857142857142857,0.031428571428571431,0.032857142857142856,0.0057142857142857143,0.0014285714285714286,0.12428571428571429,0.0
Josh Johnson,QB,NYG,7.6107142857142858,5000.0,0.78142857142857147,0.022857142857142857,0.031428571428571431,0.032857142857142856,0.0057142857142857143,0.0014285714285714286,0.12428571428571429,0.0
Alex Tanney,QB,TEN,7.5178571428571441,5000.0,0.7985714285714286,0.012857142857142857,0.024285714285714285,0.028571428571428571,0.0085714285714285719,0.0028571428571428571,0.12428571428571429,0.0
Joe Callahan,QB,GB,7.492857142857142,5000.0,0.80142857142857138,0.017142857142857144,0.022857142857142857,0.021428571428571429,0.0071428571428571426,0.0014285714285714286,0.12857142857142856,0.0
Matt Cassel,QB,TEN,7.3714285714285719,6000.0,0.75714285714285712,0.027142857142857142,0.037142857142857144,0.062857142857142861,0.022857142857142857,0.0071428571428571426,0.085714285714285715,0.0
EJ Manuel,QB,BUF,7.3714285714285719,5000.0,0.79285714285714282,0.027142857142857142,0.025714285714285714,0.024285714285714285,0.0071428571428571426,0.0028571428571428571,0.12,0.0
Logan Thomas,QB,BUF,7.3714285714285719,5000.0,0.79285714285714282,0.027142857142857142,0.025714285714285714,0.024285714285714285,0.0071428571428571426,0.0028571428571428571,0.12,0.0
Cardale Jones,QB,BUF,7.3714285714285719,5000.0,0.79285714285714282,0.027142857142857142,0.025714285714285714,0.024285714285714285,0.0071428571428571426,0.0028571428571428571,0.12,0.0
Jake Rudock,QB,DET,7.3035714285714288,5000.0,0.80142857142857138,0.02,0.022857142857142857,0.027142857142857142,0.0071428571428571426,0.0028571428571428571,0.11857142857142858,0.0
Dan Orlovsky,QB,DET,7.3035714285714288,5000.0,0.80142857142857138,0.02,0.022857142857142857,0.027142857142857142,0.0071428571428571426,0.0028571428571428571,0.11857142857142858,0.0
Griffin Neal,QB,NO,7.2392857142857139,5000.0,0.81285714285714283,0.014285714285714285,0.02,0.022857142857142857,0.0071428571428571426,0.0014285714285714286,0.12142857142857143,0.0
Garrett Grayson,QB,NO,7.2392857142857139,5000.0,0.81285714285714283,0.014285714285714285,0.02,0.022857142857142857,0.0071428571428571426,0.0014285714285714286,0.12142857142857143,0.0
Luke McCown,QB,NO,7.2392857142857139,5000.0,0.81285714285714283,0.014285714285714285,0.02,0.022857142857142857,0.0071428571428571426,0.0014285714285714286,0.12142857142857143,0.0
Chad Henne,QB,JAC,7.1642857142857146,5500.0,0.78000000000000003,0.037142857142857144,0.032857142857142856,0.029999999999999999,0.014285714285714285,0.0028571428571428571,0.10285714285714286,0.0
Brandon Allen,QB,JAC,6.875,5000.0,0.81428571428571428,0.021428571428571429,0.028571428571428571,0.021428571428571429,0.0042857142857142859,0.0,0.11,0.0
