name,pos,team,expectation,salary,prob_0_5,prob_5_10,prob_10_15,prob_15_20,prob_20_25,prob_25_30,prob_30+,label
Le'Veon Bell,RB,PIT,15.924184061093127,9000.0,0.07205068605340105,0.19564777338567149,0.21751026513082064,0.21605499160158556,0.1709963686287615,0.072194259697956162,0.055545655501804479,2.0
Ezekiel Elliott,RB,DAL,15.809753534628502,8500.0,0.079969643475486712,0.17174865092695202,0.23640473400986617,0.23751133501494889,0.15018584205149005,0.068702299773306025,0.055477494747950613,3.0
LeSean McCoy,RB,BUF,15.362720564950248,8300.0,0.09986371155972984,0.19093050042720405,0.22319786579485063,0.2176635063846564,0.13478004264013901,0.083374156332412144,0.050190216861008885,2.0
David Johnson,RB,ARI,13.729902655911529,9700.0,0.13752493978419469,0.23018584715194731,0.23498396626364931,0.2023340253852221,0.098433840081011845,0.054935775764996593,0.041601605568978878,2.0
Jay Ajayi,RB,MIA,13.232257049659511,7200.0,0.14118268568028361,0.2618409710283286,0.23668483706980339,0.18615999782629455,0.080483985783312978,0.051922712550679456,0.041724810061297565,1.0
Jordan Howard,RB,CHI,12.922377347876356,7800.0,0.13818910761210881,0.27133570099308302,0.24095465965749291,0.18884746421198456,0.089413118216839241,0.037436057827539358,0.033823891480953015,1.0
Carlos Hyde,RB,SF,12.833181105018269,6900.0,0.15019468071027697,0.26457963907856391,0.23508374239922322,0.18918717602159779,0.085838778092635362,0.044854291562506303,0.030261692135196402,1.0
Mark Ingram,RB,NO,12.080666076313769,7100.0,0.19557108651645355,0.26599319476602229,0.22323269647306501,0.16947035122420764,0.075941803344055994,0.041429519595678893,0.028361348080516869,1.0
Doug Martin,RB,TB,11.642213609121153,7300.0,0.18336109137249837,0.29687289009881718,0.24892813185235568,0.15071610675980324,0.062338868524968852,0.028919433602467397,0.02886347778908924,1.0
Devonta Freeman,RB,ATL,11.618546223379761,7500.0,0.21841061788269009,0.2803197505500602,0.22156085051246344,0.14027875755188124,0.070114223692067254,0.034385382062265192,0.034930417748573243,1.0
Thomas Rawls,RB,SEA,11.542416644024833,6500.0,0.21590810585312831,0.27069290025786302,0.23290078808511305,0.15583135175427473,0.066260321695179272,0.026792633313691933,0.031613899040750203,1.0
Rob Kelley,RB,WAS,11.287476849889686,5900.0,0.25249069303790361,0.25151329055069072,0.21203875995300031,0.16407469796323582,0.062434820842310258,0.022312741654193592,0.035134995998666013,0.0
Jeremy Hill,RB,CIN,11.279821819352478,6900.0,0.22791421405142903,0.28030077360275135,0.22404853492441656,0.14023022968776747,0.068160890083986389,0.034341702468705507,0.025003655180943912,1.0
Lamar Miller,RB,HOU,11.065903001955402,7200.0,0.22488256158870626,0.30918927079743852,0.21826036610745206,0.12615001495338746,0.062697504722899908,0.029400865512518949,0.029419416317597088,1.0
Jonathan Stewart,RB,CAR,10.989236772625537,6500.0,0.23559716260053534,0.29213238269277031,0.22530356978754379,0.13049911528584396,0.06103248141364128,0.02723254178844851,0.028202746431216903,1.0
Melvin Gordon,RB,SD,10.62202244976446,8200.0,0.28561093545783994,0.25733224412288258,0.20477417851096907,0.14236626117603146,0.05698258007533679,0.027716612860989181,0.025217187795951328,0.0
Frank Gore,RB,IND,10.483099087521571,6000.0,0.25416697877770927,0.31567795517554925,0.20378653132359262,0.11949210176253199,0.057583805893617342,0.023896536743989123,0.025396090323010632,1.0
Todd Gurley,RB,LARM,9.9308141171560305,6900.0,0.27900000413062798,0.31755973110205427,0.19797977824352569,0.11706426698519255,0.048563329049915546,0.021144246326389535,0.018688644162294273,1.0
Rashad Jennings,RB,NYG,9.5968872073959073,6100.0,0.31416736682908009,0.29612201660801796,0.20512298759521391,0.097600376016630824,0.045492915896265383,0.020984355206913458,0.020509981847879104,0.0
Tim Hightower,RB,NO,9.523152654940473,5900.0,0.3496896706914106,0.27270337614349982,0.16779427086705556,0.11533373093016637,0.050229469891911564,0.025468059227587304,0.018781422248369449,0.0
Matt Forte,RB,NYJ,9.4945840863026874,7700.0,0.34052116912265096,0.29896825215359496,0.16168056648501225,0.10108893937419837,0.052116287838274128,0.021137093339684287,0.024487691686585336,0.0
DeMarco Murray,RB,TEN,9.2977501226473969,7900.0,0.38993279431489453,0.24834299970305526,0.16875415028535046,0.09360744827727939,0.047804808283401015,0.022312365395897961,0.029245433740121691,0.0
Devontae Booker,RB,DEN,9.1299163878381382,6600.0,0.37198534627001678,0.27805706128448127,0.16631747738336775,0.093281288381458272,0.052258283638123772,0.014159511971366619,0.023941031071185784,0.0
Theo Riddick,RB,DET,8.8724358281734848,6300.0,0.38554129966309714,0.2669174703035942,0.1891970842420323,0.076396966376218359,0.041734267976749048,0.01889091235841283,0.021321999079895869,0.0
Jerick McKinnon,RB,MIN,8.7472327839111816,6000.0,0.34143971011101609,0.34844821441144586,0.16739614245810075,0.074521952653261087,0.034123544281156493,0.010207874788298019,0.023862561296721509,1.0
Matt Asiata,RB,MIN,8.1387473424239758,5800.0,0.42110027230715769,0.28686538983066562,0.16301568512975506,0.062885395676683178,0.035227668368544157,0.010400319050914333,0.020505269636280247,0.0
Tevin Coleman,RB,ATL,8.1028396054161416,5400.0,0.46690290545483815,0.25110162058151814,0.14336536760829335,0.058344091153893246,0.038248401272992852,0.012356535869030955,0.029681078059433468,0.0
Darren Sproles,RB,PHI,8.0771953565015551,5600.0,0.45935825729524959,0.25347357047108315,0.14763671647381152,0.068794883812143826,0.029097073346335867,0.017825078566080652,0.023814420035296355,0.0
T.J. Yeldon,RB,JAC,7.7019313477301106,5300.0,0.49816930048380281,0.24577005044090075,0.13239269721027228,0.057551049606041155,0.022585595445633055,0.0107454668019042,0.032785840011446132,0.0
James Starks,RB,GB,7.6624220719686811,5700.0,0.51559235056221742,0.20065888813761298,0.15309981689175503,0.058146899104466208,0.040349169501546822,0.012803450375055449,0.019349425427346165,0.0
Wendell Smallwood,RB,PHI,7.6344502984417906,5400.0,0.5171798603791099,0.21003704076847435,0.13589424798440375,0.072600958563463505,0.030458673326525701,0.009641979601709573,0.024187239376313126,0.0
Chris Thompson,RB,WAS,7.2874932026725867,5100.0,0.53645439567487896,0.23313532693586042,0.10468971645601197,0.057523996043765305,0.035199080537855039,0.0085787185877774889,0.024418765763850686,0.0
Denard Robinson,RB,JAC,7.2296013267635884,4500.0,0.51894179755283865,0.24599719742168821,0.12540948609797842,0.056744469398801629,0.022171603782392062,0.0063974166279055838,0.024338029118395617,0.0
Mike Gillislee,RB,BUF,7.1843938956147113,5300.0,0.55021177457612847,0.20652812485104624,0.12931830132321412,0.062550214000366047,0.015256134331218411,0.0078943724451209004,0.028241078472906304,0.0
Rex Burkhead,RB,CIN,6.9882459834543695,4500.0,0.55872608014692693,0.20653449462804011,0.12414845559206308,0.060304151708779292,0.021784954095205387,0.0069977303445710294,0.021504133484414309,0.0
Chris Ivory,RB,JAC,6.8660138355131277,5700.0,0.59118104137328042,0.18740952887091497,0.12020383173782144,0.040848096006926175,0.021913348579063647,0.0097994032592822883,0.028644750172711238,0.0
Paul Perkins,RB,NYG,6.6581002332650261,4500.0,0.56305397128327617,0.23959918201255473,0.10532015913739388,0.047399680988356493,0.017949473513866013,0.0040135703829762663,0.022663962681576583,0.0
Isaiah Crowell,RB,CLE,6.4224141502553609,5500.0,0.63617755705272894,0.16474223997691653,0.096777019309298717,0.047082044598140763,0.0244365773783022,0.0086036952013708902,0.022180866483241923,0.0
Ty Montgomery,RB,GB,6.3595146315225799,4800.0,0.61558345987439034,0.1894877655721347,0.10168843780488965,0.051867554781577015,0.016393766046503767,0.0030020312609475262,0.021976984659556685,0.0
Dwayne Washington,RB,DET,6.2750056563227687,4500.0,0.61774731129702598,0.20020254114055352,0.092616460666182093,0.047579210954387455,0.015343749117058696,0.004577789933943836,0.021932936890849141,0.0
Bilal Powell,RB,NYJ,5.7787103292750253,5600.0,0.68219659516780573,0.15931316003510224,0.073008458371815466,0.043698277301825933,0.017493550390182255,0.0056945174374509987,0.018595441295816962,0.0
Kapri Bibbs,RB,DEN,5.7624551245073015,5500.0,0.67891834541506102,0.1721720816848962,0.070280739755876218,0.034749783008288897,0.017464848434172609,0.0040290600785499921,0.022385141623154588,0.0
Aaron Ripkowski,RB,GB,5.6923064677326725,4600.0,0.68131176483706135,0.17615057105898882,0.071879744664703191,0.029525050689733316,0.014002273075499392,0.0015879220627656172,0.025542673611248252,0.0
Robert Turbin,RB,IND,5.6009305328957453,4500.0,0.70156134290156413,0.16477442248558546,0.059591654755278486,0.03286778817185082,0.01090405715430558,0.0019639953359804315,0.028336739195435345,0.0
Peyton Barber,RB,TB,5.5098779720003144,4500.0,0.71922926624459182,0.14152221302498283,0.072524568632830397,0.025908920444590745,0.0090603851577539529,0.0033128400496644445,0.028441806445585978,0.0
Jonathan Grimes,RB,HOU,5.4128203706575455,4500.0,0.72887939688850412,0.13411443407361537,0.062768157447063752,0.033758742503190817,0.014482899622747569,0.0035139349056688093,0.022482434559209161,0.0
Jacquizz Rodgers,RB,TB,5.2932946755324792,4600.0,0.73755442530078608,0.13225310862971418,0.068829074125772147,0.024366036478731711,0.0089074957560581428,0.0017096682288572458,0.026380191480080521,0.0
John Kuhn,RB,NO,5.1388667479451513,4500.0,0.71476304957173231,0.1723304514379366,0.0579862344576033,0.029093032744355703,0.0054240127041462523,0.0014170959074930533,0.018986123176733736,0.0
Shaun Draughn,RB,SF,5.1018381950502949,4600.0,0.71734826754681347,0.1545222359946451,0.076545962994429423,0.026930845993130344,0.010291066753297879,0.0017025750873133493,0.01265904563037016,0.0
Alfred Morris,RB,DAL,5.0879146898992644,4700.0,0.72708761863378613,0.1737684735835687,0.044584179172394538,0.02363255389190486,0.0059656380734534852,0.0015760640732201776,0.023385472571671676,0.0
DuJuan Harris,RB,SF,5.0675091534166308,4700.0,0.75364885203274856,0.13243711671818587,0.059578620538970173,0.019583534455275071,0.0074905416840259278,0.0026693146165941805,0.024592019954200028,0.0
Andre Ellington,RB,ARI,4.9095844532778994,4500.0,0.76454389162338365,0.1332514742276053,0.044895104595065939,0.027600929812249392,0.0060807261011670329,0.0012211101780061824,0.022406763462522392,0.0
Derrick Henry,RB,TEN,4.8661898359226834,5000.0,0.77352697375174817,0.12688115844306358,0.044265937579082086,0.017931895306249772,0.010929647471165808,0.0078052404243979792,0.018659147024293249,0.0
Alfred Blue,RB,HOU,4.7787607936263861,5100.0,0.78819961227819324,0.10874451885563501,0.050191678639646249,0.020444510810472532,0.0086946184693376342,0.0024670799147139002,0.02125798103200183,0.0
Troymaine Pope,RB,SEA,4.753297587338416,4500.0,0.78892013093945002,0.10635522906077059,0.054621279470011386,0.02087185426618576,0.0054824582734288654,0.0025683189075890078,0.021180729082564877,0.0
Zach Zenner,RB,DET,4.6692188280926441,4500.0,0.801422399765647,0.10325388060696927,0.04635521360513719,0.016694520885590123,0.0080352792153687881,0.001264540136885854,0.022974165784401597,0.0
Jeremy Langford,RB,CHI,4.6398775706877142,4600.0,0.79168699890260641,0.11318597772642582,0.047845195898009625,0.021045458116265067,0.0049062855489922638,0.0015386111198143729,0.019791472687886398,0.0
Kenjon Barner,RB,PHI,4.493269972215943,4600.0,0.79387301597067195,0.12299841057781651,0.041069723987476187,0.01869221617117385,0.0050062760380730677,0.0012852926210108816,0.017075064633777174,0.0
Jonathan Williams,RB,BUF,4.4641085972649837,4500.0,0.80851062968878851,0.11131731692886421,0.037024131587973672,0.016974769793269211,0.004541505374900172,0.0014932630677015868,0.020138383558502896,0.0
Christine Michael,RB,GB,4.403438277028985,4700.0,0.81597507843295125,0.10375602614713678,0.038519327724993696,0.014722486301708188,0.0072735967208295369,0.0011776815668280269,0.018575803105552326,0.0
Mike Tolbert,RB,CAR,4.4020102757045123,4500.0,0.81037561398420266,0.1084436366320798,0.04137108262948179,0.016545831739698889,0.0040804849862443046,0.00095663806541479587,0.018226711962878613,0.0
Adrian Peterson,RB,MIN,4.3685684423316413,6500.0,0.82958673898302893,0.086854013363808463,0.043620538098230417,0.010072101243280342,0.004122073925578282,0.009616982690383474,0.016127551695690363,0.0
Fozzy Whittaker,RB,CAR,4.3305067177511543,4500.0,0.8246055847174143,0.099573910129399992,0.033828779287327415,0.018283465559083476,0.0030032875901648093,0.0017173298997965687,0.01898764281681287,0.0
Damien Williams,RB,MIA,4.2816787790979642,4600.0,0.81530417851727099,0.10721306586773817,0.040200406751174332,0.01720847507355916,0.0046181151640464812,0.0012256269984853329,0.014230131627725524,0.0
Kenyan Drake,RB,MIA,4.2724438401351605,4500.0,0.8243899917852211,0.10161136313917517,0.035389436364870325,0.015642686108216793,0.0048263945434164329,0.0013639578162361354,0.016776170242864503,0.0
Fitzgerald Toussaint,RB,PIT,4.2595920518413326,4500.0,0.81345999861171459,0.10931557956110285,0.045501152433313451,0.01185298556234564,0.0022640497978381633,0.0049701007712061292,0.012636133262479457,0.0
Reggie Bush,RB,BUF,4.257562339804859,4500.0,0.83627336491681581,0.092565068640801315,0.037247433493107343,0.008440693589060095,0.0021129284828583128,0.00077638871165415459,0.022584122165703283,0.0
Jordan Todman,RB,IND,4.2482019262504336,4500.0,0.82946310229361653,0.093608083863308295,0.040325405556718534,0.014432384739677177,0.0038065142041592641,0.0016740209924718591,0.016690488350048223,0.0
Akeem Hunt,RB,HOU,4.0879161983888617,4500.0,0.84351020221124628,0.085179185989805645,0.036647309508672191,0.016856297526872937,0.0024313982298556883,0.00075099553164594641,0.014624611001900226,0.0
C.J. Spiller,RB,NYJ,4.0834928596295317,4500.0,0.85714951840803022,0.083564477193800585,0.025288530262270095,0.0096590225551115363,0.0015445019273486991,0.000505809276341773,0.022288140377096543,0.0
Travaris Cadet,RB,NO,4.0646138242121328,4500.0,0.8332116422598902,0.11492251924649322,0.024742567062098729,0.0068402689674435429,0.0011681228942589785,0.00061660280762225819,0.018498276762193518,0.0
Ka'Deem Carey,RB,CHI,4.0236843601598089,4500.0,0.84932535449087998,0.089114702557641826,0.028860477022740333,0.012878594781318911,0.0029246336694163594,0.0015057647998668639,0.015390472678135802,0.0
Benny Cunningham,RB,LARM,4.0192861130277633,4500.0,0.84451612789564612,0.092016489924370948,0.033428355469254184,0.012136707537864068,0.0027765817214596795,0.0005664807939257388,0.014559256657479038,0.0
Ryan Mathews,RB,PHI,3.9763836327445023,4600.0,0.85418610767552317,0.085526482413989566,0.030745388430474266,0.0095183739558263973,0.0035295145188772299,0.0010837181356891927,0.015410414869619766,0.0
C.J. Prosise,RB,SEA,3.9571026138331211,4500.0,0.85988601801665254,0.086890133972629166,0.02001727076876457,0.012492970312888117,0.0025117451143268493,0.00089476395687236663,0.017307097857866521,0.0
Malcolm Brown,RB,LARM,3.9195768943236882,4500.0,0.87112586893759225,0.070006511772819954,0.024168583119935479,0.014651175497650857,0.0030517640989935254,0.00070900650761943497,0.016287090065388175,0.0
Kenneth Farrow,RB,SD,3.9132450928651563,4500.0,0.86623037934061253,0.077917297431572066,0.026209645228086879,0.0099844078813046966,0.0016618621031206798,0.00084326231372123801,0.017153145701581916,0.0
Lance Dunbar,RB,DAL,3.8937221301735416,4500.0,0.86644908365851125,0.084727551633360806,0.019856719220523407,0.0084324064574944034,0.0015392398633384602,0.00041215829970165974,0.018582840867070065,0.0
Zach Line,RB,MIN,3.8911438616954577,4500.0,0.88314323811021955,0.063669322875382572,0.023737713719107708,0.0048997585266867079,0.0025802507681567922,0.00049294042006521534,0.021476775580381569,0.0
Josh Ferguson,RB,IND,3.8610277312823285,4500.0,0.87541399509777351,0.072841448461862995,0.022889738364169226,0.0080274821491696461,0.0019876500632648093,0.00060425583249426964,0.018235430031265362,0.0
Jay Prosch,RB,HOU,3.6691852974344092,4500.0,0.89610724454850799,0.060862564090321369,0.016824702694688207,0.0075965645625403798,0.0013633177891513623,0.00067621058878696992,0.016569395726003515,0.0
Juwan Thompson,RB,DEN,3.6600503851598076,4500.0,0.89449745195866315,0.062333901015747331,0.017549989863714061,0.0080422476082806209,0.0011299362401448554,0.00064824535604186969,0.015798227957408501,0.0
Derek Watt,RB,SD,3.6421642094857036,4500.0,0.89654760174127124,0.061706871559916367,0.017556398239315953,0.0062633766519112595,0.0010270345236146499,0.00075117102493928894,0.016147546259031344,0.0
Jerome Felton,RB,BUF,3.6385542702539375,4500.0,0.89447882632374964,0.061178656236759263,0.019907523258978377,0.0078256485069044274,0.0015011223662773434,0.00064515679160131372,0.014463066515729589,0.0
Mike James,RB,DET,3.6151925194612708,4500.0,0.89200354582912389,0.06849759979260571,0.016494999749510957,0.0064031291913883587,0.0019292535618776858,0.00049337627450484086,0.014178095600988688,0.0
Roosevelt Nix,RB,PIT,3.5890830425380904,4500.0,0.89343400317314536,0.069904778740914233,0.0171127525693055,0.0029954738589317445,0.00076244070942191929,0.00065896063347936986,0.015131590314802002,0.0
Paul Lasike,RB,CHI,3.5827855505956383,4500.0,0.89928594213467961,0.06102349771960159,0.016629566338800424,0.0059805002882641536,0.0023253108501833457,0.00058463459244137601,0.014170548076029587,0.0
Keith Smith,RB,DAL,3.5690306522832409,4500.0,0.90600801782751716,0.054180668223226605,0.014118576615629472,0.0094505890634831915,0.00054060866197541452,0.00079060019285500456,0.014910939415313261,0.0
Corey Grant,RB,JAC,3.5574726103326944,4500.0,0.9041552825047191,0.056359188634654014,0.016099500795594954,0.0074495830974213913,0.00084917280204771419,0.00058425182394463901,0.014503020341617965,0.0
Will Tukuafu,RB,SEA,3.5083552476373385,4500.0,0.90510648825184881,0.057206214293384801,0.016925457551157583,0.0056316708486525329,0.0015489703812849086,0.00050317687879619557,0.013078021794875296,0.0
Ryan Hewitt,RB,CIN,3.4995839474631993,4500.0,0.90790145156942048,0.057698614128723964,0.013271778471696718,0.0055333970160055569,0.00050241978429915995,0.00069030363916113599,0.014402035390692848,0.0
Jalston Fowler,RB,TEN,3.4243450611501842,4500.0,0.92274645068865391,0.044765233658280751,0.013195327608554725,0.0028499122733895428,0.0003282262055241392,0.00059736030933146649,0.015517489256265256,0.0
Antonio Andrews,RB,TEN,3.4243450611501842,4500.0,0.92274645068865391,0.044765233658280751,0.013195327608554725,0.0028499122733895428,0.0003282262055241392,0.00059736030933146649,0.015517489256265256,0.0
George Farmer,RB,SEA,3.4194903434288713,4500.0,0.91859084913454303,0.048449991422274699,0.013436069086098854,0.004571288456912956,0.00053362406206793858,0.00066038565024883512,0.013757792187853427,0.0
Tyler Ervin,RB,HOU,3.4121244120817362,4500.0,0.92273116873195671,0.044078551145770743,0.014361373710280172,0.0030816929704530465,0.00041328850053958855,0.00063010745333358137,0.014703817487666263,0.0
Patrick DiMarco,RB,ATL,3.3985489161777993,4500.0,0.91713377046149303,0.050859362654470122,0.014371099260578439,0.0035172222202130309,0.00051293653331933864,0.00062109892566955473,0.012984509944256701,0.0
Duke Johnson Jr.,RB,CLE,3.369496595260705,4900.0,0.9233503326418564,0.045314707300848973,0.013487732050708788,0.0034378332997538844,0.00053151924840635456,0.0006910798151872797,0.013186795643238589,0.0
Sione Houma,RB,NO,3.3624794272539393,4500.0,0.92538944318060001,0.044075748348172121,0.012637440197405101,0.0031778673651789427,0.00038260997120131014,0.00073905091060775684,0.013597840026834569,0.0
Daniel Lasco,RB,NO,3.3624794272539393,4500.0,0.92538944318060001,0.044075748348172121,0.012637440197405101,0.0031778673651789427,0.00038260997120131014,0.00073905091060775684,0.013597840026834569,0.0
Darren McFadden,RB,DAL,3.3621433972040111,4500.0,0.92534363236123651,0.044201604118791982,0.012593602449197864,0.0031518307668980425,0.00036653435928018,0.00073995530271270856,0.013602840641882488,0.0
Darius Jackson,RB,DAL,3.3621433972040111,4500.0,0.92534363236123651,0.044201604118791982,0.012593602449197864,0.0031518307668980425,0.00036653435928018,0.00073995530271270856,0.013602840641882488,0.0
Rod Smith,RB,DAL,3.3621433972040111,4500.0,0.92534363236123651,0.044201604118791982,0.012593602449197864,0.0031518307668980425,0.00036653435928018,0.00073995530271270856,0.013602840641882488,0.0
Marcus Murphy,RB,NO,3.3619129854779848,4500.0,0.9245170212670788,0.044729059728146711,0.013143105642336641,0.0030902029181875644,0.0005476446709665549,0.00061209258799676831,0.013360873185286819,0.0
Trey Williams,RB,IND,3.3577143198718087,4500.0,0.92426799305999474,0.045458406901238431,0.012740651444309447,0.0032411381101614093,0.00039298654780750846,0.00068970794958953799,0.013209115986898837,0.0
Glenn Winston,RB,CLE,3.3519575718466639,4500.0,0.92674220349917014,0.042803010001311287,0.012828595978220992,0.0030191086630544832,0.00040053371105176945,0.00071380758568951631,0.013492740561501758,0.0
Patrick Skov,RB,CLE,3.3519575718466639,4500.0,0.92674220349917014,0.042803010001311287,0.012828595978220992,0.0030191086630544832,0.00040053371105176945,0.00071380758568951631,0.013492740561501758,0.0
George Atkinson III,RB,CLE,3.3519575718466639,4500.0,0.92674220349917014,0.042803010001311287,0.012828595978220992,0.0030191086630544832,0.00040053371105176945,0.00071380758568951631,0.013492740561501758,0.0
Orleans Darkwa,RB,NYG,3.3509686264180187,4500.0,0.92631170520568029,0.043225666621895691,0.012687816982498615,0.0034157615962036631,0.00040459117109592198,0.00065146968223526731,0.013302988740390749,0.0
Isaiah Pead,RB,MIA,3.3509165024755174,4500.0,0.92648742418608487,0.043440822606343493,0.012440787327333124,0.0030701212843011793,0.00037309718325972865,0.00070813835616844421,0.013479609056509087,0.0
Daniel Thomas,RB,MIA,3.3509165024755174,4500.0,0.92648742418608487,0.043440822606343493,0.012440787327333124,0.0030701212843011793,0.00037309718325972865,0.00070813835616844421,0.013479609056509087,0.0
Matt Jones,RB,WAS,3.350635244364272,4500.0,0.92694157916260622,0.042592720741959716,0.012581514144688315,0.0033958323235907494,0.00039235738770919859,0.00067306815765911729,0.013422928081786677,0.0
Mack Brown,RB,WAS,3.350635244364272,4500.0,0.92694157916260622,0.042592720741959716,0.012581514144688315,0.0033958323235907494,0.00039235738770919859,0.00067306815765911729,0.013422928081786677,0.0
Keith Marshall,RB,WAS,3.350635244364272,4500.0,0.92694157916260622,0.042592720741959716,0.012581514144688315,0.0033958323235907494,0.00039235738770919859,0.00067306815765911729,0.013422928081786677,0.0
Silas Redd Jr.,RB,WAS,3.350635244364272,4500.0,0.92694157916260622,0.042592720741959716,0.012581514144688315,0.0033958323235907494,0.00039235738770919859,0.00067306815765911729,0.013422928081786677,0.0
Soma Vainuku,RB,HOU,3.3491963143703352,4500.0,0.92694016978362392,0.042758475929657279,0.012674588828896374,0.0030996327195005956,0.00039008309075830338,0.00067896262938724715,0.013458087018176263,0.0
Cedric Peerman,RB,CIN,3.3491913027575646,4500.0,0.92300693129168321,0.04651005433854969,0.013692593425966399,0.0031614055455771615,0.00046336862994069929,0.00064758385953578193,0.012518062908747256,0.0
Dominique Williams,RB,NYJ,3.3490930574358782,4500.0,0.92605115592232223,0.043756988596360076,0.012828159499633387,0.0029826741054804727,0.000386202416299411,0.00070256971964616211,0.013292249740258286,0.0
Bernard Pierce,RB,NYJ,3.3490930574358782,4500.0,0.92605115592232223,0.043756988596360076,0.012828159499633387,0.0029826741054804727,0.000386202416299411,0.00070256971964616211,0.013292249740258286,0.0
Brandon Wilds,RB,NYJ,3.3490930574358782,4500.0,0.92605115592232223,0.043756988596360076,0.012828159499633387,0.0029826741054804727,0.000386202416299411,0.00070256971964616211,0.013292249740258286,0.0
Chris Johnson,RB,ARI,3.3481986615043136,4500.0,0.92632520988578582,0.043429441815371339,0.012846701584357217,0.0030193706740538318,0.00038787233330022215,0.00069122542329349711,0.013300178283837998,0.0
Zach Laskey,RB,LARM,3.3452783674992403,4500.0,0.9260179051420816,0.044074217548788854,0.012624641827317326,0.0030383855518152556,0.00038865598829904228,0.00066857928883548709,0.013187614652862339,0.0
Tre Mason,RB,LARM,3.3452783674992403,4500.0,0.9260179051420816,0.044074217548788854,0.012624641827317326,0.0030383855518152556,0.00038865598829904228,0.00066857928883548709,0.013187614652862339,0.0
Andy Janovich,RB,DEN,3.3452445079523456,4500.0,0.92689835415303434,0.041299915943222743,0.014538491111194575,0.0032488650462333458,0.00044214342325421757,0.00070844167116951577,0.012863788651891223,0.0
Bruce Miller,RB,SF,3.3450252960136888,4500.0,0.92614597859859993,0.04380210705898633,0.012779741472853677,0.0029802919218423719,0.0004488397399033404,0.00071502225192628121,0.013128018955888044,0.0
Raheem Mostert,RB,SF,3.3450252960136888,4500.0,0.92614597859859993,0.04380210705898633,0.012779741472853677,0.0029802919218423719,0.0004488397399033404,0.00071502225192628121,0.013128018955888044,0.0
Kendall Gaskins,RB,SF,3.3450252960136888,4500.0,0.92614597859859993,0.04380210705898633,0.012779741472853677,0.0029802919218423719,0.0004488397399033404,0.00071502225192628121,0.013128018955888044,0.0
Mike Davis,RB,SF,3.3450252960136888,4500.0,0.92614597859859993,0.04380210705898633,0.012779741472853677,0.0029802919218423719,0.0004488397399033404,0.00071502225192628121,0.013128018955888044,0.0
Andre Williams,RB,SD,3.3432641194959292,4500.0,0.92841320135314309,0.04137420282661429,0.012287500901064913,0.0034026723446120956,0.00036266149302423983,0.00066232717700712043,0.013497433904534277,0.0
Dexter McCluster,RB,SD,3.3432641194959292,4500.0,0.92841320135314309,0.04137420282661429,0.012287500901064913,0.0034026723446120956,0.00036266149302423983,0.00066232717700712043,0.013497433904534277,0.0
Ronnie Hillman,RB,SD,3.3432641194959292,4500.0,0.92841320135314309,0.04137420282661429,0.012287500901064913,0.0034026723446120956,0.00036266149302423983,0.00066232717700712043,0.013497433904534277,0.0
Byron Marshall,RB,PHI,3.343035893635248,4500.0,0.92724385787226438,0.042715220430602274,0.012600138603928616,0.0030535288337861103,0.00039792474905196278,0.00066083081757265763,0.013328498692793955,0.0
Sam Bergen,RB,TEN,3.3427774664201078,4500.0,0.92756230146384822,0.042346535701951848,0.012588959284294893,0.0030715722961284137,0.00038125351560507417,0.00068643149029338558,0.013362946247878081,0.0
Bishop Sankey,RB,MIN,3.3390312296167979,4500.0,0.9281498217908758,0.041869858959021344,0.012279329582734646,0.0033639993603215628,0.00037885004214765702,0.00063838811501984428,0.013319752149879144,0.0
C.J. Ham,RB,MIN,3.3390312296167979,4500.0,0.9281498217908758,0.041869858959021344,0.012279329582734646,0.0033639993603215628,0.00037885004214765702,0.00063838811501984428,0.013319752149879144,0.0
Will Johnson,RB,NYG,3.3388762657365936,4500.0,0.92839884044554633,0.041593626831938631,0.012345034620017785,0.003236852452408779,0.00038530753502683961,0.00068161877992578448,0.01335871933513569,0.0
Shane Vereen,RB,NYG,3.3388762657365936,4500.0,0.92839884044554633,0.041593626831938631,0.012345034620017785,0.003236852452408779,0.00038530753502683961,0.00068161877992578448,0.01335871933513569,0.0
Nikita Whitlock,RB,NYG,3.3388762657365936,4500.0,0.92839884044554633,0.041593626831938631,0.012345034620017785,0.003236852452408779,0.00038530753502683961,0.00068161877992578448,0.01335871933513569,0.0
John Crockett,RB,GB,3.3383132272638187,4500.0,0.92835403070148803,0.041645263524640097,0.012272341757341869,0.0033967937043862403,0.00036681390244074053,0.00063723664836795515,0.013327519761335158,0.0
Don Jackson,RB,GB,3.3383132272638187,4500.0,0.92835403070148803,0.041645263524640097,0.012272341757341869,0.0033967937043862403,0.00036681390244074053,0.00063723664836795515,0.013327519761335158,0.0
Brandon Wegher,RB,CAR,3.3371894278370893,4500.0,0.92798475688593363,0.042077654350247601,0.012554480319133487,0.0030719554727009634,0.00039461313516838222,0.00066703821278500306,0.013249501624031025,0.0
Devon Johnson,RB,CAR,3.3371894278370893,4500.0,0.92798475688593363,0.042077654350247601,0.012554480319133487,0.0030719554727009634,0.00039461313516838222,0.00066703821278500306,0.013249501624031025,0.0
Cameron Artis-Payne,RB,CAR,3.3371894278370893,4500.0,0.92798475688593363,0.042077654350247601,0.012554480319133487,0.0030719554727009634,0.00039461313516838222,0.00066703821278500306,0.013249501624031025,0.0
Toben Opurum,RB,DEN,3.3366803635059292,4500.0,0.92781469747554057,0.04232117709443816,0.012534367279841386,0.0030536504952899755,0.00040281952264159196,0.00066829425932318895,0.013204993872925043,0.0
Terrell Watson,RB,DEN,3.3366803635059292,4500.0,0.92781469747554057,0.04232117709443816,0.012534367279841386,0.0030536504952899755,0.00040281952264159196,0.00066829425932318895,0.013204993872925043,0.0
Darrel Young,RB,CHI,3.3346145739686706,4500.0,0.92819494894409704,0.041733650968967369,0.012708917252305548,0.0031179407131640261,0.00041508866464259815,0.00075612996484003905,0.013073323491983525,0.0
David Cobb,RB,CHI,3.3346145739686706,4500.0,0.92819494894409704,0.041733650968967369,0.012708917252305548,0.0031179407131640261,0.00041508866464259815,0.00075612996484003905,0.013073323491983525,0.0
Ameer Abdullah,RB,DET,3.3346108995164854,4500.0,0.92886911483602608,0.041090596738014198,0.012559264109732911,0.0031361015002839311,0.00038861260024721617,0.00064381090536412056,0.013312499310331658,0.0
Justin Forsett,RB,DET,3.3346108995164854,4500.0,0.92886911483602608,0.041090596738014198,0.012559264109732911,0.0031361015002839311,0.00038861260024721617,0.00064381090536412056,0.013312499310331658,0.0
Michael Burton,RB,DET,3.3336848553902083,4500.0,0.92986404484864937,0.040254027675095602,0.012279667375220399,0.0030710472728804356,0.00036403160685358291,0.00055489168800463846,0.013612289533296365,0.0
Brandon Cottom,RB,SEA,3.3335190617080865,4500.0,0.92875504570978085,0.041403902573036187,0.012342660104416623,0.003197868477838337,0.00037525674281271409,0.00066284959584491884,0.013262416796270368,0.0
Zac Brooks,RB,SEA,3.3335190617080865,4500.0,0.92875504570978085,0.041403902573036187,0.012342660104416623,0.003197868477838337,0.00037525674281271409,0.00066284959584491884,0.013262416796270368,0.0
Tre Madden,RB,SEA,3.3335190617080865,4500.0,0.92875504570978085,0.041403902573036187,0.012342660104416623,0.003197868477838337,0.00037525674281271409,0.00066284959584491884,0.013262416796270368,0.0
Malcolm Johnson,RB,SEA,3.3335190617080865,4500.0,0.92875504570978085,0.041403902573036187,0.012342660104416623,0.003197868477838337,0.00037525674281271409,0.00066284959584491884,0.013262416796270368,0.0
Bobby Rainey,RB,NYG,3.3327762376047678,4500.0,0.92814126384672713,0.041663525504344684,0.012703851891518035,0.0035035067318274055,0.0003947200625216969,0.00064049331459601689,0.012952638648465176,0.0
Joique Bell,RB,CHI,3.3325982506791458,4600.0,0.92775074948549341,0.042333768260299609,0.012693909907551999,0.0031282585873000823,0.00043037719008463268,0.00074487344138167639,0.012918063127888953,0.0
Jonas Gray,RB,JAC,3.3325012750574494,4500.0,0.92909613358559773,0.040924573536194449,0.012539499662564579,0.0031267346984525514,0.00038467968813417938,0.00063780205772961593,0.013290576771326768,0.0
Bronson Hill,RB,JAC,3.3325012750574494,4500.0,0.92909613358559773,0.040924573536194449,0.012539499662564579,0.0031267346984525514,0.00038467968813417938,0.00063780205772961593,0.013290576771326768,0.0
Jhurell Pressley,RB,ATL,3.3301085054544406,4500.0,0.92712518668789146,0.04314228889162279,0.012795392881884485,0.0030024931381414399,0.00048022388252133379,0.00072896191707686408,0.01272545260086189,0.0
Gus Johnson,RB,ATL,3.3301085054544406,4500.0,0.92712518668789146,0.04314228889162279,0.012795392881884485,0.0030024931381414399,0.00048022388252133379,0.00072896191707686408,0.01272545260086189,0.0
Cyrus Gray,RB,ATL,3.3301085054544406,4500.0,0.92712518668789146,0.04314228889162279,0.012795392881884485,0.0030024931381414399,0.00048022388252133379,0.00072896191707686408,0.01272545260086189,0.0
Terron Ward,RB,ATL,3.3301085054544406,4500.0,0.92712518668789146,0.04314228889162279,0.012795392881884485,0.0030024931381414399,0.00048022388252133379,0.00072896191707686408,0.01272545260086189,0.0
Stevan Ridley,RB,ATL,3.3301085054544406,4500.0,0.92712518668789146,0.04314228889162279,0.012795392881884485,0.0030024931381414399,0.00048022388252133379,0.00072896191707686408,0.01272545260086189,0.0
Alex Collins,RB,SEA,3.3258005020704311,4500.0,0.92977226267912161,0.040751171566067369,0.012133114514366617,0.0030913889095072712,0.00033349464462049293,0.00062409029918491631,0.013294477387131848,0.0
Christian Powell,RB,PIT,3.3249072667970623,4500.0,0.9284270381247185,0.041978655669674951,0.012528107356042192,0.0031057076632318385,0.00042235551142560382,0.00070522929642668423,0.012832906378480294,0.0
DeAngelo Williams,RB,PIT,3.3249072667970623,4500.0,0.9284270381247185,0.041978655669674951,0.012528107356042192,0.0031057076632318385,0.00042235551142560382,0.00070522929642668423,0.012832906378480294,0.0
Dreamius Smith,RB,PIT,3.3249072667970623,4500.0,0.9284270381247185,0.041978655669674951,0.012528107356042192,0.0031057076632318385,0.00042235551142560382,0.00070522929642668423,0.012832906378480294,0.0
Daryl Richardson,RB,PIT,3.3249072667970623,4500.0,0.9284270381247185,0.041978655669674951,0.012528107356042192,0.0031057076632318385,0.00042235551142560382,0.00070522929642668423,0.012832906378480294,0.0
Charles Sims,RB,TB,3.3176889612455329,4600.0,0.92889749624369577,0.041736742687860873,0.012249448704720042,0.0034001371746475006,0.00042872085469446858,0.00065439730959729347,0.012633057024784391,0.0
Chase Reynolds,RB,LARM,3.3170142350007787,4500.0,0.93423168363509002,0.036205534910926193,0.011627581994310252,0.0029850349768181443,0.00049872689833910125,0.00062813914837244811,0.013823298436143985,0.0
Stepfan Taylor,RB,ARI,3.3137948609723429,4500.0,0.93071559152454708,0.039490842449096814,0.012483164187730206,0.0033945538351416427,0.00046101493398685898,0.00078822321546379178,0.012666609854033834,0.0
Kerwynn Williams,RB,ARI,3.3137948609723429,4500.0,0.93071559152454708,0.039490842449096814,0.012483164187730206,0.0033945538351416427,0.00046101493398685898,0.00078822321546379178,0.012666609854033834,0.0
