name,pos,team,expectation,salary,prob_0_5,prob_5_10,prob_10_15,prob_15_20,prob_20_25,prob_25_30,prob_30+,label
Cody Kessler,QB,CLE,33.802436313302003,6000.0,0.0012914634179607557,0.00075718313207230072,0.012514966238992314,0.039767289191779388,0.010472646123837149,0.0035128282267797711,0.93168362366857826,6.0
Brian Hoyer,QB,CHI,33.49540280366724,6000.0,0.00019819764696194273,0.003461475685297304,0.049001814601516779,0.0089314468568878029,0.0052349577308709178,0.010491609506035067,0.92268049797243012,6.0
Derek Anderson,QB,CAR,32.242457081944025,5000.0,0.00059116130872814406,0.03979156089416544,0.029623006224720094,0.039243184985993079,0.006016033539761185,0.028745127249954983,0.85598992579667699,6.0
Sam Bradford,QB,MIN,26.3638250941774,6900.0,0.0025294919867660296,0.010880342210678696,0.33907854299113666,0.0067319043681763023,0.019026987847221885,0.035979215150014204,0.58577351544600631,6.0
Case Keenum,QB,LARM,25.683701180646761,6000.0,0.016318651694382871,0.0010139220929343902,0.29392721681108858,0.10586726290165673,0.022515611032781581,0.0014100219722462028,0.55894731349490978,6.0
Jameis Winston,QB,TB,24.243040664074201,8200.0,0.0023942257917973098,0.004790345288975404,0.13682879429215641,0.049467951708666781,0.5023999089595047,0.043076881836875365,0.261041892122024,4.0
Andrew Luck,QB,IND,24.148728728753731,8200.0,0.025760990887503551,0.020760899097262107,0.11459317626034625,0.35267369747830551,0.018737464316341334,0.061167982206038564,0.40630578975420267,6.0
Ben Roethlisberger,QB,PIT,22.973542804362662,8100.0,4.5553693788912357e-05,0.086275945506207333,0.057533265253784417,0.067458901772487714,0.47844702306211695,0.15956948822178016,0.15066982248983457,4.0
Ryan Tannehill,QB,MIA,22.877362923867246,7100.0,0.00081046602092485151,0.092858275861069081,0.13433236872565188,0.1236781465137187,0.27013299160508336,0.13055814518566833,0.24762960608788381,4.0
Aaron Rodgers,QB,GB,22.867675557717092,8000.0,0.011483422477947145,0.15723456848749096,0.065424666937532377,0.032332758115114851,0.077176209487247446,0.59101089155253905,0.065337482942128114,5.0
Matthew Stafford,QB,DET,22.243476361700722,8500.0,0.0012616278810774657,0.057559731815816528,0.23922043900473527,0.047283801924887583,0.082709476030627033,0.51851109940725248,0.053453823935603648,5.0
Blaine Gabbert,QB,SF,21.670904833771047,6300.0,0.0034815868196570953,0.20954660162261635,0.094020328130943118,0.21232966230647091,0.09872297834169716,0.051753112984996526,0.33014572979361884,6.0
Eli Manning,QB,NYG,19.965838339180777,7700.0,0.00013641850754437011,0.15561246600841766,0.13340995550458401,0.16879124359579026,0.26820267506465939,0.19230413920064462,0.081543102118359759,4.0
Keith Wenning,QB,CIN,19.048038246929977,5000.0,0.040505007475814092,0.085333501899757538,0.20386451864687491,0.24206105222273164,0.2468211329290104,0.05074579503968174,0.13066899178612959,4.0
Jeff Driskel,QB,CIN,19.048038246929977,5000.0,0.040505007475814092,0.085333501899757538,0.20386451864687491,0.24206105222273164,0.2468211329290104,0.05074579503968174,0.13066899178612959,4.0
Colin Kaepernick,QB,SF,18.86595876819019,7300.0,0.018935205838105547,0.049937742715433532,0.037355726213741815,0.46241708050292674,0.39802508382058766,0.031632376137227726,0.0016967847719771734,3.0
Matt Barkley,QB,CHI,18.510237357756758,6200.0,0.0013662018429356007,0.18536352948527998,0.26367970222637999,0.064104753357858271,0.14111441263599533,0.33724098395955027,0.007130416492000597,5.0
AJ McCarron,QB,CIN,18.452810254388019,5900.0,0.035404812767913428,0.091269145136063101,0.21903267078164912,0.26006570224997833,0.24842455379076228,0.040258671342240489,0.10554444393139323,3.0
Trevone Boykin,QB,SEA,18.327448739406567,6000.0,0.014699730795832517,0.41017587400438976,0.058851830743347676,0.076715166185924,0.062813322643068617,0.19508337887877447,0.18166069674866298,1.0
Andy Dalton,QB,CIN,17.853987958047657,7700.0,0.00041885080550538718,0.016776939011391191,0.053350597284660684,0.78223349979863344,0.13649353338157569,0.010051962041267903,0.00067461767696557298,3.0
B.J. Daniels,QB,CHI,17.132804623317277,5000.0,0.048997214001139842,0.12779624663704531,0.24350070561133735,0.2241454377092725,0.23964444695511114,0.04846966880275759,0.067446280283336199,2.0
Josh Woodrum,QB,CHI,17.132804623317277,5000.0,0.048997214001139842,0.12779624663704531,0.24350070561133735,0.2241454377092725,0.23964444695511114,0.04846966880275759,0.067446280283336199,2.0
David Fales,QB,CHI,17.132804623317273,5000.0,0.048997214001139842,0.12779624663704531,0.24350070561133735,0.2241454377092725,0.23964444695511111,0.04846966880275759,0.067446280283336199,2.0
Tyrod Taylor,QB,BUF,16.981051212344632,7600.0,0.051362916265057568,0.16602925808682492,0.34816421652696239,0.046021208728947917,0.084291559971387361,0.27881851831969651,0.025312322101123247,2.0
Drew Brees,QB,NO,16.706286595815588,8700.0,0.030147212628816176,0.032449236384643004,0.12933488666093271,0.72139254870593028,0.056817896590184443,0.023592897809084797,0.0062653212204086981,3.0
Christian Ponder,QB,SF,16.623412410740446,5200.0,0.053185848937664773,0.15918628541372493,0.21800686066542632,0.239605036474802,0.22973891081620318,0.040059434856579298,0.060217622835599512,3.0
Ryan Griffin,QB,TB,16.521795980457426,5000.0,0.057509221729021877,0.15795116502725434,0.24283764270826283,0.21742911140998772,0.20658741611416168,0.055239755074952865,0.062445687936358657,2.0
Philip Rivers,QB,SD,16.396939175459821,8000.0,0.007418440112314198,0.2434539911800799,0.40975914966476412,0.060769124019567328,0.034824875442044594,0.12648337101501264,0.11729104856621728,2.0
Matt Ryan,QB,ATL,16.319077878141183,8300.0,0.0083933780852430782,0.076964554193171442,0.59510790142474002,0.066633171863491741,0.026335974471764993,0.18752054976151869,0.03904447020007018,2.0
Dustin Vaughan,QB,PIT,16.201188491449784,5000.0,0.072829812724380175,0.16607384185266647,0.23589929890421865,0.23511178363406701,0.16370131184023026,0.052847347615408748,0.073536603429028777,2.0
Zach Mettenberger,QB,PIT,16.201188491449784,5000.0,0.072829812724380175,0.16607384185266647,0.23589929890421865,0.23511178363406701,0.16370131184023026,0.052847347615408748,0.073536603429028777,2.0
Mark Sanchez,QB,DAL,16.189626381530488,5000.0,0.26544053172350296,0.11772455577516554,0.23470288588474272,0.051573675372991734,0.039216090831530957,0.036343422241387972,0.25499883817067814,0.0
Chase Daniel,QB,PHI,16.070270651177911,5000.0,0.055567330785317663,0.17145001696289863,0.24283583278974652,0.23840188925718298,0.19457463894762922,0.045452446027225771,0.051717845229999337,2.0
Tom Savage,QB,HOU,15.938130174858262,5000.0,0.045376146205453521,0.17735487012824541,0.25385266020494679,0.22206639563622041,0.22533668213434363,0.039377445335105614,0.036635800355684561,2.0
Christian Hackenberg,QB,NYJ,15.837377635142861,5000.0,0.054480212756682071,0.17388535744913336,0.24186134091462755,0.23948763963115405,0.21541811709337269,0.037937039016310237,0.036930293138720018,2.0
Taylor Heinicke,QB,MIN,15.700107513094091,5000.0,0.065077786141781585,0.2069896668678381,0.21488314389369878,0.24175700222382243,0.16964955558296549,0.040854783616036089,0.060788061673857335,3.0
Austin Davis,QB,DEN,15.65889490747406,5500.0,0.04706080030714159,0.19421741347991492,0.26941055636630745,0.21195116152351981,0.19133502775928052,0.041077269326887246,0.04494777123694841,2.0
Brandon Weeden,QB,HOU,15.632717093248612,6000.0,0.037865540960681593,0.18520362619243594,0.26642134564798203,0.23305586871008382,0.21994472694310718,0.029504805192313067,0.028004086353396403,2.0
Carson Palmer,QB,ARI,15.451311227416754,7400.0,0.03019511858615221,0.15638916984339526,0.050399124623190933,0.71965671234850392,0.042809001508580899,0.00047466118160728745,7.6211908569527278e-05,3.0
Landry Jones,QB,PIT,15.45113529166626,6000.0,0.016824143511689552,0.38050867724248977,0.12608217372019639,0.15198360391091659,0.16220985247412595,0.13518750492844345,0.027204044212138238,1.0
Carson Wentz,QB,PHI,15.356507314807963,6500.0,0.011569177269650783,0.36079412813085943,0.21807029061752303,0.043939823843662455,0.20078465244705326,0.15470923847776322,0.010132689213487776,1.0
Ryan Nassib,QB,NYG,15.240699694361906,5000.0,0.057790777613269728,0.21472945044533623,0.26034947351670268,0.19408777253697498,0.18998154995693975,0.046249546396728437,0.036811429534048194,2.0
Josh Johnson,QB,NYG,15.240699694361906,5000.0,0.057790777613269728,0.21472945044533623,0.26034947351670268,0.19408777253697498,0.18998154995693975,0.046249546396728437,0.036811429534048194,2.0
Sean Mannion,QB,LARM,15.23910524708587,5000.0,0.049306189980931461,0.19906851206773046,0.26093150779030722,0.21857838816693867,0.21763563536381,0.035671111522707626,0.018808655107574578,2.0
Paxton Lynch,QB,DEN,15.193026228492233,6100.0,0.0023515699090956165,0.38058486792945934,0.22968584804779837,0.14107135123382114,0.10291393987142974,0.045514587378909684,0.097877835629486099,1.0
Brett Hundley,QB,GB,15.174533365183274,5000.0,0.14785364440504831,0.1157622809799413,0.044171867519747034,0.48718335758007519,0.17774984214648276,0.012708221470347548,0.014570785898357724,3.0
Cam Newton,QB,CAR,15.05473334915634,7800.0,0.064066965688541977,0.10631189238691079,0.16441220974212412,0.59959521763490053,0.055629400093682689,0.006927292846187939,0.0030570216076519054,3.0
Matt Schaub,QB,ATL,15.030966149149009,6000.0,0.014580879387844661,0.029217850541069956,0.78080140023440892,0.0045975226092056154,0.038604856823793277,0.074748735951186404,0.057448754452491133,2.0
Stephen Morris,QB,IND,15.024000249247809,6000.0,0.064143319520106046,0.23603340162456882,0.2005831381127369,0.27379269754240854,0.14987354239569634,0.029668163626422168,0.0459057371780612,3.0
Russell Wilson,QB,SEA,14.855463003029611,7900.0,0.13350405394838133,0.019699441126617704,0.28313281807906349,0.38984392186295463,0.16161872444841391,0.0067906023573611803,0.0054104381772078986,3.0
Jake Heaps,QB,SEA,14.702182655073985,5000.0,0.068808832916082779,0.25010469955287218,0.23552128349204848,0.21006971342297764,0.15014029552636216,0.044193130652882572,0.041162044436774313,1.0
Kirk Cousins,QB,WAS,14.636312214937448,7600.0,0.0036793023193219783,0.34732046239388076,0.036374279916768719,0.46139433381158296,0.13451130007276904,0.015811247081766823,0.00090907440390954747,3.0
Robert Griffin III,QB,CLE,14.537479283186562,6200.0,0.15032353133359166,0.19972534973764552,0.049625090829719554,0.30303496064856406,0.28866737822933641,0.0075386997068251291,0.0010849895143175551,3.0
Blake Bortles,QB,JAC,14.446739136082295,6900.0,0.11491756509581505,0.036784615672431784,0.28806483687255002,0.48450603752566374,0.05952411977184683,0.013666277844302481,0.0025365472173901667,3.0
Mike Glennon,QB,TB,14.370478868972249,6000.0,0.24161997385284625,0.058697677213647964,0.28371849830325679,0.16812666938989312,0.13724955715939396,0.016157795572812182,0.094429828508149571,2.0
Jake Rudock,QB,DET,14.160955473946453,5000.0,0.088855694619897341,0.26572344592330704,0.21417870896076088,0.22268524436310819,0.1295697443965238,0.041094020678383407,0.037893141058019254,1.0
Dan Orlovsky,QB,DET,14.160955473946453,5000.0,0.088855694619897341,0.26572344592330704,0.21417870896076088,0.22268524436310819,0.1295697443965238,0.041094020678383407,0.037893141058019254,1.0
Chad Henne,QB,JAC,14.143560859967902,5500.0,0.070237975679082132,0.29671737405320703,0.12580847287859168,0.3100024704649052,0.15676351991109655,0.026493236294115541,0.013976950719001685,3.0
Joe Callahan,QB,GB,14.080153811672064,5000.0,0.093575130903541928,0.28098797828398719,0.20936019391408353,0.20934450507724214,0.11688430762305195,0.042173064526187881,0.047674819671905372,1.0
Marcus Mariota,QB,TEN,14.032538660784287,7900.0,0.39816711877044941,0.015010343301356118,0.16513669507850912,0.15240010758506234,0.096210884556354001,0.0038709279239130126,0.16920392278435614,0.0
Jameill Showers,QB,DAL,13.872893935790598,5000.0,0.1165118008734919,0.28169864280044821,0.19081351450608788,0.21321584816495179,0.10046006161859976,0.041790355906994349,0.055509776129426092,1.0
Griffin Neal,QB,NO,13.830853558872755,5000.0,0.10340301780033821,0.27455100513364539,0.21160578676697039,0.21823649764704872,0.10984318067712744,0.040678273586230281,0.041682238388639631,1.0
Garrett Grayson,QB,NO,13.830853558872755,5000.0,0.10340301780033821,0.27455100513364539,0.21160578676697039,0.21823649764704872,0.10984318067712744,0.040678273586230281,0.041682238388639631,1.0
Luke McCown,QB,NO,13.830853558872755,5000.0,0.10340301780033821,0.27455100513364539,0.21160578676697039,0.21823649764704872,0.10984318067712744,0.040678273586230281,0.041682238388639631,1.0
Joe Webb,QB,CAR,13.726048521219033,5000.0,0.28480672593634804,0.060903125194848876,0.051624878968233534,0.45391704180296483,0.077360888393750576,0.036103710630972584,0.035283629072881677,3.0
EJ Manuel,QB,BUF,13.653254620599439,5000.0,0.090028921778263896,0.28874840607109986,0.22432469602912139,0.21102402445130339,0.11662412440256227,0.037626214808889606,0.031623612458759658,1.0
Logan Thomas,QB,BUF,13.653254620599439,5000.0,0.090028921778263896,0.28874840607109986,0.22432469602912139,0.21102402445130339,0.11662412440256227,0.037626214808889606,0.031623612458759658,1.0
Cardale Jones,QB,BUF,13.653254620599439,5000.0,0.090028921778263896,0.28874840607109986,0.22432469602912139,0.21102402445130339,0.11662412440256227,0.037626214808889606,0.031623612458759658,1.0
Tony Romo,QB,DAL,13.594686888772562,6000.0,0.098485503172705199,0.29797303026910693,0.20285338783822832,0.2266639841570415,0.099325540058359765,0.031718096783495721,0.04298045772106255,1.0
Shaun Hill,QB,MIN,13.424622825452953,6000.0,0.037631327525770107,0.40966150879967311,0.020179934378836747,0.41161387598556265,0.10531116366118258,0.015064885191006933,0.00053730445796787971,3.0
Nate Sudfeld,QB,WAS,13.372230646186985,5000.0,0.11307968086008353,0.30020184380127768,0.19999625784245181,0.21264051369327572,0.094969343523626557,0.03851832482564526,0.040594035453639425,1.0
Brandon Doughty,QB,MIA,13.338510778163357,5000.0,0.10179133318300132,0.3117902875950892,0.19700278036111482,0.2190880687505902,0.1018945195192925,0.031833697236343925,0.036599313354568085,1.0
Colt McCoy,QB,WAS,13.262754509356439,5500.0,0.10376974578589061,0.30817289552458804,0.20582277013185246,0.21883284817251986,0.094254515539754558,0.033494068059098173,0.035653156786296325,1.0
Matt Moore,QB,MIA,13.240680601244703,5500.0,0.093164482076608907,0.31922512011944137,0.20220751767898162,0.22487367635512043,0.10086092532252607,0.027608383661013883,0.032059894786307816,1.0
Brock Osweiler,QB,HOU,12.921489302508137,6500.0,0.017756811883039802,0.4257313083772174,0.10332356206717749,0.36775222598243945,0.080206529638568044,0.0041036812311080837,0.0011258808204497952,1.0
Brandon Allen,QB,JAC,12.916583245192495,5000.0,0.082403423774601636,0.34839683357483714,0.21320477018936795,0.19964592189126848,0.10543464325148222,0.028739807443123828,0.022174599875318803,1.0
Dak Prescott,QB,DAL,12.635078994846079,8000.0,0.037677945239719991,0.58137501918684642,0.11242538178272082,0.094538422670956954,0.066213122124178375,0.018788965842606736,0.088981143152970732,1.0
Alex Tanney,QB,TEN,12.600557762704119,5000.0,0.13494799741659191,0.32213487223031473,0.18980505439611509,0.21288279348425612,0.072804663564811398,0.033173657396770313,0.034250961511140481,1.0
Charlie Whitehurst,QB,CLE,12.579810073118585,6000.0,0.0094619643984489646,0.5462859869168748,0.16366321361734459,0.081769559147301177,0.13888432629004419,0.032049036483225796,0.027885913146760578,1.0
Ryan Fitzpatrick,QB,NYJ,12.44174503850255,7200.0,0.086380356048718868,0.20096535613111738,0.56345943527312292,0.05050303408652522,0.011664662363367623,0.068919656880907232,0.018107499216240674,2.0
Trevor Siemian,QB,DEN,12.06755101465826,7000.0,0.12084935371427978,0.0014719961601121596,0.78088754663787419,0.071590334197969702,0.01037269295193822,0.0015874380678257897,0.013240638270000087,2.0
Scott Tolzien,QB,IND,11.541980566981303,6000.0,0.0040069622661868289,0.65166651779259832,0.12722557989619016,0.068528227690405744,0.057519182892581483,0.083487280222336063,0.0075662492397013349,1.0
Bryce Petty,QB,NYJ,11.188207136926842,6100.0,0.041246277212467222,0.54089527590424646,0.16189715122953097,0.18281279944589152,0.049319982702518778,0.018434545273621931,0.0053939682317231587,1.0
Drew Stanton,QB,ARI,10.851830986674967,6000.0,0.038359196259215383,0.51949033514469245,0.28785496020505885,0.07993695828795315,0.056888454853751526,0.0038362477462117067,0.013633847503116832,1.0
Jared Goff,QB,LARM,8.8234444897267021,6700.0,0.00034832999980904245,0.85258798741969954,0.088093007372625168,0.0093789706284624196,0.040251809154466064,0.0092923819899711716,4.7513434966592696e-05,1.0
Kevin Hogan,QB,CLE,8.6754940057319949,6000.0,0.14621267336795363,0.59991905209820662,0.16503894401630145,0.052006569334294206,0.035522839311567737,0.00097246426630761293,0.00032745760536890043,1.0
Josh McCown,QB,CLE,8.1551893175499615,6400.0,0.1658871430297677,0.61657257683997735,0.17035614591117423,0.015153171650991571,0.031876155732094999,0.00014492497843386943,9.8818575603423101e-06,1.0
Kellen Clemens,QB,SD,4.8204981881558799,5000.0,0.78209055214333334,0.1117777077798553,0.051138063994195848,0.0092766468467967832,0.0068860893208001562,0.038486403605522058,0.00034453630949656834,0.0
Matt Cassel,QB,TEN,3.9290035215495074,6000.0,0.79426065522594269,0.14539050372945903,0.046715027159591423,0.0099053992538139998,0.0020593530030370353,0.0012149093968953186,0.00045415223126043857,0.0
