name,pos,team,expectation,salary,prob_0_5,prob_5_10,prob_10_15,prob_15_20,prob_20_25,prob_25_30,prob_30+,label
Le'Veon Bell,RB,PIT,19.424105649795326,9000.0,0.0015770417327739886,0.062655988865008297,0.20259174210402395,0.21042936492134681,0.35782468727157496,0.14506188343239967,0.019859291672872318,4.0
Mike Gillislee,RB,BUF,19.300397025079885,5300.0,0.113465435594853,0.13898040654626997,0.14534785022460231,0.12202099163977444,0.11882024812900209,0.17320907369371169,0.18815599417178652,6.0
LeSean McCoy,RB,BUF,18.473627851377863,8300.0,0.02166762042880371,0.1696543883398412,0.22224323094417736,0.15445292419125406,0.2197801734608292,0.094137035665210922,0.11806462696988358,2.0
Rob Kelley,RB,WAS,18.005991440181994,5900.0,0.062606405567582846,0.16215864149414916,0.19830736667536691,0.16748615036168996,0.20522671079912264,0.072224062835745742,0.13199066226634265,4.0
Carlos Hyde,RB,SF,17.627770351842337,6900.0,0.038689661343121184,0.17342907238557267,0.22277954083202858,0.17999345777573841,0.19596755972581378,0.09779953167123176,0.091341176266493573,2.0
Jordan Howard,RB,CHI,17.286718090080633,7800.0,0.031844688145256143,0.16810784550633248,0.20169441235171684,0.21695391094862496,0.23431436622193996,0.1055488661980775,0.041535910628052113,4.0
Ezekiel Elliott,RB,DAL,15.934232704825487,8500.0,0.057136516682363317,0.21836192480742275,0.19908523607948009,0.2143040084292053,0.21108828441044677,0.044738140848480136,0.055285888742601645,1.0
Mark Ingram,RB,NO,15.033954035846303,7100.0,0.076218200648837553,0.26872711344332434,0.22569499743079682,0.14200320565847968,0.14976698620616716,0.088490393944219425,0.049099102668175056,1.0
Thomas Rawls,RB,SEA,15.025153645975404,6500.0,0.18365602797747083,0.20003187136416217,0.21440847309713504,0.12778734267909084,0.09232803799507322,0.03874391543123902,0.14304433145582893,2.0
C.J. Prosise,RB,SEA,14.862662571446487,4500.0,0.20894257354546752,0.10754582744786358,0.23022800919949679,0.20035553055370184,0.10462723080909957,0.0526668208956486,0.095634007548722061,2.0
Rashad Jennings,RB,NYG,13.755772373417908,6100.0,0.11795523443874856,0.28571571242677835,0.21988312551183206,0.13049919745239652,0.14990935281236659,0.05980363013314878,0.036233747224729156,1.0
Rex Burkhead,RB,CIN,13.69613087131281,4500.0,0.27128530202810974,0.19230540449908429,0.12010358427505752,0.11064564377489919,0.15891577077489735,0.076482885615074353,0.070261409032877586,0.0
Jeremy Hill,RB,CIN,13.652537625567033,6900.0,0.22923323312264399,0.22820780289656228,0.1137431426303383,0.12390365372277809,0.18966300805445893,0.069779395770614414,0.045469763802603994,0.0
Doug Martin,RB,TB,13.022895268979209,7300.0,0.12876153320205674,0.33355500508175845,0.21956403087981247,0.13154564679527561,0.091596209951107566,0.030986683213819966,0.063990890876169382,1.0
Tim Hightower,RB,NO,12.91028930662524,5900.0,0.18996316516920117,0.31154583288603882,0.14537861966909629,0.10174142376120335,0.13446920231504214,0.082138471159453857,0.034763285039964405,1.0
Frank Gore,RB,IND,12.800702717874778,6000.0,0.1683873895064836,0.29842650638951401,0.22728252040168168,0.087427066996384334,0.11436161268463294,0.059550354322719795,0.044564549698583727,1.0
Tyler Ervin,RB,HOU,12.706903968291048,4500.0,0.36586806283699541,0.10790688435236274,0.17668902197276842,0.10400948496362157,0.088787575041911315,0.070590800072275528,0.086148170760065007,0.0
Soma Vainuku,RB,HOU,12.682807202161005,4500.0,0.37413112288497036,0.14951718003352832,0.12540556004788986,0.080017073524765725,0.09947998606321741,0.077438018613905535,0.094011058831722866,0.0
Ryan Mathews,RB,PHI,12.658289563022532,4600.0,0.33152500642307065,0.11200947763348579,0.17332195783539739,0.16922789133787883,0.098984642679078153,0.051779588014535208,0.063151436076553977,0.0
Jacquizz Rodgers,RB,TB,12.553099140219906,4600.0,0.40107890373412447,0.2252427526129254,0.0469466723158872,0.050604528639090929,0.051997095084669508,0.08344236329542333,0.14068768431787906,0.0
Alfred Blue,RB,HOU,12.334206687477781,5100.0,0.41651132019369497,0.16936755627693395,0.079199103238784013,0.060990256699709075,0.057714795251298301,0.12010978038035655,0.096107187959223211,0.0
Lamar Miller,RB,HOU,12.323802604389988,7200.0,0.26016383075985999,0.22783738443726295,0.19487238477902222,0.12685052028252927,0.074927945534142462,0.055231032298772353,0.060116901908410861,0.0
Bruce Miller,RB,SF,12.262714939979034,4500.0,0.41094079277186041,0.13602914406767966,0.11785705060011435,0.081758964711918167,0.083893047068090809,0.067957229834938432,0.10156377094539817,0.0
Raheem Mostert,RB,SF,12.262714939979034,4500.0,0.41094079277186041,0.13602914406767966,0.11785705060011435,0.081758964711918167,0.083893047068090809,0.067957229834938432,0.10156377094539817,0.0
Kendall Gaskins,RB,SF,12.262714939979034,4500.0,0.41094079277186041,0.13602914406767966,0.11785705060011435,0.081758964711918167,0.083893047068090809,0.067957229834938432,0.10156377094539817,0.0
Mike Davis,RB,SF,12.262714939979034,4500.0,0.41094079277186041,0.13602914406767966,0.11785705060011435,0.081758964711918167,0.083893047068090809,0.067957229834938432,0.10156377094539817,0.0
David Johnson,RB,ARI,12.213892349239554,9700.0,0.18908456651491937,0.33301650274025391,0.1417162463240727,0.12475289833245308,0.14278798898901926,0.043501905092836565,0.025139892006444991,1.0
Dominique Williams,RB,NYJ,12.059364113447401,4500.0,0.41380306112211868,0.13059637261826171,0.11253028251224173,0.0913418160754942,0.094673628062412335,0.078240355260640354,0.078814484348830968,0.0
Bernard Pierce,RB,NYJ,12.059364113447401,4500.0,0.41380306112211868,0.13059637261826171,0.11253028251224173,0.0913418160754942,0.094673628062412335,0.078240355260640354,0.078814484348830968,0.0
Brandon Wilds,RB,NYJ,12.059364113447401,4500.0,0.41380306112211868,0.13059637261826171,0.11253028251224173,0.0913418160754942,0.094673628062412335,0.078240355260640354,0.078814484348830968,0.0
Darrel Young,RB,CHI,11.680622748953777,4500.0,0.43180326756797333,0.13365066000713177,0.10530448053002436,0.085261788521661067,0.094692593604971953,0.075371783169893625,0.073915426598343978,0.0
David Cobb,RB,CHI,11.680622748953777,4500.0,0.43180326756797333,0.13365066000713177,0.10530448053002436,0.085261788521661067,0.094692593604971953,0.075371783169893625,0.073915426598343978,0.0
Troymaine Pope,RB,SEA,11.642453501251367,4500.0,0.48260049382090248,0.13572731001445595,0.075680037538595188,0.078114844889496854,0.043116927340456475,0.044234293630863189,0.14052609276522993,0.0
Joique Bell,RB,CHI,11.495555341300596,4600.0,0.4412739280109651,0.13292010744469238,0.10404191981882221,0.083468568196277237,0.092559981504103231,0.073212818060581178,0.072522676964558733,0.0
Shaun Draughn,RB,SF,11.429165211401557,4600.0,0.41762011636858931,0.18259541656809952,0.094020062955025241,0.0720619506988876,0.085175224111546655,0.071410826117816115,0.077116403180035639,0.0
Christian Powell,RB,PIT,11.319528593066458,4500.0,0.45782650531296754,0.12612819438991391,0.098518988914860509,0.079316668393801804,0.095835915250007231,0.07065556672513032,0.071718161013318585,0.0
DeAngelo Williams,RB,PIT,11.319528593066458,4500.0,0.45782650531296754,0.12612819438991391,0.098518988914860509,0.079316668393801804,0.095835915250007231,0.07065556672513032,0.071718161013318585,0.0
Dreamius Smith,RB,PIT,11.319528593066458,4500.0,0.45782650531296754,0.12612819438991391,0.098518988914860509,0.079316668393801804,0.095835915250007231,0.07065556672513032,0.071718161013318585,0.0
Daryl Richardson,RB,PIT,11.319528593066458,4500.0,0.45782650531296754,0.12612819438991391,0.098518988914860509,0.079316668393801804,0.095835915250007231,0.07065556672513032,0.071718161013318585,0.0
Zach Laskey,RB,LARM,11.297389276416279,4500.0,0.44114683146458256,0.14654273156441477,0.11102640925320316,0.084017130845879875,0.072175670745073028,0.061976493419999515,0.083114732706847022,0.0
Tre Mason,RB,LARM,11.297389276416279,4500.0,0.44114683146458256,0.14654273156441477,0.11102640925320316,0.084017130845879875,0.072175670745073028,0.061976493419999515,0.083114732706847022,0.0
Chris Johnson,RB,ARI,11.17799439551815,4500.0,0.44284884725467771,0.15699429507683185,0.11702275937506036,0.067139612934819778,0.072776307335674709,0.052588773346374927,0.090629404676560665,0.0
Byron Marshall,RB,PHI,11.133246424477907,4500.0,0.45565301274647568,0.13856173512531578,0.10116890489179008,0.081028514853923844,0.084940732114249393,0.065536589850452145,0.073110510417793165,0.0
Glenn Winston,RB,CLE,11.082354070562166,4500.0,0.45620214789068081,0.14709455061231544,0.12186101653415349,0.065248524039233896,0.065560793115420235,0.045699203267230828,0.098333764540965277,0.0
Patrick Skov,RB,CLE,11.082354070562166,4500.0,0.45620214789068081,0.14709455061231544,0.12186101653415349,0.065248524039233896,0.065560793115420235,0.045699203267230828,0.098333764540965277,0.0
George Atkinson III,RB,CLE,11.082354070562166,4500.0,0.45620214789068081,0.14709455061231544,0.12186101653415349,0.065248524039233896,0.065560793115420235,0.045699203267230828,0.098333764540965277,0.0
Denard Robinson,RB,JAC,10.981806348068433,4500.0,0.27338141175148389,0.28938680033870678,0.21767622255310398,0.076326069140062139,0.060571839829565828,0.024612206057120431,0.058045450329956942,1.0
Chris Ivory,RB,JAC,10.978854802512659,5700.0,0.24447862540952037,0.17634567984873176,0.40234790593620628,0.068608431628229466,0.067575134642850393,0.017055874099134581,0.02358834843532694,2.0
Isaiah Crowell,RB,CLE,10.942626967868275,5500.0,0.38999824295067925,0.096337480413119264,0.2601056010502002,0.099998912142026719,0.081571585624158727,0.014819682460921885,0.057168495358893977,0.0
Jay Ajayi,RB,MIA,10.912298852642904,7200.0,0.36451808238332745,0.21902910257377767,0.16982135650786168,0.095816706263134169,0.047513580318959629,0.016782735213511389,0.086518436739427967,0.0
Will Johnson,RB,NYG,10.79307283373668,4500.0,0.46288486295079317,0.1543757169908607,0.11311358242841263,0.068956808658502747,0.063491240637008894,0.049652885198423563,0.087524903135998269,0.0
Shane Vereen,RB,NYG,10.79307283373668,4500.0,0.46288486295079317,0.1543757169908607,0.11311358242841263,0.068956808658502747,0.063491240637008894,0.049652885198423563,0.087524903135998269,0.0
Nikita Whitlock,RB,NYG,10.79307283373668,4500.0,0.46288486295079317,0.1543757169908607,0.11311358242841263,0.068956808658502747,0.063491240637008894,0.049652885198423563,0.087524903135998269,0.0
Devonta Freeman,RB,ATL,10.736790779344542,7500.0,0.35979079062734864,0.34608952788359248,0.05474812992878253,0.045335456951620869,0.06025249161226183,0.03655825910181202,0.097225343894581637,0.0
Paul Perkins,RB,NYG,10.680671743180811,4500.0,0.34092310530299319,0.25028952357007522,0.14487557065931086,0.089641401681257865,0.095516782468444819,0.044530771491036056,0.034222844826881947,0.0
Jonathan Stewart,RB,CAR,10.668895193551554,6500.0,0.27759484891376784,0.3019232805088633,0.20303380215997771,0.083780833986570394,0.067535452806140567,0.017035159908801598,0.049096621715878544,1.0
Trey Williams,RB,IND,10.534515902358264,4500.0,0.4801281427349478,0.14164917886002931,0.10651390369342432,0.071102049776446505,0.074931277096428286,0.051796982961322013,0.073878464877401823,0.0
Marcus Murphy,RB,NO,10.476455789480115,4500.0,0.41969316929061401,0.1439259015940233,0.17806980083816573,0.09473890197529021,0.080837271981952702,0.033411561538476589,0.049323392781477522,0.0
Toben Opurum,RB,DEN,10.448218634542695,4500.0,0.48133332509288757,0.14878438180521716,0.11173561570269333,0.066856221012571007,0.062630883666529302,0.046660871124370819,0.081998701595730875,0.0
Terrell Watson,RB,DEN,10.448218634542695,4500.0,0.48133332509288757,0.14878438180521716,0.11173561570269333,0.066856221012571007,0.062630883666529302,0.046660871124370819,0.081998701595730875,0.0
Sione Houma,RB,NO,10.425614128011333,4500.0,0.48754964867916889,0.1402368382194995,0.10586475655657202,0.065921425018876004,0.075678829410385853,0.052125588119521463,0.072622913995976063,0.0
Daniel Lasco,RB,NO,10.425614128011333,4500.0,0.48754964867916889,0.1402368382194995,0.10586475655657202,0.065921425018876004,0.075678829410385853,0.052125588119521463,0.072622913995976063,0.0
Duke Johnson Jr.,RB,CLE,10.383126181749667,4900.0,0.49303463600445518,0.1425954325268077,0.11506455260278095,0.059384830410818858,0.059306721294249312,0.040313702891774141,0.090300124269113768,0.0
Todd Gurley,RB,LARM,10.355629869219316,6900.0,0.33231867903773948,0.29399004870368695,0.11999354715849997,0.10047334952375747,0.089391131430299545,0.024501220278934734,0.039332023867081831,0.0
Jhurell Pressley,RB,ATL,10.104409467742343,4500.0,0.518656558436426,0.12695412856310798,0.09257193929268108,0.068151425412361286,0.071595672188408219,0.05033991552421168,0.071730360582803604,0.0
Gus Johnson,RB,ATL,10.104409467742343,4500.0,0.518656558436426,0.12695412856310798,0.09257193929268108,0.068151425412361286,0.071595672188408219,0.05033991552421168,0.071730360582803604,0.0
Cyrus Gray,RB,ATL,10.104409467742343,4500.0,0.518656558436426,0.12695412856310798,0.09257193929268108,0.068151425412361286,0.071595672188408219,0.05033991552421168,0.071730360582803604,0.0
Terron Ward,RB,ATL,10.104409467742343,4500.0,0.518656558436426,0.12695412856310798,0.09257193929268108,0.068151425412361286,0.071595672188408219,0.05033991552421168,0.071730360582803604,0.0
Stevan Ridley,RB,ATL,10.104409467742343,4500.0,0.518656558436426,0.12695412856310798,0.09257193929268108,0.068151425412361286,0.071595672188408219,0.05033991552421168,0.071730360582803604,0.0
George Farmer,RB,SEA,10.021729426728026,4500.0,0.55409366679444294,0.11680390297207265,0.085077756978695074,0.056969624429425623,0.044953626464611658,0.03799743738364679,0.10410398497710541,0.0
Jonathan Grimes,RB,HOU,9.9320613432681135,4500.0,0.47408980446411958,0.20720204746509963,0.086380453042172206,0.057334773728344994,0.052388581291024375,0.048025027536672073,0.07457931247256705,0.0
Ameer Abdullah,RB,DET,9.8344170360735994,4500.0,0.51844208973823813,0.14098893647499627,0.10587651126409155,0.061895028756817266,0.054316940277345266,0.039289737895744581,0.079190755592766893,0.0
Justin Forsett,RB,DET,9.8344170360735994,4500.0,0.51844208973823813,0.14098893647499627,0.10587651126409155,0.061895028756817266,0.054316940277345266,0.039289737895744581,0.079190755592766893,0.0
Charles Sims,RB,TB,9.7695301120514593,4600.0,0.52865778163538135,0.13338397856005252,0.098696440992875875,0.063819274350708097,0.058048183906780279,0.042389740278046199,0.075004600276155561,0.0
Brandon Cottom,RB,SEA,9.6815932464787622,4500.0,0.52299805288680357,0.14933021110765757,0.094864242783092204,0.06482500367747053,0.052406704387849834,0.038722986322148018,0.076852798834978336,0.0
Zac Brooks,RB,SEA,9.6815932464787622,4500.0,0.52299805288680357,0.14933021110765757,0.094864242783092204,0.06482500367747053,0.052406704387849834,0.038722986322148018,0.076852798834978336,0.0
Tre Madden,RB,SEA,9.6815932464787622,4500.0,0.52299805288680357,0.14933021110765757,0.094864242783092204,0.06482500367747053,0.052406704387849834,0.038722986322148018,0.076852798834978336,0.0
Malcolm Johnson,RB,SEA,9.6815932464787622,4500.0,0.52299805288680357,0.14933021110765757,0.094864242783092204,0.06482500367747053,0.052406704387849834,0.038722986322148018,0.076852798834978336,0.0
Brandon Wegher,RB,CAR,9.6700245556723239,4500.0,0.51721399345891339,0.14998957034754928,0.10780793359703553,0.063783009090934137,0.046304632472416077,0.036682453523404789,0.078218407509746748,0.0
Devon Johnson,RB,CAR,9.6700245556723239,4500.0,0.51721399345891339,0.14998957034754928,0.10780793359703553,0.063783009090934137,0.046304632472416077,0.036682453523404789,0.078218407509746748,0.0
Cameron Artis-Payne,RB,CAR,9.6700245556723239,4500.0,0.51721399345891339,0.14998957034754928,0.10780793359703553,0.063783009090934137,0.046304632472416077,0.036682453523404789,0.078218407509746748,0.0
Ty Montgomery,RB,GB,9.6684525448504157,4800.0,0.39275337613686706,0.27241558932562404,0.14587365987116854,0.064155535109232165,0.037324783173562609,0.02722600307524816,0.060251053308297546,0.0
Bishop Sankey,RB,MIN,9.6411048864793649,4500.0,0.51838255499421282,0.15302761388097569,0.11031246013408941,0.059188683769491095,0.042874435199591138,0.033258658067185344,0.082955593954454496,0.0
C.J. Ham,RB,MIN,9.6411048864793649,4500.0,0.51838255499421282,0.15302761388097569,0.11031246013408941,0.059188683769491095,0.042874435199591138,0.033258658067185344,0.082955593954454496,0.0
Wendell Smallwood,RB,PHI,9.6387518372568177,5400.0,0.4651158103127328,0.19731866745770105,0.10313340210073273,0.081392268548593619,0.059703667144839101,0.04367451817536297,0.049661666260037728,0.0
Matt Jones,RB,WAS,9.5823590859373748,4500.0,0.53198258599880954,0.1375212735160411,0.10160626134797605,0.060929088030557146,0.055837385029075967,0.039467281824335981,0.072656124253204057,0.0
Mack Brown,RB,WAS,9.5823590859373748,4500.0,0.53198258599880954,0.1375212735160411,0.10160626134797605,0.060929088030557146,0.055837385029075967,0.039467281824335981,0.072656124253204057,0.0
Keith Marshall,RB,WAS,9.5823590859373748,4500.0,0.53198258599880954,0.1375212735160411,0.10160626134797605,0.060929088030557146,0.055837385029075967,0.039467281824335981,0.072656124253204057,0.0
Silas Redd Jr.,RB,WAS,9.5823590859373748,4500.0,0.53198258599880954,0.1375212735160411,0.10160626134797605,0.060929088030557146,0.055837385029075967,0.039467281824335981,0.072656124253204057,0.0
James Starks,RB,GB,9.3544689823170568,5700.0,0.39010984508638202,0.30098987102011099,0.13182671124174572,0.060693442322920878,0.034523124860238244,0.030661905997214425,0.05119509947138786,0.0
Jonas Gray,RB,JAC,9.2850448263459242,4500.0,0.52519079263805546,0.15760935641265744,0.11843069189775211,0.054744579783068986,0.037611307075271147,0.029218007896689605,0.077195264296505195,0.0
Bronson Hill,RB,JAC,9.2850448263459242,4500.0,0.52519079263805546,0.15760935641265741,0.1184306918977521,0.054744579783068993,0.037611307075271154,0.029218007896689598,0.077195264296505195,0.0
Andre Williams,RB,SD,9.2180724770049416,4500.0,0.54572955691143255,0.14213352129365006,0.098149833446442403,0.064507459626080621,0.043123864080836682,0.034765998771507656,0.071589765870050212,0.0
Dexter McCluster,RB,SD,9.2180724770049416,4500.0,0.54572955691143255,0.14213352129365006,0.098149833446442403,0.064507459626080621,0.043123864080836682,0.034765998771507656,0.071589765870050212,0.0
Ronnie Hillman,RB,SD,9.2180724770049416,4500.0,0.54572955691143255,0.14213352129365006,0.098149833446442403,0.064507459626080621,0.043123864080836682,0.034765998771507656,0.071589765870050212,0.0
Melvin Gordon,RB,SD,9.2167173761535945,8200.0,0.38931147140521138,0.36276696182658624,0.080106665286956202,0.039096518692866594,0.042333975192550513,0.018507282260979606,0.067877125334849311,0.0
Darren McFadden,RB,DAL,9.1860195782805114,4500.0,0.54793866920747669,0.13359530335832101,0.09690707713307907,0.063571940169981092,0.058357047309096119,0.041296206705335826,0.058333756116710191,0.0
Darius Jackson,RB,DAL,9.1860195782805114,4500.0,0.54793866920747669,0.13359530335832101,0.09690707713307907,0.063571940169981092,0.058357047309096119,0.041296206705335826,0.058333756116710191,0.0
Rod Smith,RB,DAL,9.1860195782805114,4500.0,0.54793866920747669,0.13359530335832101,0.09690707713307907,0.063571940169981092,0.058357047309096119,0.041296206705335826,0.058333756116710191,0.0
T.J. Yeldon,RB,JAC,9.1789965751884903,5300.0,0.38510315055262401,0.27918416970678889,0.17741875739828372,0.054151952701325244,0.045005146475069417,0.016725442698878192,0.042411380467030364,0.0
Jerick McKinnon,RB,MIN,8.8492404028827778,6000.0,0.39223233399751484,0.30959307483605336,0.12708087605351739,0.067547245841360834,0.059289138625670618,0.014251791727691379,0.030005538918191604,0.0
John Crockett,RB,GB,8.7081260971758212,4500.0,0.57224126154724753,0.13846904373197003,0.094063633329475635,0.057543512260659284,0.042395296328693967,0.0310333041768057,0.064253948625147855,0.0
Don Jackson,RB,GB,8.7081260971758212,4500.0,0.57224126154724753,0.13846904373197003,0.094063633329475635,0.057543512260659284,0.042395296328693967,0.0310333041768057,0.064253948625147855,0.0
Sam Bergen,RB,TEN,8.6174778166636337,4500.0,0.57417972074870327,0.1347606257661832,0.087791119181987884,0.062636501502010014,0.052748922504250222,0.037995141500059337,0.049887968796806161,0.0
Isaiah Pead,RB,MIA,8.3455817815814903,4500.0,0.59118617529192607,0.13564953972800223,0.092461639632645407,0.058393077802997871,0.032674543616797919,0.026641017388519119,0.0629940065391114,0.0
Daniel Thomas,RB,MIA,8.3455817815814903,4500.0,0.59118617529192607,0.13564953972800223,0.092461639632645407,0.058393077802997871,0.032674543616797919,0.026641017388519119,0.0629940065391114,0.0
Jonathan Williams,RB,BUF,8.3144231544370513,4500.0,0.63697487776347794,0.12801006877028445,0.059972640312462619,0.031720580453232505,0.032493356806265486,0.020393986936906097,0.090434488957370857,0.0
Chris Thompson,RB,WAS,8.2418214139200536,5100.0,0.61217548812542222,0.13674525784673219,0.068425115272095993,0.044962873016662235,0.050568508090661948,0.019127854489541591,0.067994903158883721,0.0
Dwayne Washington,RB,DET,8.1844127099277237,4500.0,0.51225166006582212,0.23375512241151686,0.11488465916070537,0.038969636891535923,0.029091278580631753,0.014483735018759698,0.056563907871028302,0.0
DeMarco Murray,RB,TEN,8.150767071956297,7900.0,0.49399960838091972,0.10873975858313706,0.25491956730210286,0.081128659708398151,0.049047388805805073,0.0047157500480935503,0.0074492671715437296,0.0
Darren Sproles,RB,PHI,7.7864514003775591,5600.0,0.59896337898178686,0.16164428214325968,0.060060212023375623,0.061219021859023212,0.049478132622838046,0.034780895057385498,0.033854077312331012,0.0
Derrick Henry,RB,TEN,7.5430838710600661,5000.0,0.57336773351489656,0.10847981666670733,0.18030451013449769,0.069621964892388963,0.039172826934019404,0.0099164841404129206,0.019136663717077174,0.0
Tevin Coleman,RB,ATL,7.3668815213739656,5400.0,0.6269920790549568,0.20437766644187472,0.033017681814681447,0.023723131298201527,0.02709043384251935,0.018507602747738119,0.066291404800028125,0.0
Travaris Cadet,RB,NO,7.2272267241354244,4500.0,0.64688415813853517,0.17344023090487945,0.038874948115332091,0.02457996423734481,0.036537405088888003,0.029050468815785619,0.050632824699234878,0.0
Theo Riddick,RB,DET,7.0429807930611918,6300.0,0.55216644543511351,0.24430828395457341,0.1084102697491011,0.028333618325446328,0.021374986087139655,0.012116694054336531,0.033289702394289571,0.0
Devontae Booker,RB,DEN,6.9571661682941182,6600.0,0.56852126251960922,0.26399718910766556,0.059438965373895807,0.029335894089852758,0.026784482849203387,0.016054559501020943,0.035867646558752311,0.0
Adrian Peterson,RB,MIN,6.7783818193339629,6500.0,0.68670701021554104,0.11771601296468082,0.07439246261651157,0.033211111208568032,0.023335525027426796,0.015964143235726595,0.048673734731545286,0.0
Reggie Bush,RB,BUF,6.706066230005761,4500.0,0.72357738966566654,0.10644278313756797,0.048219669471196068,0.021559750942908084,0.022532117682206886,0.014213652526208724,0.06345463657424566,0.0
Aaron Ripkowski,RB,GB,6.6750084829534266,4600.0,0.62194503158892189,0.20465272938231238,0.071126355750393958,0.032910219964389073,0.017298992837145775,0.012175822422403225,0.039890848054433645,0.0
Fitzgerald Toussaint,RB,PIT,6.3464580426376367,4500.0,0.72155062642721346,0.10008765066219137,0.049718630038364582,0.036704970062142066,0.040351337881144332,0.024711777307022374,0.026875007621921774,0.0
Akeem Hunt,RB,HOU,6.1497423891691527,4500.0,0.73014940498750602,0.10298478819979484,0.059358645381984397,0.033312694485443793,0.01892017292990714,0.017770191603837943,0.037504102411525707,0.0
Jerome Felton,RB,BUF,6.1028970090475259,4500.0,0.76641503454037485,0.094070078914686509,0.035509980928487797,0.017251919498495902,0.017578148349920497,0.01081029089970152,0.058364546868333186,0.0
Orleans Darkwa,RB,NYG,6.0268767865386978,4500.0,0.68091986531938142,0.12832133896865608,0.096766836923035532,0.034933699561839289,0.038320390511118296,0.0062389752605204202,0.014498893455449082,0.0
Zach Zenner,RB,DET,6.0209230642374312,4500.0,0.6836343846820766,0.16780055119402146,0.068257841419041621,0.0210188336828958,0.015156108526643846,0.0071149197063106566,0.037017360789010065,0.0
John Kuhn,RB,NO,5.9350961460616158,4500.0,0.69244485310208226,0.16244499259583756,0.053612696845398856,0.026051002015691181,0.026491633845536385,0.01331802591598699,0.025636795679466751,0.0
DuJuan Harris,RB,SF,5.9290355675580537,4700.0,0.74990935355187138,0.10665907428100993,0.045471653699818745,0.024667230991519313,0.018949745824015835,0.0098833767840859257,0.044459564867678811,0.0
Kapri Bibbs,RB,DEN,5.6998125778902997,5500.0,0.71247003745887372,0.16545495924101614,0.043950021884393044,0.01839727725925434,0.016343767227754036,0.010636652104751966,0.032747284823956752,0.0
Christine Michael,RB,GB,5.6352225114539092,4700.0,0.72609127111138383,0.16514632749437522,0.032134774393450985,0.016505387619757436,0.011681605591459312,0.0089853858985542261,0.039455247891019077,0.0
Matt Forte,RB,NYJ,5.5836377517329669,7700.0,0.72272947245330077,0.16488853027612899,0.027389638681278482,0.018808489746601879,0.027166819858997441,0.014429216241258815,0.024587832742433528,0.0
Robert Turbin,RB,IND,5.5427202349001217,4500.0,0.72797923845458379,0.14231726138611217,0.051433509231579001,0.021736591528907459,0.021276194732806654,0.010751077810843451,0.024506126855167391,0.0
Mike Tolbert,RB,CAR,5.4149838586494248,4500.0,0.72899532077970131,0.15304857615394185,0.045089959936790304,0.020217756161187872,0.01986115877254558,0.008964407429531614,0.023822820766301323,0.0
Jeremy Langford,RB,CHI,5.344140515163712,4600.0,0.7721107734079502,0.10052884267600434,0.04164226267956634,0.027078902819438852,0.023209305768028172,0.012902419167601304,0.022527493481410726,0.0
Cedric Peerman,RB,CIN,5.3097286161633459,4500.0,0.8022200612213477,0.092561480701608009,0.018890824308727107,0.015571549924502522,0.021510014984237515,0.014167708922734508,0.035078359936842572,0.0
Andre Ellington,RB,ARI,5.2932427797752339,4500.0,0.75961005978979057,0.12134322575307142,0.038955337580218581,0.025987731109776258,0.021460176299871406,0.011061196683028825,0.021582272784243017,0.0
Jay Prosch,RB,HOU,5.2835396995898716,4500.0,0.79013005504834621,0.086306421437322894,0.043404409448867698,0.023757991869087232,0.013816157851596553,0.013165450447865568,0.029419513896913854,0.0
Mike James,RB,DET,5.2628452008297888,4500.0,0.75181473768176832,0.095482031194290232,0.086226089632288658,0.028867038433198891,0.016650504083434974,0.0032037968425794698,0.017755802132439425,0.0
Andy Janovich,RB,DEN,5.2086545327165048,4500.0,0.77354956515654671,0.093554137927841272,0.06354000116782095,0.020122318526656247,0.019901545058075433,0.0063581190615595636,0.022974313101499912,0.0
Peyton Barber,RB,TB,5.2042519210005134,4500.0,0.74508324300802542,0.1495050640510926,0.038763442176603657,0.022085229103044605,0.013913854429119866,0.0048748374923665849,0.025774329739747154,0.0
Patrick DiMarco,RB,ATL,5.1534382620530526,4500.0,0.79994322512166682,0.11100738712502164,0.016427768897466392,0.011943144715901509,0.0118437934823963,0.0092035365737938093,0.039631144083753449,0.0
Alex Collins,RB,SEA,5.1486924499948712,4500.0,0.79319097729290666,0.08391935613274483,0.051085504706442235,0.020629974715777103,0.016854971736300621,0.0058243912280495922,0.028494824187778958,0.0
Matt Asiata,RB,MIN,5.1261977776628918,5800.0,0.7136316154910477,0.17520144533895787,0.057897199190222376,0.01994608530585568,0.014798912285888291,0.0034673458467518966,0.015057396541276304,0.0
Jordan Todman,RB,IND,5.0655342590248766,4500.0,0.76968234634553612,0.12195997632535326,0.042676008339294864,0.018508169290502294,0.01718858003567706,0.0089239646845467573,0.02106095497908974,0.0
Ryan Hewitt,RB,CIN,5.0467033316355607,4500.0,0.80137281258392201,0.092026222615790132,0.028928638975165209,0.020333727940598494,0.023422084163208942,0.010459795934792572,0.023456717786522703,0.0
C.J. Spiller,RB,NYJ,5.0276969209093796,4500.0,0.79808484239374078,0.10381807808130158,0.025053300091679397,0.016422833576384976,0.018959128689832259,0.012194747438109658,0.025467069728951269,0.0
Alfred Morris,RB,DAL,4.9581993632664139,4700.0,0.81275012258196089,0.084830676470147609,0.02661103068107926,0.023231617178371671,0.01942425574670735,0.0061964482814881733,0.026955849060244862,0.0
Roosevelt Nix,RB,PIT,4.8518933540583724,4500.0,0.82185218135933047,0.073629753101758594,0.029353156301747989,0.020469498629402762,0.02309009913437568,0.014107207930859603,0.017498103542524745,0.0
Lance Dunbar,RB,DAL,4.8227742605424968,4500.0,0.82267273194751256,0.081141482526989148,0.024497457158815898,0.021215735617747245,0.018993550488485604,0.0065444854908173096,0.02493455676963198,0.0
Kenneth Farrow,RB,SD,4.8045174632672376,4500.0,0.80004209919163294,0.11937394761158519,0.024816592458034459,0.011353221552879584,0.0090248148262294763,0.0055287814502743291,0.02986054290936389,0.0
Ka'Deem Carey,RB,CHI,4.7841009758330291,4500.0,0.81571057413506198,0.085261252751085703,0.029118658993796624,0.022819464242635226,0.01855015607351428,0.0098978015462840643,0.018642092257622103,0.0
Kenyan Drake,RB,MIA,4.7810338473294465,4500.0,0.84369041310192916,0.063310686100325114,0.02915932717160237,0.016013406292832332,0.0070853727681291657,0.004412963734890917,0.036327830830290946,0.0
Jalston Fowler,RB,TEN,4.761976121153336,4500.0,0.79911790635910562,0.070038738590833399,0.072681975847731131,0.026795967570056204,0.016140944217311177,0.004612122554864974,0.010612344860097444,0.0
Antonio Andrews,RB,TEN,4.761976121153336,4500.0,0.79911790635910562,0.070038738590833399,0.072681975847731131,0.026795967570056204,0.016140944217311177,0.004612122554864974,0.010612344860097444,0.0
Damien Williams,RB,MIA,4.7292534123246517,4600.0,0.8432928483373916,0.066118028569857379,0.027929828291493611,0.016398435277245313,0.0076004951815217886,0.0046777716479504449,0.033982592694540042,0.0
Bilal Powell,RB,NYJ,4.6698649519026194,5600.0,0.81266767108532312,0.10584260240630046,0.022076711260121239,0.013930480601998635,0.015734020949409892,0.0094105994527724068,0.020337914244074339,0.0
Fozzy Whittaker,RB,CAR,4.5623754505000056,4500.0,0.80390436641518903,0.11538106916841188,0.032268202531062676,0.01351456620378102,0.011278586527496028,0.0045641922354995252,0.019089016918559847,0.0
Malcolm Brown,RB,LARM,4.5297288411276568,4500.0,0.81771926332123757,0.10163142816489776,0.026792091183267371,0.016984835398993644,0.012850320499329052,0.0051793532066549504,0.018842708225619537,0.0
Benny Cunningham,RB,LARM,4.5146048443620765,4500.0,0.81579140064203548,0.1055160457059446,0.024478271050063023,0.017477840421286861,0.013697891077665971,0.005684857785138238,0.01735369331786599,0.0
Keith Smith,RB,DAL,4.412815277486569,4500.0,0.85265551863130662,0.069600127500244843,0.01963500043309702,0.017236836451152739,0.014668067190049905,0.0046791830964997396,0.021525266697649006,0.0
Kenjon Barner,RB,PHI,4.3446793810497617,4600.0,0.84492795215430905,0.077874089620515369,0.024166815188934807,0.01790405192074673,0.01135742846208114,0.0072776804307887917,0.016491982222624366,0.0
Derek Watt,RB,SD,4.3145748732122478,4500.0,0.83937981498677838,0.098886535041004323,0.018873497234068271,0.0085141892485245414,0.0065598683547700345,0.0040734762719329106,0.023712618862921572,0.0
Bobby Rainey,RB,NYG,4.2595389449477352,4500.0,0.82591549417644716,0.10059086615512514,0.029865972941944381,0.014662333890570766,0.013025270159575856,0.005409008503781852,0.010531054172555069,0.0
Josh Ferguson,RB,IND,4.2545244744073063,4500.0,0.83419512937086338,0.096330597211797306,0.027105134711227448,0.011177228338518721,0.011001792484437807,0.0056070619644049118,0.014583055918750327,0.0
Paul Lasike,RB,CHI,4.2491611987740576,4500.0,0.85725440167303557,0.06838980073988174,0.022998173915707937,0.016229191104341803,0.012693904484802256,0.0065610217354804042,0.015873506346750357,0.0
Will Tukuafu,RB,SEA,4.232758863443471,4500.0,0.88312708298095477,0.048036563237415481,0.019844948605425548,0.011476543890854625,0.0059990248534671038,0.002968903768828161,0.028546932663054511,0.0
Chase Reynolds,RB,LARM,4.2224265041335993,4500.0,0.84284857199293539,0.090229181900656166,0.022144963880456042,0.013817054426344988,0.010540498906742888,0.0042501370296479241,0.016169591863216259,0.0
Michael Burton,RB,DET,4.1082522614338721,4500.0,0.84493360952003382,0.094043222830812831,0.02742752882732612,0.0080816265633921244,0.0053641549700236364,0.0026156000957574207,0.017534257192654053,0.0
Juwan Thompson,RB,DEN,4.0906050435271268,4500.0,0.85112150704018996,0.092615473488175795,0.019460538826448107,0.0081538060072705726,0.0068677642610956765,0.0046159566341134606,0.017164953742706397,0.0
Corey Grant,RB,JAC,3.9919335643232983,4500.0,0.84302826541449338,0.098024162670956691,0.030081884019480302,0.0083364664298610225,0.0058385291028951935,0.0024361559343066249,0.012254536428006982,0.0
Stepfan Taylor,RB,ARI,3.7162246030849242,4500.0,0.88774715543554161,0.063944047305347473,0.017898159560129006,0.0092294865376564422,0.0067770918546965625,0.0032791055556431652,0.011124953750985845,0.0
Kerwynn Williams,RB,ARI,3.7162246030849242,4500.0,0.88774715543554161,0.063944047305347473,0.017898159560129006,0.0092294865376564422,0.0067770918546965625,0.0032791055556431652,0.011124953750985845,0.0
Zach Line,RB,MIN,3.7070674052447341,4500.0,0.86740119263935223,0.087080648766073659,0.022180519106844741,0.0075517149773401968,0.0052386507076435931,0.0014634889408378386,0.0090837848619076296,0.0
