name,pos,team,expectation,salary,prob_0_5,prob_5_10,prob_10_15,prob_15_20,prob_20_25,prob_25_30,prob_30+,label
Mike Evans,WR,TB,13.403711629386439,8900.0,0.14550292057925301,0.25810510446659152,0.23568418624105614,0.16557280991026374,0.095068340643848934,0.050770727607345564,0.049295910551641418,1.0
Jordy Nelson,WR,GB,13.092227364443399,7100.0,0.14950634234522461,0.26593830690090592,0.23692287042825166,0.1573495817808622,0.10279211531702444,0.048830581639779387,0.038660201587952088,1.0
Dez Bryant,WR,DAL,13.085434669862666,7800.0,0.16897480858318079,0.26060474010278023,0.21865970781853389,0.15297171127521189,0.10853535906450479,0.040361778242397096,0.049891894913391528,1.0
Antonio Brown,WR,PIT,12.528576769740106,8800.0,0.20864746870674969,0.23594202487928972,0.21619502198041735,0.1660088804840727,0.090931328170938908,0.039438641059021479,0.04283663471951013,1.0
Odell Beckham Jr.,WR,NYG,12.262987722305564,8500.0,0.28091754995239848,0.25053658055559924,0.14432816643575441,0.12209196085518104,0.085151781192672402,0.035872748571195517,0.081101212437199172,0.0
Davante Adams,WR,GB,12.097292168758567,6400.0,0.2201814735719165,0.24422205179935494,0.22098626892132733,0.15186473957860896,0.091113273185724014,0.034928480999311326,0.036703711943757537,1.0
Doug Baldwin,WR,SEA,11.598933674791468,7000.0,0.20453891138301517,0.29228123376833348,0.23338488913574371,0.12781307502611677,0.07625124324756069,0.036638455670081282,0.029092191769149661,1.0
Julio Jones,WR,ATL,11.595387405199673,8300.0,0.23458328126607619,0.26036761192392366,0.21473009471534829,0.15011822982541967,0.07322938616175205,0.032891086091050174,0.034080310016430179,1.0
Brandin Cooks,WR,NO,11.504991603441502,6300.0,0.25757870315087622,0.23480369427983899,0.22060000833356866,0.13408953494837023,0.087651619343719775,0.034784888074827207,0.030491551868799656,0.0
Michael Thomas,WR,NO,11.358461809388567,6600.0,0.23313925600646906,0.25842091418570118,0.2367508075383789,0.13573423738835999,0.081213426710291303,0.032070276334126874,0.022671081836673088,1.0
Kelvin Benjamin,WR,CAR,11.153113533969355,6800.0,0.23703669255804252,0.2754277842753034,0.23071455977733599,0.1262262774095452,0.076039573307940159,0.029119703242277778,0.025435409429555474,1.0
Willie Snead,WR,NO,11.145780812546684,6100.0,0.25602011311442874,0.24536767521368219,0.23310168680289359,0.13358217084213606,0.077019579914920644,0.032097833482552948,0.022810940629386409,0.0
T.Y. Hilton,WR,IND,11.084043030254666,7600.0,0.26255473095677012,0.27937559448345645,0.19361536429401138,0.12433204271701444,0.071817060746074496,0.03603062158217768,0.032274585220495984,1.0
Cole Beasley,WR,DAL,11.036591065437371,6300.0,0.26750736871413694,0.26786930095768019,0.20331300255251841,0.12080394451908553,0.07720659215890685,0.033242624868664902,0.030057166229007521,1.0
Demaryius Thomas,WR,DEN,10.523287996085683,6900.0,0.27383307598920054,0.27980510250731916,0.21449569856328041,0.11584251569930479,0.065666604940868692,0.027768921485539277,0.022588080814487845,1.0
Jamison Crowder,WR,WAS,10.505039486530977,6400.0,0.2821895107824679,0.26423775672896327,0.22073302459211791,0.11437043129504496,0.070127914426621349,0.028358476223151304,0.019982885951633764,0.0
Randall Cobb,WR,GB,10.29017624193272,6000.0,0.30867702305817024,0.25444965636419031,0.20830646326059077,0.11141864710495869,0.067392766462642917,0.026843150690458627,0.022912293058989317,0.0
Allen Robinson,WR,JAC,10.029144691323612,6600.0,0.28635030138454254,0.31614678606212615,0.18250339177833272,0.10953384993553124,0.062150740895514624,0.02271745958560931,0.020597470358343365,1.0
Larry Fitzgerald,WR,ARI,9.9899171447828952,6800.0,0.30902483459147106,0.27814814436634999,0.20333165264342762,0.1033394382599262,0.063079147434321511,0.019441341861979218,0.023635440842524984,0.0
Stefon Diggs,WR,MIN,9.9318391162620152,6600.0,0.31336460643481501,0.27669980268372757,0.19724205681865872,0.10567004941286899,0.064957305269825127,0.023390418904820506,0.018675760475284249,0.0
Golden Tate,WR,DET,9.914516169763635,6300.0,0.32102394510483673,0.26658153335539514,0.20271489300085796,0.1063489726920423,0.054716776606631309,0.028674883312384516,0.019938995927852431,0.0
DeAndre Hopkins,WR,HOU,9.9078996843587408,7100.0,0.31491844331650964,0.29343953150542379,0.17499238238600787,0.11052094546047121,0.060858109706557868,0.020732302784018261,0.024538284841011081,0.0
Adam Thielen,WR,MIN,9.8819682007968304,6000.0,0.29851455175717395,0.2882635495340245,0.20897821999738442,0.10630591889502294,0.060136725555661838,0.023331820647937575,0.014469213612795148,0.0
Kenny Britt,WR,LARM,9.8806879523285058,6900.0,0.31452594030269004,0.2832123963547683,0.18463729332263881,0.11595390728640868,0.060865382427395309,0.021937110728529954,0.01886796957756897,0.0
Emmanuel Sanders,WR,DEN,9.8310878442831093,5900.0,0.31439336122626499,0.28628689960029424,0.19212802077282476,0.10590574537841686,0.058063963137003294,0.023494350150910226,0.019727659734286546,0.0
Donte Moncrief,WR,IND,9.6839021638384395,6400.0,0.32612842489553462,0.28166319149954516,0.19288616750826923,0.099543199426092271,0.053820328312231852,0.028864986403150397,0.017093701955176625,0.0
Tyrell Williams,WR,SD,9.6621575111660061,6800.0,0.31769195150467838,0.28193746243582679,0.20448029449654154,0.10533491579518228,0.052535064062511502,0.021162385943659288,0.016857925761600261,0.0
Jarvis Landry,WR,MIA,9.5977320910338868,6100.0,0.34280554300713267,0.26666046986412001,0.18978285926024785,0.097850422958344327,0.061347939842643993,0.023810514241514775,0.017742250825996703,0.0
Brandon Marshall,WR,NYJ,9.5610934389744955,7200.0,0.33997496617245726,0.27448859639730139,0.18893391765917988,0.10448495415665217,0.047765174254490936,0.02196256483210323,0.022389826527815543,0.0
Pierre Garcon,WR,WAS,9.4843922117205697,5400.0,0.35159627076137101,0.25108602801971253,0.20009953146136572,0.10431501449156518,0.055671754243212801,0.021361877129268823,0.015869523893504437,0.0
DeVante Parker,WR,MIA,9.3343145493261144,6700.0,0.36869154282719058,0.24798090895669697,0.18794328225460974,0.1016385733458209,0.0562100823558438,0.020494719833654095,0.017040890426184306,0.0
Mohamed Sanu,WR,ATL,9.2733439426236863,5600.0,0.35403354598984998,0.27784882622174301,0.17963488823055304,0.1000536279577358,0.048790408430933227,0.023615934903173472,0.016022768266012261,0.0
Rishard Matthews,WR,TEN,9.2637165416185443,6200.0,0.38001930316525007,0.24172065832527109,0.19164431559355632,0.093778241202530949,0.050962612876788577,0.019758535827562193,0.022116333009041051,0.0
DeSean Jackson,WR,WAS,9.1727568850667236,5800.0,0.37665113201518219,0.24160485351969155,0.19691105501757514,0.10040613522905695,0.046868165571857578,0.022465290479492764,0.015093368167144241,0.0
Jordan Matthews,WR,PHI,8.7231365732979054,5900.0,0.40373172208122254,0.24066940895477262,0.19382997488855599,0.086302926191951596,0.042598013399831727,0.017763053594210137,0.015104900889455972,0.0
Sterling Shepard,WR,NYG,8.6975850342201078,5500.0,0.3982550527707544,0.2661986849155174,0.16238980968303487,0.095606060854810396,0.045231066571900812,0.019519573410321112,0.012799751793660732,0.0
Cameron Meredith,WR,CHI,8.5858497526477393,5400.0,0.4137824437576102,0.25100468034010032,0.17048107190650583,0.088210468345921528,0.045063242430844391,0.016105902872213668,0.015352190346803934,0.0
Dontrelle Inman,WR,SD,8.4349874925830441,5500.0,0.40670940149103724,0.27775535543384555,0.16140355395301859,0.086908662826976582,0.033058183886487132,0.019063443004185773,0.015101399404449085,0.0
Taylor Gabriel,WR,ATL,8.2807207733136963,5400.0,0.41925985276177719,0.27190455574848765,0.15741836256224767,0.081961404764164636,0.040051313513526587,0.018543942520346388,0.010860568129449848,0.0
Tyler Boyd,WR,CIN,8.1706015429398917,5700.0,0.43275268238011522,0.25610008484859303,0.1663941471579567,0.082021212602496049,0.034429176982980036,0.015010626998014117,0.013292069029845074,0.0
Kenny Stills,WR,MIA,8.159403472905602,5300.0,0.44490585402132393,0.24596243352243283,0.15744874027746963,0.082803554762575504,0.039509866455326857,0.017554287233966116,0.011815263726905185,0.0
Marqise Lee,WR,JAC,8.0281741199515793,5400.0,0.4233313693061147,0.28894208201307542,0.14663215849495212,0.082193486151970793,0.034882713793781848,0.012534083469591714,0.011484106770513489,0.0
Brandon LaFell,WR,CIN,7.8902849524827214,5800.0,0.46067137687960064,0.25418185401752141,0.14606150473134141,0.076333264394691624,0.033461688498426921,0.014320963180773392,0.014969348297644678,0.0
Adam Humphries,WR,TB,7.5205264707435697,4800.0,0.47684135066755423,0.25510021188719606,0.14232964011946589,0.075159044478261175,0.030394716657069665,0.0092319555189453555,0.010943080671507276,0.0
Cordarrelle Patterson,WR,MIN,7.4755433768344757,4900.0,0.47787469767847679,0.26404831714005017,0.13951780309659573,0.064250119992458568,0.031306357223609006,0.010312412323613424,0.012690292545196142,0.0
A.J. Green,WR,CIN,7.3646063907345347,7500.0,0.56954005584283751,0.17881372458417222,0.10768726756275754,0.073655627784567093,0.033288880737507354,0.01065551369302699,0.026358929795131391,0.0
Eli Rogers,WR,PIT,7.1956875754204885,5000.0,0.52620117013620515,0.2159786020886332,0.13631210073451863,0.070633180342466462,0.030036454628153228,0.011307230979155956,0.0095312610908669729,0.0
Anquan Boldin,WR,DET,7.0940085776600892,5200.0,0.52766315418288756,0.23541002324108828,0.1258898682525203,0.061339024648747895,0.021943516545957002,0.013721913120914555,0.014032500007883808,0.0
Ted Ginn Jr.,WR,CAR,6.9779094808314888,4700.0,0.58514800963658808,0.19051898675743933,0.11337956437435437,0.044457524625278522,0.030471257813154455,0.0074093957493422177,0.028615261043843824,0.0
J.J. Nelson,WR,ARI,6.9714054785156003,4900.0,0.53397948739043521,0.23285455301928049,0.12532636704268343,0.058347838207232487,0.03073757323891892,0.0060814507588808362,0.01267273034256856,0.0
Terrance Williams,WR,DAL,6.8118798215698115,4600.0,0.56790710544993372,0.21562211174484089,0.11115748388371777,0.052180303702952305,0.023404566376645019,0.012636719524114822,0.017091709317796095,0.0
Tyler Lockett,WR,SEA,6.7949412627911059,5100.0,0.54513963043999436,0.23020970909536298,0.12386065830929244,0.059833127357910916,0.021258514271265284,0.0076770371564312007,0.012021323369742142,0.0
Corey Coleman,WR,CLE,6.7879736014602514,5600.0,0.53997006101110667,0.24077329595791314,0.12272576848908311,0.052104665902669073,0.025552090112131897,0.0065561608177925525,0.012317957709303613,0.0
Sammy Watkins,WR,BUF,6.7534224871372448,6000.0,0.56834236307468067,0.20488898322021884,0.12111936179758148,0.05781194824042106,0.024877591922569612,0.012418538759275885,0.010541212985253207,0.0
John Brown,WR,ARI,6.7298988227012693,5200.0,0.59051991831279604,0.18815658341888711,0.10714015561035246,0.054423105923106854,0.038393811839463325,0.0081223046977164873,0.013244120197677777,0.0
Marquise Goodwin,WR,BUF,6.7164198332007912,5400.0,0.55628057225338656,0.22207962917250085,0.12201769350142219,0.058131341480795747,0.022545830746422496,0.0070336403058936783,0.011911292539579498,0.0
Tajae Sharpe,WR,TEN,6.6791359474420506,5300.0,0.581215845393661,0.199503130717787,0.11729695659771679,0.055368505649745846,0.022166231659231653,0.0079739619287022313,0.016475368053155984,0.0
Justin Hunter,WR,BUF,6.6238272316881348,5300.0,0.57609994605514858,0.20012011475965585,0.12762428364564327,0.05394038999906741,0.021483521212116795,0.008743219128924614,0.011988525199444848,0.0
Quincy Enunwa,WR,NYJ,6.5024377140146168,4800.0,0.57169639274594164,0.22368048704006971,0.11070272640277666,0.05660343766670406,0.018582596113501843,0.0070082897989061079,0.011726070232100034,0.0
Devin Funchess,WR,CAR,6.4714057729987537,4600.0,0.56576983529338087,0.23009475345981442,0.11808873453853481,0.051505432914823721,0.016590220363957985,0.006366600286074396,0.011584423143414077,0.0
Tavon Austin,WR,LARM,6.4372266765347916,4900.0,0.58100319315020943,0.21739679772323905,0.12132524335458236,0.041564832588476992,0.016818985254965176,0.0045756996307759132,0.017315248297751266,0.0
Jermaine Kearse,WR,SEA,6.3685817389181008,4500.0,0.57183136997828421,0.23581678089771926,0.10848047436357601,0.049510887913983469,0.016467047432977347,0.0065130610017302961,0.011380378411728896,0.0
Travis Benjamin,WR,SD,6.3656063534346279,5100.0,0.60243024334376416,0.20282498169918983,0.10140945354722601,0.048934375254619737,0.021147036712198065,0.010042868065923393,0.013211041377079253,0.0
Jeremy Kerley,WR,SF,6.3475359827766047,5100.0,0.59543652826790816,0.20397157344895889,0.107627794702865,0.053196996639136927,0.022880650878405621,0.0070636827587447744,0.009822773303980719,0.0
Robby Anderson,WR,NYJ,6.1589973277305043,4700.0,0.59284474210440707,0.22360155679973093,0.10707031574920171,0.046036761785470781,0.013751606598457004,0.0050513631733567488,0.011643653789375772,0.0
Charles Johnson,WR,MIN,6.0845516336491317,4500.0,0.62763416202773992,0.19855994450725606,0.096720987656486193,0.043800240195751516,0.0069904132121104785,0.0035777380869119876,0.02271651431374477,0.0
Michael Floyd,WR,ARI,6.0153414034250643,4700.0,0.61820638013720641,0.20379687420204981,0.10037870734680131,0.04499435012565671,0.015814941862008946,0.0059904514376326132,0.010818294888644789,0.0
Allen Hurns,WR,JAC,5.9981434687311372,4800.0,0.63040187952661919,0.19369409644672725,0.096885509068494344,0.042924461692690583,0.017497536857760527,0.0049848733311371705,0.013611643076571027,0.0
Dorial Green-Beckham,WR,PHI,5.8985650242850518,4900.0,0.62137260299151997,0.21173012899299795,0.097586575489672492,0.038950037723383138,0.013478128158088475,0.0051262160706893488,0.011756310573648834,0.0
Brian Quick,WR,LARM,5.8516587899751613,4500.0,0.62910710171999662,0.20462751466321841,0.10037034503363372,0.0388953613467252,0.0081108268772658292,0.0046289104128221913,0.014259939946337926,0.0
Phillip Dorsett,WR,IND,5.8102683966097119,4600.0,0.65138349878902857,0.18667213317429962,0.090840567330447944,0.03796229809210503,0.01096950921106212,0.0054549845024539426,0.016717008900602154,0.0
Andre Roberts,WR,DET,5.7852122256253047,4500.0,0.64971501010127575,0.19087847810339803,0.0893419281546355,0.037396632499734656,0.011994467502454573,0.0047102002979252143,0.015963283340575927,0.0
Robert Woods,WR,BUF,5.6094152401159576,5000.0,0.67162449322239415,0.16427026491381988,0.093050325574722675,0.044109933822525239,0.011262022793361675,0.0052033323711652224,0.010479627302011888,0.0
Nelson Agholor,WR,PHI,5.5639653698189573,4800.0,0.68161490706596628,0.15648525095938531,0.097155505393292568,0.033839708941334139,0.012449971631787585,0.006184976791235002,0.012269679216998997,0.0
Russell Shepard,WR,TB,5.5200883063301767,4500.0,0.68065816734472717,0.16895554385882555,0.087211532530535374,0.032512398715263374,0.011823312462146972,0.0044301244823302137,0.014408920606170836,0.0
Marquess Wilson,WR,CHI,5.4984065396335629,5400.0,0.69478468316058928,0.14056358013497708,0.09342812173996666,0.041974092119783854,0.01436251702045621,0.0052509319912380573,0.0096360738329899637,0.0
Brandon Coleman,WR,NO,5.4756191176315854,4500.0,0.67277601128361375,0.18117852313156504,0.084343414127724697,0.033962267551112757,0.01148027372659325,0.0054908277242995416,0.010768682455091319,0.0
Victor Cruz,WR,NYG,5.4499389424316842,4600.0,0.69204437752620096,0.16517579984284081,0.075313084433533586,0.037038394268063025,0.010885267720584122,0.0050002861781019816,0.014542790030675889,0.0
Freddie Martino,WR,TB,5.3743350500824834,4500.0,0.6889916082717884,0.16727678998419684,0.085756810119140311,0.032398063149194002,0.0074732405668255656,0.0057888155522831568,0.012314672356572165,0.0
Brice Butler,WR,DAL,5.2839248998659594,4500.0,0.71562437034957349,0.14747676251578118,0.076872994213505561,0.029725365996899317,0.0082784678998588275,0.0065806628121432426,0.015441376212238471,0.0
Kendall Wright,WR,TEN,5.2837903345638573,4800.0,0.70350625832935143,0.15757968848930604,0.081334736053731788,0.030164533061543722,0.0097146645070133597,0.0052627520203542989,0.012437367538699342,0.0
Roger Lewis,WR,NYG,5.227911673418201,4500.0,0.70180684042937991,0.16751682257923875,0.075015517932463513,0.032584080517768357,0.006290778112022403,0.0026597470341637171,0.014126213394963264,0.0
Bryan Walters,WR,JAC,5.1240459071469795,4500.0,0.72837894339996034,0.15016868762207189,0.067493891941805287,0.026126070645835144,0.0064855517229260567,0.0022815094957312106,0.019065345171668982,0.0
James Wright,WR,CIN,5.03382661388153,4500.0,0.72607838196753105,0.15219514550804816,0.067607462771217278,0.031480446795050888,0.0073947962938513776,0.0024998381017985994,0.012743928562503328,0.0
Brandon Tate,WR,BUF,5.011051703836408,4500.0,0.7261513987994378,0.15121294662657367,0.072282469776522626,0.028557990529799744,0.0068391474869843472,0.0025416073494034254,0.012414439431278306,0.0
Quinton Patton,WR,SF,4.9413144308704009,4500.0,0.73815963753423941,0.14169658928562226,0.068917745670794978,0.029428351534220104,0.0068892858908836943,0.0026772854445897372,0.01223110463964988,0.0
Torrey Smith,WR,SF,4.8964685456315458,4700.0,0.74684641425849219,0.13284690374584501,0.06806756503200985,0.028362830115893328,0.0099340732800698734,0.0034249975610005528,0.010517216006689518,0.0
Justin Hardy,WR,ATL,4.8931552209002964,4600.0,0.74527049790808952,0.13890347153768146,0.06396832697032491,0.028234496016646397,0.0088229405533053768,0.0029373781014108841,0.011862888912540517,0.0
Jeff Janis,WR,GB,4.8876868911765365,4500.0,0.76912168275359405,0.11231130231912624,0.06731818499924401,0.02128003390793419,0.0085385839663195007,0.0044674066806467613,0.01696280537313517,0.0
Cobi Hamilton,WR,PIT,4.8839931057659332,4500.0,0.74583091298106319,0.13669698255774998,0.067421061438996024,0.028150122283006788,0.007264765770837278,0.0022566143394520018,0.012379540628894669,0.0
Eddie Royal,WR,CHI,4.870081116367353,5000.0,0.77795591649678442,0.10490068726592192,0.058288059459021865,0.028101531771618546,0.010382831093664398,0.0038052220229526429,0.016565751890035195,0.0
Paul Richardson,WR,SEA,4.8661046950294295,4500.0,0.74915361398518554,0.14136014177516135,0.060984384033387629,0.022827316148737883,0.0083729696929787257,0.0030280209491674341,0.014273553415382067,0.0
Jordan Taylor,WR,DEN,4.7722794927541248,4500.0,0.75831257211092518,0.13597175061490085,0.057910109836975358,0.023576391301505729,0.0076402581341595745,0.0043028301260996807,0.012286087875433767,0.0
Deonte Thompson,WR,CHI,4.769256398936264,4500.0,0.76370132845373717,0.12615674748851946,0.058705051922809663,0.029002020679350246,0.0071620695873174135,0.0030953293852901357,0.012177452482975828,0.0
Harry Douglas,WR,TEN,4.674353408154837,4500.0,0.78651555591445133,0.11067950431891789,0.058468208751185566,0.018421854809952072,0.0053375028351102796,0.0020758285787368757,0.018501544791645671,0.0
Andrew Hawkins,WR,CLE,4.6429970136371104,4500.0,0.777196266809979,0.12375213156809649,0.061489536552141726,0.014557885961926599,0.0035419775514985434,0.0016517867687052799,0.017810414787652579,0.0
Alex Erickson,WR,CIN,4.6373313889468593,4500.0,0.77558282664961309,0.12353323493973749,0.05753853671014373,0.021961021014144412,0.0052712004636489293,0.0018983779435433031,0.014214802279169438,0.0
Braxton Miller,WR,HOU,4.6318025827001366,4600.0,0.76737102454001027,0.13623473077054363,0.054835524049107381,0.021446628743323301,0.0046349112966944063,0.002017645098379033,0.01345953550194246,0.0
Chris Harper,WR,SF,4.6057168202248242,4500.0,0.77010661626140053,0.13415583320104141,0.052754528560632077,0.023717325219191045,0.0047361701095730551,0.0020400703908399261,0.012489456257322186,0.0
Pharoh Cooper,WR,LARM,4.5857931488694206,4500.0,0.77159813046030434,0.1301279088873146,0.061560792977875117,0.018837983931888888,0.0028285312587621766,0.0011481220299666818,0.013898530453887786,0.0
Terrelle Pryor Sr.,WR,CLE,4.5519086664803226,6700.0,0.81418321188590759,0.09069957892626046,0.044803371763724786,0.018967628285063255,0.0091981483094607588,0.0050549750953050848,0.017093085734276474,0.0
Marvin Jones Jr.,WR,DET,4.5503145244431913,5900.0,0.81665976420854791,0.087411706616626492,0.047463133156178304,0.017414979926219917,0.0073442560584469742,0.0053247148491039203,0.01838144518487517,0.0
Geronimo Allison,WR,GB,4.5461860078859697,4500.0,0.79482547391637182,0.097550302942094116,0.064903806355437674,0.022955543123038741,0.0047676038496958636,0.0023600084203503915,0.012637261393011235,0.0
Ryan Grant,WR,WAS,4.5158139014952434,4600.0,0.80033965447539734,0.10498319299405057,0.047409398842484636,0.02482248291090166,0.0042409802875762997,0.0042656456302038867,0.013938644859384577,0.0
Aldrick Robinson,WR,ATL,4.5116157639060397,4500.0,0.78062997857922001,0.12289495910432541,0.057411813281683967,0.020604558521433926,0.0051388876294437011,0.002895585142575546,0.010424217741317014,0.0
Jalin Marshall,WR,NYJ,4.4654773387934723,4500.0,0.79681547210745107,0.11092167625971182,0.056879489956671976,0.013091650830999557,0.0051995015947833732,0.0018383382759845214,0.015253870974397536,0.0
Cody Core,WR,CIN,4.4402587896621108,4500.0,0.79424619331258772,0.11737182312489643,0.048578715593801884,0.020692580190839832,0.0040364909780912393,0.0017889867090287808,0.013285210090752935,0.0
Maurice Harris,WR,WAS,4.4294687227909924,4500.0,0.79463527463435868,0.1188563538985761,0.048587532959429129,0.017688478943338706,0.0045171057793573742,0.0022804565391939852,0.013434797245745913,0.0
Bradley Marquez,WR,LARM,4.3950221817763193,4500.0,0.80965982983648976,0.10466319127002621,0.050548738146646559,0.012303602763065198,0.0043290942407867633,0.00080296719319880583,0.017692576549785892,0.0
Bennie Fowler,WR,DEN,4.3917973897232949,4500.0,0.80722172603840281,0.10689148227584656,0.045847110130809304,0.01882475557769692,0.00471005851927986,0.0018815759198588312,0.014623291538106035,0.0
Leonte Carroo,WR,MIA,4.3588108615055274,4500.0,0.81061900267910858,0.097264841326475796,0.055980949951524216,0.01763136598066161,0.003049919970163721,0.0020058848996631342,0.013448035192403882,0.0
Rashard Higgins,WR,CLE,4.3565092733746784,4500.0,0.81369681973035446,0.099216956885585905,0.052660689375840383,0.01360543445339293,0.0027073627838533191,0.0017433496461632149,0.016369387124809384,0.0
Dwayne Harris,WR,NYG,4.3498440039708433,4500.0,0.81723421929054818,0.099092966731544524,0.044859128058213106,0.018139859429048423,0.0024233475097380306,0.0010556691705318386,0.017194809810375619,0.0
Paul Turner,WR,PHI,4.347069459618548,4500.0,0.80277014915900646,0.11261371522534493,0.048335613537423834,0.018197396071041413,0.0037411106246061127,0.0017671873831873366,0.012574827999389519,0.0
Trevor Davis,WR,GB,4.3219988531095819,4500.0,0.83741518550596827,0.076610487179384956,0.047180901934890662,0.013339438213533566,0.0038490486240795592,0.001612753392062185,0.019992185150080072,0.0
Bryce Treggs,WR,PHI,4.2962261755410278,4500.0,0.82013784560988789,0.093733098263223708,0.048511949672811368,0.017938577234617125,0.0034463808895276848,0.0030813212714411579,0.013150827058490942,0.0
Tanner McEvoy,WR,SEA,4.2819566753744072,4500.0,0.81096608461160802,0.10350579684954676,0.050624818301092167,0.017858988248514448,0.0037119136435643353,0.0022995379623511987,0.011032860383322157,0.0
Jordan Norwood,WR,DEN,4.25779186781548,4500.0,0.81110594214172171,0.11022920426049294,0.046259452138707177,0.013030124125960161,0.0051450042611292822,0.0022379329100894693,0.01199234016189904,0.0
Will Fuller V,WR,HOU,4.2470104902848078,5400.0,0.84135764254695755,0.075659845575073534,0.042582698549097651,0.015390182363298754,0.0063882589807818845,0.0027904303536419473,0.015830941631147642,0.0
Lucky Whitehead,WR,DAL,4.2025539206696481,4500.0,0.82749675282321278,0.098752421265470708,0.04332785394980105,0.0085112915024532099,0.0034209483524137549,0.0028698477609132344,0.015620884345734797,0.0
Sammie Coates,WR,PIT,4.1995730460284681,4600.0,0.83732104384834283,0.078888916833972103,0.048803162189294376,0.014313146658352715,0.0043681459873194705,0.001985970045912906,0.014319614436804993,0.0
Laquon Treadwell,WR,MIN,4.1722852701954105,4500.0,0.83611510071087813,0.08005300948122604,0.055690561287909786,0.0098038266442459169,0.0014826625122161877,0.0012504425749766735,0.015604396788546299,0.0
Rod Streater,WR,SF,4.1470232848080375,4500.0,0.83146967530197957,0.094068813012324767,0.041630097364309435,0.014503665677375283,0.0033878641094386686,0.0013973691492902059,0.013542515385281902,0.0
Corey Brown,WR,CAR,4.1042288791292725,4500.0,0.84171052364537435,0.085130151762027026,0.042857738593532549,0.011035370406719376,0.0023961960430562749,0.0015639170573368626,0.015306102491953084,0.0
Ricardo Louis,WR,CLE,4.0579415678593627,4500.0,0.8526206628211368,0.077090496987942597,0.041717238818756885,0.0084556533503797656,0.001472485444474787,0.00091737975675302078,0.017726082820555801,0.0
Percy Harvin,WR,BUF,4.0504426876388182,4900.0,0.86779213296146884,0.065903943765774506,0.032268712808697295,0.0096708657264752453,0.0018217297283645859,0.0021195636721373051,0.020423051337080705,0.0
Jake Lampman,WR,NO,4.038845776913444,4500.0,0.87707192681133161,0.059510456376390831,0.028660310619021589,0.0086936641067055804,0.0014835083585383673,0.00056521147872145281,0.024014922249288948,0.0
Arrelious Benn,WR,JAC,4.036811558533568,4500.0,0.84776891168236079,0.084668702866146625,0.041803931152394926,0.0069319001475985397,0.0011495079578797639,0.00080585733137023496,0.016871188862247973,0.0
Charone Peake,WR,NYJ,3.9936249627805691,4500.0,0.85752059586635598,0.078865835340075047,0.034615607881172288,0.0093689303879800848,0.0014544036783869379,0.00095435928198868837,0.017220267564040475,0.0
Brenton Bersin,WR,CAR,3.9633624041390227,4500.0,0.85891834179682158,0.077720587101062333,0.034085993236120007,0.010944939992851682,0.0016306412991197725,0.00074947043445981829,0.015950026139564477,0.0
Mike Thomas,WR,LARM,3.9632932742026199,4500.0,0.85595828542164676,0.076618454519141524,0.041726255719647547,0.0076497960797957711,0.0027137388199712288,0.00058947066390599716,0.014743998775890119,0.0
Keith Mumphery,WR,HOU,3.92100121575946,4500.0,0.8524806634237988,0.087258973000843593,0.034736791688615667,0.0096700304562563934,0.0013602109388983336,0.00079326436390447081,0.013700066127681937,0.0
Josh Huff,WR,TB,3.8948754763353666,4500.0,0.88630468456041867,0.056722311626535515,0.026163624066234823,0.007334945471105068,0.0013832380483475249,0.00080335238430654494,0.021287843843050876,0.0
Jarius Wright,WR,MIN,3.8900839283256383,4500.0,0.86778083366850745,0.072865573494636737,0.031799791152608954,0.0089579833971535437,0.0014946438885738928,0.0016390196472360267,0.015462154751282627,0.0
Jakeem Grant,WR,MIA,3.8851166870728799,4500.0,0.86066740749044912,0.08036439028143455,0.032295235487250079,0.010940665519877197,0.00094544046828629025,0.00043325144446850047,0.014353609308234172,0.0
Cody Latimer,WR,DEN,3.8474765139267038,4500.0,0.86696316594736877,0.074436823855305548,0.03182942413561636,0.010558154984092823,0.0018327366330930536,0.00071586314349740305,0.013663831301025404,0.0
Joshua Bellamy,WR,CHI,3.8441973412676482,4900.0,0.88434354832767104,0.059255480468404384,0.026526673383541744,0.0086388634876884817,0.0024971371843941427,0.00078228643103057743,0.017956010717268815,0.0
Devin Street,WR,IND,3.8434957245196326,4500.0,0.88872489008361033,0.055258169555121701,0.027233081298401785,0.0070249476150796774,0.0010496318888439354,0.00060591652115453399,0.020103363037786835,0.0
Jaelen Strong,WR,HOU,3.8294107410101161,4500.0,0.8879681589892614,0.055353895874076194,0.027069323459696485,0.0092742642963188002,0.0010830929399939942,0.00059918540307957288,0.018652079037572964,0.0
Rashawn Scott,WR,MIA,3.8285886135787335,4500.0,0.88213629215931999,0.062974741926812725,0.026958013403098013,0.0084857724537133888,0.00092969292565584058,0.00046653429007784694,0.018048952841320902,0.0
Tyler Murphy,WR,MIA,3.8285886135787335,4500.0,0.88213629215931999,0.062974741926812725,0.026958013403098013,0.0084857724537133888,0.00092969292565584058,0.00046653429007784694,0.018048952841320902,0.0
Griff Whalen,WR,SD,3.8241191293648149,4500.0,0.8832066111748671,0.059520598874756935,0.02917134584521397,0.0085151332656791482,0.0018877280652156337,0.00078437652189965125,0.016914206252366247,0.0
Chris Brown,WR,DAL,3.8037020778330572,4500.0,0.88832180560337282,0.056945160902788075,0.027419857886724915,0.0072411286786786605,0.00096769764670631448,0.00054460537581188474,0.018559743905915929,0.0
Darrius Heyward-Bey,WR,PIT,3.8009290194784864,4500.0,0.88082039120226163,0.06257888953937385,0.030613575054981957,0.0081094013399693292,0.0011402298598451976,0.0008687958240797966,0.015868717179487967,0.0
Tavarres King,WR,NYG,3.8009174749810231,4500.0,0.88699732450499824,0.057504928375561079,0.028175298993836837,0.0078288977525241953,0.0012070926470281907,0.00056604695469797417,0.017720410771353046,0.0
Jordan Payton,WR,CLE,3.8003874011528893,4500.0,0.8797555313650115,0.066858873524890242,0.027453516984175759,0.0076293616513056772,0.0010537622388639243,0.00060650913627997285,0.016642445099471433,0.0
TJ Jones,WR,DET,3.7969543577203542,4600.0,0.89218787564201729,0.054550948251765985,0.024623615671176144,0.0077148799578485444,0.0010624414078883346,0.00059551167040750063,0.019264727398894867,0.0
Brittan Golden,WR,ARI,3.7951772776069337,4500.0,0.87838025630172278,0.067556856702011045,0.028041601291500753,0.0068231274882659312,0.0033949055739561679,0.00091650046718329899,0.014886752175359319,0.0
Josh Doctson,WR,WAS,3.7889244035562482,4500.0,0.89316914863779384,0.053484568508860283,0.025338106175751652,0.0072134229247197718,0.00096510282098563962,0.00051287417632212809,0.019316776755565264,0.0
DeVier Posey,WR,DEN,3.7828638146243492,4500.0,0.89261276772626186,0.055409698129708564,0.024109505509198707,0.0071594871973169509,0.00094840900794223389,0.000512603092774685,0.019247529336795584,0.0
Bralon Addison,WR,DEN,3.7828638146243492,4500.0,0.89261276772626186,0.055409698129708564,0.024109505509198707,0.0071594871973169509,0.00094840900794223389,0.000512603092774685,0.019247529336795584,0.0
Marlon Brown,WR,DEN,3.7828638146243492,4500.0,0.89261276772626186,0.055409698129708564,0.024109505509198707,0.0071594871973169509,0.00094840900794223389,0.000512603092774685,0.019247529336795584,0.0
Durron Neal,WR,DEN,3.7828638146243492,4500.0,0.89261276772626186,0.055409698129708564,0.024109505509198707,0.0071594871973169509,0.00094840900794223389,0.000512603092774685,0.019247529336795584,0.0
Aaron Dobson,WR,DET,3.7810616694295738,4500.0,0.89425621259655441,0.053473890432140563,0.024081978184974137,0.0072661843247187382,0.0009762278389002098,0.00051651352903305252,0.019428993093677568,0.0
Quinshad Davis,WR,DET,3.7810616694295738,4500.0,0.89425621259655441,0.053473890432140563,0.024081978184974137,0.0072661843247187382,0.0009762278389002098,0.00051651352903305252,0.019428993093677568,0.0
Marcus Easley,WR,BUF,3.7790766027973488,4500.0,0.8937695977264285,0.054474847169445631,0.023681789586694722,0.0072456837352745714,0.00095647294739172192,0.00050100413647792487,0.019370604698285426,0.0
Walt Powell,WR,BUF,3.7790766027973488,4500.0,0.8937695977264285,0.054474847169445631,0.023681789586694722,0.0072456837352745714,0.00095647294739172192,0.00050100413647792487,0.019370604698285426,0.0
Kolby Listenbee,WR,BUF,3.7790766027973488,4500.0,0.8937695977264285,0.054474847169445631,0.023681789586694722,0.0072456837352745714,0.00095647294739172192,0.00050100413647792487,0.019370604698285426,0.0
Greg Salas,WR,BUF,3.7790766027973488,4500.0,0.8937695977264285,0.054474847169445631,0.023681789586694722,0.0072456837352745714,0.00095647294739172192,0.00050100413647792487,0.019370604698285426,0.0
Keshawn Martin,WR,SF,3.7774022406930845,4500.0,0.89305873635331279,0.054553079136063207,0.02407729051099541,0.0073043296430507915,0.001965900426042127,0.00051207880081964043,0.018528585129714541,0.0
Mose Frazier,WR,SF,3.7774022406930845,4500.0,0.89305873635331279,0.054553079136063207,0.02407729051099541,0.0073043296430507915,0.001965900426042127,0.00051207880081964043,0.018528585129714541,0.0
Daniel Braverman,WR,CHI,3.7754707097210232,4500.0,0.89293180392440263,0.054832385178104674,0.024116056186898809,0.0071393707136028642,0.0019858542167410617,0.00053088545805701662,0.018463644322191556,0.0
Kevin White,WR,CHI,3.7754707097210232,4500.0,0.89293180392440263,0.054832385178104674,0.024116056186898809,0.0071393707136028642,0.0019858542167410617,0.00053088545805701662,0.018463644322191556,0.0
Kieran Duncan,WR,CHI,3.7754707097210232,4500.0,0.89293180392440263,0.054832385178104674,0.024116056186898809,0.0071393707136028642,0.0019858542167410617,0.00053088545805701662,0.018463644322191556,0.0
Kenbrell Thompkins,WR,NYJ,3.762263731964774,4500.0,0.89286406649768635,0.054420050628196201,0.025837274968829701,0.0072435275609994522,0.00087759438960210404,0.00053764874650695526,0.018219837208178182,0.0
Jeremy Ross,WR,NYJ,3.762263731964774,4500.0,0.89286406649768635,0.054420050628196201,0.025837274968829701,0.0072435275609994522,0.00087759438960210404,0.00053764874650695526,0.018219837208178182,0.0
Devin Smith,WR,NYJ,3.762263731964774,4500.0,0.89286406649768635,0.054420050628196201,0.025837274968829701,0.0072435275609994522,0.00087759438960210404,0.00053764874650695526,0.018219837208178182,0.0
Levi Norwood,WR,PIT,3.7596057375430787,4500.0,0.89344105108725536,0.055354787705561813,0.024000116166056365,0.0071214324047192308,0.0010178179599306778,0.00052707132001720636,0.018537723356457789,0.0
Markus Wheaton,WR,PIT,3.7596057375430787,4500.0,0.89344105108725536,0.055354787705561813,0.024000116166056365,0.0071214324047192308,0.0010178179599306778,0.00052707132001720636,0.018537723356457789,0.0
Canaan Severin,WR,PIT,3.7596057375430787,4500.0,0.89344105108725536,0.055354787705561813,0.024000116166056365,0.0071214324047192308,0.0010178179599306778,0.00052707132001720636,0.018537723356457789,0.0
Rashad Ross,WR,WAS,3.7571116104400599,4500.0,0.89350156539300341,0.053981529926859617,0.025631717347891589,0.0072241580972870227,0.0010027061609335791,0.0005233609675842851,0.018134962106438939,0.0
Donteea Dye,WR,TB,3.7554272801124871,4500.0,0.89423177466512638,0.054136910806152357,0.024450228480650611,0.0072328883226925799,0.0010160509405550495,0.00051582305106380466,0.018416323733758063,0.0
Vincent Jackson,WR,TB,3.7554272801124871,4500.0,0.89423177466512638,0.054136910806152357,0.024450228480650611,0.0072328883226925799,0.0010160509405550495,0.00051582305106380466,0.018416323733758063,0.0
Cecil Shorts III,WR,TB,3.7554272801124871,4500.0,0.89423177466512638,0.054136910806152357,0.024450228480650611,0.0072328883226925799,0.0010160509405550495,0.00051582305106380466,0.018416323733758063,0.0
Deshon Foxx,WR,SEA,3.7536478564728775,4500.0,0.89412133050963705,0.054600757184519316,0.02416822472170279,0.0071893550155332142,0.00099900469804467909,0.00050690022051856902,0.018414427650043093,0.0
Kevin Smith,WR,SEA,3.7536478564728775,4500.0,0.89412133050963705,0.054600757184519316,0.02416822472170279,0.0071893550155332142,0.00099900469804467909,0.00050690022051856902,0.018414427650043093,0.0
Hunter Sharp,WR,PHI,3.7498193109363802,4500.0,0.89425161283761578,0.054608849400697525,0.02419032319424087,0.0071387810436324027,0.00097791153203644673,0.0005100105383248261,0.018322511453450839,0.0
Chris Givens,WR,PHI,3.7498193109363802,4500.0,0.89425161283761578,0.054608849400697525,0.02419032319424087,0.0071387810436324027,0.00097791153203644673,0.0005100105383248261,0.018322511453450839,0.0
Cayleb Jones,WR,PHI,3.7498193109363802,4500.0,0.89425161283761578,0.054608849400697525,0.02419032319424087,0.0071387810436324027,0.00097791153203644673,0.0005100105383248261,0.018322511453450839,0.0
Xavier Rush,WR,PHI,3.7498193109363802,4500.0,0.89425161283761578,0.054608849400697525,0.02419032319424087,0.0071387810436324027,0.00097791153203644673,0.0005100105383248261,0.018322511453450839,0.0
Jared Dangerfield,WR,NO,3.745510286875144,4500.0,0.89507582046373846,0.053985869162239179,0.023911422501084963,0.0071780377420095874,0.00097785782464799935,0.00054243420320653098,0.018328558103071831,0.0
Kyle Prater,WR,NO,3.745510286875144,4500.0,0.89507582046373846,0.053985869162239179,0.023911422501084963,0.0071780377420095874,0.00097785782464799935,0.00054243420320653098,0.018328558103071831,0.0
Vincent Brown,WR,NO,3.745510286875144,4500.0,0.89507582046373846,0.053985869162239179,0.023911422501084963,0.0071780377420095874,0.00097785782464799935,0.00054243420320653098,0.018328558103071831,0.0
Kadron Boone,WR,NYG,3.7360356791360019,4500.0,0.8963324313398634,0.052619449857948725,0.024105112202008977,0.0072679866839334027,0.00097892388224625005,0.00057787882435808482,0.018118217209639811,0.0
Isaac Fruechte,WR,MIN,3.7324494064329645,4500.0,0.89537348664263183,0.053437502138392393,0.024021725759491738,0.0074492091491546748,0.0019011016392317733,0.00050229449153180237,0.017314680179564251,0.0
Daniel Anthrop,WR,IND,3.732268834875033,4500.0,0.89391067535163571,0.055095423443709476,0.024732768959993774,0.0072958130252925423,0.00097517115750665457,0.00055418699779138383,0.017435961064069101,0.0
Joshua Stangby,WR,IND,3.732268834875033,4500.0,0.89391067535163571,0.055095423443709476,0.024732768959993774,0.0072958130252925423,0.00097517115750665457,0.00055418699779138383,0.017435961064069101,0.0
Brian Tyms,WR,IND,3.732268834875033,4500.0,0.89391067535163571,0.055095423443709476,0.024732768959993774,0.0072958130252925423,0.00097517115750665457,0.00055418699779138383,0.017435961064069101,0.0
Tevaun Smith,WR,IND,3.732268834875033,4500.0,0.89391067535163571,0.055095423443709476,0.024732768959993774,0.0072958130252925423,0.00097517115750665457,0.00055418699779138383,0.017435961064069101,0.0
Marcus Leak,WR,IND,3.732268834875033,4500.0,0.89391067535163571,0.055095423443709476,0.024732768959993774,0.0072958130252925423,0.00097517115750665457,0.00055418699779138383,0.017435961064069101,0.0
Quan Bray,WR,IND,3.732268834875033,4500.0,0.89391067535163571,0.055095423443709476,0.024732768959993774,0.0072958130252925423,0.00097517115750665457,0.00055418699779138383,0.017435961064069101,0.0
Duke Williams,WR,LARM,3.7210839056634928,4500.0,0.89426345826611542,0.0546266409180566,0.025368728888059137,0.0072708592322556949,0.00088141366616317502,0.00054226240910764485,0.017046636620240991,0.0
Paul McRoberts,WR,LARM,3.7210839056634928,4500.0,0.89426345826611542,0.0546266409180566,0.025368728888059137,0.0072708592322556949,0.00088141366616317502,0.00054226240910764485,0.017046636620240991,0.0
Nelson Spruce,WR,LARM,3.7210839056634928,4500.0,0.89426345826611542,0.0546266409180566,0.025368728888059137,0.0072708592322556949,0.00088141366616317502,0.00054226240910764485,0.017046636620240991,0.0
Tevin Jones,WR,HOU,3.7196845405982253,4500.0,0.89445924283842715,0.055100125529446368,0.024580222446914424,0.0072091187171710452,0.00094399957507618844,0.00054960503980820046,0.017157685853155611,0.0
Keyarris Garrett,WR,CAR,3.7153580192257456,4500.0,0.89613791604311366,0.053700137413122843,0.023922932791749136,0.0073634138681969502,0.00099483535383713224,0.00051263441084949222,0.017368130119129514,0.0
Damiere Byrd,WR,CAR,3.7153580192257456,4500.0,0.89613791604311366,0.053700137413122843,0.023922932791749136,0.0073634138681969502,0.00099483535383713224,0.00051263441084949222,0.017368130119129514,0.0
Jared Abbrederis,WR,GB,3.7143035064773269,4500.0,0.89655783416834134,0.053319496384418678,0.023968996693385071,0.0071935071424689854,0.00098414239780053375,0.00050535358841825482,0.017470669625165709,0.0
Dwayne Bowe,WR,CLE,3.7129839795109119,4500.0,0.89565427314939439,0.054479394848731766,0.023942841314418088,0.0071904462975060359,0.00094998837833418616,0.00048629203781966134,0.017296763973794173,0.0
Rannell Hall,WR,CLE,3.7129839795109119,4500.0,0.89565427314939439,0.054479394848731766,0.023942841314418088,0.0071904462975060359,0.00094998837833418616,0.00048629203781966134,0.017296763973794173,0.0
Josh Boyce,WR,CLE,3.7129839795109119,4500.0,0.89565427314939439,0.054479394848731766,0.023942841314418088,0.0071904462975060359,0.00094998837833418616,0.00048629203781966134,0.017296763973794173,0.0
