name,pos,team,expectation,salary,prob_0_5,prob_5_10,prob_10_15,prob_15_20,prob_20_25,prob_25+
Odell Beckham Jr.,WR,NYG,15.965591381874592,8500,0.15014049232735893,0.22016503403176504,0.12757215547168604,0.099067713593120221,0.094667232259930428,0.30838737231613977
Julio Jones,WR,ATL,15.787195543260435,8300,0.10390471306302076,0.18577377250624472,0.18995455713603901,0.16449391965749746,0.18109072528472067,0.17478231235247776
Antonio Brown,WR,PIT,15.724531116674275,8800,0.10726557667126219,0.20426698203759108,0.17866776900996234,0.13798270316581085,0.18972925179695993,0.18208771731841336
Mike Evans,WR,TB,15.71863705419322,8900,0.12163567982861774,0.18158015546481263,0.18081024020501796,0.14513018761111607,0.1890824723217282,0.181761264568707
Dez Bryant,WR,DAL,15.340758246509457,7800,0.11075125928619042,0.22973046530378063,0.15740073661147441,0.12292646227928244,0.24111505865904612,0.13807601786022605
Jordy Nelson,WR,GB,14.565996417409014,7100,0.13267970085835093,0.21854313765020814,0.2096930318659635,0.13232688931882552,0.15549678739007095,0.15126045291658138
Davante Adams,WR,GB,12.815502425379554,6400,0.23620042864529983,0.19075845431883212,0.19566975027602093,0.14296204115409433,0.11993022128601109,0.11447910431974181
Michael Thomas,WR,NO,12.531253188449746,6600,0.20597144692305189,0.25418257543449485,0.19414952338177871,0.12887066872830763,0.10697191835486118,0.10985386717750588
Jamison Crowder,WR,WAS,12.030374553110423,6400,0.22078225503771828,0.24725733538770492,0.21719877249552874,0.1237902588139138,0.1018076375240919,0.089163740741042705
Demaryius Thomas,WR,DEN,12.0023693095187,6900,0.22334161317431039,0.2565804990583847,0.20206808091345707,0.10987499960575389,0.13054183403929151,0.077592973208802624
Doug Baldwin,WR,SEA,11.929631171215526,7000,0.21039900546043508,0.26171131386429619,0.21850245151167066,0.13097428175365031,0.097777564955226423,0.080635382454722071
Randall Cobb,WR,GB,11.923863089557251,6000,0.22838717746349319,0.24665530699168267,0.21207547503594859,0.12540583463793059,0.09963217242064594,0.087844033450299022
Brandin Cooks,WR,NO,11.869784049454116,6300,0.2720491074511982,0.21705212793575906,0.16784081076690466,0.12850241960071102,0.13706186960801015,0.077493664637416318
Tyrell Williams,WR,SD,11.855455729954523,6800,0.21018521704904133,0.25369702407054451,0.24366375888731828,0.12265605620235887,0.086891283415035728,0.082906660375700825
Jarvis Landry,WR,MIA,11.839095855720048,6100,0.22721366381994623,0.25368595983098841,0.21417058532413094,0.11847861271670125,0.10189968902650663,0.0845514892817259
Willie Snead,WR,NO,11.823894287266556,6100,0.24591022894589057,0.24948098415842612,0.18842160784130352,0.12356135906685801,0.095358519525903157,0.097267300461618356
DeSean Jackson,WR,WAS,11.796195852791218,5800,0.23944865279190286,0.22931494766695867,0.22403229953931042,0.12787895318374523,0.098402969828982473,0.080922176989099717
DeVante Parker,WR,MIA,11.738132269392544,6700,0.22616547619083285,0.251576734521752,0.22545732443537678,0.11880168007460917,0.10126389362496997,0.07673489115245917
Kelvin Benjamin,WR,CAR,11.573173755921204,6800,0.2359084687268185,0.24942954765516501,0.22632401145185363,0.11646954048947483,0.096193599226499782,0.075674832450188897
Golden Tate,WR,DET,11.548768675881734,6300,0.23916718495206024,0.24886994641491403,0.21621681686954919,0.13265400981916176,0.084972084156724345,0.078119957787590316
Emmanuel Sanders,WR,DEN,11.53651442677694,5900,0.24827246824728366,0.24509073906355591,0.20995430632017406,0.1167596326311337,0.10758963293118161,0.072333220806671261
T.Y. Hilton,WR,IND,11.477433536302444,7600,0.22833629369368419,0.2684354426229606,0.22446350016823219,0.10248833473390687,0.11072288380673923,0.06555354497447724
Kenny Britt,WR,LARM,11.469995107136954,6900,0.25100387012085795,0.24815972095499525,0.20907360769503358,0.13840148902246108,0.054318943018312658,0.099042369188339002
Mohamed Sanu,WR,ATL,11.387831129411232,5600,0.27990239124005295,0.22763591564897073,0.19560225182369592,0.1219227092984821,0.081725981253555041,0.093210750735243444
DeAndre Hopkins,WR,HOU,11.308901436067009,7100,0.2431560022924687,0.28520520594882404,0.18689826402974991,0.12406100786941415,0.072802069700880018,0.087877450158663079
Cole Beasley,WR,DAL,10.969369874628539,6300,0.30877672483612195,0.22338840390542114,0.17586538386964889,0.1175373578447015,0.1060179179736469,0.068414211570459307
Taylor Gabriel,WR,ATL,10.930563824816566,5400,0.29465050539350329,0.25234735864038038,0.17291659002321005,0.11634549603113045,0.07980451137575946,0.083935538536016652
Sammy Watkins,WR,BUF,10.872242007000132,6000,0.29023865844834129,0.24782739208026816,0.19878096952083002,0.10165200827605007,0.083401812922603263,0.078099158751906997
Larry Fitzgerald,WR,ARI,10.865177046308462,6800,0.26938487382145709,0.27770186368342947,0.19168091398083176,0.093342626093335712,0.10750477276813573,0.060384949652809897
Donte Moncrief,WR,IND,10.795441959466253,6400,0.26209434162546891,0.25687624680956661,0.24340236581320018,0.089741093896939517,0.093245627507661383,0.054640324347163843
Brandon Marshall,WR,NYJ,10.564294851934587,7200,0.27858105769165487,0.27920996854080804,0.20029068595128038,0.095295010002381164,0.085933789132970367,0.060689488680904735
Tyler Boyd,WR,CIN,10.415275920871828,5700,0.27742791936494621,0.2762007761543408,0.21523262057928688,0.10609433671901462,0.067115579207650239,0.057928767974761305
Pierre Garcon,WR,WAS,10.356361579801266,5400,0.32451132156177986,0.2444516538734251,0.17684969712156268,0.10604818161891034,0.085719006134636178,0.062420139689685489
Sterling Shepard,WR,NYG,10.270348261530431,5500,0.31081447243252197,0.27293354116286783,0.17198692744533556,0.10412737202464399,0.075908294494537842,0.064229392440092792
Adam Thielen,WR,MIN,10.087558272666767,6000,0.31606899794225057,0.26799768326884904,0.18204552099386756,0.10540162934364351,0.073212801011108969,0.055273367440280545
Allen Robinson,WR,JAC,10.07027302526676,6600,0.3060747408592257,0.30402763123077381,0.15480103484238053,0.098198045026005501,0.078661971148276832,0.058236576893338568
Rishard Matthews,WR,TEN,9.4983162333698292,6200,0.37953382403834018,0.22963721238244161,0.18287451349796974,0.069263772962017536,0.096967697186620863,0.041722979932609802
Dontrelle Inman,WR,SD,9.3836886134575117,5500,0.34536632719770149,0.27585623471221976,0.18433928637756966,0.091203945105914369,0.057579953126572193,0.045654253480022305
Stefon Diggs,WR,MIN,9.3134137170130042,6600,0.35150055162129756,0.24182467489432097,0.24120189247939045,0.066628174668618229,0.055653772138220113,0.043190934198152765
Kenny Stills,WR,MIA,9.1734045813581417,5300,0.39265317363647556,0.22727948117295763,0.18358417567439969,0.090955797656733423,0.060271168517498322,0.045256203341935544
Cameron Meredith,WR,CHI,9.1031035847274033,5400,0.3863315863639491,0.2526517822622586,0.17254340717561589,0.077849928723156117,0.06378414321258119,0.046839152262439412
Brandon LaFell,WR,CIN,9.0875132063993789,5800,0.35838121844033227,0.28402390649964604,0.1786123391980021,0.082375392161262023,0.053907838603346171,0.042699305097410975
Marqise Lee,WR,JAC,8.4665076276000448,5400,0.41252454410898054,0.27335270747204821,0.13954348899637153,0.089921403359976268,0.052191650337822873,0.032466205724799579
Marquise Goodwin,WR,BUF,8.4201662233813188,5400,0.45674668441397887,0.24179289851348099,0.11888170572657755,0.072797385772964143,0.062821850474253968,0.046959475098743979
Anquan Boldin,WR,DET,8.2866230467353486,5200,0.42825857334515621,0.26423289821889784,0.15066619772877177,0.071007850909974204,0.050436636045298487,0.035397843751902337
Eli Rogers,WR,PIT,8.0934497687658737,5000,0.48419485287861608,0.21052444641834964,0.13484697340755231,0.069515439171925153,0.074666197613838234,0.026252090509718429
Justin Hunter,WR,BUF,8.0409550951862983,5300,0.47867812846480656,0.23230629356216381,0.12480560943556593,0.065854644064086101,0.063067047955179992,0.035288276518197187
Tyler Lockett,WR,SEA,8.0294148099163909,5100,0.46602909277634774,0.24320709917206568,0.1393999350880481,0.066334774747275074,0.040273822688020926,0.044755275528241559
Corey Coleman,WR,CLE,7.8647631163319982,5600,0.45898516476702567,0.2844550030713035,0.10967874920397441,0.057806934988788271,0.049651423023756594,0.039422724945151283
Marvin Jones Jr.,WR,DET,7.8159328550164506,5900,0.53566817168358949,0.19791900497402226,0.10811578883940587,0.053507324672843949,0.035434534818768244,0.069355175011370285
Travis Benjamin,WR,SD,7.7383890351012568,5100,0.45754068641784407,0.2796507036579185,0.13246385856758541,0.054387116035885003,0.039850138484329903,0.036107496836437464
Terrelle Pryor Sr.,WR,CLE,7.7374549655617422,6700,0.53691658965757083,0.20938731005262087,0.10460822624369247,0.044572792772254857,0.02740655411372879,0.077108527160132542
Jordan Matthews,WR,PHI,7.7013237153191207,5900,0.50322848980051182,0.22391754770810882,0.12720060915054299,0.060255002139603581,0.045810785370345143,0.039587565830887593
Tajae Sharpe,WR,TEN,7.5191419575200316,5300,0.52006290476904893,0.22059260519797572,0.12687805747275857,0.040554857569690579,0.051742776301186261,0.040168798689339362
Jeremy Kerley,WR,SF,7.5120107828939116,5100,0.49282805918028261,0.24831843677313389,0.1302350627408751,0.051670134496339254,0.046138343211965319,0.030809963597403824
A.J. Green,WR,CIN,7.4630185624074405,7500,0.55161733080787667,0.19961656615853723,0.11047595237887459,0.045676270241474554,0.028062971225406689,0.064550909187830255
Cordarrelle Patterson,WR,MIN,7.3738552378556701,4900,0.50619962008160246,0.24770331071530563,0.12412591809849996,0.049394538891581144,0.032250777080969524,0.040325835132041396
Chris Brown,WR,DAL,7.2225446589445914,4500,0.59966451938570364,0.15258796948229719,0.13489478495359533,0.020488740450916941,0.0011547575907543438,0.091209228136732434
J.J. Nelson,WR,ARI,7.1544273510997467,4900,0.50804204069796877,0.25383427762152583,0.12645836549119507,0.051771160753210067,0.03064979782409695,0.029244357612003134
Will Fuller V,WR,HOU,7.0946605915980969,5400,0.56708943493025077,0.20563981064342846,0.11241070158416741,0.034232955006887306,0.017363449689138645,0.063263648146127879
Devin Funchess,WR,CAR,7.0828534405934471,4600,0.5248283935897482,0.2345208571986214,0.13057652402631154,0.053139913582535774,0.023194515894085888,0.033739795708698644
Marquess Wilson,WR,CHI,7.0601743391903051,5400,0.5399874986493618,0.19388279019670449,0.1503662812608873,0.06633804857150985,0.028721537202628607,0.020703844118907636
Adam Humphries,WR,TB,7.03508062758889,4800,0.52821095495966186,0.23872618382082036,0.1216717414096616,0.051556326177691791,0.028896487816264461,0.03093830581590018
Jared Dangerfield,WR,NO,6.9995214385887916,4500,0.62237316307381751,0.1453435913632096,0.12061419173996173,0.021978361967873263,0.0010562323046852595,0.088634459550452876
Kyle Prater,WR,NO,6.9995214385887916,4500,0.62237316307381751,0.1453435913632096,0.12061419173996173,0.021978361967873263,0.0010562323046852595,0.088634459550452876
Jake Lampman,WR,NO,6.9995214385887916,4500,0.62237316307381751,0.1453435913632096,0.12061419173996173,0.021978361967873263,0.0010562323046852595,0.088634459550452876
Vincent Brown,WR,NO,6.9995214385887916,4500,0.62237316307381751,0.1453435913632096,0.12061419173996173,0.021978361967873263,0.0010562323046852595,0.088634459550452876
Brian Quick,WR,LARM,6.9371834101991228,4500,0.54821520392060319,0.2188920217857615,0.13184046944321456,0.046313582548216811,0.0077706377880424754,0.046968084514162574
Ted Ginn Jr.,WR,CAR,6.8795092183680726,4700,0.57722039590812879,0.20666369710697324,0.10469476463035222,0.038749043639037278,0.019759007188721724,0.052913091526787505
Robert Woods,WR,BUF,6.8733696228262815,5000,0.63593630597399731,0.15526267455232096,0.090071756905907824,0.023060929392654576,0.0082567178524370882,0.08741161532268156
Tavon Austin,WR,LARM,6.8703198317597023,4900,0.52197078725459956,0.26934954001954803,0.11782458023474375,0.032147031199991336,0.020916134192656526,0.03779192709846093
Dorial Green-Beckham,WR,PHI,6.8485275150153733,4900,0.54252077902891305,0.23528796749102499,0.11533350858308207,0.053045628306256934,0.024446949526502958,0.029365167064220501
Rashad Ross,WR,WAS,6.8450532470302914,4500,0.63761235861314169,0.13928585597085597,0.11467653465620259,0.020316962170746647,0.0011206053347066478,0.086987683254346151
Josh Doctson,WR,WAS,6.8450532470302914,4500,0.63761235861314169,0.13928585597085597,0.11467653465620259,0.020316962170746647,0.0011206053347066478,0.086987683254346151
Percy Harvin,WR,BUF,6.8273601851840544,4900,0.64037470232872329,0.15621167588179241,0.086450991022031062,0.020426093592672358,0.0076025875409604874,0.088933949633819537
Jermaine Kearse,WR,SEA,6.8053481071621782,4500,0.5655882845435517,0.21015434499796565,0.11324766986033431,0.052479091071983647,0.02567038413297169,0.032860225393192735
Freddie Martino,WR,TB,6.713448506282198,4500,0.54870936739360654,0.25362135372862432,0.10120012708852663,0.041535170112160021,0.01260732537113061,0.042326656305951914
Marcus Easley,WR,BUF,6.650152353077222,4500,0.67022686981239965,0.13185737380016058,0.085841962010246228,0.015544770608648084,0.0027902578738786331,0.093738765894666537
Walt Powell,WR,BUF,6.650152353077222,4500,0.67022686981239965,0.13185737380016058,0.085841962010246228,0.015544770608648084,0.0027902578738786331,0.093738765894666537
Kolby Listenbee,WR,BUF,6.650152353077222,4500,0.67022686981239965,0.13185737380016058,0.085841962010246228,0.015544770608648084,0.0027902578738786331,0.093738765894666537
Greg Salas,WR,BUF,6.650152353077222,4500,0.67022686981239965,0.13185737380016058,0.085841962010246228,0.015544770608648084,0.0027902578738786331,0.093738765894666537
Charles Johnson,WR,MIN,6.5368342973792917,4500,0.57883123232451794,0.22496902000282759,0.096890888008592607,0.046900879841904816,0.014126475180656996,0.038281504641500583
Levi Norwood,WR,PIT,6.5251421371645693,4500,0.66603622488528824,0.14142600302704569,0.084568734682876623,0.022275880694195376,0.00082847059544167545,0.08486468611515241
Darrius Heyward-Bey,WR,PIT,6.5251421371645693,4500,0.66603622488528824,0.14142600302704569,0.084568734682876623,0.022275880694195376,0.00082847059544167545,0.08486468611515241
Markus Wheaton,WR,PIT,6.5251421371645693,4500,0.66603622488528824,0.14142600302704569,0.084568734682876623,0.022275880694195376,0.00082847059544167545,0.08486468611515241
Canaan Severin,WR,PIT,6.5251421371645693,4500,0.66603622488528824,0.14142600302704569,0.084568734682876623,0.022275880694195376,0.00082847059544167545,0.08486468611515241
Michael Floyd,WR,ARI,6.4974901435617625,4700,0.5590800362766325,0.23522113083503515,0.11853778400519047,0.044688156243086904,0.019227602062598204,0.023245290577456616
Terrance Williams,WR,DAL,6.4965235098216558,4600,0.60871203695877063,0.19346274521186788,0.085145739130688375,0.046484631811658059,0.034877651378957902,0.031317195508056235
Deshon Foxx,WR,SEA,6.4878341452547588,4500,0.67824111678946863,0.12973337862966247,0.08363123035360015,0.020125695932972726,0.0011489895563094378,0.087119588737986586
Kevin Smith,WR,SEA,6.4878341452547588,4500,0.67824111678946863,0.12973337862966247,0.08363123035360015,0.020125695932972726,0.0011489895563094378,0.087119588737986586
Quincy Enunwa,WR,NYJ,6.3915630346906385,4800,0.58052520113079298,0.23631908601034576,0.080255963761023827,0.052751628504535637,0.027513895074378049,0.022634225518923082
John Brown,WR,ARI,6.3824712729653879,5200,0.60411627513370247,0.20338148523300997,0.096801916093957677,0.033627755820957235,0.031737168882582587,0.030335398835790003
Eddie Royal,WR,CHI,6.3787967071525875,5000,0.61519840801710723,0.19792987300018342,0.096924008022300848,0.025055162287568392,0.015646777841171307,0.049245770831668458
Kendall Wright,WR,TEN,6.3594292847275984,4800,0.64668108249785261,0.15170584972534301,0.11460789541836111,0.018759797536689576,0.0065420503353847857,0.061703324486369289
Robby Anderson,WR,NYJ,6.347803759291641,4700,0.57737402015951578,0.22730669860699679,0.10609163990099862,0.049363733214874188,0.017339966783360805,0.022523941334253676
Andre Roberts,WR,DET,6.3226347075846885,4500,0.58983605790263893,0.22325944451527127,0.098306552403757186,0.04152437751134435,0.015286578674822264,0.031786988992165942
Aaron Dobson,WR,DET,6.316378557664919,4500,0.68080929645921018,0.13095796140208907,0.084487077764670987,0.026840397448507792,0.0017039323715817409,0.075201334553940458
Quinshad Davis,WR,DET,6.316378557664919,4500,0.68080929645921018,0.13095796140208907,0.084487077764670987,0.026840397448507792,0.0017039323715817409,0.075201334553940458
TJ Jones,WR,DET,6.3087654194526586,4600,0.67572610587215698,0.13569129596495247,0.086151358058257174,0.028316691100156867,0.0017637465137871169,0.072350802490689162
Bradley Marquez,WR,LARM,6.2798476288863778,4500,0.6797459095250723,0.12927592219190617,0.099602366918269805,0.01271833069763348,0.0039534756796646845,0.074703994987454073
Paul Turner,WR,PHI,6.2689942844459381,4500,0.60944402305672307,0.20344986263261647,0.093545713424103338,0.044809931607431228,0.014924573809556502,0.03382589546956899
Jared Abbrederis,WR,GB,6.2608761909095243,4500,0.68564984823670305,0.12919476952810563,0.086421451535346722,0.021181034004768153,0.0011700199065795293,0.076382876788496673
Marc Mariani,WR,TEN,6.2258025110200581,4500,0.67385612927636973,0.13047259900544095,0.10974376324706137,0.014938707494089785,0.0045597506630114196,0.0664290503140266
Bryan Walters,WR,JAC,6.2015370599908994,4500,0.60837777335053689,0.23191026853798202,0.066534553187580378,0.041494769341874509,0.0075694488507169659,0.044113186731309165
Jarius Wright,WR,MIN,6.1902646252570026,4500,0.67199140253257139,0.15247480385913906,0.074921598632623668,0.032537527519320174,0.0022509959126776505,0.065823671543668583
Joshua Bellamy,WR,CHI,6.141828554707021,4900,0.67085386811700642,0.15986344597757146,0.076130362031602491,0.021162936688401999,0.0071942050916611114,0.064795182093755566
Griff Whalen,WR,SD,6.1366405455385529,4500,0.70490138303526739,0.12224765242348172,0.074287441394064846,0.016736790442812059,0.0028384609542065281,0.078988271750167358
Rashawn Scott,WR,MIA,6.1197400087078471,4500,0.69591141764692355,0.13499901708283571,0.073354271195146356,0.016832894575392967,0.0027702389562433757,0.076132160543457728
Tyler Murphy,WR,MIA,6.1197400087078471,4500,0.69591141764692355,0.13499901708283571,0.073354271195146356,0.016832894575392967,0.0027702389562433757,0.076132160543457728
Donteea Dye,WR,TB,6.1135630760174093,4500,0.68939382175812669,0.12979245602862874,0.088466375089947341,0.022025926331416062,0.001697473958693465,0.068623946833187344
Josh Huff,WR,TB,6.1135630760174093,4500,0.68939382175812669,0.12979245602862874,0.088466375089947341,0.022025926331416062,0.001697473958693465,0.068623946833187344
Vincent Jackson,WR,TB,6.1135630760174093,4500,0.68939382175812669,0.12979245602862874,0.088466375089947341,0.022025926331416062,0.001697473958693465,0.068623946833187344
Cecil Shorts III,WR,TB,6.1135630760174093,4500,0.68939382175812669,0.12979245602862874,0.088466375089947341,0.022025926331416062,0.001697473958693465,0.068623946833187344
Russell Shepard,WR,TB,6.1099223014944393,4500,0.61563946954523285,0.21273516570327541,0.088005478804824261,0.034301366194144554,0.01625836035908354,0.033060159393439266
Allen Hurns,WR,JAC,6.0940726730052575,4800,0.6119305689115494,0.21460115700709559,0.098299611112892343,0.027323507983289645,0.013582143507566124,0.034263011477607512
Jordan Payton,WR,CLE,6.0354135711675498,4500,0.70565142042854834,0.13354628986011696,0.066037082529900121,0.014797053039511125,0.0027696705145587963,0.077198483627364825
Dwayne Bowe,WR,CLE,6.0354135711675498,4500,0.70565142042854834,0.13354628986011696,0.066037082529900121,0.014797053039511125,0.0027696705145587963,0.077198483627364825
Rannell Hall,WR,CLE,6.0354135711675498,4500,0.70565142042854834,0.13354628986011696,0.066037082529900121,0.014797053039511125,0.0027696705145587963,0.077198483627364825
Josh Boyce,WR,CLE,6.0354135711675498,4500,0.70565142042854834,0.13354628986011696,0.066037082529900121,0.014797053039511125,0.0027696705145587963,0.077198483627364825
Justin Hardy,WR,ATL,5.9751996674066197,4600,0.67131698698176989,0.14709652903692538,0.084994393697534198,0.039013523246771466,0.026978787875970689,0.030599779161026769
James Wright,WR,CIN,5.9367740620088689,4500,0.63624738992838681,0.19674245764039819,0.084496640588138813,0.036998908663709723,0.01695066830286009,0.028563934876505735
Kadron Boone,WR,NYG,5.9096457947910341,4500,0.71953668840022977,0.12272196925938031,0.064482681094963121,0.016608205424061381,0.0028350678701129718,0.07381538795125285
Tavarres King,WR,NYG,5.9096457947910341,4500,0.71953668840022977,0.12272196925938031,0.064482681094963121,0.016608205424061381,0.0028350678701129718,0.07381538795125285
Keshawn Martin,WR,SF,5.8923750518544029,4500,0.71491650066772305,0.13489437807834637,0.057991589318896475,0.015283846165655578,0.00282251368912214,0.074091172080257159
Mose Frazier,WR,SF,5.8923750518544029,4500,0.71491650066772305,0.13489437807834637,0.057991589318896475,0.015283846165655578,0.00282251368912214,0.074091172080257159
Isaac Fruechte,WR,MIN,5.8799797303594969,4500,0.71036082426195313,0.13295387166121853,0.067940867665196081,0.016466851023321519,0.0036281409312329386,0.068649444457078435
Duke Williams,WR,LARM,5.8559345613701428,4500,0.71259172554133021,0.13606848150689108,0.062058116989265444,0.015369545422301491,0.0046670921793584858,0.069245038360853592
Paul McRoberts,WR,LARM,5.8559345613701428,4500,0.71259172554133021,0.13606848150689108,0.062058116989265444,0.015369545422301491,0.0046670921793584858,0.069245038360853592
Nelson Spruce,WR,LARM,5.8559345613701428,4500,0.71259172554133021,0.13606848150689108,0.062058116989265444,0.015369545422301491,0.0046670921793584858,0.069245038360853592
Daniel Braverman,WR,CHI,5.8512027010588721,4500,0.71047440648483018,0.13275595127034423,0.070386107224333486,0.016199885177444633,0.0028055302548076135,0.067378119588239777
Kevin White,WR,CHI,5.8512027010588721,4500,0.71047440648483018,0.13275595127034423,0.070386107224333486,0.016199885177444633,0.0028055302548076135,0.067378119588239777
Kieran Duncan,WR,CHI,5.8512027010588721,4500,0.71047440648483018,0.13275595127034423,0.070386107224333486,0.016199885177444633,0.0028055302548076135,0.067378119588239777
Jaelen Strong,WR,HOU,5.8474351331584247,4500,0.6977384567068865,0.14624538860749001,0.073414696419680944,0.016350729797022248,0.0038935865508356736,0.062357141918084662
Tevin Jones,WR,HOU,5.8474351331584247,4500,0.6977384567068865,0.14624538860749001,0.073414696419680944,0.016350729797022248,0.0038935865508356736,0.062357141918084662
Rashad Greene Sr.,WR,JAC,5.819047176697687,4500,0.71053792796655091,0.13715967731502224,0.065760356991631352,0.016982675245184431,0.0036157941023586522,0.065943568379252887
Tony Washington,WR,JAC,5.819047176697687,4500,0.71053792796655091,0.13715967731502224,0.065760356991631352,0.016982675245184431,0.0036157941023586522,0.065943568379252887
Mekale McKay,WR,JAC,5.819047176697687,4500,0.71053792796655091,0.13715967731502224,0.065760356991631352,0.016982675245184431,0.0036157941023586522,0.065943568379252887
Hunter Sharp,WR,PHI,5.8164234995923065,4500,0.71090511927219224,0.13042418024165689,0.076572062608183528,0.013978277213993489,0.0028202405014097019,0.06530012016256366
Chris Givens,WR,PHI,5.8164234995923065,4500,0.71090511927219224,0.13042418024165689,0.076572062608183528,0.013978277213993489,0.0028202405014097019,0.06530012016256366
Cayleb Jones,WR,PHI,5.8164234995923065,4500,0.71090511927219224,0.13042418024165689,0.076572062608183528,0.013978277213993489,0.0028202405014097019,0.06530012016256366
Xavier Rush,WR,PHI,5.8164234995923065,4500,0.71090511927219224,0.13042418024165689,0.076572062608183528,0.013978277213993489,0.0028202405014097019,0.06530012016256366
Keyarris Garrett,WR,CAR,5.7951802973413997,4500,0.72791414836813262,0.11973374253782278,0.063322031313342464,0.014853251917148673,0.0027856307654434542,0.071391195098110455
Damiere Byrd,WR,CAR,5.7951802973413997,4500,0.72791414836813262,0.11973374253782278,0.063322031313342464,0.014853251917148673,0.0027856307654434542,0.071391195098110455
Kenbrell Thompkins,WR,NYJ,5.7862970229954787,4500,0.71583005689334245,0.13230587579631706,0.066499079522385013,0.015998824000337312,0.0028719211810943239,0.066494242606523896
Jeremy Ross,WR,NYJ,5.7862970229954787,4500,0.71583005689334245,0.13230587579631706,0.066499079522385013,0.015998824000337312,0.0028719211810943239,0.066494242606523896
Devin Smith,WR,NYJ,5.7862970229954787,4500,0.71583005689334245,0.13230587579631706,0.066499079522385013,0.015998824000337312,0.0028719211810943239,0.066494242606523896
Jaron Brown,WR,ARI,5.7413285512246564,4500,0.71623624127666075,0.13236466518597914,0.069932965357320381,0.014215737051552935,0.0028640524527815989,0.064386338675705229
Bennie Fowler,WR,DEN,5.7348644419029462,4500,0.64848579153441521,0.19736453747233845,0.084722002561946938,0.027079832800278588,0.01281433077158349,0.02953350485943744
Trevor Davis,WR,GB,5.7314525228793345,4500,0.72488251895224998,0.10717469533585268,0.086548103634684195,0.019412830685696162,0.0021281470440262873,0.059853704347490426
Daniel Anthrop,WR,IND,5.6637701029810552,4500,0.72766065473558195,0.1252139323258438,0.067396942113023814,0.011557424363592583,0.0027813013562514892,0.065389745105707095
Joshua Stangby,WR,IND,5.6637701029810552,4500,0.72766065473558195,0.1252139323258438,0.067396942113023814,0.011557424363592583,0.0027813013562514892,0.065389745105707095
Brian Tyms,WR,IND,5.6637701029810552,4500,0.72766065473558195,0.1252139323258438,0.067396942113023814,0.011557424363592583,0.0027813013562514892,0.065389745105707095
Devin Street,WR,IND,5.6637701029810552,4500,0.72766065473558195,0.1252139323258438,0.067396942113023814,0.011557424363592583,0.0027813013562514892,0.065389745105707095
Tevaun Smith,WR,IND,5.6637701029810552,4500,0.72766065473558195,0.1252139323258438,0.067396942113023814,0.011557424363592583,0.0027813013562514892,0.065389745105707095
Marcus Leak,WR,IND,5.6637701029810552,4500,0.72766065473558195,0.1252139323258438,0.067396942113023814,0.011557424363592583,0.0027813013562514892,0.065389745105707095
Quan Bray,WR,IND,5.6637701029810552,4500,0.72766065473558195,0.1252139323258438,0.067396942113023814,0.011557424363592583,0.0027813013562514892,0.065389745105707095
DeVier Posey,WR,DEN,5.6538564145616181,4500,0.72609066385751198,0.12557981751663888,0.069767093416677251,0.012153654397951305,0.0028475386876259915,0.063561232123594505
Bralon Addison,WR,DEN,5.6538564145616181,4500,0.72609066385751198,0.12557981751663888,0.069767093416677251,0.012153654397951305,0.0028475386876259915,0.063561232123594505
Marlon Brown,WR,DEN,5.6538564145616181,4500,0.72609066385751198,0.12557981751663888,0.069767093416677251,0.012153654397951305,0.0028475386876259915,0.063561232123594505
Durron Neal,WR,DEN,5.6538564145616181,4500,0.72609066385751198,0.12557981751663888,0.069767093416677251,0.012153654397951305,0.0028475386876259915,0.063561232123594505
Harry Douglas,WR,TEN,5.6538352608148017,4500,0.68594472585283039,0.16255513401598545,0.078116479737336764,0.021094455653343235,0.012750431990248607,0.039538772750255469
Deonte Thompson,WR,CHI,5.61576902957498,4500,0.66657981133567956,0.1883751170951864,0.069347950406236133,0.033023207390786367,0.016356403025577271,0.026317510746533875
Cody Core,WR,CIN,5.59891849069896,4500,0.67222241367839741,0.18333482046086477,0.067770589038918375,0.03321479713140485,0.01602359024519797,0.027433789445216836
Roger Lewis,WR,NYG,5.5261602467808082,4500,0.68287652826168987,0.17484922394472732,0.07132266296496903,0.029455659657458104,0.0081091053466556505,0.033386819824499869
Ricardo Louis,WR,CLE,5.473927717812991,4500,0.74375576541676203,0.12388487539064427,0.056113711279000125,0.010099314921079692,0.0023563641118520074,0.063789968880661352
Andrew Hawkins,WR,CLE,5.473927717812991,4500,0.74375576541676203,0.12388487539064427,0.056113711279000125,0.010099314921079692,0.0023563641118520074,0.063789968880661352
Aldrick Robinson,WR,ATL,5.4449953226285643,4500,0.71450209842887646,0.13106248051192476,0.07894060880120457,0.029304993101235494,0.018808708676115303,0.027381110480642366
Nelson Agholor,WR,PHI,5.4273936046675839,4800,0.67235973777268077,0.19443940771382762,0.065274708916021856,0.034692598321903488,0.0097556359558928461,0.023477911319672792
Victor Cruz,WR,NYG,5.4231301310404438,4600,0.71005532802167826,0.15489977892236623,0.061068508623246628,0.025902224570294435,0.010488242983731183,0.037585916878684157
Ryan Grant,WR,WAS,5.4219398795307923,4600,0.73571695343287946,0.11730055351616411,0.055961670734230806,0.038511063885697326,0.022917902890692978,0.029591855540333896
Rashard Higgins,WR,CLE,5.3974087962853368,4500,0.70598047732655989,0.16108186702914581,0.061268930320519034,0.025920636400282682,0.010640322231425935,0.035107766692066375
Chris Harper,WR,SF,5.3180853624739024,4500,0.70003763434394128,0.16389481263240005,0.07029867644772278,0.029969082260117123,0.0097813113925040752,0.026018482923313543
Maurice Harris,WR,WAS,5.3162679709829135,4500,0.73133857649325329,0.12058667847714205,0.087972985931016601,0.013370186658874189,0.0070474783177776898,0.03968409412193491
Paul Richardson,WR,SEA,5.3087338058980293,4500,0.72677721683089036,0.1408513676186631,0.064896012075801979,0.019644840633515358,0.0069839666968517667,0.0408465961442772
Alex Erickson,WR,CIN,5.2803908714733296,4500,0.69290376658617037,0.17734335825087053,0.067840978817842554,0.028567965742301856,0.0093706918328653657,0.023973238769948703
Phillip Dorsett,WR,IND,5.2761281705340046,4600,0.71585103941718142,0.15198617986710797,0.070453116732027699,0.018401520000717968,0.0094120591413471358,0.03389608484161892
Brandon Tate,WR,BUF,5.2493938887662424,4500,0.70479525344093863,0.1647993720517035,0.064471441229825441,0.030126761198848703,0.013279620748063407,0.022527551330619025
Cobi Hamilton,WR,PIT,5.2325077615135784,4500,0.72465816371001712,0.14202000913079679,0.068644291709258093,0.021446205807183788,0.013302305881862196,0.029929023760880618
Mike Thomas,WR,LARM,5.1816750722391269,4500,0.77576425020193696,0.100775004958087,0.052913571900492049,0.0097799819853549522,0.0034430350379602796,0.057324155916169565
Brandon Coleman,WR,NO,5.1245377484691312,4500,0.74377867684589782,0.11212554878584677,0.088745977371082724,0.016823449125493679,0.0078120405690596164,0.030714307302618944
Jalin Marshall,WR,NYJ,5.0911045032827618,4500,0.74814750458457147,0.1346061456737557,0.057851277612692736,0.012412834954423139,0.0042374909786380352,0.042744746195918032
Torrey Smith,WR,SF,5.0863344045064114,4700,0.70416783683526452,0.17423742718947058,0.070388645170173569,0.023167082944412779,0.0074441247651721061,0.020594883095507478
Laquon Treadwell,WR,MIN,5.0637789158022564,4500,0.76977557068214431,0.11301753765915444,0.045944925746155808,0.022324285952481367,0.0038128636487839295,0.04512481631128102
Dwayne Harris,WR,NYG,4.9944321352199896,4500,0.74745817438225093,0.13033606351139512,0.066487649987237843,0.019834160981370287,0.0033471750747158303,0.032536776063030536
Tanner McEvoy,WR,SEA,4.9918795799325553,4500,0.72420409511608963,0.15979243834088044,0.061199932545879916,0.022521452505450016,0.012791152420974701,0.019490929070724465
Arrelious Benn,WR,JAC,4.9048573432831626,4500,0.77780760782035119,0.10774024716304859,0.055489369667817277,0.014779756418903089,0.0030018817481630195,0.041181137181717557
Leonte Carroo,WR,MIA,4.8928228934413349,4500,0.75902298984766459,0.12264471905121259,0.061927384286905557,0.020505046731154122,0.0089493495455414337,0.026950510537522936
Pharoh Cooper,WR,LARM,4.8115843695277523,4500,0.76558427649033134,0.13126891475637942,0.049607609553763934,0.016819070167917054,0.0022251156201506307,0.034495013411457866
Rod Streater,WR,SF,4.773007427414881,4500,0.76542078319847551,0.12596558914887127,0.055600187360092729,0.02092521561447289,0.005781248619935701,0.026306976058151604
Braxton Miller,WR,HOU,4.7602955766429371,4600,0.76954182700798834,0.12083037262856924,0.061189800468186693,0.015186241115215765,0.002968375482200625,0.030283383297839018
Tommylee Lewis,WR,NO,4.7230341105381752,4500,0.81108848310428361,0.082083866071634398,0.052209185228944091,0.0046864998311596014,0.0056147427352605242,0.04431722302871826
Jordan Taylor,WR,DEN,4.6482414351143699,4500,0.76761392757395497,0.1283373166625148,0.060341580200938175,0.016120791794959517,0.0056664842645575194,0.021919899503074863
Jeff Janis,WR,GB,4.61794761856597,4500,0.78356190214053578,0.11540759618000634,0.053679355013950728,0.015582589034202114,0.0047673377538419541,0.027001219877462471
Cody Latimer,WR,DEN,4.570134982909714,4500,0.75364967318768727,0.1598936193773447,0.047469551719038085,0.015571307053617728,0.0045988907058935611,0.018816957956418877
Quinton Patton,WR,SF,4.5568536059938669,4500,0.79608550990286975,0.10873691854751411,0.048035893967454633,0.01342181513451223,0.002302742925429029,0.031417119522219525
Charone Peake,WR,NYJ,4.5542241223750857,4500,0.81811549888614254,0.085799311333248335,0.044623715341783443,0.010093926692301643,0.0013214363513241417,0.040046111395200049
Brenton Bersin,WR,CAR,4.4337820511135675,4500,0.78359198410108799,0.13098426801153565,0.046279095704508798,0.014121235642756734,0.0042668388266644099,0.020756577713446463
Lucky Whitehead,WR,DAL,4.2535927840741987,4500,0.8357159630402039,0.089028216602581714,0.033135447515560579,0.0039584787461648631,0.00726546153480626,0.030896432560683387
Bryce Treggs,WR,PHI,4.2369264927543782,4500,0.82306190811791047,0.092845488970355078,0.047464479008470083,0.010747813926250484,0.002034140100240897,0.023846169876773033
Jakeem Grant,WR,MIA,4.1885065269543151,4500,0.85377305959412719,0.061667533492372598,0.04511659023107379,0.0053447087368779077,0.00072407450203414039,0.033374033443514521
Aaron Burbridge,WR,SF,4.1818778819498226,4500,0.84352593121971109,0.081680463819903321,0.034258794557082563,0.0079403782877489112,0.00061577198512343832,0.031978660130431075
Keith Mumphery,WR,HOU,4.1549557940024089,4500,0.83449003275156708,0.094054716650511447,0.03541496958465843,0.0068386336995426749,0.00041763468657636998,0.028784012627144005
Geronimo Allison,WR,GB,4.0796580674845133,4500,0.86450735140092505,0.059376295191895953,0.035998073740726486,0.0073864061153628667,0.0012594152779839731,0.031472458273105811
Corey Brown,WR,CAR,4.0563582632058326,4500,0.8566284889735658,0.07226764104357386,0.034146008224695427,0.0065820243789893457,0.00091326488464877926,0.029462572494527644
Eric Weems,WR,ATL,3.9914767325775715,4500,0.8816684996911992,0.051239792175892182,0.025068055037671413,0.0060385103295781265,0.0011218005527503599,0.03486334221290871
Chester Rogers,WR,IND,3.9838053890378173,4500,0.87288133376163124,0.057134114652921529,0.034210227853532248,0.0036266690965921756,0.00041177301881918372,0.031735881616504751
Brittan Golden,WR,ARI,3.9803502797268528,4500,0.86636190699602877,0.062541690335310832,0.03357611700553359,0.0095980674301367787,0.0020291618563661436,0.025893056376623563
Isaiah Burse,WR,SD,3.860800410829532,4500,0.88352484932972286,0.053356978601642853,0.028475961005343033,0.0054204777056131789,0.00051891835165183574,0.028702815006026117
Sammie Coates,WR,PIT,3.8282433252050141,4600,0.8818225631095612,0.052554590374522078,0.034466489018264011,0.0053204362375254867,0.00097981838326352804,0.024856102876864388
Jordan Norwood,WR,DEN,3.7730369416160676,4500,0.8849607194430853,0.055459085708339732,0.030477884909052778,0.0034297105480426918,0.00045959580475152018,0.025213003586726929
Brice Butler,WR,DAL,3.7479059298439608,4500,0.89666362240697872,0.049408555471849587,0.020669392746335512,0.0029611572760602756,0.001535987317796273,0.028761284780980983
