name,pos,team,expectation,salary,prob_0_5,prob_5_10,prob_10_15,prob_15_20,prob_20_25,prob_25_30,prob_30+,label
Mike Evans,WR,TB,13.603285677681406,8900.0,0.14958862536161863,0.24049192884701229,0.24088853233401822,0.16190028498157766,0.10276809745168475,0.051161036257875915,0.05320149476621247,2.0
Jordy Nelson,WR,GB,13.133449703548814,7100.0,0.15529365554528846,0.2619428452184358,0.23037192259283398,0.15599591517906453,0.10935393952745009,0.044780963954242699,0.042260757982684825,1.0
Dez Bryant,WR,DAL,13.105152400178888,7800.0,0.17733736518617083,0.25881752187587104,0.18967598954214002,0.16422417440269552,0.12563846307050253,0.04023836994099992,0.044068115981620096,1.0
Antonio Brown,WR,PIT,12.508110136249698,8800.0,0.20211279017797587,0.24363261175741321,0.21424802740240015,0.17171293652448738,0.090568763631576385,0.035421441134665756,0.042303429371481537,1.0
Odell Beckham Jr.,WR,NYG,12.507203570862101,8500.0,0.26231673092128377,0.26328233127606288,0.13746763386629909,0.13267738742936114,0.085395924924629885,0.032655128072136864,0.086204863510226395,1.0
Doug Baldwin,WR,SEA,12.026057036817651,7000.0,0.19163467304442125,0.26892499180313972,0.2449768549180695,0.13648663184218662,0.0930074222597157,0.038305432468140818,0.026663993664326844,1.0
Davante Adams,WR,GB,11.839619215662292,6400.0,0.23189308356253704,0.24835916676203934,0.21816078713809489,0.14322338183154643,0.089240764832092659,0.035125603938508027,0.033997211935181425,1.0
Julio Jones,WR,ATL,11.669800133927676,8300.0,0.24066406978902688,0.25241632421052973,0.20832859655989872,0.15050738596008387,0.0784482364602343,0.035372406598301299,0.034262980421925049,1.0
Brandin Cooks,WR,NO,11.436124056066886,6300.0,0.25146974313528969,0.23604441057371722,0.22813675967250918,0.13966184732577713,0.08933369564018577,0.027474317989880367,0.027879225662640793,0.0
Michael Thomas,WR,NO,11.357094509574098,6600.0,0.23600858437167477,0.25834648598557075,0.23290322520827866,0.13627007127329283,0.079426210586875698,0.033362891591797353,0.023682530982511205,1.0
Cole Beasley,WR,DAL,11.253100969465091,6300.0,0.26333634524303468,0.26199082506335208,0.18793444249571431,0.13159504251434873,0.097691559737185754,0.0308183232032841,0.026633461743081149,0.0
Willie Snead,WR,NO,11.121680801675648,6100.0,0.26362687048765659,0.23925286601756121,0.23440697089941068,0.12948493291782337,0.077296039606859934,0.029953123414425763,0.025979196656262839,0.0
Kelvin Benjamin,WR,CAR,11.034738676305285,6800.0,0.24527678078726245,0.27619684754501683,0.22409651963318972,0.12564277878434171,0.075813848489505758,0.027967895203886321,0.025005329556797129,1.0
T.Y. Hilton,WR,IND,10.833718259878026,7600.0,0.28066720789730948,0.2780480669433939,0.19390588027541414,0.10695123065391443,0.069900161819714604,0.038665970283910812,0.031861482126342655,0.0
Jamison Crowder,WR,WAS,10.592293797713991,6400.0,0.26705326204945617,0.2766545224170377,0.23176570578930841,0.10443393415119885,0.068584433758900248,0.029446422575799967,0.022061719258299292,1.0
Demaryius Thomas,WR,DEN,10.477099969932612,6900.0,0.28373068666776302,0.26727297418832718,0.22063063710274525,0.11129933208620804,0.067200858274021183,0.02662767312539013,0.023237838555545398,0.0
Allen Robinson,WR,JAC,10.16617859565309,6600.0,0.27940198032335778,0.31654025963477822,0.17950662955711874,0.11688046467288882,0.063091495044271875,0.023393189202297427,0.021185981565286453,1.0
Emmanuel Sanders,WR,DEN,10.00944570017626,5900.0,0.30298665619342452,0.28080450063800577,0.20314300722211739,0.1126062629258156,0.057088448153924248,0.022190845382508883,0.021180279484203559,0.0
Larry Fitzgerald,WR,ARI,9.989280530848017,6800.0,0.30572177640113624,0.272527288904444,0.21467783148972078,0.10279485816049126,0.062888251308413065,0.021999589808050946,0.019390403927744149,0.0
Randall Cobb,WR,GB,9.874344491760878,6000.0,0.32431177284291979,0.26824993209583314,0.19675817944011967,0.10268052105372871,0.064871719425070473,0.023171347940337123,0.019956527201992157,0.0
Tyrell Williams,WR,SD,9.8055857284630346,6800.0,0.33171387779079176,0.258494858794939,0.20070693158501166,0.11103002158466863,0.055247327389340406,0.020744226095227625,0.022062756760021337,0.0
Stefon Diggs,WR,MIN,9.7807768003475513,6600.0,0.30634163515562085,0.29052982727476223,0.20208852325409549,0.10586499916720364,0.058011328800463162,0.019837191785310841,0.017326494562544478,0.0
Jarvis Landry,WR,MIA,9.7597037035244121,6100.0,0.33044930136734135,0.26927299205311228,0.19248391475618323,0.10970532671714581,0.053931406242033249,0.022775045731578888,0.021382013132605883,0.0
Golden Tate,WR,DET,9.7302378305445778,6300.0,0.31873829234649237,0.29211523235219417,0.18458973860936956,0.10593595195051757,0.05252113406232399,0.028524843318022523,0.017574807361080091,0.0
Kenny Britt,WR,LARM,9.7257021799142898,6900.0,0.31421350397800407,0.29701990526362437,0.18372888149533798,0.10938373156980877,0.05383221155459627,0.02310583540022847,0.018715930738400551,0.0
Adam Thielen,WR,MIN,9.7068040357603493,6000.0,0.30396630412365711,0.30174840081019128,0.19719730537700952,0.10436937556709588,0.053600269160431598,0.024373766670432145,0.014744578291182251,0.0
DeAndre Hopkins,WR,HOU,9.6602626789379453,7100.0,0.31528185803586534,0.30364696637690042,0.17831752330678302,0.10713624251485004,0.056790198685771238,0.019450581006273539,0.01937663007355685,0.0
DeVante Parker,WR,MIA,9.6554295358441991,6700.0,0.34400034959868103,0.24456417330936489,0.20614783482076224,0.1125749598537662,0.055250147593410071,0.018670588048727038,0.018791946775288695,0.0
Brandon Marshall,WR,NYJ,9.6062937156365358,7200.0,0.33961297122333689,0.271174381602311,0.18481717499106282,0.1116441737372649,0.047420992278340991,0.025875645914819445,0.019454660252863791,0.0
Pierre Garcon,WR,WAS,9.5209208193895929,5400.0,0.3418606091505097,0.26338826406505395,0.20274464373609721,0.09824412125709793,0.054525646869402609,0.021711323933459134,0.017525390988380053,0.0
Donte Moncrief,WR,IND,9.4847003538949615,6400.0,0.33399256046748782,0.29453479127171767,0.18240912361635331,0.093155515616449455,0.050441027398489907,0.026119336507002142,0.019347645122499851,0.0
Mohamed Sanu,WR,ATL,9.4769444811813557,5600.0,0.34897863425258113,0.26319987564265579,0.19003286837822075,0.10726316440925973,0.049872008653916132,0.022267773545436319,0.018385675117930465,0.0
DeSean Jackson,WR,WAS,9.1090046771823658,5800.0,0.37905250603659241,0.24934528427174976,0.18985987680656619,0.092659880540162984,0.054474302471473918,0.018729285421498855,0.015878864451955747,0.0
Rishard Matthews,WR,TEN,9.0974617998426535,6200.0,0.38592662874898315,0.24755009998521954,0.17793689964095255,0.10045482792520631,0.053073426303329833,0.016978327575698168,0.018079789820611737,0.0
Sterling Shepard,WR,NYG,8.9168681777526579,5500.0,0.3856649830170622,0.25784251982534356,0.17190108549326402,0.10651911398711171,0.046428204802854728,0.019485213411644092,0.012158879462720765,0.0
Jordan Matthews,WR,PHI,8.4883923949188809,5900.0,0.41433772520537854,0.24176376511283626,0.1941862475988623,0.080676160763137161,0.039042615432384797,0.017076255742564227,0.012917230144837442,0.0
Cameron Meredith,WR,CHI,8.4875004003888925,5400.0,0.42204173354128877,0.25260989319263466,0.15950566213665254,0.090729474111209824,0.043755647704329104,0.016770987386240221,0.014586601927644894,0.0
Taylor Gabriel,WR,ATL,8.4641923807060202,5400.0,0.39179826321299133,0.27705706091821503,0.17816701188367834,0.093646246345857886,0.034071411545359517,0.014644688915809098,0.010615317178088519,0.0
Dontrelle Inman,WR,SD,8.3652563779884979,5500.0,0.41422818024370628,0.26376159993103171,0.17537816175281257,0.082698354865719401,0.03326183257421083,0.014650801229556372,0.016021069402962961,0.0
Kenny Stills,WR,MIA,8.3168008287349018,5300.0,0.43581939172675171,0.24552847846512346,0.15760748775486072,0.088595158332711393,0.044991945436891771,0.014407029211575141,0.013050509072085921,0.0
Tyler Boyd,WR,CIN,8.0023775001327202,5700.0,0.43984027202492942,0.26006004150169615,0.16563797708694042,0.075162402027276295,0.033285063215169372,0.012387027684975628,0.013627216459012699,0.0
Marqise Lee,WR,JAC,7.9852433365628412,5400.0,0.42944557215928569,0.27892714780046862,0.15351948033011253,0.082936427510616043,0.030876041082260969,0.012767026847455593,0.011528304269800695,0.0
Brandon LaFell,WR,CIN,7.670028475133936,5800.0,0.46915835054909472,0.26022510206770499,0.1431673777820523,0.069774273309373983,0.030722320522128376,0.013305338082901588,0.013647237686743767,0.0
Adam Humphries,WR,TB,7.4901305007203041,4800.0,0.49249615916972272,0.24342227054181625,0.14058995818111744,0.067170574109109885,0.03064108090494921,0.011714569208977045,0.013965387884307371,0.0
Cordarrelle Patterson,WR,MIN,7.470286681647333,4900.0,0.46237882500295524,0.28076004917265651,0.14357761514464046,0.063326563841979058,0.030612978003585305,0.0080168960632935778,0.011327072770889682,0.0
Anquan Boldin,WR,DET,7.3194487337217442,5200.0,0.49536883766923928,0.25432009473163469,0.13420850880134239,0.066738367202318363,0.024586804873047714,0.012308466923218325,0.012468919799198777,0.0
Eli Rogers,WR,PIT,7.1954038375066416,5000.0,0.50978761321251242,0.23505206277697649,0.13506713308706261,0.075320368418378039,0.028482941470386748,0.0079217728746001949,0.0083681081600837353,0.0
A.J. Green,WR,CIN,7.170836458835752,7500.0,0.5958535850034512,0.16678524630119437,0.095391203145345674,0.067711151144889195,0.035316792856785122,0.013949417167146507,0.024992604381188291,0.0
Ted Ginn Jr.,WR,CAR,7.0838964015812698,4700.0,0.58202646196582186,0.19594587265660496,0.11190220641678404,0.04027336185706188,0.02227223680528365,0.014766086604085012,0.032813773694359262,0.0
Tyler Lockett,WR,SEA,6.9483173252052861,5100.0,0.52432211919454419,0.23681700033342104,0.13436543016615296,0.064804051300808657,0.022442184453507201,0.008123454617536878,0.0091257599340293857,0.0
Terrance Williams,WR,DAL,6.8212169944853667,4600.0,0.55231359096592458,0.22706656022469002,0.10921408364234127,0.062898842788343484,0.028305940613656353,0.0096520006031606317,0.010548981161883379,0.0
Devin Funchess,WR,CAR,6.7874315854994673,4600.0,0.53583217286425389,0.24567745796786053,0.12298050216213299,0.055338841695776214,0.019927237369551577,0.0076414942470258958,0.012602293693400286,0.0
Tajae Sharpe,WR,TEN,6.7793293922789859,5300.0,0.56154614186978447,0.21506482778410732,0.11723676709923701,0.060694112653103129,0.023383527549154209,0.0085159876484663909,0.013558635396147312,0.0
J.J. Nelson,WR,ARI,6.7508237620988245,4900.0,0.55632389974787289,0.21629138330818215,0.12563404240171286,0.059046607757836926,0.022473681371216709,0.010617846423917558,0.009612538989260299,0.0
Marquise Goodwin,WR,BUF,6.7035827194110365,5400.0,0.55996985053445869,0.21844021705180602,0.11943203501498134,0.05950244029409564,0.0235586308402304,0.0089726387743685986,0.010124187490059562,0.0
Corey Coleman,WR,CLE,6.6795851855651547,5600.0,0.5593376747662705,0.23600956361226277,0.10507555098433431,0.054858172619250668,0.021469690181974449,0.0078784453246356304,0.015370902511272476,0.0
Sammy Watkins,WR,BUF,6.6566469144560525,6000.0,0.58162783671037288,0.19542875607056734,0.12258194035464831,0.052842816539481703,0.025433186310082737,0.0087199765626226108,0.013365487452224233,0.0
Jeremy Kerley,WR,SF,6.6083377590876191,5100.0,0.56448458133978452,0.22266960932589172,0.11124975765977063,0.061871314271084325,0.021850346750823157,0.0084669612577704962,0.0094074293948757555,0.0
Jermaine Kearse,WR,SEA,6.5770625114800154,4500.0,0.55806382296852597,0.23329147653956703,0.11907821718474261,0.051095288267217667,0.019402938262769176,0.007251130344955942,0.011817126432221749,0.0
Justin Hunter,WR,BUF,6.5518439281447751,5300.0,0.58321406492688233,0.20243253132286376,0.11952679673547754,0.049914119098101499,0.023029240158612869,0.010145178347346432,0.011738069410715079,0.0
John Brown,WR,ARI,6.5305304407173717,5200.0,0.59278277686149816,0.18982741010488044,0.1152598184327686,0.056730678915580195,0.02695126599223948,0.0081002550315714891,0.010347794661461636,0.0
Travis Benjamin,WR,SD,6.513155661015948,5100.0,0.58728348347372816,0.20821006088168409,0.10835454589407499,0.053582911753953806,0.017858617402432476,0.010059132800037037,0.014651247794089089,0.0
Quincy Enunwa,WR,NYJ,6.4987702338796378,4800.0,0.56187760786195173,0.24313048390227449,0.10634730475898729,0.047801979523184338,0.022534007620897457,0.0057460145733666873,0.012562601759338722,0.0
Robby Anderson,WR,NYJ,6.1740761299958224,4700.0,0.59754645492364034,0.22380348341505304,0.096551444024311719,0.050127683228609859,0.012981196358223767,0.005221518606193078,0.013768219443968849,0.0
Allen Hurns,WR,JAC,6.1039924700749975,4800.0,0.62968466701986869,0.19367253242441168,0.087466022847897854,0.047947757606943135,0.020089941594200474,0.0062754223974985281,0.014863656109179689,0.0
Charles Johnson,WR,MIN,6.0789190603258083,4500.0,0.61097594964736945,0.22261454226622526,0.095069945184734383,0.035332708431645612,0.0096306677014814102,0.0086244204446187765,0.017751766323924868,0.0
Dorial Green-Beckham,WR,PHI,6.0623758435662642,4900.0,0.61144475929116782,0.20395216776018071,0.10837054731949877,0.045913731622410178,0.01435132339113788,0.0047687607460915968,0.011198709869512992,0.0
Brandon Coleman,WR,NO,6.0436328606096286,4500.0,0.62185939585727779,0.19944173700250406,0.10201190083054244,0.039194269208424178,0.014379687637233707,0.013383390821323879,0.0097296186426938675,0.0
Tavon Austin,WR,LARM,6.000827047027669,4900.0,0.61770159146741122,0.21534787019751889,0.094199887972915688,0.038732526566245769,0.012704516719810098,0.0060908862069553697,0.015222720869142919,0.0
Michael Floyd,WR,ARI,5.9616391779347175,4700.0,0.61784662474974927,0.20156528578041097,0.10911674362655596,0.041097067003302977,0.01583698300833988,0.0057349955970125328,0.0088023002346290912,0.0
Phillip Dorsett,WR,IND,5.8016432717892741,4600.0,0.65672263393818364,0.18087596646872992,0.091801948715855883,0.036350494239955219,0.011154545671199537,0.0052896974844935593,0.01780471348158184,0.0
Robert Woods,WR,BUF,5.7623512137131492,5000.0,0.67298707540792246,0.16151349664871512,0.086861698614564553,0.041228516957129598,0.016168983302162158,0.0061264161113581917,0.015113812958147295,0.0
Brian Quick,WR,LARM,5.7583410897300737,4500.0,0.63986565243537785,0.20718535867817811,0.086661554350051254,0.035633098328177917,0.010801379706120476,0.0053261870032639807,0.014526769498830546,0.0
Andre Roberts,WR,DET,5.7227207196345784,4500.0,0.63958936259832155,0.20253718568297316,0.093604850579035753,0.036765253643261851,0.010834440443703358,0.0047894409742019256,0.011879466078501979,0.0
Marquess Wilson,WR,CHI,5.5943479925364423,5400.0,0.67874295386060501,0.15989050477353864,0.089300555670065521,0.037571787243089814,0.018854760830959039,0.0062751781338748411,0.0093642594878674979,0.0
Kendall Wright,WR,TEN,5.5201360000626725,4800.0,0.69398250315298071,0.14893717453533986,0.091272930811942626,0.03472726623354444,0.010163887717527152,0.0054991531891675849,0.015417084359496918,0.0
Russell Shepard,WR,TB,5.5183674122160307,4500.0,0.6774573673283838,0.17285830166206381,0.085107136032648745,0.033834757032783089,0.0132167374581932,0.0051249102492059708,0.012400790236721941,0.0
Nelson Agholor,WR,PHI,5.4803988408314401,4800.0,0.68613987171735613,0.16058666054394602,0.089926536997586598,0.03365667324924497,0.012442921300258198,0.0048062377113652285,0.012441098480242349,0.0
Brice Butler,WR,DAL,5.3590164771952917,4500.0,0.69183633257098753,0.17005709004453812,0.07821342255172109,0.029201519127456398,0.013763670074463066,0.0049144359930407572,0.012013529637792772,0.0
Freddie Martino,WR,TB,5.350049687632155,4500.0,0.68844688342612281,0.17946833897044229,0.074241882371777396,0.029161928242424542,0.0095110688826810317,0.005384376092096005,0.013785522014454883,0.0
Victor Cruz,WR,NYG,5.2612585424112925,4600.0,0.70604250151433667,0.15765236402722785,0.078463244082062192,0.032704501873346205,0.0063545462159711862,0.0052982060392545854,0.01348463624780151,0.0
Roger Lewis,WR,NYG,5.2256361328656302,4500.0,0.70275849698072856,0.16791964225915096,0.074576992874752335,0.030073720618094744,0.007654156079126527,0.0022630868861830554,0.014753904301963827,0.0
James Wright,WR,CIN,5.2250456562102396,4500.0,0.70257044846901284,0.16629320848740553,0.074381864009770746,0.032872696090448003,0.0078419563894132974,0.0028617277963801546,0.01317809875756964,0.0
Quinton Patton,WR,SF,5.1846191164292259,4500.0,0.71476852891056941,0.15616260018263364,0.070764507937760027,0.033339995279096056,0.0071462923550702825,0.0034602918043639933,0.014357783530507951,0.0
Justin Hardy,WR,ATL,5.1731952988434404,4600.0,0.72900227932104522,0.14050309662835841,0.072234854024974315,0.027864610706541938,0.0093090709295780959,0.0054822901862186602,0.015603798203284442,0.0
Torrey Smith,WR,SF,5.0844192914730044,4700.0,0.73483763090583087,0.14181710837337122,0.067045244584168287,0.028085822521548853,0.0085799504012872996,0.0034823928710467677,0.01615185034274812,0.0
Paul Richardson,WR,SEA,4.9654654637879716,4500.0,0.74472611245687259,0.13796138704122449,0.064766645180744015,0.025810150197771799,0.0079335300173775433,0.0038535289980013137,0.014948646108007668,0.0
Brandon Tate,WR,BUF,4.8908465573701729,4500.0,0.735076421849443,0.15445507364317218,0.060312783896706433,0.028557459541652543,0.0075344177266604435,0.0027575741463517238,0.011306269196014051,0.0
Braxton Miller,WR,HOU,4.8760078693483448,4600.0,0.73885456183612686,0.15147531089254176,0.063987750771279023,0.024078170263043902,0.0054491520684879866,0.0021921398159252354,0.013962914352593871,0.0
Eddie Royal,WR,CHI,4.8638497385348787,5000.0,0.7743450582451662,0.11146869904142635,0.057976608800721446,0.026004055621891856,0.0086248420849431677,0.0049588596529199945,0.016621876552931972,0.0
Andrew Hawkins,WR,CLE,4.8583240742758207,4500.0,0.76049619634335319,0.13098965739950499,0.064391749698765197,0.018372527085783446,0.0027766020737447503,0.0024390463911427252,0.020534221007705526,0.0
Bryan Walters,WR,JAC,4.8470385782387275,4500.0,0.74537406151635521,0.14870340272565066,0.056174364263060203,0.027052582326895884,0.0063354960113128876,0.0029898347657848065,0.013370258390940186,0.0
Deonte Thompson,WR,CHI,4.8361866537398388,4500.0,0.75185603540169932,0.13429246666280772,0.060977723494880641,0.032397671301368697,0.0062652732537145086,0.0024233893863409733,0.011787440499189117,0.0
Cobi Hamilton,WR,PIT,4.8254139823792341,4500.0,0.74713224138387679,0.13828923482113281,0.068516127772696653,0.025073388618133075,0.0075972737580416588,0.0019294823180095739,0.011462251328108811,0.0
Alex Erickson,WR,CIN,4.725445981714385,4500.0,0.75996233517460543,0.13521969673634948,0.058897621014482066,0.025292312992106571,0.0058529159761956055,0.0021684086628254062,0.012606709443436014,0.0
Chris Harper,WR,SF,4.6902326938207297,4500.0,0.76507134652198727,0.13270928736218648,0.056124753342476234,0.025872646328751955,0.0053242881255505308,0.001774837230182015,0.013122841088867377,0.0
Paul Turner,WR,PHI,4.6313500871024935,4500.0,0.77966517509291955,0.12250538182581236,0.053166034735305262,0.022318249701089535,0.0045660629961114191,0.0022337044537227707,0.015545391195038179,0.0
Aldrick Robinson,WR,ATL,4.6230830485596615,4500.0,0.77599501270613636,0.12424180560911526,0.057307865383499482,0.021058274227442816,0.0040770440218393543,0.004202608514433639,0.013117389537532944,0.0
Jeff Janis,WR,GB,4.6150584480749242,4500.0,0.78691559464355909,0.11190690147368937,0.057086849160215669,0.020631292793356827,0.0041781681673561683,0.0046688137869880441,0.014612379974835171,0.0
Terrelle Pryor Sr.,WR,CLE,4.5993676702358837,6700.0,0.81320700093415443,0.086333895312134493,0.052870498534187141,0.017091096431952873,0.0063892509708281565,0.003823551547547468,0.020284706269193865,0.0
Jordan Taylor,WR,DEN,4.5773754164438474,4500.0,0.7773899180543532,0.12804469677563823,0.055079087571834918,0.018050766186090843,0.0048459651513763202,0.0027307523259324294,0.013858813934772644,0.0
Marvin Jones Jr.,WR,DET,4.5728367225989546,5900.0,0.81744061288552161,0.084959208390497892,0.050146770543015196,0.016297622154838067,0.006708060229515287,0.0035471533448512768,0.020900572451758741,0.0
Maurice Harris,WR,WAS,4.5365649329265665,4500.0,0.78762073149524248,0.11593323211248277,0.054723017848323521,0.020184463875798933,0.0062071822963906224,0.0020682149688169829,0.013263157402944502,0.0
Harry Douglas,WR,TEN,4.5340483979517225,4500.0,0.7905975100521565,0.11197395791585024,0.055480934677815306,0.021666901158874052,0.0039602765700903417,0.0020337900013377673,0.014286629623875611,0.0
Pharoh Cooper,WR,LARM,4.5248939069825314,4500.0,0.77833269024091001,0.1291225808204047,0.057407653134494092,0.016190474830181444,0.0030167066985818908,0.0020944465120259059,0.013835447763401856,0.0
Jalin Marshall,WR,NYJ,4.4754231924419594,4500.0,0.80415439379342324,0.1056846810010135,0.051057199424035228,0.016222931270358031,0.0025925712437341692,0.0024179809233567328,0.017870242344079003,0.0
Cody Core,WR,CIN,4.4722936794154968,4500.0,0.78838187376351765,0.11888682411182591,0.052706721165824234,0.021735824826965049,0.0043704679544490539,0.0019998333415178456,0.011918454835899232,0.0
Will Fuller V,WR,HOU,4.4578619028011985,5400.0,0.82851308589418382,0.081237689945272737,0.047593527609571543,0.013648554246517198,0.0043022875448363125,0.0023924889737176255,0.02231236578589851,0.0
Bennie Fowler,WR,DEN,4.4480466387934863,4500.0,0.79744559677263738,0.10984334459462854,0.053983507188697176,0.019531216213380557,0.0037020390422445046,0.0015438408314112876,0.013950455356999805,0.0
Geronimo Allison,WR,GB,4.4464946870343729,4500.0,0.81370302734951738,0.084083012031825971,0.058104939891493353,0.023555028728348873,0.0045588928321965549,0.0025751710031877892,0.01341992816342929,0.0
Ryan Grant,WR,WAS,4.4345463903494577,4600.0,0.79718701936491176,0.10863892861346361,0.052403742767313827,0.0234184303421727,0.0040120618408105851,0.0040329902877226584,0.01030682678360415,0.0
Trevor Davis,WR,GB,4.4086123667484012,4500.0,0.83947208305789645,0.072611324558829751,0.043136549986476834,0.015948137257076681,0.004103495840379833,0.0014366711737051445,0.023291738125634193,0.0
Dwayne Harris,WR,NYG,4.3926009887090167,4500.0,0.81553364033032161,0.09936205057623701,0.04520999125802698,0.018403472373532195,0.0019118508186782934,0.00092208061774123396,0.018656914025461109,0.0
Laquon Treadwell,WR,MIN,4.3843419699134571,4500.0,0.8195246952012506,0.093406141768753934,0.050481447268247152,0.012010872308640529,0.003312252609099411,0.0033347401139537818,0.017929850730054622,0.0
Leonte Carroo,WR,MIA,4.3622973784310002,4500.0,0.82360885878856727,0.082268847784898055,0.058084240847833375,0.014726246515925898,0.0028226133311903103,0.0010845329481340555,0.017404659783450217,0.0
Tanner McEvoy,WR,SEA,4.3364991794078769,4500.0,0.81063073884102177,0.099723327578063542,0.051082005178443149,0.019639259199660752,0.0050625678365337108,0.0025728065861920627,0.011289294780084381,0.0
Rod Streater,WR,SF,4.3231660468090274,4500.0,0.81310828610258956,0.10173618181439216,0.047590381903236986,0.018660234669389202,0.003663271719002199,0.0013254745248441288,0.013916169266545013,0.0
Jordan Norwood,WR,DEN,4.3114661686918172,4500.0,0.81138404004221298,0.10195548048210326,0.055035143132792563,0.011800119174656046,0.0037423950282475145,0.0030938763707974758,0.012988945769189205,0.0
Bradley Marquez,WR,LARM,4.3070825804557114,4500.0,0.83191418074112444,0.089440193477848137,0.043538439217135017,0.010236057407111908,0.0018959630229312002,0.0018207733360391227,0.021154392797810454,0.0
Percy Harvin,WR,BUF,4.2899506577651882,4900.0,0.85107503338288093,0.070361829184138885,0.0409119068557618,0.0095111169906843748,0.0016161813874710274,0.0010660981056457132,0.025457834093416853,0.0
Jarius Wright,WR,MIN,4.2853654458082007,4500.0,0.83646722272703622,0.08081660309044382,0.048717868549414553,0.011033195944106573,0.0011345111210605079,0.00047718269052305512,0.021353415877413996,0.0
Lucky Whitehead,WR,DAL,4.2478494291046331,4500.0,0.82504445827103767,0.099336936321710992,0.040185780098525435,0.010577134407056611,0.0089610206559601127,0.00068630209329645679,0.015208368152411226,0.0
Rashard Higgins,WR,CLE,4.2461588852225942,4500.0,0.81809002838143685,0.10180089015554447,0.046465560060261452,0.01423403597985793,0.0048798359313522712,0.0014429377277196402,0.013086711763826279,0.0
Bryce Treggs,WR,PHI,4.2440527140617874,4500.0,0.82453472674685369,0.090241107425072173,0.049062761588715073,0.018419107515913719,0.0030552972330602124,0.0016667306384190094,0.013020268851965871,0.0
Jake Lampman,WR,NO,4.2058304625255207,4500.0,0.86881138027764837,0.061090208550093957,0.0324901845198887,0.0072475823636623032,0.0013149592741723221,0.00046934791127336238,0.028576337103260036,0.0
Darrius Heyward-Bey,WR,PIT,4.1751541592112318,4500.0,0.86251287959230882,0.064032259728388399,0.038152646103292491,0.0087467015284462945,0.0012267846574039994,0.00072713189580515781,0.024601596494352826,0.0
Sammie Coates,WR,PIT,4.1680560427288356,4600.0,0.841879838452813,0.072798338405464652,0.0506068053702734,0.014684691043497849,0.003947847102165879,0.0031882131379998096,0.012894266487784583,0.0
Griff Whalen,WR,SD,4.1598759317556997,4500.0,0.86152328127150379,0.069716873175587155,0.032381622607263821,0.01002653539213222,0.0011362613032901649,0.00068656936997611479,0.024528856880244376,0.0
Joshua Bellamy,WR,CHI,4.1455828117678042,4900.0,0.87251291144934717,0.05774393495321798,0.033252685145087148,0.0080903824383346135,0.0012467096196041132,0.00059178349793260641,0.026561592896474775,0.0
Jordan Payton,WR,CLE,4.1397031009382994,4500.0,0.8616466804682249,0.067791223140748244,0.037302013337298379,0.0077755253501181343,0.0010433254743218976,0.00054834471046030786,0.023892887518826483,0.0
Tevin Jones,WR,HOU,4.1304500403680429,4500.0,0.87531565355699137,0.056177266235820478,0.032414524034166337,0.0076744623679069245,0.00080404545938858563,0.00043145961268402605,0.027182588733040192,0.0
Chris Brown,WR,DAL,4.1293753938045832,4500.0,0.8738692095056384,0.057447968016371531,0.032949327860960602,0.0077242821954686385,0.00082009299317219891,0.00043602654732225328,0.026753092881064457,0.0
Rashad Ross,WR,WAS,4.109948383974821,4500.0,0.8754232630176485,0.054195944362714722,0.033341377173531257,0.010440465607780539,0.00097162432904024116,0.00044968790976835591,0.025177637599514385,0.0
Brenton Bersin,WR,CAR,4.0991057023080062,4500.0,0.85104490558780588,0.081463865340956815,0.034273143766823715,0.01087888592065772,0.0027854458828839488,0.00071123430811473472,0.018842519192756157,0.0
DeVier Posey,WR,DEN,4.098487264280946,4500.0,0.8787298813001102,0.054348402478100147,0.03110130982795874,0.0077021004211975941,0.00082356655625363459,0.00044662864859404145,0.026848110767783838,0.0
Bralon Addison,WR,DEN,4.098487264280946,4500.0,0.8787298813001102,0.054348402478100147,0.03110130982795874,0.0077021004211975941,0.00082356655625363459,0.00044662864859404145,0.026848110767783838,0.0
Marlon Brown,WR,DEN,4.098487264280946,4500.0,0.8787298813001102,0.054348402478100147,0.03110130982795874,0.0077021004211975941,0.00082356655625363459,0.00044662864859404145,0.026848110767783838,0.0
Durron Neal,WR,DEN,4.098487264280946,4500.0,0.8787298813001102,0.054348402478100147,0.03110130982795874,0.0077021004211975941,0.00082356655625363459,0.00044662864859404145,0.026848110767783838,0.0
Jaelen Strong,WR,HOU,4.0979886653744941,4500.0,0.8669485921657637,0.065439550578419284,0.033572156756790358,0.0088350535675691122,0.0009637463163738243,0.00060808732222203182,0.023632813292859566,0.0
Josh Doctson,WR,WAS,4.0951346624714127,4500.0,0.87984651538250458,0.053065905291196924,0.031204616245745821,0.0077067521319415322,0.00081680558609437581,0.00044787925663550228,0.026911526105879272,0.0
Daniel Braverman,WR,CHI,4.0939730005437074,4500.0,0.87959916275361838,0.053406825278772892,0.031243024673813943,0.0076462058097665131,0.00081802717750058284,0.00044860243291859272,0.026838151873607205,0.0
Kevin White,WR,CHI,4.0939730005437074,4500.0,0.87959916275361838,0.053406825278772892,0.031243024673813943,0.0076462058097665131,0.00081802717750058284,0.00044860243291859272,0.026838151873607205,0.0
Kieran Duncan,WR,CHI,4.0939730005437074,4500.0,0.87959916275361838,0.053406825278772892,0.031243024673813943,0.0076462058097665131,0.00081802717750058284,0.00044860243291859272,0.026838151873607205,0.0
Jaron Brown,WR,ARI,4.09381114121833,4500.0,0.8805008573881391,0.052988384493581932,0.030361692400676907,0.0077846598292641792,0.00081252975531016401,0.00042722294997984885,0.027124653183045966,0.0
Kenbrell Thompkins,WR,NYJ,4.093630079483944,4500.0,0.87915231019771956,0.054089156281432113,0.030992669601227939,0.0077565963677825546,0.00080687515151659807,0.00044087993239162043,0.026761512467927642,0.0
Jeremy Ross,WR,NYJ,4.093630079483944,4500.0,0.87915231019771956,0.054089156281432113,0.030992669601227939,0.0077565963677825546,0.00080687515151659807,0.00044087993239162043,0.026761512467927642,0.0
Devin Smith,WR,NYJ,4.093630079483944,4500.0,0.87915231019771956,0.054089156281432113,0.030992669601227939,0.0077565963677825546,0.00080687515151659807,0.00044087993239162043,0.026761512467927642,0.0
Jared Dangerfield,WR,NO,4.0918857182158499,4500.0,0.87976186788368493,0.053547832365382367,0.030816715973508133,0.007785768144030385,0.00082802105001430451,0.00044144939555506256,0.026818345187822865,0.0
Kyle Prater,WR,NO,4.0918857182158499,4500.0,0.87976186788368493,0.053547832365382367,0.030816715973508133,0.007785768144030385,0.00082802105001430451,0.00044144939555506256,0.026818345187822865,0.0
Vincent Brown,WR,NO,4.0918857182158499,4500.0,0.87976186788368493,0.053547832365382367,0.030816715973508133,0.007785768144030385,0.00082802105001430451,0.00044144939555506256,0.026818345187822865,0.0
Levi Norwood,WR,PIT,4.0916901961665042,4500.0,0.8800141202841788,0.053157361716838242,0.031018307311583306,0.0076797791771854758,0.00083331492707549952,0.00043986142463306232,0.026857255158503571,0.0
Markus Wheaton,WR,PIT,4.0916901961665042,4500.0,0.8800141202841788,0.053157361716838242,0.031018307311583306,0.0076797791771854758,0.00083331492707549952,0.00043986142463306232,0.026857255158503571,0.0
Canaan Severin,WR,PIT,4.0916901961665042,4500.0,0.8800141202841788,0.053157361716838242,0.031018307311583306,0.0076797791771854758,0.00083331492707549952,0.00043986142463306232,0.026857255158503571,0.0
Rashawn Scott,WR,MIA,4.0913359398167612,4500.0,0.88093719826809158,0.052719429517239888,0.030223610763539712,0.0077188968698926521,0.0008042111107219379,0.00043416379457400641,0.027162489675938206,0.0
Tyler Murphy,WR,MIA,4.0913359398167612,4500.0,0.88093719826809158,0.052719429517239888,0.030223610763539712,0.0077188968698926521,0.0008042111107219379,0.00043416379457400641,0.027162489675938206,0.0
Deshon Foxx,WR,SEA,4.0872254493584101,4500.0,0.88103491008669754,0.052345332927245324,0.0307398295186701,0.0076736707697162019,0.00082547535732276989,0.00045192969572800277,0.026928851644618126,0.0
Kevin Smith,WR,SEA,4.0872254493584101,4500.0,0.88103491008669754,0.052345332927245324,0.0307398295186701,0.0076736707697162019,0.00082547535732276989,0.00045192969572800277,0.026928851644618126,0.0
Daniel Anthrop,WR,IND,4.0852470751036529,4500.0,0.8792029908136656,0.054661604864378932,0.030543911598258009,0.0078096423018839956,0.00082067879250521285,0.00043951380421890072,0.026521657825087579,0.0
Joshua Stangby,WR,IND,4.0852470751036529,4500.0,0.8792029908136656,0.054661604864378932,0.030543911598258009,0.0078096423018839956,0.00082067879250521285,0.00043951380421890072,0.026521657825087579,0.0
Brian Tyms,WR,IND,4.0852470751036529,4500.0,0.8792029908136656,0.054661604864378932,0.030543911598258009,0.0078096423018839956,0.00082067879250521285,0.00043951380421890072,0.026521657825087579,0.0
Tevaun Smith,WR,IND,4.0852470751036529,4500.0,0.8792029908136656,0.054661604864378932,0.030543911598258009,0.0078096423018839956,0.00082067879250521285,0.00043951380421890072,0.026521657825087579,0.0
Marcus Leak,WR,IND,4.0852470751036529,4500.0,0.8792029908136656,0.054661604864378932,0.030543911598258009,0.0078096423018839956,0.00082067879250521285,0.00043951380421890072,0.026521657825087579,0.0
Quan Bray,WR,IND,4.0852470751036529,4500.0,0.8792029908136656,0.054661604864378932,0.030543911598258009,0.0078096423018839956,0.00082067879250521285,0.00043951380421890072,0.026521657825087579,0.0
Hunter Sharp,WR,PHI,4.0848305677476962,4500.0,0.87982550487252076,0.053573754218709226,0.031039561905707086,0.0077518997471921203,0.00080296787222071224,0.00046357280317057219,0.026542738580477634,0.0
Chris Givens,WR,PHI,4.0848305677476962,4500.0,0.87982550487252076,0.053573754218709226,0.031039561905707086,0.0077518997471921203,0.00080296787222071224,0.00046357280317057219,0.026542738580477634,0.0
Cayleb Jones,WR,PHI,4.0848305677476962,4500.0,0.87982550487252076,0.053573754218709226,0.031039561905707086,0.0077518997471921203,0.00080296787222071224,0.00046357280317057219,0.026542738580477634,0.0
Xavier Rush,WR,PHI,4.0848305677476962,4500.0,0.87982550487252076,0.053573754218709226,0.031039561905707086,0.0077518997471921203,0.00080296787222071224,0.00046357280317057219,0.026542738580477634,0.0
Jared Abbrederis,WR,GB,4.0818909575546494,4500.0,0.88048600009298206,0.053058401477626006,0.030811830569530508,0.0077942491814307615,0.00080446657907433741,0.00046488240809991873,0.026580169691254544,0.0
TJ Jones,WR,DET,4.0813056264687306,4600.0,0.8795124150528657,0.054251240834991991,0.031378070518028302,0.0069661564350549628,0.00089126585679598781,0.00047688184956517701,0.026523969452695955,0.0
Rashad Greene Sr.,WR,JAC,4.0809476243436302,4500.0,0.88150783809931632,0.052361000874966132,0.030269782795596251,0.0077465765097515975,0.0008116723898633374,0.00044520088961304418,0.026857928440891524,0.0
Tony Washington,WR,JAC,4.0809476243436302,4500.0,0.88150783809931632,0.052361000874966132,0.030269782795596251,0.0077465765097515975,0.0008116723898633374,0.00044520088961304418,0.026857928440891524,0.0
Mekale McKay,WR,JAC,4.0809476243436302,4500.0,0.88150783809931632,0.052361000874966132,0.030269782795596251,0.0077465765097515975,0.0008116723898633374,0.00044520088961304418,0.026857928440891524,0.0
Marcus Easley,WR,BUF,4.0801643965971586,4500.0,0.8806427040771253,0.053044550922689365,0.030722806824372412,0.0077371083686449413,0.00081722351295148603,0.00044596354809055917,0.026589642746123847,0.0
Walt Powell,WR,BUF,4.0801643965971586,4500.0,0.8806427040771253,0.053044550922689365,0.030722806824372412,0.0077371083686449413,0.00081722351295148603,0.00044596354809055917,0.026589642746123847,0.0
Kolby Listenbee,WR,BUF,4.0801643965971586,4500.0,0.8806427040771253,0.053044550922689365,0.030722806824372412,0.0077371083686449413,0.00081722351295148603,0.00044596354809055917,0.026589642746123847,0.0
Greg Salas,WR,BUF,4.0801643965971586,4500.0,0.8806427040771253,0.053044550922689365,0.030722806824372412,0.0077371083686449413,0.00081722351295148603,0.00044596354809055917,0.026589642746123847,0.0
Aaron Dobson,WR,DET,4.0798782374700062,4500.0,0.88062465226454834,0.053070534494246785,0.030771700088227008,0.0076782665346981681,0.00082744699602955573,0.00044064820634943887,0.026586751415898686,0.0
Quinshad Davis,WR,DET,4.0798782374700062,4500.0,0.88062465226454834,0.053070534494246785,0.030771700088227008,0.0076782665346981681,0.00082744699602955573,0.00044064820634943887,0.026586751415898686,0.0
Kadron Boone,WR,NYG,4.079054150932131,4500.0,0.88054822318621317,0.053173349261408903,0.030786354089665804,0.0076888932171769965,0.00082366625764013755,0.00044227523847286104,0.026537238749420124,0.0
Duke Williams,WR,LARM,4.0788154646341255,4500.0,0.88037993920357449,0.053359186985106506,0.030824662580317897,0.0076877828051131166,0.00080570256726403354,0.00043953065623727225,0.026503195202384894,0.0
Paul McRoberts,WR,LARM,4.0788154646341255,4500.0,0.88037993920357449,0.053359186985106506,0.030824662580317897,0.0076877828051131166,0.00080570256726403354,0.00043953065623727225,0.026503195202384894,0.0
Nelson Spruce,WR,LARM,4.0788154646341255,4500.0,0.88037993920357449,0.053359186985106506,0.030824662580317897,0.0076877828051131166,0.00080570256726403354,0.00043953065623727225,0.026503195202384894,0.0
Dwayne Bowe,WR,CLE,4.0776582682846829,4500.0,0.8788789324477253,0.05461822256046267,0.03142968070366875,0.0077617930573703458,0.0008408704447068001,0.00043536424747975928,0.026035136538584656,0.0
Rannell Hall,WR,CLE,4.0776582682846829,4500.0,0.8788789324477253,0.05461822256046267,0.03142968070366875,0.0077617930573703458,0.0008408704447068001,0.00043536424747975928,0.026035136538584656,0.0
Josh Boyce,WR,CLE,4.0776582682846829,4500.0,0.8788789324477253,0.05461822256046267,0.03142968070366875,0.0077617930573703458,0.0008408704447068001,0.00043536424747975928,0.026035136538584656,0.0
Isaac Fruechte,WR,MIN,4.0771332235493336,4500.0,0.88082988785398508,0.052890786168743986,0.030786129753623274,0.0077281045422138697,0.00080835356755501811,0.00044861773545689033,0.026508120378420156,0.0
Donteea Dye,WR,TB,4.0762725163115228,4500.0,0.88122362391851561,0.052680793267052807,0.03055356605540761,0.0076576512630680054,0.00082987300574992513,0.00045337940939509065,0.026601113080808994,0.0
Vincent Jackson,WR,TB,4.0762725163115228,4500.0,0.88122362391851561,0.052680793267052807,0.03055356605540761,0.0076576512630680054,0.00082987300574992513,0.00045337940939509065,0.026601113080808994,0.0
Cecil Shorts III,WR,TB,4.0762725163115228,4500.0,0.88122362391851561,0.052680793267052807,0.03055356605540761,0.0076576512630680054,0.00082987300574992513,0.00045337940939509065,0.026601113080808994,0.0
Keshawn Martin,WR,SF,4.0743054477306329,4500.0,0.87802927460489666,0.054360767632006778,0.033168102272679086,0.0076852405483290327,0.00080901967560397469,0.00052470147385185763,0.025422893792630831,0.0
Mose Frazier,WR,SF,4.0743054477306329,4500.0,0.87802927460489666,0.054360767632006778,0.033168102272679086,0.0076852405483290327,0.00080901967560397469,0.00052470147385185763,0.025422893792630831,0.0
Josh Huff,WR,TB,4.0738432793234942,4500.0,0.87669134343973687,0.056851154426230857,0.030664987163597619,0.0086564184256977903,0.0018818071509402847,0.00070789188616210202,0.024546397507632142,0.0
Ricardo Louis,WR,CLE,4.0691440848593228,4500.0,0.84928235870328617,0.082732146235256723,0.038964577345847018,0.0086417278883531377,0.0015629243288975087,0.00087672711670863993,0.017939538381649533,0.0
Keyarris Garrett,WR,CAR,4.064005098724973,4500.0,0.88164946492952434,0.052685255570442964,0.030410560028735163,0.0077485149572112432,0.00082388421456945843,0.00045434637311898531,0.026227973926396229,0.0
Damiere Byrd,WR,CAR,4.064005098724973,4500.0,0.88164946492952434,0.052685255570442964,0.030410560028735163,0.0077485149572112432,0.00082388421456945843,0.00045434637311898531,0.026227973926396229,0.0
Tavarres King,WR,NYG,4.0631094512945367,4500.0,0.87669389981358314,0.05803441519248307,0.030649727775174763,0.0080625699678734015,0.0010907957674176655,0.00053914539982563114,0.024929446083639561,0.0
Corey Brown,WR,CAR,4.059932722343742,4500.0,0.84137380628960035,0.087439432952137242,0.043332542566230675,0.0099636645957731085,0.0023820082382548418,0.0015616967888049996,0.013946848569197937,0.0
Charone Peake,WR,NYJ,4.0524294164995602,4500.0,0.84767682102006503,0.086326859796514444,0.034302459145723455,0.012985347606625673,0.0015296408916218654,0.00078877745387900507,0.016390094085568074,0.0
Devin Street,WR,IND,4.050778128572051,4500.0,0.88039005205578935,0.055202956411865789,0.030134656234531289,0.0072700464907900176,0.00077232150403123946,0.00047390408296578516,0.025756063220024446,0.0
Arrelious Benn,WR,JAC,4.0046021128589535,4500.0,0.85580087749013456,0.074812279528030851,0.042036838210740432,0.0081298795734130579,0.0023803905343532873,0.00089000636466584151,0.015949728298661214,0.0
