name,pos,team,expectation,salary,prob_0_5,prob_5_10,prob_10_15,prob_15_20,prob_20_25,prob_25_30,prob_30+,label
Jimmy Graham,TE,SEA,9.8267762801804928,6600.0,0.28705818703165337,0.27791437250892831,0.24690761858380741,0.10633336800461132,0.049889994328994269,0.021507614662195647,0.010388844879810134,0.0
Tyler Eifert,TE,CIN,9.4219520979496068,6700.0,0.28873235807081371,0.31947489442020366,0.20584558328862351,0.12351477386977143,0.039610597993654274,0.016069336874352157,0.0067524554825813118,1.0
Coby Fleener,TE,NO,8.8384421833318854,5300.0,0.30792239635416868,0.33912526222219586,0.21395820988958145,0.083396510043676791,0.03584361089481506,0.014212191944286095,0.0055418186512764213,1.0
Cameron Brate,TE,TB,8.6555399261226569,5600.0,0.33044043897956321,0.31904536364087577,0.21252204287029616,0.089972457031535752,0.030308260090084128,0.012837479087715922,0.0048739582999292432,0.0
Greg Olsen,TE,CAR,8.4380676451327474,6400.0,0.35970682115776287,0.30077615612659048,0.20248348152885393,0.092122306564714679,0.025161632118546193,0.015676969732691306,0.0040726327708408604,0.0
Eric Ebron,TE,DET,8.2606283921489734,6000.0,0.38651447891616519,0.29530249648776152,0.18178313439435054,0.082719086338262623,0.031238958292759023,0.017152116828032971,0.0052897287426681861,0.0
Jordan Reed,TE,WAS,8.0273207642944158,7500.0,0.43097947319238578,0.24763159714597643,0.19002947000219231,0.075221534733119447,0.038358146605701228,0.01126142266513481,0.0065183556554899713,0.0
Kyle Rudolph,TE,MIN,7.8854898903468627,5500.0,0.40230163252891904,0.29522094534158899,0.1892694896200138,0.073380644195485512,0.024983281674135226,0.0088153659695440773,0.0060286406703135721,0.0
Jason Witten,TE,DAL,7.8719981811484185,5100.0,0.40335259072927399,0.31150389742095685,0.16645875061616838,0.067575794575630427,0.035663128089618031,0.010533072802176533,0.0049127657661759954,0.0
Delanie Walker,TE,TEN,7.3899429913819272,6200.0,0.45843033843965192,0.26541034140576003,0.17094773662205875,0.070963893848598233,0.018421411338921837,0.012510235011688665,0.0033160433333203998,0.0
Zach Ertz,TE,PHI,7.1264483703987063,5700.0,0.46869942617161259,0.28967573342458985,0.14155692952543528,0.064828706739717218,0.022126150053521563,0.010483660254839376,0.0026293938302840063,0.0
C.J. Fiedorowicz,TE,HOU,6.9844832859555916,5100.0,0.44215277222104138,0.35320545670329279,0.11936137297917222,0.050947143150184088,0.022395244305362608,0.010034014205787648,0.001903996435159966,0.0
Ladarius Green,TE,PIT,6.5924853639136289,5800.0,0.53650216821245678,0.23843433324898902,0.14996705668910171,0.044943733032179745,0.011835249321242688,0.014071371300116051,0.0042460881959143302,0.0
Dwayne Allen,TE,IND,6.4724163900886174,4800.0,0.53971358723255469,0.25791731759204889,0.1279422279155292,0.045543645049756581,0.012180257036273191,0.0088264882197953767,0.0078764769540425588,0.0
Jared Cook,TE,GB,6.3574464313687464,4800.0,0.55912684420302083,0.26496116431903283,0.10054514601039385,0.035392600286721358,0.010322506171619054,0.023177532781729439,0.0064742062274831891,0.0
Lance Kendricks,TE,LARM,6.1891539268572755,4800.0,0.551077393446194,0.26994624044469778,0.10480817611268232,0.050201643567549616,0.015304586509820623,0.0065718823429359611,0.0020900775761201894,0.0
Vance McDonald,TE,SF,6.126078219215052,4700.0,0.58028440813978133,0.21661137113663556,0.13089550776900152,0.053018796507291931,0.010803521562306947,0.0066458569034122733,0.0017405379815703154,0.0
Hunter Henry,TE,SD,6.125838743713671,5500.0,0.5968798048917765,0.20564938166591251,0.11915965173093436,0.052047888090461909,0.014131763437551891,0.0068843137323323306,0.005247196451030469,0.0
Jermaine Gresham,TE,ARI,6.0317671443946237,4500.0,0.54822292194711719,0.27902857337225873,0.1166039538631122,0.03839842262274229,0.01190282883454368,0.0044473875116207689,0.0013959118486055106,0.0
Dion Sims,TE,MIA,5.9880269540513469,4500.0,0.58302924064965889,0.21912812303827195,0.13979024088764566,0.040153598909669713,0.012425781842761696,0.0045611556475342709,0.00091185902445823275,0.0
Antonio Gates,TE,SD,5.9828979443453454,5200.0,0.61685991395666395,0.20753490469105215,0.089640531032165446,0.057288978138305052,0.011054194516137308,0.013906463461782596,0.003715014203893632,0.0
Vernon Davis,TE,WAS,5.7738159444833874,4800.0,0.5887101539322972,0.24351128692883928,0.12124262053295125,0.029292143302443351,0.01041896675969415,0.0034313477191354217,0.0033934808246387882,0.0
Ryan Griffin,TE,HOU,5.6018697579829384,4500.0,0.61129331387620844,0.24054736698808402,0.09835463513355984,0.027091749184093041,0.01419360850158099,0.0068719921828646266,0.0016473341336089168,0.0
Levine Toilolo,TE,ATL,5.494143925715127,4800.0,0.66224552163071171,0.17999882403043937,0.096908303271718746,0.037269110020347523,0.013636413088567388,0.0039743397163773666,0.0059674882418383549,0.0
Jack Doyle,TE,IND,4.8889442049672498,4500.0,0.70014764250291739,0.17733452095657531,0.083646071687135268,0.029157621428485121,0.0050773215697068096,0.0031728773068999436,0.0014639445482802955,0.0
Julius Thomas,TE,JAC,4.7527424531382874,5100.0,0.74043536038722102,0.14268512234928521,0.066556310821548795,0.038617175813800683,0.0045468693968062366,0.003881870931361572,0.0032772902999754386,0.0
Richard Rodgers,TE,GB,4.7175331529487892,4500.0,0.7399764083352528,0.15493839815034868,0.067196628079566029,0.020293220092447418,0.0060428689625351912,0.003978170877484196,0.007574305502365106,0.0
Gavin Escobar,TE,DAL,4.7136959926812434,4500.0,0.77070063010034817,0.14566908890748378,0.044801413371783123,0.005354626016494027,0.0030574800627873508,0.012356976955074914,0.01805978458602955,0.0
Josh Hill,TE,NO,4.5148583756666421,4500.0,0.74942436291039238,0.13463617055677735,0.095688852165771623,0.011465242019085435,0.0036068213718293378,0.0036838617629988061,0.0014946892131446612,0.0
Jesse James,TE,PIT,4.493482428421399,4500.0,0.76511281151057287,0.13832580696775787,0.056476925551276987,0.024935953892226592,0.0080229279209075507,0.0038659851790138395,0.003259588978244432,0.0
Will Tye,TE,NYG,4.476400948144307,4500.0,0.75330404987427824,0.1510266852176507,0.062758951258859969,0.020891011122897686,0.0065537410731448783,0.0037856968089219653,0.0016798646442473886,0.0
Trey Burton,TE,PHI,4.4660639265580881,4500.0,0.75194745326501211,0.15049084625861345,0.064459649440785874,0.02483697322742268,0.0038269013399119529,0.0032426879427566863,0.0011954885254973622,0.0
Charles Clay,TE,BUF,4.4161293639739831,4500.0,0.75953276900416733,0.14397368996175364,0.06890855216642193,0.017595171381029721,0.0038557400501834866,0.0044299327870037297,0.0017041446494396309,0.0
Neal Sterling,TE,JAC,4.2708390515801478,4500.0,0.77104321906753637,0.1520033006505411,0.048375180073973761,0.020808484831385959,0.0018406977033280647,0.0019422404439724012,0.0039868772292628576,0.0
Erik Swoope,TE,IND,4.2331561224951546,4500.0,0.7771878151085353,0.13210368500103536,0.066851701392525734,0.018686228749467033,0.0026337743862844877,0.0015058779563900085,0.0010309174057623036,0.0
Garrett Celek,TE,SF,4.2185666903099275,4500.0,0.79584681634166821,0.11292950409492035,0.059119916859937685,0.023245356773971822,0.0048367403795320056,0.0017865717784386781,0.002235093771531194,0.0
Daniel Brown,TE,CHI,4.1422117498811089,4500.0,0.78197057678042448,0.14335104598157702,0.051684313604808206,0.015612658350521091,0.004096586648104558,0.0019019773224129926,0.0013828413121511199,0.0
David Johnson,TE,PIT,4.0691275008018346,4500.0,0.80709672946000244,0.123927188038769,0.047304252154023285,0.011743062108531986,0.0015137732898800934,0.00046129255915275538,0.0079537023896416228,0.0
Austin Seferian-Jenkins,TE,NYJ,3.9731331947176214,4600.0,0.80913258565089774,0.11997476435094355,0.04937463686024593,0.015689170259177578,0.0018038971628493783,0.003028430473402002,0.00099651524248437948,0.0
Ben Koyack,TE,JAC,3.8837534751460976,4500.0,0.81249748914235065,0.11966358406132326,0.054163233037258812,0.010418386799936268,0.0013098955570137231,0.00026151456550085092,0.0016858968366169895,0.0
Austin Hooper,TE,ATL,3.8723192223105549,4700.0,0.86509392837189136,0.071991757469117956,0.0332904666669121,0.013173899392917897,0.0037169673552965897,0.00084185918392522469,0.011891121559938862,0.0
Gary Barnidge,TE,CLE,3.8383159615214906,4500.0,0.83277545662443475,0.099055878564583352,0.047709980243947174,0.013398511656102513,0.0043559577102323509,0.001339607574641742,0.0013646076260576759,0.0
Dominique Jones,TE,MIA,3.8141930527040562,4500.0,0.83082324898814153,0.10667788162804433,0.041309770180082112,0.016931724514130581,0.0015662700230754832,0.00067416360967527823,0.0020169410568511223,0.0
John Phillips,TE,NO,3.7290452272546966,4500.0,0.84440999148477203,0.079904834269205749,0.070143278290363778,0.0023161001008439289,0.00050137413361630808,0.00069658894918494954,0.0020278327720129807,0.0
Alan Cross,TE,TB,3.6818297933306434,4500.0,0.85094938251944052,0.097652466393714291,0.034288071263827408,0.0090096526064179054,0.0029772069011062543,0.0014009118197559711,0.0037223084957385458,0.0
Darren Fells,TE,ARI,3.6556320355426837,4500.0,0.8380857384057171,0.11523934853320214,0.032483274586120423,0.0097382962710162481,0.0024481411604949919,0.00074716722290418293,0.0012580338205452324,0.0
A.J. Derby,TE,DEN,3.6172860532061888,4500.0,0.85470977343594268,0.091112351946927891,0.037364106445091506,0.013296241435912392,0.0017794251846483399,0.00045829288453775674,0.001279808666939623,0.0
Tyler Higbee,TE,LARM,3.5718851525875754,4500.0,0.85853171483792334,0.09696860646199458,0.030156529349668483,0.0090771668624121497,0.0015140217439361513,0.00038664469547952733,0.0033653160485853794,0.0
Seth DeValve,TE,CLE,3.5633672475841265,4500.0,0.8597566270078244,0.09069150801441081,0.034782535480370025,0.01098159024683487,0.0018103308393112312,0.00041491881946091277,0.0015624895917877395,0.0
Brandon Bostick,TE,NYJ,3.521677169178957,4500.0,0.86456598687998509,0.083232243107762588,0.04063433695613667,0.0091845548559693103,0.00085146312848080846,0.00071946548793905577,0.0008119495837274562,0.0
Rhett Ellison,TE,MIN,3.5104182655753733,4500.0,0.87396177245874795,0.078513480439420635,0.031788204290212167,0.0090711846977401308,0.003953528877181537,0.0004405303634994763,0.0022712988731978501,0.0
Nick Vannett,TE,SEA,3.4544963236837831,4500.0,0.87569978179582675,0.079998191018418388,0.031664881499260111,0.0079401936665766774,0.001704285391895561,0.0016791632864302192,0.0013135033415929442,0.0
Brent Celek,TE,PHI,3.4502541253323948,4600.0,0.87219525591282465,0.087828789633071461,0.02860545148946762,0.006392262613149638,0.0019085211271950202,0.0011686099011004555,0.0019011093231909404,0.0
Luke Willson,TE,SEA,3.4453118141229218,4500.0,0.87748607843816895,0.07687720301953975,0.034299758315379333,0.0069444985723664549,0.0018678614316589013,0.00075279981213939758,0.0017718004107468155,0.0
Stephen Anderson,TE,HOU,3.3488086595064765,4500.0,0.88526456853605007,0.078787030038170308,0.025021485029285563,0.0068811247561483034,0.0021269599717777493,0.00046125879779394731,0.0014575728707736213,0.0
Derek Carrier,TE,WAS,3.2869304365087961,4500.0,0.89096176279393857,0.077666963928512925,0.022284324866852095,0.0056780501770755509,0.0012245067242192746,0.00065349906644852787,0.0015308924429531584,0.0
Logan Paulsen,TE,CHI,3.277346911041648,4500.0,0.90173608495482738,0.063291268837468273,0.024854649370213387,0.0053942184044708111,0.0013276707235085645,0.00073281572589078612,0.002663291983620615,0.0
Nick O'Leary,TE,BUF,3.2196500030164255,4500.0,0.90878903853955539,0.061981613304221632,0.019259709933432068,0.005355962943563105,0.00074538052823179784,0.00050957292859415168,0.003358721822401863,0.0
Ben Braunecker,TE,CHI,3.2176029977243199,4500.0,0.90373310107643712,0.063811530220175827,0.024886304455363162,0.0048495881506911117,0.00067216518945453817,0.00040565713142490391,0.0016416537764532173,0.0
Jerell Adams,TE,NYG,3.2175701236010732,4500.0,0.89413839604275913,0.079953369122539669,0.019990294898917758,0.0036254306385200968,0.00067048509097512984,0.00034754921366450287,0.0012744749926240047,0.0
Marcedes Lewis,TE,JAC,3.2113924864179371,4500.0,0.90646674311629538,0.065841430918206309,0.016200243149047808,0.0072703239156104273,0.0011825735933510577,0.0015040937010811781,0.0015345916064068434,0.0
Larry Donnell,TE,NYG,3.0529503164229088,4500.0,0.92528774184101148,0.054069603863515524,0.01226267038634035,0.0058151241391509734,0.00057844527928304311,0.000450486050491387,0.0015359284402067367,0.0
Luke Stocker,TE,TB,3.0322433341503965,4500.0,0.92679731987232639,0.054632757536327084,0.012281634706999011,0.00317681145239989,0.00055990996453402517,0.00073507758251150756,0.0018164888849017103,0.0
Brandon Myers,TE,TB,3.0230859408876913,4500.0,0.928034097666394,0.054010674524007693,0.011796895277122958,0.0030488835829240077,0.00051336099230054916,0.00070796222721171778,0.001888125730038781,0.0
Clay Harbor,TE,DET,3.019296629691087,4500.0,0.92957533881186249,0.051707300790125241,0.01289933303749639,0.0019134879248575878,0.0015678635846760635,0.0005646347143739922,0.0017720411366080688,0.0
Ifeanyi Momah,TE,ARI,3.0148745445017404,4500.0,0.92754846447622774,0.054547095992555167,0.012910574474347538,0.0021466562190414224,0.00060374157183619003,0.00055387214287729372,0.0016895951231142357,0.0
Troy Niklas,TE,ARI,3.0148745445017404,4500.0,0.92754846447622774,0.054547095992555167,0.012910574474347538,0.0021466562190414224,0.00060374157183619003,0.00055387214287729372,0.0016895951231142357,0.0
Randall Telfer,TE,CLE,3.0119733191261227,4500.0,0.93091906262176094,0.049433506267575769,0.01273797149211202,0.0042039154295635929,0.00081705177778102292,0.00044662633281919288,0.0014418660783868038,0.0
Ed Dickson,TE,CAR,3.00620024395888,4500.0,0.92753893768451068,0.054769678927048523,0.013196187620538894,0.0020127814193634571,0.00055525019525407774,0.00047194494120260632,0.0014552192120815685,0.0
Jacob Tamme,TE,ATL,3.0025711459067583,4500.0,0.93019572367852699,0.051926663222954778,0.012801772277956092,0.0021708426581255979,0.0006315478967473374,0.00055474992390542016,0.0017187003417833346,0.0
Anthony Denham,TE,PHI,3.002299229320442,4500.0,0.93084768095934534,0.050953293735958312,0.013010626230217743,0.0022086519540985452,0.00064861868226956572,0.00059164384759669865,0.0017394845905134336,0.0
Chris Pantale,TE,PHI,3.002299229320442,4500.0,0.93084768095934534,0.050953293735958312,0.013010626230217743,0.0022086519540985452,0.00064861868226956572,0.00059164384759669865,0.0017394845905134336,0.0
M.J. McFarland,TE,PHI,3.002299229320442,4500.0,0.93084768095934534,0.050953293735958312,0.013010626230217743,0.0022086519540985452,0.00064861868226956572,0.00059164384759669865,0.0017394845905134336,0.0
Jace Amaro,TE,TEN,2.996037173416243,4500.0,0.93196504372679156,0.049717709939605115,0.013146326762917692,0.0022484945695107929,0.00063596594474424166,0.00063617342433344292,0.0016502856320971594,0.0
Phillip Supernaw,TE,TEN,2.9955794696633746,4500.0,0.93193291163083469,0.049863106375013927,0.013036994237664457,0.0023049754939638836,0.00062549270766774662,0.00051698355785819773,0.0017195359969967069,0.0
Jerome Cunningham,TE,TEN,2.9946168674934186,4500.0,0.93224469408700872,0.049409610555137082,0.013271781731763094,0.0021723566883914561,0.0006087319213640514,0.00059010725119321703,0.0017027177651421398,0.0
Beau Brinkley,TE,TEN,2.9946168674934186,4500.0,0.93224469408700872,0.049409610555137082,0.013271781731763094,0.0021723566883914561,0.0006087319213640514,0.00059010725119321703,0.0017027177651421398,0.0
Tyler Kroft,TE,CIN,2.9945858805772074,4500.0,0.93275595201608452,0.050107964242523714,0.011774003908186583,0.0019380349946422875,0.00065572860534100026,0.00077991390978953952,0.0019884023234317625,0.0
Matt Spaeth,TE,PIT,2.9942639553733068,4500.0,0.93207449597059311,0.04977722609768389,0.013133541565907191,0.0021088832073493189,0.00061965416204323568,0.00057138526786979069,0.0017148137285528599,0.0
Paul Lang,TE,PIT,2.9942639553733068,4500.0,0.93207449597059311,0.04977722609768389,0.013133541565907191,0.0021088832073493189,0.00061965416204323568,0.00057138526786979069,0.0017148137285528599,0.0
Xavier Grimble,TE,PIT,2.9942639553733068,4500.0,0.93207449597059311,0.04977722609768389,0.013133541565907191,0.0021088832073493189,0.00061965416204323568,0.00057138526786979069,0.0017148137285528599,0.0
James Hanna,TE,DAL,2.9941120876529226,4500.0,0.93208549989960277,0.049633413432699967,0.013263265416032224,0.0021561168107330766,0.00062289715369447368,0.00056647543213208206,0.0016723318551050395,0.0
Geoff Swaim,TE,DAL,2.9941120876529226,4500.0,0.93208549989960277,0.049633413432699967,0.013263265416032224,0.0021561168107330766,0.00062289715369447368,0.00056647543213208206,0.0016723318551050395,0.0
Eric Tomlinson,TE,NYJ,2.9918319274609426,4500.0,0.93238866194803649,0.049478441071622921,0.01315015986613725,0.0021028064680051919,0.00063431707548439534,0.00056970081819832379,0.0016759127525148589,0.0
Kellen Davis,TE,NYJ,2.9918319274609426,4500.0,0.93238866194803649,0.049478441071622921,0.01315015986613725,0.0021028064680051919,0.00063431707548439534,0.00056970081819832379,0.0016759127525148589,0.0
Anthony Fasano,TE,TEN,2.9913477536135842,4500.0,0.93206137161749403,0.050120295097350706,0.012762756915168863,0.0022375433804417192,0.00063335994112532904,0.00054846861701556709,0.0016362044314037099,0.0
Connor Hamlett,TE,CLE,2.9911882377856633,4500.0,0.93213464553283643,0.050017117786835791,0.012885645437220915,0.002138011459737593,0.00060751869108102675,0.00053717823170176544,0.0016798828605860826,0.0
Bryce Williams,TE,LARM,2.9895305123984324,4500.0,0.93260309055751889,0.049348516745978795,0.013097602357357289,0.0021342504216183061,0.00061151805573447045,0.00054605638029719007,0.0016589654814945522,0.0
Temarrick Hemingway,TE,LARM,2.9895305123984324,4500.0,0.93260309055751889,0.049348516745978795,0.013097602357357289,0.0021342504216183061,0.00061151805573447045,0.00054605638029719007,0.0016589654814945522,0.0
Benson Browne,TE,LARM,2.9895305123984324,4500.0,0.93260309055751889,0.049348516745978795,0.013097602357357289,0.0021342504216183061,0.00061151805573447045,0.00054605638029719007,0.0016589654814945522,0.0
Justice Cunningham,TE,LARM,2.9895305123984324,4500.0,0.93260309055751889,0.049348516745978795,0.013097602357357289,0.0021342504216183061,0.00061151805573447045,0.00054605638029719007,0.0016589654814945522,0.0
Tony Moeaki,TE,CHI,2.9885480125022985,4500.0,0.93293935148589713,0.048941352989334434,0.013183988861577251,0.0020831429271724405,0.00061393546557205771,0.00056892174249024204,0.001669306527956048,0.0
Justin Perillo,TE,CHI,2.9885480125022985,4500.0,0.93293935148589713,0.048941352989334434,0.013183988861577251,0.0020831429271724405,0.00061393546557205771,0.00056892174249024204,0.001669306527956048,0.0
Busta Anderson,TE,CHI,2.9885480125022985,4500.0,0.93293935148589713,0.048941352989334434,0.013183988861577251,0.0020831429271724405,0.00061393546557205771,0.00056892174249024204,0.001669306527956048,0.0
Rob Housler,TE,CHI,2.9885480125022985,4500.0,0.93293935148589713,0.048941352989334434,0.013183988861577251,0.0020831429271724405,0.00061393546557205771,0.00056892174249024204,0.001669306527956048,0.0
John Peters,TE,CIN,2.988396656347907,4500.0,0.93292211806270264,0.049024714688750783,0.013107897023218133,0.0020850654552740586,0.00061232645004648809,0.00058459247444050304,0.0016632858455667709,0.0
C.J. Uzomah,TE,CIN,2.988396656347907,4500.0,0.93292211806270264,0.049024714688750783,0.013107897023218133,0.0020850654552740586,0.00061232645004648809,0.00058459247444050304,0.0016632858455667709,0.0
Niles Paul,TE,WAS,2.9871517767830698,4500.0,0.93321011983030966,0.048944895836813371,0.012887344603941857,0.0020477627759052683,0.00058178746760849192,0.00059483302764524429,0.0017332564577755712,0.0
Wes Saxton,TE,WAS,2.9871517767830698,4500.0,0.93321011983030966,0.048944895836813371,0.012887344603941857,0.0020477627759052683,0.00058178746760849192,0.00059483302764524429,0.0017332564577755712,0.0
Darion Griswold,TE,IND,2.9865464455403692,4500.0,0.93317101575458594,0.048859392801576314,0.013049823857757383,0.00207212492816841,0.00060250608217912911,0.00057969217633324242,0.0016654443993992273,0.0
Chase Coffman,TE,IND,2.9865464455403692,4500.0,0.93317101575458594,0.048859392801576314,0.013049823857757383,0.00207212492816841,0.00060250608217912911,0.00057969217633324242,0.0016654443993992273,0.0
Nick Truesdell,TE,IND,2.9865464455403692,4500.0,0.93317101575458594,0.048859392801576314,0.013049823857757383,0.00207212492816841,0.00060250608217912911,0.00057969217633324242,0.0016654443993992273,0.0
Mike Miller,TE,IND,2.9865464455403692,4500.0,0.93317101575458594,0.048859392801576314,0.013049823857757383,0.00207212492816841,0.00060250608217912911,0.00057969217633324242,0.0016654443993992273,0.0
Beau Sandland,TE,GB,2.985630660204297,4500.0,0.93330587643425256,0.048820703413387338,0.012974025994895817,0.0020356583605124403,0.00059587599299060483,0.00058279409437635675,0.0016850657095844744,0.0
Brandon Williams,TE,SEA,2.984987198612846,4500.0,0.93339400257452065,0.049819186746084348,0.011680172360113327,0.0020492822775614126,0.00047543863749746287,0.00067610416924256882,0.001905813234980193,0.0
Michael Hoomanawanui,TE,NO,2.9838108269567343,4500.0,0.93384931267956806,0.048368233492387266,0.012735723821555026,0.0021871559404718563,0.0005660655216992471,0.00054070079361974509,0.0017528077506982352,0.0
Garrett Griffin,TE,NO,2.9838108269567343,4500.0,0.93384931267956806,0.048368233492387266,0.012735723821555026,0.0021871559404718563,0.0005660655216992471,0.00054070079361974509,0.0017528077506982352,0.0
Jake Stoneburner,TE,NO,2.9838108269567343,4500.0,0.93384931267956806,0.048368233492387266,0.012735723821555026,0.0021871559404718563,0.0005660655216992471,0.00054070079361974509,0.0017528077506982352,0.0
Kivon Cartwright,TE,TB,2.9813100507847743,4500.0,0.93376362486614273,0.048479999579668781,0.012943419983695656,0.0020221759641734062,0.00059863740990294477,0.00054322079929447866,0.0016489213971216149,0.0
Andrew DePaola,TE,TB,2.9813100507847743,4500.0,0.93376362486614273,0.048479999579668781,0.012943419983695656,0.0020221759641734062,0.00059863740990294477,0.00054322079929447866,0.0016489213971216149,0.0
Virgil Green,TE,DEN,2.980433224712018,4500.0,0.93338877799444786,0.048743168447756974,0.012871828210827659,0.0024521300284334828,0.00064540789284996852,0.00045311323376735459,0.001445574191916074,0.0
Jim Dray,TE,BUF,2.9803656547396087,4500.0,0.93372468815383314,0.048991560908166101,0.012348251491730702,0.0021193629303280495,0.0005868561776583871,0.00054051242944214161,0.0016887679088409574,0.0
Henry Krieger-Coble,TE,DEN,2.9791304798578651,4500.0,0.93421571107808876,0.048102258403028467,0.012849590604394386,0.0020324744444961502,0.00058869009252162762,0.00053387819824932993,0.0016773971792206908,0.0
Garrett Graham,TE,DEN,2.9791304798578651,4500.0,0.93421571107808876,0.048102258403028467,0.012849590604394386,0.0020324744444961502,0.00058869009252162762,0.00053387819824932993,0.0016773971792206908,0.0
Anthony Norris,TE,DEN,2.9791304798578651,4500.0,0.93421571107808876,0.048102258403028467,0.012849590604394386,0.0020324744444961502,0.00058869009252162762,0.00053387819824932993,0.0016773971792206908,0.0
E.J. Bibbs,TE,JAC,2.9788895924577341,4500.0,0.93406388009500885,0.048310669259725707,0.012828550062115656,0.0020460054652640617,0.00056734961962665237,0.0005268743369252919,0.0016566711613330513,0.0
MyCole Pruitt,TE,MIN,2.9775164024271161,4500.0,0.93438325176189818,0.04786514997868168,0.012945501262056867,0.0020635000388893555,0.00059113380686244739,0.00052827856463995564,0.0016231845869708629,0.0
Kevin McDermott,TE,MIN,2.9775164024271161,4500.0,0.93438325176189818,0.04786514997868168,0.012945501262056867,0.0020635000388893555,0.00059113380686244739,0.00052827856463995564,0.0016231845869708629,0.0
David Morgan,TE,MIN,2.9775164024271161,4500.0,0.93438325176189818,0.04786514997868168,0.012945501262056867,0.0020635000388893555,0.00059113380686244739,0.00052827856463995564,0.0016231845869708629,0.0
MarQueis Gray,TE,MIA,2.9766169756814573,4500.0,0.93460183645134332,0.047657210508174223,0.012936945743660709,0.002063494205622371,0.00055076861389569164,0.00055640202275035521,0.001633342454552973,0.0
Thomas Duarte,TE,MIA,2.9766169756814573,4500.0,0.93460183645134332,0.047657210508174223,0.012936945743660709,0.002063494205622371,0.00055076861389569164,0.00055640202275035521,0.001633342454552973,0.0
Jordan Cameron,TE,MIA,2.9766169756814573,4500.0,0.93460183645134332,0.047657210508174223,0.012936945743660709,0.002063494205622371,0.00055076861389569164,0.00055640202275035521,0.001633342454552973,0.0
Jeff Heuerman,TE,DEN,2.9760717079747643,4500.0,0.93405216432635862,0.048484914708698763,0.012765378001808504,0.0020291717904499184,0.0006114350240314252,0.00046977970071684287,0.0015871564479350542,0.0
Braxton Deaver,TE,CAR,2.9755104583963639,4500.0,0.93473646712213121,0.04751032636552633,0.012983222745869884,0.0020569750064626121,0.00055775442440872142,0.00052385071761407403,0.0016314036179867495,0.0
Scott Simonson,TE,CAR,2.9755104583963639,4500.0,0.93473646712213121,0.04751032636552633,0.012983222745869884,0.0020569750064626121,0.00055775442440872142,0.00052385071761407403,0.0016314036179867495,0.0
Chris Manhertz,TE,CAR,2.9755104583963639,4500.0,0.93473646712213121,0.04751032636552633,0.012983222745869884,0.0020569750064626121,0.00055775442440872142,0.00052385071761407403,0.0016314036179867495,0.0
Je'Ron Hamm,TE,SF,2.974652356893503,4500.0,0.93481355180437897,0.047485902896951933,0.012956911591997968,0.0020080570796507987,0.00059480477733022145,0.00052510804900202665,0.0016156638006876169,0.0
Asante Cleveland,TE,SD,2.9739691808748852,4500.0,0.93496965027136225,0.047410270264966407,0.012847228571605857,0.0020286746779685926,0.00056072444352739219,0.00055483303327675062,0.0016286187372922985,0.0
Jeff Cumberland,TE,SD,2.9739691808748852,4500.0,0.93496965027136225,0.047410270264966407,0.012847228571605857,0.0020286746779685926,0.00056072444352739219,0.00055483303327675062,0.0016286187372922985,0.0
Danny Vitale,TE,CLE,2.9721976010597753,4500.0,0.93368287470179412,0.04931355304224122,0.012403581978063136,0.0020757015267842561,0.00064598115210855254,0.00046748357916688961,0.0014108240198410129,0.0
Khari Lee,TE,DET,2.970745498299499,4500.0,0.93533048202534141,0.047126113871293715,0.01285340190082125,0.0019972707042790728,0.00055775825292904131,0.00052265948817822741,0.0016123137571568346,0.0
Brandon Pettigrew,TE,DET,2.970745498299499,4500.0,0.93533048202534141,0.047126113871293715,0.01285340190082125,0.0019972707042790728,0.00055775825292904131,0.00052265948817822741,0.0016123137571568346,0.0
Andrew Quarless,TE,DET,2.970745498299499,4500.0,0.93533048202534141,0.047126113871293715,0.01285340190082125,0.0019972707042790728,0.00055775825292904131,0.00052265948817822741,0.0016123137571568346,0.0
Orson Charles,TE,DET,2.970745498299499,4500.0,0.93533048202534141,0.047126113871293715,0.01285340190082125,0.0019972707042790728,0.00055775825292904131,0.00052265948817822741,0.0016123137571568346,0.0
Matthew Mulligan,TE,DET,2.970745498299499,4500.0,0.93533048202534141,0.047126113871293715,0.01285340190082125,0.0019972707042790728,0.00055775825292904131,0.00052265948817822741,0.0016123137571568346,0.0
Cole Wick,TE,DET,2.970745498299499,4500.0,0.93533048202534141,0.047126113871293715,0.01285340190082125,0.0019972707042790728,0.00055775825292904131,0.00052265948817822741,0.0016123137571568346,0.0
Sean McGrath,TE,SD,2.970662429077942,4500.0,0.93533133875425412,0.047314356269687517,0.012578949161257562,0.002034369122243826,0.00057034558765335023,0.0005556171172201766,0.0016150239876831093,0.0
Blake Bell,TE,SF,2.9689627152802283,4500.0,0.93475672890953498,0.047769135263005358,0.012948572696100799,0.0020847694648554521,0.00053845277998774142,0.0004313819173507437,0.0014709589691642856,0.0
Matt LaCosse,TE,NYG,2.9655071941272948,4500.0,0.93610611943184896,0.046681009741644637,0.012521332610256911,0.0019981032082064453,0.00053562286267847957,0.00052321077126529834,0.0016346013740986252,0.0
Ryan Malleck,TE,NYG,2.9655071941272948,4500.0,0.93610611943184896,0.046681009741644637,0.012521332610256911,0.0019981032082064453,0.00053562286267847957,0.00052321077126529834,0.0016346013740986252,0.0
Cory Harkey,TE,LARM,2.9593400675339669,4500.0,0.93465487824212179,0.048435302529332813,0.012786134344879092,0.0020815674663160161,0.00047624497259802254,0.00031160726168043035,0.0012542651830708708,0.0
