name,pos,team,expectation,salary,prob_0_5,prob_5_10,prob_10_15,prob_15_20,prob_20_25,prob_25_30,prob_30+,label
Robert Woods,WR,BUF,27.10642743286629,5000.0,0.0014579806439591289,0.0052208033970152631,0.0024081110969943935,0.022977167890682028,0.0035986468915020576,0.96018001051653712,0.0041572795633098829,5.0
Golden Tate,WR,DET,25.224954230134248,6300.0,0.012199278227816763,0.056581732329903371,0.0091625123961044056,0.087062400551260896,0.0094659255225441625,0.79659986410641903,0.028928286865951253,5.0
Darrius Heyward-Bey,WR,PIT,23.107852526956144,4500.0,0.070155588999873703,0.05456981211896169,0.053788842971346541,0.12841053441853684,0.032930994138312075,0.56564670018238961,0.094497527170579548,5.0
Anquan Boldin,WR,DET,21.587728272078024,5200.0,0.10503828407404119,0.10922036735194889,0.023972296752675107,0.12894002757267942,0.019609782241709717,0.52720239411447845,0.086016847892467149,5.0
Stefon Diggs,WR,MIN,21.153494511130798,6600.0,0.015808129907013715,0.065588894262052666,0.15786367642807642,0.11153588336405762,0.23777599709796127,0.40707147099434154,0.004355947946496728,5.0
Devin Street,WR,IND,19.750771058933005,4500.0,0.17349711887296207,0.079427926668593787,0.069110608859163106,0.10550216323952896,0.076719252405840196,0.40880498442846286,0.086937945525449103,5.0
Rishard Matthews,WR,TEN,17.727407397970961,6200.0,0.11109083853872322,0.17802736675759409,0.12656183645584371,0.15267874047698299,0.13035996627293328,0.21564918755617907,0.085632063941743622,5.0
T.Y. Hilton,WR,IND,17.101317371403134,7600.0,0.11056494230124506,0.29227732081346408,0.030015459249587741,0.14374499472558011,0.035491441358929419,0.3510889898181534,0.036816851733040272,5.0
Jordy Nelson,WR,GB,17.05729243258692,7100.0,0.048564960908304221,0.1810819220596015,0.14616034958643781,0.20179736640466195,0.34042592982416026,0.041227677423428262,0.040741793793405964,4.0
Jordan Matthews,WR,PHI,16.674889308158903,5900.0,0.10976983586798374,0.16205549600013883,0.21847908937118296,0.16526264858092057,0.13406171949680606,0.10898900418666679,0.10138220649630098,2.0
Robby Anderson,WR,NYJ,15.999000397442538,4700.0,0.11752257886052905,0.19411435799157714,0.19967478465420324,0.14107182530975537,0.085325960262501888,0.24204757918671094,0.020242913734722388,5.0
Mike Evans,WR,TB,15.837291243019617,8900.0,0.041138742875362684,0.26367878729569483,0.25699062024774288,0.096150240195563286,0.16313268592186975,0.14272749731727288,0.036181426146493792,1.0
Paul Turner,WR,PHI,14.492538809410258,4500.0,0.18188991809735758,0.21130920951413404,0.16548084101932103,0.15390358909441035,0.13516379626393155,0.090514187386784281,0.061738458624061063,1.0
Julio Jones,WR,ATL,14.002745532150474,8300.0,0.040846666537306835,0.2386380213455466,0.39155798021331362,0.087367167123205081,0.21855896479939094,0.0048300238581986928,0.018201176123038242,2.0
Doug Baldwin,WR,SEA,13.933665712910528,7000.0,0.12637888923615095,0.27082783914953162,0.23082452567690118,0.083283967774701068,0.18400734047442932,0.074685572077937842,0.029991865610348011,1.0
Jake Lampman,WR,NO,13.854454793412826,4500.0,0.31938704092352466,0.099307987709241333,0.15508065452705366,0.10811422273846673,0.15792835624752502,0.090543818225673436,0.069637919628515177,0.0
Davante Adams,WR,GB,13.710026134335525,6400.0,0.21946975589674414,0.18838974824118845,0.13588795200939743,0.15726349627939071,0.24462286837832761,0.014548368341030583,0.039817810853920992,4.0
Jared Dangerfield,WR,NO,13.640726636910216,4500.0,0.2855512935878442,0.14579314105026281,0.19307417030125884,0.11461464125945214,0.10540157937752342,0.053613352875312312,0.10195182154834628,0.0
Kyle Prater,WR,NO,13.640726636910216,4500.0,0.2855512935878442,0.14579314105026281,0.19307417030125884,0.11461464125945214,0.10540157937752342,0.053613352875312312,0.10195182154834628,0.0
Vincent Brown,WR,NO,13.640726636910216,4500.0,0.2855512935878442,0.14579314105026281,0.19307417030125884,0.11461464125945214,0.10540157937752342,0.053613352875312312,0.10195182154834628,0.0
Emmanuel Sanders,WR,DEN,13.632044114253052,5900.0,0.10658022808129168,0.17561648822121853,0.47838919195059415,0.04436785704174058,0.11856037511958087,0.0069928054543829683,0.069493054131191279,2.0
Michael Thomas,WR,NO,13.59495125287927,6600.0,0.15797397204962491,0.22058247572194659,0.26833621610705738,0.1276639406317843,0.13236857825062764,0.037144736207536923,0.055930081031422295,2.0
Andre Roberts,WR,DET,13.582549380036484,4500.0,0.4043503744826023,0.14588896987653391,0.024841014764592859,0.082706334019552102,0.017337287443729938,0.27214893427761788,0.052727085135371006,0.0
Levi Norwood,WR,PIT,13.581180120354809,4500.0,0.27835460034622783,0.16255963633197931,0.17619673609022105,0.12219734058718167,0.10957946481726923,0.057237604898912199,0.093874616928208837,0.0
Markus Wheaton,WR,PIT,13.581180120354809,4500.0,0.27835460034622783,0.16255963633197931,0.17619673609022105,0.12219734058718167,0.10957946481726923,0.057237604898912199,0.093874616928208837,0.0
Canaan Severin,WR,PIT,13.581180120354809,4500.0,0.27835460034622783,0.16255963633197931,0.17619673609022105,0.12219734058718167,0.10957946481726923,0.057237604898912199,0.093874616928208837,0.0
Chris Brown,WR,DAL,13.430573613900579,4500.0,0.29427311950401208,0.15197502496351992,0.17955359723552999,0.11578749847831711,0.10605086511412308,0.057915178750095296,0.094444715954402472,0.0
Daniel Braverman,WR,CHI,13.412350885419833,4500.0,0.28604018750825944,0.17120639859318096,0.16139650924365578,0.12600253491868249,0.10264674536747315,0.061815589746217987,0.090892034622529927,0.0
Kevin White,WR,CHI,13.412350885419833,4500.0,0.28604018750825944,0.17120639859318096,0.16139650924365578,0.12600253491868249,0.10264674536747315,0.061815589746217987,0.090892034622529927,0.0
Kieran Duncan,WR,CHI,13.412350885419833,4500.0,0.28604018750825944,0.17120639859318096,0.16139650924365578,0.12600253491868249,0.10264674536747315,0.061815589746217987,0.090892034622529927,0.0
Antonio Brown,WR,PIT,13.324496855668505,8800.0,0.13486671821779092,0.24248182638220556,0.28749465361448723,0.1385823727531483,0.13091969864581662,0.012502281888516245,0.05315244849803516,2.0
Kadron Boone,WR,NYG,13.029326701387655,4500.0,0.30600502443688776,0.15283776300067761,0.17902236997772938,0.11143592238557032,0.10937298035199912,0.063623640166463949,0.077702299680671924,0.0
Adam Thielen,WR,MIN,12.99471210346811,6000.0,0.1703510985299696,0.29660452153041161,0.22540168656206921,0.069311429973510905,0.12898032038419491,0.055401450031483425,0.053949492988360388,1.0
Tajae Sharpe,WR,TEN,12.938433600029782,5300.0,0.33576330316640141,0.18063506710682892,0.091005158154305266,0.12819334460013024,0.10272716483063093,0.080894073635645089,0.08078188850605808,0.0
Joshua Bellamy,WR,CHI,12.924743203548884,4900.0,0.30656855482801049,0.1711737959671657,0.16149184060233124,0.12121715319077811,0.098386934705637516,0.055972812964291081,0.085188907741785905,0.0
Aaron Dobson,WR,DET,12.920095996166321,4500.0,0.31132309473501141,0.14853661503909132,0.18910327640541263,0.1071149889194993,0.10565305252149798,0.056952977285206791,0.081315995094280516,0.0
Quinshad Davis,WR,DET,12.920095996166321,4500.0,0.31132309473501141,0.14853661503909132,0.18910327640541263,0.1071149889194993,0.10565305252149798,0.056952977285206791,0.081315995094280516,0.0
Griff Whalen,WR,SD,12.91102878445219,4500.0,0.30747416448498149,0.13593765095934948,0.19267706840575799,0.079913070515021972,0.16886873196432822,0.068427139427634287,0.046702174242926588,0.0
Deshon Foxx,WR,SEA,12.804586330430649,4500.0,0.31310478165914085,0.15672356990958125,0.17489449175511165,0.1066169195827882,0.11979338964799738,0.054836075379336234,0.074030772066044609,0.0
Kevin Smith,WR,SEA,12.804586330430649,4500.0,0.31310478165914085,0.15672356990958125,0.17489449175511165,0.1066169195827882,0.11979338964799738,0.054836075379336234,0.074030772066044609,0.0
TJ Jones,WR,DET,12.798892643390781,4600.0,0.31657018850143037,0.14843844047422972,0.1890151881881254,0.10601809210991257,0.10447530520651016,0.055522594137832795,0.079960191381958978,0.0
Kenbrell Thompkins,WR,NYJ,12.783001202048702,4500.0,0.31711868482562877,0.16668066855999716,0.16655931253164474,0.1110993577234213,0.098857182974715616,0.053251343521682336,0.086433449862910114,0.0
Jeremy Ross,WR,NYJ,12.783001202048702,4500.0,0.31711868482562877,0.16668066855999716,0.16655931253164474,0.1110993577234213,0.098857182974715616,0.053251343521682336,0.086433449862910114,0.0
Devin Smith,WR,NYJ,12.783001202048702,4500.0,0.31711868482562877,0.16668066855999716,0.16655931253164474,0.1110993577234213,0.098857182974715616,0.053251343521682336,0.086433449862910114,0.0
DeVier Posey,WR,DEN,12.681751660898536,4500.0,0.32588501003507597,0.15045954885996046,0.18298179904175688,0.10263899315518445,0.10308529318286373,0.051667852782870907,0.083281502942287755,0.0
Bralon Addison,WR,DEN,12.681751660898536,4500.0,0.32588501003507597,0.15045954885996046,0.18298179904175688,0.10263899315518445,0.10308529318286373,0.051667852782870907,0.083281502942287755,0.0
Marlon Brown,WR,DEN,12.681751660898536,4500.0,0.32588501003507597,0.15045954885996046,0.18298179904175688,0.10263899315518445,0.10308529318286373,0.051667852782870907,0.083281502942287755,0.0
Durron Neal,WR,DEN,12.681751660898536,4500.0,0.32588501003507597,0.15045954885996046,0.18298179904175688,0.10263899315518445,0.10308529318286373,0.051667852782870907,0.083281502942287755,0.0
Jaelen Strong,WR,HOU,12.675637940214148,4500.0,0.33838071395561492,0.1462986462182416,0.17104664405227299,0.10360613382090321,0.10061168899734209,0.051263085295732695,0.088793087659892439,0.0
Tevin Jones,WR,HOU,12.675637940214148,4500.0,0.33838071395561492,0.1462986462182416,0.17104664405227299,0.10360613382090321,0.10061168899734209,0.051263085295732695,0.088793087659892439,0.0
Donteea Dye,WR,TB,12.668805567678966,4500.0,0.342343018247803,0.14128200832678203,0.16195063364615209,0.1108003237766037,0.10203124739840239,0.06153407928958881,0.080058689314668044,0.0
Josh Huff,WR,TB,12.668805567678966,4500.0,0.342343018247803,0.14128200832678203,0.16195063364615209,0.1108003237766037,0.10203124739840239,0.06153407928958881,0.080058689314668044,0.0
Vincent Jackson,WR,TB,12.668805567678966,4500.0,0.342343018247803,0.14128200832678203,0.16195063364615209,0.1108003237766037,0.10203124739840239,0.06153407928958881,0.080058689314668044,0.0
Cecil Shorts III,WR,TB,12.668805567678966,4500.0,0.342343018247803,0.14128200832678203,0.16195063364615209,0.1108003237766037,0.10203124739840239,0.06153407928958881,0.080058689314668044,0.0
Adam Humphries,WR,TB,12.515425070429735,4800.0,0.2670195382414457,0.24079570625061153,0.15541389733606398,0.083130930327699956,0.14511375474152521,0.055870947968827557,0.052655225133825999,0.0
Dontrelle Inman,WR,SD,12.50164864055856,5500.0,0.15267611086991165,0.30252005531589488,0.28254108359987978,0.086675710678515941,0.092454630854738679,0.024985870856885709,0.05814653782417336,1.0
Keshawn Martin,WR,SF,12.490070981344809,4500.0,0.30516970996480675,0.18620059298904371,0.17455059944710305,0.11139832999024313,0.090560302186190295,0.061671213051175497,0.070449252371437524,0.0
Mose Frazier,WR,SF,12.490070981344809,4500.0,0.30516970996480675,0.18620059298904371,0.17455059944710305,0.11139832999024313,0.090560302186190295,0.061671213051175497,0.070449252371437524,0.0
Demaryius Thomas,WR,DEN,12.457076629090944,6900.0,0.16389037623663735,0.1736862565983516,0.44336278827510511,0.029607894060829646,0.15438452386502982,0.002200887492856437,0.032867273471190166,2.0
Marcus Easley,WR,BUF,12.308833497687889,4500.0,0.34250978933900217,0.1566637979400485,0.17154268915972376,0.10295714246186638,0.096517097751504938,0.051122624583060688,0.078686858764793727,0.0
Walt Powell,WR,BUF,12.308833497687889,4500.0,0.34250978933900217,0.1566637979400485,0.17154268915972376,0.10295714246186638,0.096517097751504938,0.051122624583060688,0.078686858764793727,0.0
Kolby Listenbee,WR,BUF,12.308833497687889,4500.0,0.34250978933900217,0.1566637979400485,0.17154268915972376,0.10295714246186638,0.096517097751504938,0.051122624583060688,0.078686858764793727,0.0
Greg Salas,WR,BUF,12.308833497687889,4500.0,0.34250978933900217,0.1566637979400485,0.17154268915972376,0.10295714246186638,0.096517097751504938,0.051122624583060688,0.078686858764793727,0.0
Hunter Sharp,WR,PHI,12.300388746762396,4500.0,0.36299325033367458,0.15332978962519675,0.14165151439758727,0.10572788293029771,0.10475021906492687,0.04519821855503401,0.086349125093282658,0.0
Chris Givens,WR,PHI,12.300388746762396,4500.0,0.36299325033367458,0.15332978962519675,0.14165151439758727,0.10572788293029771,0.10475021906492687,0.04519821855503401,0.086349125093282658,0.0
Cayleb Jones,WR,PHI,12.300388746762396,4500.0,0.36299325033367458,0.15332978962519675,0.14165151439758727,0.10572788293029771,0.10475021906492687,0.04519821855503401,0.086349125093282658,0.0
Xavier Rush,WR,PHI,12.300388746762396,4500.0,0.36299325033367458,0.15332978962519675,0.14165151439758727,0.10572788293029771,0.10475021906492687,0.04519821855503401,0.086349125093282658,0.0
Josh Doctson,WR,WAS,12.035090156033222,4500.0,0.3669091050473316,0.15025125696428801,0.15740573486565307,0.097950192043346276,0.10257531086748992,0.049400744310827617,0.075507655901063647,0.0
Dez Bryant,WR,DAL,12.018437534313454,7800.0,0.28541915532394629,0.22551413950762259,0.15650792225712218,0.050822091577223054,0.24277044591475613,0.0077807538503427542,0.031185491568987145,0.0
Maurice Harris,WR,WAS,11.991261048156304,4500.0,0.42063104458807243,0.12163887516486006,0.11603344142496701,0.080561372101485423,0.12759874122948742,0.050346696865512922,0.083189828625614776,0.0
Brandin Cooks,WR,NO,11.73672732026807,6300.0,0.30505700454523799,0.18715622759405021,0.17413370730480676,0.11173305293845266,0.17607641182799036,0.017044237939247826,0.028799357850214157,0.0
Daniel Anthrop,WR,IND,11.699861588756187,4500.0,0.38203783194085494,0.15202718098879245,0.16054931816303492,0.090917705527059856,0.093785272326820837,0.043656798199617805,0.077025892853818959,0.0
Joshua Stangby,WR,IND,11.699861588756187,4500.0,0.38203783194085494,0.15202718098879245,0.16054931816303492,0.090917705527059856,0.093785272326820837,0.043656798199617805,0.077025892853818959,0.0
Brian Tyms,WR,IND,11.699861588756187,4500.0,0.38203783194085494,0.15202718098879245,0.16054931816303492,0.090917705527059856,0.093785272326820837,0.043656798199617805,0.077025892853818959,0.0
Tevaun Smith,WR,IND,11.699861588756187,4500.0,0.38203783194085494,0.15202718098879245,0.16054931816303492,0.090917705527059856,0.093785272326820837,0.043656798199617805,0.077025892853818959,0.0
Marcus Leak,WR,IND,11.699861588756187,4500.0,0.38203783194085494,0.15202718098879245,0.16054931816303492,0.090917705527059856,0.093785272326820837,0.043656798199617805,0.077025892853818959,0.0
Quan Bray,WR,IND,11.699861588756187,4500.0,0.38203783194085494,0.15202718098879245,0.16054931816303492,0.090917705527059856,0.093785272326820837,0.043656798199617805,0.077025892853818959,0.0
Tyrell Williams,WR,SD,11.606181205790683,6800.0,0.16784206747761404,0.29833297246744794,0.30897061337223009,0.065200581845034453,0.1279220660003042,0.0057226733553275271,0.026009025482041665,2.0
Will Fuller V,WR,HOU,11.561270160613621,5400.0,0.3888126087632594,0.14376815662960551,0.16838370381500187,0.093359766702653446,0.089916519677370202,0.040307999755358551,0.075451244656750932,0.0
Jordan Payton,WR,CLE,11.45732836826347,4500.0,0.38665429668692836,0.15221254223689235,0.1695920969806986,0.086659730138168398,0.09050751027861427,0.043580098657396614,0.070793725021301351,0.0
Dwayne Bowe,WR,CLE,11.45732836826347,4500.0,0.38665429668692836,0.15221254223689235,0.1695920969806986,0.086659730138168398,0.09050751027861427,0.043580098657396614,0.070793725021301351,0.0
Rannell Hall,WR,CLE,11.45732836826347,4500.0,0.38665429668692836,0.15221254223689235,0.1695920969806986,0.086659730138168398,0.09050751027861427,0.043580098657396614,0.070793725021301351,0.0
Josh Boyce,WR,CLE,11.45732836826347,4500.0,0.38665429668692836,0.15221254223689235,0.1695920969806986,0.086659730138168398,0.09050751027861427,0.043580098657396614,0.070793725021301351,0.0
Mohamed Sanu,WR,ATL,11.358338598117609,5600.0,0.23066956714839643,0.29345959000689459,0.24293565087493252,0.087532625679384732,0.082184311442538682,0.0066113009683945777,0.056606953879458487,1.0
Marvin Jones Jr.,WR,DET,11.260548064507947,5900.0,0.38734112621178751,0.1449019986012238,0.18498092905853522,0.091311899705664265,0.088917091785605862,0.039275676811875111,0.063271277825308267,0.0
Bennie Fowler,WR,DEN,11.181100182620298,4500.0,0.41034688200975633,0.13610651925824677,0.22927235265794704,0.037048926928228448,0.067140508675267774,0.01246084772962322,0.10762396274093025,0.0
Duke Williams,WR,LARM,11.174959159472897,4500.0,0.40474113396863215,0.16075982433229694,0.1448632743724417,0.090656793452663503,0.084843322680722394,0.045813296679707918,0.068322354513535286,0.0
Paul McRoberts,WR,LARM,11.174959159472897,4500.0,0.40474113396863215,0.16075982433229694,0.1448632743724417,0.090656793452663503,0.084843322680722394,0.045813296679707918,0.068322354513535286,0.0
Nelson Spruce,WR,LARM,11.174959159472897,4500.0,0.40474113396863215,0.16075982433229694,0.1448632743724417,0.090656793452663503,0.084843322680722394,0.045813296679707918,0.068322354513535286,0.0
Taylor Gabriel,WR,ATL,11.133343044346947,5400.0,0.18831376650665679,0.35398917060325236,0.20524725957504555,0.11597703869181251,0.10197773930810228,0.011916545826765171,0.022578479488365149,1.0
Jared Abbrederis,WR,GB,10.953492965973522,4500.0,0.43004028645775555,0.14565538463263172,0.13410788391406339,0.085959917613207995,0.096179433550485569,0.045427437476454856,0.06262965635540084,0.0
Keyarris Garrett,WR,CAR,10.896110586955896,4500.0,0.40373765887715674,0.18552123211969213,0.1248505179208218,0.095185965031459305,0.081763889012594043,0.051152261642469818,0.057788475395806164,0.0
Damiere Byrd,WR,CAR,10.896110586955896,4500.0,0.40373765887715674,0.18552123211969213,0.1248505179208218,0.095185965031459305,0.081763889012594043,0.051152261642469818,0.057788475395806164,0.0
Rashawn Scott,WR,MIA,10.861740111283982,4500.0,0.39495574530226313,0.19643344925099046,0.12783709102270527,0.091802547466930146,0.087004089219491682,0.043979742408591267,0.057987335329027986,0.0
Tyler Murphy,WR,MIA,10.861740111283982,4500.0,0.39495574530226313,0.19643344925099046,0.12783709102270527,0.091802547466930146,0.087004089219491682,0.043979742408591267,0.057987335329027986,0.0
Sterling Shepard,WR,NYG,10.814274716651568,5500.0,0.38997840853999205,0.23490764008608106,0.12333636848101118,0.074634380980973164,0.065161133177742511,0.020771037429319933,0.091211031304880147,0.0
Pierre Garcon,WR,WAS,10.712786627824608,5400.0,0.2717987509339036,0.25401555349763411,0.25630525311829438,0.043235079739041712,0.154427902306665,0.0019327168280557428,0.018284743576405353,0.0
Tavarres King,WR,NYG,10.696921335597299,4500.0,0.31429077179832893,0.13268662818195862,0.37214406970923208,0.044707571357423384,0.098927112520815444,0.0063377776307103678,0.030906068801531277,2.0
Marqise Lee,WR,JAC,10.65159018986105,5400.0,0.28505077754658048,0.34068385080476599,0.13163808696329543,0.082640431866354225,0.089173535840541454,0.02569599072025416,0.045117326258208204,1.0
Isaac Fruechte,WR,MIN,10.513209639293931,4500.0,0.43558823443084638,0.1695833568662761,0.12134741746440941,0.089413409936696608,0.081299508842750931,0.047378000067357581,0.055390072391663089,0.0
Cordarrelle Patterson,WR,MIN,10.466437257764616,4900.0,0.40416760549059927,0.19888187087495823,0.16633639523531754,0.045572975659109602,0.095801700698382813,0.025499585222761117,0.063739866818871407,0.0
Jaron Brown,WR,ARI,10.437131860593615,4500.0,0.43885536635929673,0.16601889518046745,0.13696876420083179,0.079441075466468114,0.077296512391160019,0.039510226025997977,0.061909160375778059,0.0
Kendall Wright,WR,TEN,10.385618935088914,4800.0,0.50648827880258207,0.14919391741260196,0.068253012966902268,0.081541643773458142,0.054494129595090909,0.054244146300154665,0.085784871149209976,0.0
Victor Cruz,WR,NYG,10.338981509116261,4600.0,0.59066727845622091,0.11010913867674656,0.013322193908622104,0.049710563848941583,0.010284432046519675,0.15174546620854068,0.074160926854408366,0.0
Jalin Marshall,WR,NYJ,10.336302764084314,4500.0,0.48786790331351343,0.12248634515155575,0.17734723097489349,0.039969438187987913,0.051929326541630516,0.013429525275125698,0.10697023055529317,0.0
Dorial Green-Beckham,WR,PHI,10.310088645367575,4900.0,0.35966023445798206,0.24289345157218509,0.18600928904582192,0.08265245218212601,0.046003875220435239,0.015294461271903483,0.067486236249546111,0.0
Quinton Patton,WR,SF,10.211470352485627,4500.0,0.32690148084495102,0.17742509563194281,0.30254482335062072,0.10105805384334068,0.045786279454836397,0.01825845724562045,0.028025809628687899,0.0
Cole Beasley,WR,DAL,9.9223853693776292,6300.0,0.47806433016135585,0.16875693152425431,0.11980567464686477,0.034704428272299664,0.12369263449060891,0.0067460237345336235,0.068229977170082931,0.0
Paul Richardson,WR,SEA,9.6482564504362998,4500.0,0.48961098090992095,0.15883056861252215,0.10018770513697073,0.090826936218406207,0.079680594893352844,0.030912513010140114,0.049950701218687055,0.0
Nelson Agholor,WR,PHI,9.5843218080280952,4800.0,0.44280566882006356,0.1552650183579394,0.18058480560705667,0.10402700700544983,0.045282350134695733,0.04067277667182069,0.031362373402973917,0.0
Marquise Goodwin,WR,BUF,9.5284500143836848,5400.0,0.50567082910101357,0.1831452466860887,0.032290225191437316,0.14806679140853243,0.022449230382072128,0.053658594631116413,0.054719082599739385,0.0
Eli Rogers,WR,PIT,9.5140354553929125,5000.0,0.49531127718694812,0.17705307022459818,0.11874849402671162,0.072340174086562584,0.04020767437629888,0.010533135071363688,0.085806175027516834,0.0
Tyler Lockett,WR,SEA,9.4560977635607006,5100.0,0.41718376510473543,0.23092456788574908,0.13073118092314118,0.062665195862811537,0.1163164271611424,0.019060855439084659,0.023118007623335605,0.0
Percy Harvin,WR,BUF,9.4349041829010147,4900.0,0.50932569434825592,0.1502160887071432,0.075301921256983748,0.12303816602814212,0.055546313289005195,0.045237101526272389,0.041334714844197415,0.0
Rashad Ross,WR,WAS,9.3990346563156351,4500.0,0.39764946574860233,0.12855210071214193,0.33612697216381582,0.039630035092814826,0.068826630178889833,0.0033946096299524763,0.025820186473782664,0.0
Rashad Greene Sr.,WR,JAC,9.3000082282809213,4500.0,0.50526964274668207,0.16230133816848952,0.10936370489773498,0.069985129312629596,0.067829590334351361,0.037619810729200731,0.047630783810911827,0.0
Tony Washington,WR,JAC,9.3000082282809213,4500.0,0.50526964274668207,0.16230133816848952,0.10936370489773498,0.069985129312629596,0.067829590334351361,0.037619810729200731,0.047630783810911827,0.0
Mekale McKay,WR,JAC,9.3000082282809213,4500.0,0.50526964274668207,0.16230133816848952,0.10936370489773498,0.069985129312629596,0.067829590334351361,0.037619810729200731,0.047630783810911827,0.0
Justin Hardy,WR,ATL,9.2607589368938363,4600.0,0.43270508403855673,0.21961343601249139,0.1613979707255753,0.068730616761529001,0.061842128222984218,0.0039586138760067079,0.051752150362856575,0.0
Trevor Davis,WR,GB,9.1348151297287323,4500.0,0.59615258137777405,0.097298157870201879,0.058984425956963529,0.073673207989336909,0.090706458566872136,0.0085686904176104986,0.074616477821240909,0.0
Jordan Norwood,WR,DEN,9.0769336317290286,4500.0,0.484249057398629,0.14407301042502543,0.20543841320760581,0.026431856582354477,0.088409567658293817,0.0043897110715101556,0.047008383656581422,0.0
DeVante Parker,WR,MIA,9.0678532168288779,6700.0,0.41599818746605471,0.2561150056293155,0.13592532264187504,0.072423587182438881,0.081300503322656731,0.0036072278733447764,0.03463016588431423,0.0
Terrelle Pryor Sr.,WR,CLE,9.0061452871494154,6700.0,0.51237513400558221,0.13762828547716385,0.15400266430235265,0.063393668776484335,0.064886468642964615,0.022847333149158464,0.044866445646293864,0.0
Harry Douglas,WR,TEN,8.9866948715750805,4500.0,0.59818245139798265,0.12913331048354235,0.055726126408654111,0.072000135322099104,0.026336838079631535,0.023754497515496922,0.094866640792593465,0.0
Jermaine Kearse,WR,SEA,8.9648408661039927,4500.0,0.45118882492990137,0.23197994494600324,0.12410912044829824,0.058687826815146109,0.079020798543544518,0.024642890201740167,0.030370594115366415,0.0
Willie Snead,WR,NO,8.903381604094891,6100.0,0.48872341693115612,0.16713711062816933,0.14140894761363804,0.076277206730969327,0.083310153870776102,0.0078543254512477411,0.035288838774043339,0.0
Aldrick Robinson,WR,ATL,8.7678812411926064,4500.0,0.46284004216935609,0.21580445975025106,0.14582479154296227,0.061081534556331273,0.070579222327449814,0.0030626402167789582,0.040807309436870484,0.0
Jarvis Landry,WR,MIA,8.7663311665004766,6100.0,0.4670825171411187,0.24766767660067468,0.10072301070558388,0.071300094177219595,0.056663827028182304,0.0027078257420462995,0.053855048605174399,0.0
Allen Robinson,WR,JAC,8.6246336577528524,6600.0,0.43048666111911793,0.279285031984639,0.109103123178544,0.072987912466582219,0.074877898208411869,0.0048172012014216772,0.028442171841283271,0.0
Freddie Martino,WR,TB,8.6034797155772491,4500.0,0.48343741975108051,0.22490550062966566,0.099916560464353793,0.057671554871073769,0.090194171517636257,0.01534678807128371,0.028528004694906382,0.0
Tavon Austin,WR,LARM,8.5472074830778144,4900.0,0.59192219230039322,0.13431659638203963,0.099726114476840363,0.05014661718749331,0.017797089078283885,0.023699716888629652,0.082391673686319819,0.0
Kenny Britt,WR,LARM,8.5346552271202079,6900.0,0.37314566883399575,0.29191430838414445,0.21229212244415827,0.060588688078961811,0.033590526104945027,0.0071614243365012631,0.02130726181729364,0.0
Jarius Wright,WR,MIN,8.4952044906252855,4500.0,0.52369235692824545,0.14501128132569985,0.19551634220667438,0.014810322657957817,0.066769889508749222,0.0005415610301583646,0.053658246342514843,0.0
Jordan Taylor,WR,DEN,8.3982040749576043,4500.0,0.52734959890446875,0.13213360195265181,0.19276175288463673,0.023078838043074357,0.085698544302117485,0.0022678663352850366,0.036709797577765733,0.0
Randall Cobb,WR,GB,8.391844523535724,6000.0,0.57137066760754263,0.14579936596057164,0.076396730781177244,0.05113859371962292,0.10848864375630225,0.0078888447573009519,0.038917153417482454,0.0
Bryan Walters,WR,JAC,8.2697853283896876,4500.0,0.61501311476727505,0.15682655263834547,0.041311370451551428,0.045085146709589921,0.044715389590479895,0.020282662888084769,0.076765762954673258,0.0
Corey Coleman,WR,CLE,8.2271592788709604,5600.0,0.53118065751730204,0.16630804421850326,0.13015834681553709,0.081848411450393496,0.03800811047977961,0.013331566810556569,0.039164862707928114,0.0
Eric Weems,WR,ATL,8.1992979827698882,4500.0,0.5257965453334934,0.18353553446711413,0.1320800723013873,0.052331068846570253,0.060762760151563636,0.0023943016740266485,0.043099717225844686,0.0
Quincy Enunwa,WR,NYJ,8.1342032829559159,4800.0,0.49841186111714136,0.17868934727172123,0.21438966916601263,0.032928262703032181,0.023371234566180142,0.0081735460198747011,0.04403607915603782,0.0
Larry Fitzgerald,WR,ARI,8.0481599262409471,6800.0,0.37571389766244134,0.29976153327920146,0.23928573569091799,0.015774368013816951,0.066967839257738845,8.2366738997380505e-05,0.0024142593568859741,0.0
Torrey Smith,WR,SF,8.0107321541242911,4700.0,0.5062572255795359,0.11893150344644919,0.27739981872584019,0.031903440486888979,0.035896783193416541,0.0022367666658357301,0.027374461902033399,0.0
Marquess Wilson,WR,CHI,7.9306626077831242,5400.0,0.5596085649762268,0.21406578031255885,0.066458182597482415,0.069904084841544228,0.016326853864681575,0.0096711740553650123,0.063965359352141093,0.0
Charone Peake,WR,NYJ,7.8879032363130115,4500.0,0.54345275024887096,0.12226261477679956,0.20340014137244433,0.046465976815195827,0.045070448830640687,0.0179496118277017,0.02139845612834693,0.0
Travis Benjamin,WR,SD,7.8809474186603961,5100.0,0.64505182397284866,0.14365787566713339,0.035451772295897285,0.050710516016240242,0.027811842139748685,0.022870638358281417,0.074445531549850563,0.0
Brenton Bersin,WR,CAR,7.8724410282291561,4500.0,0.53172868235973125,0.14911654538534633,0.18767977175621159,0.041010927888452647,0.056500263395347618,0.013190986930404451,0.0207728222845063,0.0
A.J. Green,WR,CIN,7.8579666781276289,7500.0,0.50205564414899739,0.097117242221068559,0.29869522537172954,0.04303149207982046,0.054185098516009313,0.00046577496529055752,0.0044495226970841049,0.0
Donte Moncrief,WR,IND,7.8438074280622967,6400.0,0.56954726450674142,0.22477449609079217,0.02950403920989943,0.078162859942300753,0.018693092013775215,0.026567100211550811,0.052751148024940152,0.0
Tanner McEvoy,WR,SEA,7.8233767346369856,4500.0,0.66789697176319573,0.12004010925021083,0.023827417990462681,0.058641064021235645,0.03231466877641314,0.027013305842153865,0.070266462356327997,0.0
Cody Latimer,WR,DEN,7.7952228643703592,4500.0,0.50695673427816956,0.11317636140998476,0.29050549345001708,0.020823352916366857,0.056602170774269947,0.001069855929915046,0.01086603124127653,0.0
Allen Hurns,WR,JAC,7.7366883374258393,4800.0,0.64128323998288372,0.12859176910860803,0.060919004015559795,0.053340237770943884,0.038834776577132329,0.01276883387839369,0.064262138666478591,0.0
Dwayne Harris,WR,NYG,7.6644271811769089,4500.0,0.66608216474057236,0.12261246572609824,0.060553398234934892,0.036798432572020888,0.021520379362787324,0.0054174513274061727,0.087015708036180126,0.0
Kelvin Benjamin,WR,CAR,7.6352890639488686,6800.0,0.48881945479607819,0.25582189262459554,0.12618967307612344,0.05837389231714523,0.041272044983259024,0.0088353714598218835,0.020687670742976894,0.0
Jeremy Kerley,WR,SF,7.3870359239091066,5100.0,0.5343088479068655,0.14883696268390417,0.20769158484592495,0.063691031426805281,0.027955954304903444,0.0023742543328936073,0.015141364498703042,0.0
Brian Quick,WR,LARM,7.3480071192742269,4500.0,0.5682301998706738,0.18754842932231425,0.13314576494163982,0.039457838734967651,0.020612421345661523,0.01106432302608446,0.039941022758658497,0.0
Charles Johnson,WR,MIN,7.1965347803734492,4500.0,0.62946696456488782,0.14818240349808029,0.094983110452310726,0.029807098895745354,0.044729079067924345,0.0070553427825196498,0.045776000738531802,0.0
Tyler Boyd,WR,CIN,7.1080690745691477,5700.0,0.46580355414701857,0.28544733997902061,0.17724332305564389,0.031870527095760146,0.028395503757487839,0.00038143684443903782,0.010858315120629907,0.0
Cody Core,WR,CIN,7.0479874457529998,4500.0,0.56731185770950154,0.23276022923649267,0.084739836873497107,0.042600110965570599,0.03585856188764168,0.0017454106050608905,0.034983992722235423,0.0
Tommylee Lewis,WR,NO,6.9568994143827867,4500.0,0.67572122445499827,0.11341409552059969,0.089348580031308369,0.035712506439274233,0.025388571045082017,0.0014138816744015614,0.05900114083433574,0.0
Brandon Marshall,WR,NYJ,6.927040379826563,7200.0,0.55400217775424931,0.17012491670920199,0.21703228136215852,0.015436101987081251,0.01827490232453784,0.0010212318904095083,0.024108387972361665,0.0
Roger Lewis,WR,NYG,6.860782805501481,4500.0,0.68677665400767762,0.13519246584428829,0.052929620331508505,0.035320698740583398,0.018020538945835499,0.0089196941718627468,0.062840327958243861,0.0
Marc Mariani,WR,TEN,6.6178405380841259,4500.0,0.74308233933478363,0.085422161743966885,0.037162005244984211,0.040867520846792744,0.023376046816093499,0.0052462223392167858,0.064843703674162118,0.0
Brandon Coleman,WR,NO,6.6002987102737176,4500.0,0.69605086368825242,0.096326429571378672,0.078157160550230087,0.04246225014958039,0.047114204962404933,0.0051357806156353747,0.034753310462517999,0.0
Sammy Watkins,WR,BUF,6.4267288502767936,6000.0,0.64003482635285591,0.17552525110246714,0.09529224121618661,0.031090782608080968,0.020098867536035469,0.00077265609753126869,0.037185375086842651,0.0
Laquon Treadwell,WR,MIN,6.4083783431462837,4500.0,0.75455399375312626,0.091729348058679869,0.022160263291313511,0.037272691861300659,0.017535536271996919,0.023465007098151983,0.053283159665430811,0.0
Rod Streater,WR,SF,6.3541031619906665,4500.0,0.64337652275748225,0.11328042802298351,0.16366137158915964,0.04172572684434446,0.015604671948060821,0.0017744797168320991,0.020576799121137447,0.0
Brandon LaFell,WR,CIN,6.3467582455952227,5800.0,0.53875919130876548,0.25151787640609774,0.15578604957034131,0.025065148160163031,0.022526016599991424,0.00019000267557150332,0.0061557152790695244,0.0
Justin Hunter,WR,BUF,6.3162728225479245,5300.0,0.69894198557324005,0.13783630564988608,0.020752735907122767,0.083676380803029748,0.011660120133155134,0.013411935642957208,0.033720536290608866,0.0
Jamison Crowder,WR,WAS,6.2698132552083878,6400.0,0.60067047130470919,0.19029058076508182,0.14418509744736782,0.015693047027882032,0.036391066386231262,0.00022988146229533567,0.012539855606432653,0.0
Brice Butler,WR,DAL,6.2284174836331205,4500.0,0.75822135658027023,0.075807180235547444,0.047486693955433971,0.013269107603329654,0.057825672687049356,0.0028280087182518902,0.044561980220117398,0.0
DeSean Jackson,WR,WAS,6.1870615916317506,5800.0,0.6586947489410121,0.20912467172327548,0.031210061670167499,0.038279010607550755,0.020580968099273421,0.003341256125795008,0.038769282832925911,0.0
Phillip Dorsett,WR,IND,6.1319636750021669,4600.0,0.71696646330621716,0.13856409700660763,0.025231138584601142,0.043918973752601988,0.016272325423276616,0.028856916433207262,0.030190085493488384,0.0
Kenny Stills,WR,MIA,6.1103271681174709,5300.0,0.67957977740183539,0.16236389944604857,0.06041538976770245,0.037799586331192021,0.02458864402387808,0.0013501000918533991,0.033902602937490069,0.0
Devin Funchess,WR,CAR,6.1038313768372685,4600.0,0.62058151692995611,0.21555294182137086,0.074037094101659637,0.041404593602643598,0.029451580956762109,0.0054671540744438427,0.013505118513163859,0.0
Rashard Higgins,WR,CLE,6.0579910742266758,4500.0,0.70977605511099062,0.11112054981619357,0.075559260135400888,0.049012139884142339,0.018744862484330431,0.0035153910196890005,0.032271741549253247,0.0
Bryce Treggs,WR,PHI,6.0212355133048394,4500.0,0.70011034078954937,0.1362113509748463,0.074676365293552691,0.033357643041273283,0.015421218549518919,0.00301654067071066,0.037206540680548829,0.0
DeAndre Hopkins,WR,HOU,6.01020237889513,7100.0,0.57589088116464193,0.21305429014280974,0.17850395937784774,0.013538778988625072,0.012870899423274183,2.6272431106872211e-05,0.0061149184716945224,0.0
Russell Shepard,WR,TB,5.9244821261137162,4500.0,0.71129694353440154,0.13780215549959574,0.046015426723509334,0.039472833337084665,0.0293452254875253,0.010116123934311884,0.02595129148357142,0.0
Isaiah Burse,WR,SD,5.843658731484803,4500.0,0.71349801476962094,0.12402848461857498,0.083084567741013193,0.017943471552055626,0.02907174166916375,0.0013416219057854988,0.0310320977437861,0.0
Michael Floyd,WR,ARI,5.8139734983467104,4700.0,0.62807722640618857,0.19694992278831838,0.11516228111888828,0.014847649049270299,0.040387364700727048,0.00020886993028024027,0.0043666860063271799,0.0
Ted Ginn Jr.,WR,CAR,5.8060228972189476,4700.0,0.69850057720109526,0.15379844398433201,0.067968253893045671,0.026985286166189455,0.020266819669792668,0.0011183557069431285,0.03136226337860179,0.0
James Wright,WR,CIN,5.7315546477351145,4500.0,0.6916767936815168,0.17772509669926623,0.037931265926861878,0.043081482587995476,0.022243604656605426,0.0021446548711842118,0.025197101576569798,0.0
Deonte Thompson,WR,CHI,5.6291162563416846,4500.0,0.67388438554437802,0.16657056385297089,0.10156672665281785,0.024147233596189314,0.014254464021935332,0.0003922626151235369,0.019184363716585127,0.0
Chris Harper,WR,SF,5.6264310031887543,4500.0,0.65653283682460983,0.13822662182629653,0.16988706521475064,0.015746964635504831,0.010847300514089523,0.00018634598785680675,0.0085728649968917769,0.0
Terrance Williams,WR,DAL,5.6213405037775459,4600.0,0.79038296845016065,0.075310662483381322,0.038492480468909046,0.013478309386090783,0.040482753142249583,0.0016245552285436156,0.040228270840664757,0.0
Ricardo Louis,WR,CLE,5.540488758591934,4500.0,0.75151983779153675,0.096493520212412809,0.063731147189675097,0.039874168581421912,0.018572435462657123,0.0023520669487971332,0.027456823813499068,0.0
Andrew Hawkins,WR,CLE,5.4926248857849966,4500.0,0.7470442961882986,0.10369695332902897,0.063547593396356586,0.038623979981996959,0.019412419385086883,0.0037831370840593339,0.023891620635172622,0.0
Lucky Whitehead,WR,DAL,5.4254206214738367,4500.0,0.81407997919572705,0.059747693844830287,0.035989636869059337,0.010944935917924085,0.037338284801857559,0.00078489410553018524,0.041114575265071521,0.0
Aaron Burbridge,WR,SF,5.3853169248374764,4500.0,0.7323460043675154,0.088015471214609994,0.12181295163826558,0.027730773461013668,0.012817530686585605,0.00089511917406183417,0.016382149457947921,0.0
Chester Rogers,WR,IND,5.3521104826472516,4500.0,0.77892418674645003,0.10550193220314459,0.023933875289445572,0.038213026396870478,0.01449579149439453,0.0057483683825271968,0.033182819487167552,0.0
Jeff Janis,WR,GB,5.3233599088308043,4500.0,0.80251685952378893,0.070140757931914252,0.03449628634504863,0.024573213146079197,0.035805130601522621,0.0016279344239207214,0.030839818027725778,0.0
Geronimo Allison,WR,GB,5.2140059348382675,4500.0,0.81342232907572254,0.063074264910269864,0.030528655320691916,0.024408939891686545,0.039371046462707344,0.0012049082085882827,0.027989856130333765,0.0
Eddie Royal,WR,CHI,5.2019492010612449,5000.0,0.75434693102518846,0.10561970202985818,0.079971510254913225,0.019133311687629405,0.019302496182711123,0.00023474629947644059,0.021391302520223008,0.0
Brandon Tate,WR,BUF,5.1389827725620503,4500.0,0.7538255764947549,0.13178033121391422,0.036973517152449835,0.036169867428011017,0.020449879653452317,0.0022968761849732648,0.018503951872444253,0.0
Cameron Meredith,WR,CHI,5.1297972670965466,5400.0,0.66810536698744472,0.207536658357065,0.086739603974640353,0.017694938994549894,0.014928546248094721,0.00021478014093372788,0.00478010529727172,0.0
Sammie Coates,WR,PIT,5.0506517431574744,4600.0,0.83680855982510871,0.053447228646055396,0.038275895665673104,0.015759971761621142,0.011306909982719052,0.00065703222266267898,0.043744401896160037,0.0
Braxton Miller,WR,HOU,4.9824582346769759,4600.0,0.7419224309817809,0.12712520359098026,0.089162744464846636,0.014768939794644756,0.011485435876559503,0.00012446857878129682,0.015410776712406607,0.0
Arrelious Benn,WR,JAC,4.9375726995263989,4500.0,0.78971781004686059,0.11062876621596784,0.034162262384177869,0.020478657702947906,0.017164378664834876,0.0016967008340654335,0.026151424151145516,0.0
Leonte Carroo,WR,MIA,4.6722588817228958,4500.0,0.83340419890351269,0.077577132310985786,0.031260605206440466,0.015161492373826212,0.01103930777697814,0.00027365792823241016,0.031283605500024479,0.0
Cobi Hamilton,WR,PIT,4.6311558453223567,4500.0,0.83388514601701103,0.068869696731636953,0.038756815887425945,0.01841593293434908,0.013744519148368359,0.0010062101109293842,0.025321679170279235,0.0
Keith Mumphery,WR,HOU,4.5973605984903303,4500.0,0.788107376987768,0.10357703959764629,0.072058961435435651,0.011732044248309832,0.0090875463504830663,7.3243259757025016e-05,0.015363788120600248,0.0
Jakeem Grant,WR,MIA,4.5170077093761494,4500.0,0.84823961765222633,0.069255443308937611,0.028136913018542986,0.013632585671826444,0.01098675925175923,0.00022596574793822384,0.029522715348769074,0.0
Mike Thomas,WR,LARM,4.4810462718995669,4500.0,0.83365397163872013,0.072365663175981684,0.050893320375205678,0.012026328280325318,0.0057724907577597854,0.00099030995769536613,0.02429791581431209,0.0
Bradley Marquez,WR,LARM,4.4590050927880203,4500.0,0.83333071995663277,0.073537341029289216,0.051127188050294266,0.012062026672590008,0.0052823351331795316,0.0010657657665683596,0.023594623391445614,0.0
Pharoh Cooper,WR,LARM,4.3264835567400928,4500.0,0.83412110255869709,0.078947726012391334,0.048983136135532346,0.011912543089066797,0.005883740188270958,0.0012508433733272382,0.018900908642714188,0.0
