name,pos,team,expectation,salary,prob_0_5,prob_5_10,prob_10_15,prob_15_20,prob_20_25,prob_25_30,prob_30+,label
LeSean McCoy,RB,BUF,18.543470987292864,8300.0,0.044715182197878116,0.14372636716099882,0.1990586115288237,0.15573200561806044,0.24472564566029648,0.10501480878404396,0.10702737904989847,4.0
Le'Veon Bell,RB,PIT,17.696495420329654,9000.0,0.0052316656234456067,0.12021961766785107,0.25705460002988573,0.21920605504046936,0.27433470877619237,0.10378901832792116,0.020164334534234645,4.0
Rob Kelley,RB,WAS,17.364385893980469,5900.0,0.081309053473588216,0.15855838660262639,0.18964273809612717,0.1776881039735233,0.21847036418019539,0.07004416768049708,0.10428718599344247,4.0
Mike Gillislee,RB,BUF,17.192277223008919,5300.0,0.15384237965289563,0.15836964945298046,0.18709290347812607,0.12419002367830713,0.12986053270981757,0.059534356908543327,0.18711015411932963,6.0
Jordan Howard,RB,CHI,16.622220304405854,7800.0,0.05168096310556608,0.18950532480867219,0.21183123363805523,0.17877289115686124,0.2314407780775572,0.093201851247197764,0.043566957966090274,4.0
Carlos Hyde,RB,SF,15.598881790271406,6900.0,0.067373082826619204,0.23886744537919918,0.24134366943385074,0.16065437230679674,0.15078105130774724,0.068825473461075995,0.072154905284710982,2.0
C.J. Prosise,RB,SEA,14.773074251332845,4500.0,0.18703245949486322,0.14525108336758122,0.23776149501828409,0.17937834535731678,0.10525357492248479,0.046605553904016245,0.098717487935453652,2.0
Mark Ingram,RB,NO,14.756400467041562,7100.0,0.098772524600221887,0.24383954465788787,0.22180062389572025,0.15111068095351901,0.16732074643242956,0.080192629415154121,0.036963250045067328,1.0
Ezekiel Elliott,RB,DAL,14.661241694015855,8500.0,0.088765500564399927,0.23765096701915661,0.18562998520317675,0.24740804796310964,0.17252529581249648,0.034079498737631886,0.033940704700028738,3.0
Rashad Jennings,RB,NYG,14.260072512552883,6100.0,0.11933574275669943,0.26088701536402809,0.21468065331293915,0.12742036816166563,0.16044868383205335,0.082845764676354516,0.034381771896259614,1.0
Jhurell Pressley,RB,ATL,14.194370497610677,4500.0,0.36204162096533704,0.11341091163650667,0.10704635314343447,0.077326311257979757,0.10326458971848979,0.11572213157185206,0.12118808170640016,0.0
Gus Johnson,RB,ATL,14.194370497610677,4500.0,0.36204162096533704,0.11341091163650667,0.10704635314343447,0.077326311257979757,0.10326458971848979,0.11572213157185206,0.12118808170640016,0.0
Cyrus Gray,RB,ATL,14.194370497610677,4500.0,0.36204162096533704,0.11341091163650667,0.10704635314343447,0.077326311257979757,0.10326458971848979,0.11572213157185206,0.12118808170640016,0.0
Terron Ward,RB,ATL,14.194370497610677,4500.0,0.36204162096533704,0.11341091163650667,0.10704635314343447,0.077326311257979757,0.10326458971848979,0.11572213157185206,0.12118808170640016,0.0
Stevan Ridley,RB,ATL,14.194370497610677,4500.0,0.36204162096533704,0.11341091163650667,0.10704635314343447,0.077326311257979757,0.10326458971848979,0.11572213157185206,0.12118808170640016,0.0
Rex Burkhead,RB,CIN,14.132483140176898,4500.0,0.28507074383668601,0.17467365480318536,0.11201004597304567,0.099388587787984303,0.16233025367532045,0.068071691522459774,0.098455022401318343,0.0
Jeremy Hill,RB,CIN,14.041144478961238,6900.0,0.24187354411124126,0.20928910048998703,0.108102426747507,0.11208715582708743,0.19390360689657396,0.069985354526489144,0.064758811401114252,0.0
Ryan Mathews,RB,PHI,13.948714180426217,4600.0,0.26379125920838442,0.13004161045973514,0.17563224243264117,0.18528953068660814,0.10303046538439309,0.05596700648047883,0.086247885347759221,0.0
Sione Houma,RB,NO,13.930894357490876,4500.0,0.34968956939741691,0.12875124328986584,0.10979304556518081,0.075507037416997116,0.11400653220004951,0.12623161521428314,0.096020956916206587,0.0
Daniel Lasco,RB,NO,13.930894357490876,4500.0,0.34968956939741691,0.12875124328986584,0.10979304556518081,0.075507037416997116,0.11400653220004951,0.12623161521428314,0.096020956916206587,0.0
Thomas Rawls,RB,SEA,13.612599473668642,6500.0,0.21501777940946701,0.22406453018066,0.19926695317271551,0.1139761282273212,0.11942626691600049,0.035550811832174109,0.092697530261661706,1.0
Byron Marshall,RB,PHI,13.497280636258868,4500.0,0.36496384111361352,0.12908455008477446,0.10110974700328018,0.089883072866151201,0.10360595521753393,0.12647625030223605,0.084876583412410639,0.0
Dominique Williams,RB,NYJ,13.457593270097346,4500.0,0.38181658598283175,0.11399682250839953,0.10909738020372385,0.081455155234320328,0.10030672986021379,0.11526195627234252,0.098065369938168209,0.0
Bernard Pierce,RB,NYJ,13.457593270097346,4500.0,0.38181658598283175,0.11399682250839953,0.10909738020372385,0.081455155234320328,0.10030672986021379,0.11526195627234252,0.098065369938168209,0.0
Brandon Wilds,RB,NYJ,13.457593270097346,4500.0,0.38181658598283175,0.11399682250839953,0.10909738020372385,0.081455155234320328,0.10030672986021379,0.11526195627234252,0.098065369938168209,0.0
Glenn Winston,RB,CLE,13.43403078916446,4500.0,0.37202925131109937,0.13871610540753801,0.11715219393346672,0.071465109708067256,0.08523831125693071,0.094437729388227101,0.12096129899467085,0.0
Patrick Skov,RB,CLE,13.43403078916446,4500.0,0.37202925131109937,0.13871610540753801,0.11715219393346672,0.071465109708067256,0.08523831125693071,0.094437729388227101,0.12096129899467085,0.0
George Atkinson III,RB,CLE,13.43403078916446,4500.0,0.37202925131109937,0.13871610540753801,0.11715219393346672,0.071465109708067256,0.08523831125693071,0.094437729388227101,0.12096129899467085,0.0
Matt Jones,RB,WAS,13.414536295360978,4500.0,0.38542487032175166,0.12396667091162621,0.10801686537615088,0.07424367412499415,0.089391588758955795,0.10707111219661689,0.11188521830990426,0.0
Mack Brown,RB,WAS,13.414536295360978,4500.0,0.38542487032175166,0.12396667091162621,0.10801686537615088,0.07424367412499415,0.089391588758955795,0.10707111219661689,0.11188521830990426,0.0
Keith Marshall,RB,WAS,13.414536295360978,4500.0,0.38542487032175166,0.12396667091162621,0.10801686537615088,0.07424367412499415,0.089391588758955795,0.10707111219661689,0.11188521830990426,0.0
Silas Redd Jr.,RB,WAS,13.414536295360978,4500.0,0.38542487032175166,0.12396667091162621,0.10801686537615088,0.07424367412499415,0.089391588758955795,0.10707111219661689,0.11188521830990426,0.0
Darrel Young,RB,CHI,13.336597501286777,4500.0,0.38027228866716184,0.12110503832255358,0.10590616376814728,0.080966394304792993,0.10433397591648969,0.11602523721159089,0.091390901809263833,0.0
David Cobb,RB,CHI,13.336597501286777,4500.0,0.38027228866716184,0.12110503832255358,0.10590616376814728,0.080966394304792993,0.10433397591648969,0.11602523721159089,0.091390901809263833,0.0
Soma Vainuku,RB,HOU,13.30388537213622,4500.0,0.36217936305947335,0.14248797490387988,0.11732805304989698,0.076351654070895919,0.095564593816186733,0.11150312746780076,0.094585233631866383,0.0
Tim Hightower,RB,NO,13.230333825632181,5900.0,0.21135280119212754,0.25521726171813502,0.14212192724242156,0.11641016862031769,0.1562485027816212,0.092559711972620418,0.026089626472756606,1.0
Joique Bell,RB,CHI,13.181056095470897,4600.0,0.38806739215635616,0.12065515555741878,0.10489761046130235,0.079480236555610831,0.10242683378991421,0.11430681121894547,0.090165960260452177,0.0
Isaiah Crowell,RB,CLE,13.143230530466667,5500.0,0.34792353029212497,0.10294293436802383,0.17696745615090173,0.10759000865902558,0.10860978282374875,0.06614784529246881,0.089818442413706207,0.0
Doug Martin,RB,TB,13.114549790406162,7300.0,0.13365424757141342,0.34284348143281457,0.21238583391011942,0.10989803086839434,0.09315740187530705,0.032950279667277253,0.075110724674674015,1.0
Duke Johnson Jr.,RB,CLE,12.817845940328841,4900.0,0.4026749016649781,0.13639208094410218,0.11252666245053045,0.066227605126651531,0.079015879263160643,0.08878747252716182,0.11437539802341527,0.0
Marcus Murphy,RB,NO,12.714207917887949,4500.0,0.30363451022843668,0.16657526444802287,0.18592617420763746,0.10954123605619238,0.1085467852618279,0.050627381458556678,0.075148648339326135,0.0
Devonta Freeman,RB,ATL,12.681647911611869,7500.0,0.37897792151443821,0.21299164003959764,0.05879992885143575,0.053950646166500783,0.094410689427371741,0.092937495088898731,0.10793167891175713,0.0
Chris Johnson,RB,ARI,12.470383897137724,4500.0,0.40564922944526371,0.14650776985455269,0.1181417136078781,0.067674622891775227,0.068466384280709947,0.082497095279841282,0.11106318463997909,0.0
Tyler Ervin,RB,HOU,12.454541261359346,4500.0,0.3717298781699882,0.13111892798245731,0.1681461100573915,0.091216329598207205,0.074686396579121267,0.07270853027993511,0.090393827332899468,0.0
Bruce Miller,RB,SF,12.359307477623366,4500.0,0.41731361151859558,0.13808993238192926,0.11990502489295694,0.067524753047348021,0.066474298011874544,0.076006939193422288,0.11468544095387329,0.0
Raheem Mostert,RB,SF,12.359307477623366,4500.0,0.41731361151859558,0.13808993238192926,0.11990502489295694,0.067524753047348021,0.066474298011874544,0.076006939193422288,0.11468544095387329,0.0
Kendall Gaskins,RB,SF,12.359307477623366,4500.0,0.41731361151859558,0.13808993238192926,0.11990502489295694,0.067524753047348021,0.066474298011874544,0.076006939193422288,0.11468544095387329,0.0
Mike Davis,RB,SF,12.359307477623366,4500.0,0.41731361151859558,0.13808993238192926,0.11990502489295694,0.067524753047348021,0.066474298011874544,0.076006939193422288,0.11468544095387329,0.0
Will Johnson,RB,NYG,12.303448347128612,4500.0,0.40596130107434003,0.15204638295089865,0.11262298711636998,0.070290153569088534,0.073258271733011124,0.085561405675415592,0.10025949788087625,0.0
Shane Vereen,RB,NYG,12.303448347128612,4500.0,0.40596130107434003,0.15204638295089865,0.11262298711636998,0.070290153569088534,0.073258271733011124,0.085561405675415592,0.10025949788087625,0.0
Nikita Whitlock,RB,NYG,12.303448347128612,4500.0,0.40596130107434003,0.15204638295089865,0.11262298711636998,0.070290153569088534,0.073258271733011124,0.085561405675415592,0.10025949788087625,0.0
Christian Powell,RB,PIT,12.264193725946493,4500.0,0.40104113772353872,0.14730444760316105,0.10931321887436656,0.082094858179106847,0.079902468516221445,0.1008144919588248,0.079529377144780616,0.0
DeAngelo Williams,RB,PIT,12.264193725946493,4500.0,0.40104113772353872,0.14730444760316105,0.10931321887436656,0.082094858179106847,0.079902468516221445,0.1008144919588248,0.079529377144780616,0.0
Dreamius Smith,RB,PIT,12.264193725946493,4500.0,0.40104113772353872,0.14730444760316105,0.10931321887436656,0.082094858179106847,0.079902468516221445,0.1008144919588248,0.079529377144780616,0.0
Daryl Richardson,RB,PIT,12.264193725946493,4500.0,0.40104113772353872,0.14730444760316105,0.10931321887436656,0.082094858179106847,0.079902468516221445,0.1008144919588248,0.079529377144780616,0.0
Toben Opurum,RB,DEN,12.112778508359442,4500.0,0.4095026291674036,0.15078440058276915,0.11605185098943432,0.070150219712405565,0.075601322451737771,0.086400400639693606,0.09150917645655611,0.0
Terrell Watson,RB,DEN,12.112778508359442,4500.0,0.4095026291674036,0.15078440058276915,0.11605185098943432,0.070150219712405565,0.075601322451737771,0.086400400639693606,0.09150917645655611,0.0
Sam Bergen,RB,TEN,12.068056475870087,4500.0,0.4223990349506499,0.13795464783941519,0.10171497574703223,0.077863044719986382,0.081035495591776183,0.09947841877929145,0.079554382371848753,0.0
Darren McFadden,RB,DAL,12.009350802459917,4500.0,0.42242534557057221,0.13576348904028729,0.10658531885440378,0.078753976105891341,0.082065812210765463,0.09681901455691086,0.077587043661168975,0.0
Darius Jackson,RB,DAL,12.009350802459917,4500.0,0.42242534557057221,0.13576348904028729,0.10658531885440378,0.078753976105891341,0.082065812210765463,0.09681901455691086,0.077587043661168975,0.0
Rod Smith,RB,DAL,12.009350802459917,4500.0,0.42242534557057221,0.13576348904028729,0.10658531885440378,0.078753976105891341,0.082065812210765463,0.09681901455691086,0.077587043661168975,0.0
Chris Ivory,RB,JAC,11.935379094187324,5700.0,0.28644059520335102,0.1712198603243105,0.26974327830488698,0.084913119662118924,0.064805471233848833,0.090864487522010387,0.032013187749473246,0.0
Frank Gore,RB,IND,11.847877375591747,6000.0,0.21544086975248555,0.29574597362115851,0.21146086185231056,0.091072585121480226,0.098936957656063501,0.057190464115590915,0.030152287880910851,1.0
David Johnson,RB,ARI,11.798746204618558,9700.0,0.24743718457579761,0.29224719214112599,0.14275424509277168,0.10812990203593138,0.13200325115266537,0.049128409755010427,0.028299815246697592,1.0
George Farmer,RB,SEA,11.667996976496941,4500.0,0.47546313538166679,0.12833446766301215,0.086030761754289975,0.059888668701187725,0.068448541713579988,0.068120353293866384,0.11371407149239708,0.0
Brandon Cottom,RB,SEA,11.641495392283181,4500.0,0.4438515913872263,0.1454915664611495,0.099038728339692586,0.071722931523364578,0.068530357536749312,0.07895435352520315,0.092410471226614596,0.0
Zac Brooks,RB,SEA,11.641495392283181,4500.0,0.4438515913872263,0.1454915664611495,0.099038728339692586,0.071722931523364578,0.068530357536749312,0.07895435352520315,0.092410471226614596,0.0
Tre Madden,RB,SEA,11.641495392283181,4500.0,0.4438515913872263,0.1454915664611495,0.099038728339692586,0.071722931523364578,0.068530357536749312,0.07895435352520315,0.092410471226614596,0.0
Malcolm Johnson,RB,SEA,11.641495392283181,4500.0,0.4438515913872263,0.1454915664611495,0.099038728339692586,0.071722931523364578,0.068530357536749312,0.07895435352520315,0.092410471226614596,0.0
Charles Sims,RB,TB,11.575061127320096,4600.0,0.4404378235084232,0.14676493519956441,0.10695209102240204,0.069266144545958863,0.069096030557342217,0.078985857485736818,0.088497117680572487,0.0
Jacquizz Rodgers,RB,TB,11.548540464403295,4600.0,0.39812812130296649,0.25684518664481171,0.064297046013567852,0.051855908962806632,0.060349719067914524,0.04540260400195284,0.12312141400597994,0.0
Paul Perkins,RB,NYG,11.371253790229609,4500.0,0.30890606788605435,0.24645257192073231,0.15164204758236619,0.092268352529739153,0.1081830760370518,0.057723011375555376,0.034824872668500893,0.0
Lamar Miller,RB,HOU,11.287521009622699,7200.0,0.31119587821790973,0.22589372177136355,0.18933236848598528,0.11289685010284235,0.060335233854475853,0.05288960115564989,0.047456346411773202,0.0
Trey Williams,RB,IND,11.258176408428607,4500.0,0.43027218902855074,0.16481328278801308,0.1140999236923281,0.070624976326561589,0.068245141654629457,0.075915004266407071,0.076029482243509874,0.0
Alfred Blue,RB,HOU,11.031610047529368,5100.0,0.44726166649848875,0.17214145861126876,0.10402269872391751,0.061680622664499897,0.059887277638134576,0.070664412142171229,0.084341863721519333,0.0
Troymaine Pope,RB,SEA,11.014480473297837,4500.0,0.43116893896008113,0.20254680587498061,0.10019334496153109,0.076174823251880727,0.055717521655946255,0.015815087959449022,0.11838347733613111,0.0
Brandon Wegher,RB,CAR,10.957899940598981,4500.0,0.45776012683525236,0.15739305268223064,0.1130905099474379,0.065921888009125185,0.053126952028516999,0.06324407655472819,0.089463393942708525,0.0
Devon Johnson,RB,CAR,10.957899940598981,4500.0,0.45776012683525236,0.15739305268223064,0.1130905099474379,0.065921888009125185,0.053126952028516999,0.06324407655472819,0.089463393942708525,0.0
Cameron Artis-Payne,RB,CAR,10.957899940598981,4500.0,0.45776012683525236,0.15739305268223064,0.1130905099474379,0.065921888009125185,0.053126952028516999,0.06324407655472819,0.089463393942708525,0.0
Ameer Abdullah,RB,DET,10.857260399498443,4500.0,0.46020459285614773,0.15735169731243795,0.10719699736922234,0.070621319366359403,0.056511553026082677,0.067295828538651209,0.080818011531098619,0.0
Justin Forsett,RB,DET,10.857260399498443,4500.0,0.46020459285614773,0.15735169731243795,0.10719699736922234,0.070621319366359403,0.056511553026082677,0.067295828538651209,0.080818011531098619,0.0
Bishop Sankey,RB,MIN,10.776635036560666,4500.0,0.46754824516629712,0.15975339120012491,0.11131919021890177,0.061773156228108486,0.049012290584120627,0.058195078841672833,0.09239864776077425,0.0
C.J. Ham,RB,MIN,10.776635036560666,4500.0,0.46754824516629712,0.15975339120012491,0.11131919021890177,0.061773156228108486,0.049012290584120627,0.058195078841672833,0.09239864776077425,0.0
Isaiah Pead,RB,MIA,10.771684237593284,4500.0,0.48040677047330005,0.14342543152698375,0.10141291151296661,0.07255406657282136,0.050477022254753069,0.065126253704250431,0.086597543954924805,0.0
Daniel Thomas,RB,MIA,10.771684237593284,4500.0,0.48040677047330005,0.14342543152698375,0.10141291151296661,0.07255406657282136,0.050477022254753069,0.065126253704250431,0.086597543954924805,0.0
Denard Robinson,RB,JAC,10.76965672089236,4500.0,0.31333808254718032,0.26618594610294544,0.19237766261793116,0.08653502750788164,0.051574161849512155,0.031893955344399878,0.058095164030149436,0.0
Jay Ajayi,RB,MIA,10.727054671562385,7200.0,0.39307551390358364,0.19908389219426903,0.15227199833842772,0.10032780644531003,0.051735110285125001,0.025951818300951321,0.077553860532333235,0.0
Jonathan Stewart,RB,CAR,10.62104037913916,6500.0,0.28926544551591515,0.29230445622870149,0.18430810599559722,0.094763811390202318,0.080052893887362295,0.01779997833104063,0.041505308651181037,1.0
Wendell Smallwood,RB,PHI,10.472284718547916,5400.0,0.44780062295690437,0.17070182859171992,0.097456967411940792,0.09690206862980269,0.075232381197520418,0.060122935509490397,0.051783195702621479,0.0
Jonas Gray,RB,JAC,10.450333674734912,4500.0,0.47222227521682503,0.1677039240976152,0.11850123356833139,0.058053562560711182,0.041067913436718048,0.05266939332999656,0.089781697789802481,0.0
Bronson Hill,RB,JAC,10.450333674734912,4500.0,0.47222227521682503,0.1677039240976152,0.11850123356833139,0.058053562560711182,0.041067913436718048,0.05266939332999656,0.089781697789802481,0.0
Jonathan Grimes,RB,HOU,10.093147366042452,4500.0,0.49867797562419786,0.16226737358290463,0.085622777870425201,0.060917532939598534,0.053980118510594588,0.076019312364169117,0.062514909108110112,0.0
Shaun Draughn,RB,SF,10.048307666262323,4600.0,0.45267940578374949,0.20511690138965372,0.098818285433388886,0.064498945535951049,0.06822374670162426,0.052527607286619163,0.05813510786901338,0.0
DeMarco Murray,RB,TEN,10.031053379934074,7900.0,0.42946280614872345,0.11209124582914967,0.20751291206006203,0.11534822401649293,0.071492417759045704,0.046347532840360951,0.01774486134616534,0.0
Andre Williams,RB,SD,9.9504497838126547,4500.0,0.50894548549206386,0.15400687435820495,0.097235528327812112,0.06468122470609966,0.043877419811857568,0.054059243395186314,0.077194223908775478,0.0
Dexter McCluster,RB,SD,9.9504497838126547,4500.0,0.50894548549206386,0.15400687435820495,0.097235528327812112,0.06468122470609966,0.043877419811857568,0.054059243395186314,0.077194223908775478,0.0
Ronnie Hillman,RB,SD,9.9504497838126547,4500.0,0.50894548549206386,0.15400687435820495,0.097235528327812112,0.06468122470609966,0.043877419811857568,0.054059243395186314,0.077194223908775478,0.0
Zach Laskey,RB,LARM,9.8338021203449699,4500.0,0.50357436977479764,0.15611564924029378,0.10327491727310348,0.067892907135495562,0.045886926419001203,0.056193655215001991,0.067061574942306426,0.0
Tre Mason,RB,LARM,9.8338021203449699,4500.0,0.50357436977479764,0.15611564924029378,0.10327491727310348,0.067892907135495562,0.045886926419001203,0.056193655215001991,0.067061574942306426,0.0
Derrick Henry,RB,TEN,9.7338701867506359,5000.0,0.47906662421277402,0.11364691531842955,0.17048531680340462,0.095106221537528651,0.058159435305645192,0.045853721169796899,0.037681765652421109,0.0
John Crockett,RB,GB,9.7063062036782259,4500.0,0.50362493300583944,0.16663069853163312,0.099725198047532437,0.065735474586038442,0.043281344753982737,0.054444625768285855,0.066557725306687937,0.0
Don Jackson,RB,GB,9.7063062036782259,4500.0,0.50362493300583944,0.16663069853163312,0.099725198047532437,0.065735474586038442,0.043281344753982737,0.054444625768285855,0.066557725306687937,0.0
Todd Gurley,RB,LARM,9.1617751777478009,6900.0,0.39078700171304293,0.29061377568367441,0.1234572568974753,0.08486526662480974,0.06043488662028984,0.0169869208528351,0.032854891607872534,0.0
T.J. Yeldon,RB,JAC,9.0720429899082724,5300.0,0.42322626475287622,0.24901443918764449,0.1575248630290178,0.063374073044889151,0.039535898212150582,0.023686920516356944,0.04363754125706458,0.0
Jerick McKinnon,RB,MIN,8.9277909353727551,6000.0,0.41160781959623621,0.28722848230037668,0.11879893042335604,0.06551488264279795,0.066705902351111596,0.019048200576779223,0.031095782109342423,0.0
Darren Sproles,RB,PHI,8.8556334083195321,5600.0,0.5593072373083684,0.1448341936603432,0.061645188312603266,0.079228861123432526,0.067585128051097176,0.04874735282222685,0.038652038721928621,0.0
Melvin Gordon,RB,SD,8.8297996455104322,8200.0,0.47952319931758103,0.26386765712988347,0.072395944935192719,0.042327683056578025,0.050702565926816948,0.043454735597230058,0.047728214036717773,0.0
Tevin Coleman,RB,ATL,8.7883298486373427,5400.0,0.61049373250878713,0.14713704414090489,0.039989474130428283,0.031147477901534385,0.044958459811412887,0.042337380279739205,0.083936431227193256,0.0
Ty Montgomery,RB,GB,8.6994424454828554,4800.0,0.45635510217796876,0.2540980674504526,0.13215651111429763,0.05908239203761325,0.025064171887824817,0.021407249269063785,0.051836506062779245,0.0
Chris Thompson,RB,WAS,8.4514422825209117,5100.0,0.60662628539999319,0.12209755556531811,0.068187061613076153,0.05438955713833956,0.064065257649673107,0.025157174279599643,0.059477108354000378,0.0
James Starks,RB,GB,8.4333019705749361,5700.0,0.44766615929959958,0.28195721931826417,0.12529405263753135,0.055891809635845766,0.023792646725142547,0.022545784519969483,0.042852327863646983,0.0
Travaris Cadet,RB,NO,8.4184789518182246,4500.0,0.61668545519355145,0.12995272880712846,0.047579279069708526,0.03548550466829048,0.062730789389543462,0.065317164541666167,0.04224907833011126,0.0
Dwayne Washington,RB,DET,8.2623172617053697,4500.0,0.4818040141970994,0.25547608984616299,0.12734255011822687,0.040794355274764299,0.028670482769830447,0.015462690203740899,0.05044981759017509,0.0
Adrian Peterson,RB,MIN,8.109611118345919,6500.0,0.61973474295316788,0.13099462481859464,0.081205817766568669,0.037671834420613295,0.029936067418691828,0.038142494443012535,0.062314418179351058,0.0
Jonathan Williams,RB,BUF,8.0760827949253002,4500.0,0.67004957872401116,0.09635609187676511,0.056239839303413107,0.033087644182276069,0.03808283366135419,0.023606372219965817,0.082577640032214558,0.0
Orleans Darkwa,RB,NYG,7.3741570644384549,4500.0,0.60975557856121076,0.14241210425995138,0.099073239500877874,0.046523955527520672,0.05188484315043989,0.026743482038889346,0.02360679696111008,0.0
Devontae Booker,RB,DEN,7.2414778120135974,6600.0,0.6177883859909663,0.18429337120565437,0.058419429912221398,0.032341608841192901,0.037969793329477877,0.034305892101356122,0.034881518619131018,0.0
Theo Riddick,RB,DET,7.1065374195377533,6300.0,0.5304410791774341,0.25793793735029519,0.11944875502962096,0.029492287574654892,0.020971220744171425,0.012664260004991917,0.029044460118831352,0.0
Reggie Bush,RB,BUF,6.6668593907181553,4500.0,0.74455840391300498,0.080782785498437107,0.04585601366144279,0.023434271130449023,0.027408457773718961,0.017200014208715021,0.060760053814232336,0.0
John Kuhn,RB,NO,6.5634548452767287,4500.0,0.65651688090833749,0.15672563304794548,0.066329074977922953,0.037687640760536364,0.040067355431709514,0.018268236423303878,0.024405178450244289,0.0
Andy Janovich,RB,DEN,6.5361515752644674,4500.0,0.72974105809594136,0.08137526678633579,0.060792010201425634,0.026508155814246648,0.032214918658514752,0.036672634730716636,0.032695955712819171,0.0
Alex Collins,RB,SEA,6.4739914477491203,4500.0,0.74098894438778029,0.078160010980620143,0.051945960382982936,0.028001755315687039,0.029932052937623684,0.034866942575871397,0.036104333419434635,0.0
Jalston Fowler,RB,TEN,6.4641701736724766,4500.0,0.70616358671709112,0.083415542401456891,0.085973095014552664,0.045694645160850089,0.029909879824508216,0.024488188804444384,0.024355062077096624,0.0
Antonio Andrews,RB,TEN,6.4641701736724766,4500.0,0.70616358671709112,0.083415542401456891,0.085973095014552664,0.045694645160850089,0.029909879824508216,0.024488188804444384,0.024355062077096624,0.0
Mike James,RB,DET,6.4105004444787745,4500.0,0.68181509018169795,0.12055569736210404,0.091136935398826446,0.039274670010909805,0.022426088584708941,0.012935142424640281,0.031856376037112513,0.0
Patrick DiMarco,RB,ATL,6.3616213258548822,4500.0,0.76541798101268321,0.090821309911597314,0.022786672608945867,0.017667671280024815,0.021963504524964209,0.022437344133361473,0.058905516528422922,0.0
Zach Zenner,RB,DET,6.3162673621898326,4500.0,0.63933817424498018,0.19586906075478394,0.081870555715409382,0.023744481063199763,0.016079730925815317,0.0080306993755146616,0.035067297920296878,0.0
Matt Forte,RB,NYJ,6.3137227649558829,7700.0,0.73424185953945076,0.10504808044468968,0.031970330269240996,0.022332151316762555,0.043365605437515969,0.037650592095038488,0.025391380897301662,0.0
Aaron Ripkowski,RB,GB,6.2879303212856215,4600.0,0.64669476759388,0.19454279895183824,0.069134971493757524,0.03189624894833485,0.01245627221124178,0.010018419052240055,0.03525652174870756,0.0
Akeem Hunt,RB,HOU,6.2299775081689512,4500.0,0.7206839892660275,0.10515209635344309,0.064523791351997664,0.034779349699159488,0.018549714188062186,0.021841978461260451,0.034469080680049578,0.0
Jerome Felton,RB,BUF,6.1350417346195751,4500.0,0.77995415362630616,0.072596351937876724,0.035431459481377631,0.019409972568684725,0.022443792346791808,0.013682510882132327,0.056481759156830763,0.0
Cedric Peerman,RB,CIN,6.1219234691978537,4500.0,0.78115786414801547,0.078623731023737556,0.021017359015383218,0.018268578078695311,0.028687886660965205,0.023613875380467664,0.048630705692735615,0.0
Peyton Barber,RB,TB,6.1118712428254174,4500.0,0.67734493155516406,0.18163259536728393,0.050443978615707701,0.025578171860288157,0.01960695717863515,0.0069103490520045956,0.038483016370916306,0.0
Kapri Bibbs,RB,DEN,6.0057824206130697,5500.0,0.72980170482718487,0.124037794154049,0.046298224527837072,0.02132811416947725,0.023765060574299002,0.020347670166153409,0.034421431580999404,0.0
Ryan Hewitt,RB,CIN,5.8953779435734743,4500.0,0.76203196660722727,0.097343091742097182,0.034687577670689876,0.023247795663988182,0.030896945633902283,0.011750583553315997,0.040042039128779114,0.0
Mike Tolbert,RB,CAR,5.851256936734293,4500.0,0.69951315773617284,0.15679832679053685,0.051004586527864472,0.028425290191421107,0.029904963776009652,0.011167150356450611,0.023186524621544288,0.0
Jeremy Langford,RB,CHI,5.8395573819674906,4600.0,0.74244267247460061,0.10573117642929412,0.050948895822893803,0.027803639917490994,0.029648596791723859,0.015990279511286423,0.027434739052710121,0.0
Fitzgerald Toussaint,RB,PIT,5.8060025554871411,4500.0,0.72397353755562499,0.12467158356262385,0.053199775994616262,0.032413208019061009,0.028395705074356761,0.015628868312133067,0.021717321481584086,0.0
Andre Ellington,RB,ARI,5.7136635630546762,4500.0,0.74177300075483232,0.11849502110818919,0.04700269647445128,0.02669309789105824,0.024069076790420887,0.012606331771885328,0.029360775209162835,0.0
DuJuan Harris,RB,SF,5.7110220810398777,4700.0,0.73450564436121013,0.12979555112767649,0.051999854131152684,0.023839850860074535,0.016376806524970138,0.0075016842193771447,0.035980608775539019,0.0
C.J. Spiller,RB,NYJ,5.7089110666119929,4500.0,0.78301831166782376,0.08005612514106461,0.03207033366438912,0.02056312510562873,0.030088868212249674,0.024520308447209149,0.029682927761634673,0.0
Christine Michael,RB,GB,5.5244331508786448,4700.0,0.73747702935117254,0.15174289688734444,0.033988828407146378,0.018543797287306374,0.01137141305243479,0.013763463461625361,0.033112571552970253,0.0
Robert Turbin,RB,IND,5.5119647702714856,4500.0,0.71760283393044477,0.14931835931786039,0.055832424621555181,0.025587324009029407,0.021556780479179614,0.011496102082019797,0.018606175559910849,0.0
Jay Prosch,RB,HOU,5.446728927415772,4500.0,0.77588664196908452,0.089807544852922402,0.04926238768193749,0.025984359662383324,0.014171782968116433,0.01692938947958152,0.02795789338597441,0.0
Matt Asiata,RB,MIN,5.3549517231680346,5800.0,0.70180341843429905,0.1753751295922947,0.06073107211738471,0.021554381441371357,0.018742266607986204,0.0047589311285549957,0.017034800678109051,0.0
Kenyan Drake,RB,MIA,5.339411221687504,4500.0,0.81036036574368553,0.070690503720155368,0.035723934553702173,0.021908471438047892,0.01054575208748571,0.0081172480827656681,0.042653724374157875,0.0
Damien Williams,RB,MIA,5.2605338943221165,4600.0,0.81211882720817874,0.072255626430757447,0.033778144539092787,0.02240066842106465,0.011272840914871508,0.0087525378176176259,0.039421354668417251,0.0
Ka'Deem Carey,RB,CHI,5.2187198785942037,4500.0,0.78765536607214681,0.092754574615922097,0.036680334703404503,0.023742170619492704,0.02402700078972014,0.012079586077858273,0.023060967121455341,0.0
Bilal Powell,RB,NYJ,5.1843600217796233,5600.0,0.80872450157535847,0.07807003419361612,0.027400225280060853,0.01705790218200446,0.024995669772049273,0.021027134341295762,0.022724532655615005,0.0
Bobby Rainey,RB,NYG,5.0623306435640867,4500.0,0.76136027681270158,0.12606596756583718,0.04458778302208348,0.021596763131485265,0.021554512964946392,0.010139515613717759,0.014695180889228191,0.0
Jordan Todman,RB,IND,5.0525019005744252,4500.0,0.7595806122331944,0.1287479695949294,0.046536886641706569,0.021821686003097522,0.017532966615144169,0.009658333440572469,0.016121545471355518,0.0
Fozzy Whittaker,RB,CAR,5.0319374991943002,4500.0,0.76597720678993964,0.12850253588568994,0.040085550696128867,0.020594394571211906,0.018545023172125547,0.0061125277287347986,0.020182761156169328,0.0
Kenjon Barner,RB,PHI,5.0137432836259368,4600.0,0.80849099306259975,0.081517391404216585,0.029268104008607413,0.027699331227363167,0.018530837412872841,0.012488676518691658,0.022004666365648722,0.0
Alfred Morris,RB,DAL,4.9420721806752663,4700.0,0.79996668282147854,0.091193751486655053,0.029811467412144698,0.032939250809254111,0.020560502255450721,0.0062641703487108548,0.01926417486630605,0.0
Kenneth Farrow,RB,SD,4.8928040724644175,4500.0,0.79871465400202946,0.11127502169330948,0.027525349254363955,0.014122961189652445,0.011700492978376149,0.010157097950908151,0.026504422931360506,0.0
Lance Dunbar,RB,DAL,4.8906743837336197,4500.0,0.80571715871043659,0.088269961448533024,0.028179407830817585,0.031271407755604393,0.02093752386038103,0.0070784877561729529,0.01854605263805444,0.0
Paul Lasike,RB,CHI,4.7127005136174533,4500.0,0.8259987002449054,0.078030970282611786,0.030991055488806533,0.018015207203291118,0.017613444147721136,0.0085009492332045744,0.020849673399459267,0.0
Roosevelt Nix,RB,PIT,4.6738417469065698,4500.0,0.81070423748042775,0.094211597080191223,0.033593679336706539,0.019469920535301187,0.017504893231939975,0.0096078740575130626,0.014907798277920142,0.0
Malcolm Brown,RB,LARM,4.6099362407578477,4500.0,0.80009032333141583,0.11415436765421094,0.034490483109306858,0.017476403940789045,0.010973634364355894,0.0038453029336908244,0.01896948466623077,0.0
Benny Cunningham,RB,LARM,4.5610883740659096,4500.0,0.80088358677330851,0.11703826981684244,0.031268389937632299,0.017851124298836472,0.011541230393466356,0.0041925076124939755,0.017224891167420018,0.0
Will Tukuafu,RB,SEA,4.5609112542093149,4500.0,0.84332583996894983,0.071764766621230186,0.027865909467196442,0.014894944186533008,0.011530356749021588,0.003425855876929714,0.02719232713013936,0.0
Keith Smith,RB,DAL,4.5269179371638213,4500.0,0.83316746648437445,0.07839948432333782,0.023507498313445188,0.026356090629932879,0.016791805112911309,0.0052140961619312485,0.016563558974067086,0.0
Michael Burton,RB,DET,4.4885211403422005,4500.0,0.80061251602789507,0.12121878641045096,0.038336891106556643,0.010604667714597218,0.0066913466581671457,0.0035002525778316971,0.019035539504501115,0.0
Juwan Thompson,RB,DEN,4.4337485339411646,4500.0,0.84714156043864619,0.076353204535827807,0.023364074486693146,0.010894427095837675,0.011418531015368643,0.010048245233028075,0.020779957194598575,0.0
Derek Watt,RB,SD,4.4234281285557957,4500.0,0.8353059451834558,0.093939876216178067,0.021623119048448464,0.010916589531712781,0.0087992886605423454,0.0077640604513536894,0.021651120908308927,0.0
Josh Ferguson,RB,IND,4.3610844269313933,4500.0,0.81725507807468278,0.10557814079341617,0.031983066978252955,0.014416746749582141,0.01225792121500752,0.0066120764675333355,0.01189696972152514,0.0
Chase Reynolds,RB,LARM,4.3338664203507404,4500.0,0.82416819869140601,0.10273581785799057,0.029287686935337256,0.014641060174609782,0.0092697146069985088,0.0032492252527445507,0.016648296480913365,0.0
Corey Grant,RB,JAC,4.2255652709877554,4500.0,0.83019204975938565,0.098625530408447279,0.033657140001500323,0.012069041509177158,0.006505234892218369,0.0041575617337103396,0.014793441695561,0.0
Stepfan Taylor,RB,ARI,4.111504418729802,4500.0,0.86371466638978689,0.069877247064820833,0.024920075124955521,0.010952360411173426,0.0089120850444546623,0.0043167425009113481,0.017306823463897357,0.0
Kerwynn Williams,RB,ARI,4.111504418729802,4500.0,0.86371466638978689,0.069877247064820833,0.024920075124955521,0.010952360411173426,0.0089120850444546623,0.0043167425009113481,0.017306823463897357,0.0
Zach Line,RB,MIN,4.0315879539948147,4500.0,0.84111746563460155,0.098670932196321989,0.027997266859384671,0.0097512037183038122,0.0080457802649687004,0.002331593968426156,0.01208575735799303,0.0
