name,pos,team,expectation,salary,prob_0_5,prob_5_10,prob_10_15,prob_15_20,prob_20_25,prob_25_30,prob_30+,label
Dak Prescott,QB,DAL,19.264285714285716,8000.0,0.064285714285714279,0.062857142857142861,0.17571428571428571,0.23571428571428571,0.23000000000000001,0.12857142857142856,0.10285714285714286,3.0
Matt Ryan,QB,ATL,18.889285714285716,8300.0,0.06142857142857143,0.091428571428571428,0.17857142857142858,0.23285714285714285,0.1957142857142857,0.14142857142857143,0.098571428571428574,3.0
Drew Brees,QB,NO,18.485714285714288,8700.0,0.051428571428571428,0.10857142857142857,0.18142857142857144,0.25142857142857145,0.19714285714285715,0.12142857142857143,0.088571428571428565,3.0
Ben Roethlisberger,QB,PIT,18.0,8100.0,0.07857142857142857,0.11142857142857143,0.18285714285714286,0.22714285714285715,0.19142857142857142,0.12,0.088571428571428565,3.0
Aaron Rodgers,QB,GB,17.875,8000.0,0.054285714285714284,0.11714285714285715,0.20428571428571429,0.26571428571428574,0.17571428571428571,0.09285714285714286,0.089999999999999997,3.0
Russell Wilson,QB,SEA,17.714285714285715,7900.0,0.067142857142857143,0.11428571428571428,0.21571428571428572,0.23285714285714285,0.18428571428571427,0.097142857142857142,0.088571428571428565,3.0
Andy Dalton,QB,CIN,17.389285714285712,7700.0,0.074285714285714288,0.098571428571428574,0.22285714285714286,0.27571428571428569,0.16285714285714287,0.081428571428571433,0.084285714285714283,3.0
Matthew Stafford,QB,DET,17.364285714285714,8500.0,0.062857142857142861,0.14285714285714285,0.18857142857142858,0.26571428571428574,0.16857142857142857,0.088571428571428565,0.082857142857142851,3.0
Kirk Cousins,QB,WAS,17.321428571428573,7600.0,0.085714285714285715,0.13285714285714287,0.19142857142857142,0.22285714285714286,0.16285714285714287,0.13285714285714287,0.071428571428571425,3.0
Jameis Winston,QB,TB,17.12142857142857,8200.0,0.062857142857142861,0.10428571428571429,0.22857142857142856,0.25714285714285712,0.21285714285714286,0.088571428571428565,0.045714285714285714,3.0
Eli Manning,QB,NYG,16.914285714285711,7700.0,0.054285714285714284,0.12714285714285714,0.23142857142857143,0.28000000000000003,0.16428571428571428,0.088571428571428565,0.054285714285714284,3.0
Ryan Tannehill,QB,MIA,16.857142857142858,7100.0,0.088571428571428565,0.12714285714285714,0.21428571428571427,0.24285714285714285,0.16857142857142857,0.07857142857142857,0.080000000000000002,3.0
Tyrod Taylor,QB,BUF,16.492857142857144,7600.0,0.09571428571428571,0.11714285714285715,0.20857142857142857,0.26714285714285713,0.16714285714285715,0.09571428571428571,0.048571428571428571,3.0
Marcus Mariota,QB,TEN,16.24285714285714,7900.0,0.12857142857142856,0.12142857142857143,0.17714285714285713,0.2742857142857143,0.14999999999999999,0.077142857142857138,0.071428571428571425,3.0
Philip Rivers,QB,SD,16.057142857142857,8000.0,0.087142857142857147,0.13428571428571429,0.25428571428571428,0.24285714285714285,0.1657142857142857,0.050000000000000003,0.065714285714285711,2.0
Cam Newton,QB,CAR,15.446428571428571,7800.0,0.091428571428571428,0.1657142857142857,0.23571428571428571,0.25714285714285712,0.14428571428571429,0.055714285714285716,0.050000000000000003,3.0
Carson Wentz,QB,PHI,15.217857142857142,6500.0,0.088571428571428565,0.14714285714285713,0.27857142857142858,0.24428571428571427,0.16285714285714287,0.037142857142857144,0.041428571428571426,2.0
Sam Bradford,QB,MIN,15.139285714285714,6900.0,0.088571428571428565,0.17285714285714285,0.28142857142857142,0.20428571428571429,0.16,0.042857142857142858,0.050000000000000003,2.0
Blake Bortles,QB,JAC,14.810714285714285,6900.0,0.089999999999999997,0.19428571428571428,0.27714285714285714,0.1957142857142857,0.14571428571428571,0.058571428571428573,0.038571428571428569,2.0
Andrew Luck,QB,IND,14.385714285714284,8200.0,0.16285714285714287,0.15857142857142856,0.23000000000000001,0.2257142857142857,0.11428571428571428,0.054285714285714284,0.054285714285714284,2.0
Trevor Siemian,QB,DEN,14.192857142857143,7000.0,0.24571428571428572,0.11,0.22,0.18142857142857144,0.11142857142857143,0.037142857142857144,0.094285714285714292,0.0
Brock Osweiler,QB,HOU,13.9,6500.0,0.14285714285714285,0.18857142857142858,0.27857142857142858,0.19,0.10428571428571429,0.050000000000000003,0.045714285714285714,2.0
Colin Kaepernick,QB,SF,13.846428571428572,7300.0,0.24428571428571427,0.14571428571428571,0.20142857142857143,0.17714285714285713,0.11142857142857143,0.024285714285714285,0.09571428571428571,0.0
Ryan Fitzpatrick,QB,NYJ,13.75,7200.0,0.20428571428571429,0.15857142857142856,0.21857142857142858,0.20000000000000001,0.11571428571428571,0.051428571428571428,0.051428571428571428,2.0
Carson Palmer,QB,ARI,13.739285714285714,7400.0,0.13714285714285715,0.18714285714285714,0.26571428571428574,0.22428571428571428,0.11285714285714285,0.045714285714285714,0.027142857142857142,2.0
Case Keenum,QB,LARM,13.046428571428571,6000.0,0.31857142857142856,0.13857142857142857,0.16857142857142857,0.16428571428571428,0.074285714285714288,0.025714285714285714,0.11,0.0
Matt Barkley,QB,CHI,11.339285714285715,6200.0,0.43428571428571427,0.11428571428571428,0.13857142857142857,0.12714285714285714,0.072857142857142856,0.02,0.09285714285714286,0.0
Blaine Gabbert,QB,SF,11.24642857142857,6300.0,0.45428571428571429,0.10714285714285714,0.11,0.13,0.082857142857142851,0.034285714285714287,0.081428571428571433,0.0
Brian Hoyer,QB,CHI,11.164285714285715,6000.0,0.50857142857142856,0.089999999999999997,0.09285714285714286,0.094285714285714292,0.077142857142857138,0.017142857142857144,0.12,0.0
Cody Kessler,QB,CLE,11.046428571428573,6000.0,0.36142857142857143,0.17857142857142858,0.17000000000000001,0.14142857142857143,0.064285714285714279,0.025714285714285714,0.058571428571428573,0.0
Jared Goff,QB,LARM,11.02142857142857,6700.0,0.35571428571428571,0.17285714285714285,0.16142857142857142,0.17142857142857143,0.062857142857142861,0.032857142857142856,0.042857142857142858,0.0
Bryce Petty,QB,NYJ,11.014285714285714,6100.0,0.45000000000000001,0.11285714285714285,0.13142857142857142,0.12857142857142856,0.064285714285714279,0.032857142857142856,0.080000000000000002,0.0
Trevone Boykin,QB,SEA,10.782142857142857,6000.0,0.59285714285714286,0.057142857142857141,0.058571428571428573,0.077142857142857138,0.050000000000000003,0.011428571428571429,0.15285714285714286,0.0
Josh McCown,QB,CLE,10.703571428571427,6400.0,0.39714285714285713,0.15285714285714286,0.16857142857142857,0.12142857142857143,0.088571428571428565,0.021428571428571429,0.050000000000000003,0.0
Landry Jones,QB,PIT,10.357142857142858,6000.0,0.58857142857142852,0.058571428571428573,0.077142857142857138,0.072857142857142856,0.058571428571428573,0.021428571428571429,0.12285714285714286,0.0
AJ McCarron,QB,CIN,10.275,5900.0,0.68999999999999995,0.021428571428571429,0.025714285714285714,0.042857142857142858,0.027142857142857142,0.0057142857142857143,0.18714285714285714,0.0
Keith Wenning,QB,CIN,10.207142857142857,5000.0,0.7014285714285714,0.021428571428571429,0.02,0.038571428571428569,0.02,0.0042857142857142859,0.19428571428571428,0.0
Jeff Driskel,QB,CIN,10.207142857142857,5000.0,0.7014285714285714,0.021428571428571429,0.02,0.038571428571428569,0.02,0.0042857142857142859,0.19428571428571428,0.0
Shaun Hill,QB,MIN,9.9499999999999993,6000.0,0.60571428571428576,0.057142857142857141,0.085714285714285715,0.074285714285714288,0.031428571428571431,0.022857142857142857,0.12285714285714286,0.0
Paxton Lynch,QB,DEN,9.8785714285714299,6100.0,0.52714285714285714,0.072857142857142856,0.12571428571428572,0.13428571428571429,0.054285714285714284,0.017142857142857144,0.068571428571428575,0.0
Matt Schaub,QB,ATL,9.5214285714285722,6000.0,0.68142857142857138,0.022857142857142857,0.057142857142857141,0.047142857142857146,0.041428571428571426,0.01,0.14000000000000001,0.0
Scott Tolzien,QB,IND,9.0964285714285715,6000.0,0.60571428571428576,0.07857142857142857,0.070000000000000007,0.10714285714285714,0.040000000000000001,0.014285714285714285,0.084285714285714283,0.0
Mark Sanchez,QB,DAL,8.9142857142857146,5000.0,0.70428571428571429,0.044285714285714282,0.051428571428571428,0.032857142857142856,0.017142857142857144,0.0042857142857142859,0.14571428571428571,0.0
Mike Glennon,QB,TB,8.7964285714285708,6000.0,0.67285714285714282,0.058571428571428573,0.054285714285714284,0.057142857142857141,0.029999999999999999,0.017142857142857144,0.11,0.0
Kevin Hogan,QB,CLE,8.7892857142857146,6000.0,0.60428571428571431,0.07857142857142857,0.094285714285714292,0.089999999999999997,0.052857142857142859,0.0071428571428571426,0.072857142857142856,0.0
Taylor Heinicke,QB,MIN,8.7678571428571441,5000.0,0.73857142857142855,0.022857142857142857,0.027142857142857142,0.040000000000000001,0.017142857142857144,0.01,0.14428571428571429,0.0
Jake Heaps,QB,SEA,8.3321428571428573,5000.0,0.76857142857142857,0.015714285714285715,0.027142857142857142,0.028571428571428571,0.01,0.0028571428571428571,0.14714285714285713,0.0
Derek Anderson,QB,CAR,8.2892857142857146,5000.0,0.6785714285714286,0.058571428571428573,0.068571428571428575,0.067142857142857143,0.018571428571428572,0.012857142857142857,0.09571428571428571,0.0
Joe Webb,QB,CAR,8.2142857142857135,5000.0,0.68999999999999995,0.045714285714285714,0.071428571428571425,0.064285714285714279,0.022857142857142857,0.011428571428571429,0.094285714285714292,0.0
Robert Griffin III,QB,CLE,8.1892857142857149,6200.0,0.68285714285714283,0.050000000000000003,0.070000000000000007,0.072857142857142856,0.027142857142857142,0.0071428571428571426,0.089999999999999997,0.0
Sean Mannion,QB,LARM,8.0107142857142861,5000.0,0.72999999999999998,0.032857142857142856,0.047142857142857146,0.055714285714285716,0.02,0.01,0.10428571428571429,0.0
Ryan Nassib,QB,NYG,8.0,5000.0,0.75571428571428567,0.024285714285714285,0.028571428571428571,0.051428571428571428,0.015714285714285715,0.0042857142857142859,0.12,0.0
Josh Johnson,QB,NYG,8.0,5000.0,0.75571428571428567,0.024285714285714285,0.028571428571428571,0.051428571428571428,0.015714285714285715,0.0042857142857142859,0.12,0.0
Tony Romo,QB,DAL,7.992857142857142,6000.0,0.77142857142857146,0.014285714285714285,0.032857142857142856,0.029999999999999999,0.021428571428571429,0.0014285714285714286,0.12857142857142856,0.0
Brandon Weeden,QB,HOU,7.9107142857142865,6000.0,0.73285714285714287,0.029999999999999999,0.050000000000000003,0.052857142857142859,0.025714285714285714,0.01,0.098571428571428574,0.0
B.J. Daniels,QB,CHI,7.8571428571428577,5000.0,0.76428571428571423,0.02,0.034285714285714287,0.041428571428571426,0.017142857142857144,0.0057142857142857143,0.11714285714285715,0.0
Josh Woodrum,QB,CHI,7.8571428571428577,5000.0,0.76428571428571423,0.02,0.034285714285714287,0.041428571428571426,0.017142857142857144,0.0057142857142857143,0.11714285714285715,0.0
David Fales,QB,CHI,7.8571428571428577,5000.0,0.76428571428571423,0.02,0.034285714285714287,0.041428571428571426,0.017142857142857144,0.0057142857142857143,0.11714285714285715,0.0
Jake Rudock,QB,DET,7.8499999999999996,5000.0,0.7857142857142857,0.02,0.017142857142857144,0.025714285714285714,0.015714285714285715,0.0042857142857142859,0.13142857142857142,0.0
Dan Orlovsky,QB,DET,7.8499999999999996,5000.0,0.7857142857142857,0.02,0.017142857142857144,0.025714285714285714,0.015714285714285715,0.0042857142857142859,0.13142857142857142,0.0
Chase Daniel,QB,PHI,7.8392857142857135,5000.0,0.76428571428571423,0.021428571428571429,0.031428571428571431,0.044285714285714282,0.015714285714285715,0.0071428571428571426,0.11571428571428571,0.0
Ryan Griffin,QB,TB,7.8285714285714274,5000.0,0.77285714285714291,0.022857142857142857,0.025714285714285714,0.035714285714285712,0.014285714285714285,0.0057142857142857143,0.12285714285714286,0.0
Drew Stanton,QB,ARI,7.7857142857142865,6000.0,0.68428571428571427,0.06142857142857143,0.081428571428571433,0.051428571428571428,0.040000000000000001,0.0071428571428571426,0.074285714285714288,0.0
Austin Davis,QB,DEN,7.7750000000000004,5500.0,0.76428571428571423,0.018571428571428572,0.038571428571428569,0.041428571428571426,0.02,0.0042857142857142859,0.11285714285714285,0.0
Tom Savage,QB,HOU,7.7750000000000004,5000.0,0.75285714285714289,0.025714285714285714,0.038571428571428569,0.050000000000000003,0.018571428571428572,0.01,0.10428571428571429,0.0
Dustin Vaughan,QB,PIT,7.7678571428571441,5000.0,0.78285714285714281,0.017142857142857144,0.027142857142857142,0.031428571428571431,0.01,0.0042857142857142859,0.12714285714285714,0.0
Zach Mettenberger,QB,PIT,7.7678571428571441,5000.0,0.78285714285714281,0.017142857142857144,0.027142857142857142,0.031428571428571431,0.01,0.0042857142857142859,0.12714285714285714,0.0
Jameill Showers,QB,DAL,7.7392857142857139,5000.0,0.79428571428571426,0.012857142857142857,0.022857142857142857,0.024285714285714285,0.011428571428571429,0.0014285714285714286,0.13285714285714287,0.0
Christian Hackenberg,QB,NYJ,7.7142857142857153,5000.0,0.77000000000000002,0.017142857142857144,0.032857142857142856,0.045714285714285714,0.015714285714285715,0.0071428571428571426,0.11142857142857143,0.0
Brandon Doughty,QB,MIA,7.6714285714285708,5000.0,0.7857142857142857,0.018571428571428572,0.021428571428571429,0.038571428571428569,0.0057142857142857143,0.0071428571428571426,0.12285714285714286,0.0
Matt Moore,QB,MIA,7.6392857142857151,5500.0,0.78285714285714281,0.018571428571428572,0.024285714285714285,0.040000000000000001,0.0085714285714285719,0.0071428571428571426,0.11857142857142858,0.0
Griffin Neal,QB,NO,7.4607142857142863,5000.0,0.80428571428571427,0.014285714285714285,0.017142857142857144,0.028571428571428571,0.0071428571428571426,0.0042857142857142859,0.12428571428571429,0.0
Garrett Grayson,QB,NO,7.4607142857142863,5000.0,0.80428571428571427,0.014285714285714285,0.017142857142857144,0.028571428571428571,0.0071428571428571426,0.0042857142857142859,0.12428571428571429,0.0
Luke McCown,QB,NO,7.4607142857142863,5000.0,0.80428571428571427,0.014285714285714285,0.017142857142857144,0.028571428571428571,0.0071428571428571426,0.0042857142857142859,0.12428571428571429,0.0
Christian Ponder,QB,SF,7.4107142857142847,5200.0,0.79285714285714282,0.017142857142857144,0.021428571428571429,0.038571428571428569,0.012857142857142857,0.0042857142857142859,0.11285714285714285,0.0
Charlie Whitehurst,QB,CLE,7.3714285714285719,6000.0,0.72142857142857142,0.050000000000000003,0.067142857142857143,0.050000000000000003,0.028571428571428571,0.0085714285714285719,0.074285714285714288,0.0
Matt Cassel,QB,TEN,7.2285714285714286,6000.0,0.76000000000000001,0.027142857142857142,0.058571428571428573,0.041428571428571426,0.02,0.0042857142857142859,0.088571428571428565,0.0
Kellen Clemens,QB,SD,7.2214285714285715,5000.0,0.75142857142857145,0.040000000000000001,0.044285714285714282,0.052857142857142859,0.024285714285714285,0.0042857142857142859,0.082857142857142851,0.0
Stephen Morris,QB,IND,7.1357142857142861,6000.0,0.78714285714285714,0.025714285714285714,0.029999999999999999,0.034285714285714287,0.021428571428571429,0.0042857142857142859,0.097142857142857142,0.0
Chad Henne,QB,JAC,7.0535714285714288,5500.0,0.74857142857142855,0.047142857142857146,0.054285714285714284,0.044285714285714282,0.02,0.01,0.07571428571428572,0.0
EJ Manuel,QB,BUF,6.9214285714285708,5000.0,0.80714285714285716,0.02,0.024285714285714285,0.034285714285714287,0.0085714285714285719,0.0057142857142857143,0.10000000000000001,0.0
Logan Thomas,QB,BUF,6.9214285714285708,5000.0,0.80714285714285716,0.02,0.024285714285714285,0.034285714285714287,0.0085714285714285719,0.0057142857142857143,0.10000000000000001,0.0
Cardale Jones,QB,BUF,6.9214285714285708,5000.0,0.80714285714285716,0.02,0.024285714285714285,0.034285714285714287,0.0085714285714285719,0.0057142857142857143,0.10000000000000001,0.0
Brett Hundley,QB,GB,6.8892857142857142,5000.0,0.77428571428571424,0.034285714285714287,0.048571428571428571,0.037142857142857144,0.015714285714285715,0.0085714285714285719,0.081428571428571433,0.0
Nate Sudfeld,QB,WAS,6.8571428571428577,5000.0,0.81285714285714283,0.017142857142857144,0.027142857142857142,0.028571428571428571,0.0071428571428571426,0.0071428571428571426,0.10000000000000001,0.0
Brandon Allen,QB,JAC,6.8357142857142863,5000.0,0.79571428571428571,0.027142857142857142,0.034285714285714287,0.034285714285714287,0.011428571428571429,0.0057142857142857143,0.091428571428571428,0.0
Colt McCoy,QB,WAS,6.8250000000000002,5500.0,0.81000000000000005,0.017142857142857144,0.029999999999999999,0.029999999999999999,0.01,0.0071428571428571426,0.09571428571428571,0.0
Joe Callahan,QB,GB,6.8071428571428578,5000.0,0.80428571428571427,0.025714285714285714,0.029999999999999999,0.028571428571428571,0.0085714285714285719,0.0085714285714285719,0.094285714285714292,0.0
Alex Tanney,QB,TEN,6.7107142857142854,5000.0,0.81999999999999995,0.017142857142857144,0.025714285714285714,0.027142857142857142,0.0057142857142857143,0.0057142857142857143,0.098571428571428574,0.0
