name,pos,team,expectation,salary,prob_0_5,prob_5_10,prob_10_15,prob_15_20,prob_20_25,prob_25_30,prob_30+
Robert Woods,WR,BUF,23.494084774060667,5000.0,0.034154580526300306,0.063162390140133043,0.042991845408842426,0.11625033925252767,0.043094832194148031,0.68247236919145027,0.017873643286598292
Darrius Heyward-Bey,WR,PIT,18.911240866255973,4500.0,0.17220522059856461,0.086437906801509548,0.093477580157070528,0.13195304157350901,0.085843774621067417,0.35061014178871025,0.079472334459568625
Golden Tate,WR,DET,18.761433610941815,6300.0,0.064492632224619484,0.23301091081798381,0.067858317090830206,0.1827206019238018,0.033397236816699837,0.34571568877927161,0.072804612346793127
Stefon Diggs,WR,MIN,17.776767050792177,6600.0,0.031092423135303644,0.13062859928318241,0.22934630756760335,0.1421048721934724,0.30210243707616208,0.15960467598854197,0.0051206847557340096
Julio Jones,WR,ATL,17.115825929284082,8300.0,0.035878678143059867,0.13889392684149185,0.25387456814560888,0.1149609807085301,0.38724297961328824,0.04453358027784883,0.024615286270172235
Rishard Matthews,WR,TEN,16.62325387930834,6200.0,0.14142305900325169,0.14406014261055422,0.18766085478311345,0.12229903386342195,0.16109190782961394,0.19234554775941703,0.051119454150627713
Jordy Nelson,WR,GB,16.613659077283565,7100.0,0.049517306095484534,0.16459434214248864,0.19872514430761226,0.23882954561887013,0.26083506725112487,0.045255057307225253,0.042243537277194321
Jordan Matthews,WR,PHI,16.130350431387633,5900.0,0.16046708197407553,0.11545562272286387,0.23297972947291193,0.12124345976977259,0.1786755712608597,0.11762542396051594,0.073553110839000457
Emmanuel Sanders,WR,DEN,16.104858201627323,5900.0,0.07522542768654232,0.18863021331919047,0.3209689959735002,0.074056479686347154,0.19193610908311168,0.046132315310478414,0.10305045894082972
Devin Street,WR,IND,16.007145408369844,4500.0,0.25224111151383843,0.12209497343896041,0.10314476089136262,0.10436283104831265,0.104905351069653,0.26386441947829364,0.049386552559579182
Mike Evans,WR,TB,15.865033729903853,8900.0,0.042680282135561624,0.21595119991999701,0.29576495270628889,0.12181416527488846,0.17124846155568968,0.1176178673656408,0.034923071041933561
Robby Anderson,WR,NYJ,15.723113878910056,4700.0,0.10465909164508411,0.20382506791724256,0.21745540102452035,0.13743337067495648,0.12479459806028938,0.18833510523779723,0.023497365440109934
Paul Turner,WR,PHI,14.498261004764709,4500.0,0.18774959530666452,0.22158656285608822,0.15335346055606605,0.13612838071023881,0.12497693141749144,0.12151140020892884,0.054693668944522232
Demaryius Thomas,WR,DEN,14.415327198922403,6900.0,0.12630550850233424,0.20948409326591796,0.29577548839357082,0.052503808738350338,0.23874007988013921,0.021455342621436162,0.055735678598251154
Anquan Boldin,WR,DET,14.346753537111328,5200.0,0.27098281498557819,0.22497034373056887,0.072477500200054917,0.13372158346709778,0.033192856317674026,0.16984511388271509,0.094809787416311062
Taylor Gabriel,WR,ATL,14.115309514583684,5400.0,0.1567016221813948,0.22850613467843342,0.184610502401021,0.15267195431751251,0.17727388815319006,0.062206660582632751,0.038029237685815391
Dontrelle Inman,WR,SD,14.038348774713599,5500.0,0.11021485650774276,0.27104590112260279,0.26596609495859275,0.1101610501739987,0.11869092186042345,0.070695209339276768,0.0532259660373628
Davante Adams,WR,GB,13.771186765116644,6400.0,0.20237070050955844,0.16950495938685015,0.18418797297473444,0.19169226730132613,0.18685001112484426,0.020787983522539001,0.044606105180147591
Mohamed Sanu,WR,ATL,13.542412717890302,5600.0,0.22807078588303126,0.20361707706897364,0.19336440039043784,0.11119394437127411,0.14570057141644693,0.043728925803556092,0.074324295066280147
Antonio Brown,WR,PIT,13.477027764550783,8800.0,0.14937279258536171,0.22646387920533664,0.2643038540925069,0.15152119748022727,0.1400401947234822,0.01221862549990591,0.056079456413179393
Adam Humphries,WR,TB,13.08006652452074,4800.0,0.24833748509231951,0.20144306989853972,0.18819418233549817,0.10086505437514005,0.15138655233534248,0.055658843928478897,0.054114812034681131
Michael Thomas,WR,NO,13.01833204949078,6600.0,0.18636380545504685,0.25598428623204822,0.23804933693145516,0.10949405288440575,0.10414956633299918,0.04148677549887185,0.064472176665172951
Adam Thielen,WR,MIN,12.967572731899207,6000.0,0.16860579326431813,0.28741639280769654,0.2388721465586793,0.078843514024622627,0.11846982618521516,0.0551374085976572,0.052654918561811037
Tyrell Williams,WR,SD,12.963521051810893,6800.0,0.12400642390448392,0.28528204027629284,0.28421922918197573,0.094348056026201485,0.15155779561615321,0.029402397525391623,0.031184057469501366
Levi Norwood,WR,PIT,12.805716892495264,4500.0,0.32407969561895361,0.16706284636591245,0.15308483739945825,0.10509850476614836,0.097132547996697946,0.075956693329602948,0.077584874523226502
Markus Wheaton,WR,PIT,12.805716892495264,4500.0,0.32407969561895361,0.16706284636591245,0.15308483739945825,0.10509850476614836,0.097132547996697946,0.075956693329602948,0.077584874523226502
Canaan Severin,WR,PIT,12.805716892495264,4500.0,0.32407969561895361,0.16706284636591245,0.15308483739945825,0.10509850476614836,0.097132547996697946,0.075956693329602948,0.077584874523226502
Doug Baldwin,WR,SEA,12.754177690020004,7000.0,0.15612729321196231,0.30123869936355446,0.22555705748818913,0.097480268030500444,0.14135261500262994,0.045303316872344609,0.032940750030819067
Bennie Fowler,WR,DEN,12.575496014502969,4500.0,0.35022636756015124,0.14186300885723502,0.19629337829178051,0.047162295370582849,0.11967146323902382,0.053743976690678312,0.091039509990548093
Daniel Braverman,WR,CHI,12.565280637640063,4500.0,0.3288604371188133,0.16879485117377746,0.1534829039034343,0.10392860051560117,0.099123269286922569,0.079165338104373262,0.066644599897077869
Kevin White,WR,CHI,12.565280637640063,4500.0,0.3288604371188133,0.16879485117377746,0.1534829039034343,0.10392860051560117,0.099123269286922569,0.079165338104373262,0.066644599897077869
Kieran Duncan,WR,CHI,12.565280637640063,4500.0,0.3288604371188133,0.16879485117377746,0.1534829039034343,0.10392860051560117,0.099123269286922569,0.079165338104373262,0.066644599897077869
T.Y. Hilton,WR,IND,12.526131017268611,7600.0,0.15326593027478741,0.44050442496924325,0.081621207278899724,0.12816804699565279,0.035828952234664521,0.11354328973521664,0.047068148511535374
Keshawn Martin,WR,SF,12.157575607418103,4500.0,0.33247838725505241,0.18161283262801411,0.15608405570972203,0.097161370265752514,0.10012087436619661,0.077173032910057365,0.055369446865204834
Mose Frazier,WR,SF,12.157575607418103,4500.0,0.33247838725505241,0.18161283262801411,0.15608405570972203,0.097161370265752514,0.10012087436619661,0.077173032910057365,0.055369446865204834
Donteea Dye,WR,TB,12.028907326064452,4500.0,0.34976390449932393,0.17377658636551158,0.14593477006624783,0.10227649124983437,0.089197824675336546,0.084875456113541914,0.054174967030203747
Josh Huff,WR,TB,12.028907326064452,4500.0,0.34976390449932393,0.17377658636551158,0.14593477006624783,0.10227649124983437,0.089197824675336546,0.084875456113541914,0.054174967030203747
Vincent Jackson,WR,TB,12.028907326064452,4500.0,0.34976390449932393,0.17377658636551158,0.14593477006624783,0.10227649124983437,0.089197824675336546,0.084875456113541914,0.054174967030203747
Cecil Shorts III,WR,TB,12.028907326064452,4500.0,0.34976390449932393,0.17377658636551158,0.14593477006624783,0.10227649124983437,0.089197824675336546,0.084875456113541914,0.054174967030203747
Joshua Bellamy,WR,CHI,11.970729504291613,4900.0,0.35489217897928299,0.1698905548526532,0.15093409136556366,0.098051676892010664,0.092988011413833407,0.073201716856725357,0.060041769639930714
Kenbrell Thompkins,WR,NYJ,11.967596584758315,4500.0,0.34370192292476937,0.18572156103622725,0.15243122112439331,0.094184298409807146,0.094185390421423112,0.066600388526955726,0.063175217556424107
Jeremy Ross,WR,NYJ,11.967596584758315,4500.0,0.34370192292476937,0.18572156103622725,0.15243122112439331,0.094184298409807146,0.094185390421423112,0.066600388526955726,0.063175217556424107
Devin Smith,WR,NYJ,11.967596584758315,4500.0,0.34370192292476937,0.18572156103622725,0.15243122112439331,0.094184298409807146,0.094185390421423112,0.066600388526955726,0.063175217556424107
Tajae Sharpe,WR,TEN,11.925706357499173,5300.0,0.37794785006395193,0.15035214016008117,0.12904865828030621,0.097543551771988271,0.11507659835256373,0.080965361906189984,0.049065839464918708
Kadron Boone,WR,NYG,11.618396130522472,4500.0,0.36089928824207151,0.18203969939264505,0.15019264172891214,0.090056963788577943,0.089747841309386275,0.075880792899266261,0.051182772639140686
DeVier Posey,WR,DEN,11.511459538453112,4500.0,0.3580036615771765,0.18963916433061179,0.15250125323001607,0.089488915474227299,0.089763079426131223,0.069196230652778953,0.051407695309058053
Bralon Addison,WR,DEN,11.511459538453112,4500.0,0.3580036615771765,0.18963916433061179,0.15250125323001607,0.089488915474227299,0.089763079426131223,0.069196230652778953,0.051407695309058053
Marlon Brown,WR,DEN,11.511459538453112,4500.0,0.3580036615771765,0.18963916433061179,0.15250125323001607,0.089488915474227299,0.089763079426131223,0.069196230652778953,0.051407695309058053
Durron Neal,WR,DEN,11.511459538453112,4500.0,0.3580036615771765,0.18963916433061179,0.15250125323001607,0.089488915474227299,0.089763079426131223,0.069196230652778953,0.051407695309058053
Jaelen Strong,WR,HOU,11.489034158796093,4500.0,0.38207745129806714,0.17490059610528993,0.13939761658036928,0.086601807077094015,0.091015587906511708,0.065867924717653112,0.060139016315014754
Tevin Jones,WR,HOU,11.489034158796093,4500.0,0.38207745129806714,0.17490059610528993,0.13939761658036928,0.086601807077094015,0.091015587906511708,0.065867924717653112,0.060139016315014754
Dez Bryant,WR,DAL,11.448365262509766,7800.0,0.29091238555251459,0.24044205847478817,0.17541647843863931,0.055043823798015028,0.19944093914520616,0.01089015711028133,0.027854157480555371
Hunter Sharp,WR,PHI,11.428571073649032,4500.0,0.39130375610887341,0.17526702792653789,0.12741779855499247,0.089590636532539791,0.08979799874106377,0.063600265835028882,0.063022516300963755
Chris Givens,WR,PHI,11.428571073649032,4500.0,0.39130375610887341,0.17526702792653789,0.12741779855499247,0.089590636532539791,0.08979799874106377,0.063600265835028882,0.063022516300963755
Cayleb Jones,WR,PHI,11.428571073649032,4500.0,0.39130375610887341,0.17526702792653789,0.12741779855499247,0.089590636532539791,0.08979799874106377,0.063600265835028882,0.063022516300963755
Xavier Rush,WR,PHI,11.428571073649032,4500.0,0.39130375610887341,0.17526702792653789,0.12741779855499247,0.089590636532539791,0.08979799874106377,0.063600265835028882,0.063022516300963755
Aaron Dobson,WR,DET,11.369796472820576,4500.0,0.36693220342104138,0.18890619432698341,0.14906444493841403,0.089484451134110285,0.084330102470589433,0.071457651354656593,0.049824952354204956
Quinshad Davis,WR,DET,11.369796472820576,4500.0,0.36693220342104138,0.18890619432698341,0.14906444493841403,0.089484451134110285,0.084330102470589433,0.071457651354656593,0.049824952354204956
Marqise Lee,WR,JAC,11.366843038936718,5400.0,0.26367421500928206,0.33139030095514649,0.14300992769660412,0.080451695257570024,0.084896061831285438,0.035157717856393683,0.061420081393718254
Maurice Harris,WR,WAS,11.324007165760346,4500.0,0.4161872281916949,0.14847555834183004,0.12061729329441481,0.083285090589094418,0.10337629230276686,0.080433096718824065,0.047625440561375111
Jared Dangerfield,WR,NO,11.294339530469461,4500.0,0.39292447843475264,0.16896271125753834,0.14546044168659159,0.086994507269893509,0.078060261834050682,0.069083103029559542,0.058514496487613823
Kyle Prater,WR,NO,11.294339530469461,4500.0,0.39292447843475264,0.16896271125753834,0.14546044168659159,0.086994507269893509,0.078060261834050682,0.069083103029559542,0.058514496487613823
Vincent Brown,WR,NO,11.294339530469461,4500.0,0.39292447843475264,0.16896271125753834,0.14546044168659159,0.086994507269893509,0.078060261834050682,0.069083103029559542,0.058514496487613823
TJ Jones,WR,DET,11.230071505393271,4600.0,0.37344935846178501,0.1889397768023256,0.14822811669034425,0.088064779971341489,0.082874353382319382,0.069971305363273659,0.048472309328610776
Chris Brown,WR,DAL,10.987340582919177,4500.0,0.41771150209225494,0.15999039431695317,0.13830613036065265,0.084309140049196291,0.073034056636185826,0.071610155125118369,0.05503862141963891
Deshon Foxx,WR,SEA,10.962428768327985,4500.0,0.39031975097764171,0.1903511437770469,0.13808564733825465,0.083974920744736836,0.082954756636147806,0.067213364657919397,0.047100415868252629
Kevin Smith,WR,SEA,10.962428768327985,4500.0,0.39031975097764171,0.1903511437770469,0.13808564733825465,0.083974920744736836,0.082954756636147806,0.067213364657919397,0.047100415868252629
Pierre Garcon,WR,WAS,10.949426637907044,5400.0,0.23140475428497534,0.30428020309663312,0.24321009139537947,0.071930988823418654,0.10903222207395823,0.0091054834591340148,0.031036256866501202
Jordan Norwood,WR,DEN,10.922651915326146,4500.0,0.39637009066361878,0.19191051418372804,0.15818321178596409,0.039796134942882998,0.119312602240113,0.022775845782355066,0.071651600401337917
Josh Doctson,WR,WAS,10.909918403659596,4500.0,0.41471052193411301,0.17074882315526849,0.13149968158517944,0.084820041172989899,0.075785167096776115,0.070131846907771522,0.052303918147901564
Daniel Anthrop,WR,IND,10.866956001065812,4500.0,0.40142591069511768,0.1781157999602945,0.1453200697341018,0.084743949139166677,0.075358971930080801,0.065841276580807198,0.049194021960431572
Joshua Stangby,WR,IND,10.866956001065812,4500.0,0.40142591069511768,0.1781157999602945,0.1453200697341018,0.084743949139166677,0.075358971930080801,0.065841276580807198,0.049194021960431572
Brian Tyms,WR,IND,10.866956001065812,4500.0,0.40142591069511768,0.1781157999602945,0.1453200697341018,0.084743949139166677,0.075358971930080801,0.065841276580807198,0.049194021960431572
Tevaun Smith,WR,IND,10.866956001065812,4500.0,0.40142591069511768,0.1781157999602945,0.1453200697341018,0.084743949139166677,0.075358971930080801,0.065841276580807198,0.049194021960431572
Marcus Leak,WR,IND,10.866956001065812,4500.0,0.40142591069511768,0.1781157999602945,0.1453200697341018,0.084743949139166677,0.075358971930080801,0.065841276580807198,0.049194021960431572
Quan Bray,WR,IND,10.866956001065812,4500.0,0.40142591069511768,0.1781157999602945,0.1453200697341018,0.084743949139166677,0.075358971930080801,0.065841276580807198,0.049194021960431572
Duke Williams,WR,LARM,10.864462920896949,4500.0,0.38558460594622024,0.20055717638252679,0.13971566192698667,0.083716840453747485,0.081246567440999784,0.061931445469483003,0.047247702380035908
Paul McRoberts,WR,LARM,10.864462920896949,4500.0,0.38558460594622024,0.20055717638252679,0.13971566192698667,0.083716840453747485,0.081246567440999784,0.061931445469483003,0.047247702380035908
Nelson Spruce,WR,LARM,10.864462920896949,4500.0,0.38558460594622024,0.20055717638252679,0.13971566192698667,0.083716840453747485,0.081246567440999784,0.061931445469483003,0.047247702380035908
Jalin Marshall,WR,NYJ,10.706642912054603,4500.0,0.46921997997747672,0.11215354913773715,0.16783409934223623,0.040425174989191265,0.098664534335288781,0.032329421424980687,0.079373240793089023
Marcus Easley,WR,BUF,10.670430309952817,4500.0,0.42130987315047785,0.17763537307290536,0.12662921294074966,0.081625088367905621,0.079546876202981384,0.064012501734569988,0.049241074530410191
Walt Powell,WR,BUF,10.670430309952817,4500.0,0.42130987315047785,0.17763537307290536,0.12662921294074966,0.081625088367905621,0.079546876202981384,0.064012501734569988,0.049241074530410191
Kolby Listenbee,WR,BUF,10.670430309952817,4500.0,0.42130987315047785,0.17763537307290536,0.12662921294074966,0.081625088367905621,0.079546876202981384,0.064012501734569988,0.049241074530410191
Greg Salas,WR,BUF,10.670430309952817,4500.0,0.42130987315047785,0.17763537307290536,0.12662921294074966,0.081625088367905621,0.079546876202981384,0.064012501734569988,0.049241074530410191
Brandin Cooks,WR,NO,10.649032237922771,6300.0,0.35989212630471989,0.20768099780888202,0.16210606537826683,0.083500970447870734,0.13655848915393487,0.017014886554219552,0.033246464352106056
Jordan Payton,WR,CLE,10.569248477959427,4500.0,0.42165168650203017,0.18182269597185166,0.12710706945206821,0.076800939350586517,0.085792864441061559,0.060081501957147572,0.046743242325254404
Dwayne Bowe,WR,CLE,10.569248477959427,4500.0,0.42165168650203017,0.18182269597185166,0.12710706945206821,0.076800939350586517,0.085792864441061559,0.060081501957147572,0.046743242325254404
Rannell Hall,WR,CLE,10.569248477959427,4500.0,0.42165168650203017,0.18182269597185166,0.12710706945206821,0.076800939350586517,0.085792864441061559,0.060081501957147572,0.046743242325254404
Josh Boyce,WR,CLE,10.569248477959427,4500.0,0.42165168650203017,0.18182269597185166,0.12710706945206821,0.076800939350586517,0.085792864441061559,0.060081501957147572,0.046743242325254404
Quinton Patton,WR,SF,10.514066009483477,4500.0,0.33521603109821979,0.19012310896434975,0.25002682161070028,0.098008806307537652,0.07283294170680546,0.014914415379603771,0.038877874932783316
Tavarres King,WR,NYG,10.318003440335524,4500.0,0.36683187174475063,0.17635138049236215,0.23778407119462577,0.055770456411913881,0.11090036494421376,0.026389148470650374,0.025972706741483408
Eli Rogers,WR,PIT,10.30195428872022,5000.0,0.45670776908833621,0.17571732365504733,0.12200121382331842,0.08848504739663729,0.051021418380944525,0.012204459355657388,0.093862768300058907
Jaron Brown,WR,ARI,10.251985164950886,4500.0,0.44561063871670337,0.1761955801305177,0.12170375231908322,0.072756583219046891,0.078211765663003835,0.057475855848902864,0.048045824102741976
Jared Abbrederis,WR,GB,10.243789234116621,4500.0,0.4452264616405448,0.17465906214898916,0.12122127380126556,0.080281447295985617,0.066276645954630717,0.06964859877698136,0.042686510381602705
Dorial Green-Beckham,WR,PHI,10.206023758216304,4900.0,0.41852457527422454,0.2054614401000521,0.15258161123658887,0.072894353704082038,0.05200622937609007,0.024389684369887674,0.074142105939074762
Will Fuller V,WR,HOU,10.196581082181314,5400.0,0.44340374474948752,0.17350860979296159,0.1312499080659848,0.074276936694640763,0.077070548696585209,0.053994568240761674,0.046495683759578479
Justin Hardy,WR,ATL,10.174220252410993,4600.0,0.45705842339548181,0.15999484111783877,0.12705627255930482,0.075894307810353931,0.09780235894035115,0.021610246730046374,0.060583549446623433
Isaac Fruechte,WR,MIN,10.071545604852254,4500.0,0.43072191251457592,0.19728352861207218,0.12497539274250798,0.077541282289593477,0.067015935310995978,0.066410297790704551,0.036051650739550085
Cordarrelle Patterson,WR,MIN,9.9530505310274631,4900.0,0.4244682929008215,0.19770514649083323,0.16361272500880616,0.047889581397514092,0.087805949897619251,0.026388008043072574,0.052130296261333094
Keyarris Garrett,WR,CAR,9.8242451411229297,4500.0,0.45474861728543947,0.18581217497853342,0.12126545781809869,0.071983413300139534,0.066220503887402193,0.062753487058456528,0.037216345671930023
Damiere Byrd,WR,CAR,9.8242451411229297,4500.0,0.45474861728543947,0.18581217497853342,0.12126545781809869,0.071983413300139534,0.066220503887402193,0.062753487058456528,0.037216345671930023
Jordan Taylor,WR,DEN,9.8226978962520501,4500.0,0.45614028999242151,0.18037946320743312,0.14594076722028165,0.034459428159217508,0.1125064031961831,0.013236019412654171,0.057337628811808899
Sterling Shepard,WR,NYG,9.8014418088190887,5500.0,0.43479255842088199,0.24996615590838031,0.10330019465670615,0.052019326786199138,0.065145645197319732,0.019309012202789442,0.075467106827723285
Quincy Enunwa,WR,NYJ,9.7605267450069562,4800.0,0.42218070869076707,0.19284048541056686,0.1970188263875437,0.047626138447440097,0.062310227518209395,0.022697068429996619,0.055326545115476307
Jake Lampman,WR,NO,9.6761938263858855,4500.0,0.50544713757323079,0.10841718772995108,0.13462431568890093,0.065936254241454703,0.11234632170044483,0.043738795523889352,0.02948998754212831
Rashawn Scott,WR,MIA,9.647786709456609,4500.0,0.46032835114871123,0.19229294521487808,0.11748515217797198,0.068688579877988973,0.066469617478519233,0.056953279260060996,0.037782074841869372
Tyler Murphy,WR,MIA,9.647786709456609,4500.0,0.46032835114871123,0.19229294521487808,0.11748515217797198,0.068688579877988973,0.066469617478519233,0.056953279260060996,0.037782074841869372
Freddie Martino,WR,TB,9.524308596348833,4500.0,0.43806624590908322,0.20594841150733159,0.12722004558376673,0.075238876740132063,0.098821495782289312,0.021407603905154469,0.033297320572242446
Marvin Jones Jr.,WR,DET,9.5020595123853919,5900.0,0.45965742349318317,0.18540993063349509,0.13488740534030588,0.070035630694273446,0.064701445162441598,0.052125721310379694,0.033182443365920987
Aldrick Robinson,WR,ATL,9.4129113986609312,4500.0,0.49804176724000293,0.15824951291291048,0.11094816169097046,0.064822275060490001,0.10343446542763388,0.016695372197746982,0.04780844547024525
Andre Roberts,WR,DET,9.3410189685934188,4500.0,0.52152551872311892,0.19681006438305687,0.050444928021240454,0.069793453355369545,0.021397682928016377,0.089767673543209678,0.050260679045988188
Kenny Britt,WR,LARM,9.0919819107347379,6900.0,0.30395726744349444,0.35966236389326922,0.19723951124767208,0.06181562848929803,0.044777562123303659,0.0079079816146866988,0.024639685188275723
Kendall Wright,WR,TEN,9.0649321965811342,4800.0,0.55571488552647663,0.13034542369112881,0.089508865738062979,0.061397146570152376,0.064035203632705498,0.053466037707923554,0.045532437133550069
Torrey Smith,WR,SF,9.0461558044766015,4700.0,0.48284978654427368,0.13847342784803651,0.20356812478027234,0.046825954662587627,0.079431228389776481,0.0080772663986509053,0.040774211376402414
Griff Whalen,WR,SD,9.0011465350237572,4500.0,0.43647660203200361,0.16485268848040943,0.23759992483297218,0.050421988664378116,0.07406650485026342,0.016760072630411526,0.019822218509561854
Cole Beasley,WR,DAL,8.9999713332425397,6300.0,0.4988247479836192,0.18481382068677707,0.12277671525858855,0.035729572397208031,0.099892864987074351,0.0092586487727537286,0.048703629913979016
Rashad Greene Sr.,WR,JAC,8.9402120473970275,4500.0,0.50081106047536661,0.18976996834757379,0.10598156313061161,0.061554119297193378,0.057343464814661765,0.051490505236315265,0.033049318698277694
Tony Washington,WR,JAC,8.9402120473970275,4500.0,0.50081106047536661,0.18976996834757379,0.10598156313061161,0.061554119297193378,0.057343464814661765,0.051490505236315265,0.033049318698277694
Mekale McKay,WR,JAC,8.9402120473970275,4500.0,0.50081106047536661,0.18976996834757379,0.10598156313061161,0.061554119297193378,0.057343464814661765,0.051490505236315265,0.033049318698277694
Tyler Lockett,WR,SEA,8.9117100000796601,5100.0,0.43423834373768722,0.24697253370970762,0.12504614025048127,0.06855075937635545,0.084977399648652946,0.014454028146444918,0.025760795130670665
DeVante Parker,WR,MIA,8.8796465497084043,6700.0,0.43132930932889091,0.24879983858896401,0.13690700695619926,0.06889191818652321,0.073260792095174596,0.0077838946583752644,0.033027240185872879
Rashad Ross,WR,WAS,8.8741163831700174,4500.0,0.4654244573764092,0.15355711598851957,0.21218723287684693,0.053322386156926124,0.074935706807005439,0.01769563064660843,0.022877470147684272
Jermaine Kearse,WR,SEA,8.7833240686445677,4500.0,0.44536614617783316,0.25193282531431566,0.12053587245854215,0.067517184179780185,0.062633343813501233,0.018346511106674929,0.033668116949352844
Bryan Walters,WR,JAC,8.7246545928863899,4500.0,0.5846333991096645,0.17052208887291734,0.049127621339964081,0.040775635524443014,0.04531208531276578,0.026674176507702287,0.082954993332542887
Eric Weems,WR,ATL,8.5616270379506467,4500.0,0.56660786869010416,0.13499123674903601,0.097221364053453094,0.054001521891537327,0.086410322124205782,0.013162915755374949,0.047604770736288778
Allen Robinson,WR,JAC,8.4709655998670748,6600.0,0.44916346000174057,0.27383640650140539,0.11148885931102545,0.059851920017565625,0.063625714512224762,0.0065988540105900769,0.035434785645448039
Marquess Wilson,WR,CHI,8.3920087558430438,5400.0,0.54376911474608214,0.2171049919540651,0.073996264951990215,0.059530295024202221,0.013031044362476435,0.012736474306428748,0.079831814654754973
Jarius Wright,WR,MIN,8.3646632473872948,4500.0,0.53489983508756245,0.15447326855475155,0.1637895270629916,0.024909068555408809,0.06692429982072011,0.0060467227487062385,0.048957278169859376
Charone Peake,WR,NYJ,8.32506049285651,4500.0,0.52583185770080032,0.1546205852403626,0.14715688281545283,0.051528598509013437,0.075029946128038275,0.024357783186880495,0.021474346419451947
Cody Core,WR,CIN,8.3096527834876817,4500.0,0.4854844671620222,0.27427391441261795,0.088932226494790087,0.052301030671569958,0.031573141176664196,0.0078215986408074357,0.059613621441528347
Randall Cobb,WR,GB,8.2650077264727724,6000.0,0.56006493007948766,0.15218352577266209,0.095580535745977913,0.062148828409875304,0.081478242210016094,0.012158734415086801,0.036385203366894193
Larry Fitzgerald,WR,ARI,8.2040996507264978,6800.0,0.34844123120888365,0.35272058599176692,0.19942825617507171,0.033544822105767952,0.055358432780467232,0.00074582128870706425,0.009760850449335572
Nelson Agholor,WR,PHI,8.1942867985739696,4800.0,0.53472357833760253,0.16470953629015136,0.12305937405893302,0.073508967471923897,0.050334187144499644,0.028435262811184185,0.025229093885705413
Jarvis Landry,WR,MIA,8.1676909952775905,6100.0,0.50690280766072848,0.22827994448562819,0.10242815185281576,0.059585665078319375,0.055789808768189134,0.0047352156310196368,0.042278406523299339
Paul Richardson,WR,SEA,8.1525668894071899,4500.0,0.58869629298133186,0.1221050595272038,0.096776733230473519,0.061764798836726711,0.076263980418406235,0.019367229219063926,0.035025905786794223
Brenton Bersin,WR,CAR,8.059397739877701,4500.0,0.52976060436695804,0.1730985671493476,0.13892013491292429,0.0452298127373763,0.068018491899607014,0.026095481919885383,0.01887690701390151
Kelvin Benjamin,WR,CAR,8.0306259410998244,6800.0,0.47113432051374809,0.24197479649857359,0.14814149552118216,0.059357076950344007,0.043816988884599679,0.011140917543662567,0.024434404087889758
Cody Latimer,WR,DEN,8.0300219105105768,4500.0,0.47707852123276279,0.20875542124097263,0.18804781252150163,0.036548596454696665,0.063928854279214395,0.0072486889488978575,0.018392105321954191
Brian Quick,WR,LARM,7.8875968434858548,4500.0,0.48926754476589407,0.25946242487881466,0.12769634061138257,0.041729240251202115,0.031005426874471231,0.01133254178295311,0.039506480835282236
Willie Snead,WR,NO,7.8617632920635785,6100.0,0.54699580691215821,0.18412121139057538,0.11471276293843329,0.052717037083510915,0.058395352554066179,0.0085349930731252258,0.034522836048130778
Tyler Boyd,WR,CIN,7.8329628816661439,5700.0,0.43374110842942443,0.29454560248498923,0.16837585592534135,0.046682675293986113,0.027709544022742196,0.0024898866388185924,0.026455327204697964
Terrelle Pryor Sr.,WR,CLE,7.8039920018287665,6700.0,0.56887632981080549,0.16718639744550728,0.10286501371328012,0.04947933617501795,0.053571176161236453,0.034654727458870931,0.023367019235281776
Victor Cruz,WR,NYG,7.7964207439709385,4600.0,0.66134333065772177,0.14544015541713928,0.024821964774018719,0.035719813414315627,0.014056993748441719,0.04680178288804189,0.071815959100321181
Harry Douglas,WR,TEN,7.7724628514858356,4500.0,0.63684369102425131,0.11632671091831658,0.075098925748819531,0.057100857394816573,0.034367406575505868,0.028339896536098225,0.051922511802191915
Tavon Austin,WR,LARM,7.7601887766619644,4900.0,0.60359539935031259,0.14145026509642183,0.10897195196366424,0.037986591208940872,0.037430772194470198,0.019807938204198829,0.050757081981991539
Brandon Marshall,WR,NYJ,7.7534563336973701,7200.0,0.51042740502184791,0.20867374972643551,0.17272851625710575,0.024826050934622548,0.044313331187338482,0.0059147651510786103,0.033116181721571096
Travis Benjamin,WR,SD,7.6682003114976887,5100.0,0.6207080820278299,0.17237706944005604,0.051433194998354491,0.04267761884332584,0.026612303165995305,0.024221147493357142,0.061970584031081251
Trevor Davis,WR,GB,7.2662950829790036,4500.0,0.67976875338613962,0.081893857607661019,0.064734987993536608,0.054262135622239381,0.071683172330422693,0.011596678718231817,0.036060414341768973
Jeremy Kerley,WR,SF,7.2587418707282012,5100.0,0.562144058077376,0.16072217850754028,0.1578383001162989,0.055957110160380401,0.040176962756114945,0.0025190823899867939,0.020642307992302669
Corey Coleman,WR,CLE,7.1922482457693091,5600.0,0.59843636762241614,0.15005241018220664,0.11511252511059245,0.055679191460231772,0.045444728733761396,0.013286900236943591,0.02198787665384792
Sammy Watkins,WR,BUF,7.1071481379221302,6000.0,0.5703664215739529,0.24884642646551483,0.073604766488122017,0.036445408536077743,0.015192476176788785,0.0038478114065039412,0.051696689353039844
DeSean Jackson,WR,WAS,7.0756173788551298,5800.0,0.56141518410469582,0.27859298714339054,0.047591295767300569,0.042977664004343247,0.012304992805112316,0.0053808408526465276,0.051737035322511171
Donte Moncrief,WR,IND,7.0194400561582624,6400.0,0.57607576857679876,0.25692082986941489,0.045868097124427396,0.051336053946222496,0.013125843389672083,0.013105129594327714,0.0435682774991367
Devin Funchess,WR,CAR,6.908581233054492,4600.0,0.56663444195731594,0.22163886951310732,0.099088857111515702,0.049075430549147425,0.034032152999420681,0.0089345679480459239,0.020595679921446931
Jamison Crowder,WR,WAS,6.8806494376893159,6400.0,0.52573749505681222,0.25929931812513507,0.1352135145128166,0.028831737861887325,0.02739823713753739,0.0017084361576599166,0.021811261148151358
Russell Shepard,WR,TB,6.8624793270637268,4500.0,0.64564570657951958,0.16375133481611368,0.063580083318371214,0.048216608522120154,0.021778193745926388,0.013907140804562887,0.043120932213385969
Tommylee Lewis,WR,NO,6.8549250576263443,4500.0,0.68078352776235351,0.14408092245702053,0.057013419063406789,0.029559597104639478,0.017421693814054586,0.0052691828794096543,0.06587165691911534
Charles Johnson,WR,MIN,6.8478952094335979,4500.0,0.63775532430131954,0.15486203559215705,0.091838660277516332,0.030135032940768462,0.040598691480549072,0.0086845594366347072,0.036125695971054583
Brandon LaFell,WR,CIN,6.7805826820639794,5800.0,0.51467179954301079,0.26635823548311888,0.14397956093449335,0.036331284047023828,0.022605962637893211,0.0013093642906294061,0.014743793063830626
Marquise Goodwin,WR,BUF,6.5799822678881927,5400.0,0.63549695233079262,0.19886895856345463,0.037681457749194916,0.065903378610344426,0.015140059418620982,0.014277033746048939,0.032632159581543412
Roger Lewis,WR,NYG,6.4673514353496557,4500.0,0.68952236876190076,0.15452148762550882,0.047647820716213436,0.026459306883048768,0.021429811198885637,0.0094458924843801011,0.050973312330062498
Michael Floyd,WR,ARI,6.4394823580783234,4700.0,0.57759857431032502,0.23011686866869668,0.10928622144313653,0.028472652275975889,0.039517880118464743,0.0012220252887998409,0.013785777894601415
Percy Harvin,WR,BUF,6.4283004904311367,4900.0,0.65958327910247516,0.15512879190038456,0.060316008247024558,0.057520869966221258,0.029922644107471266,0.017525693355670325,0.020002713320752825
Dwayne Harris,WR,NYG,6.4036965236005816,4500.0,0.71293709815469952,0.13418614745814922,0.045558871204623749,0.023246804886680579,0.020923227845737052,0.0056392927439901592,0.057508557706119852
Phillip Dorsett,WR,IND,6.2542011553178423,4600.0,0.67240387805697654,0.17608995823735224,0.044298726291477526,0.040072127682888217,0.016245837228524459,0.01988565532505146,0.031003817177729438
Allen Hurns,WR,JAC,6.2170175253281457,4800.0,0.71197875841100056,0.11484893275636242,0.062315105713427715,0.032525497192070554,0.034115114238439756,0.011680289082735378,0.032536302605963636
Isaiah Burse,WR,SD,6.2143951642149,4500.0,0.67396217493645383,0.15150545582767425,0.0816318944871742,0.023171791647441726,0.034372566343033477,0.005807074134631704,0.02954904262359077
Rod Streater,WR,SF,6.1030180475428395,4500.0,0.6749270987399657,0.12475380906163414,0.11577783424888555,0.0360805898353194,0.022392543631700863,0.0019737474798749107,0.024094377002619471
James Wright,WR,CIN,6.0758438634093954,4500.0,0.66833134723266052,0.19402289657892516,0.044337495918229261,0.037291568953081909,0.015316582536364014,0.003480573208673943,0.037219535572065227
Kenny Stills,WR,MIA,6.014817549993996,5300.0,0.68450464766484709,0.15751818454741698,0.063969822344328686,0.035455393063112885,0.026067545220497826,0.0028528838981892262,0.029631523261607496
Bryce Treggs,WR,PHI,5.9637776912520533,4500.0,0.72852946417720943,0.11777803237375885,0.060023094883059749,0.029197989652494882,0.017155052249089829,0.0058928301078870274,0.041423536556500461
Brandon Coleman,WR,NO,5.93939344003023,4500.0,0.72977602934115537,0.10810779764652546,0.061948570240579828,0.029503988603651526,0.033035489847389778,0.0062419889377934058,0.031386135382904627
Tanner McEvoy,WR,SEA,5.9240031769934856,4500.0,0.73460893851682918,0.1376009829508914,0.025640776876135311,0.033980620581542421,0.015508006180941383,0.0069001163877663472,0.045760558505893924
A.J. Green,WR,CIN,5.9172431673603709,7500.0,0.67346847224884432,0.091645033878882037,0.16203662552252898,0.032535301230996669,0.036120734501145051,0.0010789367759034072,0.0031148958416995147
Deonte Thompson,WR,CHI,5.8964308664168783,4500.0,0.67973573781296548,0.16236547923281583,0.08355368071638207,0.027277941916710732,0.014087465107019932,0.0018255816347360959,0.031154113579369768
DeAndre Hopkins,WR,HOU,5.6891730210888154,7100.0,0.60058354047207385,0.25642256299621441,0.10275155572461354,0.017387827427104759,0.0097898874678418023,0.00022278053956361176,0.012841845372588022
Brice Butler,WR,DAL,5.661286432998458,4500.0,0.76737315116735605,0.088578867056294711,0.048544395697245064,0.013633869737721283,0.048144601083826261,0.0040690897157861046,0.029656025541770367
Cameron Meredith,WR,CHI,5.6531462509363664,5400.0,0.63731075509664437,0.21739620842396937,0.088083480396609085,0.026044981026125902,0.016612036468334722,0.0014056725371259801,0.013146866051190632
Chris Harper,WR,SF,5.5663109247097928,4500.0,0.67817633814833578,0.16194518177097608,0.10638018139808125,0.020950350185700902,0.013924705664826535,0.00069620750007036263,0.017927035332009122
Laquon Treadwell,WR,MIN,5.5661752722782518,4500.0,0.77794644901552146,0.098911830649398472,0.031073258630882141,0.026895608537973792,0.014196923567636683,0.011094237153865408,0.039881692444721922
Jeff Janis,WR,GB,5.3286355168111887,4500.0,0.78703251819006459,0.081660639313028152,0.041721956296344759,0.030798580803105203,0.027411004647508463,0.0035711096116650518,0.027804191138283918
Ted Ginn Jr.,WR,CAR,5.2955753152384109,4700.0,0.73831679944331519,0.13879293992640612,0.058145155972339026,0.021152939714176856,0.016034850382501905,0.0017926360960910919,0.025764678465169881
Rashard Higgins,WR,CLE,5.246087839402529,4500.0,0.75736334676389383,0.10508707152311521,0.061943096088717349,0.032550901523659484,0.020436362827404058,0.0041191933176700449,0.018500027955540142
Marc Mariani,WR,TEN,5.1629118949497812,4500.0,0.80572881632748916,0.072653225496936993,0.039252493345081102,0.02537682459503985,0.0221383987476961,0.0065243144289772251,0.028325927058779538
Terrance Williams,WR,DAL,5.1090533566258909,4600.0,0.7988544494808405,0.086242189916374251,0.039740642093011425,0.013052330282040088,0.03335043414016662,0.0022741545021271407,0.026485799585439816
Brandon Tate,WR,BUF,5.0151262257445319,4500.0,0.73949462747748174,0.16618209290927383,0.03419807753912138,0.025802709654043545,0.011264889965693541,0.0025967384113501687,0.020460864043036011
Chester Rogers,WR,IND,5.0115526992665309,4500.0,0.77484357105755541,0.12641332090520524,0.030829349092678905,0.026799148040122654,0.01057740777456004,0.0046402498667143096,0.025896953263163575
Aaron Burbridge,WR,SF,4.9928245882719846,4500.0,0.77021719935226773,0.095852851220699323,0.077789790840390352,0.021711393175571459,0.016112978950180001,0.001004148380207244,0.017311638080684023
Geronimo Allison,WR,GB,4.9735068285139752,4500.0,0.8148440744048111,0.069379006787251452,0.035438154079768885,0.027106554138165866,0.027755265099587836,0.0023298784963606532,0.023147066994054381
Cobi Hamilton,WR,PIT,4.9573525111646051,4500.0,0.81093715033599745,0.078169603778713764,0.039499846375860216,0.023477360626984068,0.018005065826995154,0.0017149762312454369,0.02819599682420413
Eddie Royal,WR,CHI,4.956870852171777,5000.0,0.79702583018062045,0.077673568610230392,0.064892992279271228,0.016924676904204062,0.019135397184723908,0.0011066524347323765,0.023240882406217356
Andrew Hawkins,WR,CLE,4.9432804703924225,4500.0,0.77952074713218023,0.099750897568446795,0.054020423745832692,0.02666620616527569,0.021144102118051514,0.004363486137364112,0.014534137132849021
Arrelious Benn,WR,JAC,4.8611499262064495,4500.0,0.78943382937503059,0.11861690991404154,0.032491685049626649,0.01626226916894645,0.014827192131643114,0.002572409433361034,0.025795704927350494
Braxton Miller,WR,HOU,4.836368453559067,4600.0,0.75928382797823124,0.14336339074364629,0.052296116272742069,0.014639648200498023,0.0086185742049067864,0.00051003393218610501,0.021288408667789433
Justin Hunter,WR,BUF,4.7435901581880122,5300.0,0.77862366593423371,0.13722095868869344,0.020859377306934674,0.033632674220864744,0.0071102629612859415,0.0041037679630789685,0.018449292924908746
Lucky Whitehead,WR,DAL,4.7209657545762145,4500.0,0.83397605965332955,0.069487788878023982,0.033039430666492141,0.010108776338937798,0.026683548536106289,0.0013417306554805897,0.025362665271629687
Ricardo Louis,WR,CLE,4.7143711458075499,4500.0,0.80151073518379967,0.089585803381221546,0.048684947518861203,0.024548134858055511,0.018189155313450223,0.0027402996169185903,0.014740924127693161
Sammie Coates,WR,PIT,4.6521872248148206,4600.0,0.85199083994496883,0.055484707737996783,0.030831552406766948,0.01562448821713428,0.012649728190540412,0.00093612517932092497,0.032482558323271439
Pharoh Cooper,WR,LARM,4.5916101460476302,4500.0,0.78833211168338646,0.12298429499260392,0.046983364774024858,0.01273216646587339,0.0090137818834949198,0.0017222957111572199,0.018231984489459448
Bradley Marquez,WR,LARM,4.5783133060188677,4500.0,0.79857082175786764,0.1129643360667755,0.046187820147134954,0.012226642595365197,0.0078003323867826997,0.0014559188599861184,0.020794128186087862
Mike Thomas,WR,LARM,4.5295412362561125,4500.0,0.80427040282918361,0.10979513356145577,0.044313036311998906,0.011695029832451137,0.0080489501618503378,0.0013315043659180631,0.020545942937142118
Alex Erickson,WR,CIN,4.4235595786946016,4500.0,0.79337354420813355,0.11804490873337434,0.052270018753306967,0.014904522028811307,0.0084327065991956236,0.00043358059062840364,0.012540719086549787
Keith Mumphery,WR,HOU,4.4102538762660162,4500.0,0.80698706062513481,0.11622569816304783,0.039699957197726239,0.01091866573129352,0.0063871551667076627,0.0003059769470617043,0.019475486169028205
Corey Brown,WR,CAR,4.2892696671309309,4500.0,0.82819543744308588,0.093925771838346689,0.037176658790671779,0.014219546591561487,0.0092590893433240114,0.001381918064033643,0.015841577928976509
Leonte Carroo,WR,MIA,4.2296627150285824,4500.0,0.85308429831996868,0.076819106276921095,0.026423853429201921,0.01228040979326213,0.009425195596442228,0.00070844646165942645,0.021258690122544471
Jakeem Grant,WR,MIA,4.0512797076972928,4500.0,0.8691054235497544,0.068490867265339511,0.023019952008224556,0.010628695641509915,0.0088785396987817629,0.00058164493234682537,0.019294876904042923
J.J. Nelson,WR,ARI,4.0481566137480778,4900.0,0.79505749720682006,0.14797347930207205,0.035904840342330054,0.0081421627529126295,0.0073239227226894093,0.00017443417483642364,0.0054236634983393685
Ryan Grant,WR,WAS,3.9814137653933162,4600.0,0.85388417657686766,0.083417967679407151,0.031660221721646398,0.009006292989985237,0.0080610164562577719,0.00035047505463800879,0.013619849521197895
